#[ Fluid velocity 2D plot data file: flw.dat ]
 1.95313e-04  1.13850e-02
 1.95313e-04  1.13850e-02
 4.91033e-05  1.13458e-02
 1.56136e-04  1.12388e-02
 1.95313e-04  1.13850e-02

 5.85937e-04  1.13850e-02
 2.31353e-04  1.13850e-02
 3.62440e-04  1.13093e-02
 3.62440e-04  1.14607e-02
 2.31353e-04  1.13850e-02

 9.76562e-04  1.13850e-02
 5.10269e-04  1.13850e-02
 6.41357e-04  1.13093e-02
 6.41357e-04  1.14607e-02
 5.10269e-04  1.13850e-02

 1.36719e-03  1.13850e-02
 6.92606e-04  1.13850e-02
 8.23693e-04  1.13093e-02
 8.23693e-04  1.14607e-02
 6.92606e-04  1.13850e-02

 1.75781e-03  1.13850e-02
 9.37025e-04  1.13850e-02
 1.06811e-03  1.13093e-02
 1.06811e-03  1.14607e-02
 9.37025e-04  1.13850e-02

 2.14844e-03  1.13850e-02
 1.17908e-03  1.13850e-02
 1.31017e-03  1.13093e-02
 1.31017e-03  1.14607e-02
 1.17908e-03  1.13850e-02

 2.53906e-03  1.13850e-02
 1.45089e-03  1.13850e-02
 1.58197e-03  1.13093e-02
 1.58197e-03  1.14607e-02
 1.45089e-03  1.13850e-02

 2.92969e-03  1.13850e-02
 1.74115e-03  1.13850e-02
 1.87224e-03  1.13093e-02
 1.87224e-03  1.14607e-02
 1.74115e-03  1.13850e-02

 3.32031e-03  1.13850e-02
 2.05632e-03  1.13850e-02
 2.18741e-03  1.13093e-02
 2.18741e-03  1.14607e-02
 2.05632e-03  1.13850e-02

 1.97049e-04  1.19550e-02
 1.97049e-04  1.25654e-02
 1.21365e-04  1.24343e-02
 2.72732e-04  1.24343e-02
 1.97049e-04  1.25654e-02

 5.91146e-04  1.19550e-02
 4.76250e-05  1.25189e-02
 8.41016e-05  1.23720e-02
 1.93088e-04  1.24771e-02
 4.76250e-05  1.25189e-02

 9.85243e-04  1.19550e-02
 2.49206e-04  1.24966e-02
 3.09932e-04  1.23580e-02
 3.99645e-04  1.24799e-02
 2.49206e-04  1.24966e-02

 1.37934e-03  1.19550e-02
 3.15912e-04  1.24564e-02
 4.02204e-04  1.23320e-02
 4.66757e-04  1.24690e-02
 3.15912e-04  1.24564e-02

 1.77344e-03  1.19550e-02
 4.77282e-04  1.24107e-02
 5.75847e-04  1.22958e-02
 6.26052e-04  1.24386e-02
 4.77282e-04  1.24107e-02

 2.16753e-03  1.19550e-02
 6.40242e-04  1.23546e-02
 7.47902e-04  1.22482e-02
 7.86219e-04  1.23947e-02
 6.40242e-04  1.23546e-02

 2.56163e-03  1.19550e-02
 8.51942e-04  1.22931e-02
 9.65857e-04  1.21934e-02
 9.95222e-04  1.23419e-02
 8.51942e-04  1.22931e-02

 2.95573e-03  1.19550e-02
 1.09505e-03  1.22275e-02
 1.21379e-03  1.21336e-02
 1.23572e-03  1.22834e-02
 1.09505e-03  1.22275e-02

 3.34983e-03  1.19550e-02
 1.37865e-03  1.21611e-02
 1.50116e-03  1.20722e-02
 1.51690e-03  1.22228e-02
 1.37865e-03  1.21611e-02

 1.98785e-04  1.25250e-02
 1.98785e-04  1.35249e-02
 1.23101e-04  1.33938e-02
 2.74468e-04  1.33938e-02
 1.98785e-04  1.35249e-02

 5.96354e-04  1.25250e-02
-1.46688e-05  1.34949e-02
-8.82972e-06  1.33436e-02
 1.19241e-04  1.34243e-02
-1.46688e-05  1.34949e-02

 9.93924e-04  1.25250e-02
 1.51264e-04  1.34415e-02
 1.84272e-04  1.32938e-02
 2.95701e-04  1.33963e-02
 1.51264e-04  1.34415e-02

 1.39149e-03  1.25250e-02
 1.72232e-04  1.33701e-02
 2.36858e-04  1.32332e-02
 3.23085e-04  1.33576e-02
 1.72232e-04  1.33701e-02

 1.78906e-03  1.25250e-02
 3.01125e-04  1.32792e-02
 3.83835e-04  1.31524e-02
 4.52268e-04  1.32874e-02
 3.01125e-04  1.32792e-02

 2.18663e-03  1.25250e-02
 4.35770e-04  1.31744e-02
 5.32357e-04  1.30579e-02
 5.84996e-04  1.31998e-02
 4.35770e-04  1.31744e-02

 2.58420e-03  1.25250e-02
 6.27632e-04  1.30601e-02
 7.34113e-04  1.29525e-02
 7.74041e-04  1.30985e-02
 6.27632e-04  1.30601e-02

 2.98177e-03  1.25250e-02
 8.56730e-04  1.29415e-02
 9.70813e-04  1.28420e-02
 9.99927e-04  1.29906e-02
 8.56730e-04  1.29415e-02

 3.37934e-03  1.25250e-02
 1.13237e-03  1.28233e-02
 1.25236e-03  1.27311e-02
 1.27228e-03  1.28811e-02
 1.13237e-03  1.28233e-02

 2.00521e-04  1.30950e-02
 2.00521e-04  1.46610e-02
 1.24837e-04  1.45299e-02
 2.76204e-04  1.45299e-02
 2.00521e-04  1.46610e-02

 6.01563e-04  1.30950e-02
-2.03816e-05  1.46430e-02
-4.17394e-05  1.44932e-02
 9.87157e-05  1.45496e-02
-2.03816e-05  1.46430e-02

 1.00260e-03  1.30950e-02
 1.42916e-04  1.45533e-02
 1.44287e-04  1.44020e-02
 2.74684e-04  1.44789e-02
 1.42916e-04  1.45533e-02

 1.40365e-03  1.30950e-02
 1.57820e-04  1.44383e-02
 1.91468e-04  1.42907e-02
 3.02452e-04  1.43937e-02
 1.57820e-04  1.44383e-02

 1.80469e-03  1.30950e-02
 2.84055e-04  1.42872e-02
 3.40518e-04  1.41468e-02
 4.33913e-04  1.42659e-02
 2.84055e-04  1.42872e-02

 2.20573e-03  1.30950e-02
 4.16723e-04  1.41166e-02
 4.93029e-04  1.39858e-02
 5.68088e-04  1.41173e-02
 4.16723e-04  1.41166e-02

 2.60677e-03  1.30950e-02
 6.08803e-04  1.39315e-02
 7.00490e-04  1.38111e-02
 7.58949e-04  1.39507e-02
 6.08803e-04  1.39315e-02

 3.00781e-03  1.30950e-02
 8.38951e-04  1.37419e-02
 9.42936e-04  1.36320e-02
 9.86203e-04  1.37770e-02
 8.38951e-04  1.37419e-02

 3.40885e-03  1.30950e-02
 1.11686e-03  1.35539e-02
 1.23053e-03  1.34540e-02
 1.26025e-03  1.36024e-02
 1.11686e-03  1.35539e-02

 2.02257e-04  1.36650e-02
 2.02257e-04  1.56975e-02
 1.26573e-04  1.55664e-02
 2.77940e-04  1.55664e-02
 2.02257e-04  1.56975e-02

 6.06771e-04  1.36650e-02
 2.86172e-05  1.56948e-02
-8.26199e-06  1.55480e-02
 1.37315e-04  1.55895e-02
 2.86172e-05  1.56948e-02

 1.01128e-03  1.36650e-02
 2.12900e-04  1.55743e-02
 1.93648e-04  1.54241e-02
 3.33297e-04  1.54825e-02
 2.12900e-04  1.55743e-02

 1.41580e-03  1.36650e-02
 2.55798e-04  1.54211e-02
 2.64900e-04  1.52700e-02
 3.91199e-04  1.53534e-02
 2.55798e-04  1.54211e-02

 1.82031e-03  1.36650e-02
 4.03442e-04  1.52161e-02
 4.35972e-04  1.50683e-02
 5.47732e-04  1.51704e-02
 4.03442e-04  1.52161e-02

 2.22483e-03  1.36650e-02
 5.55854e-04  1.49867e-02
 6.11632e-04  1.48460e-02
 7.05606e-04  1.49647e-02
 5.55854e-04  1.49867e-02

 2.62934e-03  1.36650e-02
 7.64045e-04  1.47394e-02
 8.39862e-04  1.46084e-02
 9.15412e-04  1.47396e-02
 7.64045e-04  1.47394e-02

 3.03385e-03  1.36650e-02
 1.00735e-03  1.44879e-02
 1.10033e-03  1.43685e-02
 1.15728e-03  1.45087e-02
 1.00735e-03  1.44879e-02

 3.43837e-03  1.36650e-02
 1.29539e-03  1.42398e-02
 1.40240e-03  1.41327e-02
 1.44161e-03  1.42789e-02
 1.29539e-03  1.42398e-02

 2.03993e-04  1.42350e-02
 2.03993e-04  1.67163e-02
 1.28310e-04  1.65852e-02
 2.79677e-04  1.65852e-02
 2.03993e-04  1.67163e-02

 6.11979e-04  1.42350e-02
 1.12945e-04  1.67244e-02
 6.45038e-05  1.65810e-02
 2.12918e-04  1.66107e-02
 1.12945e-04  1.67244e-02

 1.01997e-03  1.42350e-02
 3.32101e-04  1.65775e-02
 2.96418e-04  1.64304e-02
 4.41652e-04  1.64730e-02
 3.32101e-04  1.65775e-02

 1.42795e-03  1.42350e-02
 4.25070e-04  1.63894e-02
 4.11777e-04  1.62386e-02
 5.49005e-04  1.63025e-02
 4.25070e-04  1.63894e-02

 1.83594e-03  1.42350e-02
 6.08654e-04  1.61351e-02
 6.16203e-04  1.59839e-02
 7.43353e-04  1.60661e-02
 6.08654e-04  1.61351e-02

 2.24392e-03  1.42350e-02
 7.94358e-04  1.58511e-02
 8.25544e-04  1.57030e-02
 9.38226e-04  1.58041e-02
 7.94358e-04  1.58511e-02

 2.65191e-03  1.42350e-02
 1.02797e-03  1.55454e-02
 1.08246e-03  1.54042e-02
 1.17751e-03  1.55220e-02
 1.02797e-03  1.55454e-02

 3.05990e-03  1.42350e-02
 1.29155e-03  1.52352e-02
 1.36839e-03  1.51048e-02
 1.44291e-03  1.52366e-02
 1.29155e-03  1.52352e-02

 3.46788e-03  1.42350e-02
 1.59411e-03  1.49294e-02
 1.69073e-03  1.48129e-02
 1.74333e-03  1.49548e-02
 1.59411e-03  1.49294e-02

 2.05729e-04  1.48050e-02
 2.05729e-04  1.76380e-02
 1.30046e-04  1.75069e-02
 2.81413e-04  1.75069e-02
 2.05729e-04  1.76380e-02

 6.17187e-04  1.48050e-02
 2.23913e-04  1.76536e-02
 1.66869e-04  1.75134e-02
 3.16814e-04  1.75341e-02
 2.23913e-04  1.76536e-02

 1.02865e-03  1.48050e-02
 4.87456e-04  1.74884e-02
 4.39182e-04  1.73450e-02
 5.87561e-04  1.73749e-02
 4.87456e-04  1.74884e-02

 1.44010e-03  1.48050e-02
 6.46941e-04  1.72739e-02
 6.14981e-04  1.71259e-02
 7.59093e-04  1.71722e-02
 6.46941e-04  1.72739e-02

 1.85156e-03  1.48050e-02
 8.77365e-04  1.69816e-02
 8.61838e-04  1.68310e-02
 9.99998e-04  1.68929e-02
 8.77365e-04  1.69816e-02

 2.26302e-03  1.48050e-02
 1.10696e-03  1.66547e-02
 1.11225e-03  1.65034e-02
 1.24061e-03  1.65837e-02
 1.10696e-03  1.66547e-02

 2.67448e-03  1.48050e-02
 1.37386e-03  1.63023e-02
 1.40269e-03  1.61537e-02
 1.51696e-03  1.62530e-02
 1.37386e-03  1.63023e-02

 3.08594e-03  1.48050e-02
 1.66377e-03  1.59448e-02
 1.71873e-03  1.58038e-02
 1.81339e-03  1.59219e-02
 1.66377e-03  1.59448e-02

 3.49740e-03  1.48050e-02
 1.98494e-03  1.55919e-02
 2.06630e-03  1.54642e-02
 2.13616e-03  1.55985e-02
 1.98494e-03  1.55919e-02

 2.07465e-04  1.53750e-02
 2.07465e-04  1.84749e-02
 1.31782e-04  1.83438e-02
 2.83149e-04  1.83438e-02
 2.07465e-04  1.84749e-02

 6.22396e-04  1.53750e-02
 3.50798e-04  1.84944e-02
 2.86770e-04  1.83572e-02
 4.37567e-04  1.83703e-02
 3.50798e-04  1.84944e-02

 1.03733e-03  1.53750e-02
 6.63866e-04  1.83190e-02
 6.05281e-04  1.81794e-02
 7.55445e-04  1.81985e-02
 6.63866e-04  1.83190e-02

 1.45226e-03  1.53750e-02
 9.00169e-04  1.80864e-02
 8.52162e-04  1.79429e-02
 1.00049e-03  1.79731e-02
 9.00169e-04  1.80864e-02

 1.86719e-03  1.53750e-02
 1.18438e-03  1.77677e-02
 1.14757e-03  1.76208e-02
 1.29313e-03  1.76624e-02
 1.18438e-03  1.77677e-02

 2.28212e-03  1.53750e-02
 1.46511e-03  1.74094e-02
 1.44373e-03  1.72596e-02
 1.58420e-03  1.73160e-02
 1.46511e-03  1.74094e-02

 2.69705e-03  1.53750e-02
 1.77076e-03  1.70222e-02
 1.76904e-03  1.68708e-02
 1.90098e-03  1.69450e-02
 1.77076e-03  1.70222e-02

 3.11198e-03  1.53750e-02
 2.09169e-03  1.66280e-02
 2.11577e-03  1.64786e-02
 2.23315e-03  1.65742e-02
 2.09169e-03  1.66280e-02

 3.52691e-03  1.53750e-02
 2.43487e-03  1.62379e-02
 2.49081e-03  1.60972e-02
 2.58465e-03  1.62160e-02
 2.43487e-03  1.62379e-02

 2.09201e-04  1.59450e-02
 2.09201e-04  1.92057e-02
 1.33518e-04  1.90746e-02
 2.84885e-04  1.90746e-02
 2.09201e-04  1.92057e-02

 6.27604e-04  1.59450e-02
 4.86394e-04  1.92265e-02
 4.16416e-04  1.90923e-02
 5.67643e-04  1.90988e-02
 4.86394e-04  1.92265e-02

 1.04601e-03  1.59450e-02
 8.51652e-04  1.90486e-02
 7.84309e-04  1.89131e-02
 9.35380e-04  1.89225e-02
 8.51652e-04  1.90486e-02

 1.46441e-03  1.59450e-02
 1.17101e-03  1.88073e-02
 1.10909e-03  1.86692e-02
 1.25966e-03  1.86847e-02
 1.17101e-03  1.88073e-02

 1.88281e-03  1.59450e-02
 1.51374e-03  1.84748e-02
 1.45778e-03  1.83342e-02
 1.60756e-03  1.83560e-02
 1.51374e-03  1.84748e-02

 2.30122e-03  1.59450e-02
 1.85092e-03  1.80985e-02
 1.80367e-03  1.79547e-02
 1.95183e-03  1.79857e-02
 1.85092e-03  1.80985e-02

 2.71962e-03  1.59450e-02
 2.19998e-03  1.76898e-02
 2.16486e-03  1.75426e-02
 2.30993e-03  1.75858e-02
 2.19998e-03  1.76898e-02

 3.13802e-03  1.59450e-02
 2.55620e-03  1.72720e-02
 2.53952e-03  1.71216e-02
 2.67815e-03  1.71824e-02
 2.55620e-03  1.72720e-02

 3.55642e-03  1.59450e-02
 2.92478e-03  1.68569e-02
 2.93721e-03  1.67061e-02
 3.06164e-03  1.67922e-02
 2.92478e-03  1.68569e-02

 2.10937e-04  1.65150e-02
 2.10937e-04  1.98337e-02
 1.35254e-04  1.97026e-02
 2.86621e-04  1.97026e-02
 2.10938e-04  1.98337e-02

 6.32812e-04  1.65150e-02
 6.23960e-04  1.98535e-02
 5.48624e-04  1.97223e-02
 6.99991e-04  1.97227e-02
 6.23960e-04  1.98535e-02

 1.05469e-03  1.65150e-02
 1.04177e-03  1.96803e-02
 9.66621e-04  1.95489e-02
 1.11799e-03  1.95495e-02
 1.04177e-03  1.96803e-02

 1.47656e-03  1.65150e-02
 1.44669e-03  1.94387e-02
 1.37235e-03  1.93068e-02
 1.52371e-03  1.93083e-02
 1.44669e-03  1.94387e-02

 1.89844e-03  1.65150e-02
 1.85033e-03  1.91042e-02
 1.77710e-03  1.89717e-02
 1.92844e-03  1.89745e-02
 1.85033e-03  1.91042e-02

 2.32031e-03  1.65150e-02
 2.24725e-03  1.87225e-02
 2.17594e-03  1.85889e-02
 2.32723e-03  1.85939e-02
 2.24725e-03  1.87225e-02

 2.74219e-03  1.65150e-02
 2.64305e-03  1.83056e-02
 2.57473e-03  1.81705e-02
 2.72586e-03  1.81789e-02
 2.64305e-03  1.83056e-02

 3.16406e-03  1.65150e-02
 3.03790e-03  1.78772e-02
 2.97463e-03  1.77396e-02
 3.12535e-03  1.77536e-02
 3.03790e-03  1.78772e-02

 3.58594e-03  1.65150e-02
 3.43496e-03  1.74494e-02
 3.38116e-03  1.73079e-02
 3.53059e-03  1.73321e-02
 3.43496e-03  1.74494e-02

 2.12674e-04  1.70850e-02
 2.12674e-04  2.03586e-02
 1.36990e-04  2.02275e-02
 2.88357e-04  2.02275e-02
 2.12674e-04  2.03586e-02

 6.38021e-04  1.70850e-02
 7.58448e-04  2.03759e-02
 6.78022e-04  2.02476e-02
 8.29287e-04  2.02421e-02
 7.58448e-04  2.03759e-02

 1.06337e-03  1.70850e-02
 1.22756e-03  2.02125e-02
 1.14511e-03  2.00855e-02
 1.29627e-03  2.00776e-02
 1.22756e-03  2.02125e-02

 1.48872e-03  1.70850e-02
 1.71759e-03  1.99781e-02
 1.63180e-03  1.98534e-02
 1.78270e-03  1.98414e-02
 1.71759e-03  1.99781e-02

 1.91406e-03  1.70850e-02
 2.18271e-03  1.96522e-02
 2.09379e-03  1.95297e-02
 2.24434e-03  1.95139e-02
 2.18271e-03  1.96522e-02

 2.33941e-03  1.70850e-02
 2.64086e-03  1.92769e-02
 2.54802e-03  1.91574e-02
 2.69798e-03  1.91368e-02
 2.64086e-03  1.92769e-02

 2.76476e-03  1.70850e-02
 3.08553e-03  1.88648e-02
 2.98779e-03  1.87492e-02
 3.13676e-03  1.87223e-02
 3.08553e-03  1.88648e-02

 3.19010e-03  1.70850e-02
 3.52148e-03  1.84384e-02
 3.41680e-03  1.83290e-02
 3.56382e-03  1.82930e-02
 3.52148e-03  1.84384e-02

 3.61545e-03  1.70850e-02
 3.94952e-03  1.80108e-02
 3.83383e-03  1.79131e-02
 3.97621e-03  1.78618e-02
 3.94952e-03  1.80108e-02

 2.14410e-04  1.76550e-02
 2.14410e-04  2.07856e-02
 1.38726e-04  2.06546e-02
 2.90093e-04  2.06546e-02
 2.14410e-04  2.07856e-02

 6.43229e-04  1.76550e-02
 8.85280e-04  2.07988e-02
 7.99757e-04  2.06739e-02
 9.50677e-04  2.06623e-02
 8.85280e-04  2.07988e-02

 1.07205e-03  1.76550e-02
 1.40296e-03  2.06493e-02
 1.31333e-03  2.05273e-02
 1.46379e-03  2.05107e-02
 1.40296e-03  2.06493e-02

 1.50087e-03  1.76550e-02
 1.97479e-03  2.04283e-02
 1.87811e-03  2.03118e-02
 2.02731e-03  2.02863e-02
 1.97479e-03  2.04283e-02

 1.92969e-03  1.76550e-02
 2.49996e-03  2.01202e-02
 2.39668e-03  2.00096e-02
 2.54415e-03  1.99755e-02
 2.49996e-03  2.01202e-02

 2.35851e-03  1.76550e-02
 3.01878e-03  1.97621e-02
 2.90737e-03  1.96596e-02
 3.05181e-03  1.96144e-02
 3.01878e-03  1.97621e-02

 2.78733e-03  1.76550e-02
 3.51281e-03  1.93665e-02
 3.39197e-03  1.92754e-02
 3.53133e-03  1.92163e-02
 3.51281e-03  1.93665e-02

 3.21615e-03  1.76550e-02
 3.99092e-03  1.89547e-02
 3.85879e-03  1.88809e-02
 3.98881e-03  1.88034e-02
 3.99092e-03  1.89547e-02

 3.64497e-03  1.76550e-02
 4.45130e-03  1.85397e-02
 4.30706e-03  1.84938e-02
 4.41893e-03  1.83919e-02
 4.45130e-03  1.85397e-02

 2.16146e-04  1.82250e-02
 2.16146e-04  2.11258e-02
 1.40462e-04  2.09947e-02
 2.91829e-04  2.09947e-02
 2.16146e-04  2.11258e-02

 6.48438e-04  1.82250e-02
 1.00117e-03  2.11334e-02
 9.10252e-04  2.10123e-02
 1.06052e-03  2.09941e-02
 1.00117e-03  2.11334e-02

 1.08073e-03  1.82250e-02
 1.56365e-03  2.10000e-02
 1.46661e-03  2.08838e-02
 1.61574e-03  2.08579e-02
 1.56365e-03  2.10000e-02

 1.51302e-03  1.82250e-02
 2.21165e-03  2.07969e-02
 2.10425e-03  2.06902e-02
 2.25033e-03  2.06505e-02
 2.21165e-03  2.07969e-02

 1.94531e-03  1.82250e-02
 2.79365e-03  2.05137e-02
 2.67712e-03  2.04171e-02
 2.81905e-03  2.03644e-02
 2.79365e-03  2.05137e-02

 2.37760e-03  1.82250e-02
 3.37050e-03  2.01816e-02
 3.24368e-03  2.00989e-02
 3.37866e-03  2.00304e-02
 3.37050e-03  2.01816e-02

 2.80990e-03  1.82250e-02
 3.91245e-03  1.98128e-02
 3.77552e-03  1.97483e-02
 3.89985e-03  1.96620e-02
 3.91245e-03  1.98128e-02

 3.24219e-03  1.82250e-02
 4.43186e-03  1.94269e-02
 4.28585e-03  1.93869e-02
 4.39342e-03  1.92804e-02
 4.43186e-03  1.94269e-02

 3.67448e-03  1.82250e-02
 4.92432e-03  1.90364e-02
 4.77316e-03  1.90285e-02
 4.85558e-03  1.89015e-02
 4.92432e-03  1.90364e-02

 2.17882e-04  1.87950e-02
 2.17882e-04  2.13841e-02
 1.42198e-04  2.12530e-02
 2.93565e-04  2.12530e-02
 2.17882e-04  2.13841e-02

 6.53646e-04  1.87950e-02
 1.10224e-03  2.13847e-02
 1.00530e-03  2.12685e-02
 1.15444e-03  2.12427e-02
 1.10224e-03  2.13847e-02

 1.08941e-03  1.87950e-02
 1.70444e-03  2.12689e-02
 1.59937e-03  2.11599e-02
 1.74626e-03  2.11234e-02
 1.70444e-03  2.12689e-02

 1.52517e-03  1.87950e-02
 2.42013e-03  2.10874e-02
 2.30196e-03  2.09928e-02
 2.44296e-03  2.09377e-02
 2.42013e-03  2.10874e-02

 1.96094e-03  1.87950e-02
 3.05335e-03  2.08354e-02
 2.92476e-03  2.07556e-02
 3.05820e-03  2.06841e-02
 3.05335e-03  2.08354e-02

 2.39670e-03  1.87950e-02
 3.68279e-03  2.05375e-02
 3.54405e-03  2.04770e-02
 3.66584e-03  2.03871e-02
 3.68279e-03  2.05375e-02

 2.83247e-03  1.87950e-02
 4.26863e-03  2.02056e-02
 4.12208e-03  2.01677e-02
 4.22815e-03  2.00597e-02
 4.26863e-03  2.02056e-02

 3.26823e-03  1.87950e-02
 4.82602e-03  1.98565e-02
 4.67508e-03  1.98453e-02
 4.76031e-03  1.97202e-02
 4.82602e-03  1.98565e-02

 3.70399e-03  1.87950e-02
 5.34784e-03  1.95025e-02
 5.19751e-03  1.95202e-02
 5.25735e-03  1.93812e-02
 5.34784e-03  1.95025e-02

 2.19618e-04  1.93650e-02
 2.19618e-04  2.15850e-02
 1.43935e-04  2.14539e-02
 2.95302e-04  2.14539e-02
 2.19618e-04  2.15850e-02

 6.58854e-04  1.93650e-02
 1.18636e-03  2.15763e-02
 1.08233e-03  2.14664e-02
 1.22956e-03  2.14312e-02
 1.18636e-03  2.15763e-02

 1.09809e-03  1.93650e-02
 1.82234e-03  2.14781e-02
 1.70825e-03  2.13786e-02
 1.85144e-03  2.13295e-02
 1.82234e-03  2.14781e-02

 1.53733e-03  1.93650e-02
 2.59493e-03  2.13201e-02
 2.46599e-03  2.12408e-02
 2.59912e-03  2.11687e-02
 2.59493e-03  2.13201e-02

 1.97656e-03  1.93650e-02
 3.27136e-03  2.11031e-02
 3.13235e-03  2.10432e-02
 3.25374e-03  2.09527e-02
 3.27136e-03  2.11031e-02

 2.41580e-03  1.93650e-02
 3.94513e-03  2.08451e-02
 3.79830e-03  2.08083e-02
 3.90357e-03  2.06995e-02
 3.94513e-03  2.08451e-02

 2.85503e-03  1.93650e-02
 4.56775e-03  2.05571e-02
 4.41692e-03  2.05443e-02
 4.50340e-03  2.04201e-02
 4.56775e-03  2.05571e-02

 3.29427e-03  1.93650e-02
 5.15669e-03  2.02534e-02
 5.00579e-03  2.02653e-02
 5.07096e-03  2.01287e-02
 5.15669e-03  2.02534e-02

 3.73351e-03  1.93650e-02
 5.70226e-03  1.99453e-02
 5.55512e-03  1.99808e-02
 5.59792e-03  1.98356e-02
 5.70226e-03  1.99453e-02

 2.21354e-04  1.99350e-02
 2.21354e-04  2.17226e-02
 1.45671e-04  2.15916e-02
 2.97038e-04  2.15916e-02
 2.21354e-04  2.17226e-02

 6.64062e-04  1.99350e-02
 1.24697e-03  2.17035e-02
 1.13405e-03  2.16027e-02
 1.27781e-03  2.15553e-02
 1.24697e-03  2.17035e-02

 1.10677e-03  1.99350e-02
 1.90796e-03  2.16242e-02
 1.78340e-03  2.15382e-02
 1.92016e-03  2.14733e-02
 1.90796e-03  2.16242e-02

 1.54948e-03  1.99350e-02
 2.72151e-03  2.14932e-02
 2.58223e-03  2.14339e-02
 2.70320e-03  2.13429e-02
 2.72151e-03  2.14932e-02

 1.99219e-03  1.99350e-02
 3.42896e-03  2.13168e-02
 3.28202e-03  2.12805e-02
 3.38694e-03  2.11714e-02
 3.42896e-03  2.13168e-02

 2.43490e-03  1.99350e-02
 4.13422e-03  2.11061e-02
 3.98333e-03  2.10940e-02
 4.06922e-03  2.09693e-02
 4.13422e-03  2.11061e-02

 2.87760e-03  1.99350e-02
 4.78248e-03  2.08711e-02
 4.63145e-03  2.08812e-02
 4.69821e-03  2.07454e-02
 4.78248e-03  2.08711e-02

 3.32031e-03  1.99350e-02
 5.39268e-03  2.06232e-02
 5.24442e-03  2.06537e-02
 5.29212e-03  2.05100e-02
 5.39268e-03  2.06232e-02

 3.76302e-03  1.99350e-02
 5.95345e-03  2.03719e-02
 5.81009e-03  2.04205e-02
 5.83970e-03  2.02720e-02
 5.95345e-03  2.03719e-02

 2.23090e-04  2.05050e-02
 2.23090e-04  2.18574e-02
 1.47407e-04  2.17263e-02
 2.98774e-04  2.17263e-02
 2.23090e-04  2.18574e-02

 6.69271e-04  2.05050e-02
 1.28233e-03  2.18237e-02
 1.15844e-03  2.17367e-02
 1.29570e-03  2.16729e-02
 1.28233e-03  2.18237e-02

 1.11545e-03  2.05050e-02
 1.95690e-03  2.17629e-02
 1.82111e-03  2.16961e-02
 1.94692e-03  2.16119e-02
 1.95690e-03  2.17629e-02

 1.56163e-03  2.05050e-02
 2.79209e-03  2.16586e-02
 2.64470e-03  2.16241e-02
 2.74822e-03  2.15137e-02
 2.79209e-03  2.16586e-02

 2.00781e-03  2.05050e-02
 3.51452e-03  2.15233e-02
 3.36353e-03  2.15126e-02
 3.44829e-03  2.13872e-02
 3.51452e-03  2.15233e-02

 2.45399e-03  2.05050e-02
 4.23445e-03  2.13608e-02
 4.08351e-03  2.13723e-02
 4.14909e-03  2.12358e-02
 4.23445e-03  2.13608e-02

 2.90017e-03  2.05050e-02
 4.89330e-03  2.11807e-02
 4.74485e-03  2.12103e-02
 4.79345e-03  2.10669e-02
 4.89330e-03  2.11807e-02

 3.34635e-03  2.05050e-02
 5.51090e-03  2.09907e-02
 5.36642e-03  2.10359e-02
 5.39957e-03  2.08882e-02
 5.51090e-03  2.09907e-02

 3.79253e-03  2.05050e-02
 6.07507e-03  2.07991e-02
 5.93539e-03  2.08574e-02
 5.95473e-03  2.07073e-02
 6.07507e-03  2.07991e-02

 2.24826e-04  2.10750e-02
 2.24826e-04  2.19330e-02
 1.49143e-04  2.18019e-02
 3.00510e-04  2.18019e-02
 2.24826e-04  2.19330e-02

 6.74479e-04  2.10750e-02
 1.27314e-03  2.18922e-02
 1.13461e-03  2.18312e-02
 1.25672e-03  2.17418e-02
 1.27314e-03  2.18922e-02

 1.12413e-03  2.10750e-02
 1.94076e-03  2.18549e-02
 1.79369e-03  2.18191e-02
 1.89823e-03  2.17096e-02
 1.94076e-03  2.18549e-02

 1.57378e-03  2.10750e-02
 2.76618e-03  2.17850e-02
 2.61482e-03  2.17830e-02
 2.69227e-03  2.16529e-02
 2.76618e-03  2.17850e-02

 2.02344e-03  2.10750e-02
 3.47860e-03  2.16989e-02
 3.32830e-03  2.17168e-02
 3.38795e-03  2.15777e-02
 3.47860e-03  2.16989e-02

 2.47309e-03  2.10750e-02
 4.18876e-03  2.15943e-02
 4.04137e-03  2.16288e-02
 4.08522e-03  2.14839e-02
 4.18876e-03  2.15943e-02

 2.92274e-03  2.10750e-02
 4.83761e-03  2.14793e-02
 4.69372e-03  2.15263e-02
 4.72499e-03  2.13782e-02
 4.83761e-03  2.14793e-02

 3.37240e-03  2.10750e-02
 5.44559e-03  2.13582e-02
 5.30547e-03  2.14155e-02
 5.32596e-03  2.12655e-02
 5.44559e-03  2.13582e-02

 3.82205e-03  2.10750e-02
 6.00029e-03  2.12370e-02
 5.86396e-03  2.13027e-02
 5.87518e-03  2.11518e-02
 6.00029e-03  2.12370e-02

 2.26562e-04  2.16450e-02
 2.26562e-04  2.21377e-02
 1.50879e-04  2.20066e-02
 3.02246e-04  2.20066e-02
 2.26563e-04  2.21377e-02

 6.79687e-04  2.16450e-02
 1.22150e-03  2.20817e-02
 1.07194e-03  2.20584e-02
 1.16693e-03  2.19405e-02
 1.22150e-03  2.20817e-02

 1.13281e-03  2.16450e-02
 1.85335e-03  2.20671e-02
 1.70199e-03  2.20661e-02
 1.77849e-03  2.19355e-02
 1.85335e-03  2.20671e-02

 1.58594e-03  2.16450e-02
 2.63506e-03  2.20214e-02
 2.48612e-03  2.20484e-02
 2.53723e-03  2.19059e-02
 2.63506e-03  2.20214e-02

 2.03906e-03  2.16450e-02
 3.30933e-03  2.19734e-02
 3.16347e-03  2.20139e-02
 3.20136e-03  2.18673e-02
 3.30933e-03  2.19734e-02

 2.49219e-03  2.16450e-02
 3.98330e-03  2.19119e-02
 3.84093e-03  2.19633e-02
 3.86760e-03  2.18143e-02
 3.98330e-03  2.19119e-02

 2.94531e-03  2.16450e-02
 4.59990e-03  2.18459e-02
 4.46065e-03  2.19053e-02
 4.47890e-03  2.17550e-02
 4.59990e-03  2.18459e-02

 3.39844e-03  2.16450e-02
 5.17972e-03  2.17763e-02
 5.04343e-03  2.18422e-02
 5.05456e-03  2.16912e-02
 5.17972e-03  2.17763e-02

 3.85156e-03  2.16450e-02
 5.71103e-03  2.17074e-02
 5.57748e-03  2.17787e-02
 5.58256e-03  2.16274e-02
 5.71103e-03  2.17074e-02

 2.28299e-04  2.22150e-02
 2.28299e-04  2.22150e-02
 9.72110e-05  2.22907e-02
 9.72110e-05  2.21393e-02
 2.28299e-04  2.22150e-02

 6.84896e-04  2.22150e-02
 1.04797e-03  2.22150e-02
 9.16885e-04  2.22907e-02
 9.16885e-04  2.21393e-02
 1.04797e-03  2.22150e-02

 1.14149e-03  2.22150e-02
 1.60575e-03  2.22150e-02
 1.47466e-03  2.22907e-02
 1.47466e-03  2.21393e-02
 1.60575e-03  2.22150e-02

 1.59809e-03  2.22150e-02
 2.27444e-03  2.22150e-02
 2.14335e-03  2.22907e-02
 2.14335e-03  2.21393e-02
 2.27444e-03  2.22150e-02

 2.05469e-03  2.22150e-02
 2.86601e-03  2.22150e-02
 2.73493e-03  2.22907e-02
 2.73493e-03  2.21393e-02
 2.86601e-03  2.22150e-02

 2.51128e-03  2.22150e-02
 3.46043e-03  2.22150e-02
 3.32934e-03  2.22907e-02
 3.32934e-03  2.21393e-02
 3.46043e-03  2.22150e-02

 2.96788e-03  2.22150e-02
 4.01580e-03  2.22150e-02
 3.88471e-03  2.22907e-02
 3.88471e-03  2.21393e-02
 4.01580e-03  2.22150e-02

 3.42448e-03  2.22150e-02
 4.54792e-03  2.22150e-02
 4.41684e-03  2.22907e-02
 4.41684e-03  2.21393e-02
 4.54792e-03  2.22150e-02

 3.88108e-03  2.22150e-02
 5.04842e-03  2.22150e-02
 4.91733e-03  2.22907e-02
 4.91733e-03  2.21393e-02
 5.04842e-03  2.22150e-02

 3.76510e-03  1.13850e-02
 2.44057e-03  1.13850e-02
 2.57166e-03  1.13093e-02
 2.57166e-03  1.14607e-02
 2.44057e-03  1.13850e-02

 4.26406e-03  1.13850e-02
 2.90986e-03  1.13850e-02
 3.04095e-03  1.13093e-02
 3.04095e-03  1.14607e-02
 2.90986e-03  1.13850e-02

 4.76302e-03  1.13850e-02
 3.41268e-03  1.13850e-02
 3.54376e-03  1.13093e-02
 3.54376e-03  1.14607e-02
 3.41268e-03  1.13850e-02

 5.26198e-03  1.13850e-02
 3.94630e-03  1.13850e-02
 4.07739e-03  1.13093e-02
 4.07739e-03  1.14607e-02
 3.94630e-03  1.13850e-02

 5.76094e-03  1.13850e-02
 4.50732e-03  1.13850e-02
 4.63840e-03  1.13093e-02
 4.63840e-03  1.14607e-02
 4.50732e-03  1.13850e-02

 6.25990e-03  1.13850e-02
 5.09233e-03  1.13850e-02
 5.22341e-03  1.13093e-02
 5.22341e-03  1.14607e-02
 5.09233e-03  1.13850e-02

 6.75885e-03  1.13850e-02
 5.69807e-03  1.13850e-02
 5.82916e-03  1.13093e-02
 5.82916e-03  1.14607e-02
 5.69807e-03  1.13850e-02

 7.25781e-03  1.13850e-02
 6.32025e-03  1.13850e-02
 6.45133e-03  1.13093e-02
 6.45133e-03  1.14607e-02
 6.32025e-03  1.13850e-02

 7.75677e-03  1.13850e-02
 6.95581e-03  1.13850e-02
 7.08690e-03  1.13093e-02
 7.08690e-03  1.14607e-02
 6.95581e-03  1.13850e-02

 8.25573e-03  1.13850e-02
 7.59750e-03  1.13850e-02
 7.72859e-03  1.13093e-02
 7.72859e-03  1.14607e-02
 7.59750e-03  1.13850e-02

 8.75469e-03  1.13850e-02
 8.24510e-03  1.13850e-02
 8.37619e-03  1.13093e-02
 8.37619e-03  1.14607e-02
 8.24510e-03  1.13850e-02

 9.25365e-03  1.13850e-02
 8.88193e-03  1.13850e-02
 9.01301e-03  1.13093e-02
 9.01301e-03  1.14607e-02
 8.88193e-03  1.13850e-02

 9.75260e-03  1.13850e-02
 9.52412e-03  1.13850e-02
 9.65520e-03  1.13093e-02
 9.65520e-03  1.14607e-02
 9.52412e-03  1.13850e-02

 1.02516e-02  1.13850e-02
 1.01197e-02  1.13850e-02
 1.02508e-02  1.13093e-02
 1.02508e-02  1.14607e-02
 1.01197e-02  1.13850e-02

 1.07505e-02  1.13850e-02
 1.07505e-02  1.13850e-02
 1.08262e-02  1.15161e-02
 1.06748e-02  1.15161e-02
 1.07505e-02  1.13850e-02

 3.79531e-03  1.19550e-02
 1.74043e-03  1.20868e-02
 1.86641e-03  1.20029e-02
 1.87609e-03  1.21539e-02
 1.74043e-03  1.20868e-02

 4.29219e-03  1.19550e-02
 2.19977e-03  1.20074e-02
 2.32892e-03  1.19284e-02
 2.33271e-03  1.20797e-02
 2.19977e-03  1.20074e-02

 4.78906e-03  1.19550e-02
 2.71042e-03  1.19343e-02
 2.84225e-03  1.18599e-02
 2.84074e-03  1.20113e-02
 2.71042e-03  1.19343e-02

 5.28594e-03  1.19550e-02
 3.26723e-03  1.18682e-02
 3.40145e-03  1.17983e-02
 3.39495e-03  1.19495e-02
 3.26723e-03  1.18682e-02

 5.78281e-03  1.19550e-02
 3.86514e-03  1.18095e-02
 4.00158e-03  1.17440e-02
 3.99013e-03  1.18949e-02
 3.86514e-03  1.18095e-02

 6.27969e-03  1.19550e-02
 4.49901e-03  1.17582e-02
 4.63761e-03  1.16974e-02
 4.62099e-03  1.18479e-02
 4.49901e-03  1.17582e-02

 6.77656e-03  1.19550e-02
 5.16405e-03  1.17149e-02
 5.30486e-03  1.16593e-02
 5.28256e-03  1.18090e-02
 5.16405e-03  1.17149e-02

 7.27344e-03  1.19550e-02
 5.85392e-03  1.16802e-02
 5.99700e-03  1.16309e-02
 5.96824e-03  1.17795e-02
 5.85392e-03  1.16802e-02

 7.77031e-03  1.19550e-02
 6.56369e-03  1.16554e-02
 6.70916e-03  1.16135e-02
 6.67267e-03  1.17604e-02
 6.56369e-03  1.16554e-02

 8.26719e-03  1.19550e-02
 7.28285e-03  1.16418e-02
 7.43071e-03  1.16094e-02
 7.38481e-03  1.17536e-02
 7.28285e-03  1.16418e-02

 8.76406e-03  1.19550e-02
 8.00973e-03  1.16400e-02
 8.15986e-03  1.16207e-02
 8.10154e-03  1.17604e-02
 8.00973e-03  1.16400e-02

 9.26094e-03  1.19550e-02
 8.72079e-03  1.16525e-02
 8.87215e-03  1.16505e-02
 8.79819e-03  1.17826e-02
 8.72079e-03  1.16525e-02

 9.75781e-03  1.19550e-02
 9.43374e-03  1.16776e-02
 9.58254e-03  1.17053e-02
 9.48410e-03  1.18203e-02
 9.43374e-03  1.16776e-02

 1.02547e-02  1.19550e-02
 1.00797e-02  1.17226e-02
 1.02190e-02  1.17818e-02
 1.00981e-02  1.18728e-02
 1.00797e-02  1.17226e-02

 1.07516e-02  1.19550e-02
 1.07516e-02  1.17879e-02
 1.08272e-02  1.19190e-02
 1.06759e-02  1.19190e-02
 1.07516e-02  1.17879e-02

 3.82552e-03  1.25250e-02
 1.48857e-03  1.26950e-02
 1.61382e-03  1.26100e-02
 1.62480e-03  1.27610e-02
 1.48857e-03  1.26950e-02

 4.32031e-03  1.25250e-02
 1.94514e-03  1.25618e-02
 2.07504e-03  1.24841e-02
 2.07738e-03  1.26355e-02
 1.94514e-03  1.25618e-02

 4.81510e-03  1.25250e-02
 2.45809e-03  1.24401e-02
 2.59182e-03  1.23692e-02
 2.58637e-03  1.25205e-02
 2.45809e-03  1.24401e-02

 5.30990e-03  1.25250e-02
 3.02236e-03  1.23306e-02
 3.15939e-03  1.22663e-02
 3.14657e-03  1.24171e-02
 3.02236e-03  1.23306e-02

 5.80469e-03  1.25250e-02
 3.63280e-03  1.22333e-02
 3.77279e-03  1.21758e-02
 3.75265e-03  1.23258e-02
 3.63280e-03  1.22333e-02

 6.29948e-03  1.25250e-02
 4.28380e-03  1.21486e-02
 4.42655e-03  1.20983e-02
 4.39877e-03  1.22471e-02
 4.28380e-03  1.21486e-02

 6.79427e-03  1.25250e-02
 4.96985e-03  1.20773e-02
 5.11519e-03  1.20350e-02
 5.07912e-03  1.21820e-02
 4.96985e-03  1.20773e-02

 7.28906e-03  1.25250e-02
 5.68389e-03  1.20209e-02
 5.83163e-03  1.19879e-02
 5.78628e-03  1.21323e-02
 5.68389e-03  1.20209e-02

 7.78385e-03  1.25250e-02
 6.42027e-03  1.19814e-02
 6.57006e-03  1.19596e-02
 6.51401e-03  1.21002e-02
 6.42027e-03  1.19814e-02

 8.27865e-03  1.25250e-02
 7.16731e-03  1.19614e-02
 7.31845e-03  1.19532e-02
 7.24999e-03  1.20882e-02
 7.16731e-03  1.19614e-02

 8.77344e-03  1.25250e-02
 7.92260e-03  1.19633e-02
 8.07370e-03  1.19723e-02
 7.99030e-03  1.20987e-02
 7.92260e-03  1.19633e-02

 9.26823e-03  1.25250e-02
 8.66062e-03  1.19902e-02
 8.80903e-03  1.20200e-02
 8.70902e-03  1.21336e-02
 8.66062e-03  1.19902e-02

 9.76302e-03  1.25250e-02
 9.39879e-03  1.20444e-02
 9.53829e-03  1.21031e-02
 9.41765e-03  1.21946e-02
 9.39879e-03  1.20444e-02

 1.02578e-02  1.25250e-02
 1.00620e-02  1.21328e-02
 1.01883e-02  1.22162e-02
 1.00528e-02  1.22839e-02
 1.00620e-02  1.21328e-02

 1.07526e-02  1.25250e-02
 1.07526e-02  1.22626e-02
 1.08283e-02  1.23937e-02
 1.06769e-02  1.23937e-02
 1.07526e-02  1.22626e-02

 3.85573e-03  1.30950e-02
 1.47359e-03  1.33523e-02
 1.59579e-03  1.32630e-02
 1.61205e-03  1.34134e-02
 1.47359e-03  1.33523e-02

 4.34844e-03  1.30950e-02
 1.92831e-03  1.31441e-02
 2.05783e-03  1.30658e-02
 2.06090e-03  1.32171e-02
 1.92831e-03  1.31441e-02

 4.84115e-03  1.30950e-02
 2.43978e-03  1.29530e-02
 2.57511e-03  1.28852e-02
 2.56618e-03  1.30363e-02
 2.43978e-03  1.29530e-02

 5.33385e-03  1.30950e-02
 3.00311e-03  1.27803e-02
 3.14314e-03  1.27229e-02
 3.12289e-03  1.28729e-02
 3.00311e-03  1.27803e-02

 5.82656e-03  1.30950e-02
 3.61343e-03  1.26265e-02
 3.75735e-03  1.25796e-02
 3.72600e-03  1.27277e-02
 3.61343e-03  1.26265e-02

 6.31927e-03  1.30950e-02
 4.26515e-03  1.24922e-02
 4.41224e-03  1.24565e-02
 4.36962e-03  1.26017e-02
 4.26515e-03  1.24922e-02

 6.81198e-03  1.30950e-02
 4.95281e-03  1.23792e-02
 5.10234e-03  1.23557e-02
 5.04795e-03  1.24969e-02
 4.95281e-03  1.23792e-02

 7.30469e-03  1.30950e-02
 5.66909e-03  1.22899e-02
 5.82013e-03  1.22799e-02
 5.75328e-03  1.24157e-02
 5.66909e-03  1.22899e-02

 7.79740e-03  1.30950e-02
 6.40830e-03  1.22277e-02
 6.55958e-03  1.22329e-02
 6.47941e-03  1.23613e-02
 6.40830e-03  1.22277e-02

 8.29010e-03  1.30950e-02
 7.15886e-03  1.21963e-02
 7.30858e-03  1.22185e-02
 7.21442e-03  1.23371e-02
 7.15886e-03  1.21963e-02

 8.78281e-03  1.30950e-02
 7.91775e-03  1.22001e-02
 8.06327e-03  1.22418e-02
 7.95444e-03  1.23470e-02
 7.91775e-03  1.22001e-02

 9.27552e-03  1.30950e-02
 8.65940e-03  1.22438e-02
 8.79757e-03  1.23056e-02
 8.67495e-03  1.23944e-02
 8.65940e-03  1.22438e-02

 9.76823e-03  1.30950e-02
 9.40024e-03  1.23326e-02
 9.52538e-03  1.24177e-02
 9.38906e-03  1.24835e-02
 9.40024e-03  1.23326e-02

 1.02609e-02  1.30950e-02
 1.00650e-02  1.24741e-02
 1.01766e-02  1.25764e-02
 1.00322e-02  1.26219e-02
 1.00650e-02  1.24741e-02

 1.07536e-02  1.30950e-02
 1.07536e-02  1.26853e-02
 1.08293e-02  1.28164e-02
 1.06780e-02  1.28164e-02
 1.07536e-02  1.26853e-02

 3.88594e-03  1.36650e-02
 1.65782e-03  1.39766e-02
 1.77716e-03  1.38834e-02
 1.79812e-03  1.40334e-02
 1.65782e-03  1.39766e-02

 4.37656e-03  1.36650e-02
 2.11158e-03  1.37068e-02
 2.24125e-03  1.36287e-02
 2.24404e-03  1.37800e-02
 2.11158e-03  1.37068e-02

 4.86719e-03  1.36650e-02
 2.61787e-03  1.34588e-02
 2.75532e-03  1.33954e-02
 2.74151e-03  1.35461e-02
 2.61787e-03  1.34588e-02

 5.35781e-03  1.36650e-02
 3.17253e-03  1.32342e-02
 3.31578e-03  1.31853e-02
 3.28650e-03  1.33338e-02
 3.17253e-03  1.32342e-02

 5.84844e-03  1.36650e-02
 3.77108e-03  1.30336e-02
 3.91851e-03  1.29993e-02
 3.87449e-03  1.31442e-02
 3.77108e-03  1.30336e-02

 6.33906e-03  1.36650e-02
 4.40860e-03  1.28586e-02
 4.55873e-03  1.28393e-02
 4.50039e-03  1.29790e-02
 4.40860e-03  1.28586e-02

 6.82969e-03  1.36650e-02
 5.07989e-03  1.27112e-02
 5.23121e-03  1.27075e-02
 5.15876e-03  1.28404e-02
 5.07989e-03  1.27112e-02

 7.32031e-03  1.36650e-02
 5.77834e-03  1.25949e-02
 5.92918e-03  1.26075e-02
 5.84288e-03  1.27318e-02
 5.77834e-03  1.25949e-02

 7.81094e-03  1.36650e-02
 6.49881e-03  1.25140e-02
 6.64727e-03  1.25436e-02
 6.54745e-03  1.26573e-02
 6.49881e-03  1.25140e-02

 8.30156e-03  1.36650e-02
 7.23049e-03  1.24737e-02
 7.37442e-03  1.25206e-02
 7.26186e-03  1.26218e-02
 7.23049e-03  1.24737e-02

 8.79219e-03  1.36650e-02
 7.97095e-03  1.24803e-02
 8.10783e-03  1.25449e-02
 7.98343e-03  1.26312e-02
 7.97095e-03  1.24803e-02

 9.28281e-03  1.36650e-02
 8.69593e-03  1.25400e-02
 8.82367e-03  1.26213e-02
 8.68946e-03  1.26913e-02
 8.69593e-03  1.25400e-02

 9.77344e-03  1.36650e-02
 9.42147e-03  1.26616e-02
 9.53628e-03  1.27602e-02
 9.39344e-03  1.28103e-02
 9.42147e-03  1.26616e-02

 1.02641e-02  1.36650e-02
 1.00748e-02  1.28526e-02
 1.01782e-02  1.29631e-02
 1.00308e-02  1.29975e-02
 1.00748e-02  1.28526e-02

 1.07547e-02  1.36650e-02
 1.07547e-02  1.31358e-02
 1.08304e-02  1.32668e-02
 1.06790e-02  1.32668e-02
 1.07547e-02  1.31358e-02

 3.91615e-03  1.42350e-02
 1.96450e-03  1.46072e-02
 2.07909e-03  1.45083e-02
 2.10744e-03  1.46570e-02
 1.96450e-03  1.46072e-02

 4.40469e-03  1.42350e-02
 2.41724e-03  1.42781e-02
 2.54666e-03  1.41996e-02
 2.54994e-03  1.43509e-02
 2.41724e-03  1.42781e-02

 4.89323e-03  1.42350e-02
 2.91592e-03  1.39748e-02
 3.05577e-03  1.39168e-02
 3.03601e-03  1.40669e-02
 2.91592e-03  1.39748e-02

 5.38177e-03  1.42350e-02
 3.45706e-03  1.36991e-02
 3.60365e-03  1.36614e-02
 3.56305e-03  1.38072e-02
 3.45706e-03  1.36991e-02

 5.87031e-03  1.42350e-02
 4.03711e-03  1.34526e-02
 4.18738e-03  1.34344e-02
 4.12796e-03  1.35737e-02
 4.03711e-03  1.34526e-02

 6.35885e-03  1.42350e-02
 4.65151e-03  1.32370e-02
 4.80288e-03  1.32378e-02
 4.72649e-03  1.33685e-02
 4.65151e-03  1.32370e-02

 6.84740e-03  1.42350e-02
 5.29604e-03  1.30554e-02
 5.44619e-03  1.30745e-02
 5.35458e-03  1.31950e-02
 5.29604e-03  1.30554e-02

 7.33594e-03  1.42350e-02
 5.96493e-03  1.29118e-02
 6.11181e-03  1.29483e-02
 6.00669e-03  1.30572e-02
 5.96493e-03  1.29118e-02

 7.82448e-03  1.42350e-02
 6.65381e-03  1.28115e-02
 6.79553e-03  1.28647e-02
 6.67862e-03  1.29609e-02
 6.65381e-03  1.28115e-02

 8.31302e-03  1.42350e-02
 7.35351e-03  1.27610e-02
 7.48845e-03  1.28296e-02
 7.36159e-03  1.29121e-02
 7.35351e-03  1.27610e-02

 8.80156e-03  1.42350e-02
 8.06227e-03  1.27683e-02
 8.18886e-03  1.28513e-02
 8.05369e-03  1.29195e-02
 8.06227e-03  1.27683e-02

 9.29010e-03  1.42350e-02
 8.75859e-03  1.28413e-02
 8.87601e-03  1.29368e-02
 8.73458e-03  1.29907e-02
 8.75859e-03  1.28413e-02

 9.77865e-03  1.42350e-02
 9.45771e-03  1.29918e-02
 9.56376e-03  1.30998e-02
 9.41720e-03  1.31377e-02
 9.45771e-03  1.29918e-02

 1.02672e-02  1.42350e-02
 1.00930e-02  1.32277e-02
 1.01899e-02  1.33439e-02
 1.00408e-02  1.33697e-02
 1.00930e-02  1.32277e-02

 1.07557e-02  1.42350e-02
 1.07557e-02  1.35802e-02
 1.08314e-02  1.37113e-02
 1.06800e-02  1.37113e-02
 1.07557e-02  1.35802e-02

 3.94635e-03  1.48050e-02
 2.36601e-03  1.52222e-02
 2.47343e-03  1.51156e-02
 2.51207e-03  1.52619e-02
 2.36601e-03  1.52222e-02

 4.43281e-03  1.48050e-02
 2.81848e-03  1.48461e-02
 2.94760e-03  1.47671e-02
 2.95146e-03  1.49184e-02
 2.81848e-03  1.48461e-02

 4.91927e-03  1.48050e-02
 3.30842e-03  1.44986e-02
 3.45134e-03  1.44488e-02
 3.42306e-03  1.45975e-02
 3.30842e-03  1.44986e-02

 5.40573e-03  1.48050e-02
 3.83325e-03  1.41822e-02
 3.98300e-03  1.41601e-02
 3.92726e-03  1.43009e-02
 3.83325e-03  1.41822e-02

 5.89219e-03  1.48050e-02
 4.38995e-03  1.38988e-02
 4.54129e-03  1.39017e-02
 4.46310e-03  1.40314e-02
 4.38995e-03  1.38988e-02

 6.37865e-03  1.48050e-02
 4.97502e-03  1.36508e-02
 5.12434e-03  1.36756e-02
 5.02820e-03  1.37925e-02
 4.97502e-03  1.36508e-02

 6.86510e-03  1.48050e-02
 5.58499e-03  1.34415e-02
 5.72990e-03  1.34853e-02
 5.61954e-03  1.35889e-02
 5.58499e-03  1.34415e-02

 7.35156e-03  1.48050e-02
 6.21533e-03  1.32756e-02
 6.35425e-03  1.33357e-02
 6.23275e-03  1.34259e-02
 6.21533e-03  1.32756e-02

 7.83802e-03  1.48050e-02
 6.86276e-03  1.31592e-02
 6.99470e-03  1.32334e-02
 6.86448e-03  1.33105e-02
 6.86276e-03  1.31592e-02

 8.32448e-03  1.48050e-02
 7.51996e-03  1.30994e-02
 7.64434e-03  1.31857e-02
 7.50744e-03  1.32502e-02
 7.51996e-03  1.30994e-02

 8.81094e-03  1.48050e-02
 8.18631e-03  1.31061e-02
 8.30258e-03  1.32031e-02
 8.16052e-03  1.32553e-02
 8.18631e-03  1.31061e-02

 9.29740e-03  1.48050e-02
 8.84398e-03  1.31882e-02
 8.95225e-03  1.32940e-02
 8.80650e-03  1.33349e-02
 8.84398e-03  1.31882e-02

 9.78385e-03  1.48050e-02
 9.50701e-03  1.33613e-02
 9.60603e-03  1.34758e-02
 9.45737e-03  1.35043e-02
 9.50701e-03  1.33613e-02

 1.02703e-02  1.48050e-02
 1.01177e-02  1.36329e-02
 1.02097e-02  1.37531e-02
 1.00596e-02  1.37727e-02
 1.01177e-02  1.36329e-02

 1.07568e-02  1.48050e-02
 1.07568e-02  1.40432e-02
 1.08325e-02  1.41743e-02
 1.06811e-02  1.41743e-02
 1.07568e-02  1.40432e-02

 3.97656e-03  1.53750e-02
 2.82897e-03  1.58308e-02
 2.92286e-03  1.57121e-02
 2.97874e-03  1.58528e-02
 2.82897e-03  1.58308e-02

 4.46094e-03  1.53750e-02
 3.28239e-03  1.54179e-02
 3.41064e-03  1.53375e-02
 3.41615e-03  1.54888e-02
 3.28239e-03  1.54179e-02

 4.94531e-03  1.53750e-02
 3.76374e-03  1.50354e-02
 3.91063e-03  1.49989e-02
 3.86883e-03  1.51444e-02
 3.76374e-03  1.50354e-02

 5.42969e-03  1.53750e-02
 4.27120e-03  1.46865e-02
 4.42256e-03  1.46884e-02
 4.34522e-03  1.48185e-02
 4.27120e-03  1.46865e-02

 5.91406e-03  1.53750e-02
 4.80265e-03  1.43736e-02
 4.95070e-03  1.44051e-02
 4.84937e-03  1.45175e-02
 4.80265e-03  1.43736e-02

 6.39844e-03  1.53750e-02
 5.35537e-03  1.40994e-02
 5.49694e-03  1.41530e-02
 5.37976e-03  1.42488e-02
 5.35537e-03  1.40994e-02

 6.88281e-03  1.53750e-02
 5.92685e-03  1.38678e-02
 6.06098e-03  1.39380e-02
 5.93316e-03  1.40191e-02
 5.92685e-03  1.38678e-02

 7.36719e-03  1.53750e-02
 6.51370e-03  1.36836e-02
 6.64033e-03  1.37665e-02
 6.50519e-03  1.38347e-02
 6.51370e-03  1.36836e-02

 7.85156e-03  1.53750e-02
 7.11381e-03  1.35534e-02
 7.23316e-03  1.36465e-02
 7.09287e-03  1.37033e-02
 7.11381e-03  1.35534e-02

 8.33594e-03  1.53750e-02
 7.72207e-03  1.34848e-02
 7.83454e-03  1.35861e-02
 7.69058e-03  1.36329e-02
 7.72207e-03  1.34848e-02

 8.82031e-03  1.53750e-02
 8.33867e-03  1.34890e-02
 8.44444e-03  1.35973e-02
 8.29778e-03  1.36348e-02
 8.33867e-03  1.34890e-02

 9.30469e-03  1.53750e-02
 8.95056e-03  1.35759e-02
 9.05014e-03  1.36899e-02
 8.90162e-03  1.37191e-02
 8.95056e-03  1.35759e-02

 9.78906e-03  1.53750e-02
 9.56968e-03  1.37642e-02
 9.66236e-03  1.38839e-02
 9.51238e-03  1.39043e-02
 9.56968e-03  1.37642e-02

 1.02734e-02  1.53750e-02
 1.01504e-02  1.40617e-02
 1.02379e-02  1.41852e-02
 1.00872e-02  1.41993e-02
 1.01504e-02  1.40617e-02

 1.07578e-02  1.53750e-02
 1.07578e-02  1.45192e-02
 1.08335e-02  1.46503e-02
 1.06821e-02  1.46503e-02
 1.07578e-02  1.45192e-02

 4.00677e-03  1.59450e-02
 3.33460e-03  1.64253e-02
 3.39725e-03  1.62875e-02
 3.48525e-03  1.64107e-02
 3.33460e-03  1.64253e-02

 4.48906e-03  1.59450e-02
 3.79108e-03  1.59887e-02
 3.91719e-03  1.59049e-02
 3.92664e-03  1.60560e-02
 3.79108e-03  1.59887e-02

 4.97135e-03  1.59450e-02
 4.26512e-03  1.55833e-02
 4.41630e-03  1.55757e-02
 4.34730e-03  1.57105e-02
 4.26512e-03  1.55833e-02

 5.45365e-03  1.59450e-02
 4.75575e-03  1.52131e-02
 4.90098e-03  1.52557e-02
 4.79143e-03  1.53602e-02
 4.75575e-03  1.52131e-02

 5.93594e-03  1.59450e-02
 5.26158e-03  1.48808e-02
 5.39567e-03  1.49510e-02
 5.26781e-03  1.50321e-02
 5.26158e-03  1.48808e-02

 6.41823e-03  1.59450e-02
 5.78080e-03  1.45897e-02
 5.90508e-03  1.46761e-02
 5.76810e-03  1.47405e-02
 5.78080e-03  1.45897e-02

 6.90052e-03  1.59450e-02
 6.31167e-03  1.43435e-02
 6.42794e-03  1.44404e-02
 6.28588e-03  1.44926e-02
 6.31167e-03  1.43435e-02

 7.38281e-03  1.59450e-02
 6.85215e-03  1.41471e-02
 6.96185e-03  1.42514e-02
 6.81667e-03  1.42943e-02
 6.85215e-03  1.41471e-02

 7.86510e-03  1.59450e-02
 7.40111e-03  1.40074e-02
 7.50524e-03  1.41173e-02
 7.35804e-03  1.41525e-02
 7.40111e-03  1.40074e-02

 8.34740e-03  1.59450e-02
 7.95580e-03  1.39321e-02
 8.05513e-03  1.40463e-02
 7.90654e-03  1.40753e-02
 7.95580e-03  1.39321e-02

 8.82969e-03  1.59450e-02
 8.51712e-03  1.39330e-02
 8.61203e-03  1.40509e-02
 8.46246e-03  1.40742e-02
 8.51712e-03  1.39330e-02

 9.31198e-03  1.59450e-02
 9.07736e-03  1.40204e-02
 9.16835e-03  1.41414e-02
 9.01810e-03  1.41597e-02
 9.07736e-03  1.40204e-02

 9.79427e-03  1.59450e-02
 9.64550e-03  1.42166e-02
 9.73215e-03  1.43407e-02
 9.58134e-03  1.43537e-02
 9.64550e-03  1.42166e-02

 1.02766e-02  1.59450e-02
 1.01908e-02  1.45291e-02
 1.02742e-02  1.46554e-02
 1.01232e-02  1.46645e-02
 1.01908e-02  1.45291e-02

 1.07589e-02  1.59450e-02
 1.07589e-02  1.50190e-02
 1.08345e-02  1.51501e-02
 1.06832e-02  1.51501e-02
 1.07589e-02  1.50190e-02

 4.03698e-03  1.65150e-02
 3.86304e-03  1.70059e-02
 3.83549e-03  1.68570e-02
 3.97816e-03  1.69076e-02
 3.86304e-03  1.70059e-02

 4.51719e-03  1.65150e-02
 4.32484e-03  1.65583e-02
 4.43609e-03  1.64557e-02
 4.46935e-03  1.66034e-02
 4.32484e-03  1.65583e-02

 4.99740e-03  1.65150e-02
 4.79347e-03  1.61421e-02
 4.92277e-03  1.62208e-02
 4.78996e-03  1.62934e-02
 4.79347e-03  1.61421e-02

 5.47760e-03  1.65150e-02
 5.26867e-03  1.57614e-02
 5.37663e-03  1.58676e-02
 5.23076e-03  1.59080e-02
 5.26867e-03  1.57614e-02

 5.95781e-03  1.65150e-02
 5.74980e-03  1.54199e-02
 5.84861e-03  1.55346e-02
 5.69991e-03  1.55628e-02
 5.74980e-03  1.54199e-02

 6.43802e-03  1.65150e-02
 6.23582e-03  1.51208e-02
 6.32954e-03  1.52397e-02
 6.17974e-03  1.52614e-02
 6.23582e-03  1.51208e-02

 6.91823e-03  1.65150e-02
 6.72585e-03  1.48681e-02
 6.81623e-03  1.49895e-02
 6.66589e-03  1.50070e-02
 6.72585e-03  1.48681e-02

 7.39844e-03  1.65150e-02
 7.21904e-03  1.46662e-02
 7.30703e-03  1.47894e-02
 7.15638e-03  1.48040e-02
 7.21904e-03  1.46662e-02

 7.87865e-03  1.65150e-02
 7.71521e-03  1.45218e-02
 7.80135e-03  1.46463e-02
 7.65049e-03  1.46586e-02
 7.71521e-03  1.45218e-02

 8.35885e-03  1.65150e-02
 8.21398e-03  1.44423e-02
 8.29862e-03  1.45678e-02
 8.14762e-03  1.45784e-02
 8.21398e-03  1.44423e-02

 8.83906e-03  1.65150e-02
 8.71667e-03  1.44399e-02
 8.79994e-03  1.45663e-02
 8.64883e-03  1.45752e-02
 8.71667e-03  1.44399e-02

 9.31927e-03  1.65150e-02
 9.22136e-03  1.45248e-02
 9.30339e-03  1.46520e-02
 9.15221e-03  1.46595e-02
 9.22136e-03  1.45248e-02

 9.79948e-03  1.65150e-02
 9.73312e-03  1.47217e-02
 9.81360e-03  1.48499e-02
 9.66234e-03  1.48555e-02
 9.73312e-03  1.47217e-02

 1.02797e-02  1.65150e-02
 1.02387e-02  1.50383e-02
 1.03180e-02  1.51672e-02
 1.01667e-02  1.51714e-02
 1.02387e-02  1.50383e-02

 1.07599e-02  1.65150e-02
 1.07599e-02  1.55451e-02
 1.08356e-02  1.56762e-02
 1.06842e-02  1.56762e-02
 1.07599e-02  1.55451e-02

 4.06719e-03  1.70850e-02
 4.39807e-03  1.75685e-02
 4.26157e-03  1.75030e-02
 4.38649e-03  1.74175e-02
 4.39807e-03  1.75685e-02

 4.54531e-03  1.70850e-02
 4.86733e-03  1.71235e-02
 4.72819e-03  1.71831e-02
 4.74615e-03  1.70328e-02
 4.86733e-03  1.71235e-02

 5.02344e-03  1.70850e-02
 5.33254e-03  1.67090e-02
 5.30776e-03  1.68583e-02
 5.19083e-03  1.67622e-02
 5.33254e-03  1.67090e-02

 5.50156e-03  1.70850e-02
 5.79402e-03  1.63300e-02
 5.81724e-03  1.64796e-02
 5.67610e-03  1.64249e-02
 5.79402e-03  1.63300e-02

 5.97969e-03  1.70850e-02
 6.25181e-03  1.59903e-02
 6.29363e-03  1.61358e-02
 6.14674e-03  1.60993e-02
 6.25181e-03  1.59903e-02

 6.45781e-03  1.70850e-02
 6.70569e-03  1.56934e-02
 6.75721e-03  1.58357e-02
 6.60819e-03  1.58092e-02
 6.70569e-03  1.56934e-02

 6.93594e-03  1.70850e-02
 7.15556e-03  1.54430e-02
 7.21319e-03  1.55829e-02
 7.06316e-03  1.55629e-02
 7.15556e-03  1.54430e-02

 7.41406e-03  1.70850e-02
 7.60180e-03  1.52431e-02
 7.66380e-03  1.53812e-02
 7.51321e-03  1.53658e-02
 7.60180e-03  1.52431e-02

 7.89219e-03  1.70850e-02
 8.04506e-03  1.50999e-02
 8.11046e-03  1.52364e-02
 7.95954e-03  1.52248e-02
 8.04506e-03  1.50999e-02

 8.37031e-03  1.70850e-02
 8.48733e-03  1.50200e-02
 8.55548e-03  1.51551e-02
 8.40436e-03  1.51466e-02
 8.48733e-03  1.50200e-02

 8.84844e-03  1.70850e-02
 8.93005e-03  1.50153e-02
 9.00051e-03  1.51493e-02
 8.84926e-03  1.51433e-02
 8.93005e-03  1.50153e-02

 9.32656e-03  1.70850e-02
 9.37727e-03  1.50956e-02
 9.44959e-03  1.52286e-02
 9.29827e-03  1.52247e-02
 9.37727e-03  1.50956e-02

 9.80469e-03  1.70850e-02
 9.82934e-03  1.52869e-02
 9.90322e-03  1.54190e-02
 9.75187e-03  1.54169e-02
 9.82934e-03  1.52869e-02

 1.02828e-02  1.70850e-02
 1.02922e-02  1.55971e-02
 1.03670e-02  1.57287e-02
 1.02157e-02  1.57277e-02
 1.02922e-02  1.55971e-02

 1.07609e-02  1.70850e-02
 1.07609e-02  1.61033e-02
 1.08366e-02  1.62344e-02
 1.06853e-02  1.62344e-02
 1.07609e-02  1.61033e-02

 4.09740e-03  1.76550e-02
 4.92159e-03  1.81118e-02
 4.77025e-03  1.81145e-02
 4.84362e-03  1.79821e-02
 4.92159e-03  1.81118e-02

 4.57344e-03  1.76550e-02
 5.39967e-03  1.76828e-02
 5.26612e-03  1.77540e-02
 5.27120e-03  1.76027e-02
 5.39967e-03  1.76828e-02

 5.04948e-03  1.76550e-02
 5.86293e-03  1.72829e-02
 5.77520e-03  1.74062e-02
 5.71223e-03  1.72686e-02
 5.86293e-03  1.72829e-02

 5.52552e-03  1.76550e-02
 6.31217e-03  1.69175e-02
 6.26830e-03  1.70624e-02
 6.16478e-03  1.69520e-02
 6.31217e-03  1.69175e-02

 6.00156e-03  1.76550e-02
 6.74809e-03  1.65909e-02
 6.73476e-03  1.67417e-02
 6.61085e-03  1.66547e-02
 6.74809e-03  1.65909e-02

 6.47760e-03  1.76550e-02
 7.17132e-03  1.63064e-02
 7.17866e-03  1.64576e-02
 7.04405e-03  1.63883e-02
 7.17132e-03  1.63064e-02

 6.95365e-03  1.76550e-02
 7.58254e-03  1.60673e-02
 7.60463e-03  1.62171e-02
 7.46390e-03  1.61613e-02
 7.58254e-03  1.60673e-02

 7.42969e-03  1.76550e-02
 7.98342e-03  1.58772e-02
 8.01670e-03  1.60249e-02
 7.87218e-03  1.59798e-02
 7.98342e-03  1.58772e-02

 7.90573e-03  1.76550e-02
 8.37539e-03  1.57412e-02
 8.41765e-03  1.58865e-02
 8.27065e-03  1.58505e-02
 8.37539e-03  1.57412e-02

 8.38177e-03  1.76550e-02
 8.76269e-03  1.56650e-02
 8.81238e-03  1.58080e-02
 8.66371e-03  1.57795e-02
 8.76269e-03  1.56650e-02

 8.85781e-03  1.76550e-02
 9.14666e-03  1.56597e-02
 9.20278e-03  1.58003e-02
 9.05298e-03  1.57786e-02
 9.14666e-03  1.56597e-02

 9.33385e-03  1.76550e-02
 9.53711e-03  1.57342e-02
 9.59858e-03  1.58726e-02
 9.44805e-03  1.58566e-02
 9.53711e-03  1.57342e-02

 9.80990e-03  1.76550e-02
 9.92920e-03  1.59148e-02
 9.99574e-03  1.60508e-02
 9.84472e-03  1.60404e-02
 9.92920e-03  1.59148e-02

 1.02859e-02  1.76550e-02
 1.03486e-02  1.62091e-02
 1.04185e-02  1.63434e-02
 1.02673e-02  1.63368e-02
 1.03486e-02  1.62091e-02

 1.07620e-02  1.76550e-02
 1.07620e-02  1.66967e-02
 1.08377e-02  1.68278e-02
 1.06863e-02  1.68278e-02
 1.07620e-02  1.66967e-02

 4.12760e-03  1.82250e-02
 5.41581e-03  1.86352e-02
 5.26794e-03  1.86675e-02
 5.31387e-03  1.85233e-02
 5.41581e-03  1.86352e-02

 4.60156e-03  1.82250e-02
 5.90264e-03  1.82348e-02
 5.77098e-03  1.83095e-02
 5.77212e-03  1.81581e-02
 5.90264e-03  1.82348e-02

 5.07552e-03  1.82250e-02
 6.36426e-03  1.78618e-02
 6.25862e-03  1.79702e-02
 6.21756e-03  1.78245e-02
 6.36426e-03  1.78618e-02

 5.54948e-03  1.82250e-02
 6.80204e-03  1.75219e-02
 6.72478e-03  1.76521e-02
 6.65068e-03  1.75201e-02
 6.80204e-03  1.75219e-02

 6.02344e-03  1.82250e-02
 7.21719e-03  1.72192e-02
 7.16571e-03  1.73616e-02
 7.06818e-03  1.72458e-02
 7.21719e-03  1.72192e-02

 6.49740e-03  1.82250e-02
 7.61131e-03  1.69570e-02
 7.58165e-03  1.71054e-02
 7.46793e-03  1.70055e-02
 7.61131e-03  1.69570e-02

 6.97135e-03  1.82250e-02
 7.98604e-03  1.67380e-02
 7.97467e-03  1.68889e-02
 7.84964e-03  1.68036e-02
 7.98604e-03  1.67380e-02

 7.44531e-03  1.82250e-02
 8.34421e-03  1.65650e-02
 8.34834e-03  1.67163e-02
 8.21523e-03  1.66442e-02
 8.34421e-03  1.65650e-02

 7.91927e-03  1.82250e-02
 8.68814e-03  1.64420e-02
 8.70573e-03  1.65923e-02
 8.56674e-03  1.65324e-02
 8.68814e-03  1.64420e-02

 8.39323e-03  1.82250e-02
 9.02415e-03  1.63736e-02
 9.05350e-03  1.65221e-02
 8.91023e-03  1.64733e-02
 9.02415e-03  1.63736e-02

 8.86719e-03  1.82250e-02
 9.35329e-03  1.63697e-02
 9.39328e-03  1.65157e-02
 9.24685e-03  1.64773e-02
 9.35329e-03  1.63697e-02

 9.34115e-03  1.82250e-02
 9.69061e-03  1.64381e-02
 9.73973e-03  1.65813e-02
 9.59118e-03  1.65522e-02
 9.69061e-03  1.64381e-02

 9.81510e-03  1.82250e-02
 1.00260e-02  1.66036e-02
 1.00841e-02  1.67433e-02
 9.93401e-03  1.67238e-02
 1.00260e-02  1.66036e-02

 1.02891e-02  1.82250e-02
 1.04038e-02  1.68737e-02
 1.04681e-02  1.70108e-02
 1.03173e-02  1.69980e-02
 1.04038e-02  1.68737e-02

 1.07630e-02  1.82250e-02
 1.07630e-02  1.73254e-02
 1.08387e-02  1.74564e-02
 1.06873e-02  1.74564e-02
 1.07630e-02  1.73254e-02

 4.15781e-03  1.87950e-02
 5.85819e-03  1.91405e-02
 5.71466e-03  1.91886e-02
 5.74480e-03  1.90402e-02
 5.85819e-03  1.91405e-02

 4.62969e-03  1.87950e-02
 6.35194e-03  1.87815e-02
 6.22145e-03  1.88582e-02
 6.22026e-03  1.87068e-02
 6.35194e-03  1.87815e-02

 5.10156e-03  1.87950e-02
 6.81103e-03  1.84477e-02
 6.69763e-03  1.85479e-02
 6.66749e-03  1.83996e-02
 6.81103e-03  1.84477e-02

 5.57344e-03  1.87950e-02
 7.23719e-03  1.81448e-02
 7.14264e-03  1.82630e-02
 7.08754e-03  1.81220e-02
 7.23719e-03  1.81448e-02

 6.04531e-03  1.87950e-02
 7.63255e-03  1.78766e-02
 7.55699e-03  1.80077e-02
 7.48118e-03  1.78767e-02
 7.63255e-03  1.78766e-02

 6.51719e-03  1.87950e-02
 7.99960e-03  1.76460e-02
 7.94236e-03  1.77861e-02
 7.84963e-03  1.76665e-02
 7.99960e-03  1.76460e-02

 6.98906e-03  1.87950e-02
 8.34092e-03  1.74549e-02
 8.30110e-03  1.76010e-02
 8.19454e-03  1.74935e-02
 8.34092e-03  1.74549e-02

 7.46094e-03  1.87950e-02
 8.66075e-03  1.73055e-02
 8.63746e-03  1.74550e-02
 8.51958e-03  1.73601e-02
 8.66075e-03  1.73055e-02

 7.93281e-03  1.87950e-02
 8.96211e-03  1.72005e-02
 8.95460e-03  1.73517e-02
 8.82743e-03  1.72696e-02
 8.96211e-03  1.72005e-02

 8.40469e-03  1.87950e-02
 9.25317e-03  1.71434e-02
 9.26059e-03  1.72946e-02
 9.12595e-03  1.72255e-02
 9.25317e-03  1.71434e-02

 8.87656e-03  1.87950e-02
 9.53462e-03  1.71425e-02
 9.55643e-03  1.72923e-02
 9.41580e-03  1.72363e-02
 9.53462e-03  1.71425e-02

 9.34844e-03  1.87950e-02
 9.82592e-03  1.72046e-02
 9.86072e-03  1.73519e-02
 9.71574e-03  1.73084e-02
 9.82592e-03  1.72046e-02

 9.82031e-03  1.87950e-02
 1.01120e-02  1.73513e-02
 1.01602e-02  1.74948e-02
 1.00118e-02  1.74648e-02
 1.01120e-02  1.73513e-02

 1.02922e-02  1.87950e-02
 1.04535e-02  1.75906e-02
 1.05111e-02  1.77305e-02
 1.03611e-02  1.77105e-02
 1.04535e-02  1.75906e-02

 1.07641e-02  1.87950e-02
 1.07641e-02  1.79898e-02
 1.08397e-02  1.81209e-02
 1.06884e-02  1.81209e-02
 1.07641e-02  1.79898e-02

 4.18802e-03  1.93650e-02
 6.22625e-03  1.96323e-02
 6.08644e-03  1.96903e-02
 6.10612e-03  1.95402e-02
 6.22625e-03  1.96323e-02

 4.65781e-03  1.93650e-02
 6.72261e-03  1.93244e-02
 6.59304e-03  1.94026e-02
 6.59006e-03  1.92513e-02
 6.72261e-03  1.93244e-02

 5.12760e-03  1.93650e-02
 7.17643e-03  1.90394e-02
 7.05885e-03  1.91348e-02
 7.03509e-03  1.89853e-02
 7.17643e-03  1.90394e-02

 5.59740e-03  1.93650e-02
 7.58999e-03  1.87824e-02
 7.48541e-03  1.88919e-02
 7.44293e-03  1.87466e-02
 7.58999e-03  1.87824e-02

 6.06719e-03  1.93650e-02
 7.96624e-03  1.85568e-02
 7.87526e-03  1.86777e-02
 7.81598e-03  1.85385e-02
 7.96624e-03  1.85568e-02

 6.53698e-03  1.93650e-02
 8.30858e-03  1.83645e-02
 8.23165e-03  1.84949e-02
 8.15722e-03  1.83631e-02
 8.30858e-03  1.83645e-02

 7.00677e-03  1.93650e-02
 8.62080e-03  1.82071e-02
 8.55840e-03  1.83450e-02
 8.47017e-03  1.82220e-02
 8.62080e-03  1.82071e-02

 7.47656e-03  1.93650e-02
 8.90834e-03  1.80856e-02
 8.86102e-03  1.82294e-02
 8.76017e-03  1.81165e-02
 8.90834e-03  1.80856e-02

 7.94635e-03  1.93650e-02
 9.17485e-03  1.80018e-02
 9.14331e-03  1.81498e-02
 9.03087e-03  1.80485e-02
 9.17485e-03  1.80018e-02

 8.41615e-03  1.93650e-02
 9.43000e-03  1.79581e-02
 9.41476e-03  1.81087e-02
 9.29196e-03  1.80202e-02
 9.43000e-03  1.79581e-02

 8.88594e-03  1.93650e-02
 9.67426e-03  1.79610e-02
 9.67607e-03  1.81124e-02
 9.54409e-03  1.80382e-02
 9.67426e-03  1.79610e-02

 9.35573e-03  1.93650e-02
 9.93002e-03  1.80163e-02
 9.94830e-03  1.81666e-02
 9.80903e-03  1.81073e-02
 9.93002e-03  1.80163e-02

 9.82552e-03  1.93650e-02
 1.01784e-02  1.81416e-02
 1.02148e-02  1.82885e-02
 1.00693e-02  1.82466e-02
 1.01784e-02  1.81416e-02

 1.02953e-02  1.93650e-02
 1.04918e-02  1.83451e-02
 1.05413e-02  1.84881e-02
 1.03927e-02  1.84595e-02
 1.04918e-02  1.83451e-02

 1.07651e-02  1.93650e-02
 1.07651e-02  1.86797e-02
 1.08408e-02  1.88108e-02
 1.06894e-02  1.88108e-02
 1.07651e-02  1.86797e-02

 4.21823e-03  1.99350e-02
 6.48366e-03  2.01189e-02
 6.34688e-03  2.01837e-02
 6.35913e-03  2.00329e-02
 6.48366e-03  2.01189e-02

 4.68594e-03  1.99350e-02
 6.97733e-03  1.98727e-02
 6.84835e-03  1.99519e-02
 6.84423e-03  1.98006e-02
 6.97733e-03  1.98727e-02

 5.15365e-03  1.99350e-02
 7.42294e-03  1.96463e-02
 7.30245e-03  1.97379e-02
 7.28335e-03  1.95877e-02
 7.42294e-03  1.96463e-02

 5.62135e-03  1.99350e-02
 7.82344e-03  1.94438e-02
 7.71197e-03  1.95462e-02
 7.67902e-03  1.93985e-02
 7.82344e-03  1.94438e-02

 6.08906e-03  1.99350e-02
 8.18262e-03  1.92678e-02
 8.08070e-03  1.93797e-02
 8.03474e-03  1.92355e-02
 8.18262e-03  1.92678e-02

 6.55677e-03  1.99350e-02
 8.50501e-03  1.91197e-02
 8.41331e-03  1.92401e-02
 8.35487e-03  1.91005e-02
 8.50501e-03  1.91197e-02

 7.02448e-03  1.99350e-02
 8.79532e-03  1.90000e-02
 8.71474e-03  1.91281e-02
 8.64406e-03  1.89943e-02
 8.79532e-03  1.90000e-02

 7.49219e-03  1.99350e-02
 9.05989e-03  1.89091e-02
 8.99165e-03  1.90442e-02
 8.90876e-03  1.89176e-02
 9.05989e-03  1.89091e-02

 7.95990e-03  1.99350e-02
 9.30305e-03  1.88480e-02
 9.24877e-03  1.89893e-02
 9.15354e-03  1.88716e-02
 9.30305e-03  1.88480e-02

 8.42760e-03  1.99350e-02
 9.53516e-03  1.88182e-02
 9.49659e-03  1.89646e-02
 9.38911e-03  1.88580e-02
 9.53516e-03  1.88182e-02

 8.89531e-03  1.99350e-02
 9.75667e-03  1.88244e-02
 9.73613e-03  1.89744e-02
 9.61652e-03  1.88816e-02
 9.75667e-03  1.88244e-02

 9.36302e-03  1.99350e-02
 9.99131e-03  1.88719e-02
 9.98977e-03  1.90233e-02
 9.85946e-03  1.89463e-02
 9.99131e-03  1.88719e-02

 9.83073e-03  1.99350e-02
 1.02179e-02  1.89731e-02
 1.02392e-02  1.91230e-02
 1.00987e-02  1.90665e-02
 1.02179e-02  1.89731e-02

 1.02984e-02  1.99350e-02
 1.05152e-02  1.91369e-02
 1.05539e-02  1.92833e-02
 1.04078e-02  1.92436e-02
 1.05152e-02  1.91369e-02

 1.07661e-02  1.99350e-02
 1.07661e-02  1.93964e-02
 1.08418e-02  1.95275e-02
 1.06905e-02  1.95275e-02
 1.07661e-02  1.93964e-02

 4.24844e-03  2.05050e-02
 6.60151e-03  2.06085e-02
 6.46722e-03  2.06784e-02
 6.47388e-03  2.05272e-02
 6.60151e-03  2.06085e-02

 4.71406e-03  2.05050e-02
 7.08538e-03  2.04256e-02
 6.95689e-03  2.05057e-02
 6.95183e-03  2.03544e-02
 7.08538e-03  2.04256e-02

 5.17969e-03  2.05050e-02
 7.51914e-03  2.02591e-02
 7.39668e-03  2.03481e-02
 7.38086e-03  2.01975e-02
 7.51914e-03  2.02591e-02

 5.64531e-03  2.05050e-02
 7.90628e-03  2.01118e-02
 7.79010e-03  2.02089e-02
 7.76416e-03  2.00597e-02
 7.90628e-03  2.01118e-02

 6.11094e-03  2.05050e-02
 8.25157e-03  1.99855e-02
 8.14203e-03  2.00900e-02
 8.10633e-03  1.99429e-02
 8.25157e-03  1.99855e-02

 6.57656e-03  2.05050e-02
 8.56053e-03  1.98807e-02
 8.45820e-03  1.99922e-02
 8.41277e-03  1.98478e-02
 8.56053e-03  1.98807e-02

 7.04219e-03  2.05050e-02
 8.83838e-03  1.97974e-02
 8.74416e-03  1.99159e-02
 8.68868e-03  1.97750e-02
 8.83838e-03  1.97974e-02

 7.50781e-03  2.05050e-02
 9.09202e-03  1.97355e-02
 9.00718e-03  1.98608e-02
 8.94104e-03  1.97247e-02
 9.09202e-03  1.97355e-02

 7.97344e-03  2.05050e-02
 9.32605e-03  1.96952e-02
 9.25246e-03  1.98275e-02
 9.17470e-03  1.96976e-02
 9.32605e-03  1.96952e-02

 8.43906e-03  2.05050e-02
 9.55100e-03  1.96776e-02
 9.49102e-03  1.98166e-02
 9.40066e-03  1.96952e-02
 9.55100e-03  1.96776e-02

 8.90469e-03  2.05050e-02
 9.76695e-03  1.96858e-02
 9.72404e-03  1.98310e-02
 9.61978e-03  1.97212e-02
 9.76695e-03  1.96858e-02

 9.37031e-03  2.05050e-02
 9.99771e-03  1.97242e-02
 9.97459e-03  1.98738e-02
 9.85660e-03  1.97790e-02
 9.99771e-03  1.97242e-02

 9.83594e-03  2.05050e-02
 1.02217e-02  1.98005e-02
 1.02251e-02  1.99518e-02
 1.00923e-02  1.98791e-02
 1.02217e-02  1.98005e-02

 1.03016e-02  2.05050e-02
 1.05168e-02  1.99241e-02
 1.05422e-02  2.00733e-02
 1.04003e-02  2.00207e-02
 1.05168e-02  1.99241e-02

 1.07672e-02  2.05050e-02
 1.07672e-02  2.01087e-02
 1.08429e-02  2.02398e-02
 1.06915e-02  2.02398e-02
 1.07672e-02  2.01087e-02

 4.27865e-03  2.10750e-02
 6.51464e-03  2.11180e-02
 6.38212e-03  2.11911e-02
 6.38503e-03  2.10398e-02
 6.51464e-03  2.11180e-02

 4.74219e-03  2.10750e-02
 6.98507e-03  2.10057e-02
 6.85638e-03  2.10854e-02
 6.85170e-03  2.09341e-02
 6.98507e-03  2.10057e-02

 5.20573e-03  2.10750e-02
 7.40797e-03  2.09046e-02
 7.28311e-03  2.09902e-02
 7.27143e-03  2.08393e-02
 7.40797e-03  2.09046e-02

 5.66927e-03  2.10750e-02
 7.78742e-03  2.08165e-02
 7.66647e-03  2.09075e-02
 7.64813e-03  2.07572e-02
 7.78742e-03  2.08165e-02

 6.13281e-03  2.10750e-02
 8.12874e-03  2.07419e-02
 8.01190e-03  2.08381e-02
 7.98698e-03  2.06888e-02
 8.12874e-03  2.07419e-02

 6.59635e-03  2.10750e-02
 8.43766e-03  2.06811e-02
 8.32530e-03  2.07825e-02
 8.29364e-03  2.06345e-02
 8.43766e-03  2.06811e-02

 7.05990e-03  2.10750e-02
 8.71948e-03  2.06335e-02
 8.61226e-03  2.07404e-02
 8.57334e-03  2.05941e-02
 8.71948e-03  2.06335e-02

 7.52344e-03  2.10750e-02
 8.98103e-03  2.05990e-02
 8.87991e-03  2.07116e-02
 8.83292e-03  2.05677e-02
 8.98103e-03  2.05990e-02

 7.98698e-03  2.10750e-02
 9.22652e-03  2.05773e-02
 9.13308e-03  2.06964e-02
 9.07668e-03  2.05559e-02
 9.22652e-03  2.05773e-02

 8.45052e-03  2.10750e-02
 9.46566e-03  2.05693e-02
 9.38208e-03  2.06955e-02
 9.31458e-03  2.05600e-02
 9.46566e-03  2.05693e-02

 8.91406e-03  2.10750e-02
 9.69829e-03  2.05765e-02
 9.62826e-03  2.07107e-02
 9.54707e-03  2.05830e-02
 9.69829e-03  2.05765e-02

 9.37760e-03  2.10750e-02
 9.94627e-03  2.06029e-02
 9.89375e-03  2.07449e-02
 9.79707e-03  2.06284e-02
 9.94627e-03  2.06029e-02

 9.84115e-03  2.10750e-02
 1.01894e-02  2.06516e-02
 1.01646e-02  2.08009e-02
 1.00477e-02  2.07048e-02
 1.01894e-02  2.06516e-02

 1.03047e-02  2.10750e-02
 1.04997e-02  2.07326e-02
 1.05006e-02  2.08840e-02
 1.03690e-02  2.08091e-02
 1.04997e-02  2.07326e-02

 1.07682e-02  2.10750e-02
 1.07682e-02  2.08396e-02
 1.08439e-02  2.09707e-02
 1.06925e-02  2.09707e-02
 1.07682e-02  2.08396e-02

 4.30885e-03  2.16450e-02
 6.20404e-03  2.16413e-02
 6.07311e-03  2.17172e-02
 6.07281e-03  2.15658e-02
 6.20404e-03  2.16413e-02

 4.77031e-03  2.16450e-02
 6.65756e-03  2.15805e-02
 6.52913e-03  2.16606e-02
 6.52396e-03  2.15093e-02
 6.65756e-03  2.15805e-02

 5.23177e-03  2.16450e-02
 7.07148e-03  2.15265e-02
 6.94553e-03  2.16105e-02
 6.93580e-03  2.14594e-02
 7.07148e-03  2.15265e-02

 5.69323e-03  2.16450e-02
 7.45030e-03  2.14802e-02
 7.32685e-03  2.15678e-02
 7.31272e-03  2.14171e-02
 7.45030e-03  2.14802e-02

 6.15469e-03  2.16450e-02
 7.79906e-03  2.14417e-02
 7.67825e-03  2.15329e-02
 7.65968e-03  2.13827e-02
 7.79906e-03  2.14417e-02

 6.61615e-03  2.16450e-02
 8.12300e-03  2.14108e-02
 8.00509e-03  2.15057e-02
 7.98185e-03  2.13562e-02
 8.12300e-03  2.14108e-02

 7.07760e-03  2.16450e-02
 8.42689e-03  2.13872e-02
 8.31234e-03  2.14861e-02
 8.28393e-03  2.13374e-02
 8.42689e-03  2.13872e-02

 7.53906e-03  2.16450e-02
 8.71639e-03  2.13705e-02
 8.60591e-03  2.14740e-02
 8.57155e-03  2.13266e-02
 8.71639e-03  2.13705e-02

 8.00052e-03  2.16450e-02
 8.99477e-03  2.13606e-02
 8.88956e-03  2.14694e-02
 8.84793e-03  2.13239e-02
 8.99477e-03  2.13606e-02

 8.46198e-03  2.16450e-02
 9.26990e-03  2.13580e-02
 9.17171e-03  2.14732e-02
 9.12104e-03  2.13305e-02
 9.26990e-03  2.13580e-02

 8.92344e-03  2.16450e-02
 9.54125e-03  2.13630e-02
 9.45342e-03  2.14863e-02
 9.39057e-03  2.13486e-02
 9.54125e-03  2.13630e-02

 9.38490e-03  2.16450e-02
 9.82739e-03  2.13789e-02
 9.75406e-03  2.15113e-02
 9.67604e-03  2.13816e-02
 9.82739e-03  2.13789e-02

 9.84635e-03  2.16450e-02
 1.01114e-02  2.14049e-02
 1.00651e-02  2.15490e-02
 9.96347e-03  2.14368e-02
 1.01114e-02  2.14049e-02

 1.03078e-02  2.16450e-02
 1.04530e-02  2.14515e-02
 1.04348e-02  2.16018e-02
 1.03138e-02  2.15110e-02
 1.04530e-02  2.14515e-02

 1.07693e-02  2.16450e-02
 1.07693e-02  2.15038e-02
 1.08450e-02  2.16349e-02
 1.06936e-02  2.16349e-02
 1.07693e-02  2.15038e-02

 4.33906e-03  2.22150e-02
 5.52260e-03  2.22150e-02
 5.39151e-03  2.22907e-02
 5.39151e-03  2.21393e-02
 5.52260e-03  2.22150e-02

 4.79844e-03  2.22150e-02
 5.97146e-03  2.22150e-02
 5.84037e-03  2.22907e-02
 5.84037e-03  2.21393e-02
 5.97146e-03  2.22150e-02

 5.25781e-03  2.22150e-02
 6.39609e-03  2.22150e-02
 6.26500e-03  2.22907e-02
 6.26500e-03  2.21393e-02
 6.39609e-03  2.22150e-02

 5.71719e-03  2.22150e-02
 6.79976e-03  2.22150e-02
 6.66868e-03  2.22907e-02
 6.66868e-03  2.21393e-02
 6.79976e-03  2.22150e-02

 6.17656e-03  2.22150e-02
 7.18573e-03  2.22150e-02
 7.05464e-03  2.22907e-02
 7.05464e-03  2.21393e-02
 7.18573e-03  2.22150e-02

 6.63594e-03  2.22150e-02
 7.55738e-03  2.22150e-02
 7.42630e-03  2.22907e-02
 7.42630e-03  2.21393e-02
 7.55738e-03  2.22150e-02

 7.09531e-03  2.22150e-02
 7.91776e-03  2.22150e-02
 7.78668e-03  2.22907e-02
 7.78668e-03  2.21393e-02
 7.91776e-03  2.22150e-02

 7.55469e-03  2.22150e-02
 8.27033e-03  2.22150e-02
 8.13924e-03  2.22907e-02
 8.13924e-03  2.21393e-02
 8.27033e-03  2.22150e-02

 8.01406e-03  2.22150e-02
 8.61702e-03  2.22150e-02
 8.48593e-03  2.22907e-02
 8.48593e-03  2.21393e-02
 8.61702e-03  2.22150e-02

 8.47344e-03  2.22150e-02
 8.96280e-03  2.22150e-02
 8.83171e-03  2.22907e-02
 8.83171e-03  2.21393e-02
 8.96280e-03  2.22150e-02

 8.93281e-03  2.22150e-02
 9.30670e-03  2.22150e-02
 9.17562e-03  2.22907e-02
 9.17562e-03  2.21393e-02
 9.30670e-03  2.22150e-02

 9.39219e-03  2.22150e-02
 9.66094e-03  2.22150e-02
 9.52985e-03  2.22907e-02
 9.52985e-03  2.21393e-02
 9.66094e-03  2.22150e-02

 9.85156e-03  2.22150e-02
 1.00129e-02  2.22150e-02
 9.88181e-03  2.22907e-02
 9.88181e-03  2.21393e-02
 1.00129e-02  2.22150e-02

 1.03109e-02  2.22150e-02
 1.04022e-02  2.22150e-02
 1.02711e-02  2.22907e-02
 1.02711e-02  2.21393e-02
 1.04022e-02  2.22150e-02

 1.07703e-02  2.22150e-02
 1.07703e-02  2.22150e-02
 1.07287e-02  2.20695e-02
 1.08755e-02  2.21062e-02
 1.07703e-02  2.22150e-02

