#[ Fluid velocity 2D plot data file: flw.dat ]
 1.95313e-04  1.13850e-02
 1.95313e-04  1.13850e-02
 1.19629e-04  1.12539e-02
 2.70996e-04  1.12539e-02
 1.95313e-04  1.13850e-02

 5.85937e-04  1.13850e-02
 3.57373e-04  1.13850e-02
 4.88461e-04  1.13093e-02
 4.88461e-04  1.14607e-02
 3.57373e-04  1.13850e-02

 9.76562e-04  1.13850e-02
 6.48800e-04  1.13850e-02
 7.79888e-04  1.13093e-02
 7.79888e-04  1.14607e-02
 6.48800e-04  1.13850e-02

 1.36719e-03  1.13850e-02
 9.00175e-04  1.13850e-02
 1.03126e-03  1.13093e-02
 1.03126e-03  1.14607e-02
 9.00175e-04  1.13850e-02

 1.75781e-03  1.13850e-02
 1.18257e-03  1.13850e-02
 1.31366e-03  1.13093e-02
 1.31366e-03  1.14607e-02
 1.18257e-03  1.13850e-02

 2.14844e-03  1.13850e-02
 1.46509e-03  1.13850e-02
 1.59618e-03  1.13093e-02
 1.59618e-03  1.14607e-02
 1.46509e-03  1.13850e-02

 2.53906e-03  1.13850e-02
 1.76512e-03  1.13850e-02
 1.89621e-03  1.13093e-02
 1.89621e-03  1.14607e-02
 1.76512e-03  1.13850e-02

 2.92969e-03  1.13850e-02
 2.07795e-03  1.13850e-02
 2.20903e-03  1.13093e-02
 2.20903e-03  1.14607e-02
 2.07795e-03  1.13850e-02

 3.32031e-03  1.13850e-02
 2.40863e-03  1.13850e-02
 2.53972e-03  1.13093e-02
 2.53972e-03  1.14607e-02
 2.40863e-03  1.13850e-02

 1.97049e-04  1.19550e-02
 1.97049e-04  1.24211e-02
 1.21365e-04  1.22900e-02
 2.72732e-04  1.22900e-02
 1.97049e-04  1.24211e-02

 5.91146e-04  1.19550e-02
 2.16293e-04  1.23984e-02
 2.43124e-04  1.22495e-02
 3.58720e-04  1.23472e-02
 2.16293e-04  1.23984e-02

 9.85243e-04  1.19550e-02
 4.41843e-04  1.23821e-02
 4.98135e-04  1.22416e-02
 5.91675e-04  1.23606e-02
 4.41843e-04  1.23821e-02

 1.37934e-03  1.19550e-02
 6.03433e-04  1.23577e-02
 6.84922e-04  1.22301e-02
 7.54648e-04  1.23645e-02
 6.03433e-04  1.23577e-02

 1.77344e-03  1.19550e-02
 8.18312e-04  1.23280e-02
 9.12890e-04  1.22098e-02
 9.67950e-04  1.23508e-02
 8.18312e-04  1.23280e-02

 2.16753e-03  1.19550e-02
 1.03697e-03  1.22910e-02
 1.14107e-03  1.21811e-02
 1.18419e-03  1.23262e-02
 1.03697e-03  1.22910e-02

 2.56163e-03  1.19550e-02
 1.28742e-03  1.22473e-02
 1.39827e-03  1.21442e-02
 1.43212e-03  1.22917e-02
 1.28742e-03  1.22473e-02

 2.95573e-03  1.19550e-02
 1.56103e-03  1.21963e-02
 1.67730e-03  1.20994e-02
 1.70311e-03  1.22485e-02
 1.56103e-03  1.21963e-02

 3.34983e-03  1.19550e-02
 1.86469e-03  1.21396e-02
 1.98544e-03  1.20483e-02
 2.00411e-03  1.21985e-02
 1.86469e-03  1.21396e-02

 1.98785e-04  1.25250e-02
 1.98785e-04  1.32840e-02
 1.23101e-04  1.31529e-02
 2.74468e-04  1.31529e-02
 1.98785e-04  1.32840e-02

 5.96354e-04  1.25250e-02
 1.78021e-04  1.32689e-02
 1.76310e-04  1.31175e-02
 3.08245e-04  1.31917e-02
 1.78021e-04  1.32689e-02

 9.93924e-04  1.25250e-02
 3.78730e-04  1.32353e-02
 4.07338e-04  1.30867e-02
 5.21759e-04  1.31858e-02
 3.78730e-04  1.32353e-02

 1.39149e-03  1.25250e-02
 5.11900e-04  1.31887e-02
 5.70953e-04  1.30493e-02
 6.62126e-04  1.31702e-02
 5.11900e-04  1.31887e-02

 1.78906e-03  1.25250e-02
 7.06183e-04  1.31275e-02
 7.83936e-04  1.29976e-02
 8.57531e-04  1.31299e-02
 7.06183e-04  1.31275e-02

 2.18663e-03  1.25250e-02
 9.08565e-04  1.30548e-02
 1.00068e-03  1.29347e-02
 1.05864e-03  1.30745e-02
 9.08565e-04  1.30548e-02

 2.58420e-03  1.25250e-02
 1.14947e-03  1.29718e-02
 1.25212e-03  1.28606e-02
 1.29713e-03  1.30051e-02
 1.14947e-03  1.29718e-02

 2.98177e-03  1.25250e-02
 1.41823e-03  1.28810e-02
 1.52924e-03  1.27781e-02
 1.56284e-03  1.29257e-02
 1.41823e-03  1.28810e-02

 3.37934e-03  1.25250e-02
 1.72043e-03  1.27853e-02
 1.83821e-03  1.26902e-02
 1.86167e-03  1.28397e-02
 1.72043e-03  1.27853e-02

 2.00521e-04  1.30950e-02
 2.00521e-04  1.42531e-02
 1.24837e-04  1.41220e-02
 2.76204e-04  1.41220e-02
 2.00521e-04  1.42531e-02

 6.01563e-04  1.30950e-02
 1.85197e-04  1.42468e-02
 1.58585e-04  1.40978e-02
 3.00937e-04  1.41493e-02
 1.85197e-04  1.42468e-02

 1.00260e-03  1.30950e-02
 3.88887e-04  1.41931e-02
 3.86775e-04  1.40417e-02
 5.18906e-04  1.41156e-02
 3.88887e-04  1.41931e-02

 1.40365e-03  1.30950e-02
 5.24734e-04  1.41189e-02
 5.52687e-04  1.39702e-02
 6.67543e-04  1.40687e-02
 5.24734e-04  1.41189e-02

 1.80469e-03  1.30950e-02
 7.21960e-04  1.40181e-02
 7.72611e-04  1.38755e-02
 8.70816e-04  1.39907e-02
 7.21960e-04  1.40181e-02

 2.20573e-03  1.30950e-02
 9.27738e-04  1.39000e-02
 9.98315e-04  1.37661e-02
 1.07899e-03  1.38942e-02
 9.27738e-04  1.39000e-02

 2.60677e-03  1.30950e-02
 1.17257e-03  1.37672e-02
 1.25915e-03  1.36430e-02
 1.32339e-03  1.37801e-02
 1.17257e-03  1.37672e-02

 3.00781e-03  1.30950e-02
 1.44555e-03  1.36254e-02
 1.54535e-03  1.35116e-02
 1.59401e-03  1.36549e-02
 1.44555e-03  1.36254e-02

 3.40885e-03  1.30950e-02
 1.75207e-03  1.34794e-02
 1.86266e-03  1.33761e-02
 1.89687e-03  1.35235e-02
 1.75207e-03  1.34794e-02

 2.02257e-04  1.36650e-02
 2.02257e-04  1.51464e-02
 1.26573e-04  1.50153e-02
 2.77940e-04  1.50153e-02
 2.02257e-04  1.51464e-02

 6.06771e-04  1.36650e-02
 2.30556e-04  1.51495e-02
 1.89394e-04  1.50039e-02
 3.36123e-04  1.50411e-02
 2.30556e-04  1.51495e-02

 1.01128e-03  1.36650e-02
 4.57509e-04  1.50793e-02
 4.34830e-04  1.49296e-02
 5.75777e-04  1.49848e-02
 4.57509e-04  1.50793e-02

 1.41580e-03  1.36650e-02
 6.20895e-04  1.49814e-02
 6.23870e-04  1.48300e-02
 7.53445e-04  1.49083e-02
 6.20895e-04  1.49814e-02

 1.82031e-03  1.36650e-02
 8.40363e-04  1.48457e-02
 8.65848e-04  1.46965e-02
 9.82322e-04  1.47931e-02
 8.40363e-04  1.48457e-02

 2.22483e-03  1.36650e-02
 1.06649e-03  1.46877e-02
 1.11467e-03  1.45442e-02
 1.21485e-03  1.46577e-02
 1.06649e-03  1.46877e-02

 2.62934e-03  1.36650e-02
 1.32804e-03  1.45114e-02
 1.39666e-03  1.43765e-02
 1.47919e-03  1.45033e-02
 1.32804e-03  1.45114e-02

 3.03385e-03  1.36650e-02
 1.61486e-03  1.43256e-02
 1.70176e-03  1.42017e-02
 1.76565e-03  1.43389e-02
 1.61486e-03  1.43256e-02

 3.43837e-03  1.36650e-02
 1.93234e-03  1.41367e-02
 2.03482e-03  1.40253e-02
 2.08006e-03  1.41698e-02
 1.93234e-03  1.41367e-02

 2.03993e-04  1.42350e-02
 2.03993e-04  1.60167e-02
 1.28310e-04  1.58857e-02
 2.79677e-04  1.58857e-02
 2.03993e-04  1.60167e-02

 6.11979e-04  1.42350e-02
 2.99323e-04  1.60264e-02
 2.47306e-04  1.58842e-02
 3.96418e-04  1.59102e-02
 2.99323e-04  1.60264e-02

 1.01997e-03  1.42350e-02
 5.60907e-04  1.59423e-02
 5.21856e-04  1.57961e-02
 6.68032e-04  1.58354e-02
 5.60907e-04  1.59423e-02

 1.42795e-03  1.42350e-02
 7.67220e-04  1.58237e-02
 7.47676e-04  1.56736e-02
 8.87438e-04  1.57318e-02
 7.67220e-04  1.58237e-02

 1.83594e-03  1.42350e-02
 1.02007e-03  1.56575e-02
 1.01963e-03  1.55062e-02
 1.15094e-03  1.55815e-02
 1.02007e-03  1.56575e-02

 2.24392e-03  1.42350e-02
 1.27707e-03  1.54642e-02
 1.29863e-03  1.53144e-02
 1.41760e-03  1.54079e-02
 1.27707e-03  1.54642e-02

 2.65191e-03  1.42350e-02
 1.56313e-03  1.52488e-02
 1.60749e-03  1.51041e-02
 1.71064e-03  1.52148e-02
 1.56313e-03  1.52488e-02

 3.05990e-03  1.42350e-02
 1.86970e-03  1.50228e-02
 1.93724e-03  1.48873e-02
 2.02078e-03  1.50135e-02
 1.86970e-03  1.50228e-02

 3.46788e-03  1.42350e-02
 2.20192e-03  1.47937e-02
 2.29129e-03  1.46715e-02
 2.35241e-03  1.48100e-02
 2.20192e-03  1.47937e-02

 2.05729e-04  1.48050e-02
 2.05729e-04  1.68098e-02
 1.30046e-04  1.66787e-02
 2.81413e-04  1.66787e-02
 2.05729e-04  1.68098e-02

 6.17187e-04  1.48050e-02
 3.83636e-04  1.68233e-02
 3.23523e-04  1.66843e-02
 4.73887e-04  1.67017e-02
 3.83636e-04  1.68233e-02

 1.02865e-03  1.48050e-02
 6.86768e-04  1.67299e-02
 6.35175e-04  1.65876e-02
 7.84210e-04  1.66140e-02
 6.86768e-04  1.67299e-02

 1.44010e-03  1.48050e-02
 9.46073e-04  1.65962e-02
 9.07967e-04  1.64497e-02
 1.05389e-03  1.64900e-02
 9.46073e-04  1.65962e-02

 1.85156e-03  1.48050e-02
 1.23988e-03  1.64076e-02
 1.21592e-03  1.62581e-02
 1.35733e-03  1.63121e-02
 1.23988e-03  1.64076e-02

 2.26302e-03  1.48050e-02
 1.53516e-03  1.61877e-02
 1.52925e-03  1.60365e-02
 1.66319e-03  1.61070e-02
 1.53516e-03  1.61877e-02

 2.67448e-03  1.48050e-02
 1.85157e-03  1.59427e-02
 1.86708e-03  1.57921e-02
 1.98972e-03  1.58808e-02
 1.85157e-03  1.59427e-02

 3.08594e-03  1.48050e-02
 2.18266e-03  1.56857e-02
 2.22368e-03  1.55400e-02
 2.32935e-03  1.56484e-02
 2.18266e-03  1.56857e-02

 3.49740e-03  1.48050e-02
 2.53311e-03  1.54253e-02
 2.60241e-03  1.52907e-02
 2.68431e-03  1.54180e-02
 2.53311e-03  1.54253e-02

 2.07465e-04  1.53750e-02
 2.07465e-04  1.75376e-02
 1.31782e-04  1.74065e-02
 2.83149e-04  1.74065e-02
 2.07465e-04  1.75376e-02

 6.22396e-04  1.53750e-02
 4.75434e-04  1.75523e-02
 4.08750e-04  1.74164e-02
 5.59773e-04  1.74266e-02
 4.75434e-04  1.75523e-02

 1.03733e-03  1.53750e-02
 8.22961e-04  1.74537e-02
 7.61123e-04  1.73156e-02
 9.11692e-04  1.73311e-02
 8.22961e-04  1.74537e-02

 1.45226e-03  1.53750e-02
 1.14027e-03  1.73102e-02
 1.08642e-03  1.71688e-02
 1.23586e-03  1.71929e-02
 1.14027e-03  1.73102e-02

 1.86719e-03  1.53750e-02
 1.47874e-03  1.71069e-02
 1.43358e-03  1.69624e-02
 1.58128e-03  1.69955e-02
 1.47874e-03  1.71069e-02

 2.28212e-03  1.53750e-02
 1.81631e-03  1.68689e-02
 1.78308e-03  1.67212e-02
 1.92758e-03  1.67663e-02
 1.81631e-03  1.68689e-02

 2.69705e-03  1.53750e-02
 2.16641e-03  1.66032e-02
 2.14892e-03  1.64528e-02
 2.28788e-03  1.65129e-02
 2.16641e-03  1.66032e-02

 3.11198e-03  1.53750e-02
 2.52505e-03  1.63240e-02
 2.52964e-03  1.61727e-02
 2.65837e-03  1.62523e-02
 2.52505e-03  1.63240e-02

 3.52691e-03  1.53750e-02
 2.89588e-03  1.60405e-02
 2.93115e-03  1.58933e-02
 3.04099e-03  1.59975e-02
 2.89588e-03  1.60405e-02

 2.09201e-04  1.59450e-02
 2.09201e-04  1.81878e-02
 1.33518e-04  1.80567e-02
 2.84885e-04  1.80567e-02
 2.09201e-04  1.81878e-02

 6.27604e-04  1.59450e-02
 5.69486e-04  1.82019e-02
 4.97202e-04  1.80689e-02
 6.48519e-04  1.80728e-02
 5.69486e-04  1.82019e-02

 1.04601e-03  1.59450e-02
 9.61885e-04  1.81021e-02
 8.91367e-04  1.79681e-02
 1.04262e-03  1.79740e-02
 9.61885e-04  1.81021e-02

 1.46441e-03  1.59450e-02
 1.33902e-03  1.79542e-02
 1.27165e-03  1.78187e-02
 1.42273e-03  1.78281e-02
 1.33902e-03  1.79542e-02

 1.88281e-03  1.59450e-02
 1.72364e-03  1.77441e-02
 1.65981e-03  1.76069e-02
 1.81058e-03  1.76202e-02
 1.72364e-03  1.77441e-02

 2.30122e-03  1.59450e-02
 2.10551e-03  1.74971e-02
 2.04682e-03  1.73576e-02
 2.19699e-03  1.73765e-02
 2.10551e-03  1.74971e-02

 2.71962e-03  1.59450e-02
 2.49127e-03  1.72205e-02
 2.43988e-03  1.70781e-02
 2.58887e-03  1.71048e-02
 2.49127e-03  1.72205e-02

 3.13802e-03  1.59450e-02
 2.87943e-03  1.69290e-02
 2.83955e-03  1.67829e-02
 2.98595e-03  1.68214e-02
 2.87943e-03  1.69290e-02

 3.55642e-03  1.59450e-02
 3.27239e-03  1.66321e-02
 3.25253e-03  1.64820e-02
 3.39241e-03  1.65399e-02
 3.27239e-03  1.66321e-02

 2.10937e-04  1.65150e-02
 2.10937e-04  1.87666e-02
 1.35254e-04  1.86355e-02
 2.86621e-04  1.86355e-02
 2.10938e-04  1.87666e-02

 6.32812e-04  1.65150e-02
 6.61385e-04  1.87786e-02
 5.84053e-04  1.86485e-02
 7.35407e-04  1.86466e-02
 6.61385e-04  1.87786e-02

 1.05469e-03  1.65150e-02
 1.09723e-03  1.86809e-02
 1.01899e-03  1.85513e-02
 1.17033e-03  1.85484e-02
 1.09723e-03  1.86809e-02

 1.47656e-03  1.65150e-02
 1.53332e-03  1.85336e-02
 1.45398e-03  1.84046e-02
 1.60529e-03  1.84004e-02
 1.53332e-03  1.85336e-02

 1.89844e-03  1.65150e-02
 1.96363e-03  1.83239e-02
 1.88327e-03  1.81956e-02
 2.03454e-03  1.81902e-02
 1.96363e-03  1.83239e-02

 2.32031e-03  1.65150e-02
 2.38993e-03  1.80760e-02
 2.30848e-03  1.79485e-02
 2.45969e-03  1.79417e-02
 2.38993e-03  1.80760e-02

 2.74219e-03  1.65150e-02
 2.81190e-03  1.77975e-02
 2.72921e-03  1.76707e-02
 2.88035e-03  1.76625e-02
 2.81190e-03  1.77975e-02

 3.16406e-03  1.65150e-02
 3.23044e-03  1.75030e-02
 3.14614e-03  1.73773e-02
 3.29717e-03  1.73671e-02
 3.23044e-03  1.75030e-02

 3.58594e-03  1.65150e-02
 3.64651e-03  1.72021e-02
 3.55961e-03  1.70781e-02
 3.71039e-03  1.70648e-02
 3.64651e-03  1.72021e-02

 2.12674e-04  1.70850e-02
 2.12674e-04  1.92760e-02
 1.36990e-04  1.91449e-02
 2.88357e-04  1.91449e-02
 2.12674e-04  1.92760e-02

 6.38021e-04  1.70850e-02
 7.48102e-04  1.92850e-02
 6.65962e-04  1.91578e-02
 8.17140e-04  1.91503e-02
 7.48102e-04  1.92850e-02

 1.06337e-03  1.70850e-02
 1.22476e-03  1.91920e-02
 1.13929e-03  1.90671e-02
 1.29021e-03  1.90555e-02
 1.22476e-03  1.91920e-02

 1.48872e-03  1.70850e-02
 1.71703e-03  1.90494e-02
 1.62672e-03  1.89279e-02
 1.77707e-03  1.89104e-02
 1.71703e-03  1.90494e-02

 1.91406e-03  1.70850e-02
 2.19119e-03  1.88465e-02
 2.09605e-03  1.87287e-02
 2.24558e-03  1.87052e-02
 2.19119e-03  1.88465e-02

 2.33941e-03  1.70850e-02
 2.66066e-03  1.86053e-02
 2.55951e-03  1.84926e-02
 2.70760e-03  1.84614e-02
 2.66066e-03  1.86053e-02

 2.76476e-03  1.70850e-02
 3.11825e-03  1.83333e-02
 3.00972e-03  1.82278e-02
 3.15536e-03  1.81866e-02
 3.11825e-03  1.83333e-02

 3.19010e-03  1.70850e-02
 3.56708e-03  1.80447e-02
 3.44871e-03  1.79503e-02
 3.58960e-03  1.78950e-02
 3.56708e-03  1.80447e-02

 3.61545e-03  1.70850e-02
 4.00655e-03  1.77488e-02
 3.87480e-03  1.76743e-02
 4.00521e-03  1.75974e-02
 4.00655e-03  1.77488e-02

 2.14410e-04  1.76550e-02
 2.14410e-04  1.97228e-02
 1.38726e-04  1.95917e-02
 2.90093e-04  1.95917e-02
 2.14410e-04  1.97228e-02

 6.43229e-04  1.76550e-02
 8.27155e-04  1.97281e-02
 7.40183e-04  1.96042e-02
 8.90958e-04  1.95909e-02
 8.27155e-04  1.97281e-02

 1.07205e-03  1.76550e-02
 1.34100e-03  1.96418e-02
 1.24842e-03  1.95221e-02
 1.39842e-03  1.95018e-02
 1.34100e-03  1.96418e-02

 1.50087e-03  1.76550e-02
 1.88505e-03  1.95074e-02
 1.78432e-03  1.93944e-02
 1.93254e-03  1.93636e-02
 1.88505e-03  1.95074e-02

 1.92969e-03  1.76550e-02
 2.39992e-03  1.93165e-02
 2.29140e-03  1.92110e-02
 2.43705e-03  1.91697e-02
 2.39992e-03  1.93165e-02

 2.35851e-03  1.76550e-02
 2.90993e-03  1.90884e-02
 2.79223e-03  1.89933e-02
 2.93350e-03  1.89389e-02
 2.90993e-03  1.90884e-02

 2.78733e-03  1.76550e-02
 3.40135e-03  1.88307e-02
 3.27358e-03  1.87496e-02
 3.40775e-03  1.86795e-02
 3.40135e-03  1.88307e-02

 3.21615e-03  1.76550e-02
 3.87925e-03  1.85561e-02
 3.74060e-03  1.84954e-02
 3.86251e-03  1.84056e-02
 3.87925e-03  1.85561e-02

 3.64497e-03  1.76550e-02
 4.34143e-03  1.82738e-02
 4.19317e-03  1.82434e-02
 4.29371e-03  1.81302e-02
 4.34143e-03  1.82738e-02

 2.16146e-04  1.82250e-02
 2.16146e-04  2.01156e-02
 1.40462e-04  1.99846e-02
 2.91829e-04  1.99846e-02
 2.16146e-04  2.01156e-02

 6.48438e-04  1.82250e-02
 8.96831e-04  2.01165e-02
 8.04723e-04  1.99964e-02
 9.54802e-04  1.99767e-02
 8.96831e-04  2.01165e-02

 1.08073e-03  1.82250e-02
 1.44360e-03  2.00382e-02
 1.34367e-03  1.99245e-02
 1.49209e-03  1.98948e-02
 1.44360e-03  2.00382e-02

 1.51302e-03  1.82250e-02
 2.03376e-03  1.99146e-02
 1.92282e-03  1.98116e-02
 2.06748e-03  1.97670e-02
 2.03376e-03  1.99146e-02

 1.94531e-03  1.82250e-02
 2.58516e-03  1.97400e-02
 2.46443e-03  1.96486e-02
 2.60387e-03  1.95898e-02
 2.58516e-03  1.97400e-02

 2.37760e-03  1.82250e-02
 3.13177e-03  1.95305e-02
 3.00067e-03  1.94548e-02
 3.13173e-03  1.93791e-02
 3.13177e-03  1.95305e-02

 2.80990e-03  1.82250e-02
 3.65399e-03  1.92933e-02
 3.51334e-03  1.92373e-02
 3.63211e-03  1.91435e-02
 3.65399e-03  1.92933e-02

 3.24219e-03  1.82250e-02
 4.15856e-03  1.90399e-02
 4.01031e-03  1.90093e-02
 4.11090e-03  1.88962e-02
 4.15856e-03  1.90399e-02

 3.67448e-03  1.82250e-02
 4.64171e-03  1.87789e-02
 4.49035e-03  1.87794e-02
 4.56557e-03  1.86481e-02
 4.64171e-03  1.87789e-02

 2.17882e-04  1.87950e-02
 2.17882e-04  2.04612e-02
 1.42198e-04  2.03302e-02
 2.93565e-04  2.03302e-02
 2.17882e-04  2.04612e-02

 6.53646e-04  1.87950e-02
 9.55237e-04  2.04571e-02
 8.57365e-04  2.03416e-02
 1.00630e-03  2.03146e-02
 9.55237e-04  2.04571e-02

 1.08941e-03  1.87950e-02
 1.52983e-03  2.03878e-02
 1.42195e-03  2.02817e-02
 1.56784e-03  2.02413e-02
 1.52983e-03  2.03878e-02

 1.52517e-03  1.87950e-02
 2.15900e-03  2.02773e-02
 2.03787e-03  2.01865e-02
 2.17705e-03  2.01270e-02
 2.15900e-03  2.02773e-02

 1.96094e-03  1.87950e-02
 2.74146e-03  2.01226e-02
 2.60978e-03  2.00480e-02
 2.74027e-03  1.99713e-02
 2.74146e-03  2.01226e-02

 2.39670e-03  1.87950e-02
 3.31928e-03  1.99365e-02
 3.17802e-03  1.98822e-02
 3.29575e-03  1.97870e-02
 3.31928e-03  1.99365e-02

 2.83247e-03  1.87950e-02
 3.86789e-03  1.97258e-02
 3.71981e-03  1.96945e-02
 3.82100e-03  1.95819e-02
 3.86789e-03  1.97258e-02

 3.26823e-03  1.87950e-02
 4.39531e-03  1.95002e-02
 4.24404e-03  1.94948e-02
 4.32432e-03  1.93665e-02
 4.39531e-03  1.95002e-02

 3.70399e-03  1.87950e-02
 4.89639e-03  1.92676e-02
 4.74664e-03  1.92896e-02
 4.80241e-03  1.91489e-02
 4.89639e-03  1.92676e-02

 2.19618e-04  1.93650e-02
 2.19618e-04  2.07743e-02
 1.43935e-04  2.06432e-02
 2.95302e-04  2.06432e-02
 2.19618e-04  2.07743e-02

 6.58854e-04  1.93650e-02
 1.00115e-03  2.07642e-02
 8.96481e-04  2.06548e-02
 1.04351e-03  2.06188e-02
 1.00115e-03  2.07642e-02

 1.09809e-03  1.93650e-02
 1.59787e-03  2.07044e-02
 1.48114e-03  2.06081e-02
 1.62296e-03  2.05552e-02
 1.59787e-03  2.07044e-02

 1.53733e-03  1.93650e-02
 2.25768e-03  2.06084e-02
 2.12648e-03  2.05329e-02
 2.25746e-03  2.04570e-02
 2.25768e-03  2.06084e-02

 1.97656e-03  1.93650e-02
 2.86448e-03  2.04762e-02
 2.72352e-03  2.04210e-02
 2.84177e-03  2.03265e-02
 2.86448e-03  2.04762e-02

 2.41580e-03  1.93650e-02
 3.46674e-03  2.03169e-02
 3.31877e-03  2.02850e-02
 3.42039e-03  2.01728e-02
 3.46674e-03  2.03169e-02

 2.85503e-03  1.93650e-02
 4.03577e-03  2.01367e-02
 3.88464e-03  2.01284e-02
 3.96745e-03  2.00017e-02
 4.03577e-03  2.01367e-02

 3.29427e-03  1.93650e-02
 4.58081e-03  1.99437e-02
 4.43022e-03  1.99590e-02
 4.49231e-03  1.98209e-02
 4.58081e-03  1.99437e-02

 3.73351e-03  1.93650e-02
 5.09551e-03  1.97449e-02
 4.94891e-03  1.97826e-02
 4.98957e-03  1.96368e-02
 5.09551e-03  1.97449e-02

 2.21354e-04  1.99350e-02
 2.21354e-04  2.10574e-02
 1.45671e-04  2.09263e-02
 2.97038e-04  2.09263e-02
 2.21354e-04  2.10574e-02

 6.64062e-04  1.99350e-02
 1.03142e-03  2.10411e-02
 9.18279e-04  2.09406e-02
 1.06193e-03  2.08929e-02
 1.03142e-03  2.10411e-02

 1.10677e-03  1.99350e-02
 1.64281e-03  2.09921e-02
 1.51603e-03  2.09094e-02
 1.65103e-03  2.08409e-02
 1.64281e-03  2.09921e-02

 1.54948e-03  1.99350e-02
 2.32243e-03  2.09127e-02
 2.18177e-03  2.08568e-02
 2.30051e-03  2.07629e-02
 2.32243e-03  2.09127e-02

 1.99219e-03  1.99350e-02
 2.94474e-03  2.08060e-02
 2.79693e-03  2.07734e-02
 2.89907e-03  2.06617e-02
 2.94474e-03  2.08060e-02

 2.43490e-03  1.99350e-02
 3.56243e-03  2.06774e-02
 3.41132e-03  2.06686e-02
 3.49457e-03  2.05421e-02
 3.56243e-03  2.06774e-02

 2.87760e-03  1.99350e-02
 4.14417e-03  2.05324e-02
 3.99332e-03  2.05450e-02
 4.05789e-03  2.04081e-02
 4.14417e-03  2.05324e-02

 3.32031e-03  1.99350e-02
 4.69995e-03  2.03771e-02
 4.55202e-03  2.04092e-02
 4.59821e-03  2.02651e-02
 4.69995e-03  2.03771e-02

 3.76302e-03  1.99350e-02
 5.22258e-03  2.02174e-02
 5.07950e-03  2.02668e-02
 5.10825e-03  2.01182e-02
 5.22258e-03  2.02174e-02

 2.23090e-04  2.05050e-02
 2.23090e-04  2.13405e-02
 1.47407e-04  2.12094e-02
 2.98774e-04  2.12094e-02
 2.23090e-04  2.13405e-02

 6.69271e-04  2.05050e-02
 1.04482e-03  2.13170e-02
 9.21100e-04  2.12298e-02
 1.05849e-03  2.11663e-02
 1.04482e-03  2.13170e-02

 1.11545e-03  2.05050e-02
 1.66191e-03  2.12789e-02
 1.52447e-03  2.12155e-02
 1.64812e-03  2.11282e-02
 1.66191e-03  2.12789e-02

 1.56163e-03  2.05050e-02
 2.34866e-03  2.12165e-02
 2.20067e-03  2.11848e-02
 2.30218e-03  2.10725e-02
 2.34866e-03  2.12165e-02

 2.00781e-03  2.05050e-02
 2.97588e-03  2.11359e-02
 2.82473e-03  2.11278e-02
 2.90738e-03  2.10009e-02
 2.97588e-03  2.11359e-02

 2.45399e-03  2.05050e-02
 3.59825e-03  2.10384e-02
 3.44746e-03  2.10516e-02
 3.51142e-03  2.09144e-02
 3.59825e-03  2.10384e-02

 2.90017e-03  2.05050e-02
 4.18331e-03  2.09291e-02
 4.03509e-03  2.09599e-02
 4.08260e-03  2.08161e-02
 4.18331e-03  2.09291e-02

 3.34635e-03  2.05050e-02
 4.74150e-03  2.08123e-02
 4.59720e-03  2.08580e-02
 4.62976e-03  2.07102e-02
 4.74150e-03  2.08123e-02

 3.79253e-03  2.05050e-02
 5.26534e-03  2.06926e-02
 5.12574e-03  2.07511e-02
 5.14486e-03  2.06009e-02
 5.26534e-03  2.06926e-02

 2.24826e-04  2.10750e-02
 2.24826e-04  2.16071e-02
 1.49143e-04  2.14760e-02
 3.00510e-04  2.14760e-02
 2.24826e-04  2.16071e-02

 6.74479e-04  2.10750e-02
 1.03244e-03  2.15806e-02
 8.94922e-04  2.15173e-02
 1.01846e-03  2.14299e-02
 1.03244e-03  2.15806e-02

 1.12413e-03  2.10750e-02
 1.64102e-03  2.15562e-02
 1.49350e-03  2.15223e-02
 1.59664e-03  2.14115e-02
 1.64102e-03  2.15562e-02

 1.57378e-03  2.10750e-02
 2.31683e-03  2.15143e-02
 2.16547e-03  2.15127e-02
 2.24251e-03  2.13824e-02
 2.31683e-03  2.15143e-02

 2.02344e-03  2.10750e-02
 2.93391e-03  2.14629e-02
 2.78365e-03  2.14812e-02
 2.84298e-03  2.13419e-02
 2.93391e-03  2.14629e-02

 2.47309e-03  2.10750e-02
 3.54681e-03  2.14002e-02
 3.39942e-03  2.14346e-02
 3.44329e-03  2.12897e-02
 3.54681e-03  2.14002e-02

 2.92274e-03  2.10750e-02
 4.12339e-03  2.13303e-02
 3.97942e-03  2.13771e-02
 4.01091e-03  2.12290e-02
 4.12339e-03  2.13303e-02

 3.37240e-03  2.10750e-02
 4.67438e-03  2.12557e-02
 4.53413e-03  2.13127e-02
 4.55494e-03  2.11628e-02
 4.67438e-03  2.12557e-02

 3.82205e-03  2.10750e-02
 5.19230e-03  2.11797e-02
 5.05583e-03  2.12452e-02
 5.06736e-03  2.10942e-02
 5.19230e-03  2.11797e-02

 2.26562e-04  2.16450e-02
 2.26562e-04  2.19382e-02
 1.50879e-04  2.18071e-02
 3.02246e-04  2.18071e-02
 2.26563e-04  2.19382e-02

 6.79687e-04  2.16450e-02
 9.94084e-04  2.19095e-02
 8.45050e-04  2.18830e-02
 9.42490e-04  2.17672e-02
 9.94084e-04  2.19095e-02

 1.13281e-03  2.16450e-02
 1.57654e-03  2.18969e-02
 1.42517e-03  2.18980e-02
 1.49990e-03  2.17664e-02
 1.57654e-03  2.18969e-02

 1.58594e-03  2.16450e-02
 2.22172e-03  2.18713e-02
 2.07284e-03  2.18987e-02
 2.12360e-03  2.17561e-02
 2.22172e-03  2.18713e-02

 2.03906e-03  2.16450e-02
 2.81255e-03  2.18430e-02
 2.66679e-03  2.18838e-02
 2.70432e-03  2.17372e-02
 2.81255e-03  2.18430e-02

 2.49219e-03  2.16450e-02
 3.40099e-03  2.18073e-02
 3.25865e-03  2.18587e-02
 3.28525e-03  2.17097e-02
 3.40099e-03  2.18073e-02

 2.94531e-03  2.16450e-02
 3.95682e-03  2.17681e-02
 3.81755e-03  2.18274e-02
 3.83584e-03  2.16772e-02
 3.95682e-03  2.17681e-02

 3.39844e-03  2.16450e-02
 4.49063e-03  2.17263e-02
 4.35428e-03  2.17920e-02
 4.36551e-03  2.16411e-02
 4.49063e-03  2.17263e-02

 3.85156e-03  2.16450e-02
 4.99544e-03  2.16839e-02
 4.86186e-03  2.17551e-02
 4.86700e-03  2.16038e-02
 4.99544e-03  2.16839e-02

 2.28299e-04  2.22150e-02
 2.28299e-04  2.22150e-02
 3.74508e-04  2.22542e-02
 2.67475e-04  2.23612e-02
 2.28299e-04  2.22150e-02

 6.84896e-04  2.22150e-02
 8.76087e-04  2.22150e-02
 7.45000e-04  2.22907e-02
 7.45000e-04  2.21393e-02
 8.76087e-04  2.22150e-02

 1.14149e-03  2.22150e-02
 1.40629e-03  2.22150e-02
 1.27520e-03  2.22907e-02
 1.27520e-03  2.21393e-02
 1.40629e-03  2.22150e-02

 1.59809e-03  2.22150e-02
 1.97583e-03  2.22150e-02
 1.84475e-03  2.22907e-02
 1.84475e-03  2.21393e-02
 1.97583e-03  2.22150e-02

 2.05469e-03  2.22150e-02
 2.51120e-03  2.22150e-02
 2.38011e-03  2.22907e-02
 2.38011e-03  2.21393e-02
 2.51120e-03  2.22150e-02

 2.51128e-03  2.22150e-02
 3.04600e-03  2.22150e-02
 2.91492e-03  2.22907e-02
 2.91492e-03  2.21393e-02
 3.04600e-03  2.22150e-02

 2.96788e-03  2.22150e-02
 3.56078e-03  2.22150e-02
 3.42969e-03  2.22907e-02
 3.42969e-03  2.21393e-02
 3.56078e-03  2.22150e-02

 3.42448e-03  2.22150e-02
 4.06257e-03  2.22150e-02
 3.93149e-03  2.22907e-02
 3.93149e-03  2.21393e-02
 4.06257e-03  2.22150e-02

 3.88108e-03  2.22150e-02
 4.54705e-03  2.22150e-02
 4.41597e-03  2.22907e-02
 4.41597e-03  2.21393e-02
 4.54705e-03  2.22150e-02

 3.76510e-03  1.13850e-02
 2.80672e-03  1.13850e-02
 2.93781e-03  1.13093e-02
 2.93781e-03  1.14607e-02
 2.80672e-03  1.13850e-02

 4.26406e-03  1.13850e-02
 3.28275e-03  1.13850e-02
 3.41384e-03  1.13093e-02
 3.41384e-03  1.14607e-02
 3.28275e-03  1.13850e-02

 4.76302e-03  1.13850e-02
 3.78549e-03  1.13850e-02
 3.91658e-03  1.13093e-02
 3.91658e-03  1.14607e-02
 3.78549e-03  1.13850e-02

 5.26198e-03  1.13850e-02
 4.31117e-03  1.13850e-02
 4.44226e-03  1.13093e-02
 4.44226e-03  1.14607e-02
 4.31117e-03  1.13850e-02

 5.76094e-03  1.13850e-02
 4.85629e-03  1.13850e-02
 4.98738e-03  1.13093e-02
 4.98738e-03  1.14607e-02
 4.85629e-03  1.13850e-02

 6.25990e-03  1.13850e-02
 5.41777e-03  1.13850e-02
 5.54885e-03  1.13093e-02
 5.54885e-03  1.14607e-02
 5.41777e-03  1.13850e-02

 6.75885e-03  1.13850e-02
 5.99301e-03  1.13850e-02
 6.12410e-03  1.13093e-02
 6.12410e-03  1.14607e-02
 5.99301e-03  1.13850e-02

 7.25781e-03  1.13850e-02
 6.57916e-03  1.13850e-02
 6.71025e-03  1.13093e-02
 6.71025e-03  1.14607e-02
 6.57916e-03  1.13850e-02

 7.75677e-03  1.13850e-02
 7.17402e-03  1.13850e-02
 7.30511e-03  1.13093e-02
 7.30511e-03  1.14607e-02
 7.17402e-03  1.13850e-02

 8.25573e-03  1.13850e-02
 7.77319e-03  1.13850e-02
 7.90427e-03  1.13093e-02
 7.90427e-03  1.14607e-02
 7.77319e-03  1.13850e-02

 8.75469e-03  1.13850e-02
 8.37627e-03  1.13850e-02
 8.50736e-03  1.13093e-02
 8.50736e-03  1.14607e-02
 8.37627e-03  1.13850e-02

 9.25365e-03  1.13850e-02
 8.97377e-03  1.13850e-02
 9.10486e-03  1.13093e-02
 9.10486e-03  1.14607e-02
 8.97377e-03  1.13850e-02

 9.75260e-03  1.13850e-02
 9.57382e-03  1.13850e-02
 9.70490e-03  1.13093e-02
 9.70490e-03  1.14607e-02
 9.57382e-03  1.13850e-02

 1.02516e-02  1.13850e-02
 1.01478e-02  1.13850e-02
 1.02789e-02  1.13093e-02
 1.02789e-02  1.14607e-02
 1.01478e-02  1.13850e-02

 1.07505e-02  1.13850e-02
 1.07505e-02  1.13850e-02
 1.08816e-02  1.13093e-02
 1.08816e-02  1.14607e-02
 1.07505e-02  1.13850e-02

 3.79531e-03  1.19550e-02
 2.24176e-03  1.20726e-02
 2.36676e-03  1.19873e-02
 2.37819e-03  1.21382e-02
 2.24176e-03  1.20726e-02

 4.29219e-03  1.19550e-02
 2.70616e-03  1.20011e-02
 2.83500e-03  1.19217e-02
 2.83940e-03  1.20730e-02
 2.70616e-03  1.20011e-02

 4.78906e-03  1.19550e-02
 3.21174e-03  1.19382e-02
 3.34363e-03  1.18639e-02
 3.34202e-03  1.20153e-02
 3.21174e-03  1.19382e-02

 5.28594e-03  1.19550e-02
 3.75350e-03  1.18847e-02
 3.88792e-03  1.18151e-02
 3.88098e-03  1.19663e-02
 3.75350e-03  1.18847e-02

 5.78281e-03  1.19550e-02
 4.32681e-03  1.18393e-02
 4.46348e-03  1.17742e-02
 4.45149e-03  1.19251e-02
 4.32681e-03  1.18393e-02

 6.27969e-03  1.19550e-02
 4.92707e-03  1.18009e-02
 5.06589e-03  1.17405e-02
 5.04875e-03  1.18909e-02
 4.92707e-03  1.18009e-02

 6.77656e-03  1.19550e-02
 5.55011e-03  1.17689e-02
 5.69107e-03  1.17138e-02
 5.66836e-03  1.18634e-02
 5.55011e-03  1.17689e-02

 7.27344e-03  1.19550e-02
 6.19101e-03  1.17437e-02
 6.33417e-03  1.16945e-02
 6.30517e-03  1.18431e-02
 6.19101e-03  1.17437e-02

 7.77031e-03  1.19550e-02
 6.84599e-03  1.17255e-02
 6.99145e-03  1.16836e-02
 6.95497e-03  1.18305e-02
 6.84599e-03  1.17255e-02

 8.26719e-03  1.19550e-02
 7.50801e-03  1.17150e-02
 7.65581e-03  1.16824e-02
 7.61019e-03  1.18267e-02
 7.50801e-03  1.17150e-02

 8.76406e-03  1.19550e-02
 8.17553e-03  1.17128e-02
 8.32555e-03  1.16927e-02
 8.26794e-03  1.18327e-02
 8.17553e-03  1.17128e-02

 9.26094e-03  1.19550e-02
 8.83364e-03  1.17199e-02
 8.98498e-03  1.17168e-02
 8.91201e-03  1.18494e-02
 8.83364e-03  1.17199e-02

 9.75781e-03  1.19550e-02
 9.49232e-03  1.17370e-02
 9.64166e-03  1.17617e-02
 9.54559e-03  1.18786e-02
 9.49232e-03  1.17370e-02

 1.02547e-02  1.19550e-02
 1.01080e-02  1.17672e-02
 1.02484e-02  1.18240e-02
 1.01291e-02  1.19171e-02
 1.01080e-02  1.17672e-02

 1.07516e-02  1.19550e-02
 1.07516e-02  1.18299e-02
 1.08272e-02  1.19609e-02
 1.06759e-02  1.19609e-02
 1.07516e-02  1.18299e-02

 3.82552e-03  1.25250e-02
 2.09525e-03  1.26776e-02
 2.21918e-03  1.25907e-02
 2.23248e-03  1.27415e-02
 2.09525e-03  1.26776e-02

 4.32031e-03  1.25250e-02
 2.55545e-03  1.25650e-02
 2.68479e-03  1.24864e-02
 2.68822e-03  1.26377e-02
 2.55545e-03  1.25650e-02

 4.81510e-03  1.25250e-02
 3.05857e-03  1.24640e-02
 3.19220e-03  1.23929e-02
 3.18695e-03  1.25442e-02
 3.05857e-03  1.24640e-02

 5.30990e-03  1.25250e-02
 3.60164e-03  1.23755e-02
 3.73883e-03  1.23115e-02
 3.72563e-03  1.24623e-02
 3.60164e-03  1.23755e-02

 5.80469e-03  1.25250e-02
 4.18067e-03  1.22988e-02
 4.32095e-03  1.22420e-02
 4.30007e-03  1.23919e-02
 4.18067e-03  1.22988e-02

 6.29948e-03  1.25250e-02
 4.79080e-03  1.22335e-02
 4.93387e-03  1.21840e-02
 4.90515e-03  1.23327e-02
 4.79080e-03  1.22335e-02

 6.79427e-03  1.25250e-02
 5.42728e-03  1.21795e-02
 5.57291e-03  1.21382e-02
 5.53582e-03  1.22850e-02
 5.42728e-03  1.21795e-02

 7.28906e-03  1.25250e-02
 6.08433e-03  1.21373e-02
 6.23230e-03  1.21054e-02
 6.18593e-03  1.22495e-02
 6.08433e-03  1.21373e-02

 7.78385e-03  1.25250e-02
 6.75736e-03  1.21078e-02
 6.90730e-03  1.20870e-02
 6.85030e-03  1.22272e-02
 6.75736e-03  1.21078e-02

 8.27865e-03  1.25250e-02
 7.43833e-03  1.20920e-02
 7.58953e-03  1.20848e-02
 7.52020e-03  1.22194e-02
 7.43833e-03  1.20920e-02

 8.77344e-03  1.25250e-02
 8.12487e-03  1.20916e-02
 8.27591e-03  1.21015e-02
 8.19181e-03  1.22274e-02
 8.12487e-03  1.20916e-02

 9.26823e-03  1.25250e-02
 8.80082e-03  1.21084e-02
 8.94904e-03  1.21391e-02
 8.84832e-03  1.22521e-02
 8.80082e-03  1.21084e-02

 9.76302e-03  1.25250e-02
 9.47497e-03  1.21457e-02
 9.61452e-03  1.22043e-02
 9.49397e-03  1.22958e-02
 9.47497e-03  1.21457e-02

 1.02578e-02  1.25250e-02
 1.01016e-02  1.22077e-02
 1.02274e-02  1.22918e-02
 1.00916e-02  1.23587e-02
 1.01016e-02  1.22077e-02

 1.07526e-02  1.25250e-02
 1.07526e-02  1.23238e-02
 1.08283e-02  1.24549e-02
 1.06769e-02  1.24549e-02
 1.07526e-02  1.23238e-02

 3.85573e-03  1.30950e-02
 2.12878e-03  1.33187e-02
 2.24906e-03  1.32268e-02
 2.26851e-03  1.33769e-02
 2.12878e-03  1.33187e-02

 4.34844e-03  1.30950e-02
 2.58781e-03  1.31507e-02
 2.71644e-03  1.30709e-02
 2.72123e-03  1.32222e-02
 2.58781e-03  1.31507e-02

 4.84115e-03  1.30950e-02
 3.08930e-03  1.29974e-02
 3.22439e-03  1.29292e-02
 3.21598e-03  1.30803e-02
 3.08930e-03  1.29974e-02

 5.33385e-03  1.30950e-02
 3.63060e-03  1.28609e-02
 3.77077e-03  1.28037e-02
 3.75016e-03  1.29537e-02
 3.63060e-03  1.28609e-02

 5.82656e-03  1.30950e-02
 4.20792e-03  1.27415e-02
 4.35214e-03  1.26955e-02
 4.31984e-03  1.28434e-02
 4.20792e-03  1.27415e-02

 6.31927e-03  1.30950e-02
 4.81658e-03  1.26395e-02
 4.96398e-03  1.26051e-02
 4.92007e-03  1.27500e-02
 4.81658e-03  1.26395e-02

 6.81198e-03  1.30950e-02
 5.45172e-03  1.25554e-02
 5.60148e-03  1.25334e-02
 5.54567e-03  1.26741e-02
 5.45172e-03  1.25554e-02

 7.30469e-03  1.30950e-02
 6.10760e-03  1.24900e-02
 6.25873e-03  1.24816e-02
 6.19046e-03  1.26167e-02
 6.10760e-03  1.24900e-02

 7.79740e-03  1.30950e-02
 6.77953e-03  1.24447e-02
 6.93074e-03  1.24515e-02
 6.84925e-03  1.25791e-02
 6.77953e-03  1.24447e-02

 8.29010e-03  1.30950e-02
 7.45940e-03  1.24212e-02
 7.60889e-03  1.24450e-02
 7.51353e-03  1.25625e-02
 7.45940e-03  1.24212e-02

 8.78281e-03  1.30950e-02
 8.14442e-03  1.24221e-02
 8.28955e-03  1.24651e-02
 8.17973e-03  1.25693e-02
 8.14442e-03  1.24221e-02

 9.27552e-03  1.30950e-02
 8.81833e-03  1.24503e-02
 8.95590e-03  1.25134e-02
 8.83243e-03  1.26010e-02
 8.81833e-03  1.24503e-02

 9.76823e-03  1.30950e-02
 9.48868e-03  1.25117e-02
 9.61358e-03  1.25972e-02
 9.47709e-03  1.26627e-02
 9.48868e-03  1.25117e-02

 1.02609e-02  1.30950e-02
 1.01111e-02  1.26111e-02
 1.02222e-02  1.27139e-02
 1.00776e-02  1.27587e-02
 1.01111e-02  1.26111e-02

 1.07536e-02  1.30950e-02
 1.07536e-02  1.27945e-02
 1.08293e-02  1.29255e-02
 1.06780e-02  1.29255e-02
 1.07536e-02  1.27945e-02

 3.88594e-03  1.36650e-02
 2.31558e-03  1.39318e-02
 2.43214e-03  1.38352e-02
 2.45749e-03  1.39844e-02
 2.31558e-03  1.39318e-02

 4.37656e-03  1.36650e-02
 2.77518e-03  1.37188e-02
 2.90365e-03  1.36388e-02
 2.90873e-03  1.37900e-02
 2.77518e-03  1.37188e-02

 4.86719e-03  1.36650e-02
 3.27322e-03  1.35230e-02
 3.41050e-03  1.34593e-02
 3.39707e-03  1.36100e-02
 3.27322e-03  1.35230e-02

 5.35781e-03  1.36650e-02
 3.80736e-03  1.33472e-02
 3.95098e-03  1.32994e-02
 3.92058e-03  1.34477e-02
 3.80736e-03  1.33472e-02

 5.84844e-03  1.36650e-02
 4.37435e-03  1.31927e-02
 4.52228e-03  1.31606e-02
 4.47610e-03  1.33048e-02
 4.37435e-03  1.31927e-02

 6.33906e-03  1.36650e-02
 4.97010e-03  1.30605e-02
 5.12059e-03  1.30442e-02
 5.05944e-03  1.31827e-02
 4.97010e-03  1.30605e-02

 6.82969e-03  1.36650e-02
 5.59037e-03  1.29515e-02
 5.74174e-03  1.29513e-02
 5.66621e-03  1.30825e-02
 5.59037e-03  1.29515e-02

 7.32031e-03  1.36650e-02
 6.22987e-03  1.28671e-02
 6.38035e-03  1.28834e-02
 6.29096e-03  1.30056e-02
 6.22987e-03  1.28671e-02

 7.81094e-03  1.36650e-02
 6.88427e-03  1.28091e-02
 7.03192e-03  1.28424e-02
 6.92921e-03  1.29536e-02
 6.88427e-03  1.28091e-02

 8.30156e-03  1.36650e-02
 7.54599e-03  1.27800e-02
 7.68867e-03  1.28306e-02
 7.57355e-03  1.29289e-02
 7.54599e-03  1.27800e-02

 8.79219e-03  1.36650e-02
 8.21230e-03  1.27837e-02
 8.34758e-03  1.28516e-02
 8.22113e-03  1.29348e-02
 8.21230e-03  1.27837e-02

 9.28281e-03  1.36650e-02
 8.86823e-03  1.28239e-02
 8.99408e-03  1.29080e-02
 8.85831e-03  1.29750e-02
 8.86823e-03  1.28239e-02

 9.77344e-03  1.36650e-02
 9.52039e-03  1.29092e-02
 9.63377e-03  1.30095e-02
 9.49024e-03  1.30575e-02
 9.52039e-03  1.29092e-02

 1.02641e-02  1.36650e-02
 1.01284e-02  1.30438e-02
 1.02303e-02  1.31557e-02
 1.00824e-02  1.31880e-02
 1.01284e-02  1.30438e-02

 1.07547e-02  1.36650e-02
 1.07547e-02  1.32844e-02
 1.08304e-02  1.34155e-02
 1.06790e-02  1.34155e-02
 1.07547e-02  1.32844e-02

 3.91615e-03  1.42350e-02
 2.59380e-03  1.45472e-02
 2.70399e-03  1.44434e-02
 2.73877e-03  1.45907e-02
 2.59380e-03  1.45472e-02

 4.40469e-03  1.42350e-02
 3.05427e-03  1.42920e-02
 3.18205e-03  1.42108e-02
 3.18843e-03  1.43621e-02
 3.05427e-03  1.42920e-02

 4.89323e-03  1.42350e-02
 3.54720e-03  1.40561e-02
 3.68711e-03  1.39984e-02
 3.66717e-03  1.41484e-02
 3.54720e-03  1.40561e-02

 5.38177e-03  1.42350e-02
 4.07086e-03  1.38432e-02
 4.21813e-03  1.38083e-02
 4.17479e-03  1.39533e-02
 4.07086e-03  1.38432e-02

 5.87031e-03  1.42350e-02
 4.62259e-03  1.36555e-02
 4.77337e-03  1.36421e-02
 4.70961e-03  1.37794e-02
 4.62259e-03  1.36555e-02

 6.35885e-03  1.42350e-02
 5.19893e-03  1.34945e-02
 5.35015e-03  1.35012e-02
 5.26869e-03  1.36288e-02
 5.19893e-03  1.34945e-02

 6.84740e-03  1.42350e-02
 5.79646e-03  1.33616e-02
 5.94565e-03  1.33872e-02
 5.84890e-03  1.35036e-02
 5.79646e-03  1.33616e-02

 7.33594e-03  1.42350e-02
 6.41071e-03  1.32588e-02
 6.55581e-03  1.33019e-02
 6.44595e-03  1.34060e-02
 6.41071e-03  1.32588e-02

 7.82448e-03  1.42350e-02
 7.03783e-03  1.31886e-02
 7.17709e-03  1.32479e-02
 7.05610e-03  1.33389e-02
 7.03783e-03  1.31886e-02

 8.31302e-03  1.42350e-02
 7.67141e-03  1.31539e-02
 7.80340e-03  1.32280e-02
 7.67323e-03  1.33053e-02
 7.67141e-03  1.31539e-02

 8.80156e-03  1.42350e-02
 8.30901e-03  1.31598e-02
 8.43241e-03  1.32475e-02
 8.29480e-03  1.33105e-02
 8.30901e-03  1.31598e-02

 9.29010e-03  1.42350e-02
 8.93783e-03  1.32110e-02
 9.05204e-03  1.33103e-02
 8.90890e-03  1.33596e-02
 8.93783e-03  1.32110e-02

 9.77865e-03  1.42350e-02
 9.56349e-03  1.33176e-02
 9.66711e-03  1.34280e-02
 9.51974e-03  1.34625e-02
 9.56349e-03  1.33176e-02

 1.02672e-02  1.42350e-02
 1.01516e-02  1.34838e-02
 1.02463e-02  1.36018e-02
 1.00967e-02  1.36248e-02
 1.01516e-02  1.34838e-02

 1.07557e-02  1.42350e-02
 1.07557e-02  1.37774e-02
 1.08314e-02  1.39085e-02
 1.06800e-02  1.39085e-02
 1.07557e-02  1.37774e-02

 3.94635e-03  1.48050e-02
 2.93583e-03  1.51469e-02
 3.03575e-03  1.50332e-02
 3.08426e-03  1.51766e-02
 2.93583e-03  1.51469e-02

 4.43281e-03  1.48050e-02
 3.39761e-03  1.48597e-02
 3.52453e-03  1.47772e-02
 3.53251e-03  1.49283e-02
 3.39761e-03  1.48597e-02

 4.91927e-03  1.48050e-02
 3.88460e-03  1.45934e-02
 4.02820e-03  1.45455e-02
 3.99787e-03  1.46938e-02
 3.88460e-03  1.45934e-02

 5.40573e-03  1.48050e-02
 4.39551e-03  1.43522e-02
 4.54608e-03  1.43367e-02
 4.48417e-03  1.44749e-02
 4.39551e-03  1.43522e-02

 5.89219e-03  1.48050e-02
 4.92843e-03  1.41389e-02
 5.07930e-03  1.41512e-02
 4.99324e-03  1.42757e-02
 4.92843e-03  1.41389e-02

 6.37865e-03  1.48050e-02
 5.48089e-03  1.39556e-02
 5.62813e-03  1.39907e-02
 5.52410e-03  1.41007e-02
 5.48089e-03  1.39556e-02

 6.86510e-03  1.48050e-02
 6.05022e-03  1.38043e-02
 6.19168e-03  1.38582e-02
 6.07431e-03  1.39538e-02
 6.05022e-03  1.38043e-02

 7.35156e-03  1.48050e-02
 6.63285e-03  1.36874e-02
 6.76741e-03  1.37567e-02
 6.64010e-03  1.38386e-02
 6.63285e-03  1.36874e-02

 7.83802e-03  1.48050e-02
 7.22589e-03  1.36078e-02
 7.35295e-03  1.36900e-02
 7.21818e-03  1.37589e-02
 7.22589e-03  1.36078e-02

 8.32448e-03  1.48050e-02
 7.82423e-03  1.35690e-02
 7.94357e-03  1.36621e-02
 7.80326e-03  1.37189e-02
 7.82423e-03  1.35690e-02

 8.81094e-03  1.48050e-02
 8.42601e-03  1.35770e-02
 8.53744e-03  1.36794e-02
 8.39300e-03  1.37247e-02
 8.42601e-03  1.35770e-02

 9.29740e-03  1.48050e-02
 9.02123e-03  1.36369e-02
 9.12504e-03  1.37471e-02
 8.97773e-03  1.37819e-02
 9.02123e-03  1.36369e-02

 9.78385e-03  1.48050e-02
 9.61449e-03  1.37606e-02
 9.71018e-03  1.38779e-02
 9.56077e-03  1.39022e-02
 9.61449e-03  1.37606e-02

 1.02703e-02  1.48050e-02
 1.01787e-02  1.39518e-02
 1.02680e-02  1.40741e-02
 1.01174e-02  1.40902e-02
 1.01787e-02  1.39518e-02

 1.07568e-02  1.48050e-02
 1.07568e-02  1.42868e-02
 1.08325e-02  1.44179e-02
 1.06811e-02  1.44179e-02
 1.07568e-02  1.42868e-02

 3.97656e-03  1.53750e-02
 3.31090e-03  1.57388e-02
 3.38963e-03  1.56095e-02
 3.46222e-03  1.57423e-02
 3.31090e-03  1.57388e-02

 4.46094e-03  1.53750e-02
 3.77478e-03  1.54284e-02
 3.89959e-03  1.53428e-02
 3.91134e-03  1.54937e-02
 3.77478e-03  1.54284e-02

 4.94531e-03  1.53750e-02
 4.25577e-03  1.51398e-02
 4.40427e-03  1.51105e-02
 4.35540e-03  1.52537e-02
 4.25577e-03  1.51398e-02

 5.42969e-03  1.53750e-02
 4.75328e-03  1.48775e-02
 4.90372e-03  1.48942e-02
 4.81403e-03  1.50161e-02
 4.75328e-03  1.48775e-02

 5.91406e-03  1.53750e-02
 5.26620e-03  1.46450e-02
 5.40982e-03  1.46928e-02
 5.29661e-03  1.47933e-02
 5.26620e-03  1.46450e-02

 6.39844e-03  1.53750e-02
 5.79289e-03  1.44449e-02
 5.92783e-03  1.45134e-02
 5.80098e-03  1.45960e-02
 5.79289e-03  1.44449e-02

 6.88281e-03  1.53750e-02
 6.33147e-03  1.42796e-02
 6.45801e-03  1.43627e-02
 6.32280e-03  1.44308e-02
 6.33147e-03  1.42796e-02

 7.36719e-03  1.53750e-02
 6.87954e-03  1.41519e-02
 6.99839e-03  1.42456e-02
 6.85778e-03  1.43017e-02
 6.87954e-03  1.41519e-02

 7.85156e-03  1.53750e-02
 7.43500e-03  1.40651e-02
 7.54685e-03  1.41671e-02
 7.40260e-03  1.42129e-02
 7.43500e-03  1.40651e-02

 8.33594e-03  1.53750e-02
 7.99440e-03  1.40230e-02
 8.09989e-03  1.41315e-02
 7.95313e-03  1.41686e-02
 7.99440e-03  1.40230e-02

 8.82031e-03  1.53750e-02
 8.55646e-03  1.40322e-02
 8.65600e-03  1.41463e-02
 8.50747e-03  1.41754e-02
 8.55646e-03  1.40322e-02

 9.30469e-03  1.53750e-02
 9.11443e-03  1.40982e-02
 9.20861e-03  1.42167e-02
 9.05890e-03  1.42390e-02
 9.11443e-03  1.40982e-02

 9.78906e-03  1.53750e-02
 9.67165e-03  1.42341e-02
 9.76035e-03  1.43568e-02
 9.60978e-03  1.43723e-02
 9.67165e-03  1.42341e-02

 1.02734e-02  1.53750e-02
 1.02094e-02  1.44431e-02
 1.02939e-02  1.45687e-02
 1.01429e-02  1.45791e-02
 1.02094e-02  1.44431e-02

 1.07578e-02  1.53750e-02
 1.07578e-02  1.48092e-02
 1.08335e-02  1.49403e-02
 1.06821e-02  1.49403e-02
 1.07578e-02  1.48092e-02

 4.00677e-03  1.59450e-02
 3.70104e-03  1.63174e-02
 3.72573e-03  1.61680e-02
 3.84272e-03  1.62641e-02
 3.70104e-03  1.63174e-02

 4.48906e-03  1.59450e-02
 4.16807e-03  1.59946e-02
 4.28607e-03  1.58998e-02
 4.30918e-03  1.60494e-02
 4.16807e-03  1.59946e-02

 4.97135e-03  1.59450e-02
 4.64383e-03  1.56934e-02
 4.79390e-03  1.57133e-02
 4.70169e-03  1.58333e-02
 4.64383e-03  1.56934e-02

 5.45365e-03  1.59450e-02
 5.12834e-03  1.54192e-02
 5.26167e-03  1.54908e-02
 5.13295e-03  1.55705e-02
 5.12834e-03  1.54192e-02

 5.93594e-03  1.59450e-02
 5.62124e-03  1.51756e-02
 5.74092e-03  1.52683e-02
 5.60081e-03  1.53256e-02
 5.62124e-03  1.51756e-02

 6.41823e-03  1.59450e-02
 6.12170e-03  1.49658e-02
 6.23213e-03  1.50693e-02
 6.08726e-03  1.51132e-02
 6.12170e-03  1.49658e-02

 6.90052e-03  1.59450e-02
 6.62873e-03  1.47926e-02
 6.73249e-03  1.49028e-02
 6.58516e-03  1.49375e-02
 6.62873e-03  1.47926e-02

 7.38281e-03  1.59450e-02
 7.14099e-03  1.46586e-02
 7.23959e-03  1.47735e-02
 7.09083e-03  1.48014e-02
 7.14099e-03  1.46586e-02

 7.86510e-03  1.59450e-02
 7.65732e-03  1.45678e-02
 7.75172e-03  1.46861e-02
 7.60204e-03  1.47087e-02
 7.65732e-03  1.45678e-02

 8.34740e-03  1.59450e-02
 8.17595e-03  1.45240e-02
 8.26679e-03  1.46450e-02
 8.11651e-03  1.46632e-02
 8.17595e-03  1.45240e-02

 8.82969e-03  1.59450e-02
 8.69620e-03  1.45340e-02
 8.78389e-03  1.46573e-02
 8.63320e-03  1.46716e-02
 8.69620e-03  1.45340e-02

 9.31198e-03  1.59450e-02
 9.21482e-03  1.46034e-02
 9.29977e-03  1.47286e-02
 9.14880e-03  1.47396e-02
 9.21482e-03  1.46034e-02

 9.79427e-03  1.59450e-02
 9.73355e-03  1.47462e-02
 9.81577e-03  1.48733e-02
 9.66460e-03  1.48809e-02
 9.73355e-03  1.47462e-02

 1.02766e-02  1.59450e-02
 1.02430e-02  1.49651e-02
 1.03231e-02  1.50935e-02
 1.01718e-02  1.50987e-02
 1.02430e-02  1.49651e-02

 1.07589e-02  1.59450e-02
 1.07589e-02  1.53496e-02
 1.08345e-02  1.54806e-02
 1.06832e-02  1.54806e-02
 1.07589e-02  1.53496e-02

 4.03698e-03  1.65150e-02
 4.08968e-03  1.68841e-02
 3.99623e-03  1.67651e-02
 4.14608e-03  1.67437e-02
 4.08968e-03  1.68841e-02

 4.51719e-03  1.65150e-02
 4.56085e-03  1.65590e-02
 4.41478e-03  1.65193e-02
 4.52219e-03  1.64126e-02
 4.56085e-03  1.65590e-02

 4.99740e-03  1.65150e-02
 5.03244e-03  1.62548e-02
 5.08995e-03  1.63948e-02
 4.93993e-03  1.63746e-02
 5.03244e-03  1.62548e-02

 5.47760e-03  1.65150e-02
 5.50500e-03  1.59773e-02
 5.57391e-03  1.61120e-02
 5.42274e-03  1.61043e-02
 5.50500e-03  1.59773e-02

 5.95781e-03  1.65150e-02
 5.97882e-03  1.57305e-02
 6.05097e-03  1.58636e-02
 5.89965e-03  1.58596e-02
 5.97882e-03  1.57305e-02

 6.43802e-03  1.65150e-02
 6.45388e-03  1.55179e-02
 6.52747e-03  1.56501e-02
 6.37612e-03  1.56477e-02
 6.45388e-03  1.55179e-02

 6.91823e-03  1.65150e-02
 6.92999e-03  1.53424e-02
 7.00435e-03  1.54742e-02
 6.85299e-03  1.54727e-02
 6.92999e-03  1.53424e-02

 7.39844e-03  1.65150e-02
 7.40690e-03  1.52069e-02
 7.48173e-03  1.53385e-02
 7.33037e-03  1.53375e-02
 7.40690e-03  1.52069e-02

 7.87865e-03  1.65150e-02
 7.88434e-03  1.51152e-02
 7.95949e-03  1.52466e-02
 7.80813e-03  1.52459e-02
 7.88434e-03  1.51152e-02

 8.35885e-03  1.65150e-02
 8.36223e-03  1.50711e-02
 8.43761e-03  1.52024e-02
 8.28624e-03  1.52020e-02
 8.36223e-03  1.50711e-02

 8.83906e-03  1.65150e-02
 8.84044e-03  1.50815e-02
 8.91599e-03  1.52126e-02
 8.76463e-03  1.52125e-02
 8.84044e-03  1.50815e-02

 9.31927e-03  1.65150e-02
 9.31921e-03  1.51519e-02
 9.39489e-03  1.52830e-02
 9.24353e-03  1.52830e-02
 9.31921e-03  1.51519e-02

 9.79948e-03  1.65150e-02
 9.79852e-03  1.52965e-02
 9.87431e-03  1.54275e-02
 9.72294e-03  1.54276e-02
 9.79852e-03  1.52965e-02

 1.02797e-02  1.65150e-02
 1.02786e-02  1.55177e-02
 1.03545e-02  1.56487e-02
 1.02031e-02  1.56489e-02
 1.02786e-02  1.55177e-02

 1.07599e-02  1.65150e-02
 1.07599e-02  1.59080e-02
 1.08356e-02  1.60391e-02
 1.06842e-02  1.60391e-02
 1.07599e-02  1.59080e-02

 4.06719e-03  1.70850e-02
 4.46460e-03  1.74373e-02
 4.31630e-03  1.74070e-02
 4.41672e-03  1.72937e-02
 4.46460e-03  1.74373e-02

 4.54531e-03  1.70850e-02
 4.94058e-03  1.71198e-02
 4.80336e-03  1.71837e-02
 4.81664e-03  1.70329e-02
 4.94058e-03  1.71198e-02

 5.02344e-03  1.70850e-02
 5.40902e-03  1.68222e-02
 5.34332e-03  1.69586e-02
 5.25808e-03  1.68335e-02
 5.40902e-03  1.68222e-02

 5.50156e-03  1.70850e-02
 5.87087e-03  1.65503e-02
 5.85864e-03  1.67012e-02
 5.73410e-03  1.66152e-02
 5.87087e-03  1.65503e-02

 5.97969e-03  1.70850e-02
 6.32701e-03  1.63085e-02
 6.34257e-03  1.64591e-02
 6.20440e-03  1.63972e-02
 6.32701e-03  1.63085e-02

 6.45781e-03  1.70850e-02
 6.77814e-03  1.61002e-02
 6.80956e-03  1.62483e-02
 6.66562e-03  1.62015e-02
 6.77814e-03  1.61002e-02

 6.93594e-03  1.70850e-02
 7.22486e-03  1.59286e-02
 7.26651e-03  1.60741e-02
 7.11966e-03  1.60374e-02
 7.22486e-03  1.59286e-02

 7.41406e-03  1.70850e-02
 7.66797e-03  1.57963e-02
 7.71688e-03  1.59396e-02
 7.56837e-03  1.59103e-02
 7.66797e-03  1.57963e-02

 7.89219e-03  1.70850e-02
 8.10804e-03  1.57073e-02
 8.16252e-03  1.58485e-02
 8.01298e-03  1.58251e-02
 8.10804e-03  1.57073e-02

 8.37031e-03  1.70850e-02
 8.54661e-03  1.56650e-02
 8.60557e-03  1.58044e-02
 8.45535e-03  1.57857e-02
 8.54661e-03  1.56650e-02

 8.84844e-03  1.70850e-02
 8.98399e-03  1.56758e-02
 9.04677e-03  1.58136e-02
 8.89610e-03  1.57991e-02
 8.98399e-03  1.56758e-02

 9.32656e-03  1.70850e-02
 9.42384e-03  1.57452e-02
 9.48983e-03  1.58814e-02
 9.33886e-03  1.58704e-02
 9.42384e-03  1.57452e-02

 9.80469e-03  1.70850e-02
 9.86419e-03  1.58869e-02
 9.93328e-03  1.60216e-02
 9.78210e-03  1.60141e-02
 9.86419e-03  1.58869e-02

 1.02828e-02  1.70850e-02
 1.03150e-02  1.61033e-02
 1.03864e-02  1.62368e-02
 1.02351e-02  1.62318e-02
 1.03150e-02  1.61033e-02

 1.07609e-02  1.70850e-02
 1.07609e-02  1.64862e-02
 1.08366e-02  1.66173e-02
 1.06853e-02  1.66173e-02
 1.07609e-02  1.64862e-02

 4.09740e-03  1.76550e-02
 4.81394e-03  1.79779e-02
 4.66334e-03  1.79930e-02
 4.72552e-03  1.78550e-02
 4.81394e-03  1.79779e-02

 4.57344e-03  1.76550e-02
 5.29480e-03  1.76774e-02
 5.16143e-03  1.77489e-02
 5.16612e-03  1.75976e-02
 5.29480e-03  1.76774e-02

 5.04948e-03  1.76550e-02
 5.76074e-03  1.73953e-02
 5.66356e-03  1.75114e-02
 5.61165e-03  1.73692e-02
 5.76074e-03  1.73953e-02

 5.52552e-03  1.76550e-02
 6.21305e-03  1.71375e-02
 6.15383e-03  1.72768e-02
 6.06280e-03  1.71559e-02
 6.21305e-03  1.71375e-02

 6.00156e-03  1.76550e-02
 6.65309e-03  1.69084e-02
 6.62393e-03  1.70569e-02
 6.50988e-03  1.69574e-02
 6.65309e-03  1.69084e-02

 6.47760e-03  1.76550e-02
 7.08225e-03  1.67113e-02
 7.07525e-03  1.68625e-02
 6.94780e-03  1.67808e-02
 7.08225e-03  1.67113e-02

 6.95365e-03  1.76550e-02
 7.50184e-03  1.65493e-02
 7.51142e-03  1.67004e-02
 7.37581e-03  1.66332e-02
 7.50184e-03  1.65493e-02

 7.42969e-03  1.76550e-02
 7.91368e-03  1.64251e-02
 7.93610e-03  1.65748e-02
 7.79525e-03  1.65194e-02
 7.91368e-03  1.64251e-02

 7.90573e-03  1.76550e-02
 8.31911e-03  1.63420e-02
 8.35193e-03  1.64898e-02
 8.20755e-03  1.64444e-02
 8.31911e-03  1.63420e-02

 8.38177e-03  1.76550e-02
 8.72118e-03  1.63033e-02
 8.76266e-03  1.64489e-02
 8.61585e-03  1.64120e-02
 8.72118e-03  1.63033e-02

 8.85781e-03  1.76550e-02
 9.12055e-03  1.63149e-02
 9.16960e-03  1.64581e-02
 9.02106e-03  1.64290e-02
 9.12055e-03  1.63149e-02

 9.33385e-03  1.76550e-02
 9.52398e-03  1.63816e-02
 9.57947e-03  1.65225e-02
 9.42977e-03  1.65001e-02
 9.52398e-03  1.63816e-02

 9.80990e-03  1.76550e-02
 9.92755e-03  1.65165e-02
 9.98936e-03  1.66547e-02
 9.83880e-03  1.66391e-02
 9.92755e-03  1.65165e-02

 1.02859e-02  1.76550e-02
 1.03505e-02  1.67215e-02
 1.04170e-02  1.68575e-02
 1.02659e-02  1.68471e-02
 1.03505e-02  1.67215e-02

 1.07620e-02  1.76550e-02
 1.07620e-02  1.70843e-02
 1.08377e-02  1.72154e-02
 1.06863e-02  1.72154e-02
 1.07620e-02  1.70843e-02

 4.12760e-03  1.82250e-02
 5.12723e-03  1.85065e-02
 4.98054e-03  1.85438e-02
 5.02157e-03  1.83981e-02
 5.12723e-03  1.85065e-02

 4.60156e-03  1.82250e-02
 5.61216e-03  1.82313e-02
 5.48061e-03  1.83062e-02
 5.48155e-03  1.81548e-02
 5.61216e-03  1.82313e-02

 5.07552e-03  1.82250e-02
 6.07568e-03  1.79730e-02
 5.96706e-03  1.80784e-02
 5.93007e-03  1.79316e-02
 6.07568e-03  1.79730e-02

 5.54948e-03  1.82250e-02
 6.51929e-03  1.77370e-02
 6.43621e-03  1.78635e-02
 6.36817e-03  1.77283e-02
 6.51929e-03  1.77370e-02

 6.02344e-03  1.82250e-02
 6.94473e-03  1.75276e-02
 6.88589e-03  1.76670e-02
 6.79453e-03  1.75464e-02
 6.94473e-03  1.75276e-02

 6.49740e-03  1.82250e-02
 7.35406e-03  1.73481e-02
 7.31659e-03  1.74947e-02
 7.20832e-03  1.73889e-02
 7.35406e-03  1.73481e-02

 6.97135e-03  1.82250e-02
 7.74930e-03  1.72011e-02
 7.73026e-03  1.73512e-02
 7.60974e-03  1.72597e-02
 7.74930e-03  1.72011e-02

 7.44531e-03  1.82250e-02
 8.13318e-03  1.70891e-02
 8.13002e-03  1.72404e-02
 8.00054e-03  1.71620e-02
 8.13318e-03  1.70891e-02

 7.91927e-03  1.82250e-02
 8.50776e-03  1.70150e-02
 8.51848e-03  1.71660e-02
 8.38236e-03  1.70998e-02
 8.50776e-03  1.70150e-02

 8.39323e-03  1.82250e-02
 8.87740e-03  1.69817e-02
 8.90036e-03  1.71313e-02
 8.75931e-03  1.70764e-02
 8.87740e-03  1.69817e-02

 8.86719e-03  1.82250e-02
 9.24305e-03  1.69943e-02
 9.27714e-03  1.71418e-02
 9.13237e-03  1.70976e-02
 9.24305e-03  1.69943e-02

 9.34115e-03  1.82250e-02
 9.61416e-03  1.70571e-02
 9.65802e-03  1.72020e-02
 9.51062e-03  1.71675e-02
 9.61416e-03  1.70571e-02

 9.81510e-03  1.82250e-02
 9.98496e-03  1.71817e-02
 1.00386e-02  1.73232e-02
 9.88920e-03  1.72989e-02
 9.98496e-03  1.71817e-02

 1.02891e-02  1.82250e-02
 1.03828e-02  1.73698e-02
 1.04438e-02  1.75083e-02
 1.02933e-02  1.74918e-02
 1.03828e-02  1.73698e-02

 1.07630e-02  1.82250e-02
 1.07630e-02  1.77009e-02
 1.08387e-02  1.78320e-02
 1.06873e-02  1.78320e-02
 1.07630e-02  1.77009e-02

 4.15781e-03  1.87950e-02
 5.39244e-03  1.90263e-02
 5.24966e-03  1.90765e-02
 5.27752e-03  1.89277e-02
 5.39244e-03  1.90263e-02

 4.62969e-03  1.87950e-02
 5.87983e-03  1.87839e-02
 5.74942e-03  1.88607e-02
 5.74807e-03  1.87093e-02
 5.87983e-03  1.87839e-02

 5.10156e-03  1.87950e-02
 6.34035e-03  1.85565e-02
 6.22593e-03  1.86556e-02
 6.19732e-03  1.85070e-02
 6.34035e-03  1.85565e-02

 5.57344e-03  1.87950e-02
 6.77575e-03  1.83493e-02
 6.67914e-03  1.84658e-02
 6.62652e-03  1.83239e-02
 6.77575e-03  1.83493e-02

 6.04531e-03  1.87950e-02
 7.18813e-03  1.81659e-02
 7.10979e-03  1.82954e-02
 7.03680e-03  1.81628e-02
 7.18813e-03  1.81659e-02

 6.51719e-03  1.87950e-02
 7.58024e-03  1.80093e-02
 7.51980e-03  1.81481e-02
 7.42983e-03  1.80264e-02
 7.58024e-03  1.80093e-02

 6.98906e-03  1.87950e-02
 7.95456e-03  1.78820e-02
 7.91131e-03  1.80270e-02
 7.80731e-03  1.79170e-02
 7.95456e-03  1.78820e-02

 7.46094e-03  1.87950e-02
 8.31465e-03  1.77858e-02
 8.28777e-03  1.79347e-02
 8.17220e-03  1.78370e-02
 8.31465e-03  1.77858e-02

 7.93281e-03  1.87950e-02
 8.66336e-03  1.77231e-02
 8.65208e-03  1.78740e-02
 8.52700e-03  1.77888e-02
 8.66336e-03  1.77231e-02

 8.40469e-03  1.87950e-02
 9.00605e-03  1.76965e-02
 9.00949e-03  1.78478e-02
 8.87671e-03  1.77751e-02
 9.00605e-03  1.76965e-02

 8.87656e-03  1.87950e-02
 9.34394e-03  1.77102e-02
 9.36158e-03  1.78606e-02
 9.22256e-03  1.78007e-02
 9.34394e-03  1.77102e-02

 9.34844e-03  1.87950e-02
 9.68854e-03  1.77681e-02
 9.71917e-03  1.79164e-02
 9.57548e-03  1.78688e-02
 9.68854e-03  1.77681e-02

 9.82031e-03  1.87950e-02
 1.00326e-02  1.78794e-02
 1.00767e-02  1.80242e-02
 9.92925e-03  1.79900e-02
 1.00326e-02  1.78794e-02

 1.02922e-02  1.87950e-02
 1.04098e-02  1.80459e-02
 1.04642e-02  1.81871e-02
 1.03147e-02  1.81637e-02
 1.04098e-02  1.80459e-02

 1.07641e-02  1.87950e-02
 1.07641e-02  1.83349e-02
 1.08397e-02  1.84660e-02
 1.06884e-02  1.84660e-02
 1.07641e-02  1.83349e-02

 4.18802e-03  1.93650e-02
 5.59831e-03  1.95400e-02
 5.45890e-03  1.95990e-02
 5.47754e-03  1.94487e-02
 5.59831e-03  1.95400e-02

 4.65781e-03  1.93650e-02
 6.08558e-03  1.93358e-02
 5.95607e-03  1.94141e-02
 5.95297e-03  1.92628e-02
 6.08558e-03  1.93358e-02

 5.12760e-03  1.93650e-02
 6.54190e-03  1.91447e-02
 6.42402e-03  1.92397e-02
 6.40073e-03  1.90901e-02
 6.54190e-03  1.91447e-02

 5.59740e-03  1.93650e-02
 6.96923e-03  1.89711e-02
 6.86412e-03  1.90800e-02
 6.82235e-03  1.89345e-02
 6.96923e-03  1.89711e-02

 6.06719e-03  1.93650e-02
 7.37008e-03  1.88182e-02
 7.27849e-03  1.89387e-02
 7.21992e-03  1.87992e-02
 7.37008e-03  1.88182e-02

 6.53698e-03  1.93650e-02
 7.74761e-03  1.86884e-02
 7.67010e-03  1.88184e-02
 7.59626e-03  1.86863e-02
 7.74761e-03  1.86884e-02

 7.00677e-03  1.93650e-02
 8.10509e-03  1.85836e-02
 8.04215e-03  1.87212e-02
 7.95440e-03  1.85979e-02
 8.10509e-03  1.85836e-02

 7.47656e-03  1.93650e-02
 8.44660e-03  1.85054e-02
 8.39868e-03  1.86490e-02
 8.29829e-03  1.85357e-02
 8.44660e-03  1.85054e-02

 7.94635e-03  1.93650e-02
 8.77547e-03  1.84556e-02
 8.74308e-03  1.86034e-02
 8.63122e-03  1.85015e-02
 8.77547e-03  1.84556e-02

 8.41615e-03  1.93650e-02
 9.09792e-03  1.84364e-02
 9.08135e-03  1.85868e-02
 8.95933e-03  1.84972e-02
 9.09792e-03  1.84364e-02

 8.88594e-03  1.93650e-02
 9.41548e-03  1.84510e-02
 9.41525e-03  1.86023e-02
 9.28428e-03  1.85265e-02
 9.41548e-03  1.84510e-02

 9.35573e-03  1.93650e-02
 9.74095e-03  1.85027e-02
 9.75658e-03  1.86533e-02
 9.61838e-03  1.85916e-02
 9.74095e-03  1.85027e-02

 9.82552e-03  1.93650e-02
 1.00661e-02  1.85984e-02
 1.00991e-02  1.87461e-02
 9.95467e-03  1.87008e-02
 1.00661e-02  1.85984e-02

 1.02953e-02  1.93650e-02
 1.04287e-02  1.87401e-02
 1.04753e-02  1.88841e-02
 1.03273e-02  1.88525e-02
 1.04287e-02  1.87401e-02

 1.07651e-02  1.93650e-02
 1.07651e-02  1.89801e-02
 1.08408e-02  1.91111e-02
 1.06894e-02  1.91111e-02
 1.07651e-02  1.89801e-02

 4.21823e-03  1.99350e-02
 5.72774e-03  2.00543e-02
 5.59109e-03  2.01194e-02
 5.60302e-03  1.99685e-02
 5.72774e-03  2.00543e-02

 4.68594e-03  1.99350e-02
 6.21187e-03  1.98931e-02
 6.08291e-03  1.99724e-02
 6.07875e-03  1.98210e-02
 6.21187e-03  1.98931e-02

 5.15365e-03  1.99350e-02
 6.66285e-03  1.97429e-02
 6.54237e-03  1.98345e-02
 6.52326e-03  1.96844e-02
 6.66285e-03  1.97429e-02

 5.62135e-03  1.99350e-02
 7.08265e-03  1.96071e-02
 6.97131e-03  1.97096e-02
 6.93817e-03  1.95620e-02
 7.08265e-03  1.96071e-02

 6.08906e-03  1.99350e-02
 7.47437e-03  1.94882e-02
 7.37285e-03  1.96005e-02
 7.32638e-03  1.94564e-02
 7.47437e-03  1.94882e-02

 6.55677e-03  1.99350e-02
 7.84135e-03  1.93880e-02
 7.75039e-03  1.95090e-02
 7.69109e-03  1.93697e-02
 7.84135e-03  1.93880e-02

 7.02448e-03  1.99350e-02
 8.18728e-03  1.93078e-02
 8.10783e-03  1.94366e-02
 8.03598e-03  1.93034e-02
 8.18728e-03  1.93078e-02

 7.49219e-03  1.99350e-02
 8.51687e-03  1.92488e-02
 8.45005e-03  1.93847e-02
 8.36583e-03  1.92589e-02
 8.51687e-03  1.92488e-02

 7.95990e-03  1.99350e-02
 8.83366e-03  1.92124e-02
 8.78087e-03  1.93543e-02
 8.68441e-03  1.92377e-02
 8.83366e-03  1.92124e-02

 8.42760e-03  1.99350e-02
 9.14445e-03  1.92003e-02
 9.10708e-03  1.93469e-02
 8.99873e-03  1.92412e-02
 9.14445e-03  1.92003e-02

 8.89531e-03  1.99350e-02
 9.45090e-03  1.92148e-02
 9.43076e-03  1.93648e-02
 9.31091e-03  1.92724e-02
 9.45090e-03  1.92148e-02

 9.36302e-03  1.99350e-02
 9.76641e-03  1.92590e-02
 9.76423e-03  1.94103e-02
 9.63424e-03  1.93328e-02
 9.76641e-03  1.92590e-02

 9.83073e-03  1.99350e-02
 1.00825e-02  1.93370e-02
 1.01014e-02  1.94872e-02
 9.96185e-03  1.94285e-02
 1.00825e-02  1.93370e-02

 1.02984e-02  1.99350e-02
 1.04379e-02  1.94513e-02
 1.04743e-02  1.95982e-02
 1.03289e-02  1.95563e-02
 1.04379e-02  1.94513e-02

 1.07661e-02  1.99350e-02
 1.07661e-02  1.96361e-02
 1.08418e-02  1.97672e-02
 1.06905e-02  1.97672e-02
 1.07661e-02  1.96361e-02

 4.24844e-03  2.05050e-02
 5.76763e-03  2.05715e-02
 5.63336e-03  2.06414e-02
 5.63998e-03  2.04902e-02
 5.76763e-03  2.05715e-02

 4.71406e-03  2.05050e-02
 6.24529e-03  2.04533e-02
 6.11683e-03  2.05334e-02
 6.11172e-03  2.03821e-02
 6.24529e-03  2.04533e-02

 5.17969e-03  2.05050e-02
 6.68957e-03  2.03438e-02
 6.56726e-03  2.04330e-02
 6.55119e-03  2.02824e-02
 6.68957e-03  2.03438e-02

 5.64531e-03  2.05050e-02
 7.10275e-03  2.02454e-02
 6.98696e-03  2.03429e-02
 6.96042e-03  2.01939e-02
 7.10275e-03  2.02454e-02

 6.11094e-03  2.05050e-02
 7.48807e-03  2.01600e-02
 7.37931e-03  2.02653e-02
 7.34252e-03  2.01184e-02
 7.48807e-03  2.01600e-02

 6.57656e-03  2.05050e-02
 7.84926e-03  2.00886e-02
 7.74820e-03  2.02013e-02
 7.70113e-03  2.00574e-02
 7.84926e-03  2.00886e-02

 7.04219e-03  2.05050e-02
 8.19015e-03  2.00322e-02
 8.09777e-03  2.01521e-02
 8.04012e-03  2.00121e-02
 8.19015e-03  2.00322e-02

 7.50781e-03  2.05050e-02
 8.51554e-03  1.99914e-02
 8.43311e-03  2.01184e-02
 8.36438e-03  1.99835e-02
 8.51554e-03  1.99914e-02

 7.97344e-03  2.05050e-02
 8.82927e-03  1.99673e-02
 8.75853e-03  2.01011e-02
 8.67801e-03  1.99729e-02
 8.82927e-03  1.99673e-02

 8.43906e-03  2.05050e-02
 9.13802e-03  1.99610e-02
 9.08106e-03  2.01012e-02
 8.98809e-03  1.99818e-02
 9.13802e-03  1.99610e-02

 8.90469e-03  2.05050e-02
 9.44374e-03  1.99743e-02
 9.40343e-03  2.01202e-02
 9.29723e-03  2.00123e-02
 9.44374e-03  1.99743e-02

 9.37031e-03  2.05050e-02
 9.75951e-03  2.00096e-02
 9.73803e-03  2.01595e-02
 9.61901e-03  2.00660e-02
 9.75951e-03  2.00096e-02

 9.83594e-03  2.05050e-02
 1.00775e-02  2.00691e-02
 1.00801e-02  2.02205e-02
 9.94772e-03  2.01471e-02
 1.00775e-02  2.00691e-02

 1.03016e-02  2.05050e-02
 1.04345e-02  2.01555e-02
 1.04586e-02  2.03049e-02
 1.03172e-02  2.02511e-02
 1.04345e-02  2.01555e-02

 1.07672e-02  2.05050e-02
 1.07672e-02  2.02874e-02
 1.08429e-02  2.04185e-02
 1.06915e-02  2.04185e-02
 1.07672e-02  2.02874e-02

 4.27865e-03  2.10750e-02
 5.68712e-03  2.11037e-02
 5.55451e-03  2.11767e-02
 5.55760e-03  2.10253e-02
 5.68712e-03  2.11037e-02

 4.74219e-03  2.10750e-02
 6.15648e-03  2.10304e-02
 6.02785e-03  2.11102e-02
 6.02308e-03  2.09589e-02
 6.15648e-03  2.10304e-02

 5.20573e-03  2.10750e-02
 6.59513e-03  2.09630e-02
 6.47054e-03  2.10490e-02
 6.45838e-03  2.08981e-02
 6.59513e-03  2.09630e-02

 5.66927e-03  2.10750e-02
 7.00539e-03  2.09030e-02
 6.88504e-03  2.09948e-02
 6.86571e-03  2.08447e-02
 7.00539e-03  2.09030e-02

 6.13281e-03  2.10750e-02
 7.39044e-03  2.08513e-02
 7.27464e-03  2.09487e-02
 7.24813e-03  2.07997e-02
 7.39044e-03  2.08513e-02

 6.59635e-03  2.10750e-02
 7.75401e-03  2.08085e-02
 7.64324e-03  2.09116e-02
 7.60928e-03  2.07641e-02
 7.75401e-03  2.08085e-02

 7.05990e-03  2.10750e-02
 8.09979e-03  2.07750e-02
 7.99481e-03  2.08841e-02
 7.95286e-03  2.07386e-02
 8.09979e-03  2.07750e-02

 7.52344e-03  2.10750e-02
 8.43224e-03  2.07514e-02
 8.33414e-03  2.08666e-02
 8.28336e-03  2.07240e-02
 8.43224e-03  2.07514e-02

 7.98698e-03  2.10750e-02
 8.75509e-03  2.07379e-02
 8.66546e-03  2.08599e-02
 8.60464e-03  2.07213e-02
 8.75509e-03  2.07379e-02

 8.45052e-03  2.10750e-02
 9.07440e-03  2.07357e-02
 8.99541e-03  2.08648e-02
 8.92308e-03  2.07318e-02
 9.07440e-03  2.07357e-02

 8.91406e-03  2.10750e-02
 9.39216e-03  2.07456e-02
 9.32715e-03  2.08823e-02
 9.24128e-03  2.07577e-02
 9.39216e-03  2.07456e-02

 9.37760e-03  2.10750e-02
 9.72031e-03  2.07699e-02
 9.67272e-03  2.09136e-02
 9.57207e-03  2.08006e-02
 9.72031e-03  2.07699e-02

 9.84115e-03  2.10750e-02
 1.00521e-02  2.08090e-02
 1.00299e-02  2.09587e-02
 9.91133e-03  2.08647e-02
 1.00521e-02  2.08090e-02

 1.03047e-02  2.10750e-02
 1.04202e-02  2.08661e-02
 1.04230e-02  2.10174e-02
 1.02906e-02  2.09442e-02
 1.04202e-02  2.08661e-02

 1.07682e-02  2.10750e-02
 1.07682e-02  2.09435e-02
 1.08439e-02  2.10746e-02
 1.06925e-02  2.10746e-02
 1.07682e-02  2.09435e-02

 4.30885e-03  2.16450e-02
 5.47824e-03  2.16422e-02
 5.34733e-03  2.17182e-02
 5.34697e-03  2.15669e-02
 5.47824e-03  2.16422e-02

 4.77031e-03  2.16450e-02
 5.93818e-03  2.16029e-02
 5.80991e-03  2.16833e-02
 5.80446e-03  2.15320e-02
 5.93818e-03  2.16029e-02

 5.23177e-03  2.16450e-02
 6.37285e-03  2.15671e-02
 6.24722e-03  2.16515e-02
 6.23691e-03  2.15005e-02
 6.37285e-03  2.15671e-02

 5.69323e-03  2.16450e-02
 6.78466e-03  2.15355e-02
 6.66179e-03  2.16239e-02
 6.64667e-03  2.14732e-02
 6.78466e-03  2.15355e-02

 6.15469e-03  2.16450e-02
 7.17641e-03  2.15085e-02
 7.05651e-03  2.16008e-02
 7.03646e-03  2.14508e-02
 7.17641e-03  2.15085e-02

 6.61615e-03  2.16450e-02
 7.55137e-03  2.14864e-02
 7.43478e-03  2.15829e-02
 7.40947e-03  2.14337e-02
 7.55137e-03  2.14864e-02

 7.07760e-03  2.16450e-02
 7.91262e-03  2.14694e-02
 7.79991e-03  2.15705e-02
 7.76876e-03  2.14223e-02
 7.91262e-03  2.14694e-02

 7.53906e-03  2.16450e-02
 8.26398e-03  2.14577e-02
 8.15599e-03  2.15638e-02
 8.11813e-03  2.14173e-02
 8.26398e-03  2.14577e-02

 8.00052e-03  2.16450e-02
 8.60836e-03  2.14515e-02
 8.50640e-03  2.15634e-02
 8.46049e-03  2.14192e-02
 8.60836e-03  2.14515e-02

 8.46198e-03  2.16450e-02
 8.95095e-03  2.14513e-02
 8.85695e-03  2.15700e-02
 8.80121e-03  2.14292e-02
 8.95095e-03  2.14513e-02

 8.92344e-03  2.16450e-02
 9.29330e-03  2.14576e-02
 9.21057e-03  2.15844e-02
 9.14215e-03  2.14493e-02
 9.29330e-03  2.14576e-02

 9.38490e-03  2.16450e-02
 9.64556e-03  2.14718e-02
 9.57827e-03  2.16074e-02
 9.49450e-03  2.14813e-02
 9.64556e-03  2.14718e-02

 9.84635e-03  2.16450e-02
 1.00027e-02  2.14933e-02
 9.96130e-03  2.16389e-02
 9.85589e-03  2.15303e-02
 1.00027e-02  2.14933e-02

 1.03078e-02  2.16450e-02
 1.03915e-02  2.15254e-02
 1.03784e-02  2.16762e-02
 1.02543e-02  2.15894e-02
 1.03915e-02  2.15254e-02

 1.07693e-02  2.16450e-02
 1.07693e-02  2.15668e-02
 1.08450e-02  2.16979e-02
 1.06936e-02  2.16979e-02
 1.07693e-02  2.15668e-02

 4.33906e-03  2.22150e-02
 5.01724e-03  2.22150e-02
 4.88615e-03  2.22907e-02
 4.88615e-03  2.21393e-02
 5.01724e-03  2.22150e-02

 4.79844e-03  2.22150e-02
 5.47331e-03  2.22150e-02
 5.34223e-03  2.22907e-02
 5.34223e-03  2.21393e-02
 5.47331e-03  2.22150e-02

 5.25781e-03  2.22150e-02
 5.91503e-03  2.22150e-02
 5.78394e-03  2.22907e-02
 5.78394e-03  2.21393e-02
 5.91503e-03  2.22150e-02

 5.71719e-03  2.22150e-02
 6.34386e-03  2.22150e-02
 6.21277e-03  2.22907e-02
 6.21277e-03  2.21393e-02
 6.34386e-03  2.22150e-02

 6.17656e-03  2.22150e-02
 6.76154e-03  2.22150e-02
 6.63046e-03  2.22907e-02
 6.63046e-03  2.21393e-02
 6.76154e-03  2.22150e-02

 6.63594e-03  2.22150e-02
 7.16998e-03  2.22150e-02
 7.03889e-03  2.22907e-02
 7.03889e-03  2.21393e-02
 7.16998e-03  2.22150e-02

 7.09531e-03  2.22150e-02
 7.57100e-03  2.22150e-02
 7.43991e-03  2.22907e-02
 7.43991e-03  2.21393e-02
 7.57100e-03  2.22150e-02

 7.55469e-03  2.22150e-02
 7.96680e-03  2.22150e-02
 7.83571e-03  2.22907e-02
 7.83571e-03  2.21393e-02
 7.96680e-03  2.22150e-02

 8.01406e-03  2.22150e-02
 8.35902e-03  2.22150e-02
 8.22793e-03  2.22907e-02
 8.22793e-03  2.21393e-02
 8.35902e-03  2.22150e-02

 8.47344e-03  2.22150e-02
 8.75067e-03  2.22150e-02
 8.61958e-03  2.22907e-02
 8.61958e-03  2.21393e-02
 8.75067e-03  2.22150e-02

 8.93281e-03  2.22150e-02
 9.14247e-03  2.22150e-02
 9.01138e-03  2.22907e-02
 9.01138e-03  2.21393e-02
 9.14247e-03  2.22150e-02

 9.39219e-03  2.22150e-02
 9.54032e-03  2.22150e-02
 9.40924e-03  2.22907e-02
 9.40924e-03  2.21393e-02
 9.54032e-03  2.22150e-02

 9.85156e-03  2.22150e-02
 9.94095e-03  2.22150e-02
 9.80986e-03  2.22907e-02
 9.80986e-03  2.21393e-02
 9.94095e-03  2.22150e-02

 1.03109e-02  2.22150e-02
 1.03598e-02  2.22150e-02
 1.02287e-02  2.22907e-02
 1.02287e-02  2.21393e-02
 1.03598e-02  2.22150e-02

 1.07703e-02  2.22150e-02
 1.07703e-02  2.22150e-02
 1.06392e-02  2.22907e-02
 1.06392e-02  2.21393e-02
 1.07703e-02  2.22150e-02

