#[ Fluid velocity 2D plot data file: flw.dat ]
 1.95313e-04  1.13850e-02
 1.67947e-04  1.14319e-02
 1.68590e-04  1.12806e-02
 2.99355e-04  1.13568e-02
 1.67947e-04  1.14319e-02

 5.85937e-04  1.13850e-02
 3.19532e-04  1.14287e-02
 4.36650e-04  1.13328e-02
 4.61135e-04  1.14822e-02
 3.19532e-04  1.14287e-02

 9.76562e-04  1.13850e-02
 5.94603e-04  1.14273e-02
 7.16569e-04  1.13376e-02
 7.33221e-04  1.14881e-02
 5.94603e-04  1.14273e-02

 1.36719e-03  1.13850e-02
 8.24779e-04  1.14245e-02
 9.50017e-04  1.13395e-02
 9.61023e-04  1.14905e-02
 8.24779e-04  1.14245e-02

 1.75781e-03  1.13850e-02
 1.09100e-03  1.14214e-02
 1.21777e-03  1.13387e-02
 1.22602e-03  1.14898e-02
 1.09100e-03  1.14214e-02

 2.14844e-03  1.13850e-02
 1.35966e-03  1.14173e-02
 1.48754e-03  1.13363e-02
 1.49374e-03  1.14876e-02
 1.35966e-03  1.14173e-02

 2.53906e-03  1.13850e-02
 1.64978e-03  1.14127e-02
 1.77845e-03  1.13329e-02
 1.78316e-03  1.14842e-02
 1.64978e-03  1.14127e-02

 2.92969e-03  1.13850e-02
 1.95610e-03  1.14075e-02
 2.08540e-03  1.13288e-02
 2.08890e-03  1.14802e-02
 1.95610e-03  1.14075e-02

 3.32031e-03  1.13850e-02
 2.28299e-03  1.14022e-02
 2.41281e-03  1.13243e-02
 2.41532e-03  1.14757e-02
 2.28299e-03  1.14022e-02

 1.97049e-04  1.19550e-02
 1.57257e-04  1.24924e-02
 9.14590e-05  1.23561e-02
 2.42413e-04  1.23673e-02
 1.57257e-04  1.24924e-02

 5.91146e-04  1.19550e-02
 1.47739e-04  1.24638e-02
 1.76808e-04  1.23152e-02
 2.90921e-04  1.24147e-02
 1.47739e-04  1.24638e-02

 9.85243e-04  1.19550e-02
 3.43387e-04  1.24431e-02
 4.01922e-04  1.23035e-02
 4.93543e-04  1.24240e-02
 3.43387e-04  1.24431e-02

 1.37934e-03  1.19550e-02
 4.64933e-04  1.24117e-02
 5.48390e-04  1.22854e-02
 6.16024e-04  1.24208e-02
 4.64933e-04  1.24117e-02

 1.77344e-03  1.19550e-02
 6.49765e-04  1.23730e-02
 7.46236e-04  1.22564e-02
 7.99015e-04  1.23983e-02
 6.49765e-04  1.23730e-02

 2.16753e-03  1.19550e-02
 8.41030e-04  1.23250e-02
 9.46964e-04  1.22169e-02
 9.87632e-04  1.23627e-02
 8.41030e-04  1.23250e-02

 2.56163e-03  1.19550e-02
 1.07097e-03  1.22699e-02
 1.18358e-03  1.21688e-02
 1.21487e-03  1.23169e-02
 1.07097e-03  1.22699e-02

 2.95573e-03  1.19550e-02
 1.32959e-03  1.22095e-02
 1.44740e-03  1.21145e-02
 1.47081e-03  1.22640e-02
 1.32959e-03  1.22095e-02

 3.34983e-03  1.19550e-02
 1.62379e-03  1.21467e-02
 1.74572e-03  1.20570e-02
 1.76243e-03  1.22074e-02
 1.62379e-03  1.21467e-02

 1.98785e-04  1.25250e-02
 1.54516e-04  1.34194e-02
 8.54057e-05  1.32847e-02
 2.36588e-04  1.32922e-02
 1.54516e-04  1.34194e-02

 5.96354e-04  1.25250e-02
 9.72292e-05  1.33980e-02
 9.65896e-05  1.32466e-02
 2.27996e-04  1.33218e-02
 9.72292e-05  1.33980e-02

 9.93924e-04  1.25250e-02
 2.61444e-04  1.33559e-02
 2.91361e-04  1.32075e-02
 4.04904e-04  1.33076e-02
 2.61444e-04  1.33559e-02

 1.39149e-03  1.25250e-02
 3.46834e-04  1.32973e-02
 4.07248e-04  1.31586e-02
 4.97235e-04  1.32803e-02
 3.46834e-04  1.32973e-02

 1.78906e-03  1.25250e-02
 5.05395e-04  1.32209e-02
 5.84567e-04  1.30919e-02
 6.56708e-04  1.32250e-02
 5.05395e-04  1.32209e-02

 2.18663e-03  1.25250e-02
 6.74703e-04  1.31301e-02
 7.68285e-04  1.30111e-02
 8.24527e-04  1.31517e-02
 6.74703e-04  1.31301e-02

 2.58420e-03  1.25250e-02
 8.89648e-04  1.30279e-02
 9.93786e-04  1.29181e-02
 1.03685e-03  1.30632e-02
 8.89648e-04  1.30279e-02

 2.98177e-03  1.25250e-02
 1.13842e-03  1.29189e-02
 1.25080e-03  1.28175e-02
 1.28243e-03  1.29655e-02
 1.13842e-03  1.29189e-02

 3.37934e-03  1.25250e-02
 1.42754e-03  1.28076e-02
 1.54643e-03  1.27140e-02
 1.56812e-03  1.28638e-02
 1.42754e-03  1.28076e-02

 2.00521e-04  1.30950e-02
 1.55838e-04  1.44635e-02
 8.44727e-05  1.43300e-02
 2.35759e-04  1.43350e-02
 1.55838e-04  1.44635e-02

 6.01563e-04  1.30950e-02
 9.78738e-05  1.44509e-02
 7.25769e-05  1.43016e-02
 2.14469e-04  1.43543e-02
 9.78738e-05  1.44509e-02

 1.00260e-03  1.30950e-02
 2.61686e-04  1.43822e-02
 2.61486e-04  1.42309e-02
 3.92673e-04  1.43064e-02
 2.61686e-04  1.43822e-02

 1.40365e-03  1.30950e-02
 3.45894e-04  1.42885e-02
 3.76197e-04  1.41402e-02
 4.89479e-04  1.42406e-02
 3.45894e-04  1.42885e-02

 1.80469e-03  1.30950e-02
 5.05051e-04  1.41633e-02
 5.58260e-04  1.40216e-02
 6.54377e-04  1.41385e-02
 5.05051e-04  1.41633e-02

 2.20573e-03  1.30950e-02
 6.76090e-04  1.40175e-02
 7.49258e-04  1.38850e-02
 8.27430e-04  1.40146e-02
 6.76090e-04  1.40175e-02

 2.60677e-03  1.30950e-02
 8.94205e-04  1.38557e-02
 9.83283e-04  1.37333e-02
 1.04473e-03  1.38716e-02
 8.94205e-04  1.38557e-02

 3.00781e-03  1.30950e-02
 1.14660e-03  1.36858e-02
 1.24865e-03  1.35740e-02
 1.29445e-03  1.37183e-02
 1.14660e-03  1.36858e-02

 3.40885e-03  1.30950e-02
 1.43972e-03  1.35142e-02
 1.55218e-03  1.34129e-02
 1.58369e-03  1.35609e-02
 1.43972e-03  1.35142e-02

 2.02257e-04  1.36650e-02
 1.61268e-04  1.54317e-02
 8.86450e-05  1.52989e-02
 2.39971e-04  1.53024e-02
 1.61268e-04  1.54317e-02

 6.06771e-04  1.36650e-02
 1.43618e-04  1.54290e-02
 1.03707e-04  1.52829e-02
 2.50111e-04  1.53214e-02
 1.43618e-04  1.54290e-02

 1.01128e-03  1.36650e-02
 3.30686e-04  1.53377e-02
 3.09989e-04  1.51877e-02
 4.50194e-04  1.52448e-02
 3.30686e-04  1.53377e-02

 1.41580e-03  1.36650e-02
 4.42131e-04  1.52124e-02
 4.47886e-04  1.50612e-02
 5.76001e-04  1.51418e-02
 4.42131e-04  1.52124e-02

 1.82031e-03  1.36650e-02
 6.23454e-04  1.50427e-02
 6.52287e-04  1.48941e-02
 7.66558e-04  1.49934e-02
 6.23454e-04  1.50427e-02

 2.22483e-03  1.36650e-02
 8.14919e-04  1.48474e-02
 8.66728e-04  1.47052e-02
 9.63993e-04  1.48212e-02
 8.14919e-04  1.48474e-02

 2.62934e-03  1.36650e-02
 1.05013e-03  1.46323e-02
 1.12238e-03  1.44993e-02
 1.20144e-03  1.46284e-02
 1.05013e-03  1.46323e-02

 3.03385e-03  1.36650e-02
 1.31667e-03  1.44088e-02
 1.40688e-03  1.42872e-02
 1.46704e-03  1.44261e-02
 1.31667e-03  1.44088e-02

 3.43837e-03  1.36650e-02
 1.62083e-03  1.41846e-02
 1.72607e-03  1.40758e-02
 1.76767e-03  1.42213e-02
 1.62083e-03  1.41846e-02

 2.03993e-04  1.42350e-02
 1.69180e-04  1.63739e-02
 9.56400e-05  1.62416e-02
 2.46987e-04  1.62441e-02
 1.69180e-04  1.63739e-02

 6.11979e-04  1.42350e-02
 2.18607e-04  1.63782e-02
 1.67832e-04  1.62356e-02
 3.16712e-04  1.62629e-02
 2.18607e-04  1.63782e-02

 1.01997e-03  1.42350e-02
 4.42947e-04  1.62676e-02
 4.05939e-04  1.61209e-02
 5.51552e-04  1.61622e-02
 4.42947e-04  1.62676e-02

 1.42795e-03  1.42350e-02
 6.00126e-04  1.61143e-02
 5.83708e-04  1.59638e-02
 7.22231e-04  1.60248e-02
 6.00126e-04  1.61143e-02

 1.83594e-03  1.42350e-02
 8.16632e-04  1.59047e-02
 8.20340e-04  1.57533e-02
 9.49535e-04  1.58322e-02
 8.16632e-04  1.59047e-02

 2.24392e-03  1.42350e-02
 1.04033e-03  1.56641e-02
 1.06689e-03  1.55150e-02
 1.18266e-03  1.56125e-02
 1.04033e-03  1.56641e-02

 2.65191e-03  1.42350e-02
 1.30088e-03  1.54001e-02
 1.35073e-03  1.52571e-02
 1.44958e-03  1.53718e-02
 1.30088e-03  1.54001e-02

 3.05990e-03  1.42350e-02
 1.58785e-03  1.51269e-02
 1.66075e-03  1.49942e-02
 1.73919e-03  1.51237e-02
 1.58785e-03  1.51269e-02

 3.46788e-03  1.42350e-02
 1.90699e-03  1.48533e-02
 2.00098e-03  1.47347e-02
 2.05673e-03  1.48754e-02
 1.90699e-03  1.48533e-02

 2.05729e-04  1.48050e-02
 1.78938e-04  1.72310e-02
 1.04707e-04  1.70991e-02
 2.56064e-04  1.71008e-02
 1.78938e-04  1.72310e-02

 6.17187e-04  1.48050e-02
 3.14249e-04  1.72398e-02
 2.55330e-04  1.71004e-02
 4.05539e-04  1.71191e-02
 3.14249e-04  1.72398e-02

 1.02865e-03  1.48050e-02
 5.85126e-04  1.71158e-02
 5.35507e-04  1.69728e-02
 6.84161e-04  1.70014e-02
 5.85126e-04  1.71158e-02

 1.44010e-03  1.48050e-02
 8.01040e-04  1.69414e-02
 7.66099e-04  1.67941e-02
 9.11117e-04  1.68375e-02
 8.01040e-04  1.69414e-02

 1.85156e-03  1.48050e-02
 1.06211e-03  1.67013e-02
 1.04262e-03  1.65512e-02
 1.18236e-03  1.66094e-02
 1.06211e-03  1.67013e-02

 2.26302e-03  1.48050e-02
 1.32689e-03  1.64256e-02
 1.32692e-03  1.62742e-02
 1.45800e-03  1.63500e-02
 1.32689e-03  1.64256e-02

 2.67448e-03  1.48050e-02
 1.61960e-03  1.61231e-02
 1.64242e-03  1.59735e-02
 1.76060e-03  1.60680e-02
 1.61960e-03  1.61231e-02

 3.08594e-03  1.48050e-02
 1.93214e-03  1.58102e-02
 1.98127e-03  1.56670e-02
 2.08070e-03  1.57811e-02
 1.93214e-03  1.58102e-02

 3.49740e-03  1.48050e-02
 2.26989e-03  1.54970e-02
 2.34691e-03  1.53667e-02
 2.42124e-03  1.54986e-02
 2.26989e-03  1.54970e-02

 2.07465e-04  1.53750e-02
 1.89683e-04  1.80113e-02
 1.14886e-04  1.78797e-02
 2.66249e-04  1.78807e-02
 1.89683e-04  1.80113e-02

 6.22396e-04  1.53750e-02
 4.21335e-04  1.80220e-02
 3.55798e-04  1.78855e-02
 5.06730e-04  1.78970e-02
 4.21335e-04  1.80220e-02

 1.03733e-03  1.53750e-02
 7.43417e-04  1.78903e-02
 6.83459e-04  1.77514e-02
 8.33803e-04  1.77689e-02
 7.43417e-04  1.78903e-02

 1.45226e-03  1.53750e-02
 1.02559e-03  1.77017e-02
 9.74793e-04  1.75591e-02
 1.12368e-03  1.75865e-02
 1.02559e-03  1.77017e-02

 1.86719e-03  1.53750e-02
 1.33689e-03  1.74410e-02
 1.29617e-03  1.72952e-02
 1.44279e-03  1.73329e-02
 1.33689e-03  1.74410e-02

 2.28212e-03  1.53750e-02
 1.64844e-03  1.71403e-02
 1.62150e-03  1.69914e-02
 1.76396e-03  1.70425e-02
 1.64844e-03  1.71403e-02

 2.69705e-03  1.53750e-02
 1.97776e-03  1.68097e-02
 1.96885e-03  1.66586e-02
 2.10417e-03  1.67265e-02
 1.97776e-03  1.68097e-02

 3.11198e-03  1.53750e-02
 2.31972e-03  1.64670e-02
 2.33544e-03  1.63165e-02
 2.45796e-03  1.64054e-02
 2.31972e-03  1.64670e-02

 3.52691e-03  1.53750e-02
 2.67873e-03  1.61234e-02
 2.72694e-03  1.59799e-02
 2.82709e-03  1.60934e-02
 2.67873e-03  1.61234e-02

 2.09201e-04  1.59450e-02
 2.00883e-04  1.86998e-02
 1.25596e-04  1.85685e-02
 2.76962e-04  1.85689e-02
 2.00883e-04  1.86998e-02

 6.27604e-04  1.59450e-02
 5.33537e-04  1.87105e-02
 4.62354e-04  1.85770e-02
 6.13633e-04  1.85821e-02
 5.33537e-04  1.87105e-02

 1.04601e-03  1.59450e-02
 9.08702e-04  1.85768e-02
 8.39951e-04  1.84420e-02
 9.91112e-04  1.84499e-02
 9.08702e-04  1.85768e-02

 1.46441e-03  1.59450e-02
 1.26099e-03  1.83815e-02
 1.19647e-03  1.82445e-02
 1.34732e-03  1.82571e-02
 1.26099e-03  1.83815e-02

 1.88281e-03  1.59450e-02
 1.62566e-03  1.81103e-02
 1.56596e-03  1.79712e-02
 1.71627e-03  1.79891e-02
 1.62566e-03  1.81103e-02

 2.30122e-03  1.59450e-02
 1.98765e-03  1.77958e-02
 1.93493e-03  1.76540e-02
 2.08417e-03  1.76792e-02
 1.98765e-03  1.77958e-02

 2.71962e-03  1.59450e-02
 2.35692e-03  1.74488e-02
 2.31408e-03  1.73037e-02
 2.46123e-03  1.73391e-02
 2.35692e-03  1.74488e-02

 3.13802e-03  1.59450e-02
 2.73131e-03  1.70880e-02
 2.70395e-03  1.69392e-02
 2.84655e-03  1.69899e-02
 2.73131e-03  1.70880e-02

 3.55642e-03  1.59450e-02
 3.11411e-03  1.67251e-02
 3.11293e-03  1.65737e-02
 3.24460e-03  1.66484e-02
 3.11411e-03  1.67251e-02

 2.10937e-04  1.65150e-02
 2.12042e-04  1.93008e-02
 1.36307e-04  1.91697e-02
 2.87674e-04  1.91696e-02
 2.12042e-04  1.93008e-02

 6.32812e-04  1.65150e-02
 6.45376e-04  1.93100e-02
 5.69104e-04  1.91792e-02
 7.20469e-04  1.91786e-02
 6.45376e-04  1.93100e-02

 1.05469e-03  1.65150e-02
 1.07309e-03  1.91789e-02
 9.96504e-04  1.90483e-02
 1.14787e-03  1.90473e-02
 1.07309e-03  1.91789e-02

 1.47656e-03  1.65150e-02
 1.49612e-03  1.89836e-02
 1.41940e-03  1.88531e-02
 1.57077e-03  1.88519e-02
 1.49612e-03  1.89836e-02

 1.89844e-03  1.65150e-02
 1.91507e-03  1.87113e-02
 1.83839e-03  1.85808e-02
 1.98975e-03  1.85797e-02
 1.91507e-03  1.87113e-02

 2.32031e-03  1.65150e-02
 2.32911e-03  1.83936e-02
 2.25281e-03  1.82629e-02
 2.40418e-03  1.82622e-02
 2.32911e-03  1.83936e-02

 2.74219e-03  1.65150e-02
 2.74018e-03  1.80416e-02
 2.66467e-03  1.79104e-02
 2.81604e-03  1.79106e-02
 2.74018e-03  1.80416e-02

 3.16406e-03  1.65150e-02
 3.14905e-03  1.76739e-02
 3.07507e-03  1.75419e-02
 3.22642e-03  1.75438e-02
 3.14905e-03  1.76739e-02

 3.58594e-03  1.65150e-02
 3.55753e-03  1.73026e-02
 3.48662e-03  1.71689e-02
 3.63789e-03  1.71744e-02
 3.55753e-03  1.73026e-02

 2.12674e-04  1.70850e-02
 2.22818e-04  1.98155e-02
 1.46648e-04  1.96847e-02
 2.98014e-04  1.96841e-02
 2.22818e-04  1.98155e-02

 6.38021e-04  1.70850e-02
 7.52863e-04  1.98222e-02
 6.71751e-04  1.96944e-02
 8.22985e-04  1.96880e-02
 7.52863e-04  1.98222e-02

 1.06337e-03  1.70850e-02
 1.23097e-03  1.96975e-02
 1.14705e-03  1.95715e-02
 1.29810e-03  1.95619e-02
 1.23097e-03  1.96975e-02

 1.48872e-03  1.70850e-02
 1.72293e-03  1.95079e-02
 1.63498e-03  1.93847e-02
 1.78565e-03  1.93702e-02
 1.72293e-03  1.95079e-02

 1.91406e-03  1.70850e-02
 2.19529e-03  1.92430e-02
 2.10331e-03  1.91228e-02
 2.25340e-03  1.91033e-02
 2.19529e-03  1.92430e-02

 2.33941e-03  1.70850e-02
 2.66130e-03  1.89318e-02
 2.56423e-03  1.88157e-02
 2.71335e-03  1.87897e-02
 2.66130e-03  1.89318e-02

 2.76476e-03  1.70850e-02
 3.11476e-03  1.85855e-02
 3.01128e-03  1.84750e-02
 3.15869e-03  1.84406e-02
 3.11476e-03  1.85855e-02

 3.19010e-03  1.70850e-02
 3.55911e-03  1.82221e-02
 3.44666e-03  1.81207e-02
 3.59063e-03  1.80740e-02
 3.55911e-03  1.82221e-02

 3.61545e-03  1.70850e-02
 3.99446e-03  1.78537e-02
 3.86861e-03  1.77696e-02
 4.00437e-03  1.77027e-02
 3.99446e-03  1.78537e-02

 2.14410e-04  1.76550e-02
 2.32908e-04  2.02504e-02
 1.56292e-04  2.01199e-02
 3.07655e-04  2.01188e-02
 2.32908e-04  2.02504e-02

 6.43229e-04  1.76550e-02
 8.52638e-04  2.02536e-02
 7.66669e-04  2.01290e-02
 9.17547e-04  2.01168e-02
 8.52638e-04  2.02536e-02

 1.07205e-03  1.76550e-02
 1.37757e-03  2.01383e-02
 1.28644e-03  2.00174e-02
 1.43668e-03  1.99989e-02
 1.37757e-03  2.01383e-02

 1.50087e-03  1.76550e-02
 1.93444e-03  1.99592e-02
 1.83582e-03  1.98444e-02
 1.98457e-03  1.98164e-02
 1.93444e-03  1.99592e-02

 1.92969e-03  1.76550e-02
 2.45770e-03  1.97088e-02
 2.35176e-03  1.96007e-02
 2.49836e-03  1.95630e-02
 2.45770e-03  1.97088e-02

 2.35851e-03  1.76550e-02
 2.97379e-03  1.94127e-02
 2.85905e-03  1.93140e-02
 3.00192e-03  1.92640e-02
 2.97379e-03  1.94127e-02

 2.78733e-03  1.76550e-02
 3.46871e-03  1.90819e-02
 3.34393e-03  1.89963e-02
 3.48052e-03  1.89310e-02
 3.46871e-03  1.90819e-02

 3.21615e-03  1.76550e-02
 3.94819e-03  1.87332e-02
 3.81194e-03  1.86672e-02
 3.93717e-03  1.85822e-02
 3.94819e-03  1.87332e-02

 3.64497e-03  1.76550e-02
 4.41050e-03  1.83786e-02
 4.26325e-03  1.83435e-02
 4.36722e-03  1.82335e-02
 4.41050e-03  1.83786e-02

 2.16146e-04  1.82250e-02
 2.42108e-04  2.06149e-02
 1.65005e-04  2.04847e-02
 3.16363e-04  2.04830e-02
 2.42108e-04  2.06149e-02

 6.48438e-04  1.82250e-02
 9.42256e-04  2.06138e-02
 8.51136e-04  2.04929e-02
 1.00137e-03  2.04745e-02
 9.42256e-04  2.06138e-02

 1.08073e-03  1.82250e-02
 1.50948e-03  2.05094e-02
 1.41091e-03  2.03945e-02
 1.55968e-03  2.03666e-02
 1.50948e-03  2.05094e-02

 1.51302e-03  1.82250e-02
 2.12548e-03  2.03445e-02
 2.01638e-03  2.02396e-02
 2.16180e-03  2.01976e-02
 2.12548e-03  2.03445e-02

 1.94531e-03  1.82250e-02
 2.69556e-03  2.01144e-02
 2.57684e-03  2.00205e-02
 2.71752e-03  1.99646e-02
 2.69556e-03  2.01144e-02

 2.37760e-03  1.82250e-02
 3.25818e-03  1.98407e-02
 3.12899e-03  1.97618e-02
 3.26190e-03  1.96894e-02
 3.25818e-03  1.98407e-02

 2.80990e-03  1.82250e-02
 3.79196e-03  1.95339e-02
 3.65275e-03  1.94744e-02
 3.77383e-03  1.93836e-02
 3.79196e-03  1.95339e-02

 3.24219e-03  1.82250e-02
 4.30463e-03  1.92093e-02
 4.15704e-03  1.91758e-02
 4.25991e-03  1.90647e-02
 4.30463e-03  1.92093e-02

 3.67448e-03  1.82250e-02
 4.79255e-03  1.88784e-02
 4.64119e-03  1.88776e-02
 4.71756e-03  1.87469e-02
 4.79255e-03  1.88784e-02

 2.17882e-04  1.87950e-02
 2.50162e-04  2.09162e-02
 1.72492e-04  2.07863e-02
 3.23842e-04  2.07840e-02
 2.50162e-04  2.09162e-02

 6.53646e-04  1.87950e-02
 1.01904e-03  2.09097e-02
 9.22141e-04  2.07935e-02
 1.07130e-03  2.07677e-02
 1.01904e-03  2.09097e-02

 1.08941e-03  1.87950e-02
 1.62283e-03  2.08176e-02
 1.51622e-03  2.07102e-02
 1.66259e-03  2.06716e-02
 1.62283e-03  2.08176e-02

 1.52517e-03  1.87950e-02
 2.29018e-03  2.06700e-02
 2.17059e-03  2.05772e-02
 2.31074e-03  2.05200e-02
 2.29018e-03  2.06700e-02

 1.96094e-03  1.87950e-02
 2.90115e-03  2.04651e-02
 2.77089e-03  2.03880e-02
 2.90280e-03  2.03137e-02
 2.90115e-03  2.04651e-02

 2.39670e-03  1.87950e-02
 3.50456e-03  2.02203e-02
 3.36435e-03  2.01633e-02
 3.48387e-03  2.00704e-02
 3.50456e-03  2.02203e-02

 2.83247e-03  1.87950e-02
 4.07261e-03  1.99455e-02
 3.92504e-03  1.99119e-02
 4.02799e-03  1.98009e-02
 4.07261e-03  1.99455e-02

 3.26823e-03  1.87950e-02
 4.61456e-03  1.96541e-02
 4.46334e-03  1.96474e-02
 4.54477e-03  1.95198e-02
 4.61456e-03  1.96541e-02

 3.70399e-03  1.87950e-02
 5.12510e-03  1.93564e-02
 4.97538e-03  1.93786e-02
 5.03099e-03  1.92379e-02
 5.12510e-03  1.93564e-02

 2.19618e-04  1.93650e-02
 2.56955e-04  2.11719e-02
 1.78580e-04  2.10424e-02
 3.29914e-04  2.10393e-02
 2.56955e-04  2.11719e-02

 6.58854e-04  1.93650e-02
 1.08114e-03  2.11590e-02
 9.77432e-04  2.10487e-02
 1.12477e-03  2.10141e-02
 1.08114e-03  2.11590e-02

 1.09809e-03  1.93650e-02
 1.71490e-03  2.10796e-02
 1.59931e-03  2.09819e-02
 1.74174e-03  2.09306e-02
 1.71490e-03  2.10796e-02

 1.53733e-03  1.93650e-02
 2.42381e-03  2.09510e-02
 2.29379e-03  2.08735e-02
 2.42591e-03  2.07997e-02
 2.42381e-03  2.09510e-02

 1.97656e-03  1.93650e-02
 3.06799e-03  2.07749e-02
 2.92790e-03  2.07176e-02
 3.04760e-03  2.06249e-02
 3.06799e-03  2.07749e-02

 2.41580e-03  1.93650e-02
 3.70439e-03  2.05638e-02
 3.55686e-03  2.05299e-02
 3.65996e-03  2.04191e-02
 3.70439e-03  2.05638e-02

 2.85503e-03  1.93650e-02
 4.29991e-03  2.03270e-02
 4.14885e-03  2.03174e-02
 4.23274e-03  2.01914e-02
 4.29991e-03  2.03270e-02

 3.29427e-03  1.93650e-02
 4.86508e-03  2.00754e-02
 4.71445e-03  2.00904e-02
 4.77683e-03  1.99524e-02
 4.86508e-03  2.00754e-02

 3.73351e-03  1.93650e-02
 5.39302e-03  1.98187e-02
 5.24661e-03  1.98571e-02
 5.28653e-03  1.97111e-02
 5.39302e-03  1.98187e-02

 2.21354e-04  1.99350e-02
 2.62026e-04  2.13842e-02
 1.82695e-04  2.12553e-02
 3.34003e-04  2.12510e-02
 2.62026e-04  2.13842e-02

 6.64062e-04  1.99350e-02
 1.12417e-03  2.13641e-02
 1.01196e-03  2.12625e-02
 1.15604e-03  2.12162e-02
 1.12417e-03  2.13641e-02

 1.10677e-03  1.99350e-02
 1.77879e-03  2.12987e-02
 1.65296e-03  2.12146e-02
 1.78873e-03  2.11477e-02
 1.77879e-03  2.12987e-02

 1.54948e-03  1.99350e-02
 2.51626e-03  2.11922e-02
 2.37635e-03  2.11344e-02
 2.49634e-03  2.10421e-02
 2.51626e-03  2.11922e-02

 1.99219e-03  1.99350e-02
 3.18276e-03  2.10491e-02
 3.03534e-03  2.10148e-02
 3.13876e-03  2.09042e-02
 3.18276e-03  2.10491e-02

 2.43490e-03  1.99350e-02
 3.84117e-03  2.08773e-02
 3.69014e-03  2.08672e-02
 3.77440e-03  2.07414e-02
 3.84117e-03  2.08773e-02

 2.87760e-03  1.99350e-02
 4.45462e-03  2.06849e-02
 4.30373e-03  2.06970e-02
 4.36874e-03  2.05603e-02
 4.45462e-03  2.06849e-02

 3.32031e-03  1.99350e-02
 5.03439e-03  2.04807e-02
 4.88652e-03  2.05131e-02
 4.93244e-03  2.03688e-02
 5.03439e-03  2.04807e-02

 3.76302e-03  1.99350e-02
 5.57276e-03  2.02727e-02
 5.43002e-03  2.03231e-02
 5.45778e-03  2.01743e-02
 5.57276e-03  2.02727e-02

 2.23090e-04  2.05050e-02
 2.65372e-04  2.15917e-02
 1.84650e-04  2.14637e-02
 3.35902e-04  2.14578e-02
 2.65372e-04  2.15917e-02

 6.69271e-04  2.05050e-02
 1.14601e-03  2.15630e-02
 1.02315e-03  2.14746e-02
 1.16116e-03  2.14124e-02
 1.14601e-03  2.15630e-02

 1.11545e-03  2.05050e-02
 1.81025e-03  2.15119e-02
 1.67351e-03  2.14470e-02
 1.79809e-03  2.13610e-02
 1.81025e-03  2.15119e-02

 1.56163e-03  2.05050e-02
 2.56020e-03  2.14278e-02
 2.41256e-03  2.13944e-02
 2.51529e-03  2.12833e-02
 2.56020e-03  2.14278e-02

 2.00781e-03  2.05050e-02
 3.23555e-03  2.13186e-02
 3.08447e-03  2.13093e-02
 3.16809e-03  2.11831e-02
 3.23555e-03  2.13186e-02

 2.45399e-03  2.05050e-02
 3.90212e-03  2.11874e-02
 3.75128e-03  2.11999e-02
 3.81580e-03  2.10630e-02
 3.90212e-03  2.11874e-02

 2.90017e-03  2.05050e-02
 4.52139e-03  2.10412e-02
 4.37317e-03  2.10719e-02
 4.42069e-03  2.09281e-02
 4.52139e-03  2.10412e-02

 3.34635e-03  2.05050e-02
 5.10509e-03  2.08862e-02
 4.96094e-03  2.09324e-02
 4.99301e-03  2.07845e-02
 5.10509e-03  2.08862e-02

 3.79253e-03  2.05050e-02
 5.64489e-03  2.07291e-02
 5.50566e-03  2.07885e-02
 5.52384e-03  2.06383e-02
 5.64489e-03  2.07291e-02

 2.24826e-04  2.10750e-02
 2.65616e-04  2.17717e-02
 1.82400e-04  2.16452e-02
 3.33508e-04  2.16364e-02
 2.65616e-04  2.17717e-02

 6.74479e-04  2.10750e-02
 1.13440e-03  2.17388e-02
 9.97534e-04  2.16742e-02
 1.12195e-03  2.15880e-02
 1.13440e-03  2.17388e-02

 1.12413e-03  2.10750e-02
 1.78966e-03  2.17058e-02
 1.64246e-03  2.16705e-02
 1.74658e-03  2.15607e-02
 1.78966e-03  2.17058e-02

 1.57378e-03  2.10750e-02
 2.52846e-03  2.16490e-02
 2.37711e-03  2.16463e-02
 2.45511e-03  2.15166e-02
 2.52846e-03  2.16490e-02

 2.02344e-03  2.10750e-02
 3.19297e-03  2.15786e-02
 3.04264e-03  2.15963e-02
 3.10251e-03  2.14572e-02
 3.19297e-03  2.15786e-02

 2.47309e-03  2.10750e-02
 3.84917e-03  2.14933e-02
 3.70173e-03  2.15276e-02
 3.74576e-03  2.13828e-02
 3.84917e-03  2.14933e-02

 2.92274e-03  2.10750e-02
 4.45859e-03  2.13991e-02
 4.31470e-03  2.14460e-02
 4.34595e-03  2.12979e-02
 4.45859e-03  2.13991e-02

 3.37240e-03  2.10750e-02
 5.03342e-03  2.12993e-02
 4.89338e-03  2.13568e-02
 4.91364e-03  2.12068e-02
 5.03342e-03  2.12993e-02

 3.82205e-03  2.10750e-02
 5.56534e-03  2.11988e-02
 5.42922e-03  2.12650e-02
 5.43995e-03  2.11141e-02
 5.56534e-03  2.11988e-02

 2.26562e-04  2.16450e-02
 2.63326e-04  2.20321e-02
 1.75588e-04  2.19088e-02
 3.26277e-04  2.18944e-02
 2.63326e-04  2.20321e-02

 6.79687e-04  2.16450e-02
 1.08766e-03  2.19959e-02
 9.38924e-04  2.19678e-02
 1.03763e-03  2.18531e-02
 1.08766e-03  2.19959e-02

 1.13281e-03  2.16450e-02
 1.71059e-03  2.19786e-02
 1.55922e-03  2.19786e-02
 1.63491e-03  2.18475e-02
 1.71059e-03  2.19786e-02

 1.58594e-03  2.16450e-02
 2.41164e-03  2.19440e-02
 2.26262e-03  2.19705e-02
 2.31415e-03  2.18282e-02
 2.41164e-03  2.19440e-02

 2.03906e-03  2.16450e-02
 3.04338e-03  2.19048e-02
 2.89752e-03  2.19453e-02
 2.93543e-03  2.17987e-02
 3.04338e-03  2.19048e-02

 2.49219e-03  2.16450e-02
 3.66899e-03  2.18561e-02
 3.52660e-03  2.19075e-02
 3.55333e-03  2.17585e-02
 3.66899e-03  2.18561e-02

 2.94531e-03  2.16450e-02
 4.25199e-03  2.18031e-02
 4.11276e-03  2.18625e-02
 4.13094e-03  2.17122e-02
 4.25199e-03  2.18031e-02

 3.39844e-03  2.16450e-02
 4.80464e-03  2.17471e-02
 4.66841e-03  2.18131e-02
 4.67937e-03  2.16621e-02
 4.80464e-03  2.17471e-02

 3.85156e-03  2.16450e-02
 5.31922e-03  2.16911e-02
 5.18582e-03  2.17626e-02
 5.19057e-03  2.16113e-02
 5.31922e-03  2.16911e-02

 2.28299e-04  2.22150e-02
 2.54011e-04  2.22485e-02
 1.14175e-04  2.21906e-02
 2.34277e-04  2.20984e-02
 2.54011e-04  2.22485e-02

 6.84896e-04  2.22150e-02
 9.32123e-04  2.22444e-02
 7.93018e-04  2.23041e-02
 8.10887e-04  2.21538e-02
 9.32123e-04  2.22444e-02

 1.14149e-03  2.22150e-02
 1.48569e-03  2.22435e-02
 1.34882e-03  2.23081e-02
 1.36129e-03  2.21572e-02
 1.48569e-03  2.22435e-02

 1.59809e-03  2.22150e-02
 2.08721e-03  2.22402e-02
 1.95240e-03  2.23090e-02
 1.96019e-03  2.21579e-02
 2.08721e-03  2.22402e-02

 2.05469e-03  2.22150e-02
 2.64593e-03  2.22369e-02
 2.51213e-03  2.23077e-02
 2.51773e-03  2.21564e-02
 2.64593e-03  2.22369e-02

 2.51128e-03  2.22150e-02
 3.20148e-03  2.22326e-02
 3.06850e-03  2.23049e-02
 3.07237e-03  2.21536e-02
 3.20148e-03  2.22326e-02

 2.96788e-03  2.22150e-02
 3.73123e-03  2.22281e-02
 3.59886e-03  2.23015e-02
 3.60145e-03  2.21501e-02
 3.73123e-03  2.22281e-02

 3.42448e-03  2.22150e-02
 4.24292e-03  2.22232e-02
 4.11108e-03  2.22976e-02
 4.11260e-03  2.21462e-02
 4.24292e-03  2.22232e-02

 3.88108e-03  2.22150e-02
 4.73191e-03  2.22184e-02
 4.60052e-03  2.22935e-02
 4.60112e-03  2.21422e-02
 4.73191e-03  2.22184e-02

 3.76510e-03  1.13850e-02
 2.67874e-03  1.13960e-02
 2.80906e-03  1.13190e-02
 2.81059e-03  1.14704e-02
 2.67874e-03  1.13960e-02

 4.26406e-03  1.13850e-02
 3.15401e-03  1.13894e-02
 3.28480e-03  1.13132e-02
 3.28540e-03  1.14646e-02
 3.15401e-03  1.13894e-02

 4.76302e-03  1.13850e-02
 3.65842e-03  1.13834e-02
 3.78962e-03  1.13079e-02
 3.78940e-03  1.14593e-02
 3.65842e-03  1.13834e-02

 5.26198e-03  1.13850e-02
 4.18879e-03  1.13781e-02
 4.32036e-03  1.13032e-02
 4.31938e-03  1.14546e-02
 4.18879e-03  1.13781e-02

 5.76094e-03  1.13850e-02
 4.74171e-03  1.13735e-02
 4.87364e-03  1.12993e-02
 4.87193e-03  1.14506e-02
 4.74171e-03  1.13735e-02

 6.25990e-03  1.13850e-02
 5.31370e-03  1.13696e-02
 5.44600e-03  1.12961e-02
 5.44354e-03  1.14474e-02
 5.31370e-03  1.13696e-02

 6.75885e-03  1.13850e-02
 5.90144e-03  1.13665e-02
 6.03413e-03  1.12936e-02
 6.03086e-03  1.14450e-02
 5.90144e-03  1.13665e-02

 7.25781e-03  1.13850e-02
 6.50132e-03  1.13640e-02
 6.63445e-03  1.12920e-02
 6.63026e-03  1.14433e-02
 6.50132e-03  1.13640e-02

 7.75677e-03  1.13850e-02
 7.11053e-03  1.13624e-02
 7.24419e-03  1.12913e-02
 7.23889e-03  1.14426e-02
 7.11053e-03  1.13624e-02

 8.25573e-03  1.13850e-02
 7.72400e-03  1.13615e-02
 7.85830e-03  1.12917e-02
 7.85162e-03  1.14429e-02
 7.72400e-03  1.13615e-02

 8.75469e-03  1.13850e-02
 8.34058e-03  1.13614e-02
 8.47575e-03  1.12933e-02
 8.46716e-03  1.14444e-02
 8.34058e-03  1.13614e-02

 9.25365e-03  1.13850e-02
 8.95025e-03  1.13624e-02
 9.08661e-03  1.12966e-02
 9.07535e-03  1.14476e-02
 8.95025e-03  1.13624e-02

 9.75260e-03  1.13850e-02
 9.56025e-03  1.13641e-02
 9.69874e-03  1.13030e-02
 9.68242e-03  1.14535e-02
 9.56025e-03  1.13641e-02

 1.02516e-02  1.13850e-02
 1.01421e-02  1.13672e-02
 1.02836e-02  1.13135e-02
 1.02594e-02  1.14629e-02
 1.01421e-02  1.13672e-02

 1.07505e-02  1.13850e-02
 1.07393e-02  1.13712e-02
 1.08808e-02  1.14248e-02
 1.07637e-02  1.15206e-02
 1.07393e-02  1.13712e-02

 3.79531e-03  1.19550e-02
 1.99564e-03  1.20754e-02
 2.12138e-03  1.19911e-02
 2.13148e-03  1.21422e-02
 1.99564e-03  1.20754e-02

 4.29219e-03  1.19550e-02
 2.46027e-03  1.19994e-02
 2.58949e-03  1.19205e-02
 2.59315e-03  1.20719e-02
 2.46027e-03  1.19994e-02

 4.78906e-03  1.19550e-02
 2.97175e-03  1.19302e-02
 3.10386e-03  1.18563e-02
 3.10180e-03  1.20077e-02
 2.97175e-03  1.19302e-02

 5.28594e-03  1.19550e-02
 3.52509e-03  1.18693e-02
 3.65970e-03  1.18001e-02
 3.65234e-03  1.19513e-02
 3.52509e-03  1.18693e-02

 5.78281e-03  1.19550e-02
 4.11467e-03  1.18169e-02
 4.25156e-03  1.17523e-02
 4.23907e-03  1.19031e-02
 4.11467e-03  1.18169e-02

 6.27969e-03  1.19550e-02
 4.73514e-03  1.17727e-02
 4.87420e-03  1.17129e-02
 4.85645e-03  1.18632e-02
 4.73514e-03  1.17727e-02

 6.77656e-03  1.19550e-02
 5.38134e-03  1.17366e-02
 5.52255e-03  1.16821e-02
 5.49914e-03  1.18316e-02
 5.38134e-03  1.17366e-02

 7.27344e-03  1.19550e-02
 6.04737e-03  1.17088e-02
 6.19079e-03  1.16604e-02
 6.16099e-03  1.18088e-02
 6.04737e-03  1.17088e-02

 7.77031e-03  1.19550e-02
 6.72853e-03  1.16898e-02
 6.87424e-03  1.16488e-02
 6.83689e-03  1.17955e-02
 6.72853e-03  1.16898e-02

 8.26719e-03  1.19550e-02
 7.41658e-03  1.16801e-02
 7.56459e-03  1.16484e-02
 7.51805e-03  1.17925e-02
 7.41658e-03  1.16801e-02

 8.76406e-03  1.19550e-02
 8.10901e-03  1.16803e-02
 8.25916e-03  1.16612e-02
 8.20063e-03  1.18008e-02
 8.10901e-03  1.16803e-02

 9.26094e-03  1.19550e-02
 8.78938e-03  1.16915e-02
 8.94074e-03  1.16894e-02
 8.86690e-03  1.18215e-02
 8.78938e-03  1.16915e-02

 9.75781e-03  1.19550e-02
 9.46714e-03  1.17136e-02
 9.61634e-03  1.17391e-02
 9.51964e-03  1.18556e-02
 9.46714e-03  1.17136e-02

 1.02547e-02  1.19550e-02
 1.00967e-02  1.17504e-02
 1.02367e-02  1.18079e-02
 1.01169e-02  1.19004e-02
 1.00967e-02  1.17504e-02

 1.07516e-02  1.19550e-02
 1.07380e-02  1.18218e-02
 1.08266e-02  1.19445e-02
 1.06760e-02  1.19599e-02
 1.07380e-02  1.18218e-02

 3.82552e-03  1.25250e-02
 1.79539e-03  1.26853e-02
 1.92011e-03  1.25995e-02
 1.93202e-03  1.27504e-02
 1.79539e-03  1.26853e-02

 4.32031e-03  1.25250e-02
 2.25711e-03  1.25577e-02
 2.38698e-03  1.24799e-02
 2.38938e-03  1.26313e-02
 2.25711e-03  1.25577e-02

 4.81510e-03  1.25250e-02
 2.76961e-03  1.24422e-02
 2.90365e-03  1.23719e-02
 2.89753e-03  1.25231e-02
 2.76961e-03  1.24422e-02

 5.30990e-03  1.25250e-02
 3.32805e-03  1.23403e-02
 3.46559e-03  1.22771e-02
 3.45155e-03  1.24278e-02
 3.32805e-03  1.23403e-02

 5.80469e-03  1.25250e-02
 3.92713e-03  1.22522e-02
 4.06774e-03  1.21962e-02
 4.04598e-03  1.23460e-02
 3.92713e-03  1.22522e-02

 6.29948e-03  1.25250e-02
 4.56133e-03  1.21779e-02
 4.70470e-03  1.21293e-02
 4.67506e-03  1.22778e-02
 4.56133e-03  1.21779e-02

 6.79427e-03  1.25250e-02
 5.22497e-03  1.21173e-02
 5.37088e-03  1.20770e-02
 5.33282e-03  1.22235e-02
 5.22497e-03  1.21173e-02

 7.28906e-03  1.25250e-02
 5.91140e-03  1.20710e-02
 6.05959e-03  1.20402e-02
 6.01221e-03  1.21839e-02
 5.91140e-03  1.20710e-02

 7.78385e-03  1.25250e-02
 6.61507e-03  1.20402e-02
 6.76516e-03  1.20205e-02
 6.70716e-03  1.21603e-02
 6.61507e-03  1.20402e-02

 8.27865e-03  1.25250e-02
 7.32670e-03  1.20260e-02
 7.47794e-03  1.20198e-02
 7.40767e-03  1.21539e-02
 7.32670e-03  1.20260e-02

 8.77344e-03  1.25250e-02
 8.04277e-03  1.20301e-02
 8.19374e-03  1.20409e-02
 8.10886e-03  1.21663e-02
 8.04277e-03  1.20301e-02

 9.26823e-03  1.25250e-02
 8.74536e-03  1.20544e-02
 8.89343e-03  1.20858e-02
 8.79217e-03  1.21983e-02
 8.74536e-03  1.20544e-02

 9.76302e-03  1.25250e-02
 9.44283e-03  1.21015e-02
 9.58226e-03  1.21604e-02
 9.46152e-03  1.22517e-02
 9.44283e-03  1.21015e-02

 1.02578e-02  1.25250e-02
 1.00865e-02  1.21758e-02
 1.02121e-02  1.22601e-02
 1.00763e-02  1.23268e-02
 1.00865e-02  1.21758e-02

 1.07526e-02  1.25250e-02
 1.07379e-02  1.23079e-02
 1.08223e-02  1.24336e-02
 1.06712e-02  1.24439e-02
 1.07379e-02  1.23079e-02

 3.85573e-03  1.30950e-02
 1.80932e-03  1.33280e-02
 1.93101e-03  1.32380e-02
 1.94813e-03  1.33884e-02
 1.80932e-03  1.33280e-02

 4.34844e-03  1.30950e-02
 2.26964e-03  1.31351e-02
 2.39924e-03  1.30569e-02
 2.40216e-03  1.32082e-02
 2.26964e-03  1.31351e-02

 4.84115e-03  1.30950e-02
 2.78021e-03  1.29592e-02
 2.91599e-03  1.28923e-02
 2.90604e-03  1.30434e-02
 2.78021e-03  1.29592e-02

 5.33385e-03  1.30950e-02
 3.33687e-03  1.28029e-02
 3.47753e-03  1.27470e-02
 3.45562e-03  1.28967e-02
 3.33687e-03  1.28029e-02

 5.82656e-03  1.30950e-02
 3.93470e-03  1.26667e-02
 4.07927e-03  1.26218e-02
 4.04584e-03  1.27695e-02
 3.93470e-03  1.26667e-02

 6.31927e-03  1.30950e-02
 4.56826e-03  1.25512e-02
 4.71589e-03  1.25178e-02
 4.67100e-03  1.26623e-02
 4.56826e-03  1.25512e-02

 6.81198e-03  1.30950e-02
 5.23194e-03  1.24569e-02
 5.38183e-03  1.24358e-02
 5.32515e-03  1.25762e-02
 5.23194e-03  1.24569e-02

 7.30469e-03  1.30950e-02
 5.91892e-03  1.23852e-02
 6.07010e-03  1.23776e-02
 6.00109e-03  1.25123e-02
 5.91892e-03  1.23852e-02

 7.79740e-03  1.30950e-02
 6.62339e-03  1.23376e-02
 6.77458e-03  1.23450e-02
 6.69251e-03  1.24722e-02
 6.62339e-03  1.23376e-02

 8.29010e-03  1.30950e-02
 7.33604e-03  1.23163e-02
 7.48545e-03  1.23405e-02
 7.38974e-03  1.24578e-02
 7.33604e-03  1.23163e-02

 8.78281e-03  1.30950e-02
 8.05284e-03  1.23240e-02
 8.19792e-03  1.23672e-02
 8.08801e-03  1.24712e-02
 8.05284e-03  1.23240e-02

 9.27552e-03  1.30950e-02
 8.75570e-03  1.23637e-02
 8.89334e-03  1.24267e-02
 8.76997e-03  1.25144e-02
 8.75570e-03  1.23637e-02

 9.76823e-03  1.30950e-02
 9.45192e-03  1.24405e-02
 9.57710e-03  1.25256e-02
 9.44082e-03  1.25915e-02
 9.45192e-03  1.24405e-02

 1.02609e-02  1.30950e-02
 1.00934e-02  1.25591e-02
 1.02048e-02  1.26616e-02
 1.00603e-02  1.27068e-02
 1.00934e-02  1.25591e-02

 1.07536e-02  1.30950e-02
 1.07394e-02  1.27687e-02
 1.08207e-02  1.28964e-02
 1.06695e-02  1.29030e-02
 1.07394e-02  1.27687e-02

 3.88594e-03  1.36650e-02
 1.99665e-03  1.39442e-02
 2.11527e-03  1.38502e-02
 2.13739e-03  1.39999e-02
 1.99665e-03  1.39442e-02

 4.37656e-03  1.36650e-02
 2.45670e-03  1.36967e-02
 2.58652e-03  1.36188e-02
 2.58902e-03  1.37702e-02
 2.45670e-03  1.36967e-02

 4.86719e-03  1.36650e-02
 2.96269e-03  1.34704e-02
 3.10079e-03  1.34084e-02
 3.08540e-03  1.35590e-02
 2.96269e-03  1.34704e-02

 5.35781e-03  1.36650e-02
 3.51114e-03  1.32681e-02
 3.65520e-03  1.32216e-02
 3.62339e-03  1.33696e-02
 3.51114e-03  1.32681e-02

 5.84844e-03  1.36650e-02
 4.09788e-03  1.30912e-02
 4.24602e-03  1.30601e-02
 4.19887e-03  1.32039e-02
 4.09788e-03  1.30912e-02

 6.33906e-03  1.36650e-02
 4.71800e-03  1.29408e-02
 4.86856e-03  1.29252e-02
 4.80681e-03  1.30634e-02
 4.71800e-03  1.29408e-02

 6.82969e-03  1.36650e-02
 5.36627e-03  1.28181e-02
 5.51764e-03  1.28183e-02
 5.44182e-03  1.29493e-02
 5.36627e-03  1.28181e-02

 7.32031e-03  1.36650e-02
 6.03634e-03  1.27249e-02
 6.18682e-03  1.27413e-02
 6.09740e-03  1.28634e-02
 6.03634e-03  1.27249e-02

 7.81094e-03  1.36650e-02
 6.72299e-03  1.26637e-02
 6.87069e-03  1.26968e-02
 6.76819e-03  1.28082e-02
 6.72299e-03  1.26637e-02

 8.30156e-03  1.36650e-02
 7.41735e-03  1.26373e-02
 7.56022e-03  1.26873e-02
 7.44548e-03  1.27860e-02
 7.41735e-03  1.26373e-02

 8.79219e-03  1.36650e-02
 8.11562e-03  1.26496e-02
 8.25129e-03  1.27168e-02
 8.12533e-03  1.28007e-02
 8.11562e-03  1.26496e-02

 9.28281e-03  1.36650e-02
 8.80103e-03  1.27049e-02
 8.92746e-03  1.27881e-02
 8.79217e-03  1.28560e-02
 8.80103e-03  1.27049e-02

 9.77344e-03  1.36650e-02
 9.48019e-03  1.28105e-02
 9.59432e-03  1.29100e-02
 9.45115e-03  1.29591e-02
 9.48019e-03  1.28105e-02

 1.02641e-02  1.36650e-02
 1.01083e-02  1.29710e-02
 1.02109e-02  1.30823e-02
 1.00632e-02  1.31154e-02
 1.01083e-02  1.29710e-02

 1.07547e-02  1.36650e-02
 1.07414e-02  1.32476e-02
 1.08212e-02  1.33762e-02
 1.06699e-02  1.33810e-02
 1.07414e-02  1.32476e-02

 3.91615e-03  1.42350e-02
 2.29130e-03  1.45624e-02
 2.40485e-03  1.44623e-02
 2.43475e-03  1.46107e-02
 2.29130e-03  1.45624e-02

 4.40469e-03  1.42350e-02
 2.75115e-03  1.42638e-02
 2.88090e-03  1.41859e-02
 2.88354e-03  1.43372e-02
 2.75115e-03  1.42638e-02

 4.89323e-03  1.42350e-02
 3.25075e-03  1.39898e-02
 3.39157e-03  1.39343e-02
 3.36922e-03  1.40840e-02
 3.25075e-03  1.39898e-02

 5.38177e-03  1.42350e-02
 3.78712e-03  1.37437e-02
 3.93468e-03  1.37100e-02
 3.89012e-03  1.38547e-02
 3.78712e-03  1.37437e-02

 5.87031e-03  1.42350e-02
 4.35695e-03  1.35279e-02
 4.50775e-03  1.35148e-02
 4.44367e-03  1.36520e-02
 4.35695e-03  1.35279e-02

 6.35885e-03  1.42350e-02
 4.95576e-03  1.33440e-02
 5.10699e-03  1.33504e-02
 5.02585e-03  1.34781e-02
 4.95576e-03  1.33440e-02

 6.84740e-03  1.42350e-02
 5.57924e-03  1.31939e-02
 5.72858e-03  1.32186e-02
 5.63254e-03  1.33356e-02
 5.57924e-03  1.31939e-02

 7.33594e-03  1.42350e-02
 6.22203e-03  1.30799e-02
 6.36750e-03  1.31217e-02
 6.25855e-03  1.32268e-02
 6.22203e-03  1.30799e-02

 7.82448e-03  1.42350e-02
 6.87934e-03  1.30052e-02
 7.01923e-03  1.30630e-02
 6.89922e-03  1.31553e-02
 6.87934e-03  1.30052e-02

 8.31302e-03  1.42350e-02
 7.54362e-03  1.29734e-02
 7.67649e-03  1.30459e-02
 7.54726e-03  1.31247e-02
 7.54362e-03  1.29734e-02

 8.80156e-03  1.42350e-02
 8.21181e-03  1.29895e-02
 8.33631e-03  1.30756e-02
 8.19950e-03  1.31403e-02
 8.21181e-03  1.29895e-02

 9.29010e-03  1.42350e-02
 8.86912e-03  1.30584e-02
 8.98454e-03  1.31564e-02
 8.84202e-03  1.32073e-02
 8.86912e-03  1.30584e-02

 9.77865e-03  1.42350e-02
 9.52166e-03  1.31900e-02
 9.62645e-03  1.32993e-02
 9.47947e-03  1.33354e-02
 9.52166e-03  1.31900e-02

 1.02672e-02  1.42350e-02
 1.01301e-02  1.33883e-02
 1.02257e-02  1.35056e-02
 1.00763e-02  1.35298e-02
 1.01301e-02  1.33883e-02

 1.07557e-02  1.42350e-02
 1.07441e-02  1.37283e-02
 1.08227e-02  1.38576e-02
 1.06714e-02  1.38611e-02
 1.07441e-02  1.37283e-02

 3.94635e-03  1.48050e-02
 2.66481e-03  1.51658e-02
 2.77048e-03  1.50574e-02
 2.81150e-03  1.52031e-02
 2.66481e-03  1.51658e-02

 4.43281e-03  1.48050e-02
 3.12515e-03  1.48272e-02
 3.25493e-03  1.47493e-02
 3.25751e-03  1.49007e-02
 3.12515e-03  1.48272e-02

 4.91927e-03  1.48050e-02
 3.61714e-03  1.45156e-02
 3.76152e-03  1.44702e-02
 3.72868e-03  1.46179e-02
 3.61714e-03  1.45156e-02

 5.40573e-03  1.48050e-02
 4.13871e-03  1.42350e-02
 4.28931e-03  1.42198e-02
 4.22721e-03  1.43578e-02
 4.13871e-03  1.42350e-02

 5.89219e-03  1.48050e-02
 4.68723e-03  1.39883e-02
 4.83821e-03  1.39992e-02
 4.75328e-03  1.41245e-02
 4.68723e-03  1.39883e-02

 6.37865e-03  1.48050e-02
 5.25921e-03  1.37779e-02
 5.40697e-03  1.38108e-02
 5.30464e-03  1.39223e-02
 5.25921e-03  1.37779e-02

 6.86510e-03  1.48050e-02
 5.85117e-03  1.36060e-02
 5.99361e-03  1.36572e-02
 5.87803e-03  1.37550e-02
 5.85117e-03  1.36060e-02

 7.35156e-03  1.48050e-02
 6.45888e-03  1.34756e-02
 6.59479e-03  1.35423e-02
 6.46912e-03  1.36266e-02
 6.45888e-03  1.34756e-02

 7.83802e-03  1.48050e-02
 7.07854e-03  1.33903e-02
 7.20722e-03  1.34700e-02
 7.07386e-03  1.35416e-02
 7.07854e-03  1.33903e-02

 8.32448e-03  1.48050e-02
 7.70412e-03  1.33540e-02
 7.82525e-03  1.34448e-02
 7.68607e-03  1.35043e-02
 7.70412e-03  1.33540e-02

 8.81094e-03  1.48050e-02
 8.33341e-03  1.33730e-02
 8.44668e-03  1.34734e-02
 8.30308e-03  1.35213e-02
 8.33341e-03  1.33730e-02

 9.29740e-03  1.48050e-02
 8.95466e-03  1.34528e-02
 9.06023e-03  1.35613e-02
 8.91351e-03  1.35985e-02
 8.95466e-03  1.34528e-02

 9.78385e-03  1.48050e-02
 9.57320e-03  1.36052e-02
 9.67042e-03  1.37212e-02
 9.52133e-03  1.37474e-02
 9.57320e-03  1.36052e-02

 1.02703e-02  1.48050e-02
 1.01568e-02  1.38337e-02
 1.02472e-02  1.39551e-02
 1.00969e-02  1.39727e-02
 1.01568e-02  1.38337e-02

 1.07568e-02  1.48050e-02
 1.07471e-02  1.42248e-02
 1.08249e-02  1.43547e-02
 1.06736e-02  1.43572e-02
 1.07471e-02  1.42248e-02

 3.97656e-03  1.53750e-02
 3.08607e-03  1.57616e-02
 3.17617e-03  1.56400e-02
 3.23646e-03  1.57788e-02
 3.08607e-03  1.57616e-02

 4.46094e-03  1.53750e-02
 3.54767e-03  1.53929e-02
 3.67724e-03  1.53147e-02
 3.68021e-03  1.54660e-02
 3.54767e-03  1.53929e-02

 4.94531e-03  1.53750e-02
 4.03189e-03  1.50526e-02
 4.18069e-03  1.50249e-02
 4.13031e-03  1.51676e-02
 4.03189e-03  1.50526e-02

 5.42969e-03  1.53750e-02
 4.53761e-03  1.47454e-02
 4.68835e-03  1.47592e-02
 4.60107e-03  1.48829e-02
 4.53761e-03  1.47454e-02

 5.91406e-03  1.53750e-02
 5.06277e-03  1.44749e-02
 5.20784e-03  1.45181e-02
 5.09786e-03  1.46221e-02
 5.06277e-03  1.44749e-02

 6.39844e-03  1.53750e-02
 5.60512e-03  1.42439e-02
 5.74236e-03  1.43078e-02
 5.61843e-03  1.43947e-02
 5.60512e-03  1.42439e-02

 6.88281e-03  1.53750e-02
 6.16206e-03  1.40553e-02
 6.29131e-03  1.41341e-02
 6.15847e-03  1.42066e-02
 6.16206e-03  1.40553e-02

 7.36719e-03  1.53750e-02
 6.73042e-03  1.39120e-02
 6.85213e-03  1.40020e-02
 6.71334e-03  1.40624e-02
 6.73042e-03  1.39120e-02

 7.85156e-03  1.53750e-02
 7.30760e-03  1.38182e-02
 7.42229e-03  1.39170e-02
 7.27939e-03  1.39669e-02
 7.30760e-03  1.38182e-02

 8.33594e-03  1.53750e-02
 7.88943e-03  1.37782e-02
 7.99762e-03  1.38840e-02
 7.85184e-03  1.39248e-02
 7.88943e-03  1.37782e-02

 8.82031e-03  1.53750e-02
 8.47444e-03  1.37987e-02
 8.57646e-03  1.39105e-02
 8.42861e-03  1.39429e-02
 8.47444e-03  1.37987e-02

 9.30469e-03  1.53750e-02
 9.05448e-03  1.38859e-02
 9.15084e-03  1.40026e-02
 9.00156e-03  1.40277e-02
 9.05448e-03  1.38859e-02

 9.78906e-03  1.53750e-02
 9.63378e-03  1.40530e-02
 9.72424e-03  1.41743e-02
 9.57391e-03  1.41920e-02
 9.63378e-03  1.40530e-02

 1.02734e-02  1.53750e-02
 1.01888e-02  1.43033e-02
 1.02746e-02  1.44280e-02
 1.01237e-02  1.44400e-02
 1.01888e-02  1.43033e-02

 1.07578e-02  1.53750e-02
 1.07506e-02  1.47347e-02
 1.08277e-02  1.48649e-02
 1.06764e-02  1.48666e-02
 1.07506e-02  1.47347e-02

 4.00677e-03  1.59450e-02
 3.53574e-03  1.63443e-02
 3.58679e-03  1.62018e-02
 3.68467e-03  1.63173e-02
 3.53574e-03  1.63443e-02

 4.48906e-03  1.59450e-02
 3.99989e-03  1.59575e-02
 4.12899e-03  1.58785e-02
 4.13287e-03  1.60298e-02
 3.99989e-03  1.59575e-02

 4.97135e-03  1.59450e-02
 4.47713e-03  1.55996e-02
 4.62793e-03  1.56127e-02
 4.54123e-03  1.57368e-02
 4.47713e-03  1.55996e-02

 5.45365e-03  1.59450e-02
 4.96697e-03  1.52761e-02
 5.10529e-03  1.53375e-02
 4.98289e-03  1.54266e-02
 4.96697e-03  1.52761e-02

 5.93594e-03  1.59450e-02
 5.46843e-03  1.49908e-02
 5.59407e-03  1.50752e-02
 5.45814e-03  1.51418e-02
 5.46843e-03  1.49908e-02

 6.41823e-03  1.59450e-02
 5.98003e-03  1.47472e-02
 6.09614e-03  1.48443e-02
 5.95399e-03  1.48963e-02
 5.98003e-03  1.47472e-02

 6.90052e-03  1.59450e-02
 6.50019e-03  1.45482e-02
 6.60906e-03  1.46533e-02
 6.46355e-03  1.46951e-02
 6.50019e-03  1.45482e-02

 7.38281e-03  1.59450e-02
 7.02702e-03  1.43972e-02
 7.13015e-03  1.45080e-02
 6.98263e-03  1.45419e-02
 7.02702e-03  1.43972e-02

 7.86510e-03  1.59450e-02
 7.55903e-03  1.42983e-02
 7.65739e-03  1.44133e-02
 7.50857e-03  1.44410e-02
 7.55903e-03  1.42983e-02

 8.34740e-03  1.59450e-02
 8.09394e-03  1.42557e-02
 8.18824e-03  1.43742e-02
 8.03854e-03  1.43966e-02
 8.09394e-03  1.42557e-02

 8.82969e-03  1.59450e-02
 8.63113e-03  1.42769e-02
 8.72178e-03  1.43982e-02
 8.57147e-03  1.44161e-02
 8.63113e-03  1.42769e-02

 9.31198e-03  1.59450e-02
 9.16632e-03  1.43680e-02
 9.25374e-03  1.44916e-02
 9.10301e-03  1.45055e-02
 9.16632e-03  1.43680e-02

 9.79427e-03  1.59450e-02
 9.70230e-03  1.45435e-02
 9.78641e-03  1.46693e-02
 9.63536e-03  1.46793e-02
 9.70230e-03  1.45435e-02

 1.02766e-02  1.59450e-02
 1.02254e-02  1.48066e-02
 1.03069e-02  1.49342e-02
 1.01557e-02  1.49410e-02
 1.02254e-02  1.48066e-02

 1.07589e-02  1.59450e-02
 1.07545e-02  1.52637e-02
 1.08310e-02  1.53943e-02
 1.06796e-02  1.53952e-02
 1.07545e-02  1.52637e-02

 4.03698e-03  1.65150e-02
 3.99501e-03  1.69146e-02
 3.93344e-03  1.67763e-02
 4.08397e-03  1.67921e-02
 3.99501e-03  1.69146e-02

 4.51719e-03  1.65150e-02
 4.46315e-03  1.65215e-02
 4.58428e-03  1.64307e-02
 4.60232e-03  1.65810e-02
 4.46315e-03  1.65215e-02

 4.99740e-03  1.65150e-02
 4.93463e-03  1.61570e-02
 5.03181e-03  1.62730e-02
 4.88272e-03  1.62992e-02
 4.93463e-03  1.61570e-02

 5.47760e-03  1.65150e-02
 5.40964e-03  1.58270e-02
 5.49784e-03  1.59500e-02
 5.34721e-03  1.59649e-02
 5.40964e-03  1.58270e-02

 5.95781e-03  1.65150e-02
 5.88800e-03  1.55360e-02
 5.97282e-03  1.56613e-02
 5.82183e-03  1.56721e-02
 5.88800e-03  1.55360e-02

 6.43802e-03  1.65150e-02
 6.36920e-03  1.52876e-02
 6.45210e-03  1.54142e-02
 6.30097e-03  1.54227e-02
 6.36920e-03  1.52876e-02

 6.91823e-03  1.65150e-02
 6.85259e-03  1.50850e-02
 6.93420e-03  1.52124e-02
 6.78299e-03  1.52194e-02
 6.85259e-03  1.50850e-02

 7.39844e-03  1.65150e-02
 7.33755e-03  1.49313e-02
 7.41822e-03  1.50594e-02
 7.26696e-03  1.50652e-02
 7.33755e-03  1.49313e-02

 7.87865e-03  1.65150e-02
 7.82365e-03  1.48307e-02
 7.90357e-03  1.49593e-02
 7.75229e-03  1.49642e-02
 7.82365e-03  1.48307e-02

 8.35885e-03  1.65150e-02
 8.31058e-03  1.47874e-02
 8.38990e-03  1.49164e-02
 8.23859e-03  1.49206e-02
 8.31058e-03  1.47874e-02

 8.83906e-03  1.65150e-02
 8.79844e-03  1.48086e-02
 8.87722e-03  1.49379e-02
 8.72590e-03  1.49415e-02
 8.79844e-03  1.48086e-02

 9.31927e-03  1.65150e-02
 9.28693e-03  1.49004e-02
 9.36522e-03  1.50300e-02
 9.21389e-03  1.50330e-02
 9.28693e-03  1.49004e-02

 9.79948e-03  1.65150e-02
 9.77706e-03  1.50782e-02
 9.85478e-03  1.52081e-02
 9.70343e-03  1.52105e-02
 9.77706e-03  1.50782e-02

 1.02797e-02  1.65150e-02
 1.02660e-02  1.53451e-02
 1.03432e-02  1.54753e-02
 1.01919e-02  1.54770e-02
 1.02660e-02  1.53451e-02

 1.07599e-02  1.65150e-02
 1.07587e-02  1.58131e-02
 1.08346e-02  1.59441e-02
 1.06832e-02  1.59443e-02
 1.07587e-02  1.58131e-02

 4.06719e-03  1.70850e-02
 4.44890e-03  1.74699e-02
 4.30285e-03  1.74301e-02
 4.41034e-03  1.73236e-02
 4.44890e-03  1.74699e-02

 4.54531e-03  1.70850e-02
 4.92224e-03  1.70826e-02
 4.79164e-03  1.71591e-02
 4.79066e-03  1.70077e-02
 4.92224e-03  1.70826e-02

 5.02344e-03  1.70850e-02
 5.38927e-03  1.67228e-02
 5.34937e-03  1.68688e-02
 5.24287e-03  1.67612e-02
 5.38927e-03  1.67228e-02

 5.50156e-03  1.70850e-02
 5.85075e-03  1.63969e-02
 5.85892e-03  1.65481e-02
 5.72394e-03  1.64796e-02
 5.85075e-03  1.63969e-02

 5.97969e-03  1.70850e-02
 6.30727e-03  1.61097e-02
 6.33727e-03  1.62581e-02
 6.19378e-03  1.62099e-02
 6.30727e-03  1.61097e-02

 6.45781e-03  1.70850e-02
 6.75919e-03  1.58650e-02
 6.80123e-03  1.60104e-02
 6.65428e-03  1.59741e-02
 6.75919e-03  1.58650e-02

 6.93594e-03  1.70850e-02
 7.20685e-03  1.56658e-02
 7.25661e-03  1.58087e-02
 7.10793e-03  1.57804e-02
 7.20685e-03  1.56658e-02

 7.41406e-03  1.70850e-02
 7.65086e-03  1.55152e-02
 7.70614e-03  1.56562e-02
 7.55647e-03  1.56336e-02
 7.65086e-03  1.55152e-02

 7.89219e-03  1.70850e-02
 8.09182e-03  1.54171e-02
 8.15139e-03  1.55562e-02
 8.00109e-03  1.55383e-02
 8.09182e-03  1.54171e-02

 8.37031e-03  1.70850e-02
 8.53134e-03  1.53751e-02
 8.59440e-03  1.55127e-02
 8.44370e-03  1.54985e-02
 8.53134e-03  1.53751e-02

 8.84844e-03  1.70850e-02
 8.97010e-03  1.53963e-02
 9.03617e-03  1.55325e-02
 8.88519e-03  1.55216e-02
 8.97010e-03  1.53963e-02

 9.32656e-03  1.70850e-02
 9.41176e-03  1.54863e-02
 9.48036e-03  1.56213e-02
 9.32921e-03  1.56132e-02
 9.41176e-03  1.54863e-02

 9.80469e-03  1.70850e-02
 9.85523e-03  1.56608e-02
 9.92622e-03  1.57945e-02
 9.77495e-03  1.57891e-02
 9.85523e-03  1.56608e-02

 1.02828e-02  1.70850e-02
 1.03090e-02  1.59227e-02
 1.03817e-02  1.60554e-02
 1.02304e-02  1.60520e-02
 1.03090e-02  1.59227e-02

 1.07609e-02  1.70850e-02
 1.07632e-02  1.63857e-02
 1.08384e-02  1.65171e-02
 1.06871e-02  1.65166e-02
 1.07632e-02  1.63857e-02

 4.09740e-03  1.76550e-02
 4.88208e-03  1.80105e-02
 4.73145e-03  1.80253e-02
 4.79390e-03  1.78874e-02
 4.88208e-03  1.80105e-02

 4.57344e-03  1.76550e-02
 5.36115e-03  1.76404e-02
 5.23149e-03  1.77185e-02
 5.22868e-03  1.75672e-02
 5.36115e-03  1.76404e-02

 5.04948e-03  1.76550e-02
 5.82470e-03  1.72964e-02
 5.73750e-03  1.74202e-02
 5.67396e-03  1.72828e-02
 5.82470e-03  1.72964e-02

 5.52552e-03  1.76550e-02
 6.27388e-03  1.69851e-02
 6.22669e-03  1.71289e-02
 6.12573e-03  1.70161e-02
 6.27388e-03  1.69851e-02

 6.00156e-03  1.76550e-02
 6.71003e-03  1.67111e-02
 6.69187e-03  1.68613e-02
 6.57081e-03  1.67705e-02
 6.71003e-03  1.67111e-02

 6.47760e-03  1.76550e-02
 7.13440e-03  1.64783e-02
 7.13660e-03  1.66296e-02
 7.00443e-03  1.65559e-02
 7.13440e-03  1.64783e-02

 6.95365e-03  1.76550e-02
 7.54826e-03  1.62895e-02
 7.56531e-03  1.64399e-02
 7.42653e-03  1.63795e-02
 7.54826e-03  1.62895e-02

 7.42969e-03  1.76550e-02
 7.95345e-03  1.61477e-02
 7.98192e-03  1.62964e-02
 7.83894e-03  1.62467e-02
 7.95345e-03  1.61477e-02

 7.90573e-03  1.76550e-02
 8.35157e-03  1.60559e-02
 8.38926e-03  1.62025e-02
 8.24346e-03  1.61618e-02
 8.35157e-03  1.60559e-02

 8.38177e-03  1.76550e-02
 8.74601e-03  1.60175e-02
 8.79142e-03  1.61619e-02
 8.64366e-03  1.61290e-02
 8.74601e-03  1.60175e-02

 8.85781e-03  1.76550e-02
 9.13792e-03  1.60389e-02
 9.19011e-03  1.61810e-02
 9.04097e-03  1.61552e-02
 9.13792e-03  1.60389e-02

 9.33385e-03  1.76550e-02
 9.53468e-03  1.61252e-02
 9.59266e-03  1.62650e-02
 9.44258e-03  1.62453e-02
 9.53468e-03  1.61252e-02

 9.80990e-03  1.76550e-02
 9.93292e-03  1.62914e-02
 9.99652e-03  1.64288e-02
 9.84576e-03  1.64152e-02
 9.93292e-03  1.62914e-02

 1.02859e-02  1.76550e-02
 1.03522e-02  1.65402e-02
 1.04200e-02  1.66755e-02
 1.02689e-02  1.66665e-02
 1.03522e-02  1.65402e-02

 1.07620e-02  1.76550e-02
 1.07676e-02  1.69825e-02
 1.08422e-02  1.71142e-02
 1.06909e-02  1.71129e-02
 1.07676e-02  1.69825e-02

 4.12760e-03  1.82250e-02
 5.28019e-03  1.85364e-02
 5.13390e-03  1.85753e-02
 5.17338e-03  1.84292e-02
 5.28019e-03  1.85364e-02

 4.60156e-03  1.82250e-02
 5.76436e-03  1.81944e-02
 5.63531e-03  1.82735e-02
 5.63133e-03  1.81222e-02
 5.76436e-03  1.81944e-02

 5.07552e-03  1.82250e-02
 6.22455e-03  1.78767e-02
 6.12105e-03  1.79871e-02
 6.07714e-03  1.78423e-02
 6.22455e-03  1.78767e-02

 5.54948e-03  1.82250e-02
 6.66225e-03  1.75895e-02
 6.58595e-03  1.77203e-02
 6.51089e-03  1.75888e-02
 6.66225e-03  1.75895e-02

 6.02344e-03  1.82250e-02
 7.07945e-03  1.73377e-02
 7.02777e-03  1.74800e-02
 6.93040e-03  1.73641e-02
 7.07945e-03  1.73377e-02

 6.49740e-03  1.82250e-02
 7.47825e-03  1.71245e-02
 7.44753e-03  1.72727e-02
 7.33453e-03  1.71720e-02
 7.47825e-03  1.71245e-02

 6.97135e-03  1.82250e-02
 7.86094e-03  1.69528e-02
 7.84784e-03  1.71036e-02
 7.72379e-03  1.70168e-02
 7.86094e-03  1.69528e-02

 7.44531e-03  1.82250e-02
 8.23053e-03  1.68247e-02
 8.23243e-03  1.69761e-02
 8.10040e-03  1.69020e-02
 8.23053e-03  1.68247e-02

 7.91927e-03  1.82250e-02
 8.58951e-03  1.67430e-02
 8.60445e-03  1.68937e-02
 8.46653e-03  1.68313e-02
 8.58951e-03  1.67430e-02

 8.39323e-03  1.82250e-02
 8.94293e-03  1.67104e-02
 8.96935e-03  1.68595e-02
 8.82706e-03  1.68078e-02
 8.94293e-03  1.67104e-02

 8.86719e-03  1.82250e-02
 9.29232e-03  1.67324e-02
 9.32920e-03  1.68792e-02
 9.18362e-03  1.68377e-02
 9.29232e-03  1.67324e-02

 9.34115e-03  1.82250e-02
 9.64825e-03  1.68134e-02
 9.69434e-03  1.69576e-02
 9.54643e-03  1.69254e-02
 9.64825e-03  1.68134e-02

 9.81510e-03  1.82250e-02
 1.00052e-02  1.69670e-02
 1.00604e-02  1.71079e-02
 9.91077e-03  1.70853e-02
 1.00052e-02  1.69670e-02

 1.02891e-02  1.82250e-02
 1.03926e-02  1.71959e-02
 1.04548e-02  1.73339e-02
 1.03042e-02  1.73187e-02
 1.03926e-02  1.71959e-02

 1.07630e-02  1.82250e-02
 1.07719e-02  1.76024e-02
 1.08457e-02  1.77346e-02
 1.06944e-02  1.77324e-02
 1.07719e-02  1.76024e-02

 4.15781e-03  1.87950e-02
 5.62607e-03  1.90507e-02
 5.48394e-03  1.91027e-02
 5.50991e-03  1.89536e-02
 5.62607e-03  1.90507e-02

 4.62969e-03  1.87950e-02
 6.11361e-03  1.87468e-02
 5.98505e-03  1.88267e-02
 5.98014e-03  1.86754e-02
 6.11361e-03  1.87468e-02

 5.10156e-03  1.87950e-02
 6.56967e-03  1.84650e-02
 6.45837e-03  1.85676e-02
 6.42518e-03  1.84199e-02
 6.56967e-03  1.84650e-02

 5.57344e-03  1.87950e-02
 6.99629e-03  1.82111e-02
 6.90375e-03  1.83309e-02
 6.84628e-03  1.81908e-02
 6.99629e-03  1.82111e-02

 6.04531e-03  1.87950e-02
 7.39604e-03  1.79894e-02
 7.32222e-03  1.81216e-02
 7.24468e-03  1.79916e-02
 7.39604e-03  1.79894e-02

 6.51719e-03  1.87950e-02
 7.77187e-03  1.78029e-02
 7.71598e-03  1.79436e-02
 7.62210e-03  1.78249e-02
 7.77187e-03  1.78029e-02

 6.98906e-03  1.87950e-02
 8.12696e-03  1.76540e-02
 8.08799e-03  1.78003e-02
 7.98081e-03  1.76934e-02
 8.12696e-03  1.76540e-02

 7.46094e-03  1.87950e-02
 8.46541e-03  1.75441e-02
 8.44234e-03  1.76937e-02
 8.32432e-03  1.75989e-02
 8.46541e-03  1.75441e-02

 7.93281e-03  1.87950e-02
 8.79068e-03  1.74755e-02
 8.78269e-03  1.76266e-02
 8.65578e-03  1.75441e-02
 8.79068e-03  1.74755e-02

 8.40469e-03  1.87950e-02
 9.10917e-03  1.74502e-02
 9.11538e-03  1.76014e-02
 8.98130e-03  1.75312e-02
 9.10917e-03  1.74502e-02

 8.87656e-03  1.87950e-02
 9.42266e-03  1.74728e-02
 9.44257e-03  1.76229e-02
 9.30267e-03  1.75651e-02
 9.42266e-03  1.74728e-02

 9.34844e-03  1.87950e-02
 9.74432e-03  1.75471e-02
 9.77682e-03  1.76950e-02
 9.63254e-03  1.76492e-02
 9.74432e-03  1.75471e-02

 9.82031e-03  1.87950e-02
 1.00667e-02  1.76845e-02
 1.01122e-02  1.78289e-02
 9.96439e-03  1.77961e-02
 1.00667e-02  1.76845e-02

 1.02922e-02  1.87950e-02
 1.04273e-02  1.78876e-02
 1.04828e-02  1.80284e-02
 1.03331e-02  1.80061e-02
 1.04273e-02  1.78876e-02

 1.07641e-02  1.87950e-02
 1.07757e-02  1.82446e-02
 1.08486e-02  1.83773e-02
 1.06972e-02  1.83741e-02
 1.07757e-02  1.82446e-02

 4.18802e-03  1.93650e-02
 5.90286e-03  1.95568e-02
 5.76417e-03  1.96175e-02
 5.78100e-03  1.94670e-02
 5.90286e-03  1.95568e-02

 4.65781e-03  1.93650e-02
 6.39051e-03  1.92988e-02
 6.26241e-03  1.93794e-02
 6.25663e-03  1.92281e-02
 6.39051e-03  1.92988e-02

 5.12760e-03  1.93650e-02
 6.84085e-03  1.90603e-02
 6.72504e-03  1.91577e-02
 6.69853e-03  1.90087e-02
 6.84085e-03  1.90603e-02

 5.59740e-03  1.93650e-02
 7.25623e-03  1.88465e-02
 7.15369e-03  1.89578e-02
 7.10853e-03  1.88133e-02
 7.25623e-03  1.88465e-02

 6.06719e-03  1.93650e-02
 7.64004e-03  1.86610e-02
 7.55131e-03  1.87836e-02
 7.48947e-03  1.86455e-02
 7.64004e-03  1.86610e-02

 6.53698e-03  1.93650e-02
 7.99593e-03  1.85062e-02
 7.92135e-03  1.86379e-02
 7.84457e-03  1.85075e-02
 7.99593e-03  1.85062e-02

 7.00677e-03  1.93650e-02
 8.32798e-03  1.83838e-02
 8.26786e-03  1.85228e-02
 8.17761e-03  1.84012e-02
 8.32798e-03  1.83838e-02

 7.47656e-03  1.93650e-02
 8.64133e-03  1.82951e-02
 8.59599e-03  1.84395e-02
 8.49359e-03  1.83280e-02
 8.64133e-03  1.82951e-02

 7.94635e-03  1.93650e-02
 8.94000e-03  1.82412e-02
 8.90987e-03  1.83895e-02
 8.79647e-03  1.82893e-02
 8.94000e-03  1.82412e-02

 8.41615e-03  1.93650e-02
 9.23148e-03  1.82238e-02
 9.21686e-03  1.83745e-02
 9.09370e-03  1.82865e-02
 9.23148e-03  1.82238e-02

 8.88594e-03  1.93650e-02
 9.51796e-03  1.82467e-02
 9.51935e-03  1.83981e-02
 9.38758e-03  1.83236e-02
 9.51796e-03  1.82467e-02

 9.35573e-03  1.93650e-02
 9.81420e-03  1.83129e-02
 9.83122e-03  1.84633e-02
 9.69245e-03  1.84029e-02
 9.81420e-03  1.83129e-02

 9.82552e-03  1.93650e-02
 1.01114e-02  1.84311e-02
 1.01454e-02  1.85786e-02
 1.00007e-02  1.85343e-02
 1.01114e-02  1.84311e-02

 1.02953e-02  1.93650e-02
 1.04524e-02  1.86042e-02
 1.05000e-02  1.87478e-02
 1.03518e-02  1.87172e-02
 1.04524e-02  1.86042e-02

 1.07651e-02  1.93650e-02
 1.07786e-02  1.89021e-02
 1.08504e-02  1.90354e-02
 1.06991e-02  1.90309e-02
 1.07786e-02  1.89021e-02

 4.21823e-03  1.99350e-02
 6.08579e-03  2.00625e-02
 5.94986e-03  2.01291e-02
 5.96017e-03  1.99781e-02
 6.08579e-03  2.00625e-02

 4.68594e-03  1.99350e-02
 6.56970e-03  1.98574e-02
 6.44184e-03  1.99384e-02
 6.43561e-03  1.97872e-02
 6.56970e-03  1.98574e-02

 5.15365e-03  1.99350e-02
 7.01251e-03  1.96689e-02
 6.89347e-03  1.97624e-02
 6.87202e-03  1.96125e-02
 7.01251e-03  1.96689e-02

 5.62135e-03  1.99350e-02
 7.41732e-03  1.95010e-02
 7.30768e-03  1.96053e-02
 7.27213e-03  1.94582e-02
 7.41732e-03  1.95010e-02

 6.08906e-03  1.99350e-02
 7.78778e-03  1.93565e-02
 7.68808e-03  1.94704e-02
 7.63929e-03  1.93271e-02
 7.78778e-03  1.93565e-02

 6.55677e-03  1.99350e-02
 8.12857e-03  1.92372e-02
 8.03946e-03  1.93596e-02
 7.97804e-03  1.92212e-02
 8.12857e-03  1.92372e-02

 7.02448e-03  1.99350e-02
 8.44423e-03  1.91440e-02
 8.36654e-03  1.92739e-02
 8.29288e-03  1.91417e-02
 8.44423e-03  1.91440e-02

 7.49219e-03  1.99350e-02
 8.74059e-03  1.90777e-02
 8.67537e-03  1.92143e-02
 8.58968e-03  1.90895e-02
 8.74059e-03  1.90777e-02

 7.95990e-03  1.99350e-02
 9.02234e-03  1.90391e-02
 8.97092e-03  1.91814e-02
 8.87334e-03  1.90657e-02
 9.02234e-03  1.90391e-02

 8.42760e-03  1.99350e-02
 9.29751e-03  1.90294e-02
 9.26128e-03  1.91763e-02
 9.15212e-03  1.90715e-02
 9.29751e-03  1.90294e-02

 8.89531e-03  1.99350e-02
 9.56840e-03  1.90512e-02
 9.54919e-03  1.92013e-02
 9.42876e-03  1.91096e-02
 9.56840e-03  1.90512e-02

 9.36302e-03  1.99350e-02
 9.85062e-03  1.91075e-02
 9.84928e-03  1.92588e-02
 9.71887e-03  1.91820e-02
 9.85062e-03  1.91075e-02

 9.83073e-03  1.99350e-02
 1.01347e-02  1.92039e-02
 1.01543e-02  1.93540e-02
 1.00145e-02  1.92958e-02
 1.01347e-02  1.92039e-02

 1.02984e-02  1.99350e-02
 1.04656e-02  1.93433e-02
 1.05028e-02  1.94901e-02
 1.03571e-02  1.94489e-02
 1.04656e-02  1.93433e-02

 1.07661e-02  1.99350e-02
 1.07805e-02  1.95738e-02
 1.08509e-02  1.97078e-02
 1.06997e-02  1.97018e-02
 1.07805e-02  1.95738e-02

 4.24844e-03  2.05050e-02
 6.15415e-03  2.05722e-02
 6.02047e-03  2.06432e-02
 6.02581e-03  2.04919e-02
 6.15415e-03  2.05722e-02

 4.71406e-03  2.05050e-02
 6.62969e-03  2.04210e-02
 6.50204e-03  2.05023e-02
 6.49541e-03  2.03511e-02
 6.62969e-03  2.04210e-02

 5.17969e-03  2.05050e-02
 7.06337e-03  2.02831e-02
 6.94204e-03  2.03736e-02
 6.92433e-03  2.02232e-02
 7.06337e-03  2.02831e-02

 5.64531e-03  2.05050e-02
 7.45846e-03  2.01614e-02
 7.34376e-03  2.02601e-02
 7.31557e-03  2.01114e-02
 7.45846e-03  2.01614e-02

 6.11094e-03  2.05050e-02
 7.81942e-03  2.00577e-02
 7.71177e-03  2.01641e-02
 7.67343e-03  2.00177e-02
 7.81942e-03  2.00577e-02

 6.57656e-03  2.05050e-02
 8.15123e-03  1.99732e-02
 8.05125e-03  2.00868e-02
 8.00282e-03  1.99434e-02
 8.15123e-03  1.99732e-02

 7.04219e-03  2.05050e-02
 8.45883e-03  1.99082e-02
 8.36741e-03  2.00288e-02
 8.30864e-03  1.98893e-02
 8.45883e-03  1.99082e-02

 7.50781e-03  2.05050e-02
 8.74834e-03  1.98630e-02
 8.66670e-03  1.99905e-02
 8.59713e-03  1.98560e-02
 8.74834e-03  1.98630e-02

 7.97344e-03  2.05050e-02
 9.02476e-03  1.98381e-02
 8.95460e-03  1.99722e-02
 8.87352e-03  1.98444e-02
 9.02476e-03  1.98381e-02

 8.43906e-03  2.05050e-02
 9.29603e-03  1.98344e-02
 9.23943e-03  1.99748e-02
 9.14615e-03  1.98556e-02
 9.29603e-03  1.98344e-02

 8.90469e-03  2.05050e-02
 9.56472e-03  1.98537e-02
 9.52457e-03  1.99996e-02
 9.41825e-03  1.98919e-02
 9.56472e-03  1.98537e-02

 9.37031e-03  2.05050e-02
 9.84607e-03  1.98985e-02
 9.82471e-03  2.00484e-02
 9.70561e-03  1.99549e-02
 9.84607e-03  1.98985e-02

 9.83594e-03  2.05050e-02
 1.01311e-02  1.99718e-02
 1.01338e-02  2.01231e-02
 1.00014e-02  2.00498e-02
 1.01311e-02  1.99718e-02

 1.03016e-02  2.05050e-02
 1.04630e-02  2.00770e-02
 1.04876e-02  2.02264e-02
 1.03459e-02  2.01730e-02
 1.04630e-02  2.00770e-02

 1.07672e-02  2.05050e-02
 1.07811e-02  2.02420e-02
 1.08497e-02  2.03769e-02
 1.06986e-02  2.03689e-02
 1.07811e-02  2.02420e-02

 4.27865e-03  2.10750e-02
 6.06500e-03  2.10997e-02
 5.93288e-03  2.11736e-02
 5.93497e-03  2.10222e-02
 6.06500e-03  2.10997e-02

 4.74219e-03  2.10750e-02
 6.53006e-03  2.10056e-02
 6.40200e-03  2.10863e-02
 6.39613e-03  2.09351e-02
 6.53006e-03  2.10056e-02

 5.20573e-03  2.10750e-02
 6.95606e-03  2.09206e-02
 6.83213e-03  2.10075e-02
 6.81883e-03  2.08567e-02
 6.95606e-03  2.09206e-02

 5.66927e-03  2.10750e-02
 7.34672e-03  2.08464e-02
 7.22705e-03  2.09391e-02
 7.20661e-03  2.07891e-02
 7.34672e-03  2.08464e-02

 6.13281e-03  2.10750e-02
 7.70635e-03  2.07839e-02
 7.59121e-03  2.08822e-02
 7.56368e-03  2.07333e-02
 7.70635e-03  2.07839e-02

 6.59635e-03  2.10750e-02
 8.04009e-03  2.07336e-02
 7.92994e-03  2.08374e-02
 7.89511e-03  2.06901e-02
 8.04009e-03  2.07336e-02

 7.05990e-03  2.10750e-02
 8.35280e-03  2.06956e-02
 8.24832e-03  2.08051e-02
 8.20570e-03  2.06599e-02
 8.35280e-03  2.06956e-02

 7.52344e-03  2.10750e-02
 8.65036e-03  2.06699e-02
 8.55261e-03  2.07854e-02
 8.50140e-03  2.06430e-02
 8.65036e-03  2.06699e-02

 7.98698e-03  2.10750e-02
 8.93726e-03  2.06566e-02
 8.84778e-03  2.07787e-02
 8.78679e-03  2.06402e-02
 8.93726e-03  2.06566e-02

 8.45052e-03  2.10750e-02
 9.22098e-03  2.06565e-02
 9.14191e-03  2.07856e-02
 9.06966e-03  2.06526e-02
 9.22098e-03  2.06565e-02

 8.91406e-03  2.10750e-02
 9.50392e-03  2.06706e-02
 9.43860e-03  2.08071e-02
 9.35300e-03  2.06823e-02
 9.50392e-03  2.06706e-02

 9.37760e-03  2.10750e-02
 9.79998e-03  2.07012e-02
 9.75198e-03  2.08447e-02
 9.65166e-03  2.07314e-02
 9.79998e-03  2.07012e-02

 9.84115e-03  2.10750e-02
 1.01013e-02  2.07491e-02
 1.00786e-02  2.08988e-02
 9.96035e-03  2.08044e-02
 1.01013e-02  2.07491e-02

 1.03047e-02  2.10750e-02
 1.04464e-02  2.08185e-02
 1.04493e-02  2.09698e-02
 1.03168e-02  2.08966e-02
 1.04464e-02  2.08185e-02

 1.07682e-02  2.10750e-02
 1.07805e-02  2.09155e-02
 1.08459e-02  2.10520e-02
 1.06950e-02  2.10404e-02
 1.07805e-02  2.09155e-02

 4.30885e-03  2.16450e-02
 5.80345e-03  2.16369e-02
 5.67278e-03  2.17132e-02
 5.67195e-03  2.15619e-02
 5.80345e-03  2.16369e-02

 4.77031e-03  2.16450e-02
 6.25681e-03  2.15865e-02
 6.12880e-03  2.16673e-02
 6.12285e-03  2.15161e-02
 6.25681e-03  2.15865e-02

 5.23177e-03  2.16450e-02
 6.67808e-03  2.15416e-02
 6.55273e-03  2.16264e-02
 6.54193e-03  2.14754e-02
 6.67808e-03  2.15416e-02

 5.69323e-03  2.16450e-02
 7.07074e-03  2.15028e-02
 6.94812e-03  2.15915e-02
 6.93258e-03  2.14410e-02
 7.07074e-03  2.15028e-02

 6.15469e-03  2.16450e-02
 7.43896e-03  2.14706e-02
 7.31925e-03  2.15632e-02
 7.29888e-03  2.14132e-02
 7.43896e-03  2.14706e-02

 6.61615e-03  2.16450e-02
 7.78720e-03  2.14450e-02
 7.67072e-03  2.15417e-02
 7.64524e-03  2.13925e-02
 7.78720e-03  2.14450e-02

 7.07760e-03  2.16450e-02
 8.11961e-03  2.14261e-02
 8.00689e-03  2.15271e-02
 7.97577e-03  2.13790e-02
 8.11961e-03  2.14261e-02

 7.53906e-03  2.16450e-02
 8.44106e-03  2.14137e-02
 8.33288e-03  2.15196e-02
 8.29528e-03  2.13730e-02
 8.44106e-03  2.14137e-02

 8.00052e-03  2.16450e-02
 8.75519e-03  2.14079e-02
 8.65281e-03  2.15194e-02
 8.60745e-03  2.13750e-02
 8.75519e-03  2.14079e-02

 8.46198e-03  2.16450e-02
 9.06823e-03  2.14092e-02
 8.97349e-03  2.15272e-02
 8.91862e-03  2.13862e-02
 9.06823e-03  2.14092e-02

 8.92344e-03  2.16450e-02
 9.38191e-03  2.14178e-02
 9.29806e-03  2.15438e-02
 9.23084e-03  2.14082e-02
 9.38191e-03  2.14178e-02

 9.38490e-03  2.16450e-02
 9.70811e-03  2.14354e-02
 9.63929e-03  2.15703e-02
 9.55694e-03  2.14433e-02
 9.70811e-03  2.14354e-02

 9.84635e-03  2.16450e-02
 1.00407e-02  2.14617e-02
 9.99729e-03  2.16067e-02
 9.89343e-03  2.14966e-02
 1.00407e-02  2.14617e-02

 1.03078e-02  2.16450e-02
 1.04115e-02  2.15003e-02
 1.03967e-02  2.16510e-02
 1.02736e-02  2.15628e-02
 1.04115e-02  2.15003e-02

 1.07693e-02  2.16450e-02
 1.07780e-02  2.15520e-02
 1.08411e-02  2.16896e-02
 1.06904e-02  2.16754e-02
 1.07780e-02  2.15520e-02

 4.33906e-03  2.22150e-02
 5.20170e-03  2.22137e-02
 5.07073e-03  2.22896e-02
 5.07051e-03  2.21383e-02
 5.20170e-03  2.22137e-02

 4.79844e-03  2.22150e-02
 5.65298e-03  2.22095e-02
 5.52238e-03  2.22860e-02
 5.52141e-03  2.21347e-02
 5.65298e-03  2.22095e-02

 5.25781e-03  2.22150e-02
 6.08609e-03  2.22057e-02
 5.95586e-03  2.22829e-02
 5.95416e-03  2.21315e-02
 6.08609e-03  2.22057e-02

 5.71719e-03  2.22150e-02
 6.50331e-03  2.22025e-02
 6.37345e-03  2.22802e-02
 6.37103e-03  2.21289e-02
 6.50331e-03  2.22025e-02

 6.17656e-03  2.22150e-02
 6.90710e-03  2.21998e-02
 6.77762e-03  2.22782e-02
 6.77446e-03  2.21268e-02
 6.90710e-03  2.21998e-02

 6.63594e-03  2.22150e-02
 7.30008e-03  2.21976e-02
 7.17102e-03  2.22767e-02
 7.16706e-03  2.21254e-02
 7.30008e-03  2.21976e-02

 7.09531e-03  2.22150e-02
 7.68471e-03  2.21961e-02
 7.55611e-03  2.22759e-02
 7.55126e-03  2.21246e-02
 7.68471e-03  2.21961e-02

 7.55469e-03  2.22150e-02
 8.06371e-03  2.21951e-02
 7.93569e-03  2.22758e-02
 7.92976e-03  2.21246e-02
 8.06371e-03  2.21951e-02

 8.01406e-03  2.22150e-02
 8.43916e-03  2.21946e-02
 8.31185e-03  2.22765e-02
 8.30460e-03  2.21253e-02
 8.43916e-03  2.21946e-02

 8.47344e-03  2.22150e-02
 8.81453e-03  2.21947e-02
 8.68816e-03  2.22781e-02
 8.67918e-03  2.21270e-02
 8.81453e-03  2.21947e-02

 8.93281e-03  2.22150e-02
 9.19070e-03  2.21955e-02
 9.06570e-03  2.22808e-02
 9.05428e-03  2.21299e-02
 9.19070e-03  2.21955e-02

 9.39219e-03  2.22150e-02
 9.57437e-03  2.21970e-02
 9.45135e-03  2.22852e-02
 9.43648e-03  2.21346e-02
 9.57437e-03  2.21970e-02

 9.85156e-03  2.22150e-02
 9.96185e-03  2.21992e-02
 9.84284e-03  2.22927e-02
 9.82134e-03  2.21429e-02
 9.96185e-03  2.21992e-02

 1.03109e-02  2.22150e-02
 1.03707e-02  2.22026e-02
 1.02577e-02  2.23033e-02
 1.02271e-02  2.21550e-02
 1.03707e-02  2.22026e-02

 1.07703e-02  2.22150e-02
 1.07762e-02  2.22055e-02
 1.07712e-02  2.23568e-02
 1.06427e-02  2.22767e-02
 1.07762e-02  2.22055e-02

