#[ Fluid velocity 2D plot data file: flw.dat ]
 1.95313e-04  1.13850e-02
 1.95313e-04  1.13850e-02
 1.19629e-04  1.12539e-02
 2.70996e-04  1.12539e-02
 1.95313e-04  1.13850e-02

 5.85937e-04  1.13850e-02
 2.85762e-04  1.13850e-02
 4.16849e-04  1.13093e-02
 4.16849e-04  1.14607e-02
 2.85762e-04  1.13850e-02

 9.76562e-04  1.13850e-02
 5.61121e-04  1.13850e-02
 6.92208e-04  1.13093e-02
 6.92208e-04  1.14607e-02
 5.61121e-04  1.13850e-02

 1.36719e-03  1.13850e-02
 7.76720e-04  1.13850e-02
 9.07808e-04  1.13093e-02
 9.07808e-04  1.14607e-02
 7.76720e-04  1.13850e-02

 1.75781e-03  1.13850e-02
 1.03420e-03  1.13850e-02
 1.16529e-03  1.13093e-02
 1.16529e-03  1.14607e-02
 1.03420e-03  1.13850e-02

 2.14844e-03  1.13850e-02
 1.29299e-03  1.13850e-02
 1.42407e-03  1.13093e-02
 1.42407e-03  1.14607e-02
 1.29299e-03  1.13850e-02

 2.53906e-03  1.13850e-02
 1.57660e-03  1.13850e-02
 1.70768e-03  1.13093e-02
 1.70768e-03  1.14607e-02
 1.57660e-03  1.13850e-02

 2.92969e-03  1.13850e-02
 1.87723e-03  1.13850e-02
 2.00832e-03  1.13093e-02
 2.00832e-03  1.14607e-02
 1.87723e-03  1.13850e-02

 3.32031e-03  1.13850e-02
 2.20012e-03  1.13850e-02
 2.33121e-03  1.13093e-02
 2.33121e-03  1.14607e-02
 2.20012e-03  1.13850e-02

 1.97049e-04  1.19550e-02
 1.97049e-04  1.25207e-02
 1.21365e-04  1.23896e-02
 2.72732e-04  1.23896e-02
 1.97049e-04  1.25207e-02

 5.91146e-04  1.19550e-02
 1.06688e-04  1.24859e-02
 1.39148e-04  1.23380e-02
 2.50956e-04  1.24401e-02
 1.06688e-04  1.24859e-02

 9.85243e-04  1.19550e-02
 3.02328e-04  1.24638e-02
 3.62231e-04  1.23248e-02
 4.52665e-04  1.24462e-02
 3.02328e-04  1.24638e-02

 1.37934e-03  1.19550e-02
 4.05521e-04  1.24293e-02
 4.90234e-04  1.23039e-02
 5.56513e-04  1.24399e-02
 4.05521e-04  1.24293e-02

 1.77344e-03  1.19550e-02
 5.79379e-04  1.23876e-02
 6.76845e-04  1.22718e-02
 7.28408e-04  1.24141e-02
 5.79379e-04  1.23876e-02

 2.16753e-03  1.19550e-02
 7.58914e-04  1.23362e-02
 8.65681e-04  1.22289e-02
 9.05220e-04  1.23750e-02
 7.58914e-04  1.23362e-02

 2.56163e-03  1.19550e-02
 9.81285e-04  1.22782e-02
 1.09455e-03  1.21778e-02
 1.12488e-03  1.23261e-02
 9.81285e-04  1.22782e-02

 2.95573e-03  1.19550e-02
 1.23378e-03  1.22154e-02
 1.35207e-03  1.21210e-02
 1.37471e-03  1.22707e-02
 1.23378e-03  1.22154e-02

 3.34983e-03  1.19550e-02
 1.52396e-03  1.21510e-02
 1.64623e-03  1.20617e-02
 1.66238e-03  1.22122e-02
 1.52396e-03  1.21510e-02

 1.98785e-04  1.25250e-02
 1.98785e-04  1.34634e-02
 1.23101e-04  1.33323e-02
 2.74468e-04  1.33323e-02
 1.98785e-04  1.34634e-02

 5.96354e-04  1.25250e-02
 5.13196e-05  1.34388e-02
 5.34696e-05  1.32875e-02
 1.83469e-04  1.33650e-02
 5.13196e-05  1.34388e-02

 9.93924e-04  1.25250e-02
 2.14384e-04  1.33922e-02
 2.45735e-04  1.32441e-02
 3.58304e-04  1.33453e-02
 2.14384e-04  1.33922e-02

 1.39149e-03  1.25250e-02
 2.78189e-04  1.33285e-02
 3.40190e-04  1.31904e-02
 4.28776e-04  1.33132e-02
 2.78189e-04  1.33285e-02

 1.78906e-03  1.25250e-02
 4.23203e-04  1.32461e-02
 5.03791e-04  1.31180e-02
 5.74461e-04  1.32518e-02
 4.23203e-04  1.32461e-02

 2.18663e-03  1.25250e-02
 5.78207e-04  1.31491e-02
 6.73037e-04  1.30312e-02
 7.27795e-04  1.31723e-02
 5.78207e-04  1.31491e-02

 2.58420e-03  1.25250e-02
 7.83616e-04  1.30412e-02
 8.88770e-04  1.29323e-02
 9.30485e-04  1.30778e-02
 7.83616e-04  1.30412e-02

 2.98177e-03  1.25250e-02
 1.02444e-03  1.29274e-02
 1.13761e-03  1.28268e-02
 1.16809e-03  1.29751e-02
 1.02444e-03  1.29274e-02

 3.37934e-03  1.25250e-02
 1.30841e-03  1.28123e-02
 1.42786e-03  1.27193e-02
 1.44866e-03  1.28693e-02
 1.30841e-03  1.28123e-02

 2.00521e-04  1.30950e-02
 2.00521e-04  1.45467e-02
 1.24837e-04  1.44156e-02
 2.76204e-04  1.44156e-02
 2.00521e-04  1.45467e-02

 6.01563e-04  1.30950e-02
 4.96256e-05  1.45321e-02
 2.59733e-05  1.43826e-02
 1.67277e-04  1.44368e-02
 4.96256e-05  1.45321e-02

 1.00260e-03  1.30950e-02
 2.11333e-04  1.44556e-02
 2.11809e-04  1.43043e-02
 3.42658e-04  1.43804e-02
 2.11333e-04  1.44556e-02

 1.40365e-03  1.30950e-02
 2.72254e-04  1.43532e-02
 3.03629e-04  1.42051e-02
 4.16182e-04  1.43063e-02
 2.72254e-04  1.43532e-02

 1.80469e-03  1.30950e-02
 4.16653e-04  1.42171e-02
 4.71016e-04  1.40758e-02
 5.66176e-04  1.41935e-02
 4.16653e-04  1.42171e-02

 2.20573e-03  1.30950e-02
 5.72026e-04  1.40603e-02
 6.46382e-04  1.39285e-02
 7.23385e-04  1.40588e-02
 5.72026e-04  1.40603e-02

 2.60677e-03  1.30950e-02
 7.79469e-04  1.38876e-02
 8.69612e-04  1.37660e-02
 9.29848e-04  1.39049e-02
 7.79469e-04  1.38876e-02

 3.00781e-03  1.30950e-02
 1.02301e-03  1.37079e-02
 1.12593e-03  1.35969e-02
 1.17060e-03  1.37416e-02
 1.02301e-03  1.37079e-02

 3.40885e-03  1.30950e-02
 1.31023e-03  1.35276e-02
 1.42333e-03  1.34270e-02
 1.45390e-03  1.35753e-02
 1.31023e-03  1.35276e-02

 2.02257e-04  1.36650e-02
 2.02257e-04  1.55460e-02
 1.26573e-04  1.54149e-02
 2.77940e-04  1.54149e-02
 2.02257e-04  1.55460e-02

 6.06771e-04  1.36650e-02
 9.66415e-05  1.55429e-02
 5.79686e-05  1.53966e-02
 2.04042e-04  1.54363e-02
 9.66415e-05  1.55429e-02

 1.01128e-03  1.36650e-02
 2.80682e-04  1.54411e-02
 2.60559e-04  1.52910e-02
 4.00544e-04  1.53486e-02
 2.80682e-04  1.54411e-02

 1.41580e-03  1.36650e-02
 3.68869e-04  1.53041e-02
 3.75650e-04  1.51529e-02
 5.03216e-04  1.52343e-02
 3.68869e-04  1.53041e-02

 1.82031e-03  1.36650e-02
 5.35207e-04  1.51196e-02
 5.65283e-04  1.49712e-02
 6.78719e-04  1.50714e-02
 5.35207e-04  1.51196e-02

 2.22483e-03  1.36650e-02
 7.10854e-04  1.49090e-02
 7.64088e-04  1.47673e-02
 8.60185e-04  1.48843e-02
 7.10854e-04  1.49090e-02

 2.62934e-03  1.36650e-02
 9.35014e-04  1.46787e-02
 1.00865e-03  1.45465e-02
 1.08636e-03  1.46763e-02
 9.35014e-04  1.46787e-02

 3.03385e-03  1.36650e-02
 1.19240e-03  1.44411e-02
 1.28380e-03  1.43205e-02
 1.34259e-03  1.44600e-02
 1.19240e-03  1.44411e-02

 3.43837e-03  1.36650e-02
 1.49028e-03  1.42042e-02
 1.59642e-03  1.40963e-02
 1.63680e-03  1.42422e-02
 1.49028e-03  1.42042e-02

 2.03993e-04  1.42350e-02
 2.03993e-04  1.65201e-02
 1.28310e-04  1.63890e-02
 2.79677e-04  1.63890e-02
 2.03993e-04  1.65201e-02

 6.11979e-04  1.42350e-02
 1.75316e-04  1.65254e-02
 1.25521e-04  1.63825e-02
 2.74210e-04  1.64108e-02
 1.75316e-04  1.65254e-02

 1.01997e-03  1.42350e-02
 3.95652e-04  1.64017e-02
 3.59222e-04  1.62548e-02
 5.04671e-04  1.62967e-02
 3.95652e-04  1.64017e-02

 1.42795e-03  1.42350e-02
 5.30648e-04  1.62336e-02
 5.15294e-04  1.60831e-02
 6.53382e-04  1.61451e-02
 5.30648e-04  1.62336e-02

 1.83594e-03  1.42350e-02
 7.32624e-04  1.60052e-02
 7.37731e-04  1.58540e-02
 8.66190e-04  1.59340e-02
 7.32624e-04  1.60052e-02

 2.24392e-03  1.42350e-02
 9.41033e-04  1.57454e-02
 9.69347e-04  1.55967e-02
 1.08396e-03  1.56956e-02
 9.41033e-04  1.57454e-02

 2.65191e-03  1.42350e-02
 1.19069e-03  1.54620e-02
 1.24241e-03  1.53197e-02
 1.33975e-03  1.54356e-02
 1.19069e-03  1.54620e-02

 3.05990e-03  1.42350e-02
 1.46835e-03  1.51706e-02
 1.54300e-03  1.50389e-02
 1.61971e-03  1.51694e-02
 1.46835e-03  1.51706e-02

 3.46788e-03  1.42350e-02
 1.78105e-03  1.48803e-02
 1.87644e-03  1.47628e-02
 1.93053e-03  1.49042e-02
 1.78105e-03  1.48803e-02

 2.05729e-04  1.48050e-02
 2.05729e-04  1.74039e-02
 1.30046e-04  1.72728e-02
 2.81413e-04  1.72728e-02
 2.05729e-04  1.74039e-02

 6.17187e-04  1.48050e-02
 2.77081e-04  1.74146e-02
 2.18974e-04  1.72748e-02
 3.69071e-04  1.72944e-02
 2.77081e-04  1.74146e-02

 1.02865e-03  1.48050e-02
 5.43182e-04  1.72758e-02
 4.94192e-04  1.71325e-02
 6.42719e-04  1.71617e-02
 5.43182e-04  1.72758e-02

 1.44010e-03  1.48050e-02
 7.39177e-04  1.70843e-02
 7.05368e-04  1.69367e-02
 8.50048e-04  1.69812e-02
 7.39177e-04  1.70843e-02

 1.85156e-03  1.48050e-02
 9.86879e-04  1.68223e-02
 9.68962e-04  1.66720e-02
 1.10809e-03  1.67316e-02
 9.86879e-04  1.68223e-02

 2.26302e-03  1.48050e-02
 1.23743e-03  1.65239e-02
 1.23961e-03  1.63726e-02
 1.36959e-03  1.64501e-02
 1.23743e-03  1.65239e-02

 2.67448e-03  1.48050e-02
 1.51963e-03  1.61984e-02
 1.54500e-03  1.60492e-02
 1.66155e-03  1.61458e-02
 1.51963e-03  1.61984e-02

 3.08594e-03  1.48050e-02
 1.82316e-03  1.58638e-02
 1.87498e-03  1.57216e-02
 1.97224e-03  1.58376e-02
 1.82316e-03  1.58638e-02

 3.49740e-03  1.48050e-02
 2.15447e-03  1.55305e-02
 2.23383e-03  1.54016e-02
 2.30577e-03  1.55347e-02
 2.15447e-03  1.55305e-02

 2.07465e-04  1.53750e-02
 2.07465e-04  1.82073e-02
 1.31782e-04  1.80762e-02
 2.83149e-04  1.80762e-02
 2.07465e-04  1.82073e-02

 6.22396e-04  1.53750e-02
 3.92174e-04  1.82206e-02
 3.27308e-04  1.80839e-02
 4.78182e-04  1.80961e-02
 3.92174e-04  1.82206e-02

 1.03733e-03  1.53750e-02
 7.09042e-04  1.80730e-02
 6.49746e-04  1.79338e-02
 8.00004e-04  1.79521e-02
 7.09042e-04  1.80730e-02

 1.45226e-03  1.53750e-02
 9.74543e-04  1.78657e-02
 9.24906e-04  1.77227e-02
 1.07356e-03  1.77513e-02
 9.74543e-04  1.78657e-02

 1.86719e-03  1.53750e-02
 1.27412e-03  1.75805e-02
 1.23507e-03  1.74342e-02
 1.38124e-03  1.74736e-02
 1.27412e-03  1.75805e-02

 2.28212e-03  1.53750e-02
 1.57317e-03  1.72544e-02
 1.54862e-03  1.71051e-02
 1.69025e-03  1.71585e-02
 1.57317e-03  1.72544e-02

 2.69705e-03  1.53750e-02
 1.89291e-03  1.68978e-02
 1.88720e-03  1.67466e-02
 2.02105e-03  1.68172e-02
 1.89291e-03  1.68978e-02

 3.11198e-03  1.53750e-02
 2.22648e-03  1.65305e-02
 2.24615e-03  1.63804e-02
 2.36629e-03  1.64724e-02
 2.22648e-03  1.65305e-02

 3.52691e-03  1.53750e-02
 2.57928e-03  1.61635e-02
 2.63163e-03  1.60215e-02
 2.72845e-03  1.61379e-02
 2.57928e-03  1.61635e-02

 2.09201e-04  1.59450e-02
 2.09201e-04  1.89132e-02
 1.33518e-04  1.87821e-02
 2.84885e-04  1.87821e-02
 2.09201e-04  1.89132e-02

 6.27604e-04  1.59450e-02
 5.13897e-04  1.89269e-02
 4.43264e-04  1.87931e-02
 5.94521e-04  1.87988e-02
 5.13897e-04  1.89269e-02

 1.04601e-03  1.59450e-02
 8.83863e-04  1.87770e-02
 8.15796e-04  1.86418e-02
 9.66915e-04  1.86505e-02
 8.83863e-04  1.87770e-02

 1.46441e-03  1.59450e-02
 1.22370e-03  1.85621e-02
 1.16034e-03  1.84246e-02
 1.31107e-03  1.84385e-02
 1.22370e-03  1.85621e-02

 1.88281e-03  1.59450e-02
 1.57901e-03  1.82648e-02
 1.52099e-03  1.81250e-02
 1.67108e-03  1.81447e-02
 1.57901e-03  1.82648e-02

 2.30122e-03  1.59450e-02
 1.93095e-03  1.79231e-02
 1.88068e-03  1.77803e-02
 2.02946e-03  1.78081e-02
 1.93095e-03  1.79231e-02

 2.71962e-03  1.59450e-02
 2.29204e-03  1.75479e-02
 2.25270e-03  1.74017e-02
 2.39896e-03  1.74407e-02
 2.29204e-03  1.75479e-02

 3.13802e-03  1.59450e-02
 2.65920e-03  1.71599e-02
 2.63686e-03  1.70102e-02
 2.77768e-03  1.70657e-02
 2.65920e-03  1.71599e-02

 3.55642e-03  1.59450e-02
 3.03644e-03  1.67712e-02
 3.04221e-03  1.66199e-02
 3.17032e-03  1.67005e-02
 3.03644e-03  1.67712e-02

 2.10937e-04  1.65150e-02
 2.10937e-04  1.95254e-02
 1.35254e-04  1.93943e-02
 2.86621e-04  1.93943e-02
 2.10938e-04  1.95254e-02

 6.32812e-04  1.65150e-02
 6.36271e-04  1.95379e-02
 5.60438e-04  1.94069e-02
 7.11804e-04  1.94067e-02
 6.36271e-04  1.95379e-02

 1.05469e-03  1.65150e-02
 1.05927e-03  1.93911e-02
 9.83379e-04  1.92602e-02
 1.13475e-03  1.92599e-02
 1.05927e-03  1.93911e-02

 1.47656e-03  1.65150e-02
 1.47488e-03  1.91759e-02
 1.39928e-03  1.90447e-02
 1.55064e-03  1.90448e-02
 1.47488e-03  1.91759e-02

 1.89844e-03  1.65150e-02
 1.88748e-03  1.88771e-02
 1.81241e-03  1.87456e-02
 1.96378e-03  1.87463e-02
 1.88748e-03  1.88771e-02

 2.32031e-03  1.65150e-02
 2.29463e-03  1.85311e-02
 2.22062e-03  1.83990e-02
 2.37198e-03  1.84009e-02
 2.29463e-03  1.85311e-02

 2.74219e-03  1.65150e-02
 2.69959e-03  1.81494e-02
 2.62735e-03  1.80164e-02
 2.77866e-03  1.80203e-02
 2.69959e-03  1.81494e-02

 3.16406e-03  1.65150e-02
 3.10293e-03  1.77528e-02
 3.03380e-03  1.76181e-02
 3.18498e-03  1.76256e-02
 3.10293e-03  1.77528e-02

 3.58594e-03  1.65150e-02
 3.50695e-03  1.73539e-02
 3.44389e-03  1.72163e-02
 3.59459e-03  1.72305e-02
 3.50695e-03  1.73539e-02

 2.12674e-04  1.70850e-02
 2.12674e-04  2.00446e-02
 1.36990e-04  1.99135e-02
 2.88357e-04  1.99135e-02
 2.12674e-04  2.00446e-02

 6.38021e-04  1.70850e-02
 7.54853e-04  2.00545e-02
 6.74075e-04  1.99265e-02
 8.25325e-04  1.99206e-02
 7.54853e-04  2.00545e-02

 1.06337e-03  1.70850e-02
 1.22918e-03  1.99153e-02
 1.14596e-03  1.97888e-02
 1.29707e-03  1.97800e-02
 1.22918e-03  1.99153e-02

 1.48872e-03  1.70850e-02
 1.71935e-03  1.97063e-02
 1.63247e-03  1.95823e-02
 1.78326e-03  1.95691e-02
 1.71935e-03  1.97063e-02

 1.91406e-03  1.70850e-02
 2.18901e-03  1.94151e-02
 2.09849e-03  1.92938e-02
 2.24881e-03  1.92761e-02
 2.18901e-03  1.94151e-02

 2.33941e-03  1.70850e-02
 2.65194e-03  1.90754e-02
 2.55684e-03  1.89576e-02
 2.70638e-03  1.89342e-02
 2.65194e-03  1.90754e-02

 2.76476e-03  1.70850e-02
 3.10200e-03  1.86990e-02
 3.00111e-03  1.85861e-02
 3.14927e-03  1.85552e-02
 3.10200e-03  1.86990e-02

 3.19010e-03  1.70850e-02
 3.54311e-03  1.83056e-02
 3.43399e-03  1.82007e-02
 3.57940e-03  1.81587e-02
 3.54311e-03  1.83056e-02

 3.61545e-03  1.70850e-02
 3.97566e-03  1.79084e-02
 3.85378e-03  1.78187e-02
 3.99246e-03  1.77580e-02
 3.97566e-03  1.79084e-02

 2.14410e-04  1.76550e-02
 2.14410e-04  2.04767e-02
 1.38726e-04  2.03456e-02
 2.90093e-04  2.03456e-02
 2.14410e-04  2.04767e-02

 6.43229e-04  1.76550e-02
 8.65799e-04  2.04830e-02
 7.80064e-04  2.03582e-02
 9.30964e-04  2.03464e-02
 8.65799e-04  2.04830e-02

 1.07205e-03  1.76550e-02
 1.38826e-03  2.03545e-02
 1.29784e-03  2.02331e-02
 1.44818e-03  2.02155e-02
 1.38826e-03  2.03545e-02

 1.50087e-03  1.76550e-02
 1.94938e-03  2.01571e-02
 1.85176e-03  2.00414e-02
 2.00075e-03  2.00147e-02
 1.94938e-03  2.01571e-02

 1.92969e-03  1.76550e-02
 2.47400e-03  1.98816e-02
 2.36936e-03  1.97722e-02
 2.51639e-03  1.97363e-02
 2.47400e-03  1.98816e-02

 2.35851e-03  1.76550e-02
 2.99139e-03  1.95577e-02
 2.87821e-03  1.94572e-02
 3.02183e-03  1.94094e-02
 2.99139e-03  1.95577e-02

 2.78733e-03  1.76550e-02
 3.48619e-03  1.91971e-02
 3.36314e-03  1.91089e-02
 3.50101e-03  1.90464e-02
 3.48619e-03  1.91971e-02

 3.21615e-03  1.76550e-02
 3.96528e-03  1.88184e-02
 3.83067e-03  1.87492e-02
 3.95794e-03  1.86672e-02
 3.96528e-03  1.88184e-02

 3.64497e-03  1.76550e-02
 4.42693e-03  1.84345e-02
 4.28066e-03  1.83956e-02
 4.38752e-03  1.82884e-02
 4.42693e-03  1.84345e-02

 2.16146e-04  1.82250e-02
 2.16146e-04  2.08316e-02
 1.40462e-04  2.07005e-02
 2.91829e-04  2.07005e-02
 2.16146e-04  2.08316e-02

 6.48438e-04  1.82250e-02
 9.66293e-04  2.08331e-02
 8.75306e-04  2.07121e-02
 1.02556e-03  2.06938e-02
 9.66293e-04  2.08331e-02

 1.08073e-03  1.82250e-02
 1.53269e-03  2.07173e-02
 1.43483e-03  2.06018e-02
 1.58377e-03  2.05748e-02
 1.53269e-03  2.07173e-02

 1.51302e-03  1.82250e-02
 2.15915e-03  2.05355e-02
 2.05095e-03  2.04296e-02
 2.19673e-03  2.03888e-02
 2.15915e-03  2.05355e-02

 1.94531e-03  1.82250e-02
 2.73499e-03  2.02818e-02
 2.61735e-03  2.01866e-02
 2.75866e-03  2.01323e-02
 2.73499e-03  2.02818e-02

 2.37760e-03  1.82250e-02
 3.30359e-03  1.99818e-02
 3.17551e-03  1.99011e-02
 3.30942e-03  1.98305e-02
 3.30359e-03  1.99818e-02

 2.80990e-03  1.82250e-02
 3.84093e-03  1.96463e-02
 3.70270e-03  1.95847e-02
 3.82522e-03  1.94958e-02
 3.84093e-03  1.96463e-02

 3.24219e-03  1.82250e-02
 4.35648e-03  1.92926e-02
 4.20946e-03  1.92566e-02
 4.31418e-03  1.91473e-02
 4.35648e-03  1.92926e-02

 3.67448e-03  1.82250e-02
 4.84621e-03  1.89329e-02
 4.69487e-03  1.89299e-02
 4.77315e-03  1.88004e-02
 4.84621e-03  1.89329e-02

 2.17882e-04  1.87950e-02
 2.17882e-04  2.11154e-02
 1.42198e-04  2.09843e-02
 2.93565e-04  2.09843e-02
 2.17882e-04  2.11154e-02

 6.53646e-04  1.87950e-02
 1.05317e-03  2.11111e-02
 9.56306e-04  2.09948e-02
 1.10547e-03  2.09690e-02
 1.05317e-03  2.11111e-02

 1.08941e-03  1.87950e-02
 1.65803e-03  2.10092e-02
 1.55212e-03  2.09011e-02
 1.69873e-03  2.08634e-02
 1.65803e-03  2.10092e-02

 1.52517e-03  1.87950e-02
 2.34187e-03  2.08464e-02
 2.22307e-03  2.07526e-02
 2.36370e-03  2.06966e-02
 2.34187e-03  2.08464e-02

 1.96094e-03  1.87950e-02
 2.96306e-03  2.06204e-02
 2.83363e-03  2.05419e-02
 2.96632e-03  2.04691e-02
 2.96306e-03  2.06204e-02

 2.39670e-03  1.87950e-02
 3.57729e-03  2.03514e-02
 3.43777e-03  2.02927e-02
 3.55837e-03  2.02013e-02
 3.57729e-03  2.03514e-02

 2.83247e-03  1.87950e-02
 4.15276e-03  2.00501e-02
 4.00561e-03  2.00146e-02
 4.10990e-03  1.99049e-02
 4.15276e-03  2.00501e-02

 3.26823e-03  1.87950e-02
 4.70099e-03  1.97312e-02
 4.54986e-03  1.97229e-02
 4.63265e-03  1.95961e-02
 4.70099e-03  1.97312e-02

 3.70399e-03  1.87950e-02
 5.21592e-03  1.94064e-02
 5.06602e-03  1.94274e-02
 5.12277e-03  1.92871e-02
 5.21592e-03  1.94064e-02

 2.19618e-04  1.93650e-02
 2.19618e-04  2.13481e-02
 1.43935e-04  2.12170e-02
 2.95302e-04  2.12170e-02
 2.19618e-04  2.13481e-02

 6.58854e-04  1.93650e-02
 1.12443e-03  2.13363e-02
 1.02064e-03  2.12261e-02
 1.16795e-03  2.11913e-02
 1.12443e-03  2.13363e-02

 1.09809e-03  1.93650e-02
 1.76132e-03  2.12488e-02
 1.64640e-03  2.11502e-02
 1.78917e-03  2.11000e-02
 1.76132e-03  2.12488e-02

 1.53733e-03  1.93650e-02
 2.49245e-03  2.11069e-02
 2.36306e-03  2.10284e-02
 2.49579e-03  2.09556e-02
 2.49245e-03  2.11069e-02

 1.97656e-03  1.93650e-02
 3.15117e-03  2.09123e-02
 3.01163e-03  2.08536e-02
 3.13219e-03  2.07621e-02
 3.15117e-03  2.09123e-02

 2.41580e-03  1.93650e-02
 3.80285e-03  2.06796e-02
 3.65564e-03  2.06444e-02
 3.75977e-03  2.05345e-02
 3.80285e-03  2.06796e-02

 2.85503e-03  1.93650e-02
 4.40957e-03  2.04189e-02
 4.25860e-03  2.04080e-02
 4.34354e-03  2.02827e-02
 4.40957e-03  2.04189e-02

 3.29427e-03  1.93650e-02
 4.98413e-03  2.01427e-02
 4.83341e-03  2.01567e-02
 4.89669e-03  2.00192e-02
 4.98413e-03  2.01427e-02

 3.73351e-03  1.93650e-02
 5.51873e-03  1.98613e-02
 5.37216e-03  1.98991e-02
 5.41270e-03  1.97533e-02
 5.51873e-03  1.98613e-02

 2.21354e-04  1.99350e-02
 2.21354e-04  2.15287e-02
 1.45671e-04  2.13977e-02
 2.97038e-04  2.13977e-02
 2.21354e-04  2.15287e-02

 6.64062e-04  1.99350e-02
 1.17477e-03  2.15086e-02
 1.06232e-03  2.14073e-02
 1.20630e-03  2.13606e-02
 1.17477e-03  2.15086e-02

 1.10677e-03  1.99350e-02
 1.83461e-03  2.14369e-02
 1.70934e-03  2.13520e-02
 1.84555e-03  2.12860e-02
 1.83461e-03  2.14369e-02

 1.54948e-03  1.99350e-02
 2.59906e-03  2.13193e-02
 2.45955e-03  2.12605e-02
 2.58016e-03  2.11691e-02
 2.59906e-03  2.13193e-02

 1.99219e-03  1.99350e-02
 3.28365e-03  2.11609e-02
 3.13647e-03  2.11256e-02
 3.24068e-03  2.10158e-02
 3.28365e-03  2.11609e-02

 2.43490e-03  1.99350e-02
 3.96113e-03  2.09711e-02
 3.81016e-03  2.09601e-02
 3.89518e-03  2.08349e-02
 3.96113e-03  2.09711e-02

 2.87760e-03  1.99350e-02
 4.58866e-03  2.07589e-02
 4.43771e-03  2.07702e-02
 4.50338e-03  2.06338e-02
 4.58866e-03  2.07589e-02

 3.32031e-03  1.99350e-02
 5.18039e-03  2.05340e-02
 5.03241e-03  2.05659e-02
 5.07881e-03  2.04218e-02
 5.18039e-03  2.05340e-02

 3.76302e-03  1.99350e-02
 5.72701e-03  2.03054e-02
 5.58416e-03  2.03555e-02
 5.61222e-03  2.02067e-02
 5.72701e-03  2.03054e-02

 2.23090e-04  2.05050e-02
 2.23090e-04  2.17028e-02
 1.47407e-04  2.15718e-02
 2.98774e-04  2.15718e-02
 2.23090e-04  2.17028e-02

 6.69271e-04  2.05050e-02
 1.20210e-03  2.16720e-02
 1.07880e-03  2.15842e-02
 1.21650e-03  2.15213e-02
 1.20210e-03  2.16720e-02

 1.11545e-03  2.05050e-02
 1.87342e-03  2.16163e-02
 1.73703e-03  2.15506e-02
 1.86208e-03  2.14653e-02
 1.87342e-03  2.16163e-02

 1.56163e-03  2.05050e-02
 2.65382e-03  2.15232e-02
 2.50633e-03  2.14892e-02
 2.60955e-03  2.13785e-02
 2.65382e-03  2.15232e-02

 2.00781e-03  2.05050e-02
 3.34976e-03  2.14023e-02
 3.19872e-03  2.13924e-02
 3.28285e-03  2.12665e-02
 3.34976e-03  2.14023e-02

 2.45399e-03  2.05050e-02
 4.03790e-03  2.12569e-02
 3.88702e-03  2.12691e-02
 3.95193e-03  2.11323e-02
 4.03790e-03  2.12569e-02

 2.90017e-03  2.05050e-02
 4.67298e-03  2.10952e-02
 4.52470e-03  2.11256e-02
 4.57252e-03  2.09820e-02
 4.67298e-03  2.10952e-02

 3.34635e-03  2.05050e-02
 5.26977e-03  2.09242e-02
 5.12558e-03  2.09702e-02
 5.15781e-03  2.08223e-02
 5.26977e-03  2.09242e-02

 3.79253e-03  2.05050e-02
 5.81835e-03  2.07511e-02
 5.67910e-03  2.08104e-02
 5.69735e-03  2.06601e-02
 5.81835e-03  2.07511e-02

 2.24826e-04  2.10750e-02
 2.24826e-04  2.18378e-02
 1.49143e-04  2.17067e-02
 3.00510e-04  2.17067e-02
 2.24826e-04  2.18378e-02

 6.74479e-04  2.10750e-02
 1.19162e-03  2.18016e-02
 1.05395e-03  2.17387e-02
 1.17727e-03  2.16509e-02
 1.19162e-03  2.18016e-02

 1.12413e-03  2.10750e-02
 1.85489e-03  2.17661e-02
 1.70764e-03  2.17310e-02
 1.81165e-03  2.16211e-02
 1.85489e-03  2.17661e-02

 1.57378e-03  2.10750e-02
 2.62480e-03  2.17039e-02
 2.47345e-03  2.17015e-02
 2.55117e-03  2.15716e-02
 2.62480e-03  2.17039e-02

 2.02344e-03  2.10750e-02
 3.31013e-03  2.16265e-02
 3.15983e-03  2.16444e-02
 3.21946e-03  2.15053e-02
 3.31013e-03  2.16265e-02

 2.47309e-03  2.10750e-02
 3.98812e-03  2.15326e-02
 3.84075e-03  2.15672e-02
 3.88452e-03  2.14223e-02
 3.98812e-03  2.15326e-02

 2.92274e-03  2.10750e-02
 4.61313e-03  2.14290e-02
 4.46932e-03  2.14762e-02
 4.50034e-03  2.13281e-02
 4.61313e-03  2.14290e-02

 3.37240e-03  2.10750e-02
 5.20061e-03  2.13196e-02
 5.06064e-03  2.13773e-02
 5.08071e-03  2.12272e-02
 5.20061e-03  2.13196e-02

 3.82205e-03  2.10750e-02
 5.74055e-03  2.12096e-02
 5.60448e-03  2.12760e-02
 5.61508e-03  2.11250e-02
 5.74055e-03  2.12096e-02

 2.26562e-04  2.16450e-02
 2.26562e-04  2.20724e-02
 1.50879e-04  2.19413e-02
 3.02246e-04  2.19413e-02
 2.26563e-04  2.20724e-02

 6.79687e-04  2.16450e-02
 1.14239e-03  2.20292e-02
 9.93185e-04  2.20037e-02
 1.08988e-03  2.18872e-02
 1.14239e-03  2.20292e-02

 1.13281e-03  2.16450e-02
 1.77241e-03  2.20119e-02
 1.62105e-03  2.20123e-02
 1.69636e-03  2.18810e-02
 1.77241e-03  2.20119e-02

 1.58594e-03  2.16450e-02
 2.50239e-03  2.19732e-02
 2.35346e-03  2.20003e-02
 2.40450e-03  2.18578e-02
 2.50239e-03  2.19732e-02

 2.03906e-03  2.16450e-02
 3.15267e-03  2.19303e-02
 3.00690e-03  2.19710e-02
 3.04446e-03  2.18244e-02
 3.15267e-03  2.19303e-02

 2.49219e-03  2.16450e-02
 3.79773e-03  2.18762e-02
 3.65545e-03  2.19279e-02
 3.68185e-03  2.17788e-02
 3.79773e-03  2.18762e-02

 2.94531e-03  2.16450e-02
 4.39405e-03  2.18177e-02
 4.25492e-03  2.18773e-02
 4.27284e-03  2.17270e-02
 4.39405e-03  2.18177e-02

 3.39844e-03  2.16450e-02
 4.95699e-03  2.17559e-02
 4.82086e-03  2.18221e-02
 4.83160e-03  2.16711e-02
 4.95699e-03  2.17559e-02

 3.85156e-03  2.16450e-02
 5.47717e-03  2.16944e-02
 5.34384e-03  2.17660e-02
 5.34844e-03  2.16147e-02
 5.47717e-03  2.16944e-02

 2.28299e-04  2.22150e-02
 2.28299e-04  2.22150e-02
 3.67761e-04  2.21562e-02
 3.48986e-04  2.23064e-02
 2.28299e-04  2.22150e-02

 6.84896e-04  2.22150e-02
 9.76156e-04  2.22150e-02
 8.45068e-04  2.22907e-02
 8.45068e-04  2.21393e-02
 9.76156e-04  2.22150e-02

 1.14149e-03  2.22150e-02
 1.53355e-03  2.22150e-02
 1.40246e-03  2.22907e-02
 1.40246e-03  2.21393e-02
 1.53355e-03  2.22150e-02

 1.59809e-03  2.22150e-02
 2.15697e-03  2.22150e-02
 2.02588e-03  2.22907e-02
 2.02588e-03  2.21393e-02
 2.15697e-03  2.22150e-02

 2.05469e-03  2.22150e-02
 2.72890e-03  2.22150e-02
 2.59781e-03  2.22907e-02
 2.59781e-03  2.21393e-02
 2.72890e-03  2.22150e-02

 2.51128e-03  2.22150e-02
 3.29892e-03  2.22150e-02
 3.16784e-03  2.22907e-02
 3.16784e-03  2.21393e-02
 3.29892e-03  2.22150e-02

 2.96788e-03  2.22150e-02
 3.83809e-03  2.22150e-02
 3.70700e-03  2.22907e-02
 3.70700e-03  2.21393e-02
 3.83809e-03  2.22150e-02

 3.42448e-03  2.22150e-02
 4.35698e-03  2.22150e-02
 4.22589e-03  2.22907e-02
 4.22589e-03  2.21393e-02
 4.35698e-03  2.22150e-02

 3.88108e-03  2.22150e-02
 4.84967e-03  2.22150e-02
 4.71859e-03  2.22907e-02
 4.71859e-03  2.21393e-02
 4.84967e-03  2.22150e-02

 3.76510e-03  1.13850e-02
 2.59201e-03  1.13850e-02
 2.72310e-03  1.13093e-02
 2.72310e-03  1.14607e-02
 2.59201e-03  1.13850e-02

 4.26406e-03  1.13850e-02
 3.06561e-03  1.13850e-02
 3.19670e-03  1.13093e-02
 3.19670e-03  1.14607e-02
 3.06561e-03  1.13850e-02

 4.76302e-03  1.13850e-02
 3.57040e-03  1.13850e-02
 3.70149e-03  1.13093e-02
 3.70149e-03  1.14607e-02
 3.57040e-03  1.13850e-02

 5.26198e-03  1.13850e-02
 4.10319e-03  1.13850e-02
 4.23428e-03  1.13093e-02
 4.23428e-03  1.14607e-02
 4.10319e-03  1.13850e-02

 5.76094e-03  1.13850e-02
 4.66042e-03  1.13850e-02
 4.79151e-03  1.13093e-02
 4.79151e-03  1.14607e-02
 4.66042e-03  1.13850e-02

 6.25990e-03  1.13850e-02
 5.23832e-03  1.13850e-02
 5.36941e-03  1.13093e-02
 5.36941e-03  1.14607e-02
 5.23832e-03  1.13850e-02

 6.75885e-03  1.13850e-02
 5.83370e-03  1.13850e-02
 5.96479e-03  1.13093e-02
 5.96479e-03  1.14607e-02
 5.83370e-03  1.13850e-02

 7.25781e-03  1.13850e-02
 6.44255e-03  1.13850e-02
 6.57364e-03  1.13093e-02
 6.57364e-03  1.14607e-02
 6.44255e-03  1.13850e-02

 7.75677e-03  1.13850e-02
 7.06180e-03  1.13850e-02
 7.19289e-03  1.13093e-02
 7.19289e-03  1.14607e-02
 7.06180e-03  1.13850e-02

 8.25573e-03  1.13850e-02
 7.68570e-03  1.13850e-02
 7.81678e-03  1.13093e-02
 7.81678e-03  1.14607e-02
 7.68570e-03  1.13850e-02

 8.75469e-03  1.13850e-02
 8.31339e-03  1.13850e-02
 8.44448e-03  1.13093e-02
 8.44448e-03  1.14607e-02
 8.31339e-03  1.13850e-02

 9.25365e-03  1.13850e-02
 8.93305e-03  1.13850e-02
 9.06414e-03  1.13093e-02
 9.06414e-03  1.14607e-02
 8.93305e-03  1.13850e-02

 9.75260e-03  1.13850e-02
 9.55417e-03  1.13850e-02
 9.68526e-03  1.13093e-02
 9.68526e-03  1.14607e-02
 9.55417e-03  1.13850e-02

 1.02516e-02  1.13850e-02
 1.01392e-02  1.13850e-02
 1.02703e-02  1.13093e-02
 1.02703e-02  1.14607e-02
 1.01392e-02  1.13850e-02

 1.07505e-02  1.13850e-02
 1.07505e-02  1.13850e-02
 1.06194e-02  1.14607e-02
 1.06194e-02  1.13093e-02
 1.07505e-02  1.13850e-02

 3.79531e-03  1.19550e-02
 1.89233e-03  1.20783e-02
 2.01825e-03  1.19943e-02
 2.02803e-03  1.21453e-02
 1.89233e-03  1.20783e-02

 4.29219e-03  1.19550e-02
 2.35598e-03  1.20007e-02
 2.48524e-03  1.19220e-02
 2.48882e-03  1.20733e-02
 2.35598e-03  1.20007e-02

 4.78906e-03  1.19550e-02
 2.86905e-03  1.19299e-02
 3.00112e-03  1.18559e-02
 2.99913e-03  1.20073e-02
 2.86905e-03  1.19299e-02

 5.28594e-03  1.19550e-02
 3.42602e-03  1.18669e-02
 3.56054e-03  1.17975e-02
 3.55338e-03  1.19487e-02
 3.42602e-03  1.18669e-02

 5.78281e-03  1.19550e-02
 4.02143e-03  1.18122e-02
 4.15821e-03  1.17473e-02
 4.14597e-03  1.18982e-02
 4.02143e-03  1.18122e-02

 6.27969e-03  1.19550e-02
 4.64954e-03  1.17657e-02
 4.78848e-03  1.17057e-02
 4.77103e-03  1.18560e-02
 4.64954e-03  1.17657e-02

 6.77656e-03  1.19550e-02
 5.30520e-03  1.17277e-02
 5.44631e-03  1.16729e-02
 5.42320e-03  1.18225e-02
 5.30520e-03  1.17277e-02

 7.27344e-03  1.19550e-02
 5.98213e-03  1.16985e-02
 6.12545e-03  1.16498e-02
 6.09596e-03  1.17983e-02
 5.98213e-03  1.16985e-02

 7.77031e-03  1.19550e-02
 6.67532e-03  1.16786e-02
 6.82095e-03  1.16373e-02
 6.78390e-03  1.17840e-02
 6.67532e-03  1.16786e-02

 8.26719e-03  1.19550e-02
 7.37564e-03  1.16689e-02
 7.52358e-03  1.16369e-02
 7.47733e-03  1.17810e-02
 7.37564e-03  1.16689e-02

 8.76406e-03  1.19550e-02
 8.08086e-03  1.16697e-02
 8.23099e-03  1.16503e-02
 8.17265e-03  1.17900e-02
 8.08086e-03  1.16697e-02

 9.26094e-03  1.19550e-02
 8.77262e-03  1.16822e-02
 8.92397e-03  1.16801e-02
 8.85015e-03  1.18122e-02
 8.77262e-03  1.16822e-02

 9.75781e-03  1.19550e-02
 9.46240e-03  1.17061e-02
 9.61142e-03  1.17327e-02
 9.51387e-03  1.18484e-02
 9.46240e-03  1.17061e-02

 1.02547e-02  1.19550e-02
 1.00958e-02  1.17455e-02
 1.02353e-02  1.18042e-02
 1.01147e-02  1.18956e-02
 1.00958e-02  1.17455e-02

 1.07516e-02  1.19550e-02
 1.07516e-02  1.18150e-02
 1.08272e-02  1.19461e-02
 1.06759e-02  1.19461e-02
 1.07516e-02  1.18150e-02

 3.82552e-03  1.25250e-02
 1.67225e-03  1.26864e-02
 1.79731e-03  1.26012e-02
 1.80863e-03  1.27521e-02
 1.67225e-03  1.26864e-02

 4.32031e-03  1.25250e-02
 2.13321e-03  1.25555e-02
 2.26323e-03  1.24780e-02
 2.26534e-03  1.26294e-02
 2.13321e-03  1.25555e-02

 4.81510e-03  1.25250e-02
 2.64806e-03  1.24367e-02
 2.78212e-03  1.23664e-02
 2.77596e-03  1.25176e-02
 2.64806e-03  1.24367e-02

 5.30990e-03  1.25250e-02
 3.21150e-03  1.23313e-02
 3.34899e-03  1.22680e-02
 3.33507e-03  1.24187e-02
 3.21150e-03  1.23313e-02

 5.80469e-03  1.25250e-02
 3.81777e-03  1.22397e-02
 3.95828e-03  1.21834e-02
 3.93677e-03  1.23332e-02
 3.81777e-03  1.22397e-02

 6.29948e-03  1.25250e-02
 4.46105e-03  1.21620e-02
 4.60432e-03  1.21131e-02
 4.57499e-03  1.22616e-02
 4.46105e-03  1.21620e-02

 6.79427e-03  1.25250e-02
 5.13567e-03  1.20986e-02
 5.28147e-03  1.20579e-02
 5.24378e-03  1.22045e-02
 5.13567e-03  1.20986e-02

 7.28906e-03  1.25250e-02
 5.83443e-03  1.20504e-02
 5.98252e-03  1.20191e-02
 5.93557e-03  1.21630e-02
 5.83443e-03  1.20504e-02

 7.78385e-03  1.25250e-02
 6.55158e-03  1.20186e-02
 6.70159e-03  1.19984e-02
 6.64405e-03  1.21384e-02
 6.55158e-03  1.20186e-02

 8.27865e-03  1.25250e-02
 7.27705e-03  1.20047e-02
 7.42827e-03  1.19979e-02
 7.35849e-03  1.21323e-02
 7.27705e-03  1.20047e-02

 8.77344e-03  1.25250e-02
 8.00752e-03  1.20102e-02
 8.15854e-03  1.20205e-02
 8.07410e-03  1.21462e-02
 8.00752e-03  1.20102e-02

 9.26823e-03  1.25250e-02
 8.72309e-03  1.20373e-02
 8.87125e-03  1.20683e-02
 8.77033e-03  1.21811e-02
 8.72309e-03  1.20373e-02

 9.76302e-03  1.25250e-02
 9.43431e-03  1.20881e-02
 9.57360e-03  1.21474e-02
 9.45265e-03  1.22384e-02
 9.43431e-03  1.20881e-02

 1.02578e-02  1.25250e-02
 1.00829e-02  1.21672e-02
 1.02085e-02  1.22517e-02
 1.00725e-02  1.23182e-02
 1.00829e-02  1.21672e-02

 1.07526e-02  1.25250e-02
 1.07526e-02  1.22986e-02
 1.08283e-02  1.24297e-02
 1.06769e-02  1.24297e-02
 1.07526e-02  1.22986e-02

 3.85573e-03  1.30950e-02
 1.67536e-03  1.33330e-02
 1.79747e-03  1.32435e-02
 1.81389e-03  1.33940e-02
 1.67536e-03  1.33330e-02

 4.34844e-03  1.30950e-02
 2.13485e-03  1.31317e-02
 2.26466e-03  1.30538e-02
 2.26717e-03  1.32052e-02
 2.13485e-03  1.31317e-02

 4.84115e-03  1.30950e-02
 2.64791e-03  1.29481e-02
 2.78377e-03  1.28813e-02
 2.77365e-03  1.30323e-02
 2.64791e-03  1.29481e-02

 5.33385e-03  1.30950e-02
 3.20980e-03  1.27842e-02
 3.35046e-03  1.27283e-02
 3.32855e-03  1.28781e-02
 3.20980e-03  1.27842e-02

 5.82656e-03  1.30950e-02
 3.81520e-03  1.26410e-02
 3.95973e-03  1.25960e-02
 3.92641e-03  1.27437e-02
 3.81520e-03  1.26410e-02

 6.31927e-03  1.30950e-02
 4.45844e-03  1.25191e-02
 4.60604e-03  1.24856e-02
 4.56130e-03  1.26302e-02
 4.45844e-03  1.25191e-02

 6.81198e-03  1.30950e-02
 5.13355e-03  1.24196e-02
 5.28341e-03  1.23984e-02
 5.22691e-03  1.25388e-02
 5.13355e-03  1.24196e-02

 7.30469e-03  1.30950e-02
 5.83355e-03  1.23441e-02
 5.98472e-03  1.23362e-02
 5.91590e-03  1.24711e-02
 5.83355e-03  1.23441e-02

 7.79740e-03  1.30950e-02
 6.55240e-03  1.22944e-02
 6.70360e-03  1.23017e-02
 6.62173e-03  1.24290e-02
 6.55240e-03  1.22944e-02

 8.29010e-03  1.30950e-02
 7.27973e-03  1.22732e-02
 7.42918e-03  1.22972e-02
 7.33367e-03  1.24146e-02
 7.27973e-03  1.22732e-02

 8.78281e-03  1.30950e-02
 8.01205e-03  1.22831e-02
 8.15719e-03  1.23260e-02
 8.04741e-03  1.24302e-02
 8.01205e-03  1.22831e-02

 9.27552e-03  1.30950e-02
 8.72906e-03  1.23273e-02
 8.86674e-03  1.23902e-02
 8.74342e-03  1.24780e-02
 8.72906e-03  1.23273e-02

 9.76823e-03  1.30950e-02
 9.44033e-03  1.24103e-02
 9.56521e-03  1.24958e-02
 9.42869e-03  1.25612e-02
 9.44033e-03  1.24103e-02

 1.02609e-02  1.30950e-02
 1.00882e-02  1.25370e-02
 1.01993e-02  1.26399e-02
 1.00547e-02  1.26846e-02
 1.00882e-02  1.25370e-02

 1.07536e-02  1.30950e-02
 1.07536e-02  1.27473e-02
 1.08293e-02  1.28784e-02
 1.06780e-02  1.28784e-02
 1.07536e-02  1.27473e-02

 3.88594e-03  1.36650e-02
 1.86140e-03  1.39513e-02
 1.98061e-03  1.38580e-02
 2.00180e-03  1.40078e-02
 1.86140e-03  1.39513e-02

 4.37656e-03  1.36650e-02
 2.32017e-03  1.36914e-02
 2.45027e-03  1.36140e-02
 2.45222e-03  1.37654e-02
 2.32017e-03  1.36914e-02

 4.86719e-03  1.36650e-02
 2.82820e-03  1.34538e-02
 2.96639e-03  1.33920e-02
 2.95079e-03  1.35426e-02
 2.82820e-03  1.34538e-02

 5.35781e-03  1.36650e-02
 3.38149e-03  1.32410e-02
 3.52554e-03  1.31945e-02
 3.49378e-03  1.33425e-02
 3.38149e-03  1.32410e-02

 5.84844e-03  1.36650e-02
 3.97535e-03  1.30544e-02
 4.12344e-03  1.30231e-02
 4.07652e-03  1.31670e-02
 3.97535e-03  1.30544e-02

 6.33906e-03  1.36650e-02
 4.60470e-03  1.28953e-02
 4.75522e-03  1.28793e-02
 4.69382e-03  1.30177e-02
 4.60470e-03  1.28953e-02

 6.82969e-03  1.36650e-02
 5.26410e-03  1.27655e-02
 5.41547e-03  1.27652e-02
 5.34006e-03  1.28964e-02
 5.26410e-03  1.27655e-02

 7.32031e-03  1.36650e-02
 5.94696e-03  1.26670e-02
 6.09750e-03  1.26829e-02
 6.00852e-03  1.28053e-02
 5.94696e-03  1.26670e-02

 7.81094e-03  1.36650e-02
 6.64768e-03  1.26028e-02
 6.79552e-03  1.26353e-02
 6.69345e-03  1.27471e-02
 6.64768e-03  1.26028e-02

 8.30156e-03  1.36650e-02
 7.35673e-03  1.25761e-02
 7.49981e-03  1.26255e-02
 7.38548e-03  1.27248e-02
 7.35673e-03  1.25761e-02

 8.79219e-03  1.36650e-02
 8.07071e-03  1.25912e-02
 8.20664e-03  1.26578e-02
 8.08100e-03  1.27422e-02
 8.07071e-03  1.25912e-02

 9.28281e-03  1.36650e-02
 8.77072e-03  1.26522e-02
 8.89741e-03  1.27350e-02
 8.76233e-03  1.28033e-02
 8.77072e-03  1.26522e-02

 9.77344e-03  1.36650e-02
 9.46566e-03  1.27663e-02
 9.57973e-03  1.28658e-02
 9.43653e-03  1.29148e-02
 9.46566e-03  1.27663e-02

 1.02641e-02  1.36650e-02
 1.01012e-02  1.29378e-02
 1.02037e-02  1.30492e-02
 1.00560e-02  1.30823e-02
 1.01012e-02  1.29378e-02

 1.07547e-02  1.36650e-02
 1.07547e-02  1.32170e-02
 1.08304e-02  1.33481e-02
 1.06790e-02  1.33481e-02
 1.07547e-02  1.32170e-02

 3.91615e-03  1.42350e-02
 2.16036e-03  1.45727e-02
 2.27480e-03  1.44736e-02
 2.30339e-03  1.46223e-02
 2.16036e-03  1.45727e-02

 4.40469e-03  1.42350e-02
 2.61848e-03  1.42578e-02
 2.74859e-03  1.41805e-02
 2.75052e-03  1.43318e-02
 2.61848e-03  1.42578e-02

 4.89323e-03  1.42350e-02
 3.11936e-03  1.39688e-02
 3.26023e-03  1.39134e-02
 3.23776e-03  1.40631e-02
 3.11936e-03  1.39688e-02

 5.38177e-03  1.42350e-02
 3.65982e-03  1.37090e-02
 3.80730e-03  1.36749e-02
 3.76308e-03  1.38197e-02
 3.65982e-03  1.37090e-02

 5.87031e-03  1.42350e-02
 4.23585e-03  1.34805e-02
 4.38659e-03  1.34667e-02
 4.32315e-03  1.36042e-02
 4.23585e-03  1.34805e-02

 6.35885e-03  1.42350e-02
 4.84314e-03  1.32854e-02
 4.99441e-03  1.32909e-02
 4.91405e-03  1.34191e-02
 4.84314e-03  1.32854e-02

 6.84740e-03  1.42350e-02
 5.47700e-03  1.31259e-02
 5.62651e-03  1.31496e-02
 5.53128e-03  1.32672e-02
 5.47700e-03  1.31259e-02

 7.33594e-03  1.42350e-02
 6.13166e-03  1.30049e-02
 6.27745e-03  1.30456e-02
 6.16929e-03  1.31515e-02
 6.13166e-03  1.30049e-02

 7.82448e-03  1.42350e-02
 6.80245e-03  1.29261e-02
 6.94278e-03  1.29828e-02
 6.82347e-03  1.30760e-02
 6.80245e-03  1.29261e-02

 8.31302e-03  1.42350e-02
 7.48096e-03  1.28934e-02
 7.61437e-03  1.29649e-02
 7.48573e-03  1.30447e-02
 7.48096e-03  1.28934e-02

 8.80156e-03  1.42350e-02
 8.16439e-03  1.29123e-02
 8.28947e-03  1.29975e-02
 8.15310e-03  1.30632e-02
 8.16439e-03  1.29123e-02

 9.29010e-03  1.42350e-02
 8.83625e-03  1.29880e-02
 8.95220e-03  1.30853e-02
 8.80996e-03  1.31370e-02
 8.83625e-03  1.29880e-02

 9.77865e-03  1.42350e-02
 9.50472e-03  1.31299e-02
 9.60972e-03  1.32390e-02
 9.46280e-03  1.32754e-02
 9.50472e-03  1.31299e-02

 1.02672e-02  1.42350e-02
 1.01214e-02  1.33420e-02
 1.02172e-02  1.34592e-02
 1.00678e-02  1.34836e-02
 1.01214e-02  1.33420e-02

 1.07557e-02  1.42350e-02
 1.07557e-02  1.36868e-02
 1.08314e-02  1.38179e-02
 1.06800e-02  1.38179e-02
 1.07557e-02  1.36868e-02

 3.94635e-03  1.48050e-02
 2.54432e-03  1.51792e-02
 2.65146e-03  1.50722e-02
 2.69049e-03  1.52185e-02
 2.54432e-03  1.51792e-02

 4.43281e-03  1.48050e-02
 3.00247e-03  1.48209e-02
 3.13271e-03  1.47438e-02
 3.13439e-03  1.48951e-02
 3.00247e-03  1.48209e-02

 4.91927e-03  1.48050e-02
 3.49513e-03  1.44912e-02
 3.63944e-03  1.44455e-02
 3.60687e-03  1.45933e-02
 3.49513e-03  1.44912e-02

 5.40573e-03  1.48050e-02
 4.01981e-03  1.41940e-02
 4.17029e-03  1.41776e-02
 4.10923e-03  1.43162e-02
 4.01981e-03  1.41940e-02

 5.89219e-03  1.48050e-02
 4.57355e-03  1.39322e-02
 4.72464e-03  1.39415e-02
 4.64109e-03  1.40677e-02
 4.57355e-03  1.39322e-02

 6.37865e-03  1.48050e-02
 5.15288e-03  1.37083e-02
 5.30103e-03  1.37393e-02
 5.20011e-03  1.38522e-02
 5.15288e-03  1.37083e-02

 6.86510e-03  1.48050e-02
 5.75392e-03  1.35252e-02
 5.89701e-03  1.35746e-02
 5.78271e-03  1.36738e-02
 5.75392e-03  1.35252e-02

 7.35156e-03  1.48050e-02
 6.37222e-03  1.33862e-02
 6.50897e-03  1.34511e-02
 6.38440e-03  1.35370e-02
 6.37222e-03  1.33862e-02

 7.83802e-03  1.48050e-02
 7.00399e-03  1.32954e-02
 7.13363e-03  1.33736e-02
 7.00114e-03  1.34468e-02
 7.00399e-03  1.32954e-02

 8.32448e-03  1.48050e-02
 7.64253e-03  1.32576e-02
 7.76465e-03  1.33470e-02
 7.62614e-03  1.34081e-02
 7.64253e-03  1.32576e-02

 8.81094e-03  1.48050e-02
 8.28597e-03  1.32794e-02
 8.40019e-03  1.33787e-02
 8.25706e-03  1.34280e-02
 8.28597e-03  1.32794e-02

 9.29740e-03  1.48050e-02
 8.92095e-03  1.33663e-02
 9.02736e-03  1.34740e-02
 8.88092e-03  1.35123e-02
 8.92095e-03  1.33663e-02

 9.78385e-03  1.48050e-02
 9.55478e-03  1.35305e-02
 9.65246e-03  1.36461e-02
 9.50348e-03  1.36729e-02
 9.55478e-03  1.35305e-02

 1.02703e-02  1.48050e-02
 1.01469e-02  1.37751e-02
 1.02377e-02  1.38963e-02
 1.00874e-02  1.39143e-02
 1.01469e-02  1.37751e-02

 1.07568e-02  1.48050e-02
 1.07568e-02  1.41737e-02
 1.08325e-02  1.43048e-02
 1.06811e-02  1.43048e-02
 1.07568e-02  1.41737e-02

 3.97656e-03  1.53750e-02
 2.98178e-03  1.57786e-02
 3.07480e-03  1.56592e-02
 3.13170e-03  1.57994e-02
 2.98178e-03  1.57786e-02

 4.46094e-03  1.53750e-02
 3.44088e-03  1.53871e-02
 3.57106e-03  1.53099e-02
 3.57285e-03  1.54612e-02
 3.44088e-03  1.53871e-02

 4.94531e-03  1.53750e-02
 3.92510e-03  1.50258e-02
 4.07363e-03  1.49967e-02
 4.02462e-03  1.51399e-02
 3.92510e-03  1.50258e-02

 5.42969e-03  1.53750e-02
 4.43301e-03  1.46994e-02
 4.58399e-03  1.47103e-02
 4.49906e-03  1.48356e-02
 4.43301e-03  1.46994e-02

 5.91406e-03  1.53750e-02
 4.96242e-03  1.44114e-02
 5.10838e-03  1.44515e-02
 5.00068e-03  1.45578e-02
 4.96242e-03  1.44114e-02

 6.39844e-03  1.53750e-02
 5.51075e-03  1.41649e-02
 5.64931e-03  1.42258e-02
 5.52726e-03  1.43154e-02
 5.51075e-03  1.41649e-02

 6.88281e-03  1.53750e-02
 6.07527e-03  1.39631e-02
 6.20605e-03  1.40393e-02
 6.07466e-03  1.41145e-02
 6.07527e-03  1.39631e-02

 7.36719e-03  1.53750e-02
 6.65251e-03  1.38096e-02
 6.77580e-03  1.38975e-02
 6.63810e-03  1.39603e-02
 6.65251e-03  1.38096e-02

 7.85156e-03  1.53750e-02
 7.23991e-03  1.37092e-02
 7.35614e-03  1.38062e-02
 7.21405e-03  1.38583e-02
 7.23991e-03  1.37092e-02

 8.33594e-03  1.53750e-02
 7.83282e-03  1.36667e-02
 7.94246e-03  1.37711e-02
 7.79726e-03  1.38139e-02
 7.83282e-03  1.36667e-02

 8.82031e-03  1.53750e-02
 8.43010e-03  1.36896e-02
 8.53340e-03  1.38002e-02
 8.38594e-03  1.38344e-02
 8.43010e-03  1.36896e-02

 9.30469e-03  1.53750e-02
 9.02225e-03  1.37840e-02
 9.11968e-03  1.38998e-02
 8.97065e-03  1.39263e-02
 9.02225e-03  1.37840e-02

 9.78906e-03  1.53750e-02
 9.61527e-03  1.39639e-02
 9.70641e-03  1.40847e-02
 9.55618e-03  1.41032e-02
 9.61527e-03  1.39639e-02

 1.02734e-02  1.53750e-02
 1.01786e-02  1.42323e-02
 1.02649e-02  1.43566e-02
 1.01140e-02  1.43692e-02
 1.01786e-02  1.42323e-02

 1.07578e-02  1.53750e-02
 1.07578e-02  1.46738e-02
 1.08335e-02  1.48049e-02
 1.06821e-02  1.48049e-02
 1.07578e-02  1.46738e-02

 4.00677e-03  1.59450e-02
 3.45368e-03  1.63647e-02
 3.51235e-03  1.62252e-02
 3.60385e-03  1.63457e-02
 3.45368e-03  1.63647e-02

 4.48906e-03  1.59450e-02
 3.91533e-03  1.59526e-02
 4.04540e-03  1.58752e-02
 4.04741e-03  1.60265e-02
 3.91533e-03  1.59526e-02

 4.97135e-03  1.59450e-02
 4.39214e-03  1.55714e-02
 4.54332e-03  1.55789e-02
 4.46128e-03  1.57061e-02
 4.39214e-03  1.55714e-02

 5.45365e-03  1.59450e-02
 4.88341e-03  1.52264e-02
 5.02418e-03  1.52820e-02
 4.90561e-03  1.53761e-02
 4.88341e-03  1.52264e-02

 5.93594e-03  1.59450e-02
 5.38792e-03  1.49217e-02
 5.51653e-03  1.50015e-02
 5.38309e-03  1.50730e-02
 5.38792e-03  1.49217e-02

 6.41823e-03  1.59450e-02
 5.90401e-03  1.46608e-02
 6.02300e-03  1.47544e-02
 5.88248e-03  1.48106e-02
 5.90401e-03  1.46608e-02

 6.90052e-03  1.59450e-02
 6.42991e-03  1.44472e-02
 6.54141e-03  1.45496e-02
 6.39700e-03  1.45950e-02
 6.42991e-03  1.44472e-02

 7.38281e-03  1.59450e-02
 6.96355e-03  1.42848e-02
 7.06903e-03  1.43934e-02
 6.92227e-03  1.44304e-02
 6.96355e-03  1.42848e-02

 7.86510e-03  1.59450e-02
 7.50336e-03  1.41782e-02
 7.60380e-03  1.42914e-02
 7.45551e-03  1.43218e-02
 7.50336e-03  1.41782e-02

 8.34740e-03  1.59450e-02
 8.04680e-03  1.41323e-02
 8.14291e-03  1.42492e-02
 7.99358e-03  1.42740e-02
 8.04680e-03  1.41323e-02

 8.82969e-03  1.59450e-02
 8.59356e-03  1.41552e-02
 8.68573e-03  1.42753e-02
 8.53567e-03  1.42951e-02
 8.59356e-03  1.41552e-02

 9.31198e-03  1.59450e-02
 9.13835e-03  1.42533e-02
 9.22702e-03  1.43760e-02
 9.07644e-03  1.43915e-02
 9.13835e-03  1.42533e-02

 9.79427e-03  1.59450e-02
 9.68539e-03  1.44421e-02
 9.77034e-03  1.45674e-02
 9.61937e-03  1.45783e-02
 9.68539e-03  1.44421e-02

 1.02766e-02  1.59450e-02
 1.02158e-02  1.47244e-02
 1.02979e-02  1.48515e-02
 1.01468e-02  1.48591e-02
 1.02158e-02  1.47244e-02

 1.07589e-02  1.59450e-02
 1.07589e-02  1.51944e-02
 1.08345e-02  1.53255e-02
 1.06832e-02  1.53255e-02
 1.07589e-02  1.51944e-02

 4.03698e-03  1.65150e-02
 3.94091e-03  1.69380e-02
 3.89613e-03  1.67935e-02
 4.04374e-03  1.68270e-02
 3.94091e-03  1.69380e-02

 4.51719e-03  1.65150e-02
 4.40686e-03  1.65177e-02
 4.53608e-03  1.64388e-02
 4.53973e-03  1.65902e-02
 4.40686e-03  1.65177e-02

 4.99740e-03  1.65150e-02
 4.87768e-03  1.61280e-02
 4.98872e-03  1.62308e-02
 4.84411e-03  1.62756e-02
 4.87768e-03  1.61280e-02

 5.47760e-03  1.65150e-02
 5.35341e-03  1.57749e-02
 5.44974e-03  1.58916e-02
 5.30046e-03  1.59167e-02
 5.35341e-03  1.57749e-02

 5.95781e-03  1.65150e-02
 5.83368e-03  1.54629e-02
 5.92420e-03  1.55842e-02
 5.77388e-03  1.56020e-02
 5.83368e-03  1.54629e-02

 6.43802e-03  1.65150e-02
 6.31774e-03  1.51960e-02
 6.40501e-03  1.53197e-02
 6.25427e-03  1.53334e-02
 6.31774e-03  1.51960e-02

 6.91823e-03  1.65150e-02
 6.80479e-03  1.49776e-02
 6.88991e-03  1.51028e-02
 6.73896e-03  1.51139e-02
 6.80479e-03  1.49776e-02

 7.39844e-03  1.65150e-02
 7.29406e-03  1.48117e-02
 7.37762e-03  1.49379e-02
 7.22654e-03  1.49471e-02
 7.29406e-03  1.48117e-02

 7.87865e-03  1.65150e-02
 7.78507e-03  1.47026e-02
 7.86741e-03  1.48296e-02
 7.71625e-03  1.48374e-02
 7.78507e-03  1.47026e-02

 8.35885e-03  1.65150e-02
 8.27738e-03  1.46553e-02
 8.35873e-03  1.47830e-02
 8.20751e-03  1.47896e-02
 8.27738e-03  1.46553e-02

 8.83906e-03  1.65150e-02
 8.77130e-03  1.46776e-02
 8.85177e-03  1.48058e-02
 8.70050e-03  1.48114e-02
 8.77130e-03  1.46776e-02

 9.31927e-03  1.65150e-02
 9.26607e-03  1.47760e-02
 9.34573e-03  1.49047e-02
 9.19443e-03  1.49094e-02
 9.26607e-03  1.47760e-02

 9.79948e-03  1.65150e-02
 9.76357e-03  1.49671e-02
 9.84227e-03  1.50964e-02
 9.69095e-03  1.50999e-02
 9.76357e-03  1.49671e-02

 1.02797e-02  1.65150e-02
 1.02581e-02  1.52537e-02
 1.03361e-02  1.53834e-02
 1.01847e-02  1.53860e-02
 1.02581e-02  1.52537e-02

 1.07599e-02  1.65150e-02
 1.07599e-02  1.57371e-02
 1.08356e-02  1.58682e-02
 1.06842e-02  1.58682e-02
 1.07599e-02  1.57371e-02

 4.06719e-03  1.70850e-02
 4.42785e-03  1.74956e-02
 4.28448e-03  1.74471e-02
 4.39821e-03  1.73472e-02
 4.42785e-03  1.74956e-02

 4.54531e-03  1.70850e-02
 4.89964e-03  1.70797e-02
 4.76970e-03  1.71573e-02
 4.76743e-03  1.70060e-02
 4.89964e-03  1.70797e-02

 5.02344e-03  1.70850e-02
 5.36601e-03  1.66935e-02
 5.33665e-03  1.68420e-02
 5.22273e-03  1.67423e-02
 5.36601e-03  1.66935e-02

 5.50156e-03  1.70850e-02
 5.82761e-03  1.63435e-02
 5.84413e-03  1.64939e-02
 5.70556e-03  1.64330e-02
 5.82761e-03  1.63435e-02

 5.97969e-03  1.70850e-02
 6.28483e-03  1.60345e-02
 6.32094e-03  1.61815e-02
 6.17558e-03  1.61393e-02
 6.28483e-03  1.60345e-02

 6.45781e-03  1.70850e-02
 6.73786e-03  1.57705e-02
 6.78456e-03  1.59145e-02
 6.63652e-03  1.58830e-02
 6.73786e-03  1.57705e-02

 6.93594e-03  1.70850e-02
 7.18684e-03  1.55552e-02
 7.24031e-03  1.56968e-02
 7.09094e-03  1.56723e-02
 7.18684e-03  1.55552e-02

 7.41406e-03  1.70850e-02
 7.63232e-03  1.53919e-02
 7.69062e-03  1.55316e-02
 7.54050e-03  1.55122e-02
 7.63232e-03  1.53919e-02

 7.89219e-03  1.70850e-02
 8.07483e-03  1.52849e-02
 8.13689e-03  1.54230e-02
 7.98630e-03  1.54077e-02
 8.07483e-03  1.52849e-02

 8.37031e-03  1.70850e-02
 8.51603e-03  1.52385e-02
 8.58116e-03  1.53751e-02
 8.43026e-03  1.53632e-02
 8.51603e-03  1.52385e-02

 8.84844e-03  1.70850e-02
 8.95671e-03  1.52603e-02
 9.02450e-03  1.53957e-02
 8.87339e-03  1.53867e-02
 8.95671e-03  1.52603e-02

 9.32656e-03  1.70850e-02
 9.40059e-03  1.53564e-02
 9.47060e-03  1.54906e-02
 9.31937e-03  1.54841e-02
 9.40059e-03  1.53564e-02

 9.80469e-03  1.70850e-02
 9.84685e-03  1.55439e-02
 9.91892e-03  1.56770e-02
 9.76761e-03  1.56728e-02
 9.84685e-03  1.55439e-02

 1.02828e-02  1.70850e-02
 1.03038e-02  1.58253e-02
 1.03773e-02  1.59577e-02
 1.02260e-02  1.59551e-02
 1.03038e-02  1.58253e-02

 1.07609e-02  1.70850e-02
 1.07609e-02  1.63056e-02
 1.08366e-02  1.64367e-02
 1.06853e-02  1.64367e-02
 1.07609e-02  1.63056e-02

 4.09740e-03  1.76550e-02
 4.89790e-03  1.80370e-02
 4.74700e-03  1.80488e-02
 4.81219e-03  1.79122e-02
 4.89790e-03  1.80370e-02

 4.57344e-03  1.76550e-02
 5.37636e-03  1.76379e-02
 5.24691e-03  1.77164e-02
 5.24370e-03  1.75651e-02
 5.37636e-03  1.76379e-02

 5.04948e-03  1.76550e-02
 5.83939e-03  1.72672e-02
 5.75507e-03  1.73929e-02
 5.68836e-03  1.72570e-02
 5.83939e-03  1.72672e-02

 5.52552e-03  1.76550e-02
 6.28811e-03  1.69314e-02
 6.24511e-03  1.70765e-02
 6.14092e-03  1.69667e-02
 6.28811e-03  1.69314e-02

 6.00156e-03  1.76550e-02
 6.72373e-03  1.66355e-02
 6.70972e-03  1.67863e-02
 6.58620e-03  1.66988e-02
 6.72373e-03  1.66355e-02

 6.47760e-03  1.76550e-02
 7.14729e-03  1.63836e-02
 7.15316e-03  1.65348e-02
 7.01924e-03  1.64643e-02
 7.14729e-03  1.63836e-02

 6.95365e-03  1.76550e-02
 7.55991e-03  1.61789e-02
 7.58011e-03  1.63290e-02
 7.44010e-03  1.62714e-02
 7.55991e-03  1.61789e-02

 7.42969e-03  1.76550e-02
 7.96343e-03  1.60246e-02
 7.99457e-03  1.61727e-02
 7.85072e-03  1.61256e-02
 7.96343e-03  1.60246e-02

 7.90573e-03  1.76550e-02
 8.35938e-03  1.59240e-02
 8.39936e-03  1.60700e-02
 8.25294e-03  1.60317e-02
 8.35938e-03  1.59240e-02

 8.38177e-03  1.76550e-02
 8.75142e-03  1.58812e-02
 8.79877e-03  1.60250e-02
 8.65059e-03  1.59941e-02
 8.75142e-03  1.58812e-02

 8.85781e-03  1.76550e-02
 9.14068e-03  1.59030e-02
 9.19450e-03  1.60445e-02
 9.04507e-03  1.60204e-02
 9.14068e-03  1.59030e-02

 9.33385e-03  1.76550e-02
 9.53513e-03  1.59948e-02
 9.59449e-03  1.61341e-02
 9.44422e-03  1.61158e-02
 9.53513e-03  1.59948e-02

 9.80990e-03  1.76550e-02
 9.93098e-03  1.61733e-02
 9.99574e-03  1.63102e-02
 9.84487e-03  1.62978e-02
 9.93098e-03  1.61733e-02

 1.02859e-02  1.76550e-02
 1.03505e-02  1.64411e-02
 1.04191e-02  1.65760e-02
 1.02680e-02  1.65680e-02
 1.03505e-02  1.64411e-02

 1.07620e-02  1.76550e-02
 1.07620e-02  1.69015e-02
 1.08377e-02  1.70326e-02
 1.06863e-02  1.70326e-02
 1.07620e-02  1.69015e-02

 4.12760e-03  1.82250e-02
 5.33513e-03  1.85620e-02
 5.18853e-03  1.85997e-02
 5.22922e-03  1.84539e-02
 5.33513e-03  1.85620e-02

 4.60156e-03  1.82250e-02
 5.81984e-03  1.81916e-02
 5.69088e-03  1.82708e-02
 5.68673e-03  1.81195e-02
 5.81984e-03  1.81916e-02

 5.07552e-03  1.82250e-02
 6.27964e-03  1.78476e-02
 6.17719e-03  1.79590e-02
 6.13192e-03  1.78146e-02
 6.27964e-03  1.78476e-02

 5.54948e-03  1.82250e-02
 6.71629e-03  1.75367e-02
 6.64184e-03  1.76685e-02
 6.56493e-03  1.75381e-02
 6.71629e-03  1.75367e-02

 6.02344e-03  1.82250e-02
 7.13152e-03  1.72637e-02
 7.08209e-03  1.74068e-02
 6.98290e-03  1.72925e-02
 7.13152e-03  1.72637e-02

 6.49740e-03  1.82250e-02
 7.52745e-03  1.70324e-02
 7.49904e-03  1.71811e-02
 7.38449e-03  1.70821e-02
 7.52745e-03  1.70324e-02

 6.97135e-03  1.82250e-02
 7.90612e-03  1.68457e-02
 7.89523e-03  1.69966e-02
 7.76993e-03  1.69117e-02
 7.90612e-03  1.68457e-02

 7.44531e-03  1.82250e-02
 8.27064e-03  1.67060e-02
 8.27456e-03  1.68573e-02
 8.14156e-03  1.67850e-02
 8.27064e-03  1.67060e-02

 7.91927e-03  1.82250e-02
 8.62353e-03  1.66163e-02
 8.64029e-03  1.67667e-02
 8.50163e-03  1.67060e-02
 8.62353e-03  1.66163e-02

 8.39323e-03  1.82250e-02
 8.97029e-03  1.65796e-02
 8.99833e-03  1.67283e-02
 8.85549e-03  1.66782e-02
 8.97029e-03  1.65796e-02

 8.86719e-03  1.82250e-02
 9.31227e-03  1.66018e-02
 9.35060e-03  1.67483e-02
 9.20462e-03  1.67082e-02
 9.31227e-03  1.66018e-02

 9.34115e-03  1.82250e-02
 9.66123e-03  1.66879e-02
 9.70860e-03  1.68316e-02
 9.56041e-03  1.68008e-02
 9.66123e-03  1.66879e-02

 9.81510e-03  1.82250e-02
 1.00104e-02  1.68530e-02
 1.00669e-02  1.69935e-02
 9.91701e-03  1.69721e-02
 1.00104e-02  1.68530e-02

 1.02891e-02  1.82250e-02
 1.03950e-02  1.70997e-02
 1.04580e-02  1.72373e-02
 1.03073e-02  1.72231e-02
 1.03950e-02  1.70997e-02

 1.07630e-02  1.82250e-02
 1.07630e-02  1.75242e-02
 1.08387e-02  1.76553e-02
 1.06873e-02  1.76553e-02
 1.07630e-02  1.75242e-02

 4.15781e-03  1.87950e-02
 5.72007e-03  1.90733e-02
 5.57774e-03  1.91249e-02
 5.60429e-03  1.89758e-02
 5.72007e-03  1.90733e-02

 4.62969e-03  1.87950e-02
 6.20905e-03  1.87428e-02
 6.08053e-03  1.88228e-02
 6.07553e-03  1.86715e-02
 6.20905e-03  1.87428e-02

 5.10156e-03  1.87950e-02
 6.66496e-03  1.84365e-02
 6.55410e-03  1.85396e-02
 6.52027e-03  1.83920e-02
 6.66496e-03  1.84365e-02

 5.57344e-03  1.87950e-02
 7.08968e-03  1.81606e-02
 6.99796e-03  1.82810e-02
 6.93954e-03  1.81414e-02
 7.08968e-03  1.81606e-02

 6.04531e-03  1.87950e-02
 7.48587e-03  1.79196e-02
 7.41315e-03  1.80524e-02
 7.33454e-03  1.79230e-02
 7.48587e-03  1.79196e-02

 6.51719e-03  1.87950e-02
 7.85648e-03  1.77168e-02
 7.80183e-03  1.78580e-02
 7.70691e-03  1.77401e-02
 7.85648e-03  1.77168e-02

 6.98906e-03  1.87950e-02
 8.20461e-03  1.75545e-02
 8.16693e-03  1.77011e-02
 8.05881e-03  1.75951e-02
 8.20461e-03  1.75545e-02

 7.46094e-03  1.87950e-02
 8.53458e-03  1.74345e-02
 8.51279e-03  1.75843e-02
 8.39396e-03  1.74905e-02
 8.53458e-03  1.74345e-02

 7.93281e-03  1.87950e-02
 8.84994e-03  1.73591e-02
 8.84317e-03  1.75103e-02
 8.71560e-03  1.74288e-02
 8.84994e-03  1.73591e-02

 8.40469e-03  1.87950e-02
 9.15762e-03  1.73304e-02
 9.16499e-03  1.74816e-02
 9.03037e-03  1.74124e-02
 9.15762e-03  1.73304e-02

 8.87656e-03  1.87950e-02
 9.45919e-03  1.73535e-02
 9.48023e-03  1.75034e-02
 9.33990e-03  1.74467e-02
 9.45919e-03  1.73535e-02

 9.34844e-03  1.87950e-02
 9.76943e-03  1.74325e-02
 9.80305e-03  1.75801e-02
 9.65843e-03  1.75354e-02
 9.76943e-03  1.74325e-02

 9.82031e-03  1.87950e-02
 1.00790e-02  1.75802e-02
 1.01257e-02  1.77242e-02
 9.97767e-03  1.76927e-02
 1.00790e-02  1.75802e-02

 1.02922e-02  1.87950e-02
 1.04336e-02  1.77994e-02
 1.04901e-02  1.79398e-02
 1.03403e-02  1.79185e-02
 1.04336e-02  1.77994e-02

 1.07641e-02  1.87950e-02
 1.07641e-02  1.81733e-02
 1.08397e-02  1.83043e-02
 1.06884e-02  1.83043e-02
 1.07641e-02  1.81733e-02

 4.18802e-03  1.93650e-02
 6.03334e-03  1.95748e-02
 5.89454e-03  1.96352e-02
 5.91164e-03  1.94848e-02
 6.03334e-03  1.95748e-02

 4.65781e-03  1.93650e-02
 6.52303e-03  1.92929e-02
 6.39496e-03  1.93736e-02
 6.38912e-03  1.92224e-02
 6.52303e-03  1.92929e-02

 5.12760e-03  1.93650e-02
 6.97284e-03  1.90327e-02
 6.85724e-03  1.91304e-02
 6.83042e-03  1.89815e-02
 6.97284e-03  1.90327e-02

 5.59740e-03  1.93650e-02
 7.38527e-03  1.87996e-02
 7.28310e-03  1.89113e-02
 7.23746e-03  1.87670e-02
 7.38527e-03  1.87996e-02

 6.06719e-03  1.93650e-02
 7.76363e-03  1.85975e-02
 7.67540e-03  1.87205e-02
 7.61300e-03  1.85826e-02
 7.76363e-03  1.85975e-02

 6.53698e-03  1.93650e-02
 8.11180e-03  1.84289e-02
 8.03779e-03  1.85609e-02
 7.96045e-03  1.84308e-02
 8.11180e-03  1.84289e-02

 7.00677e-03  1.93650e-02
 8.43401e-03  1.82955e-02
 8.37449e-03  1.84347e-02
 8.28372e-03  1.83136e-02
 8.43401e-03  1.82955e-02

 7.47656e-03  1.93650e-02
 8.73556e-03  1.81985e-02
 8.69084e-03  1.83431e-02
 8.58796e-03  1.82321e-02
 8.73556e-03  1.81985e-02

 7.94635e-03  1.93650e-02
 9.02076e-03  1.81393e-02
 8.99126e-03  1.82878e-02
 8.87743e-03  1.81880e-02
 9.02076e-03  1.81393e-02

 8.41615e-03  1.93650e-02
 9.29778e-03  1.81196e-02
 9.28382e-03  1.82703e-02
 9.16027e-03  1.81828e-02
 9.29778e-03  1.81196e-02

 8.88594e-03  1.93650e-02
 9.56847e-03  1.81432e-02
 9.57062e-03  1.82945e-02
 9.43847e-03  1.82207e-02
 9.56847e-03  1.81432e-02

 9.35573e-03  1.93650e-02
 9.84956e-03  1.82137e-02
 9.86744e-03  1.83640e-02
 9.72833e-03  1.83043e-02
 9.84956e-03  1.82137e-02

 9.82552e-03  1.93650e-02
 1.01298e-02  1.83409e-02
 1.01650e-02  1.84881e-02
 1.00199e-02  1.84450e-02
 1.01298e-02  1.83409e-02

 1.02953e-02  1.93650e-02
 1.04622e-02  1.85280e-02
 1.05108e-02  1.86714e-02
 1.03623e-02  1.86418e-02
 1.04622e-02  1.85280e-02

 1.07651e-02  1.93650e-02
 1.07651e-02  1.88407e-02
 1.08408e-02  1.89718e-02
 1.06894e-02  1.89718e-02
 1.07651e-02  1.88407e-02

 4.21823e-03  1.99350e-02
 6.24564e-03  2.00748e-02
 6.10966e-03  2.01412e-02
 6.12007e-03  1.99902e-02
 6.24564e-03  2.00748e-02

 4.68594e-03  1.99350e-02
 6.73159e-03  1.98501e-02
 6.60375e-03  1.99312e-02
 6.59747e-03  1.97799e-02
 6.73159e-03  1.98501e-02

 5.15365e-03  1.99350e-02
 7.17318e-03  1.96439e-02
 7.05423e-03  1.97375e-02
 7.03264e-03  1.95877e-02
 7.17318e-03  1.96439e-02

 5.62135e-03  1.99350e-02
 7.57353e-03  1.94607e-02
 7.46402e-03  1.95652e-02
 7.42828e-03  1.94181e-02
 7.57353e-03  1.94607e-02

 6.08906e-03  1.99350e-02
 7.93672e-03  1.93032e-02
 7.83718e-03  1.94172e-02
 7.78820e-03  1.92740e-02
 7.93672e-03  1.93032e-02

 6.55677e-03  1.99350e-02
 8.26744e-03  1.91732e-02
 8.17848e-03  1.92957e-02
 8.11691e-03  1.91574e-02
 8.26744e-03  1.91732e-02

 7.02448e-03  1.99350e-02
 8.57062e-03  1.90718e-02
 8.49305e-03  1.92018e-02
 8.41927e-03  1.90696e-02
 8.57062e-03  1.90718e-02

 7.49219e-03  1.99350e-02
 8.85260e-03  1.89996e-02
 8.78746e-03  1.91363e-02
 8.70170e-03  1.90115e-02
 8.85260e-03  1.89996e-02

 7.95990e-03  1.99350e-02
 9.11808e-03  1.89573e-02
 9.06673e-03  1.90997e-02
 8.96909e-03  1.89840e-02
 9.11808e-03  1.89573e-02

 8.42760e-03  1.99350e-02
 9.37607e-03  1.89462e-02
 9.33995e-03  1.90932e-02
 9.23071e-03  1.89884e-02
 9.37607e-03  1.89462e-02

 8.89531e-03  1.99350e-02
 9.62845e-03  1.89691e-02
 9.60948e-03  1.91192e-02
 9.48891e-03  1.90277e-02
 9.62845e-03  1.89691e-02

 9.36302e-03  1.99350e-02
 9.89297e-03  1.90291e-02
 9.89211e-03  1.91804e-02
 9.76145e-03  1.91040e-02
 9.89297e-03  1.90291e-02

 9.83073e-03  1.99350e-02
 1.01574e-02  1.91328e-02
 1.01781e-02  1.92828e-02
 1.00379e-02  1.92257e-02
 1.01574e-02  1.91328e-02

 1.02984e-02  1.99350e-02
 1.04779e-02  1.92841e-02
 1.05160e-02  1.94306e-02
 1.03701e-02  1.93903e-02
 1.04779e-02  1.92841e-02

 1.07661e-02  1.99350e-02
 1.07661e-02  1.95263e-02
 1.08418e-02  1.96574e-02
 1.06905e-02  1.96574e-02
 1.07661e-02  1.95263e-02

 4.24844e-03  2.05050e-02
 6.33291e-03  2.05785e-02
 6.19924e-03  2.06495e-02
 6.20457e-03  2.04982e-02
 6.33291e-03  2.05785e-02

 4.71406e-03  2.05050e-02
 6.80966e-03  2.04126e-02
 6.68204e-03  2.04940e-02
 6.67537e-03  2.03427e-02
 6.80966e-03  2.04126e-02

 5.17969e-03  2.05050e-02
 7.24078e-03  2.02617e-02
 7.11947e-03  2.03522e-02
 7.10172e-03  2.02019e-02
 7.24078e-03  2.02617e-02

 5.64531e-03  2.05050e-02
 7.62981e-03  2.01288e-02
 7.51511e-03  2.02276e-02
 7.48692e-03  2.00789e-02
 7.62981e-03  2.01288e-02

 6.11094e-03  2.05050e-02
 7.98145e-03  2.00160e-02
 7.87377e-03  2.01224e-02
 7.83549e-03  1.99759e-02
 7.98145e-03  2.00160e-02

 6.57656e-03  2.05050e-02
 8.30124e-03  1.99241e-02
 8.20116e-03  2.00377e-02
 8.15285e-03  1.98943e-02
 8.30124e-03  1.99241e-02

 7.04219e-03  2.05050e-02
 8.59446e-03  1.98537e-02
 8.50286e-03  1.99742e-02
 8.44429e-03  1.98346e-02
 8.59446e-03  1.98537e-02

 7.50781e-03  2.05050e-02
 8.86777e-03  1.98048e-02
 8.78587e-03  1.99321e-02
 8.71658e-03  1.97975e-02
 8.86777e-03  1.98048e-02

 7.97344e-03  2.05050e-02
 9.12625e-03  1.97777e-02
 9.05576e-03  1.99117e-02
 8.97500e-03  1.97837e-02
 9.12625e-03  1.97777e-02

 8.43906e-03  2.05050e-02
 9.37898e-03  1.97735e-02
 9.32201e-03  1.99137e-02
 9.22904e-03  1.97942e-02
 9.37898e-03  1.97735e-02

 8.90469e-03  2.05050e-02
 9.62796e-03  1.97938e-02
 9.58755e-03  1.99397e-02
 9.48142e-03  1.98317e-02
 9.62796e-03  1.97938e-02

 9.37031e-03  2.05050e-02
 9.89061e-03  1.98417e-02
 9.86926e-03  1.99915e-02
 9.75016e-03  1.98981e-02
 9.89061e-03  1.98417e-02

 9.83594e-03  2.05050e-02
 1.01551e-02  1.99206e-02
 1.01587e-02  2.00719e-02
 1.00259e-02  1.99994e-02
 1.01551e-02  1.99206e-02

 1.03016e-02  2.05050e-02
 1.04760e-02  2.00350e-02
 1.05013e-02  2.01843e-02
 1.03594e-02  2.01316e-02
 1.04760e-02  2.00350e-02

 1.07672e-02  2.05050e-02
 1.07672e-02  2.02082e-02
 1.08429e-02  2.03393e-02
 1.06915e-02  2.03393e-02
 1.07672e-02  2.02082e-02

 4.27865e-03  2.10750e-02
 6.24430e-03  2.11014e-02
 6.11220e-03  2.11753e-02
 6.11424e-03  2.10240e-02
 6.24430e-03  2.11014e-02

 4.74219e-03  2.10750e-02
 6.70935e-03  2.09990e-02
 6.58128e-03  2.10797e-02
 6.57544e-03  2.09284e-02
 6.70935e-03  2.09990e-02

 5.20573e-03  2.10750e-02
 7.13142e-03  2.09068e-02
 7.00741e-03  2.09936e-02
 6.99424e-03  2.08428e-02
 7.13142e-03  2.09068e-02

 5.66927e-03  2.10750e-02
 7.51474e-03  2.08266e-02
 7.39492e-03  2.09191e-02
 7.37472e-03  2.07691e-02
 7.51474e-03  2.08266e-02

 6.13281e-03  2.10750e-02
 7.86407e-03  2.07593e-02
 7.74869e-03  2.08573e-02
 7.72153e-03  2.07084e-02
 7.86407e-03  2.07593e-02

 6.59635e-03  2.10750e-02
 8.18503e-03  2.07054e-02
 8.07450e-03  2.08088e-02
 8.04020e-03  2.06614e-02
 8.18503e-03  2.07054e-02

 7.05990e-03  2.10750e-02
 8.48290e-03  2.06648e-02
 8.37790e-03  2.07738e-02
 8.33597e-03  2.06284e-02
 8.48290e-03  2.06648e-02

 7.52344e-03  2.10750e-02
 8.76412e-03  2.06374e-02
 8.66567e-03  2.07523e-02
 8.61532e-03  2.06096e-02
 8.76412e-03  2.06374e-02

 7.98698e-03  2.10750e-02
 9.03345e-03  2.06232e-02
 8.94310e-03  2.07447e-02
 8.88311e-03  2.06057e-02
 9.03345e-03  2.06232e-02

 8.45052e-03  2.10750e-02
 9.29924e-03  2.06230e-02
 9.21910e-03  2.07515e-02
 9.14796e-03  2.06179e-02
 9.29924e-03  2.06230e-02

 8.91406e-03  2.10750e-02
 9.56322e-03  2.06379e-02
 9.49676e-03  2.07739e-02
 9.41222e-03  2.06483e-02
 9.56322e-03  2.06379e-02

 9.37760e-03  2.10750e-02
 9.84154e-03  2.06704e-02
 9.79249e-03  2.08136e-02
 9.69300e-03  2.06995e-02
 9.84154e-03  2.06704e-02

 9.84115e-03  2.10750e-02
 1.01236e-02  2.07218e-02
 1.01008e-02  2.08714e-02
 9.98261e-03  2.07769e-02
 1.01236e-02  2.07218e-02

 1.03047e-02  2.10750e-02
 1.04586e-02  2.07971e-02
 1.04613e-02  2.09485e-02
 1.03289e-02  2.08751e-02
 1.04586e-02  2.07971e-02

 1.07682e-02  2.10750e-02
 1.07682e-02  2.08986e-02
 1.08439e-02  2.10296e-02
 1.06925e-02  2.10296e-02
 1.07682e-02  2.08986e-02

 4.30885e-03  2.16450e-02
 5.96337e-03  2.16350e-02
 5.83274e-03  2.17115e-02
 5.83183e-03  2.15601e-02
 5.96337e-03  2.16350e-02

 4.77031e-03  2.16450e-02
 6.41484e-03  2.15802e-02
 6.28683e-03  2.16610e-02
 6.28087e-03  2.15097e-02
 6.41484e-03  2.15802e-02

 5.23177e-03  2.16450e-02
 6.83081e-03  2.15315e-02
 6.70541e-03  2.16162e-02
 6.69469e-03  2.14652e-02
 6.83081e-03  2.15315e-02

 5.69323e-03  2.16450e-02
 7.21545e-03  2.14896e-02
 7.09272e-03  2.15782e-02
 7.07736e-03  2.14277e-02
 7.21545e-03  2.14896e-02

 6.15469e-03  2.16450e-02
 7.57322e-03  2.14551e-02
 7.45334e-03  2.15475e-02
 7.43325e-03  2.13975e-02
 7.57322e-03  2.14551e-02

 6.61615e-03  2.16450e-02
 7.90927e-03  2.14278e-02
 7.79253e-03  2.15242e-02
 7.76746e-03  2.13749e-02
 7.90927e-03  2.14278e-02

 7.07760e-03  2.16450e-02
 8.22799e-03  2.14078e-02
 8.11489e-03  2.15084e-02
 8.08432e-03  2.13601e-02
 8.22799e-03  2.14078e-02

 7.53906e-03  2.16450e-02
 8.53491e-03  2.13947e-02
 8.42622e-03  2.15001e-02
 8.38933e-03  2.13533e-02
 8.53491e-03  2.13947e-02

 8.00052e-03  2.16450e-02
 8.83364e-03  2.13887e-02
 8.73061e-03  2.14996e-02
 8.68610e-03  2.13549e-02
 8.83364e-03  2.13887e-02

 8.46198e-03  2.16450e-02
 9.13113e-03  2.13900e-02
 9.03558e-03  2.15074e-02
 8.98168e-03  2.13660e-02
 9.13113e-03  2.13900e-02

 8.92344e-03  2.16450e-02
 9.42866e-03  2.13991e-02
 9.34391e-03  2.15245e-02
 9.27767e-03  2.13884e-02
 9.42866e-03  2.13991e-02

 9.38490e-03  2.16450e-02
 9.73996e-03  2.14180e-02
 9.67029e-03  2.15524e-02
 9.58875e-03  2.14248e-02
 9.73996e-03  2.14180e-02

 9.84635e-03  2.16450e-02
 1.00566e-02  2.14460e-02
 1.00134e-02  2.15911e-02
 9.90937e-03  2.14811e-02
 1.00566e-02  2.14460e-02

 1.03078e-02  2.16450e-02
 1.04194e-02  2.14884e-02
 1.04049e-02  2.16391e-02
 1.02817e-02  2.15513e-02
 1.04194e-02  2.14884e-02

 1.07693e-02  2.16450e-02
 1.07693e-02  2.15414e-02
 1.08450e-02  2.16724e-02
 1.06936e-02  2.16724e-02
 1.07693e-02  2.15414e-02

 4.33906e-03  2.22150e-02
 5.32015e-03  2.22150e-02
 5.18906e-03  2.22907e-02
 5.18906e-03  2.21393e-02
 5.32015e-03  2.22150e-02

 4.79844e-03  2.22150e-02
 5.76938e-03  2.22150e-02
 5.63829e-03  2.22907e-02
 5.63829e-03  2.21393e-02
 5.76938e-03  2.22150e-02

 5.25781e-03  2.22150e-02
 6.19803e-03  2.22150e-02
 6.06694e-03  2.22907e-02
 6.06694e-03  2.21393e-02
 6.19803e-03  2.22150e-02

 5.71719e-03  2.22150e-02
 6.60881e-03  2.22150e-02
 6.47773e-03  2.22907e-02
 6.47773e-03  2.21393e-02
 6.60881e-03  2.22150e-02

 6.17656e-03  2.22150e-02
 7.00462e-03  2.22150e-02
 6.87353e-03  2.22907e-02
 6.87353e-03  2.21393e-02
 7.00462e-03  2.22150e-02

 6.63594e-03  2.22150e-02
 7.38836e-03  2.22150e-02
 7.25727e-03  2.22907e-02
 7.25727e-03  2.21393e-02
 7.38836e-03  2.22150e-02

 7.09531e-03  2.22150e-02
 7.76280e-03  2.22150e-02
 7.63171e-03  2.22907e-02
 7.63171e-03  2.21393e-02
 7.76280e-03  2.22150e-02

 7.55469e-03  2.22150e-02
 8.13101e-03  2.22150e-02
 7.99992e-03  2.22907e-02
 7.99992e-03  2.21393e-02
 8.13101e-03  2.22150e-02

 8.01406e-03  2.22150e-02
 8.49511e-03  2.22150e-02
 8.36403e-03  2.22907e-02
 8.36403e-03  2.21393e-02
 8.49511e-03  2.22150e-02

 8.47344e-03  2.22150e-02
 8.85908e-03  2.22150e-02
 8.72799e-03  2.22907e-02
 8.72799e-03  2.21393e-02
 8.85908e-03  2.22150e-02

 8.93281e-03  2.22150e-02
 9.22341e-03  2.22150e-02
 9.09232e-03  2.22907e-02
 9.09232e-03  2.21393e-02
 9.22341e-03  2.22150e-02

 9.39219e-03  2.22150e-02
 9.59625e-03  2.22150e-02
 9.46516e-03  2.22907e-02
 9.46516e-03  2.21393e-02
 9.59625e-03  2.22150e-02

 9.85156e-03  2.22150e-02
 9.97210e-03  2.22150e-02
 9.84102e-03  2.22907e-02
 9.84102e-03  2.21393e-02
 9.97210e-03  2.22150e-02

 1.03109e-02  2.22150e-02
 1.03759e-02  2.22150e-02
 1.02448e-02  2.22907e-02
 1.02448e-02  2.21393e-02
 1.03759e-02  2.22150e-02

 1.07703e-02  2.22150e-02
 1.07703e-02  2.22150e-02
 1.09014e-02  2.21393e-02
 1.09014e-02  2.22907e-02
 1.07703e-02  2.22150e-02

