#[ Fluid velocity 2D plot data file: flw.dat ]
 1.95313e-04  1.13850e-02
 1.95313e-04  1.13850e-02
 6.42249e-05  1.14607e-02
 6.42249e-05  1.13093e-02
 1.95313e-04  1.13850e-02

 5.85937e-04  1.13850e-02
 3.75023e-04  1.13850e-02
 5.06110e-04  1.13093e-02
 5.06110e-04  1.14607e-02
 3.75023e-04  1.13850e-02

 9.76562e-04  1.13850e-02
 7.01158e-04  1.13850e-02
 8.32246e-04  1.13093e-02
 8.32246e-04  1.14607e-02
 7.01158e-04  1.13850e-02

 1.36719e-03  1.13850e-02
 9.66148e-04  1.13850e-02
 1.09724e-03  1.13093e-02
 1.09724e-03  1.14607e-02
 9.66148e-04  1.13850e-02

 1.75781e-03  1.13850e-02
 1.26597e-03  1.13850e-02
 1.39706e-03  1.13093e-02
 1.39706e-03  1.14607e-02
 1.26597e-03  1.13850e-02

 2.14844e-03  1.13850e-02
 1.56033e-03  1.13850e-02
 1.69142e-03  1.13093e-02
 1.69142e-03  1.14607e-02
 1.56033e-03  1.13850e-02

 2.53906e-03  1.13850e-02
 1.86868e-03  1.13850e-02
 1.99977e-03  1.13093e-02
 1.99977e-03  1.14607e-02
 1.86868e-03  1.13850e-02

 2.92969e-03  1.13850e-02
 2.18413e-03  1.13850e-02
 2.31522e-03  1.13093e-02
 2.31522e-03  1.14607e-02
 2.18413e-03  1.13850e-02

 3.32031e-03  1.13850e-02
 2.51118e-03  1.13850e-02
 2.64227e-03  1.13093e-02
 2.64227e-03  1.14607e-02
 2.51118e-03  1.13850e-02

 1.97049e-04  1.19550e-02
 1.97049e-04  1.23155e-02
 1.21365e-04  1.21844e-02
 2.72732e-04  1.21844e-02
 1.97049e-04  1.23155e-02

 5.91146e-04  1.19550e-02
 2.59342e-04  1.22822e-02
 2.99544e-04  1.21362e-02
 4.05822e-04  1.22440e-02
 2.59342e-04  1.22822e-02

 9.85243e-04  1.19550e-02
 5.37046e-04  1.22746e-02
 5.99829e-04  1.21369e-02
 6.87717e-04  1.22601e-02
 5.37046e-04  1.22746e-02

 1.37934e-03  1.19550e-02
 7.26767e-04  1.22572e-02
 8.13911e-04  1.21335e-02
 8.77523e-04  1.22708e-02
 7.26767e-04  1.22572e-02

 1.77344e-03  1.19550e-02
 9.69603e-04  1.22400e-02
 1.06787e-03  1.21248e-02
 1.11844e-03  1.22675e-02
 9.69603e-04  1.22400e-02

 2.16753e-03  1.19550e-02
 1.20696e-03  1.22175e-02
 1.31346e-03  1.21099e-02
 1.35336e-03  1.22559e-02
 1.20696e-03  1.22175e-02

 2.56163e-03  1.19550e-02
 1.46785e-03  1.21922e-02
 1.57992e-03  1.20905e-02
 1.61200e-03  1.22384e-02
 1.46785e-03  1.21922e-02

 2.95573e-03  1.19550e-02
 1.74214e-03  1.21636e-02
 1.85852e-03  1.20668e-02
 1.88416e-03  1.22160e-02
 1.74214e-03  1.21636e-02

 3.34983e-03  1.19550e-02
 2.03664e-03  1.21325e-02
 2.15641e-03  1.20399e-02
 2.17669e-03  1.21899e-02
 2.03664e-03  1.21325e-02

 1.98785e-04  1.25250e-02
 1.98785e-04  1.31351e-02
 1.23101e-04  1.30040e-02
 2.74468e-04  1.30040e-02
 1.98785e-04  1.31351e-02

 5.96354e-04  1.25250e-02
 2.07205e-04  1.31113e-02
 2.16637e-04  1.29603e-02
 3.42754e-04  1.30440e-02
 2.07205e-04  1.31113e-02

 9.93924e-04  1.25250e-02
 4.55163e-04  1.30901e-02
 4.90841e-04  1.29430e-02
 6.00396e-04  1.30474e-02
 4.55163e-04  1.30901e-02

 1.39149e-03  1.25250e-02
 6.04839e-04  1.30601e-02
 6.70663e-04  1.29238e-02
 7.55795e-04  1.30489e-02
 6.04839e-04  1.30601e-02

 1.78906e-03  1.25250e-02
 8.16606e-04  1.30232e-02
 8.98761e-04  1.28961e-02
 9.67782e-04  1.30308e-02
 8.16606e-04  1.30232e-02

 2.18663e-03  1.25250e-02
 1.02481e-03  1.29789e-02
 1.11938e-03  1.28607e-02
 1.17446e-03  1.30017e-02
 1.02481e-03  1.29789e-02

 2.58420e-03  1.25250e-02
 1.26269e-03  1.29282e-02
 1.36599e-03  1.28175e-02
 1.41016e-03  1.29623e-02
 1.26269e-03  1.29282e-02

 2.98177e-03  1.25250e-02
 1.51881e-03  1.28720e-02
 1.62889e-03  1.27681e-02
 1.66383e-03  1.29154e-02
 1.51881e-03  1.28720e-02

 3.37934e-03  1.25250e-02
 1.80089e-03  1.28115e-02
 1.91635e-03  1.27136e-02
 1.94338e-03  1.28626e-02
 1.80089e-03  1.28115e-02

 2.00521e-04  1.30950e-02
 2.00521e-04  1.40718e-02
 1.24837e-04  1.39408e-02
 2.76204e-04  1.39408e-02
 2.00521e-04  1.40718e-02

 6.01563e-04  1.30950e-02
 1.87370e-04  1.40576e-02
 1.69660e-04  1.39073e-02
 3.08702e-04  1.39671e-02
 1.87370e-04  1.40576e-02

 1.00260e-03  1.30950e-02
 4.25994e-04  1.40209e-02
 4.31046e-04  1.38696e-02
 5.59535e-04  1.39496e-02
 4.25994e-04  1.40209e-02

 1.40365e-03  1.30950e-02
 5.60078e-04  1.39725e-02
 5.96361e-04  1.38256e-02
 7.05485e-04  1.39305e-02
 5.60078e-04  1.39725e-02

 1.80469e-03  1.30950e-02
 7.60785e-04  1.39082e-02
 8.17686e-04  1.37680e-02
 9.10709e-04  1.38874e-02
 7.60785e-04  1.39082e-02

 2.20573e-03  1.30950e-02
 9.58768e-04  1.38321e-02
 1.03310e-03  1.37002e-02
 1.11013e-03  1.38305e-02
 9.58768e-04  1.38321e-02

 2.60677e-03  1.30950e-02
 1.18967e-03  1.37450e-02
 1.27727e-03  1.36215e-02
 1.34038e-03  1.37591e-02
 1.18967e-03  1.37450e-02

 3.00781e-03  1.30950e-02
 1.44147e-03  1.36494e-02
 1.53979e-03  1.35343e-02
 1.59029e-03  1.36770e-02
 1.44147e-03  1.36494e-02

 3.40885e-03  1.30950e-02
 1.72225e-03  1.35469e-02
 1.82928e-03  1.34399e-02
 1.86846e-03  1.35861e-02
 1.72225e-03  1.35469e-02

 2.02257e-04  1.36650e-02
 2.02257e-04  1.49649e-02
 1.26573e-04  1.48338e-02
 2.77940e-04  1.48338e-02
 2.02257e-04  1.49649e-02

 6.06771e-04  1.36650e-02
 2.02167e-04  1.49646e-02
 1.68873e-04  1.48169e-02
 3.13397e-04  1.48619e-02
 2.02167e-04  1.49646e-02

 1.01128e-03  1.36650e-02
 4.47314e-04  1.49142e-02
 4.32276e-04  1.47635e-02
 5.70234e-04  1.48258e-02
 4.47314e-04  1.49142e-02

 1.41580e-03  1.36650e-02
 5.89108e-04  1.48490e-02
 6.02100e-04  1.46982e-02
 7.26208e-04  1.47848e-02
 5.89108e-04  1.48490e-02

 1.82031e-03  1.36650e-02
 7.96694e-04  1.47577e-02
 8.31078e-04  1.46103e-02
 9.41546e-04  1.47138e-02
 7.96694e-04  1.47577e-02

 2.22483e-03  1.36650e-02
 1.00201e-03  1.46502e-02
 1.05660e-03  1.45091e-02
 1.15157e-03  1.46269e-02
 1.00201e-03  1.46502e-02

 2.62934e-03  1.36650e-02
 1.24062e-03  1.45272e-02
 1.31207e-03  1.43937e-02
 1.39191e-03  1.45223e-02
 1.24062e-03  1.45272e-02

 3.03385e-03  1.36650e-02
 1.50051e-03  1.43929e-02
 1.58647e-03  1.42683e-02
 1.65139e-03  1.44051e-02
 1.50051e-03  1.43929e-02

 3.43837e-03  1.36650e-02
 1.78968e-03  1.42498e-02
 1.88792e-03  1.41347e-02
 1.93853e-03  1.42773e-02
 1.78968e-03  1.42498e-02

 2.03993e-04  1.42350e-02
 2.03993e-04  1.58576e-02
 1.28310e-04  1.57265e-02
 2.79677e-04  1.57265e-02
 2.03993e-04  1.58576e-02

 6.11979e-04  1.42350e-02
 2.43764e-04  1.58696e-02
 1.98738e-04  1.57251e-02
 3.46405e-04  1.57584e-02
 2.43764e-04  1.58696e-02

 1.01997e-03  1.42350e-02
 5.07058e-04  1.58067e-02
 4.75777e-04  1.56586e-02
 6.19675e-04  1.57056e-02
 5.07058e-04  1.58067e-02

 1.42795e-03  1.42350e-02
 6.74689e-04  1.57249e-02
 6.66293e-04  1.55738e-02
 8.01376e-04  1.56421e-02
 6.74689e-04  1.57249e-02

 1.83594e-03  1.42350e-02
 9.02836e-04  1.56068e-02
 9.13986e-04  1.54558e-02
 1.03914e-03  1.55409e-02
 9.02836e-04  1.56068e-02

 2.24392e-03  1.42350e-02
 1.12865e-03  1.54677e-02
 1.16047e-03  1.53197e-02
 1.27272e-03  1.54213e-02
 1.12865e-03  1.54677e-02

 2.65191e-03  1.42350e-02
 1.38542e-03  1.53082e-02
 1.43650e-03  1.51657e-02
 1.53436e-03  1.52812e-02
 1.38542e-03  1.53082e-02

 3.05990e-03  1.42350e-02
 1.66195e-03  1.51349e-02
 1.73121e-03  1.50003e-02
 1.81314e-03  1.51276e-02
 1.66195e-03  1.51349e-02

 3.46788e-03  1.42350e-02
 1.96579e-03  1.49507e-02
 2.05158e-03  1.48260e-02
 2.11669e-03  1.49626e-02
 1.96579e-03  1.49507e-02

 2.05729e-04  1.48050e-02
 2.05729e-04  1.66973e-02
 1.30046e-04  1.65662e-02
 2.81413e-04  1.65662e-02
 2.05729e-04  1.66973e-02

 6.17187e-04  1.48050e-02
 3.08263e-04  1.67198e-02
 2.54425e-04  1.65783e-02
 4.03859e-04  1.66024e-02
 3.08263e-04  1.67198e-02

 1.02865e-03  1.48050e-02
 5.98771e-04  1.66471e-02
 5.54858e-04  1.65023e-02
 7.02264e-04  1.65367e-02
 5.98771e-04  1.66471e-02

 1.44010e-03  1.48050e-02
 8.07231e-04  1.65512e-02
 7.80743e-04  1.64022e-02
 9.23052e-04  1.64538e-02
 8.07231e-04  1.65512e-02

 1.85156e-03  1.48050e-02
 1.06688e-03  1.64100e-02
 1.05646e-03  1.62590e-02
 1.19244e-03  1.63255e-02
 1.06688e-03  1.64100e-02

 2.26302e-03  1.48050e-02
 1.32402e-03  1.62434e-02
 1.33230e-03  1.60922e-02
 1.45905e-03  1.61750e-02
 1.32402e-03  1.62434e-02

 2.67448e-03  1.48050e-02
 1.60742e-03  1.60519e-02
 1.63515e-03  1.59031e-02
 1.75015e-03  1.60015e-02
 1.60742e-03  1.60519e-02

 3.08594e-03  1.48050e-02
 1.90755e-03  1.58442e-02
 1.95580e-03  1.57007e-02
 2.05592e-03  1.58143e-02
 1.90755e-03  1.58442e-02

 3.49740e-03  1.48050e-02
 2.23106e-03  1.56240e-02
 2.30003e-03  1.54893e-02
 2.38223e-03  1.56164e-02
 2.23106e-03  1.56240e-02

 2.07465e-04  1.53750e-02
 2.07465e-04  1.74857e-02
 1.31782e-04  1.73546e-02
 2.83149e-04  1.73546e-02
 2.07465e-04  1.74857e-02

 6.22396e-04  1.53750e-02
 3.89669e-04  1.75160e-02
 3.28595e-04  1.73775e-02
 4.79075e-04  1.73939e-02
 3.89669e-04  1.75160e-02

 1.03733e-03  1.53750e-02
 7.13658e-04  1.74365e-02
 6.59224e-04  1.72952e-02
 8.08759e-04  1.73187e-02
 7.13658e-04  1.74365e-02

 1.45226e-03  1.53750e-02
 9.74006e-04  1.73295e-02
 9.31649e-04  1.71841e-02
 1.07868e-03  1.72201e-02
 9.74006e-04  1.73295e-02

 1.86719e-03  1.53750e-02
 1.27303e-03  1.71697e-02
 1.24238e-03  1.70215e-02
 1.38607e-03  1.70690e-02
 1.27303e-03  1.71697e-02

 2.28212e-03  1.53750e-02
 1.56982e-03  1.69805e-02
 1.55380e-03  1.68300e-02
 1.69216e-03  1.68914e-02
 1.56982e-03  1.69805e-02

 2.69705e-03  1.53750e-02
 1.88610e-03  1.67627e-02
 1.88690e-03  1.66113e-02
 2.01759e-03  1.66877e-02
 1.88610e-03  1.67627e-02

 3.11198e-03  1.53750e-02
 2.21498e-03  1.65262e-02
 2.23585e-03  1.63763e-02
 2.35525e-03  1.64693e-02
 2.21498e-03  1.65262e-02

 3.52691e-03  1.53750e-02
 2.56179e-03  1.62759e-02
 2.60597e-03  1.61312e-02
 2.70926e-03  1.62418e-02
 2.56179e-03  1.62759e-02

 2.09201e-04  1.59450e-02
 2.09201e-04  1.82051e-02
 1.33518e-04  1.80740e-02
 2.84885e-04  1.80740e-02
 2.09201e-04  1.82051e-02

 6.27604e-04  1.59450e-02
 4.83457e-04  1.82393e-02
 4.16143e-04  1.81038e-02
 5.67212e-04  1.81133e-02
 4.83457e-04  1.82393e-02

 1.04601e-03  1.59450e-02
 8.44348e-04  1.81573e-02
 7.80877e-04  1.80199e-02
 9.31619e-04  1.80336e-02
 8.44348e-04  1.81573e-02

 1.46441e-03  1.59450e-02
 1.16529e-03  1.80424e-02
 1.10888e-03  1.79020e-02
 1.25873e-03  1.79233e-02
 1.16529e-03  1.80424e-02

 1.88281e-03  1.59450e-02
 1.50902e-03  1.78702e-02
 1.45971e-03  1.77271e-02
 1.60830e-03  1.77559e-02
 1.50902e-03  1.78702e-02

 2.30122e-03  1.59450e-02
 1.85061e-03  1.76648e-02
 1.81062e-03  1.75188e-02
 1.95705e-03  1.75571e-02
 1.85061e-03  1.76648e-02

 2.71962e-03  1.59450e-02
 2.20442e-03  1.74278e-02
 2.17595e-03  1.72791e-02
 2.31893e-03  1.73288e-02
 2.20442e-03  1.74278e-02

 3.13802e-03  1.59450e-02
 2.56606e-03  1.71705e-02
 2.55291e-03  1.70197e-02
 2.69008e-03  1.70838e-02
 2.56606e-03  1.71705e-02

 3.55642e-03  1.59450e-02
 2.93922e-03  1.68982e-02
 2.94695e-03  1.67470e-02
 3.07400e-03  1.68293e-02
 2.93922e-03  1.68982e-02

 2.10937e-04  1.65150e-02
 2.10937e-04  1.88513e-02
 1.35254e-04  1.87203e-02
 2.86621e-04  1.87203e-02
 2.10938e-04  1.88513e-02

 6.32812e-04  1.65150e-02
 5.83280e-04  1.88881e-02
 5.10349e-04  1.87554e-02
 6.61683e-04  1.87586e-02
 5.83280e-04  1.88881e-02

 1.05469e-03  1.65150e-02
 9.84689e-04  1.88058e-02
 9.13044e-04  1.86724e-02
 1.06434e-03  1.86771e-02
 9.84689e-04  1.88058e-02

 1.47656e-03  1.65150e-02
 1.36975e-03  1.86874e-02
 1.30060e-03  1.85528e-02
 1.45178e-03  1.85602e-02
 1.36975e-03  1.86874e-02

 1.89844e-03  1.65150e-02
 1.76223e-03  1.85087e-02
 1.69566e-03  1.83728e-02
 1.84667e-03  1.83831e-02
 1.76223e-03  1.85087e-02

 2.32031e-03  1.65150e-02
 2.15269e-03  1.82943e-02
 2.08963e-03  1.81567e-02
 2.24033e-03  1.81709e-02
 2.15269e-03  1.82943e-02

 2.74219e-03  1.65150e-02
 2.54732e-03  1.80464e-02
 2.48879e-03  1.79068e-02
 2.63894e-03  1.79259e-02
 2.54732e-03  1.80464e-02

 3.16406e-03  1.65150e-02
 2.94463e-03  1.77766e-02
 2.89253e-03  1.76345e-02
 3.04166e-03  1.76605e-02
 2.94463e-03  1.77766e-02

 3.58594e-03  1.65150e-02
 3.34654e-03  1.74909e-02
 3.30427e-03  1.73456e-02
 3.45128e-03  1.73817e-02
 3.34654e-03  1.74909e-02

 2.12674e-04  1.70850e-02
 2.12674e-04  1.94214e-02
 1.36990e-04  1.92903e-02
 2.88357e-04  1.92903e-02
 2.12674e-04  1.94214e-02

 6.38021e-04  1.70850e-02
 6.85451e-04  1.94581e-02
 6.07163e-04  1.93286e-02
 7.58500e-04  1.93256e-02
 6.85451e-04  1.94581e-02

 1.06337e-03  1.70850e-02
 1.12813e-03  1.93785e-02
 1.04878e-03  1.92496e-02
 1.20008e-03  1.92453e-02
 1.12813e-03  1.93785e-02

 1.48872e-03  1.70850e-02
 1.57941e-03  1.92605e-02
 1.49834e-03  1.91327e-02
 1.64957e-03  1.91264e-02
 1.57941e-03  1.92605e-02

 1.91406e-03  1.70850e-02
 2.02237e-03  1.90815e-02
 1.93969e-03  1.89547e-02
 2.09084e-03  1.89465e-02
 2.02237e-03  1.90815e-02

 2.33941e-03  1.70850e-02
 2.46379e-03  1.88653e-02
 2.37915e-03  1.87398e-02
 2.53015e-03  1.87293e-02
 2.46379e-03  1.88653e-02

 2.76476e-03  1.70850e-02
 2.90121e-03  1.86146e-02
 2.81417e-03  1.84907e-02
 2.96494e-03  1.84773e-02
 2.90121e-03  1.86146e-02

 3.19010e-03  1.70850e-02
 3.33614e-03  1.83411e-02
 3.24582e-03  1.82196e-02
 3.39617e-03  1.82022e-02
 3.33614e-03  1.83411e-02

 3.61545e-03  1.70850e-02
 3.76847e-03  1.80512e-02
 3.67321e-03  1.79335e-02
 3.82271e-03  1.79099e-02
 3.76847e-03  1.80512e-02

 2.14410e-04  1.76550e-02
 2.14410e-04  1.99160e-02
 1.38726e-04  1.97849e-02
 2.90093e-04  1.97849e-02
 2.14410e-04  1.99160e-02

 6.43229e-04  1.76550e-02
 7.85688e-04  1.99505e-02
 7.02030e-04  1.98243e-02
 8.53107e-04  1.98150e-02
 7.85688e-04  1.99505e-02

 1.07205e-03  1.76550e-02
 1.26889e-03  1.98758e-02
 1.18193e-03  1.97519e-02
 1.33271e-03  1.97385e-02
 1.26889e-03  1.98758e-02

 1.50087e-03  1.76550e-02
 1.78586e-03  1.97616e-02
 1.69329e-03  1.96419e-02
 1.84329e-03  1.96216e-02
 1.78586e-03  1.97616e-02

 1.92969e-03  1.76550e-02
 2.27916e-03  1.95881e-02
 2.18137e-03  1.94726e-02
 2.33032e-03  1.94456e-02
 2.27916e-03  1.95881e-02

 2.35851e-03  1.76550e-02
 2.77178e-03  1.93771e-02
 2.66759e-03  1.92673e-02
 2.81478e-03  1.92320e-02
 2.77178e-03  1.93771e-02

 2.78733e-03  1.76550e-02
 3.25246e-03  1.91318e-02
 3.14089e-03  1.90295e-02
 3.28527e-03  1.89840e-02
 3.25246e-03  1.91318e-02

 3.21615e-03  1.76550e-02
 3.72562e-03  1.88635e-02
 3.60495e-03  1.87721e-02
 3.74443e-03  1.87133e-02
 3.72562e-03  1.88635e-02

 3.64497e-03  1.76550e-02
 4.18905e-03  1.85787e-02
 4.05730e-03  1.85042e-02
 4.18773e-03  1.84274e-02
 4.18905e-03  1.85787e-02

 2.16146e-04  1.82250e-02
 2.16146e-04  2.03407e-02
 1.40462e-04  2.02096e-02
 2.91829e-04  2.02096e-02
 2.16146e-04  2.03407e-02

 6.48438e-04  1.82250e-02
 8.80422e-04  2.03706e-02
 7.91086e-04  2.02484e-02
 9.41576e-04  2.02322e-02
 8.80422e-04  2.03706e-02

 1.08073e-03  1.82250e-02
 1.40219e-03  2.03024e-02
 1.30736e-03  2.01845e-02
 1.45694e-03  2.01613e-02
 1.40219e-03  2.03024e-02

 1.51302e-03  1.82250e-02
 1.98199e-03  2.01950e-02
 1.87800e-03  2.00850e-02
 2.02525e-03  2.00499e-02
 1.98199e-03  2.01950e-02

 1.94531e-03  1.82250e-02
 2.52376e-03  2.00319e-02
 2.41171e-03  1.99301e-02
 2.55587e-03  1.98839e-02
 2.52376e-03  2.00319e-02

 2.37760e-03  1.82250e-02
 3.06588e-03  1.98324e-02
 2.94470e-03  1.97417e-02
 3.08385e-03  1.96821e-02
 3.06588e-03  1.98324e-02

 2.80990e-03  1.82250e-02
 3.58860e-03  1.95999e-02
 3.45815e-03  1.95231e-02
 3.58985e-03  1.94485e-02
 3.58860e-03  1.95999e-02

 3.24219e-03  1.82250e-02
 4.09908e-03  1.93450e-02
 3.95931e-03  1.92869e-02
 4.07953e-03  1.91949e-02
 4.09908e-03  1.93450e-02

 3.67448e-03  1.82250e-02
 4.59282e-03  1.90743e-02
 4.44520e-03  1.90409e-02
 4.54797e-03  1.89298e-02
 4.59282e-03  1.90743e-02

 2.17882e-04  1.87950e-02
 2.17882e-04  2.06983e-02
 1.42198e-04  2.05672e-02
 2.93565e-04  2.05672e-02
 2.17882e-04  2.06983e-02

 6.53646e-04  1.87950e-02
 9.65598e-04  2.07213e-02
 8.69932e-04  2.06040e-02
 1.01935e-03  2.05798e-02
 9.65598e-04  2.07213e-02

 1.08941e-03  1.87950e-02
 1.52255e-03  2.06607e-02
 1.41919e-03  2.05502e-02
 1.56663e-03  2.05159e-02
 1.52255e-03  2.06607e-02

 1.52517e-03  1.87950e-02
 2.15952e-03  2.05626e-02
 2.04401e-03  2.04648e-02
 2.18648e-03  2.04136e-02
 2.15952e-03  2.05626e-02

 1.96094e-03  1.87950e-02
 2.74570e-03  2.04147e-02
 2.62043e-03  2.03297e-02
 2.75665e-03  2.02637e-02
 2.74570e-03  2.04147e-02

 2.39670e-03  1.87950e-02
 3.33321e-03  2.02328e-02
 3.19825e-03  2.01643e-02
 3.32508e-03  2.00817e-02
 3.33321e-03  2.02328e-02

 2.83247e-03  1.87950e-02
 3.89461e-03  2.00207e-02
 3.75156e-03  1.99712e-02
 3.86596e-03  1.98721e-02
 3.89461e-03  2.00207e-02

 3.26823e-03  1.87950e-02
 4.43920e-03  1.97877e-02
 4.29027e-03  1.97607e-02
 4.38816e-03  1.96452e-02
 4.43920e-03  1.97877e-02

 3.70399e-03  1.87950e-02
 4.96064e-03  1.95401e-02
 4.80928e-03  1.95384e-02
 4.88649e-03  1.94082e-02
 4.96064e-03  1.95401e-02

 2.19618e-04  1.93650e-02
 2.19618e-04  2.10056e-02
 1.43935e-04  2.08745e-02
 2.95302e-04  2.08745e-02
 2.19618e-04  2.10056e-02

 6.58854e-04  1.93650e-02
 1.03811e-03  2.10188e-02
 9.35042e-04  2.09080e-02
 1.08258e-03  2.08741e-02
 1.03811e-03  2.10188e-02

 1.09809e-03  1.93650e-02
 1.62560e-03  2.09665e-02
 1.51271e-03  2.08656e-02
 1.65648e-03  2.08183e-02
 1.62560e-03  2.09665e-02

 1.53733e-03  1.93650e-02
 2.31149e-03  2.08792e-02
 2.18443e-03  2.07969e-02
 2.31921e-03  2.07280e-02
 2.31149e-03  2.08792e-02

 1.97656e-03  1.93650e-02
 2.93562e-03  2.07499e-02
 2.79877e-03  2.06852e-02
 2.92321e-03  2.05991e-02
 2.93562e-03  2.07499e-02

 2.41580e-03  1.93650e-02
 3.56187e-03  2.05903e-02
 3.41705e-03  2.05463e-02
 3.52760e-03  2.04429e-02
 3.56187e-03  2.05903e-02

 2.85503e-03  1.93650e-02
 4.15596e-03  2.04043e-02
 4.00630e-03  2.03816e-02
 4.10078e-03  2.02633e-02
 4.15596e-03  2.04043e-02

 3.29427e-03  1.93650e-02
 4.72908e-03  2.01999e-02
 4.57771e-03  2.01994e-02
 4.65384e-03  2.00685e-02
 4.72908e-03  2.01999e-02

 3.73351e-03  1.93650e-02
 5.27314e-03  1.99828e-02
 5.12329e-03  2.00043e-02
 5.17966e-03  1.98638e-02
 5.27314e-03  1.99828e-02

 2.21354e-04  1.99350e-02
 2.21354e-04  2.12602e-02
 1.45671e-04  2.11291e-02
 2.97038e-04  2.11291e-02
 2.21354e-04  2.12602e-02

 6.64062e-04  1.99350e-02
 1.09194e-03  2.12619e-02
 9.79677e-04  2.11603e-02
 1.12374e-03  2.11139e-02
 1.09194e-03  2.12619e-02

 1.10677e-03  1.99350e-02
 1.70254e-03  2.12189e-02
 1.57871e-03  2.11318e-02
 1.71602e-03  2.10681e-02
 1.70254e-03  2.12189e-02

 1.54948e-03  1.99350e-02
 2.42461e-03  2.11453e-02
 2.28647e-03  2.10834e-02
 2.40913e-03  2.09947e-02
 2.42461e-03  2.11453e-02

 1.99219e-03  1.99350e-02
 3.07658e-03  2.10392e-02
 2.93073e-03  2.09987e-02
 3.03873e-03  2.08927e-02
 3.07658e-03  2.10392e-02

 2.43490e-03  1.99350e-02
 3.73075e-03  2.09076e-02
 3.58047e-03  2.08894e-02
 3.67134e-03  2.07684e-02
 3.73075e-03  2.09076e-02

 2.87760e-03  1.99350e-02
 4.34798e-03  2.07548e-02
 4.19663e-03  2.07571e-02
 4.27034e-03  2.06249e-02
 4.34798e-03  2.07548e-02

 3.32031e-03  1.99350e-02
 4.94092e-03  2.05868e-02
 4.79106e-03  2.06081e-02
 4.84754e-03  2.04676e-02
 4.94092e-03  2.05868e-02

 3.76302e-03  1.99350e-02
 5.49996e-03  2.04089e-02
 5.35357e-03  2.04474e-02
 5.39341e-03  2.03014e-02
 5.49996e-03  2.04089e-02

 2.23090e-04  2.05050e-02
 2.23090e-04  2.15059e-02
 1.47407e-04  2.13748e-02
 2.98774e-04  2.13748e-02
 2.23090e-04  2.15059e-02

 6.69271e-04  2.05050e-02
 1.12386e-03  2.14927e-02
 1.00030e-03  2.14052e-02
 1.13780e-03  2.13419e-02
 1.12386e-03  2.14927e-02

 1.11545e-03  2.05050e-02
 1.74745e-03  2.14595e-02
 1.61198e-03  2.13920e-02
 1.73819e-03  2.13084e-02
 1.74745e-03  2.14595e-02

 1.56163e-03  2.05050e-02
 2.48913e-03  2.14000e-02
 2.34225e-03  2.13634e-02
 2.44735e-03  2.12545e-02
 2.48913e-03  2.14000e-02

 2.00781e-03  2.05050e-02
 3.15525e-03  2.13183e-02
 3.00454e-03  2.13042e-02
 3.09207e-03  2.11807e-02
 3.15525e-03  2.13183e-02

 2.45399e-03  2.05050e-02
 3.82326e-03  2.12164e-02
 3.67204e-03  2.12231e-02
 3.74183e-03  2.10888e-02
 3.82326e-03  2.12164e-02

 2.90017e-03  2.05050e-02
 4.45093e-03  2.10988e-02
 4.30144e-03  2.11226e-02
 4.35557e-03  2.09812e-02
 4.45093e-03  2.10988e-02

 3.34635e-03  2.05050e-02
 5.05188e-03  2.09696e-02
 4.90551e-03  2.10082e-02
 4.94530e-03  2.08622e-02
 5.05188e-03  2.09696e-02

 3.79253e-03  2.05050e-02
 5.61567e-03  2.08335e-02
 5.47324e-03  2.08848e-02
 5.50009e-03  2.07358e-02
 5.61567e-03  2.08335e-02

 2.24826e-04  2.10750e-02
 2.24826e-04  2.17088e-02
 1.49143e-04  2.15777e-02
 3.00510e-04  2.15777e-02
 2.24826e-04  2.17088e-02

 6.74479e-04  2.10750e-02
 1.11994e-03  2.16854e-02
 9.81525e-04  2.16241e-02
 1.10379e-03  2.15349e-02
 1.11994e-03  2.16854e-02

 1.12413e-03  2.10750e-02
 1.73931e-03  2.16654e-02
 1.59233e-03  2.16292e-02
 1.69714e-03  2.15200e-02
 1.73931e-03  2.16654e-02

 1.57378e-03  2.10750e-02
 2.47502e-03  2.16252e-02
 2.32370e-03  2.16215e-02
 2.40257e-03  2.14923e-02
 2.47502e-03  2.16252e-02

 2.02344e-03  2.10750e-02
 3.13447e-03  2.15735e-02
 2.98389e-03  2.15889e-02
 3.04585e-03  2.14507e-02
 3.13447e-03  2.15735e-02

 2.47309e-03  2.10750e-02
 3.79581e-03  2.15079e-02
 3.64768e-03  2.15391e-02
 3.69477e-03  2.13952e-02
 3.79581e-03  2.15079e-02

 2.92274e-03  2.10750e-02
 4.41643e-03  2.14329e-02
 4.27132e-03  2.14759e-02
 4.30659e-03  2.13287e-02
 4.41643e-03  2.14329e-02

 3.37240e-03  2.10750e-02
 5.01026e-03  2.13505e-02
 4.86844e-03  2.14034e-02
 4.89354e-03  2.12541e-02
 5.01026e-03  2.13505e-02

 3.82205e-03  2.10750e-02
 5.56678e-03  2.12641e-02
 5.42830e-03  2.13252e-02
 5.44461e-03  2.11748e-02
 5.56678e-03  2.12641e-02

 2.26562e-04  2.16450e-02
 2.26562e-04  2.20020e-02
 1.50879e-04  2.18709e-02
 3.02246e-04  2.18709e-02
 2.26563e-04  2.20020e-02

 6.79687e-04  2.16450e-02
 1.07970e-03  2.19650e-02
 9.30054e-04  2.19422e-02
 1.02460e-03  2.18240e-02
 1.07970e-03  2.19650e-02

 1.13281e-03  2.16450e-02
 1.67135e-03  2.19583e-02
 1.51999e-03  2.19578e-02
 1.59611e-03  2.18270e-02
 1.67135e-03  2.19583e-02

 1.58594e-03  2.16450e-02
 2.37289e-03  2.19317e-02
 2.22382e-03  2.19579e-02
 2.27563e-03  2.18157e-02
 2.37289e-03  2.19317e-02

 2.03906e-03  2.16450e-02
 3.00236e-03  2.19033e-02
 2.85614e-03  2.19425e-02
 2.89535e-03  2.17963e-02
 3.00236e-03  2.19033e-02

 2.49219e-03  2.16450e-02
 3.63501e-03  2.18649e-02
 3.49198e-03  2.19145e-02
 3.52058e-03  2.17658e-02
 3.63501e-03  2.18649e-02

 2.94531e-03  2.16450e-02
 4.22966e-03  2.18222e-02
 4.08946e-03  2.18792e-02
 4.11014e-03  2.17293e-02
 4.22966e-03  2.18222e-02

 3.39844e-03  2.16450e-02
 4.80032e-03  2.17749e-02
 4.66281e-03  2.18382e-02
 4.67678e-03  2.16874e-02
 4.80032e-03  2.17749e-02

 3.85156e-03  2.16450e-02
 5.33708e-03  2.17259e-02
 5.20207e-03  2.17943e-02
 5.21030e-03  2.16432e-02
 5.33708e-03  2.17259e-02

 2.28299e-04  2.22150e-02
 2.28299e-04  2.22150e-02
 3.59386e-04  2.21393e-02
 3.59386e-04  2.22907e-02
 2.28299e-04  2.22150e-02

 6.84896e-04  2.22150e-02
 9.48728e-04  2.22150e-02
 8.17641e-04  2.22907e-02
 8.17641e-04  2.21393e-02
 9.48728e-04  2.22150e-02

 1.14149e-03  2.22150e-02
 1.48346e-03  2.22150e-02
 1.35237e-03  2.22907e-02
 1.35237e-03  2.21393e-02
 1.48346e-03  2.22150e-02

 1.59809e-03  2.22150e-02
 2.09740e-03  2.22150e-02
 1.96631e-03  2.22907e-02
 1.96631e-03  2.21393e-02
 2.09740e-03  2.22150e-02

 2.05469e-03  2.22150e-02
 2.66065e-03  2.22150e-02
 2.52956e-03  2.22907e-02
 2.52956e-03  2.21393e-02
 2.66065e-03  2.22150e-02

 2.51128e-03  2.22150e-02
 3.22778e-03  2.22150e-02
 3.09669e-03  2.22907e-02
 3.09669e-03  2.21393e-02
 3.22778e-03  2.22150e-02

 2.96788e-03  2.22150e-02
 3.76945e-03  2.22150e-02
 3.63836e-03  2.22907e-02
 3.63836e-03  2.21393e-02
 3.76945e-03  2.22150e-02

 3.42448e-03  2.22150e-02
 4.29605e-03  2.22150e-02
 4.16496e-03  2.22907e-02
 4.16496e-03  2.21393e-02
 4.29605e-03  2.22150e-02

 3.88108e-03  2.22150e-02
 4.80071e-03  2.22150e-02
 4.66962e-03  2.22907e-02
 4.66962e-03  2.21393e-02
 4.80071e-03  2.22150e-02

 3.76510e-03  1.13850e-02
 2.90640e-03  1.13850e-02
 3.03749e-03  1.13093e-02
 3.03749e-03  1.14607e-02
 2.90640e-03  1.13850e-02

 4.26406e-03  1.13850e-02
 3.35987e-03  1.13850e-02
 3.49096e-03  1.13093e-02
 3.49096e-03  1.14607e-02
 3.35987e-03  1.13850e-02

 4.76302e-03  1.13850e-02
 3.83416e-03  1.13850e-02
 3.96525e-03  1.13093e-02
 3.96525e-03  1.14607e-02
 3.83416e-03  1.13850e-02

 5.26198e-03  1.13850e-02
 4.33024e-03  1.13850e-02
 4.46133e-03  1.13093e-02
 4.46133e-03  1.14607e-02
 4.33024e-03  1.13850e-02

 5.76094e-03  1.13850e-02
 4.84835e-03  1.13850e-02
 4.97943e-03  1.13093e-02
 4.97943e-03  1.14607e-02
 4.84835e-03  1.13850e-02

 6.25990e-03  1.13850e-02
 5.38802e-03  1.13850e-02
 5.51911e-03  1.13093e-02
 5.51911e-03  1.14607e-02
 5.38802e-03  1.13850e-02

 6.75885e-03  1.13850e-02
 5.94828e-03  1.13850e-02
 6.07937e-03  1.13093e-02
 6.07937e-03  1.14607e-02
 5.94828e-03  1.13850e-02

 7.25781e-03  1.13850e-02
 6.52676e-03  1.13850e-02
 6.65784e-03  1.13093e-02
 6.65784e-03  1.14607e-02
 6.52676e-03  1.13850e-02

 7.75677e-03  1.13850e-02
 7.12138e-03  1.13850e-02
 7.25247e-03  1.13093e-02
 7.25247e-03  1.14607e-02
 7.12138e-03  1.13850e-02

 8.25573e-03  1.13850e-02
 7.72599e-03  1.13850e-02
 7.85708e-03  1.13093e-02
 7.85708e-03  1.14607e-02
 7.72599e-03  1.13850e-02

 8.75469e-03  1.13850e-02
 8.34000e-03  1.13850e-02
 8.47108e-03  1.13093e-02
 8.47108e-03  1.14607e-02
 8.34000e-03  1.13850e-02

 9.25365e-03  1.13850e-02
 8.94863e-03  1.13850e-02
 9.07971e-03  1.13093e-02
 9.07971e-03  1.14607e-02
 8.94863e-03  1.13850e-02

 9.75260e-03  1.13850e-02
 9.56436e-03  1.13850e-02
 9.69545e-03  1.13093e-02
 9.69545e-03  1.14607e-02
 9.56436e-03  1.13850e-02

 1.02516e-02  1.13850e-02
 1.01424e-02  1.13850e-02
 1.02735e-02  1.13093e-02
 1.02735e-02  1.14607e-02
 1.01424e-02  1.13850e-02

 1.07505e-02  1.13850e-02
 1.07505e-02  1.13850e-02
 1.06194e-02  1.14607e-02
 1.06194e-02  1.13093e-02
 1.07505e-02  1.13850e-02

 3.79531e-03  1.19550e-02
 2.39312e-03  1.20934e-02
 2.51614e-03  1.20052e-02
 2.53101e-03  1.21559e-02
 2.39312e-03  1.20934e-02

 4.29219e-03  1.19550e-02
 2.82226e-03  1.20478e-02
 2.94832e-03  1.19640e-02
 2.95786e-03  1.21150e-02
 2.82226e-03  1.20478e-02

 4.78906e-03  1.19550e-02
 3.28606e-03  1.20001e-02
 3.41482e-03  1.19206e-02
 3.41937e-03  1.20719e-02
 3.28606e-03  1.20001e-02

 5.28594e-03  1.19550e-02
 3.78498e-03  1.19515e-02
 3.91625e-03  1.18761e-02
 3.91589e-03  1.20274e-02
 3.78498e-03  1.19515e-02

 5.78281e-03  1.19550e-02
 4.31909e-03  1.19029e-02
 4.45279e-03  1.18319e-02
 4.44741e-03  1.19832e-02
 4.31909e-03  1.19029e-02

 6.27969e-03  1.19550e-02
 4.88741e-03  1.18560e-02
 5.02354e-03  1.17898e-02
 5.01280e-03  1.19408e-02
 4.88741e-03  1.18560e-02

 6.77656e-03  1.19550e-02
 5.48805e-03  1.18124e-02
 5.62667e-03  1.17516e-02
 5.61002e-03  1.19021e-02
 5.48805e-03  1.18124e-02

 7.27344e-03  1.19550e-02
 6.11699e-03  1.17743e-02
 6.25819e-03  1.17198e-02
 6.23483e-03  1.18693e-02
 6.11699e-03  1.17743e-02

 7.77031e-03  1.19550e-02
 6.77084e-03  1.17437e-02
 6.91474e-03  1.16968e-02
 6.88343e-03  1.18448e-02
 6.77084e-03  1.17437e-02

 8.26719e-03  1.19550e-02
 7.44019e-03  1.17229e-02
 7.58686e-03  1.16855e-02
 7.54596e-03  1.18312e-02
 7.44019e-03  1.17229e-02

 8.76406e-03  1.19550e-02
 8.12288e-03  1.17133e-02
 8.27224e-03  1.16887e-02
 8.21884e-03  1.18303e-02
 8.12288e-03  1.17133e-02

 9.26094e-03  1.19550e-02
 8.79739e-03  1.17175e-02
 8.94857e-03  1.17099e-02
 8.87954e-03  1.18446e-02
 8.79739e-03  1.17175e-02

 9.75781e-03  1.19550e-02
 9.47773e-03  1.17340e-02
 9.62752e-03  1.17558e-02
 9.53377e-03  1.18747e-02
 9.47773e-03  1.17340e-02

 1.02547e-02  1.19550e-02
 1.01022e-02  1.17694e-02
 1.02439e-02  1.18227e-02
 1.01269e-02  1.19188e-02
 1.01022e-02  1.17694e-02

 1.07516e-02  1.19550e-02
 1.07516e-02  1.18233e-02
 1.08272e-02  1.19544e-02
 1.06759e-02  1.19544e-02
 1.07516e-02  1.18233e-02

 3.82552e-03  1.25250e-02
 2.14694e-03  1.27393e-02
 2.26739e-03  1.26476e-02
 2.28655e-03  1.27978e-02
 2.14694e-03  1.27393e-02

 4.32031e-03  1.25250e-02
 2.56953e-03  1.26554e-02
 2.69463e-03  1.25702e-02
 2.70587e-03  1.27211e-02
 2.56953e-03  1.26554e-02

 4.81510e-03  1.25250e-02
 3.03344e-03  1.25690e-02
 3.16262e-03  1.24901e-02
 3.16636e-03  1.26414e-02
 3.03344e-03  1.25690e-02

 5.30990e-03  1.25250e-02
 3.53868e-03  1.24818e-02
 3.67157e-03  1.24093e-02
 3.66788e-03  1.25607e-02
 3.53868e-03  1.24818e-02

 5.80469e-03  1.25250e-02
 4.08470e-03  1.23958e-02
 4.22109e-03  1.23301e-02
 4.20976e-03  1.24811e-02
 4.08470e-03  1.23958e-02

 6.29948e-03  1.25250e-02
 4.66964e-03  1.23135e-02
 4.80937e-03  1.22553e-02
 4.78989e-03  1.24054e-02
 4.66964e-03  1.23135e-02

 6.79427e-03  1.25250e-02
 5.29097e-03  1.22379e-02
 5.43393e-03  1.21882e-02
 5.40554e-03  1.23369e-02
 5.29097e-03  1.22379e-02

 7.28906e-03  1.25250e-02
 5.94386e-03  1.21725e-02
 6.08985e-03  1.21325e-02
 6.05149e-03  1.22790e-02
 5.94386e-03  1.21725e-02

 7.78385e-03  1.25250e-02
 6.62408e-03  1.21209e-02
 6.77277e-03  1.20926e-02
 6.72297e-03  1.22355e-02
 6.62408e-03  1.21209e-02

 8.27865e-03  1.25250e-02
 7.32133e-03  1.20870e-02
 7.47202e-03  1.20727e-02
 7.40904e-03  1.22103e-02
 7.32133e-03  1.20870e-02

 8.77344e-03  1.25250e-02
 8.03270e-03  1.20740e-02
 8.18403e-03  1.20775e-02
 8.10531e-03  1.22068e-02
 8.03270e-03  1.20740e-02

 9.26823e-03  1.25250e-02
 8.73468e-03  1.20858e-02
 8.88399e-03  1.21107e-02
 8.78779e-03  1.22276e-02
 8.73468e-03  1.20858e-02

 9.76302e-03  1.25250e-02
 9.44105e-03  1.21243e-02
 9.58215e-03  1.21791e-02
 9.46416e-03  1.22739e-02
 9.44105e-03  1.21243e-02

 1.02578e-02  1.25250e-02
 1.00839e-02  1.21956e-02
 1.02120e-02  1.22762e-02
 1.00782e-02  1.23468e-02
 1.00839e-02  1.21956e-02

 1.07526e-02  1.25250e-02
 1.07526e-02  1.23063e-02
 1.08283e-02  1.24374e-02
 1.06769e-02  1.24374e-02
 1.07526e-02  1.23063e-02

 3.85573e-03  1.30950e-02
 2.06748e-03  1.34263e-02
 2.18259e-03  1.33280e-02
 2.21016e-03  1.34768e-02
 2.06748e-03  1.34263e-02

 4.34844e-03  1.30950e-02
 2.48965e-03  1.32889e-02
 2.61218e-03  1.32000e-02
 2.62788e-03  1.33505e-02
 2.48965e-03  1.32889e-02

 4.84115e-03  1.30950e-02
 2.95564e-03  1.31485e-02
 3.08453e-03  1.30692e-02
 3.08883e-03  1.32205e-02
 2.95564e-03  1.31485e-02

 5.33385e-03  1.30950e-02
 3.46493e-03  1.30080e-02
 3.59939e-03  1.29385e-02
 3.59235e-03  1.30897e-02
 3.46493e-03  1.30080e-02

 5.82656e-03  1.30950e-02
 4.01644e-03  1.28704e-02
 4.15585e-03  1.28115e-02
 4.13721e-03  1.29617e-02
 4.01644e-03  1.28704e-02

 6.31927e-03  1.30950e-02
 4.60792e-03  1.27397e-02
 4.75165e-03  1.26922e-02
 4.72088e-03  1.28404e-02
 4.60792e-03  1.27397e-02

 6.81198e-03  1.30950e-02
 5.23663e-03  1.26203e-02
 5.38398e-03  1.25857e-02
 5.34031e-03  1.27306e-02
 5.23663e-03  1.26203e-02

 7.30469e-03  1.30950e-02
 5.89735e-03  1.25175e-02
 6.04736e-03  1.24973e-02
 5.98990e-03  1.26373e-02
 5.89735e-03  1.25175e-02

 7.79740e-03  1.30950e-02
 6.58578e-03  1.24369e-02
 6.73709e-03  1.24330e-02
 6.66485e-03  1.25660e-02
 6.58578e-03  1.24369e-02

 8.29010e-03  1.30950e-02
 7.29154e-03  1.23843e-02
 7.44222e-03  1.23987e-02
 7.35446e-03  1.25220e-02
 7.29154e-03  1.23843e-02

 8.78281e-03  1.30950e-02
 8.01145e-03  1.23655e-02
 8.15869e-03  1.24006e-02
 8.05469e-03  1.25106e-02
 8.01145e-03  1.23655e-02

 9.27552e-03  1.30950e-02
 8.72152e-03  1.23861e-02
 8.86187e-03  1.24427e-02
 8.74260e-03  1.25359e-02
 8.72152e-03  1.23861e-02

 9.76823e-03  1.30950e-02
 9.43502e-03  1.24508e-02
 9.56247e-03  1.25324e-02
 9.42802e-03  1.26020e-02
 9.43502e-03  1.24508e-02

 1.02609e-02  1.30950e-02
 1.00827e-02  1.25664e-02
 1.01963e-02  1.26665e-02
 1.00529e-02  1.27148e-02
 1.00827e-02  1.25664e-02

 1.07536e-02  1.30950e-02
 1.07536e-02  1.27491e-02
 1.08293e-02  1.28802e-02
 1.06780e-02  1.28802e-02
 1.07536e-02  1.27491e-02

 3.88594e-03  1.36650e-02
 2.14166e-03  1.40846e-02
 2.25141e-03  1.39804e-02
 2.28681e-03  1.41275e-02
 2.14166e-03  1.40846e-02

 4.37656e-03  1.36650e-02
 2.56833e-03  1.38983e-02
 2.68866e-03  1.38065e-02
 2.70803e-03  1.39566e-02
 2.56833e-03  1.38983e-02

 4.86719e-03  1.36650e-02
 3.03731e-03  1.37096e-02
 3.16652e-03  1.36307e-02
 3.17020e-03  1.37821e-02
 3.03731e-03  1.37096e-02

 5.35781e-03  1.36650e-02
 3.54746e-03  1.35220e-02
 3.68410e-03  1.34569e-02
 3.67219e-03  1.36078e-02
 3.54746e-03  1.35220e-02

 5.84844e-03  1.36650e-02
 4.09765e-03  1.33396e-02
 4.24036e-03  1.32892e-02
 4.21270e-03  1.34380e-02
 4.09765e-03  1.33396e-02

 6.33906e-03  1.36650e-02
 4.68538e-03  1.31673e-02
 4.83272e-03  1.31326e-02
 4.78909e-03  1.32775e-02
 4.68538e-03  1.31673e-02

 6.82969e-03  1.36650e-02
 5.30792e-03  1.30106e-02
 5.45824e-03  1.29928e-02
 5.39844e-03  1.31319e-02
 5.30792e-03  1.30106e-02

 7.32031e-03  1.36650e-02
 5.96058e-03  1.28761e-02
 6.11195e-03  1.28764e-02
 6.03599e-03  1.30073e-02
 5.96058e-03  1.28761e-02

 7.81094e-03  1.36650e-02
 6.63943e-03  1.27711e-02
 6.78956e-03  1.27905e-02
 6.69774e-03  1.29108e-02
 6.63943e-03  1.27711e-02

 8.30156e-03  1.36650e-02
 7.33471e-03  1.27032e-02
 7.48102e-03  1.27420e-02
 7.37427e-03  1.28493e-02
 7.33471e-03  1.27032e-02

 8.79219e-03  1.36650e-02
 8.04384e-03  1.26805e-02
 8.18342e-03  1.27391e-02
 8.06291e-03  1.28307e-02
 8.04384e-03  1.26805e-02

 9.28281e-03  1.36650e-02
 8.74398e-03  1.27105e-02
 8.87433e-03  1.27874e-02
 8.74251e-03  1.28618e-02
 8.74398e-03  1.27105e-02

 9.77344e-03  1.36650e-02
 9.44827e-03  1.28013e-02
 9.56529e-03  1.28973e-02
 9.42363e-03  1.29506e-02
 9.44827e-03  1.28013e-02

 1.02641e-02  1.36650e-02
 1.00889e-02  1.29598e-02
 1.01939e-02  1.30688e-02
 1.00470e-02  1.31053e-02
 1.00889e-02  1.29598e-02

 1.07547e-02  1.36650e-02
 1.07547e-02  1.32090e-02
 1.08304e-02  1.33401e-02
 1.06790e-02  1.33401e-02
 1.07547e-02  1.32090e-02

 3.91615e-03  1.42350e-02
 2.32899e-03  1.47405e-02
 2.43092e-03  1.46286e-02
 2.47686e-03  1.47729e-02
 2.32899e-03  1.47405e-02

 4.40469e-03  1.42350e-02
 2.76167e-03  1.45063e-02
 2.87868e-03  1.44103e-02
 2.90334e-03  1.45597e-02
 2.76167e-03  1.45063e-02

 4.89323e-03  1.42350e-02
 3.23228e-03  1.42706e-02
 3.36172e-03  1.41921e-02
 3.36496e-03  1.43434e-02
 3.23228e-03  1.42706e-02

 5.38177e-03  1.42350e-02
 3.73967e-03  1.40374e-02
 3.87886e-03  1.39780e-02
 3.86078e-03  1.41282e-02
 3.73967e-03  1.40374e-02

 5.87031e-03  1.42350e-02
 4.28240e-03  1.38118e-02
 4.42856e-03  1.37724e-02
 4.38957e-03  1.39186e-02
 4.28240e-03  1.38118e-02

 6.35885e-03  1.42350e-02
 4.85828e-03  1.35992e-02
 5.00850e-03  1.35806e-02
 4.94945e-03  1.37200e-02
 4.85828e-03  1.35992e-02

 6.84740e-03  1.42350e-02
 5.46496e-03  1.34063e-02
 5.61631e-03  1.34088e-02
 5.53849e-03  1.35387e-02
 5.46496e-03  1.34063e-02

 7.33594e-03  1.42350e-02
 6.09836e-03  1.32410e-02
 6.24796e-03  1.32641e-02
 6.15317e-03  1.33821e-02
 6.09836e-03  1.32410e-02

 7.82448e-03  1.42350e-02
 6.75530e-03  1.31118e-02
 6.90050e-03  1.31545e-02
 6.79086e-03  1.32589e-02
 6.75530e-03  1.31118e-02

 8.31302e-03  1.42350e-02
 7.42752e-03  1.30281e-02
 7.56609e-03  1.30890e-02
 7.44405e-03  1.31785e-02
 7.42752e-03  1.30281e-02

 8.80156e-03  1.42350e-02
 8.11321e-03  1.30003e-02
 8.24315e-03  1.30779e-02
 8.11094e-03  1.31516e-02
 8.11321e-03  1.30003e-02

 9.29010e-03  1.42350e-02
 8.79177e-03  1.30378e-02
 8.91202e-03  1.31297e-02
 8.77228e-03  1.31879e-02
 8.79177e-03  1.30378e-02

 9.77865e-03  1.42350e-02
 9.47603e-03  1.31520e-02
 9.58420e-03  1.32579e-02
 9.43841e-03  1.32987e-02
 9.47603e-03  1.31520e-02

 1.02672e-02  1.42350e-02
 1.01029e-02  1.33501e-02
 1.02012e-02  1.34652e-02
 1.00524e-02  1.34928e-02
 1.01029e-02  1.33501e-02

 1.07557e-02  1.42350e-02
 1.07557e-02  1.36643e-02
 1.08314e-02  1.37954e-02
 1.06800e-02  1.37954e-02
 1.07557e-02  1.36643e-02

 3.94635e-03  1.48050e-02
 2.60880e-03  1.53756e-02
 2.69968e-03  1.52546e-02
 2.75907e-03  1.53938e-02
 2.60880e-03  1.53756e-02

 4.43281e-03  1.48050e-02
 3.04894e-03  1.51015e-02
 3.16127e-03  1.50000e-02
 3.19297e-03  1.51480e-02
 3.04894e-03  1.51015e-02

 4.91927e-03  1.48050e-02
 3.52049e-03  1.48267e-02
 3.65039e-03  1.47490e-02
 3.65274e-03  1.49004e-02
 3.52049e-03  1.48267e-02

 5.40573e-03  1.48050e-02
 4.02231e-03  1.45562e-02
 4.16472e-03  1.45050e-02
 4.13794e-03  1.46539e-02
 4.02231e-03  1.45562e-02

 5.89219e-03  1.48050e-02
 4.55312e-03  1.42953e-02
 4.70256e-03  1.42712e-02
 4.64871e-03  1.44127e-02
 4.55312e-03  1.42953e-02

 6.37865e-03  1.48050e-02
 5.11117e-03  1.40500e-02
 5.26253e-03  1.40521e-02
 5.18507e-03  1.41821e-02
 5.11117e-03  1.40500e-02

 6.86510e-03  1.48050e-02
 5.69451e-03  1.38278e-02
 5.84364e-03  1.38537e-02
 5.74664e-03  1.39699e-02
 5.69451e-03  1.38278e-02

 7.35156e-03  1.48050e-02
 6.30002e-03  1.36369e-02
 6.44397e-03  1.36837e-02
 6.33147e-03  1.37850e-02
 6.30002e-03  1.36369e-02

 7.83802e-03  1.48050e-02
 6.92543e-03  1.34875e-02
 7.06229e-03  1.35522e-02
 6.93786e-03  1.36384e-02
 6.92543e-03  1.34875e-02

 8.32448e-03  1.48050e-02
 7.56424e-03  1.33900e-02
 7.69295e-03  1.34697e-02
 7.55961e-03  1.35413e-02
 7.56424e-03  1.33900e-02

 8.81094e-03  1.48050e-02
 8.21573e-03  1.33569e-02
 8.33557e-03  1.34494e-02
 8.19557e-03  1.35070e-02
 8.21573e-03  1.33569e-02

 9.29740e-03  1.48050e-02
 8.86269e-03  1.33993e-02
 8.97372e-03  1.35021e-02
 8.82911e-03  1.35469e-02
 8.86269e-03  1.33993e-02

 9.78385e-03  1.48050e-02
 9.51717e-03  1.35322e-02
 9.61813e-03  1.36450e-02
 9.46998e-03  1.36761e-02
 9.51717e-03  1.35322e-02

 1.02703e-02  1.48050e-02
 1.01235e-02  1.37628e-02
 1.02167e-02  1.38820e-02
 1.00668e-02  1.39031e-02
 1.01235e-02  1.37628e-02

 1.07568e-02  1.48050e-02
 1.07568e-02  1.41330e-02
 1.08325e-02  1.42641e-02
 1.06811e-02  1.42641e-02
 1.07568e-02  1.41330e-02

 3.97656e-03  1.53750e-02
 2.95590e-03  1.59960e-02
 3.02854e-03  1.58632e-02
 3.10722e-03  1.59925e-02
 2.95590e-03  1.59960e-02

 4.46094e-03  1.53750e-02
 3.40440e-03  1.56899e-02
 3.50841e-03  1.55799e-02
 3.55164e-03  1.57250e-02
 3.40440e-03  1.56899e-02

 4.94531e-03  1.53750e-02
 3.87651e-03  1.53841e-02
 4.00695e-03  1.53073e-02
 4.00824e-03  1.54587e-02
 3.87651e-03  1.53841e-02

 5.42969e-03  1.53750e-02
 4.37125e-03  1.50840e-02
 4.51772e-03  1.50458e-02
 4.47759e-03  1.51917e-02
 4.37125e-03  1.50840e-02

 5.91406e-03  1.53750e-02
 4.88764e-03  1.47951e-02
 5.03900e-03  1.47937e-02
 4.96455e-03  1.49255e-02
 4.88764e-03  1.47951e-02

 6.39844e-03  1.53750e-02
 5.42424e-03  1.45239e-02
 5.57275e-03  1.45532e-02
 5.47317e-03  1.46672e-02
 5.42424e-03  1.45239e-02

 6.88281e-03  1.53750e-02
 5.97968e-03  1.42782e-02
 6.12143e-03  1.43313e-02
 6.00458e-03  1.44275e-02
 5.97968e-03  1.42782e-02

 7.36719e-03  1.53750e-02
 6.55185e-03  1.40667e-02
 6.68541e-03  1.41380e-02
 6.55695e-03  1.42180e-02
 6.55185e-03  1.40667e-02

 7.85156e-03  1.53750e-02
 7.13940e-03  1.39004e-02
 7.26456e-03  1.39855e-02
 7.12825e-03  1.40513e-02
 7.13940e-03  1.39004e-02

 8.33594e-03  1.53750e-02
 7.73788e-03  1.37905e-02
 7.85498e-03  1.38864e-02
 7.71336e-03  1.39399e-02
 7.73788e-03  1.37905e-02

 8.82031e-03  1.53750e-02
 8.34748e-03  1.37514e-02
 8.45680e-03  1.38561e-02
 8.31147e-03  1.38984e-02
 8.34748e-03  1.37514e-02

 9.30469e-03  1.53750e-02
 8.95525e-03  1.37952e-02
 9.05746e-03  1.39068e-02
 8.90966e-03  1.39395e-02
 8.95525e-03  1.37952e-02

 9.78906e-03  1.53750e-02
 9.57181e-03  1.39409e-02
 9.66627e-03  1.40592e-02
 9.51661e-03  1.40819e-02
 9.57181e-03  1.39409e-02

 1.02734e-02  1.53750e-02
 1.01520e-02  1.41959e-02
 1.02407e-02  1.43185e-02
 1.00901e-02  1.43340e-02
 1.01520e-02  1.41959e-02

 1.07578e-02  1.53750e-02
 1.07578e-02  1.46129e-02
 1.08335e-02  1.47440e-02
 1.06821e-02  1.47440e-02
 1.07578e-02  1.46129e-02

 4.00677e-03  1.59450e-02
 3.35269e-03  1.65960e-02
 3.39221e-03  1.64499e-02
 3.49899e-03  1.65572e-02
 3.35269e-03  1.65960e-02

 4.48906e-03  1.59450e-02
 3.81077e-03  1.62681e-02
 3.89657e-03  1.61434e-02
 3.96167e-03  1.62801e-02
 3.81077e-03  1.62681e-02

 4.97135e-03  1.59450e-02
 4.28393e-03  1.59415e-02
 4.41540e-03  1.58665e-02
 4.41463e-03  1.60178e-02
 4.28393e-03  1.59415e-02

 5.45365e-03  1.59450e-02
 4.77140e-03  1.56216e-02
 4.92228e-03  1.56093e-02
 4.85744e-03  1.57461e-02
 4.77140e-03  1.56216e-02

 5.93594e-03  1.59450e-02
 5.27237e-03  1.53143e-02
 5.41952e-03  1.53497e-02
 5.31524e-03  1.54594e-02
 5.27237e-03  1.53143e-02

 6.41823e-03  1.59450e-02
 5.78581e-03  1.50261e-02
 5.92247e-03  1.50911e-02
 5.79778e-03  1.51769e-02
 5.78581e-03  1.50261e-02

 6.90052e-03  1.59450e-02
 6.31089e-03  1.47649e-02
 6.43718e-03  1.48483e-02
 6.30177e-03  1.49160e-02
 6.31089e-03  1.47649e-02

 7.38281e-03  1.59450e-02
 6.84638e-03  1.45396e-02
 6.96384e-03  1.46350e-02
 6.82242e-03  1.46890e-02
 6.84638e-03  1.45396e-02

 7.86510e-03  1.59450e-02
 7.39189e-03  1.43613e-02
 7.50193e-03  1.44653e-02
 7.35690e-03  1.45086e-02
 7.39189e-03  1.43613e-02

 8.34740e-03  1.59450e-02
 7.94499e-03  1.42420e-02
 8.04879e-03  1.43522e-02
 7.90148e-03  1.43870e-02
 7.94499e-03  1.42420e-02

 8.82969e-03  1.59450e-02
 8.50668e-03  1.41972e-02
 8.60492e-03  1.43124e-02
 8.45608e-03  1.43399e-02
 8.50668e-03  1.41972e-02

 9.31198e-03  1.59450e-02
 9.06891e-03  1.42398e-02
 9.16234e-03  1.43589e-02
 9.01249e-03  1.43802e-02
 9.06891e-03  1.42398e-02

 9.79427e-03  1.59450e-02
 9.64007e-03  1.43923e-02
 9.72833e-03  1.45152e-02
 9.57771e-03  1.45302e-02
 9.64007e-03  1.43923e-02

 1.02766e-02  1.59450e-02
 1.01883e-02  1.46619e-02
 1.02728e-02  1.47875e-02
 1.01218e-02  1.47979e-02
 1.01883e-02  1.46619e-02

 1.07589e-02  1.59450e-02
 1.07589e-02  1.51129e-02
 1.08345e-02  1.52440e-02
 1.06832e-02  1.52440e-02
 1.07589e-02  1.51129e-02

 4.03698e-03  1.65150e-02
 3.78106e-03  1.71761e-02
 3.75780e-03  1.70265e-02
 3.89896e-03  1.70812e-02
 3.78106e-03  1.71761e-02

 4.51719e-03  1.65150e-02
 4.24999e-03  1.68368e-02
 4.27549e-03  1.66876e-02
 4.39195e-03  1.67843e-02
 4.24999e-03  1.68368e-02

 4.99740e-03  1.65150e-02
 4.72510e-03  1.64995e-02
 4.86027e-03  1.64314e-02
 4.85168e-03  1.65825e-02
 4.72510e-03  1.64995e-02

 5.47760e-03  1.65150e-02
 5.20582e-03  1.61699e-02
 5.34638e-03  1.62260e-02
 5.22746e-03  1.63197e-02
 5.20582e-03  1.61699e-02

 5.95781e-03  1.65150e-02
 5.69153e-03  1.58537e-02
 5.81070e-03  1.59471e-02
 5.67029e-03  1.60036e-02
 5.69153e-03  1.58537e-02

 6.43802e-03  1.65150e-02
 6.18155e-03  1.55576e-02
 6.28858e-03  1.56646e-02
 6.14237e-03  1.57038e-02
 6.18155e-03  1.55576e-02

 6.91823e-03  1.65150e-02
 6.67547e-03  1.52892e-02
 6.77518e-03  1.54030e-02
 6.62670e-03  1.54324e-02
 6.67547e-03  1.52892e-02

 7.39844e-03  1.65150e-02
 7.17295e-03  1.50573e-02
 7.26779e-03  1.51752e-02
 7.11820e-03  1.51984e-02
 7.17295e-03  1.50573e-02

 7.87865e-03  1.65150e-02
 7.67426e-03  1.48730e-02
 7.76555e-03  1.49937e-02
 7.61534e-03  1.50124e-02
 7.67426e-03  1.48730e-02

 8.35885e-03  1.65150e-02
 8.17910e-03  1.47480e-02
 8.26766e-03  1.48708e-02
 8.11707e-03  1.48861e-02
 8.17910e-03  1.47480e-02

 8.83906e-03  1.65150e-02
 8.68894e-03  1.46985e-02
 8.77516e-03  1.48229e-02
 8.62431e-03  1.48354e-02
 8.68894e-03  1.46985e-02

 9.31927e-03  1.65150e-02
 9.20111e-03  1.47379e-02
 9.28532e-03  1.48637e-02
 9.13429e-03  1.48737e-02
 9.20111e-03  1.47379e-02

 9.79948e-03  1.65150e-02
 9.72084e-03  1.48912e-02
 9.80278e-03  1.50185e-02
 9.65159e-03  1.50258e-02
 9.72084e-03  1.48912e-02

 1.02797e-02  1.65150e-02
 1.02324e-02  1.51661e-02
 1.03127e-02  1.52945e-02
 1.01614e-02  1.52997e-02
 1.02324e-02  1.51661e-02

 1.07599e-02  1.65150e-02
 1.07599e-02  1.56366e-02
 1.08356e-02  1.57677e-02
 1.06842e-02  1.57677e-02
 1.07599e-02  1.56366e-02

 4.06719e-03  1.70850e-02
 4.22528e-03  1.77338e-02
 4.12072e-03  1.76243e-02
 4.26778e-03  1.75885e-02
 4.22528e-03  1.77338e-02

 4.54531e-03  1.70850e-02
 4.70609e-03  1.73940e-02
 4.57845e-03  1.73126e-02
 4.71273e-03  1.72428e-02
 4.70609e-03  1.73940e-02

 5.02344e-03  1.70850e-02
 5.18416e-03  1.70568e-02
 5.06814e-03  1.71540e-02
 5.04196e-03  1.70049e-02
 5.18416e-03  1.70568e-02

 5.50156e-03  1.70850e-02
 5.65899e-03  1.67279e-02
 5.67537e-03  1.68784e-02
 5.53686e-03  1.68173e-02
 5.65899e-03  1.67279e-02

 5.97969e-03  1.70850e-02
 6.13015e-03  1.64132e-02
 6.17535e-03  1.65576e-02
 6.02764e-03  1.65245e-02
 6.13015e-03  1.64132e-02

 6.45781e-03  1.70850e-02
 6.59727e-03  1.61189e-02
 6.65345e-03  1.62595e-02
 6.50364e-03  1.62378e-02
 6.59727e-03  1.61189e-02

 6.93594e-03  1.70850e-02
 7.06029e-03  1.58524e-02
 7.12243e-03  1.59904e-02
 6.97183e-03  1.59752e-02
 7.06029e-03  1.58524e-02

 7.41406e-03  1.70850e-02
 7.51966e-03  1.56220e-02
 7.58571e-03  1.57582e-02
 7.43473e-03  1.57473e-02
 7.51966e-03  1.56220e-02

 7.89219e-03  1.70850e-02
 7.97619e-03  1.54384e-02
 8.04510e-03  1.55731e-02
 7.89392e-03  1.55654e-02
 7.97619e-03  1.54384e-02

 8.37031e-03  1.70850e-02
 8.43164e-03  1.53126e-02
 8.50274e-03  1.54462e-02
 8.35147e-03  1.54410e-02
 8.43164e-03  1.53126e-02

 8.84844e-03  1.70850e-02
 8.88764e-03  1.52607e-02
 8.96049e-03  1.53934e-02
 8.80916e-03  1.53902e-02
 8.88764e-03  1.52607e-02

 9.32656e-03  1.70850e-02
 9.34712e-03  1.52960e-02
 9.42130e-03  1.54279e-02
 9.26994e-03  1.54262e-02
 9.34712e-03  1.52960e-02

 9.80469e-03  1.70850e-02
 9.81138e-03  1.54452e-02
 9.88653e-03  1.55766e-02
 9.73516e-03  1.55759e-02
 9.81138e-03  1.54452e-02

 1.02828e-02  1.70850e-02
 1.02827e-02  1.57160e-02
 1.03584e-02  1.58470e-02
 1.02070e-02  1.58471e-02
 1.02827e-02  1.57160e-02

 1.07609e-02  1.70850e-02
 1.07609e-02  1.61897e-02
 1.08366e-02  1.63208e-02
 1.06853e-02  1.63208e-02
 1.07609e-02  1.61897e-02

 4.09740e-03  1.76550e-02
 4.66852e-03  1.82688e-02
 4.52382e-03  1.82244e-02
 4.63463e-03  1.81213e-02
 4.66852e-03  1.82688e-02

 4.57344e-03  1.76550e-02
 5.16157e-03  1.79393e-02
 5.01061e-03  1.79504e-02
 5.07649e-03  1.78141e-02
 5.16157e-03  1.79393e-02

 5.04948e-03  1.76550e-02
 5.64310e-03  1.76129e-02
 5.51770e-03  1.76977e-02
 5.50699e-03  1.75467e-02
 5.64310e-03  1.76129e-02

 5.52552e-03  1.76550e-02
 6.11272e-03  1.72954e-02
 6.04046e-03  1.74284e-02
 5.96140e-03  1.72993e-02
 6.11272e-03  1.72954e-02

 6.00156e-03  1.76550e-02
 6.57010e-03  1.69924e-02
 6.54218e-03  1.71411e-02
 6.42731e-03  1.70426e-02
 6.57010e-03  1.69924e-02

 6.47760e-03  1.76550e-02
 7.01522e-03  1.67098e-02
 7.01620e-03  1.68612e-02
 6.88463e-03  1.67863e-02
 7.01522e-03  1.67098e-02

 6.95365e-03  1.76550e-02
 7.44831e-03  1.64545e-02
 7.46834e-03  1.66045e-02
 7.32839e-03  1.65469e-02
 7.44831e-03  1.64545e-02

 7.42969e-03  1.76550e-02
 7.87060e-03  1.62340e-02
 7.90403e-03  1.63817e-02
 7.75946e-03  1.63368e-02
 7.87060e-03  1.62340e-02

 7.90573e-03  1.76550e-02
 8.28334e-03  1.60580e-02
 8.32683e-03  1.62030e-02
 8.17953e-03  1.61682e-02
 8.28334e-03  1.60580e-02

 8.38177e-03  1.76550e-02
 8.69023e-03  1.59368e-02
 8.74156e-03  1.60792e-02
 8.59257e-03  1.60525e-02
 8.69023e-03  1.59368e-02

 8.85781e-03  1.76550e-02
 9.09280e-03  1.58857e-02
 9.15057e-03  1.60257e-02
 9.00052e-03  1.60057e-02
 9.09280e-03  1.58857e-02

 9.33385e-03  1.76550e-02
 9.49946e-03  1.59172e-02
 9.56237e-03  1.60548e-02
 9.41169e-03  1.60405e-02
 9.49946e-03  1.59172e-02

 9.80990e-03  1.76550e-02
 9.90702e-03  1.60580e-02
 9.97461e-03  1.61934e-02
 9.82352e-03  1.61843e-02
 9.90702e-03  1.60580e-02

 1.02859e-02  1.76550e-02
 1.03367e-02  1.63162e-02
 1.04073e-02  1.64500e-02
 1.02561e-02  1.64443e-02
 1.03367e-02  1.63162e-02

 1.07620e-02  1.76550e-02
 1.07620e-02  1.67757e-02
 1.08377e-02  1.69068e-02
 1.06863e-02  1.69068e-02
 1.07620e-02  1.67757e-02

 4.12760e-03  1.82250e-02
 5.09393e-03  1.87815e-02
 4.94256e-03  1.87817e-02
 5.01811e-03  1.86505e-02
 5.09393e-03  1.87815e-02

 4.60156e-03  1.82250e-02
 5.59839e-03  1.84725e-02
 5.45293e-03  1.85144e-02
 5.48941e-03  1.83675e-02
 5.59839e-03  1.84725e-02

 5.07552e-03  1.82250e-02
 6.08302e-03  1.81672e-02
 5.95648e-03  1.82502e-02
 5.94781e-03  1.80991e-02
 6.08302e-03  1.81672e-02

 5.54948e-03  1.82250e-02
 6.54737e-03  1.78711e-02
 6.44912e-03  1.79862e-02
 6.39852e-03  1.78436e-02
 6.54737e-03  1.78711e-02

 6.02344e-03  1.82250e-02
 6.99143e-03  1.75897e-02
 6.92337e-03  1.77249e-02
 6.84031e-03  1.75983e-02
 6.99143e-03  1.75897e-02

 6.49740e-03  1.82250e-02
 7.41536e-03  1.73283e-02
 7.37447e-03  1.74740e-02
 7.26870e-03  1.73658e-02
 7.41536e-03  1.73283e-02

 6.97135e-03  1.82250e-02
 7.81992e-03  1.70931e-02
 7.80184e-03  1.72434e-02
 7.68073e-03  1.71526e-02
 7.81992e-03  1.70931e-02

 7.44531e-03  1.82250e-02
 8.20707e-03  1.68905e-02
 8.20781e-03  1.70419e-02
 8.07635e-03  1.69669e-02
 8.20707e-03  1.68905e-02

 7.91927e-03  1.82250e-02
 8.57847e-03  1.67292e-02
 8.59487e-03  1.68797e-02
 8.45635e-03  1.68186e-02
 8.57847e-03  1.67292e-02

 8.39323e-03  1.82250e-02
 8.93957e-03  1.66181e-02
 8.96903e-03  1.67666e-02
 8.82572e-03  1.67178e-02
 8.93957e-03  1.66181e-02

 8.86719e-03  1.82250e-02
 9.29167e-03  1.65711e-02
 9.33239e-03  1.67169e-02
 9.18578e-03  1.66792e-02
 9.29167e-03  1.65711e-02

 9.34115e-03  1.82250e-02
 9.64821e-03  1.65995e-02
 9.69824e-03  1.67423e-02
 9.54951e-03  1.67142e-02
 9.64821e-03  1.65995e-02

 9.81510e-03  1.82250e-02
 1.00013e-02  1.67289e-02
 1.00602e-02  1.68683e-02
 9.91001e-03  1.68496e-02
 1.00013e-02  1.67289e-02

 1.02891e-02  1.82250e-02
 1.03904e-02  1.69670e-02
 1.04553e-02  1.71037e-02
 1.03044e-02  1.70916e-02
 1.03904e-02  1.69670e-02

 1.07630e-02  1.82250e-02
 1.07630e-02  1.73954e-02
 1.08387e-02  1.75265e-02
 1.06873e-02  1.75265e-02
 1.07630e-02  1.73954e-02

 4.15781e-03  1.87950e-02
 5.48076e-03  1.92743e-02
 5.33173e-03  1.93008e-02
 5.38329e-03  1.91585e-02
 5.48076e-03  1.92743e-02

 4.62969e-03  1.87950e-02
 5.99426e-03  1.89959e-02
 5.85355e-03  1.90517e-02
 5.87559e-03  1.89019e-02
 5.99426e-03  1.89959e-02

 5.10156e-03  1.87950e-02
 6.48036e-03  1.87217e-02
 6.35348e-03  1.88043e-02
 6.34544e-03  1.86531e-02
 6.48036e-03  1.87217e-02

 5.57344e-03  1.87950e-02
 6.93869e-03  1.84570e-02
 6.82963e-03  1.85620e-02
 6.79326e-03  1.84151e-02
 6.93869e-03  1.84570e-02

 6.04531e-03  1.87950e-02
 7.36939e-03  1.82067e-02
 7.28033e-03  1.83291e-02
 7.21887e-03  1.81908e-02
 7.36939e-03  1.82067e-02

 6.51719e-03  1.87950e-02
 7.77331e-03  1.79756e-02
 7.70487e-03  1.81106e-02
 7.62216e-03  1.79838e-02
 7.77331e-03  1.79756e-02

 6.98906e-03  1.87950e-02
 8.15141e-03  1.77686e-02
 8.10325e-03  1.79121e-02
 8.00305e-03  1.77986e-02
 8.15141e-03  1.77686e-02

 7.46094e-03  1.87950e-02
 8.50666e-03  1.75913e-02
 8.47782e-03  1.77399e-02
 8.36355e-03  1.76407e-02
 8.50666e-03  1.75913e-02

 7.93281e-03  1.87950e-02
 8.84094e-03  1.74509e-02
 8.83026e-03  1.76019e-02
 8.70484e-03  1.75171e-02
 8.84094e-03  1.74509e-02

 8.40469e-03  1.87950e-02
 9.16143e-03  1.73547e-02
 9.16746e-03  1.75060e-02
 9.03346e-03  1.74356e-02
 9.16143e-03  1.73547e-02

 8.87656e-03  1.87950e-02
 9.46905e-03  1.73150e-02
 9.49059e-03  1.74648e-02
 9.35007e-03  1.74086e-02
 9.46905e-03  1.73150e-02

 9.34844e-03  1.87950e-02
 9.78151e-03  1.73415e-02
 9.81661e-03  1.74887e-02
 9.67154e-03  1.74455e-02
 9.78151e-03  1.73415e-02

 9.82031e-03  1.87950e-02
 1.00865e-02  1.74569e-02
 1.01351e-02  1.76003e-02
 9.98668e-03  1.75707e-02
 1.00865e-02  1.74569e-02

 1.02922e-02  1.87950e-02
 1.04395e-02  1.76689e-02
 1.04975e-02  1.78087e-02
 1.03474e-02  1.77891e-02
 1.04395e-02  1.76689e-02

 1.07641e-02  1.87950e-02
 1.07641e-02  1.80497e-02
 1.08397e-02  1.81808e-02
 1.06884e-02  1.81808e-02
 1.07641e-02  1.80497e-02

 4.18802e-03  1.93650e-02
 5.80734e-03  1.97517e-02
 5.66226e-03  1.97949e-02
 5.69742e-03  1.96476e-02
 5.80734e-03  1.97517e-02

 4.65781e-03  1.93650e-02
 6.32572e-03  1.95120e-02
 6.18850e-03  1.95758e-02
 6.20179e-03  1.94251e-02
 6.32572e-03  1.95120e-02

 5.12760e-03  1.93650e-02
 6.81027e-03  1.92769e-02
 6.68332e-03  1.93594e-02
 6.67541e-03  1.92082e-02
 6.81027e-03  1.92769e-02

 5.59740e-03  1.93650e-02
 7.26084e-03  1.90514e-02
 7.14605e-03  1.91501e-02
 7.11800e-03  1.90013e-02
 7.26084e-03  1.90514e-02

 6.06719e-03  1.93650e-02
 7.67796e-03  1.88396e-02
 7.57681e-03  1.89522e-02
 7.52986e-03  1.88083e-02
 7.67796e-03  1.88396e-02

 6.53698e-03  1.93650e-02
 8.06299e-03  1.86453e-02
 7.97671e-03  1.87697e-02
 7.91214e-03  1.86327e-02
 8.06299e-03  1.86453e-02

 7.00677e-03  1.93650e-02
 8.41759e-03  1.84726e-02
 8.34726e-03  1.86067e-02
 8.26634e-03  1.84787e-02
 8.41759e-03  1.84726e-02

 7.47656e-03  1.93650e-02
 8.74532e-03  1.83259e-02
 8.69186e-03  1.84675e-02
 8.59595e-03  1.83504e-02
 8.74532e-03  1.83259e-02

 7.94635e-03  1.93650e-02
 9.04884e-03  1.82106e-02
 9.01303e-03  1.83577e-02
 8.90357e-03  1.82531e-02
 9.04884e-03  1.82106e-02

 8.41615e-03  1.93650e-02
 9.33631e-03  1.81329e-02
 9.31850e-03  1.82833e-02
 9.19723e-03  1.81927e-02
 9.33631e-03  1.81329e-02

 8.88594e-03  1.93650e-02
 9.60849e-03  1.81025e-02
 9.60906e-03  1.82539e-02
 9.47769e-03  1.81787e-02
 9.60849e-03  1.81025e-02

 9.35573e-03  1.93650e-02
 9.88621e-03  1.81280e-02
 9.90410e-03  1.82783e-02
 9.76499e-03  1.82186e-02
 9.88621e-03  1.81280e-02

 9.82552e-03  1.93650e-02
 1.01537e-02  1.82275e-02
 1.01900e-02  1.83744e-02
 1.00446e-02  1.83325e-02
 1.01537e-02  1.82275e-02

 1.02953e-02  1.93650e-02
 1.04782e-02  1.84089e-02
 1.05279e-02  1.85519e-02
 1.03792e-02  1.85234e-02
 1.04782e-02  1.84089e-02

 1.07651e-02  1.93650e-02
 1.07651e-02  1.87297e-02
 1.08408e-02  1.88608e-02
 1.06894e-02  1.88608e-02
 1.07651e-02  1.87297e-02

 4.21823e-03  1.99350e-02
 6.04137e-03  2.02211e-02
 5.90013e-03  2.02756e-02
 5.92360e-03  2.01261e-02
 6.04137e-03  2.02211e-02

 4.68594e-03  1.99350e-02
 6.55918e-03  2.00285e-02
 6.42448e-03  2.00976e-02
 6.43203e-03  1.99464e-02
 6.55918e-03  2.00285e-02

 5.15365e-03  1.99350e-02
 7.03854e-03  1.98408e-02
 6.91140e-03  1.99229e-02
 6.90384e-03  1.97718e-02
 7.03854e-03  1.98408e-02

 5.62135e-03  1.99350e-02
 7.47976e-03  1.96619e-02
 7.36107e-03  1.97559e-02
 7.33906e-03  1.96061e-02
 7.47976e-03  1.96619e-02

 6.08906e-03  1.99350e-02
 7.88390e-03  1.94953e-02
 7.77458e-03  1.96000e-02
 7.73856e-03  1.94530e-02
 7.88390e-03  1.94953e-02

 6.55677e-03  1.99350e-02
 8.25291e-03  1.93437e-02
 8.15405e-03  1.94583e-02
 8.10422e-03  1.93154e-02
 8.25291e-03  1.93437e-02

 7.02448e-03  1.99350e-02
 8.58908e-03  1.92102e-02
 8.50195e-03  1.93339e-02
 8.43833e-03  1.91966e-02
 8.58908e-03  1.92102e-02

 7.49219e-03  1.99350e-02
 8.89665e-03  1.90978e-02
 8.82280e-03  1.92299e-02
 8.74529e-03  1.90999e-02
 8.89665e-03  1.90978e-02

 7.95990e-03  1.99350e-02
 9.17863e-03  1.90105e-02
 9.11993e-03  1.91500e-02
 9.02845e-03  1.90295e-02
 9.17863e-03  1.90105e-02

 8.42760e-03  1.99350e-02
 9.44411e-03  1.89531e-02
 9.40241e-03  1.90986e-02
 9.29724e-03  1.89897e-02
 9.44411e-03  1.89531e-02

 8.89531e-03  1.99350e-02
 9.69377e-03  1.89327e-02
 9.67129e-03  1.90824e-02
 9.55290e-03  1.89881e-02
 9.69377e-03  1.89327e-02

 9.36302e-03  1.99350e-02
 9.94999e-03  1.89568e-02
 9.94744e-03  1.91081e-02
 9.81765e-03  1.90303e-02
 9.94999e-03  1.89568e-02

 9.83073e-03  1.99350e-02
 1.01949e-02  1.90385e-02
 1.02157e-02  1.91884e-02
 1.00754e-02  1.91314e-02
 1.01949e-02  1.90385e-02

 1.02984e-02  1.99350e-02
 1.05024e-02  1.91858e-02
 1.05410e-02  1.93322e-02
 1.03949e-02  1.92924e-02
 1.05024e-02  1.91858e-02

 1.07661e-02  1.99350e-02
 1.07661e-02  1.94357e-02
 1.08418e-02  1.95667e-02
 1.06905e-02  1.95667e-02
 1.07661e-02  1.94357e-02

 4.24844e-03  2.05050e-02
 6.15551e-03  2.06915e-02
 6.01768e-03  2.07541e-02
 6.03241e-03  2.06035e-02
 6.15551e-03  2.06915e-02

 4.71406e-03  2.05050e-02
 6.66601e-03  2.05478e-02
 6.53330e-03  2.06206e-02
 6.53662e-03  2.04693e-02
 6.66601e-03  2.05478e-02

 5.17969e-03  2.05050e-02
 7.13611e-03  2.04089e-02
 7.00889e-03  2.04909e-02
 7.00146e-03  2.03398e-02
 7.13611e-03  2.04089e-02

 5.64531e-03  2.05050e-02
 7.56661e-03  2.02778e-02
 7.44532e-03  2.03684e-02
 7.42755e-03  2.02180e-02
 7.56661e-03  2.02778e-02

 6.11094e-03  2.05050e-02
 7.95920e-03  2.01568e-02
 7.84439e-03  2.02555e-02
 7.81637e-03  2.01067e-02
 7.95920e-03  2.01568e-02

 6.57656e-03  2.05050e-02
 8.31637e-03  2.00480e-02
 8.20882e-03  2.01545e-02
 8.17036e-03  2.00081e-02
 8.31637e-03  2.00480e-02

 7.04219e-03  2.05050e-02
 8.64100e-03  1.99531e-02
 8.54179e-03  2.00674e-02
 8.49239e-03  1.99243e-02
 8.64100e-03  1.99531e-02

 7.50781e-03  2.05050e-02
 8.93793e-03  1.98742e-02
 8.84853e-03  1.99963e-02
 8.78745e-03  1.98578e-02
 8.93793e-03  1.98742e-02

 7.97344e-03  2.05050e-02
 9.21026e-03  1.98139e-02
 9.13274e-03  1.99439e-02
 9.05890e-03  1.98118e-02
 9.21026e-03  1.98139e-02

 8.43906e-03  2.05050e-02
 9.46745e-03  1.97757e-02
 9.40431e-03  1.99132e-02
 9.31674e-03  1.97898e-02
 9.46745e-03  1.97757e-02

 8.90469e-03  2.05050e-02
 9.71004e-03  1.97644e-02
 9.66478e-03  1.99088e-02
 9.56231e-03  1.97974e-02
 9.71004e-03  1.97644e-02

 9.37031e-03  2.05050e-02
 9.96070e-03  1.97862e-02
 9.93599e-03  1.99355e-02
 9.81902e-03  1.98394e-02
 9.96070e-03  1.97862e-02

 9.83594e-03  2.05050e-02
 1.02012e-02  1.98489e-02
 1.02036e-02  2.00003e-02
 1.00714e-02  1.99266e-02
 1.02012e-02  1.98489e-02

 1.03016e-02  2.05050e-02
 1.05055e-02  1.99614e-02
 1.05303e-02  2.01107e-02
 1.03886e-02  2.00576e-02
 1.05055e-02  1.99614e-02

 1.07672e-02  2.05050e-02
 1.07672e-02  2.01399e-02
 1.08429e-02  2.02710e-02
 1.06915e-02  2.02710e-02
 1.07672e-02  2.01399e-02

 4.27865e-03  2.10750e-02
 6.09626e-03  2.11751e-02
 5.96121e-03  2.12435e-02
 5.96953e-03  2.10923e-02
 6.09626e-03  2.11751e-02

 4.74219e-03  2.10750e-02
 6.59424e-03  2.10863e-02
 6.46269e-03  2.11612e-02
 6.46362e-03  2.10098e-02
 6.59424e-03  2.10863e-02

 5.20573e-03  2.10750e-02
 7.05369e-03  2.10013e-02
 6.92572e-03  2.10822e-02
 6.91969e-03  2.09309e-02
 7.05369e-03  2.10013e-02

 5.66927e-03  2.10750e-02
 7.47584e-03  2.09218e-02
 7.35161e-03  2.10083e-02
 7.33882e-03  2.08575e-02
 7.47584e-03  2.09218e-02

 6.13281e-03  2.10750e-02
 7.86286e-03  2.08493e-02
 7.74267e-03  2.09413e-02
 7.72308e-03  2.07912e-02
 7.86286e-03  2.08493e-02

 6.59635e-03  2.10750e-02
 8.21765e-03  2.07846e-02
 8.10196e-03  2.08822e-02
 8.07527e-03  2.07332e-02
 8.21765e-03  2.07846e-02

 7.05990e-03  2.10750e-02
 8.54329e-03  2.07288e-02
 8.43284e-03  2.08323e-02
 8.39843e-03  2.06849e-02
 8.54329e-03  2.07288e-02

 7.52344e-03  2.10750e-02
 8.84464e-03  2.06830e-02
 8.74050e-03  2.07928e-02
 8.69744e-03  2.06477e-02
 8.84464e-03  2.06830e-02

 7.98698e-03  2.10750e-02
 9.12480e-03  2.06484e-02
 9.02863e-03  2.07653e-02
 8.97549e-03  2.06236e-02
 9.12480e-03  2.06484e-02

 8.45052e-03  2.10750e-02
 9.39263e-03  2.06274e-02
 9.30670e-03  2.07520e-02
 9.24175e-03  2.06153e-02
 9.39263e-03  2.06274e-02

 8.91406e-03  2.10750e-02
 9.64855e-03  2.06228e-02
 9.57659e-03  2.07560e-02
 9.49724e-03  2.06271e-02
 9.64855e-03  2.06228e-02

 9.37760e-03  2.10750e-02
 9.91371e-03  2.06394e-02
 9.85970e-03  2.07808e-02
 9.76424e-03  2.06633e-02
 9.91371e-03  2.06394e-02

 9.84115e-03  2.10750e-02
 1.01712e-02  2.06806e-02
 1.01451e-02  2.08297e-02
 1.00290e-02  2.07326e-02
 1.01712e-02  2.06806e-02

 1.03047e-02  2.10750e-02
 1.04892e-02  2.07555e-02
 1.04892e-02  2.09068e-02
 1.03581e-02  2.08311e-02
 1.04892e-02  2.07555e-02

 1.07682e-02  2.10750e-02
 1.07682e-02  2.08594e-02
 1.08439e-02  2.09905e-02
 1.06925e-02  2.09905e-02
 1.07682e-02  2.08594e-02

 4.30885e-03  2.16450e-02
 5.84720e-03  2.16763e-02
 5.71460e-03  2.17493e-02
 5.71768e-03  2.15980e-02
 5.84720e-03  2.16763e-02

 4.77031e-03  2.16450e-02
 6.32803e-03  2.16281e-02
 6.19777e-03  2.17052e-02
 6.19613e-03  2.15539e-02
 6.32803e-03  2.16281e-02

 5.23177e-03  2.16450e-02
 6.77647e-03  2.15825e-02
 6.64855e-03  2.16634e-02
 6.64243e-03  2.15122e-02
 6.77647e-03  2.15825e-02

 5.69323e-03  2.16450e-02
 7.19411e-03  2.15404e-02
 7.06860e-03  2.16250e-02
 7.05808e-03  2.14740e-02
 7.19411e-03  2.15404e-02

 6.15469e-03  2.16450e-02
 7.58329e-03  2.15025e-02
 7.46036e-03  2.15908e-02
 7.44533e-03  2.14402e-02
 7.58329e-03  2.15025e-02

 6.61615e-03  2.16450e-02
 7.94681e-03  2.14691e-02
 7.82677e-03  2.15613e-02
 7.80694e-03  2.14113e-02
 7.94681e-03  2.14691e-02

 7.07760e-03  2.16450e-02
 8.28763e-03  2.14407e-02
 8.17097e-03  2.15372e-02
 8.14578e-03  2.13879e-02
 8.28763e-03  2.14407e-02

 7.53906e-03  2.16450e-02
 8.60983e-03  2.14179e-02
 8.49730e-03  2.15191e-02
 8.46589e-03  2.13710e-02
 8.60983e-03  2.14179e-02

 8.00052e-03  2.16450e-02
 8.91606e-03  2.14011e-02
 8.80888e-03  2.15080e-02
 8.76991e-03  2.13617e-02
 8.91606e-03  2.14011e-02

 8.46198e-03  2.16450e-02
 9.21373e-03  2.13917e-02
 9.11367e-03  2.15052e-02
 9.06533e-03  2.13618e-02
 9.21373e-03  2.13917e-02

 8.92344e-03  2.16450e-02
 9.50293e-03  2.13907e-02
 9.41331e-03  2.15127e-02
 9.35248e-03  2.13741e-02
 9.50293e-03  2.13907e-02

 9.38490e-03  2.16450e-02
 9.80192e-03  2.14017e-02
 9.72684e-03  2.15331e-02
 9.65055e-03  2.14024e-02
 9.80192e-03  2.14017e-02

 9.84635e-03  2.16450e-02
 1.00968e-02  2.14243e-02
 1.00485e-02  2.15678e-02
 9.94839e-03  2.14542e-02
 1.00968e-02  2.14243e-02

 1.03078e-02  2.16450e-02
 1.04444e-02  2.14680e-02
 1.04242e-02  2.16180e-02
 1.03044e-02  2.15256e-02
 1.04444e-02  2.14680e-02

 1.07693e-02  2.16450e-02
 1.07693e-02  2.15193e-02
 1.08450e-02  2.16504e-02
 1.06936e-02  2.16504e-02
 1.07693e-02  2.15193e-02

 4.33906e-03  2.22150e-02
 5.28654e-03  2.22150e-02
 5.15546e-03  2.22907e-02
 5.15546e-03  2.21393e-02
 5.28654e-03  2.22150e-02

 4.79844e-03  2.22150e-02
 5.75356e-03  2.22150e-02
 5.62248e-03  2.22907e-02
 5.62248e-03  2.21393e-02
 5.75356e-03  2.22150e-02

 5.25781e-03  2.22150e-02
 6.20060e-03  2.22150e-02
 6.06951e-03  2.22907e-02
 6.06951e-03  2.21393e-02
 6.20060e-03  2.22150e-02

 5.71719e-03  2.22150e-02
 6.62932e-03  2.22150e-02
 6.49824e-03  2.22907e-02
 6.49824e-03  2.21393e-02
 6.62932e-03  2.22150e-02

 6.17656e-03  2.22150e-02
 7.04109e-03  2.22150e-02
 6.91001e-03  2.22907e-02
 6.91001e-03  2.21393e-02
 7.04109e-03  2.22150e-02

 6.63594e-03  2.22150e-02
 7.43796e-03  2.22150e-02
 7.30687e-03  2.22907e-02
 7.30687e-03  2.21393e-02
 7.43796e-03  2.22150e-02

 7.09531e-03  2.22150e-02
 7.82176e-03  2.22150e-02
 7.69067e-03  2.22907e-02
 7.69067e-03  2.21393e-02
 7.82176e-03  2.22150e-02

 7.55469e-03  2.22150e-02
 8.19517e-03  2.22150e-02
 8.06408e-03  2.22907e-02
 8.06408e-03  2.21393e-02
 8.19517e-03  2.22150e-02

 8.01406e-03  2.22150e-02
 8.55973e-03  2.22150e-02
 8.42865e-03  2.22907e-02
 8.42865e-03  2.21393e-02
 8.55973e-03  2.22150e-02

 8.47344e-03  2.22150e-02
 8.92012e-03  2.22150e-02
 8.78903e-03  2.22907e-02
 8.78903e-03  2.21393e-02
 8.92012e-03  2.22150e-02

 8.93281e-03  2.22150e-02
 9.27604e-03  2.22150e-02
 9.14496e-03  2.22907e-02
 9.14496e-03  2.21393e-02
 9.27604e-03  2.22150e-02

 9.39219e-03  2.22150e-02
 9.63920e-03  2.22150e-02
 9.50811e-03  2.22907e-02
 9.50811e-03  2.21393e-02
 9.63920e-03  2.22150e-02

 9.85156e-03  2.22150e-02
 9.99940e-03  2.22150e-02
 9.86831e-03  2.22907e-02
 9.86831e-03  2.21393e-02
 9.99940e-03  2.22150e-02

 1.03109e-02  2.22150e-02
 1.03935e-02  2.22150e-02
 1.02624e-02  2.22907e-02
 1.02624e-02  2.21393e-02
 1.03935e-02  2.22150e-02

 1.07703e-02  2.22150e-02
 1.07703e-02  2.22150e-02
 1.06651e-02  2.21062e-02
 1.08119e-02  2.20695e-02
 1.07703e-02  2.22150e-02

