#[ Fluid velocity 2D plot data file: flw.dat ]
 1.95313e-04  1.13850e-02
 1.95313e-04  1.13850e-02
 1.19629e-04  1.12539e-02
 2.70996e-04  1.12539e-02
 1.95313e-04  1.13850e-02

 5.85937e-04  1.13850e-02
 5.85937e-04  1.13850e-02
 7.17025e-04  1.13093e-02
 7.17025e-04  1.14607e-02
 5.85937e-04  1.13850e-02

 9.76562e-04  1.13850e-02
 9.76561e-04  1.13850e-02
 1.10765e-03  1.13093e-02
 1.10765e-03  1.14607e-02
 9.76561e-04  1.13850e-02

 1.36719e-03  1.13850e-02
 1.36718e-03  1.13850e-02
 1.49827e-03  1.13093e-02
 1.49827e-03  1.14607e-02
 1.36718e-03  1.13850e-02

 1.75781e-03  1.13850e-02
 1.75781e-03  1.13850e-02
 1.88890e-03  1.13093e-02
 1.88890e-03  1.14607e-02
 1.75781e-03  1.13850e-02

 2.14844e-03  1.13850e-02
 2.14843e-03  1.13850e-02
 2.27952e-03  1.13093e-02
 2.27952e-03  1.14607e-02
 2.14843e-03  1.13850e-02

 2.53906e-03  1.13850e-02
 2.53905e-03  1.13850e-02
 2.67014e-03  1.13093e-02
 2.67014e-03  1.14607e-02
 2.53905e-03  1.13850e-02

 2.92969e-03  1.13850e-02
 2.92967e-03  1.13850e-02
 3.06076e-03  1.13093e-02
 3.06076e-03  1.14607e-02
 2.92967e-03  1.13850e-02

 3.32031e-03  1.13850e-02
 3.32029e-03  1.13850e-02
 3.45138e-03  1.13093e-02
 3.45138e-03  1.14607e-02
 3.32029e-03  1.13850e-02

 1.97049e-04  1.19550e-02
 1.97049e-04  1.19550e-02
 1.21365e-04  1.18239e-02
 2.72732e-04  1.18239e-02
 1.97049e-04  1.19550e-02

 5.91146e-04  1.19550e-02
 5.91146e-04  1.19550e-02
 5.19426e-04  1.18217e-02
 6.70725e-04  1.18262e-02
 5.91146e-04  1.19550e-02

 9.85243e-04  1.19550e-02
 9.85242e-04  1.19550e-02
 9.18046e-04  1.18194e-02
 1.06911e-03  1.18290e-02
 9.85242e-04  1.19550e-02

 1.37934e-03  1.19550e-02
 1.37934e-03  1.19550e-02
 1.32185e-03  1.18150e-02
 1.47186e-03  1.18352e-02
 1.37934e-03  1.19550e-02

 1.77344e-03  1.19550e-02
 1.77343e-03  1.19550e-02
 1.72848e-03  1.18105e-02
 1.87613e-03  1.18438e-02
 1.77343e-03  1.19550e-02

 2.16753e-03  1.19550e-02
 2.16753e-03  1.19550e-02
 2.13851e-03  1.18065e-02
 2.28168e-03  1.18556e-02
 2.16753e-03  1.19550e-02

 2.56163e-03  1.19550e-02
 2.56162e-03  1.19550e-02
 2.55204e-03  1.18040e-02
 2.68766e-03  1.18712e-02
 2.56162e-03  1.19550e-02

 2.95573e-03  1.19550e-02
 2.95572e-03  1.19550e-02
 2.97026e-03  1.18044e-02
 3.09347e-03  1.18923e-02
 2.95572e-03  1.19550e-02

 3.34983e-03  1.19550e-02
 3.34981e-03  1.19550e-02
 3.39400e-03  1.18102e-02
 3.49728e-03  1.19209e-02
 3.34981e-03  1.19550e-02

 1.98785e-04  1.25250e-02
 1.98785e-04  1.25250e-02
 1.23101e-04  1.23939e-02
 2.74468e-04  1.23939e-02
 1.98785e-04  1.25250e-02

 5.96354e-04  1.25250e-02
 5.96353e-04  1.25250e-02
 5.89441e-04  1.23738e-02
 7.23848e-04  1.24434e-02
 5.96353e-04  1.25250e-02

 9.93924e-04  1.25250e-02
 9.93922e-04  1.25250e-02
 9.76282e-04  1.23747e-02
 1.11530e-03  1.24346e-02
 9.93922e-04  1.25250e-02

 1.39149e-03  1.25250e-02
 1.39149e-03  1.25250e-02
 1.36547e-03  1.23759e-02
 1.50761e-03  1.24279e-02
 1.39149e-03  1.25250e-02

 1.78906e-03  1.25250e-02
 1.78906e-03  1.25250e-02
 1.75168e-03  1.23783e-02
 1.89740e-03  1.24193e-02
 1.78906e-03  1.25250e-02

 2.18663e-03  1.25250e-02
 2.18663e-03  1.25250e-02
 2.14126e-03  1.23806e-02
 2.28900e-03  1.24135e-02
 2.18663e-03  1.25250e-02

 2.58420e-03  1.25250e-02
 2.58420e-03  1.25250e-02
 2.53342e-03  1.23824e-02
 2.68230e-03  1.24097e-02
 2.58420e-03  1.25250e-02

 2.98177e-03  1.25250e-02
 2.98177e-03  1.25250e-02
 2.92867e-03  1.23833e-02
 3.07797e-03  1.24081e-02
 2.98177e-03  1.25250e-02

 3.37934e-03  1.25250e-02
 3.37934e-03  1.25250e-02
 3.32856e-03  1.23824e-02
 3.47744e-03  1.24097e-02
 3.37934e-03  1.25250e-02

 2.00521e-04  1.30950e-02
 2.00521e-04  1.30950e-02
 1.24837e-04  1.29639e-02
 2.76204e-04  1.29639e-02
 2.00521e-04  1.30950e-02

 6.01563e-04  1.30950e-02
 6.01562e-04  1.30950e-02
 5.49098e-04  1.29530e-02
 6.98292e-04  1.29786e-02
 6.01562e-04  1.30950e-02

 1.00260e-03  1.30950e-02
 1.00260e-03  1.30950e-02
 9.50832e-04  1.29528e-02
 1.09990e-03  1.29791e-02
 1.00260e-03  1.30950e-02

 1.40365e-03  1.30950e-02
 1.40364e-03  1.30950e-02
 1.34894e-03  1.29539e-02
 1.49852e-03  1.29771e-02
 1.40364e-03  1.30950e-02

 1.80469e-03  1.30950e-02
 1.80469e-03  1.30950e-02
 1.74004e-03  1.29581e-02
 1.89089e-03  1.29706e-02
 1.80469e-03  1.30950e-02

 2.20573e-03  1.30950e-02
 2.20573e-03  1.30950e-02
 2.12916e-03  1.29644e-02
 2.28053e-03  1.29634e-02
 2.20573e-03  1.30950e-02

 2.60677e-03  1.30950e-02
 2.60677e-03  1.30950e-02
 2.51657e-03  1.29735e-02
 2.66695e-03  1.29561e-02
 2.60677e-03  1.30950e-02

 3.00781e-03  1.30950e-02
 3.00782e-03  1.30950e-02
 2.90209e-03  1.29867e-02
 3.04876e-03  1.29493e-02
 3.00782e-03  1.30950e-02

 3.40885e-03  1.30950e-02
 3.40886e-03  1.30950e-02
 3.28416e-03  1.30092e-02
 3.42082e-03  1.29441e-02
 3.40886e-03  1.30950e-02

 2.02257e-04  1.36650e-02
 2.02257e-04  1.36650e-02
 1.26573e-04  1.35339e-02
 2.77940e-04  1.35339e-02
 2.02257e-04  1.36650e-02

 6.06771e-04  1.36650e-02
 6.06770e-04  1.36650e-02
 5.54627e-04  1.35229e-02
 7.03763e-04  1.35488e-02
 6.06770e-04  1.36650e-02

 1.01128e-03  1.36650e-02
 1.01128e-03  1.36650e-02
 9.54601e-04  1.35247e-02
 1.10449e-03  1.35457e-02
 1.01128e-03  1.36650e-02

 1.41580e-03  1.36650e-02
 1.41580e-03  1.36650e-02
 1.34964e-03  1.35289e-02
 1.50062e-03  1.35396e-02
 1.41580e-03  1.36650e-02

 1.82031e-03  1.36650e-02
 1.82031e-03  1.36650e-02
 1.73655e-03  1.35389e-02
 1.88761e-03  1.35294e-02
 1.82031e-03  1.36650e-02

 2.22483e-03  1.36650e-02
 2.22483e-03  1.36650e-02
 2.12187e-03  1.35540e-02
 2.26944e-03  1.35204e-02
 2.22483e-03  1.36650e-02

 2.62934e-03  1.36650e-02
 2.62934e-03  1.36650e-02
 2.50706e-03  1.35758e-02
 2.64546e-03  1.35145e-02
 2.62934e-03  1.36650e-02

 3.03385e-03  1.36650e-02
 3.03386e-03  1.36650e-02
 2.89443e-03  1.36061e-02
 3.01517e-03  1.35148e-02
 3.03386e-03  1.36650e-02

 3.43837e-03  1.36650e-02
 3.43837e-03  1.36650e-02
 3.28802e-03  1.36475e-02
 3.37833e-03  1.35261e-02
 3.43837e-03  1.36650e-02

 2.03993e-04  1.42350e-02
 2.03993e-04  1.42350e-02
 1.28310e-04  1.41039e-02
 2.79677e-04  1.41039e-02
 2.03993e-04  1.42350e-02

 6.11979e-04  1.42350e-02
 6.11979e-04  1.42350e-02
 5.39807e-04  1.41020e-02
 6.91121e-04  1.41060e-02
 6.11979e-04  1.42350e-02

 1.01997e-03  1.42350e-02
 1.01997e-03  1.42350e-02
 9.42404e-04  1.41050e-02
 1.09376e-03  1.41028e-02
 1.01997e-03  1.42350e-02

 1.42795e-03  1.42350e-02
 1.42795e-03  1.42350e-02
 1.34126e-03  1.41109e-02
 1.49206e-03  1.40979e-02
 1.42795e-03  1.42350e-02

 1.83594e-03  1.42350e-02
 1.83594e-03  1.42350e-02
 1.73495e-03  1.41222e-02
 1.88310e-03  1.40912e-02
 1.83594e-03  1.42350e-02

 2.24392e-03  1.42350e-02
 2.24393e-03  1.42350e-02
 2.12677e-03  1.41392e-02
 2.26836e-03  1.40856e-02
 2.24393e-03  1.42350e-02

 2.65191e-03  1.42350e-02
 2.65191e-03  1.42350e-02
 2.51880e-03  1.41629e-02
 2.64776e-03  1.40837e-02
 2.65191e-03  1.42350e-02

 3.05990e-03  1.42350e-02
 3.05990e-03  1.42350e-02
 2.91411e-03  1.41943e-02
 3.02225e-03  1.40884e-02
 3.05990e-03  1.42350e-02

 3.46788e-03  1.42350e-02
 3.46789e-03  1.42350e-02
 3.31653e-03  1.42331e-02
 3.39388e-03  1.41030e-02
 3.46789e-03  1.42350e-02

 2.05729e-04  1.48050e-02
 2.05729e-04  1.48050e-02
 1.30046e-04  1.46739e-02
 2.81413e-04  1.46739e-02
 2.05729e-04  1.48050e-02

 6.17187e-04  1.48050e-02
 6.17188e-04  1.48050e-02
 5.31765e-04  1.46800e-02
 6.82695e-04  1.46685e-02
 6.17188e-04  1.48050e-02

 1.02865e-03  1.48050e-02
 1.02865e-03  1.48050e-02
 9.33730e-04  1.46871e-02
 1.08330e-03  1.46638e-02
 1.02865e-03  1.48050e-02

 1.44010e-03  1.48050e-02
 1.44010e-03  1.48050e-02
 1.33215e-03  1.46989e-02
 1.47802e-03  1.46585e-02
 1.44010e-03  1.48050e-02

 1.85156e-03  1.48050e-02
 1.85156e-03  1.48050e-02
 1.72924e-03  1.47158e-02
 1.86761e-03  1.46545e-02
 1.85156e-03  1.48050e-02

 2.26302e-03  1.48050e-02
 2.26302e-03  1.48050e-02
 2.12707e-03  1.47385e-02
 2.25267e-03  1.46540e-02
 2.26302e-03  1.48050e-02

 2.67448e-03  1.48050e-02
 2.67448e-03  1.48050e-02
 2.52806e-03  1.47666e-02
 2.63451e-03  1.46590e-02
 2.67448e-03  1.48050e-02

 3.08594e-03  1.48050e-02
 3.08594e-03  1.48050e-02
 2.93468e-03  1.47993e-02
 3.01529e-03  1.46711e-02
 3.08594e-03  1.48050e-02

 3.49740e-03  1.48050e-02
 3.49740e-03  1.48050e-02
 3.34889e-03  1.48342e-02
 3.39782e-03  1.46910e-02
 3.49740e-03  1.48050e-02

 2.07465e-04  1.53750e-02
 2.07465e-04  1.53750e-02
 1.31782e-04  1.52439e-02
 2.83149e-04  1.52439e-02
 2.07465e-04  1.53750e-02

 6.22396e-04  1.53750e-02
 6.22396e-04  1.53750e-02
 5.26797e-04  1.52576e-02
 6.76231e-04  1.52335e-02
 6.22396e-04  1.53750e-02

 1.03733e-03  1.53750e-02
 1.03733e-03  1.53750e-02
 9.30823e-04  1.52674e-02
 1.07722e-03  1.52290e-02
 1.03733e-03  1.53750e-02

 1.45226e-03  1.53750e-02
 1.45226e-03  1.53750e-02
 1.33145e-03  1.52838e-02
 1.47084e-03  1.52248e-02
 1.45226e-03  1.53750e-02

 1.86719e-03  1.53750e-02
 1.86719e-03  1.53750e-02
 1.73390e-03  1.53033e-02
 1.86266e-03  1.52237e-02
 1.86719e-03  1.53750e-02

 2.28212e-03  1.53750e-02
 2.28212e-03  1.53750e-02
 2.13838e-03  1.53275e-02
 2.25135e-03  1.52268e-02
 2.28212e-03  1.53750e-02

 2.69705e-03  1.53750e-02
 2.69705e-03  1.53750e-02
 2.54692e-03  1.53557e-02
 2.63871e-03  1.52353e-02
 2.69705e-03  1.53750e-02

 3.11198e-03  1.53750e-02
 3.11198e-03  1.53750e-02
 2.96106e-03  1.53866e-02
 3.02646e-03  1.52501e-02
 3.11198e-03  1.53750e-02

 3.52691e-03  1.53750e-02
 3.52691e-03  1.53750e-02
 3.38188e-03  1.54183e-02
 3.41688e-03  1.52711e-02
 3.52691e-03  1.53750e-02

 2.09201e-04  1.59450e-02
 2.09201e-04  1.59450e-02
 1.33518e-04  1.58139e-02
 2.84885e-04  1.58139e-02
 2.09201e-04  1.59450e-02

 6.27604e-04  1.59450e-02
 6.27605e-04  1.59450e-02
 5.18359e-04  1.58402e-02
 6.63718e-04  1.57980e-02
 6.27605e-04  1.59450e-02

 1.04601e-03  1.59450e-02
 1.04601e-03  1.59450e-02
 9.23700e-04  1.58558e-02
 1.06209e-03  1.57945e-02
 1.04601e-03  1.59450e-02

 1.46441e-03  1.59450e-02
 1.46441e-03  1.59450e-02
 1.32724e-03  1.58810e-02
 1.45125e-03  1.57942e-02
 1.46441e-03  1.59450e-02

 1.88281e-03  1.59450e-02
 1.88281e-03  1.59450e-02
 1.73663e-03  1.59057e-02
 1.84373e-03  1.57988e-02
 1.88281e-03  1.59450e-02

 2.30122e-03  1.59450e-02
 2.30122e-03  1.59450e-02
 2.15034e-03  1.59329e-02
 2.23628e-03  1.58083e-02
 2.30122e-03  1.59450e-02

 2.71962e-03  1.59450e-02
 2.71962e-03  1.59450e-02
 2.56905e-03  1.59605e-02
 2.63093e-03  1.58223e-02
 2.71962e-03  1.59450e-02

 3.13802e-03  1.59450e-02
 3.13802e-03  1.59450e-02
 2.99285e-03  1.59879e-02
 3.02833e-03  1.58407e-02
 3.13802e-03  1.59450e-02

 3.55642e-03  1.59450e-02
 3.55643e-03  1.59450e-02
 3.42156e-03  1.60137e-02
 3.42948e-03  1.58626e-02
 3.55643e-03  1.59450e-02

 2.10937e-04  1.65150e-02
 2.10937e-04  1.65150e-02
 1.35254e-04  1.63839e-02
 2.86621e-04  1.63839e-02
 2.10938e-04  1.65150e-02

 6.32812e-04  1.65150e-02
 6.32813e-04  1.65150e-02
 5.11280e-04  1.64248e-02
 6.50189e-04  1.63646e-02
 6.32813e-04  1.65150e-02

 1.05469e-03  1.65150e-02
 1.05469e-03  1.65150e-02
 9.20004e-04  1.64459e-02
 1.04717e-03  1.63638e-02
 1.05469e-03  1.65150e-02

 1.47656e-03  1.65150e-02
 1.47656e-03  1.65150e-02
 1.32967e-03  1.64785e-02
 1.43473e-03  1.63695e-02
 1.47656e-03  1.65150e-02

 1.89844e-03  1.65150e-02
 1.89844e-03  1.65150e-02
 1.74735e-03  1.65059e-02
 1.83079e-03  1.63796e-02
 1.89844e-03  1.65150e-02

 2.32031e-03  1.65150e-02
 2.32031e-03  1.65150e-02
 2.17003e-03  1.65330e-02
 2.22954e-03  1.63939e-02
 2.32031e-03  1.65150e-02

 2.74219e-03  1.65150e-02
 2.74219e-03  1.65150e-02
 2.59712e-03  1.65582e-02
 2.63223e-03  1.64110e-02
 2.74219e-03  1.65150e-02

 3.16406e-03  1.65150e-02
 3.16406e-03  1.65150e-02
 3.02813e-03  1.65816e-02
 3.03843e-03  1.64306e-02
 3.16406e-03  1.65150e-02

 3.58594e-03  1.65150e-02
 3.58594e-03  1.65150e-02
 3.46253e-03  1.66026e-02
 3.44833e-03  1.64519e-02
 3.58594e-03  1.65150e-02

 2.12674e-04  1.70850e-02
 2.12674e-04  1.70850e-02
 1.36990e-04  1.69539e-02
 2.88357e-04  1.69539e-02
 2.12674e-04  1.70850e-02

 6.38021e-04  1.70850e-02
 6.38021e-04  1.70850e-02
 4.96270e-04  1.70319e-02
 6.13124e-04  1.69357e-02
 6.38021e-04  1.70850e-02

 1.06337e-03  1.70850e-02
 1.06337e-03  1.70850e-02
 9.13773e-04  1.70619e-02
 1.00856e-03  1.69439e-02
 1.06337e-03  1.70850e-02

 1.48872e-03  1.70850e-02
 1.48872e-03  1.70850e-02
 1.33797e-03  1.70987e-02
 1.40146e-03  1.69613e-02
 1.48872e-03  1.70850e-02

 1.91406e-03  1.70850e-02
 1.91406e-03  1.70850e-02
 1.76768e-03  1.71235e-02
 1.80751e-03  1.69775e-02
 1.91406e-03  1.70850e-02

 2.33941e-03  1.70850e-02
 2.33941e-03  1.70850e-02
 2.20042e-03  1.71450e-02
 2.21800e-03  1.69946e-02
 2.33941e-03  1.70850e-02

 2.76476e-03  1.70850e-02
 2.76476e-03  1.70850e-02
 2.63521e-03  1.71633e-02
 2.63218e-03  1.70120e-02
 2.76476e-03  1.70850e-02

 3.19010e-03  1.70850e-02
 3.19011e-03  1.70850e-02
 3.07184e-03  1.71795e-02
 3.04915e-03  1.70298e-02
 3.19011e-03  1.70850e-02

 3.61545e-03  1.70850e-02
 3.61545e-03  1.70850e-02
 3.51014e-03  1.71937e-02
 3.46864e-03  1.70482e-02
 3.61545e-03  1.70850e-02

 2.14410e-04  1.76550e-02
 2.14410e-04  1.76550e-02
 1.38726e-04  1.75239e-02
 2.90093e-04  1.75239e-02
 2.14410e-04  1.76550e-02

 6.43229e-04  1.76550e-02
 6.43230e-04  1.76550e-02
 4.93093e-04  1.76743e-02
 5.51481e-04  1.75346e-02
 6.43230e-04  1.76550e-02

 1.07205e-03  1.76550e-02
 1.07205e-03  1.76550e-02
 9.27121e-04  1.76987e-02
 9.61758e-04  1.75513e-02
 1.07205e-03  1.76550e-02

 1.50087e-03  1.76550e-02
 1.50087e-03  1.76550e-02
 1.36472e-03  1.77211e-02
 1.37552e-03  1.75702e-02
 1.50087e-03  1.76550e-02

 1.92969e-03  1.76550e-02
 1.92969e-03  1.76550e-02
 1.80174e-03  1.77359e-02
 1.79568e-03  1.75846e-02
 1.92969e-03  1.76550e-02

 2.35851e-03  1.76550e-02
 2.35851e-03  1.76550e-02
 2.23934e-03  1.77483e-02
 2.21810e-03  1.75985e-02
 2.35851e-03  1.76550e-02

 2.78733e-03  1.76550e-02
 2.78733e-03  1.76550e-02
 2.67779e-03  1.77595e-02
 2.64209e-03  1.76124e-02
 2.78733e-03  1.76550e-02

 3.21615e-03  1.76550e-02
 3.21615e-03  1.76550e-02
 3.11717e-03  1.77695e-02
 3.06748e-03  1.76265e-02
 3.21615e-03  1.76550e-02

 3.64497e-03  1.76550e-02
 3.64497e-03  1.76550e-02
 3.55758e-03  1.77786e-02
 3.49424e-03  1.76411e-02
 3.64497e-03  1.76550e-02

 2.16146e-04  1.82250e-02
 2.16146e-04  1.82250e-02
 2.91829e-04  1.83561e-02
 1.40462e-04  1.83561e-02
 2.16146e-04  1.82250e-02

 6.48438e-04  1.82250e-02
 6.48438e-04  1.82250e-02
 5.58550e-04  1.83468e-02
 4.98023e-04  1.82080e-02
 6.48438e-04  1.82250e-02

 1.08073e-03  1.82250e-02
 1.08073e-03  1.82250e-02
 9.86177e-04  1.83432e-02
 9.31087e-04  1.82022e-02
 1.08073e-03  1.82250e-02

 1.51302e-03  1.82250e-02
 1.51302e-03  1.82250e-02
 1.41492e-03  1.83403e-02
 1.36414e-03  1.81977e-02
 1.51302e-03  1.82250e-02

 1.94531e-03  1.82250e-02
 1.94531e-03  1.82250e-02
 1.85017e-03  1.83427e-02
 1.79579e-03  1.82015e-02
 1.94531e-03  1.82250e-02

 2.37760e-03  1.82250e-02
 2.37761e-03  1.82250e-02
 2.28679e-03  1.83461e-02
 2.22732e-03  1.82069e-02
 2.37761e-03  1.82250e-02

 2.80990e-03  1.82250e-02
 2.80990e-03  1.82250e-02
 2.72541e-03  1.83506e-02
 2.65889e-03  1.82146e-02
 2.80990e-03  1.82250e-02

 3.24219e-03  1.82250e-02
 3.24219e-03  1.82250e-02
 3.16525e-03  1.83554e-02
 3.09083e-03  1.82236e-02
 3.24219e-03  1.82250e-02

 3.67448e-03  1.82250e-02
 3.67448e-03  1.82250e-02
 3.60633e-03  1.83602e-02
 3.52336e-03  1.82336e-02
 3.67448e-03  1.82250e-02

 2.17882e-04  1.87950e-02
 2.17882e-04  1.87950e-02
 2.93565e-04  1.89261e-02
 1.42198e-04  1.89261e-02
 2.17882e-04  1.87950e-02

 6.53646e-04  1.87950e-02
 6.53646e-04  1.87950e-02
 6.22793e-04  1.89432e-02
 5.09884e-04  1.88424e-02
 6.53646e-04  1.87950e-02

 1.08941e-03  1.87950e-02
 1.08941e-03  1.87950e-02
 1.04271e-03  1.89390e-02
 9.41366e-04  1.88265e-02
 1.08941e-03  1.87950e-02

 1.52517e-03  1.87950e-02
 1.52517e-03  1.87950e-02
 1.46156e-03  1.89324e-02
 1.37442e-03  1.88086e-02
 1.52517e-03  1.87950e-02

 1.96094e-03  1.87950e-02
 1.96094e-03  1.87950e-02
 1.89391e-03  1.89307e-02
 1.80989e-03  1.88048e-02
 1.96094e-03  1.87950e-02

 2.39670e-03  1.87950e-02
 2.39670e-03  1.87950e-02
 2.32907e-03  1.89304e-02
 2.24561e-03  1.88041e-02
 2.39670e-03  1.87950e-02

 2.83247e-03  1.87950e-02
 2.83247e-03  1.87950e-02
 2.76767e-03  1.89318e-02
 2.68160e-03  1.88073e-02
 2.83247e-03  1.87950e-02

 3.26823e-03  1.87950e-02
 3.26823e-03  1.87950e-02
 3.20806e-03  1.89339e-02
 3.11786e-03  1.88123e-02
 3.26823e-03  1.87950e-02

 3.70399e-03  1.87950e-02
 3.70399e-03  1.87950e-02
 3.65009e-03  1.89364e-02
 3.55455e-03  1.88190e-02
 3.70399e-03  1.87950e-02

 2.19618e-04  1.93650e-02
 2.19618e-04  1.93650e-02
 2.95302e-04  1.94961e-02
 1.43935e-04  1.94961e-02
 2.19618e-04  1.93650e-02

 6.58854e-04  1.93650e-02
 6.58854e-04  1.93650e-02
 6.64376e-04  1.95163e-02
 5.30615e-04  1.94454e-02
 6.58854e-04  1.93650e-02

 1.09809e-03  1.93650e-02
 1.09809e-03  1.93650e-02
 1.08729e-03  1.95160e-02
 9.61938e-04  1.94311e-02
 1.09809e-03  1.93650e-02

 1.53733e-03  1.93650e-02
 1.53733e-03  1.93650e-02
 1.50465e-03  1.95128e-02
 1.39299e-03  1.94106e-02
 1.53733e-03  1.93650e-02

 1.97656e-03  1.93650e-02
 1.97656e-03  1.93650e-02
 1.93595e-03  1.95108e-02
 1.82997e-03  1.94027e-02
 1.97656e-03  1.93650e-02

 2.41580e-03  1.93650e-02
 2.41580e-03  1.93650e-02
 2.37038e-03  1.95094e-02
 2.26804e-03  1.93979e-02
 2.41580e-03  1.93650e-02

 2.85503e-03  1.93650e-02
 2.85504e-03  1.93650e-02
 2.80910e-03  1.95092e-02
 2.70716e-03  1.93973e-02
 2.85504e-03  1.93650e-02

 3.29427e-03  1.93650e-02
 3.29427e-03  1.93650e-02
 3.25006e-03  1.95098e-02
 3.14679e-03  1.93991e-02
 3.29427e-03  1.93650e-02

 3.73351e-03  1.93650e-02
 3.73351e-03  1.93650e-02
 3.69304e-03  1.95109e-02
 3.58696e-03  1.94029e-02
 3.73351e-03  1.93650e-02

 2.21354e-04  1.99350e-02
 2.21354e-04  1.99350e-02
 2.97038e-04  2.00661e-02
 1.45671e-04  2.00661e-02
 2.21354e-04  1.99350e-02

 6.64062e-04  1.99350e-02
 6.64063e-04  1.99350e-02
 6.79198e-04  2.00856e-02
 5.41200e-04  2.00234e-02
 6.64063e-04  1.99350e-02

 1.10677e-03  1.99350e-02
 1.10677e-03  1.99350e-02
 1.10652e-03  2.00864e-02
 9.75560e-04  2.00105e-02
 1.10677e-03  1.99350e-02

 1.54948e-03  1.99350e-02
 1.54948e-03  1.99350e-02
 1.52691e-03  2.00847e-02
 1.40857e-03  1.99903e-02
 1.54948e-03  1.99350e-02

 1.99219e-03  1.99350e-02
 1.99219e-03  1.99350e-02
 1.96035e-03  2.00830e-02
 1.84811e-03  1.99814e-02
 1.99219e-03  1.99350e-02

 2.43490e-03  1.99350e-02
 2.43490e-03  1.99350e-02
 2.39664e-03  2.00815e-02
 2.28894e-03  1.99751e-02
 2.43490e-03  1.99350e-02

 2.87760e-03  1.99350e-02
 2.87760e-03  1.99350e-02
 2.83730e-03  2.00809e-02
 2.73110e-03  1.99730e-02
 2.87760e-03  1.99350e-02

 3.32031e-03  1.99350e-02
 3.32031e-03  1.99350e-02
 3.28027e-03  2.00810e-02
 3.17387e-03  1.99733e-02
 3.32031e-03  1.99350e-02

 3.76302e-03  1.99350e-02
 3.76302e-03  1.99350e-02
 3.72534e-03  2.00816e-02
 3.61722e-03  1.99757e-02
 3.76302e-03  1.99350e-02

 2.23090e-04  2.05050e-02
 2.23090e-04  2.05050e-02
 2.98774e-04  2.06361e-02
 1.47407e-04  2.06361e-02
 2.23090e-04  2.05050e-02

 6.69271e-04  2.05050e-02
 6.69271e-04  2.05050e-02
 6.98794e-04  2.06535e-02
 5.55462e-04  2.06048e-02
 6.69271e-04  2.05050e-02

 1.11545e-03  2.05050e-02
 1.11545e-03  2.05050e-02
 1.13179e-03  2.06555e-02
 9.93300e-04  2.05944e-02
 1.11545e-03  2.05050e-02

 1.56163e-03  2.05050e-02
 1.56163e-03  2.05050e-02
 1.55684e-03  2.06563e-02
 1.42821e-03  2.05765e-02
 1.56163e-03  2.05050e-02

 2.00781e-03  2.05050e-02
 2.00781e-03  2.05050e-02
 1.99257e-03  2.06556e-02
 1.86977e-03  2.05671e-02
 2.00781e-03  2.05050e-02

 2.45399e-03  2.05050e-02
 2.45399e-03  2.05050e-02
 2.43047e-03  2.06545e-02
 2.31274e-03  2.05594e-02
 2.45399e-03  2.05050e-02

 2.90017e-03  2.05050e-02
 2.90017e-03  2.05050e-02
 2.87258e-03  2.06538e-02
 2.75749e-03  2.05555e-02
 2.90017e-03  2.05050e-02

 3.34635e-03  2.05050e-02
 3.34635e-03  2.05050e-02
 3.31700e-03  2.06535e-02
 3.20308e-03  2.05538e-02
 3.34635e-03  2.05050e-02

 3.79253e-03  2.05050e-02
 3.79254e-03  2.05050e-02
 3.76369e-03  2.06536e-02
 3.64943e-03  2.05543e-02
 3.79254e-03  2.05050e-02

 2.24826e-04  2.10750e-02
 2.24826e-04  2.10750e-02
 3.00510e-04  2.12061e-02
 1.49143e-04  2.12061e-02
 2.24826e-04  2.10750e-02

 6.74479e-04  2.10750e-02
 6.74479e-04  2.10750e-02
 6.89589e-04  2.12256e-02
 5.51601e-04  2.11634e-02
 6.74479e-04  2.10750e-02

 1.12413e-03  2.10750e-02
 1.12413e-03  2.10750e-02
 1.12303e-03  2.12264e-02
 9.92498e-04  2.11497e-02
 1.12413e-03  2.10750e-02

 1.57378e-03  2.10750e-02
 1.57379e-03  2.10750e-02
 1.54865e-03  2.12243e-02
 1.43195e-03  2.11279e-02
 1.57379e-03  2.10750e-02

 2.02344e-03  2.10750e-02
 2.02344e-03  2.10750e-02
 1.98717e-03  2.12220e-02
 1.87803e-03  2.11171e-02
 2.02344e-03  2.10750e-02

 2.47309e-03  2.10750e-02
 2.47309e-03  2.10750e-02
 2.42835e-03  2.12196e-02
 2.32549e-03  2.11086e-02
 2.47309e-03  2.10750e-02

 2.92274e-03  2.10750e-02
 2.92274e-03  2.10750e-02
 2.87383e-03  2.12182e-02
 2.77423e-03  2.11043e-02
 2.92274e-03  2.10750e-02

 3.37240e-03  2.10750e-02
 3.37240e-03  2.10750e-02
 3.32159e-03  2.12176e-02
 3.22351e-03  2.11023e-02
 3.37240e-03  2.10750e-02

 3.82205e-03  2.10750e-02
 3.82205e-03  2.10750e-02
 3.77146e-03  2.12177e-02
 3.67320e-03  2.11025e-02
 3.82205e-03  2.10750e-02

 2.26562e-04  2.16450e-02
 2.26562e-04  2.16450e-02
 3.02246e-04  2.17761e-02
 1.50879e-04  2.17761e-02
 2.26562e-04  2.16450e-02

 6.79687e-04  2.16450e-02
 6.79688e-04  2.16450e-02
 7.17530e-04  2.17916e-02
 5.71684e-04  2.17511e-02
 6.79688e-04  2.16450e-02

 1.13281e-03  2.16450e-02
 1.13281e-03  2.16450e-02
 1.15909e-03  2.17941e-02
 1.01685e-03  2.17423e-02
 1.13281e-03  2.16450e-02

 1.58594e-03  2.16450e-02
 1.58594e-03  2.16450e-02
 1.59215e-03  2.17962e-02
 1.45807e-03  2.17260e-02
 1.58594e-03  2.16450e-02

 2.03906e-03  2.16450e-02
 2.03906e-03  2.16450e-02
 2.03382e-03  2.17963e-02
 1.90543e-03  2.17161e-02
 2.03906e-03  2.16450e-02

 2.49219e-03  2.16450e-02
 2.49219e-03  2.16450e-02
 2.47678e-03  2.17956e-02
 2.35408e-03  2.17069e-02
 2.49219e-03  2.16450e-02

 2.94531e-03  2.16450e-02
 2.94531e-03  2.16450e-02
 2.92348e-03  2.17948e-02
 2.80468e-03  2.17010e-02
 2.94531e-03  2.16450e-02

 3.39844e-03  2.16450e-02
 3.39844e-03  2.16450e-02
 3.37230e-03  2.17941e-02
 3.25625e-03  2.16969e-02
 3.39844e-03  2.16450e-02

 3.85156e-03  2.16450e-02
 3.85156e-03  2.16450e-02
 3.82343e-03  2.17937e-02
 3.70869e-03  2.16950e-02
 3.85156e-03  2.16450e-02

 2.28299e-04  2.22150e-02
 2.28299e-04  2.22150e-02
 1.52615e-04  2.20839e-02
 3.03982e-04  2.20839e-02
 2.28299e-04  2.22150e-02

 6.84896e-04  2.22150e-02
 6.84896e-04  2.22150e-02
 5.53808e-04  2.22907e-02
 5.53808e-04  2.21393e-02
 6.84896e-04  2.22150e-02

 1.14149e-03  2.22150e-02
 1.14149e-03  2.22150e-02
 1.01041e-03  2.22907e-02
 1.01041e-03  2.21393e-02
 1.14149e-03  2.22150e-02

 1.59809e-03  2.22150e-02
 1.59809e-03  2.22150e-02
 1.46700e-03  2.22907e-02
 1.46700e-03  2.21393e-02
 1.59809e-03  2.22150e-02

 2.05469e-03  2.22150e-02
 2.05469e-03  2.22150e-02
 1.92360e-03  2.22907e-02
 1.92360e-03  2.21393e-02
 2.05469e-03  2.22150e-02

 2.51128e-03  2.22150e-02
 2.51129e-03  2.22150e-02
 2.38020e-03  2.22907e-02
 2.38020e-03  2.21393e-02
 2.51129e-03  2.22150e-02

 2.96788e-03  2.22150e-02
 2.96788e-03  2.22150e-02
 2.83679e-03  2.22907e-02
 2.83679e-03  2.21393e-02
 2.96788e-03  2.22150e-02

 3.42448e-03  2.22150e-02
 3.42448e-03  2.22150e-02
 3.29339e-03  2.22907e-02
 3.29339e-03  2.21393e-02
 3.42448e-03  2.22150e-02

 3.88108e-03  2.22150e-02
 3.88108e-03  2.22150e-02
 3.74999e-03  2.22907e-02
 3.74999e-03  2.21393e-02
 3.88108e-03  2.22150e-02

 3.76510e-03  1.13850e-02
 3.76508e-03  1.13850e-02
 3.89617e-03  1.13093e-02
 3.89617e-03  1.14607e-02
 3.76508e-03  1.13850e-02

 4.26406e-03  1.13850e-02
 4.26404e-03  1.13850e-02
 4.39512e-03  1.13093e-02
 4.39512e-03  1.14607e-02
 4.26404e-03  1.13850e-02

 4.76302e-03  1.13850e-02
 4.76300e-03  1.13850e-02
 4.89408e-03  1.13093e-02
 4.89408e-03  1.14607e-02
 4.76300e-03  1.13850e-02

 5.26198e-03  1.13850e-02
 5.26196e-03  1.13850e-02
 5.39305e-03  1.13093e-02
 5.39305e-03  1.14607e-02
 5.26196e-03  1.13850e-02

 5.76094e-03  1.13850e-02
 5.76092e-03  1.13850e-02
 5.89201e-03  1.13093e-02
 5.89201e-03  1.14607e-02
 5.76092e-03  1.13850e-02

 6.25990e-03  1.13850e-02
 6.25988e-03  1.13850e-02
 6.39097e-03  1.13093e-02
 6.39097e-03  1.14607e-02
 6.25988e-03  1.13850e-02

 6.75885e-03  1.13850e-02
 6.75885e-03  1.13850e-02
 6.88993e-03  1.13093e-02
 6.88993e-03  1.14607e-02
 6.75885e-03  1.13850e-02

 7.25781e-03  1.13850e-02
 7.25781e-03  1.13850e-02
 7.38889e-03  1.13093e-02
 7.38889e-03  1.14607e-02
 7.25781e-03  1.13850e-02

 7.75677e-03  1.13850e-02
 7.75677e-03  1.13850e-02
 7.88785e-03  1.13093e-02
 7.88785e-03  1.14607e-02
 7.75677e-03  1.13850e-02

 8.25573e-03  1.13850e-02
 8.25573e-03  1.13850e-02
 8.38681e-03  1.13093e-02
 8.38681e-03  1.14607e-02
 8.25573e-03  1.13850e-02

 8.75469e-03  1.13850e-02
 8.75469e-03  1.13850e-02
 8.88577e-03  1.13093e-02
 8.88577e-03  1.14607e-02
 8.75469e-03  1.13850e-02

 9.25365e-03  1.13850e-02
 9.25364e-03  1.13850e-02
 9.38473e-03  1.13093e-02
 9.38473e-03  1.14607e-02
 9.25364e-03  1.13850e-02

 9.75260e-03  1.13850e-02
 9.75260e-03  1.13850e-02
 9.88369e-03  1.13093e-02
 9.88369e-03  1.14607e-02
 9.75260e-03  1.13850e-02

 1.02516e-02  1.13850e-02
 1.02516e-02  1.13850e-02
 1.03826e-02  1.13093e-02
 1.03826e-02  1.14607e-02
 1.02516e-02  1.13850e-02

 1.07505e-02  1.13850e-02
 1.07505e-02  1.13850e-02
 1.06194e-02  1.14607e-02
 1.06194e-02  1.13093e-02
 1.07505e-02  1.13850e-02

 3.79531e-03  1.19550e-02
 3.79529e-03  1.19550e-02
 3.87767e-03  1.18280e-02
 3.94646e-03  1.19629e-02
 3.79529e-03  1.19550e-02

 4.29219e-03  1.19550e-02
 4.29217e-03  1.19550e-02
 4.41299e-03  1.18638e-02
 4.43154e-03  1.20140e-02
 4.29217e-03  1.19550e-02

 4.78906e-03  1.19550e-02
 4.78904e-03  1.19550e-02
 4.93242e-03  1.19065e-02
 4.90277e-03  1.20549e-02
 4.78904e-03  1.19550e-02

 5.28594e-03  1.19550e-02
 5.28592e-03  1.19550e-02
 5.43675e-03  1.19422e-02
 5.37240e-03  1.20792e-02
 5.28592e-03  1.19550e-02

 5.78281e-03  1.19550e-02
 5.78280e-03  1.19550e-02
 5.93367e-03  1.19673e-02
 5.84758e-03  1.20918e-02
 5.78280e-03  1.19550e-02

 6.27969e-03  1.19550e-02
 6.27968e-03  1.19550e-02
 6.42829e-03  1.19837e-02
 6.32910e-03  1.20981e-02
 6.27968e-03  1.19550e-02

 6.77656e-03  1.19550e-02
 6.77656e-03  1.19550e-02
 6.92266e-03  1.19946e-02
 6.81533e-03  1.21013e-02
 6.77656e-03  1.19550e-02

 7.27344e-03  1.19550e-02
 7.27343e-03  1.19550e-02
 7.41721e-03  1.20023e-02
 7.30435e-03  1.21032e-02
 7.27343e-03  1.19550e-02

 7.77031e-03  1.19550e-02
 7.77031e-03  1.19550e-02
 7.91167e-03  1.20091e-02
 7.79413e-03  1.21045e-02
 7.77031e-03  1.19550e-02

 8.26719e-03  1.19550e-02
 8.26719e-03  1.19550e-02
 8.40528e-03  1.20170e-02
 8.28256e-03  1.21056e-02
 8.26719e-03  1.19550e-02

 8.76406e-03  1.19550e-02
 8.76406e-03  1.19550e-02
 8.89690e-03  1.20276e-02
 8.76763e-03  1.21063e-02
 8.76406e-03  1.19550e-02

 9.26094e-03  1.19550e-02
 9.26094e-03  1.19550e-02
 9.38482e-03  1.20420e-02
 9.24755e-03  1.21058e-02
 9.26094e-03  1.19550e-02

 9.75781e-03  1.19550e-02
 9.75781e-03  1.19550e-02
 9.86810e-03  1.20587e-02
 9.72317e-03  1.21023e-02
 9.75781e-03  1.19550e-02

 1.02547e-02  1.19550e-02
 1.02547e-02  1.19550e-02
 1.03469e-02  1.20750e-02
 1.01969e-02  1.20949e-02
 1.02547e-02  1.19550e-02

 1.07516e-02  1.19550e-02
 1.07516e-02  1.19550e-02
 1.08272e-02  1.20861e-02
 1.06759e-02  1.20861e-02
 1.07516e-02  1.19550e-02

 3.82552e-03  1.25250e-02
 3.82552e-03  1.25250e-02
 3.79581e-03  1.23766e-02
 3.93921e-03  1.24251e-02
 3.82552e-03  1.25250e-02

 4.32031e-03  1.25250e-02
 4.32031e-03  1.25250e-02
 4.46746e-03  1.25605e-02
 4.36316e-03  1.26702e-02
 4.32031e-03  1.25250e-02

 4.81510e-03  1.25250e-02
 4.81510e-03  1.25250e-02
 4.92514e-03  1.26289e-02
 4.78010e-03  1.26723e-02
 4.81510e-03  1.25250e-02

 5.30990e-03  1.25250e-02
 5.30989e-03  1.25250e-02
 5.41612e-03  1.26328e-02
 5.26962e-03  1.26709e-02
 5.30989e-03  1.25250e-02

 5.80469e-03  1.25250e-02
 5.80469e-03  1.25250e-02
 5.91340e-03  1.26303e-02
 5.76783e-03  1.26718e-02
 5.80469e-03  1.25250e-02

 6.29948e-03  1.25250e-02
 6.29948e-03  1.25250e-02
 6.41290e-03  1.26252e-02
 6.26938e-03  1.26733e-02
 6.29948e-03  1.25250e-02

 6.79427e-03  1.25250e-02
 6.79427e-03  1.25250e-02
 6.91291e-03  1.26190e-02
 6.77219e-03  1.26747e-02
 6.79427e-03  1.25250e-02

 7.28906e-03  1.25250e-02
 7.28906e-03  1.25250e-02
 7.41221e-03  1.26130e-02
 7.27441e-03  1.26757e-02
 7.28906e-03  1.25250e-02

 7.78385e-03  1.25250e-02
 7.78385e-03  1.25250e-02
 7.90978e-03  1.26090e-02
 7.77409e-03  1.26760e-02
 7.78385e-03  1.25250e-02

 8.27865e-03  1.25250e-02
 8.27864e-03  1.25250e-02
 8.40484e-03  1.26086e-02
 8.26935e-03  1.26761e-02
 8.27864e-03  1.25250e-02

 8.77344e-03  1.25250e-02
 8.77344e-03  1.25250e-02
 8.89674e-03  1.26128e-02
 8.75906e-03  1.26757e-02
 8.77344e-03  1.25250e-02

 9.26823e-03  1.25250e-02
 9.26823e-03  1.25250e-02
 9.38469e-03  1.26217e-02
 9.24273e-03  1.26742e-02
 9.26823e-03  1.25250e-02

 9.76302e-03  1.25250e-02
 9.76302e-03  1.25250e-02
 9.86872e-03  1.26333e-02
 9.72204e-03  1.26707e-02
 9.76302e-03  1.25250e-02

 1.02578e-02  1.25250e-02
 1.02578e-02  1.25250e-02
 1.03504e-02  1.26447e-02
 1.02004e-02  1.26651e-02
 1.02578e-02  1.25250e-02

 1.07526e-02  1.25250e-02
 1.07526e-02  1.25250e-02
 1.08283e-02  1.26561e-02
 1.06769e-02  1.26561e-02
 1.07526e-02  1.25250e-02

 3.85573e-03  1.30950e-02
 3.85573e-03  1.30950e-02
 3.70774e-03  1.30632e-02
 3.80926e-03  1.29509e-02
 3.85573e-03  1.30950e-02

 4.34844e-03  1.30950e-02
 4.34844e-03  1.30950e-02
 4.22547e-03  1.31833e-02
 4.21052e-03  1.30326e-02
 4.34844e-03  1.30950e-02

 4.84115e-03  1.30950e-02
 4.84115e-03  1.30950e-02
 4.80847e-03  1.32428e-02
 4.69681e-03  1.31406e-02
 4.84115e-03  1.30950e-02

 5.33385e-03  1.30950e-02
 5.33386e-03  1.30950e-02
 5.35313e-03  1.32451e-02
 5.21347e-03  1.31867e-02
 5.33386e-03  1.30950e-02

 5.82656e-03  1.30950e-02
 5.82656e-03  1.30950e-02
 5.87403e-03  1.32387e-02
 5.72582e-03  1.32080e-02
 5.82656e-03  1.30950e-02

 6.31927e-03  1.30950e-02
 6.31927e-03  1.30950e-02
 6.38499e-03  1.32313e-02
 6.23404e-03  1.32201e-02
 6.31927e-03  1.30950e-02

 6.81198e-03  1.30950e-02
 6.81198e-03  1.30950e-02
 6.89063e-03  1.32243e-02
 6.73930e-03  1.32278e-02
 6.81198e-03  1.30950e-02

 7.30469e-03  1.30950e-02
 7.30469e-03  1.30950e-02
 7.39240e-03  1.32184e-02
 7.24170e-03  1.32326e-02
 7.30469e-03  1.30950e-02

 7.79740e-03  1.30950e-02
 7.79740e-03  1.30950e-02
 7.89077e-03  1.32141e-02
 7.74091e-03  1.32354e-02
 7.79740e-03  1.30950e-02

 8.29010e-03  1.30950e-02
 8.29010e-03  1.30950e-02
 8.38586e-03  1.32122e-02
 8.23645e-03  1.32365e-02
 8.29010e-03  1.30950e-02

 8.78281e-03  1.30950e-02
 8.78281e-03  1.30950e-02
 8.87796e-03  1.32127e-02
 8.72844e-03  1.32363e-02
 8.78281e-03  1.30950e-02

 9.27552e-03  1.30950e-02
 9.27552e-03  1.30950e-02
 9.36713e-03  1.32155e-02
 9.21697e-03  1.32346e-02
 9.27552e-03  1.30950e-02

 9.76823e-03  1.30950e-02
 9.76823e-03  1.30950e-02
 9.85478e-03  1.32192e-02
 9.70396e-03  1.32320e-02
 9.76823e-03  1.30950e-02

 1.02609e-02  1.30950e-02
 1.02609e-02  1.30950e-02
 1.03407e-02  1.32236e-02
 1.01895e-02  1.32284e-02
 1.02609e-02  1.30950e-02

 1.07536e-02  1.30950e-02
 1.07536e-02  1.30950e-02
 1.08293e-02  1.32261e-02
 1.06780e-02  1.32261e-02
 1.07536e-02  1.30950e-02

 3.88594e-03  1.36650e-02
 3.88595e-03  1.36650e-02
 3.73976e-03  1.37043e-02
 3.77886e-03  1.35580e-02
 3.88595e-03  1.36650e-02

 4.37656e-03  1.36650e-02
 4.37657e-03  1.36650e-02
 4.26057e-03  1.37622e-02
 4.23436e-03  1.36132e-02
 4.37657e-03  1.36650e-02

 4.86719e-03  1.36650e-02
 4.86719e-03  1.36650e-02
 4.79450e-03  1.37978e-02
 4.71587e-03  1.36684e-02
 4.86719e-03  1.36650e-02

 5.35781e-03  1.36650e-02
 5.35782e-03  1.36650e-02
 5.32517e-03  1.38128e-02
 5.21349e-03  1.37106e-02
 5.35782e-03  1.36650e-02

 5.84844e-03  1.36650e-02
 5.84844e-03  1.36650e-02
 5.84833e-03  1.38164e-02
 5.71730e-03  1.37406e-02
 5.84844e-03  1.36650e-02

 6.33906e-03  1.36650e-02
 6.33906e-03  1.36650e-02
 6.36467e-03  1.38142e-02
 6.22267e-03  1.37618e-02
 6.33906e-03  1.36650e-02

 6.82969e-03  1.36650e-02
 6.82969e-03  1.36650e-02
 6.87536e-03  1.38093e-02
 6.72754e-03  1.37767e-02
 6.82969e-03  1.36650e-02

 7.32031e-03  1.36650e-02
 7.32031e-03  1.36650e-02
 7.38099e-03  1.38037e-02
 7.23055e-03  1.37869e-02
 7.32031e-03  1.36650e-02

 7.81094e-03  1.36650e-02
 7.81094e-03  1.36650e-02
 7.88206e-03  1.37986e-02
 7.73078e-03  1.37934e-02
 7.81094e-03  1.36650e-02

 8.30156e-03  1.36650e-02
 8.30156e-03  1.36650e-02
 8.37897e-03  1.37951e-02
 8.22762e-03  1.37971e-02
 8.30156e-03  1.36650e-02

 8.79219e-03  1.36650e-02
 8.79219e-03  1.36650e-02
 8.87254e-03  1.37933e-02
 8.72127e-03  1.37987e-02
 8.79219e-03  1.36650e-02

 9.28281e-03  1.36650e-02
 9.28281e-03  1.36650e-02
 9.36308e-03  1.37933e-02
 9.21181e-03  1.37987e-02
 9.28281e-03  1.36650e-02

 9.77344e-03  1.36650e-02
 9.77344e-03  1.36650e-02
 9.85244e-03  1.37941e-02
 9.70112e-03  1.37980e-02
 9.77344e-03  1.36650e-02

 1.02641e-02  1.36650e-02
 1.02641e-02  1.36650e-02
 1.03399e-02  1.37960e-02
 1.01886e-02  1.37962e-02
 1.02641e-02  1.36650e-02

 1.07547e-02  1.36650e-02
 1.07547e-02  1.36650e-02
 1.08304e-02  1.37961e-02
 1.06790e-02  1.37961e-02
 1.07547e-02  1.36650e-02

 3.91615e-03  1.42350e-02
 3.91615e-03  1.42350e-02
 3.77170e-03  1.42802e-02
 3.80475e-03  1.41325e-02
 3.91615e-03  1.42350e-02

 4.40469e-03  1.42350e-02
 4.40469e-03  1.42350e-02
 4.28475e-03  1.43273e-02
 4.26476e-03  1.41773e-02
 4.40469e-03  1.42350e-02

 4.89323e-03  1.42350e-02
 4.89324e-03  1.42350e-02
 4.80813e-03  1.43602e-02
 4.74228e-03  1.42239e-02
 4.89324e-03  1.42350e-02

 5.38177e-03  1.42350e-02
 5.38178e-03  1.42350e-02
 5.33231e-03  1.43781e-02
 5.23315e-03  1.42637e-02
 5.38178e-03  1.42350e-02

 5.87031e-03  1.42350e-02
 5.87032e-03  1.42350e-02
 5.85231e-03  1.43853e-02
 5.73116e-03  1.42945e-02
 5.87032e-03  1.42350e-02

 6.35885e-03  1.42350e-02
 6.35886e-03  1.42350e-02
 6.36671e-03  1.43862e-02
 6.23187e-03  1.43174e-02
 6.35886e-03  1.42350e-02

 6.84740e-03  1.42350e-02
 6.84740e-03  1.42350e-02
 6.87570e-03  1.43837e-02
 6.73278e-03  1.43339e-02
 6.84740e-03  1.42350e-02

 7.33594e-03  1.42350e-02
 7.33594e-03  1.42350e-02
 7.37979e-03  1.43799e-02
 7.23240e-03  1.43454e-02
 7.33594e-03  1.42350e-02

 7.82448e-03  1.42350e-02
 7.82448e-03  1.42350e-02
 7.87968e-03  1.43759e-02
 7.73002e-03  1.43533e-02
 7.82448e-03  1.42350e-02

 8.31302e-03  1.42350e-02
 8.31302e-03  1.42350e-02
 8.37593e-03  1.43727e-02
 8.22525e-03  1.43583e-02
 8.31302e-03  1.42350e-02

 8.80156e-03  1.42350e-02
 8.80156e-03  1.42350e-02
 8.86947e-03  1.43703e-02
 8.71836e-03  1.43614e-02
 8.80156e-03  1.42350e-02

 9.29010e-03  1.42350e-02
 9.29010e-03  1.42350e-02
 9.36042e-03  1.43690e-02
 9.20918e-03  1.43629e-02
 9.29010e-03  1.42350e-02

 9.77865e-03  1.42350e-02
 9.77865e-03  1.42350e-02
 9.85075e-03  1.43681e-02
 9.69944e-03  1.43640e-02
 9.77865e-03  1.42350e-02

 1.02672e-02  1.42350e-02
 1.02672e-02  1.42350e-02
 1.03387e-02  1.43684e-02
 1.01874e-02  1.43636e-02
 1.02672e-02  1.42350e-02

 1.07557e-02  1.42350e-02
 1.07557e-02  1.42350e-02
 1.08314e-02  1.43661e-02
 1.06800e-02  1.43661e-02
 1.07557e-02  1.42350e-02

 3.94635e-03  1.48050e-02
 3.94636e-03  1.48050e-02
 3.81024e-03  1.48712e-02
 3.82097e-03  1.47202e-02
 3.94636e-03  1.48050e-02

 4.43281e-03  1.48050e-02
 4.43282e-03  1.48050e-02
 4.31952e-03  1.49054e-02
 4.28924e-03  1.47571e-02
 4.43282e-03  1.48050e-02

 4.91927e-03  1.48050e-02
 4.91928e-03  1.48050e-02
 4.83401e-03  1.49301e-02
 4.76833e-03  1.47937e-02
 4.91928e-03  1.48050e-02

 5.40573e-03  1.48050e-02
 5.40573e-03  1.48050e-02
 5.34941e-03  1.49455e-02
 5.25590e-03  1.48265e-02
 5.40573e-03  1.48050e-02

 5.89219e-03  1.48050e-02
 5.89219e-03  1.48050e-02
 5.86296e-03  1.49535e-02
 5.74896e-03  1.48539e-02
 5.89219e-03  1.48050e-02

 6.37865e-03  1.48050e-02
 6.37865e-03  1.48050e-02
 6.37321e-03  1.49563e-02
 6.24493e-03  1.48759e-02
 6.37865e-03  1.48050e-02

 6.86510e-03  1.48050e-02
 6.86511e-03  1.48050e-02
 6.87966e-03  1.49557e-02
 6.74190e-03  1.48929e-02
 6.86511e-03  1.48050e-02

 7.35156e-03  1.48050e-02
 7.35156e-03  1.48050e-02
 7.38221e-03  1.49532e-02
 7.23852e-03  1.49057e-02
 7.35156e-03  1.48050e-02

 7.83802e-03  1.48050e-02
 7.83802e-03  1.48050e-02
 7.88123e-03  1.49501e-02
 7.73399e-03  1.49150e-02
 7.83802e-03  1.48050e-02

 8.32448e-03  1.48050e-02
 8.32448e-03  1.48050e-02
 8.37701e-03  1.49470e-02
 8.22781e-03  1.49215e-02
 8.32448e-03  1.48050e-02

 8.81094e-03  1.48050e-02
 8.81094e-03  1.48050e-02
 8.87039e-03  1.49442e-02
 8.72011e-03  1.49261e-02
 8.81094e-03  1.48050e-02

 9.29740e-03  1.48050e-02
 9.29740e-03  1.48050e-02
 9.36128e-03  1.49422e-02
 9.21050e-03  1.49289e-02
 9.29740e-03  1.48050e-02

 9.78385e-03  1.48050e-02
 9.78385e-03  1.48050e-02
 9.85173e-03  1.49403e-02
 9.70063e-03  1.49314e-02
 9.78385e-03  1.48050e-02

 1.02703e-02  1.48050e-02
 1.02703e-02  1.48050e-02
 1.03394e-02  1.49397e-02
 1.01882e-02  1.49322e-02
 1.02703e-02  1.48050e-02

 1.07568e-02  1.48050e-02
 1.07568e-02  1.48050e-02
 1.08325e-02  1.49361e-02
 1.06811e-02  1.49361e-02
 1.07568e-02  1.48050e-02

 3.97656e-03  1.53750e-02
 3.97657e-03  1.53750e-02
 3.84537e-03  1.54505e-02
 3.84558e-03  1.52991e-02
 3.97657e-03  1.53750e-02

 4.46094e-03  1.53750e-02
 4.46094e-03  1.53750e-02
 4.35181e-03  1.54799e-02
 4.31554e-03  1.53329e-02
 4.46094e-03  1.53750e-02

 4.94531e-03  1.53750e-02
 4.94532e-03  1.53750e-02
 4.86210e-03  1.55014e-02
 4.79421e-03  1.53662e-02
 4.94532e-03  1.53750e-02

 5.42969e-03  1.53750e-02
 5.42969e-03  1.53750e-02
 5.37301e-03  1.55154e-02
 5.27980e-03  1.53961e-02
 5.42969e-03  1.53750e-02

 5.91406e-03  1.53750e-02
 5.91407e-03  1.53750e-02
 5.88227e-03  1.55230e-02
 5.77000e-03  1.54215e-02
 5.91407e-03  1.53750e-02

 6.39844e-03  1.53750e-02
 6.39844e-03  1.53750e-02
 6.38862e-03  1.55260e-02
 6.26272e-03  1.54420e-02
 6.39844e-03  1.53750e-02

 6.88281e-03  1.53750e-02
 6.88281e-03  1.53750e-02
 6.89167e-03  1.55261e-02
 6.75638e-03  1.54582e-02
 6.88281e-03  1.53750e-02

 7.36719e-03  1.53750e-02
 7.36719e-03  1.53750e-02
 7.39140e-03  1.55244e-02
 7.24990e-03  1.54707e-02
 7.36719e-03  1.53750e-02

 7.85156e-03  1.53750e-02
 7.85156e-03  1.53750e-02
 7.88820e-03  1.55219e-02
 7.74269e-03  1.54802e-02
 7.85156e-03  1.53750e-02

 8.33594e-03  1.53750e-02
 8.33594e-03  1.53750e-02
 8.38229e-03  1.55191e-02
 8.23433e-03  1.54872e-02
 8.33594e-03  1.53750e-02

 8.82031e-03  1.53750e-02
 8.82031e-03  1.53750e-02
 8.87446e-03  1.55163e-02
 8.72497e-03  1.54926e-02
 8.82031e-03  1.53750e-02

 9.30469e-03  1.53750e-02
 9.30469e-03  1.53750e-02
 9.36439e-03  1.55141e-02
 9.21408e-03  1.54963e-02
 9.30469e-03  1.53750e-02

 9.78906e-03  1.53750e-02
 9.78906e-03  1.53750e-02
 9.85413e-03  1.55117e-02
 9.70324e-03  1.54997e-02
 9.78906e-03  1.53750e-02

 1.02734e-02  1.53750e-02
 1.02734e-02  1.53750e-02
 1.03408e-02  1.55105e-02
 1.01897e-02  1.55011e-02
 1.02734e-02  1.53750e-02

 1.07578e-02  1.53750e-02
 1.07578e-02  1.53750e-02
 1.08335e-02  1.55061e-02
 1.06821e-02  1.55061e-02
 1.07578e-02  1.53750e-02

 4.00677e-03  1.59450e-02
 4.00677e-03  1.59450e-02
 3.88763e-03  1.60384e-02
 3.86635e-03  1.58885e-02
 4.00677e-03  1.59450e-02

 4.48906e-03  1.59450e-02
 4.48907e-03  1.59450e-02
 4.39080e-03  1.60601e-02
 4.34022e-03  1.59175e-02
 4.48907e-03  1.59450e-02

 4.97135e-03  1.59450e-02
 4.97136e-03  1.59450e-02
 4.89587e-03  1.60762e-02
 4.81999e-03  1.59452e-02
 4.97136e-03  1.59450e-02

 5.45365e-03  1.59450e-02
 5.45365e-03  1.59450e-02
 5.40102e-03  1.60869e-02
 5.30442e-03  1.59704e-02
 5.45365e-03  1.59450e-02

 5.93594e-03  1.59450e-02
 5.93594e-03  1.59450e-02
 5.90489e-03  1.60931e-02
 5.79212e-03  1.59922e-02
 5.93594e-03  1.59450e-02

 6.41823e-03  1.59450e-02
 6.41823e-03  1.59450e-02
 6.40667e-03  1.60959e-02
 6.28174e-03  1.60104e-02
 6.41823e-03  1.59450e-02

 6.90052e-03  1.59450e-02
 6.90052e-03  1.59450e-02
 6.90601e-03  1.60963e-02
 6.77226e-03  1.60254e-02
 6.90052e-03  1.59450e-02

 7.38281e-03  1.59450e-02
 7.38281e-03  1.59450e-02
 7.40283e-03  1.60950e-02
 7.26288e-03  1.60373e-02
 7.38281e-03  1.59450e-02

 7.86510e-03  1.59450e-02
 7.86511e-03  1.59450e-02
 7.89735e-03  1.60929e-02
 7.75315e-03  1.60469e-02
 7.86511e-03  1.59450e-02

 8.34740e-03  1.59450e-02
 8.34740e-03  1.59450e-02
 8.38967e-03  1.60903e-02
 8.24266e-03  1.60543e-02
 8.34740e-03  1.59450e-02

 8.82969e-03  1.59450e-02
 8.82969e-03  1.59450e-02
 8.88040e-03  1.60876e-02
 8.73153e-03  1.60602e-02
 8.82969e-03  1.59450e-02

 9.31198e-03  1.59450e-02
 9.31198e-03  1.59450e-02
 9.36909e-03  1.60852e-02
 9.21913e-03  1.60645e-02
 9.31198e-03  1.59450e-02

 9.79427e-03  1.59450e-02
 9.79427e-03  1.59450e-02
 9.85766e-03  1.60825e-02
 9.70693e-03  1.60686e-02
 9.79427e-03  1.59450e-02

 1.02766e-02  1.59450e-02
 1.02766e-02  1.59450e-02
 1.03431e-02  1.60810e-02
 1.01921e-02  1.60706e-02
 1.02766e-02  1.59450e-02

 1.07589e-02  1.59450e-02
 1.07589e-02  1.59450e-02
 1.08345e-02  1.60761e-02
 1.06832e-02  1.60761e-02
 1.07589e-02  1.59450e-02

 4.03698e-03  1.65150e-02
 4.03698e-03  1.65150e-02
 3.92985e-03  1.66219e-02
 3.89081e-03  1.64757e-02
 4.03698e-03  1.65150e-02

 4.51719e-03  1.65150e-02
 4.51719e-03  1.65150e-02
 4.42983e-03  1.66386e-02
 4.36646e-03  1.65011e-02
 4.51719e-03  1.65150e-02

 4.99740e-03  1.65150e-02
 4.99740e-03  1.65150e-02
 4.93068e-03  1.66509e-02
 4.84637e-03  1.65252e-02
 4.99740e-03  1.65150e-02

 5.47760e-03  1.65150e-02
 5.47761e-03  1.65150e-02
 5.43123e-03  1.66591e-02
 5.32963e-03  1.65469e-02
 5.47761e-03  1.65150e-02

 5.95781e-03  1.65150e-02
 5.95781e-03  1.65150e-02
 5.93057e-03  1.66639e-02
 5.81524e-03  1.65658e-02
 5.95781e-03  1.65150e-02

 6.43802e-03  1.65150e-02
 6.43802e-03  1.65150e-02
 6.42816e-03  1.66660e-02
 6.30228e-03  1.65820e-02
 6.43802e-03  1.65150e-02

 6.91823e-03  1.65150e-02
 6.91823e-03  1.65150e-02
 6.92381e-03  1.66663e-02
 6.79002e-03  1.65955e-02
 6.91823e-03  1.65150e-02

 7.39844e-03  1.65150e-02
 7.39844e-03  1.65150e-02
 7.41745e-03  1.66652e-02
 7.27790e-03  1.66065e-02
 7.39844e-03  1.65150e-02

 7.87865e-03  1.65150e-02
 7.87865e-03  1.65150e-02
 7.90931e-03  1.66632e-02
 7.76561e-03  1.66157e-02
 7.87865e-03  1.65150e-02

 8.35885e-03  1.65150e-02
 8.35885e-03  1.65150e-02
 8.39938e-03  1.66608e-02
 8.25281e-03  1.66230e-02
 8.35885e-03  1.65150e-02

 8.83906e-03  1.65150e-02
 8.83906e-03  1.65150e-02
 8.88818e-03  1.66582e-02
 8.73963e-03  1.66291e-02
 8.83906e-03  1.65150e-02

 9.31927e-03  1.65150e-02
 9.31927e-03  1.65150e-02
 9.37517e-03  1.66557e-02
 9.22540e-03  1.66337e-02
 9.31927e-03  1.65150e-02

 9.79948e-03  1.65150e-02
 9.79948e-03  1.65150e-02
 9.86212e-03  1.66528e-02
 9.71146e-03  1.66381e-02
 9.79948e-03  1.65150e-02

 1.02797e-02  1.65150e-02
 1.02797e-02  1.65150e-02
 1.03460e-02  1.66511e-02
 1.01950e-02  1.66404e-02
 1.02797e-02  1.65150e-02

 1.07599e-02  1.65150e-02
 1.07599e-02  1.65150e-02
 1.08356e-02  1.66461e-02
 1.06842e-02  1.66461e-02
 1.07599e-02  1.65150e-02

 4.06719e-03  1.70850e-02
 4.06719e-03  1.70850e-02
 3.97696e-03  1.72065e-02
 3.91682e-03  1.70676e-02
 4.06719e-03  1.70850e-02

 4.54531e-03  1.70850e-02
 4.54531e-03  1.70850e-02
 4.47228e-03  1.72176e-02
 4.39398e-03  1.70880e-02
 4.54531e-03  1.70850e-02

 5.02344e-03  1.70850e-02
 5.02344e-03  1.70850e-02
 4.96793e-03  1.72258e-02
 4.87373e-03  1.71073e-02
 5.02344e-03  1.70850e-02

 5.50156e-03  1.70850e-02
 5.50156e-03  1.70850e-02
 5.46326e-03  1.72314e-02
 5.35559e-03  1.71250e-02
 5.50156e-03  1.70850e-02

 5.97969e-03  1.70850e-02
 5.97969e-03  1.70850e-02
 5.95774e-03  1.72348e-02
 5.83901e-03  1.71409e-02
 5.97969e-03  1.70850e-02

 6.45781e-03  1.70850e-02
 6.45781e-03  1.70850e-02
 6.45100e-03  1.72362e-02
 6.32345e-03  1.71547e-02
 6.45781e-03  1.70850e-02

 6.93594e-03  1.70850e-02
 6.93594e-03  1.70850e-02
 6.94291e-03  1.72362e-02
 6.80847e-03  1.71666e-02
 6.93594e-03  1.70850e-02

 7.41406e-03  1.70850e-02
 7.41406e-03  1.70850e-02
 7.43337e-03  1.72351e-02
 7.29370e-03  1.71768e-02
 7.41406e-03  1.70850e-02

 7.89219e-03  1.70850e-02
 7.89219e-03  1.70850e-02
 7.92249e-03  1.72333e-02
 7.77891e-03  1.71854e-02
 7.89219e-03  1.70850e-02

 8.37031e-03  1.70850e-02
 8.37031e-03  1.70850e-02
 8.41024e-03  1.72310e-02
 8.26383e-03  1.71926e-02
 8.37031e-03  1.70850e-02

 8.84844e-03  1.70850e-02
 8.84844e-03  1.70850e-02
 8.89698e-03  1.72284e-02
 8.74854e-03  1.71987e-02
 8.84844e-03  1.70850e-02

 9.32656e-03  1.70850e-02
 9.32656e-03  1.70850e-02
 9.38212e-03  1.72258e-02
 9.23240e-03  1.72035e-02
 9.32656e-03  1.70850e-02

 9.80469e-03  1.70850e-02
 9.80469e-03  1.70850e-02
 9.86718e-03  1.72229e-02
 9.71654e-03  1.72081e-02
 9.80469e-03  1.70850e-02

 1.02828e-02  1.70850e-02
 1.02828e-02  1.70850e-02
 1.03494e-02  1.72209e-02
 1.01984e-02  1.72106e-02
 1.02828e-02  1.70850e-02

 1.07609e-02  1.70850e-02
 1.07609e-02  1.70850e-02
 1.08366e-02  1.72161e-02
 1.06853e-02  1.72161e-02
 1.07609e-02  1.70850e-02

 4.09740e-03  1.76550e-02
 4.09740e-03  1.76550e-02
 4.02304e-03  1.77868e-02
 3.94604e-03  1.76565e-02
 4.09740e-03  1.76550e-02

 4.57344e-03  1.76550e-02
 4.57344e-03  1.76550e-02
 4.51365e-03  1.77941e-02
 4.42312e-03  1.76727e-02
 4.57344e-03  1.76550e-02

 5.04948e-03  1.76550e-02
 5.04948e-03  1.76550e-02
 5.00450e-03  1.77995e-02
 4.90183e-03  1.76883e-02
 5.04948e-03  1.76550e-02

 5.52552e-03  1.76550e-02
 5.52552e-03  1.76550e-02
 5.49516e-03  1.78033e-02
 5.38192e-03  1.77029e-02
 5.52552e-03  1.76550e-02

 6.00156e-03  1.76550e-02
 6.00156e-03  1.76550e-02
 5.98528e-03  1.78055e-02
 5.86309e-03  1.77161e-02
 6.00156e-03  1.76550e-02

 6.47760e-03  1.76550e-02
 6.47761e-03  1.76550e-02
 6.47458e-03  1.78063e-02
 6.34503e-03  1.77280e-02
 6.47761e-03  1.76550e-02

 6.95365e-03  1.76550e-02
 6.95365e-03  1.76550e-02
 6.96294e-03  1.78061e-02
 6.82745e-03  1.77386e-02
 6.95365e-03  1.76550e-02

 7.42969e-03  1.76550e-02
 7.42969e-03  1.76550e-02
 7.45029e-03  1.78050e-02
 7.31012e-03  1.77478e-02
 7.42969e-03  1.76550e-02

 7.90573e-03  1.76550e-02
 7.90573e-03  1.76550e-02
 7.93667e-03  1.78032e-02
 7.79288e-03  1.77559e-02
 7.90573e-03  1.76550e-02

 8.38177e-03  1.76550e-02
 8.38177e-03  1.76550e-02
 8.42200e-03  1.78009e-02
 8.27551e-03  1.77628e-02
 8.38177e-03  1.76550e-02

 8.85781e-03  1.76550e-02
 8.85781e-03  1.76550e-02
 8.90652e-03  1.77983e-02
 8.75805e-03  1.77688e-02
 8.85781e-03  1.76550e-02

 9.33385e-03  1.76550e-02
 9.33385e-03  1.76550e-02
 9.38968e-03  1.77957e-02
 9.23992e-03  1.77737e-02
 9.33385e-03  1.76550e-02

 9.80990e-03  1.76550e-02
 9.80990e-03  1.76550e-02
 9.87268e-03  1.77927e-02
 9.72200e-03  1.77782e-02
 9.80990e-03  1.76550e-02

 1.02859e-02  1.76550e-02
 1.02859e-02  1.76550e-02
 1.03531e-02  1.77906e-02
 1.02020e-02  1.77810e-02
 1.02859e-02  1.76550e-02

 1.07620e-02  1.76550e-02
 1.07620e-02  1.76550e-02
 1.08377e-02  1.77861e-02
 1.06863e-02  1.77861e-02
 1.07620e-02  1.76550e-02

 4.12760e-03  1.82250e-02
 4.12761e-03  1.82250e-02
 4.06956e-03  1.83648e-02
 3.97752e-03  1.82446e-02
 4.12761e-03  1.82250e-02

 4.60156e-03  1.82250e-02
 4.60156e-03  1.82250e-02
 4.55503e-03  1.83690e-02
 4.45356e-03  1.82567e-02
 4.60156e-03  1.82250e-02

 5.07552e-03  1.82250e-02
 5.07552e-03  1.82250e-02
 5.04095e-03  1.83724e-02
 4.93061e-03  1.82687e-02
 5.07552e-03  1.82250e-02

 5.54948e-03  1.82250e-02
 5.54948e-03  1.82250e-02
 5.52698e-03  1.83747e-02
 5.40860e-03  1.82804e-02
 5.54948e-03  1.82250e-02

 6.02344e-03  1.82250e-02
 6.02344e-03  1.82250e-02
 6.01285e-03  1.83760e-02
 5.88738e-03  1.82913e-02
 6.02344e-03  1.82250e-02

 6.49740e-03  1.82250e-02
 6.49740e-03  1.82250e-02
 6.49833e-03  1.83764e-02
 6.36678e-03  1.83015e-02
 6.49740e-03  1.82250e-02

 6.97135e-03  1.82250e-02
 6.97136e-03  1.82250e-02
 6.98327e-03  1.83759e-02
 6.84663e-03  1.83108e-02
 6.97136e-03  1.82250e-02

 7.44531e-03  1.82250e-02
 7.44531e-03  1.82250e-02
 7.46760e-03  1.83747e-02
 7.32679e-03  1.83192e-02
 7.44531e-03  1.82250e-02

 7.91927e-03  1.82250e-02
 7.91927e-03  1.82250e-02
 7.95128e-03  1.83729e-02
 7.80715e-03  1.83267e-02
 7.91927e-03  1.82250e-02

 8.39323e-03  1.82250e-02
 8.39323e-03  1.82250e-02
 8.43422e-03  1.83707e-02
 8.28753e-03  1.83334e-02
 8.39323e-03  1.82250e-02

 8.86719e-03  1.82250e-02
 8.86719e-03  1.82250e-02
 8.91651e-03  1.83681e-02
 8.76792e-03  1.83393e-02
 8.86719e-03  1.82250e-02

 9.34115e-03  1.82250e-02
 9.34115e-03  1.82250e-02
 9.39769e-03  1.83654e-02
 9.24782e-03  1.83442e-02
 9.34115e-03  1.82250e-02

 9.81510e-03  1.82250e-02
 9.81510e-03  1.82250e-02
 9.87852e-03  1.83624e-02
 9.72779e-03  1.83486e-02
 9.81510e-03  1.82250e-02

 1.02891e-02  1.82250e-02
 1.02891e-02  1.82250e-02
 1.03572e-02  1.83601e-02
 1.02061e-02  1.83516e-02
 1.02891e-02  1.82250e-02

 1.07630e-02  1.82250e-02
 1.07630e-02  1.82250e-02
 1.08387e-02  1.83561e-02
 1.06873e-02  1.83561e-02
 1.07630e-02  1.82250e-02

 4.15781e-03  1.87950e-02
 4.15781e-03  1.87950e-02
 4.11160e-03  1.89391e-02
 4.00988e-03  1.88270e-02
 4.15781e-03  1.87950e-02

 4.62969e-03  1.87950e-02
 4.62969e-03  1.87950e-02
 4.59258e-03  1.89417e-02
 4.48405e-03  1.88362e-02
 4.62969e-03  1.87950e-02

 5.10156e-03  1.87950e-02
 5.10156e-03  1.87950e-02
 5.07425e-03  1.89439e-02
 4.95897e-03  1.88458e-02
 5.10156e-03  1.87950e-02

 5.57344e-03  1.87950e-02
 5.57344e-03  1.87950e-02
 5.55630e-03  1.89454e-02
 5.43462e-03  1.88553e-02
 5.57344e-03  1.87950e-02

 6.04531e-03  1.87950e-02
 6.04531e-03  1.87950e-02
 6.03849e-03  1.89462e-02
 5.91095e-03  1.88647e-02
 6.04531e-03  1.87950e-02

 6.51719e-03  1.87950e-02
 6.51719e-03  1.87950e-02
 6.52061e-03  1.89463e-02
 6.38785e-03  1.88736e-02
 6.51719e-03  1.87950e-02

 6.98906e-03  1.87950e-02
 6.98906e-03  1.87950e-02
 7.00252e-03  1.89458e-02
 6.86522e-03  1.88820e-02
 6.98906e-03  1.87950e-02

 7.46094e-03  1.87950e-02
 7.46094e-03  1.87950e-02
 7.48413e-03  1.89446e-02
 7.34300e-03  1.88899e-02
 7.46094e-03  1.87950e-02

 7.93281e-03  1.87950e-02
 7.93281e-03  1.87950e-02
 7.96537e-03  1.89428e-02
 7.82107e-03  1.88971e-02
 7.93281e-03  1.87950e-02

 8.40469e-03  1.87950e-02
 8.40469e-03  1.87950e-02
 8.44613e-03  1.89406e-02
 8.29933e-03  1.89037e-02
 8.40469e-03  1.87950e-02

 8.87656e-03  1.87950e-02
 8.87656e-03  1.87950e-02
 8.92634e-03  1.89379e-02
 8.77766e-03  1.89096e-02
 8.87656e-03  1.87950e-02

 9.34844e-03  1.87950e-02
 9.34844e-03  1.87950e-02
 9.40568e-03  1.89351e-02
 9.25571e-03  1.89146e-02
 9.34844e-03  1.87950e-02

 9.82031e-03  1.87950e-02
 9.82031e-03  1.87950e-02
 9.88441e-03  1.89321e-02
 9.73360e-03  1.89191e-02
 9.82031e-03  1.87950e-02

 1.02922e-02  1.87950e-02
 1.02922e-02  1.87950e-02
 1.03615e-02  1.89296e-02
 1.02103e-02  1.89223e-02
 1.02922e-02  1.87950e-02

 1.07641e-02  1.87950e-02
 1.07641e-02  1.87950e-02
 1.08397e-02  1.89261e-02
 1.06884e-02  1.89261e-02
 1.07641e-02  1.87950e-02

 4.18802e-03  1.93650e-02
 4.18802e-03  1.93650e-02
 4.15287e-03  1.95122e-02
 4.04294e-03  1.94082e-02
 4.18802e-03  1.93650e-02

 4.65781e-03  1.93650e-02
 4.65781e-03  1.93650e-02
 4.62949e-03  1.95137e-02
 4.51488e-03  1.94148e-02
 4.65781e-03  1.93650e-02

 5.12760e-03  1.93650e-02
 5.12761e-03  1.93650e-02
 5.10706e-03  1.95150e-02
 4.98746e-03  1.94222e-02
 5.12761e-03  1.93650e-02

 5.59740e-03  1.93650e-02
 5.59740e-03  1.93650e-02
 5.58528e-03  1.95159e-02
 5.46067e-03  1.94299e-02
 5.59740e-03  1.93650e-02

 6.06719e-03  1.93650e-02
 6.06719e-03  1.93650e-02
 6.06393e-03  1.95163e-02
 5.93450e-03  1.94378e-02
 6.06719e-03  1.93650e-02

 6.53698e-03  1.93650e-02
 6.53698e-03  1.93650e-02
 6.54282e-03  1.95163e-02
 6.40891e-03  1.94457e-02
 6.53698e-03  1.93650e-02

 7.00677e-03  1.93650e-02
 7.00677e-03  1.93650e-02
 7.02181e-03  1.95156e-02
 6.88385e-03  1.94533e-02
 7.00677e-03  1.93650e-02

 7.47656e-03  1.93650e-02
 7.47656e-03  1.93650e-02
 7.50080e-03  1.95144e-02
 7.35929e-03  1.94607e-02
 7.47656e-03  1.93650e-02

 7.94635e-03  1.93650e-02
 7.94635e-03  1.93650e-02
 7.97967e-03  1.95127e-02
 7.83514e-03  1.94677e-02
 7.94635e-03  1.93650e-02

 8.41615e-03  1.93650e-02
 8.41615e-03  1.93650e-02
 8.45833e-03  1.95104e-02
 8.31134e-03  1.94742e-02
 8.41615e-03  1.93650e-02

 8.88594e-03  1.93650e-02
 8.88594e-03  1.93650e-02
 8.93653e-03  1.95077e-02
 8.78769e-03  1.94801e-02
 8.88594e-03  1.93650e-02

 9.35573e-03  1.93650e-02
 9.35573e-03  1.93650e-02
 9.41415e-03  1.95046e-02
 9.26401e-03  1.94854e-02
 9.35573e-03  1.93650e-02

 9.82552e-03  1.93650e-02
 9.82552e-03  1.93650e-02
 9.89074e-03  1.95016e-02
 9.73984e-03  1.94898e-02
 9.82552e-03  1.93650e-02

 1.02953e-02  1.93650e-02
 1.02953e-02  1.93650e-02
 1.03664e-02  1.94986e-02
 1.02152e-02  1.94934e-02
 1.02953e-02  1.93650e-02

 1.07651e-02  1.93650e-02
 1.07651e-02  1.93650e-02
 1.08408e-02  1.94961e-02
 1.06894e-02  1.94961e-02
 1.07651e-02  1.93650e-02

 4.21823e-03  1.99350e-02
 4.21823e-03  1.99350e-02
 4.18457e-03  2.00826e-02
 4.07359e-03  1.99796e-02
 4.21823e-03  1.99350e-02

 4.68594e-03  1.99350e-02
 4.68594e-03  1.99350e-02
 4.65784e-03  2.00837e-02
 4.54308e-03  1.99850e-02
 4.68594e-03  1.99350e-02

 5.15365e-03  1.99350e-02
 5.15365e-03  1.99350e-02
 5.13220e-03  2.00848e-02
 5.01316e-03  1.99913e-02
 5.15365e-03  1.99350e-02

 5.62135e-03  1.99350e-02
 5.62136e-03  1.99350e-02
 5.60742e-03  2.00857e-02
 5.48386e-03  1.99983e-02
 5.62136e-03  1.99350e-02

 6.08906e-03  1.99350e-02
 6.08906e-03  1.99350e-02
 6.08331e-03  2.00863e-02
 5.95519e-03  2.00056e-02
 6.08906e-03  1.99350e-02

 6.55677e-03  1.99350e-02
 6.55677e-03  1.99350e-02
 6.55972e-03  2.00863e-02
 6.42718e-03  2.00132e-02
 6.55677e-03  1.99350e-02

 7.02448e-03  1.99350e-02
 7.02448e-03  1.99350e-02
 7.03652e-03  2.00859e-02
 6.89982e-03  2.00209e-02
 7.02448e-03  1.99350e-02

 7.49219e-03  1.99350e-02
 7.49219e-03  1.99350e-02
 7.51362e-03  2.00848e-02
 7.37314e-03  2.00285e-02
 7.49219e-03  1.99350e-02

 7.95990e-03  1.99350e-02
 7.95990e-03  1.99350e-02
 7.99086e-03  2.00832e-02
 7.84706e-03  2.00359e-02
 7.95990e-03  1.99350e-02

 8.42760e-03  1.99350e-02
 8.42760e-03  1.99350e-02
 8.46818e-03  2.00808e-02
 8.32160e-03  2.00431e-02
 8.42760e-03  1.99350e-02

 8.89531e-03  1.99350e-02
 8.89531e-03  1.99350e-02
 8.94508e-03  2.00780e-02
 8.79639e-03  2.00496e-02
 8.89531e-03  1.99350e-02

 9.36302e-03  1.99350e-02
 9.36302e-03  1.99350e-02
 9.42163e-03  2.00746e-02
 9.27147e-03  2.00555e-02
 9.36302e-03  1.99350e-02

 9.83073e-03  1.99350e-02
 9.83073e-03  1.99350e-02
 9.89655e-03  2.00713e-02
 9.74559e-03  2.00602e-02
 9.83073e-03  1.99350e-02

 1.02984e-02  1.99350e-02
 1.02984e-02  1.99350e-02
 1.03712e-02  2.00677e-02
 1.02199e-02  2.00644e-02
 1.02984e-02  1.99350e-02

 1.07661e-02  1.99350e-02
 1.07661e-02  1.99350e-02
 1.08418e-02  2.00661e-02
 1.06905e-02  2.00661e-02
 1.07661e-02  1.99350e-02

 4.24844e-03  2.05050e-02
 4.24844e-03  2.05050e-02
 4.22176e-03  2.06540e-02
 4.10606e-03  2.05564e-02
 4.24844e-03  2.05050e-02

 4.71406e-03  2.05050e-02
 4.71406e-03  2.05050e-02
 4.69117e-03  2.06546e-02
 4.57304e-03  2.05600e-02
 4.71406e-03  2.05050e-02

 5.17969e-03  2.05050e-02
 5.17969e-03  2.05050e-02
 5.16187e-03  2.06553e-02
 5.04060e-03  2.05647e-02
 5.17969e-03  2.05050e-02

 5.64531e-03  2.05050e-02
 5.64531e-03  2.05050e-02
 5.63366e-03  2.06559e-02
 5.50879e-03  2.05704e-02
 5.64531e-03  2.05050e-02

 6.11094e-03  2.05050e-02
 6.11094e-03  2.05050e-02
 6.10637e-03  2.06563e-02
 5.97762e-03  2.05767e-02
 6.11094e-03  2.05050e-02

 6.57656e-03  2.05050e-02
 6.57656e-03  2.05050e-02
 6.57989e-03  2.06563e-02
 6.44717e-03  2.05835e-02
 6.57656e-03  2.05050e-02

 7.04219e-03  2.05050e-02
 7.04219e-03  2.05050e-02
 7.05409e-03  2.06559e-02
 6.91745e-03  2.05908e-02
 7.04219e-03  2.05050e-02

 7.50781e-03  2.05050e-02
 7.50781e-03  2.05050e-02
 7.52893e-03  2.06549e-02
 7.38857e-03  2.05982e-02
 7.50781e-03  2.05050e-02

 7.97344e-03  2.05050e-02
 7.97344e-03  2.05050e-02
 8.00420e-03  2.06532e-02
 7.86047e-03  2.06057e-02
 7.97344e-03  2.05050e-02

 8.43906e-03  2.05050e-02
 8.43906e-03  2.05050e-02
 8.47992e-03  2.06507e-02
 8.33327e-03  2.06133e-02
 8.43906e-03  2.05050e-02

 8.90469e-03  2.05050e-02
 8.90469e-03  2.05050e-02
 8.95529e-03  2.06477e-02
 8.80645e-03  2.06202e-02
 8.90469e-03  2.05050e-02

 9.37031e-03  2.05050e-02
 9.37031e-03  2.05050e-02
 9.43077e-03  2.06438e-02
 9.28037e-03  2.06267e-02
 9.37031e-03  2.05050e-02

 9.83594e-03  2.05050e-02
 9.83594e-03  2.05050e-02
 9.90379e-03  2.06403e-02
 9.75268e-03  2.06314e-02
 9.83594e-03  2.05050e-02

 1.03016e-02  2.05050e-02
 1.03016e-02  2.05050e-02
 1.03778e-02  2.06357e-02
 1.02265e-02  2.06364e-02
 1.03016e-02  2.05050e-02

 1.07672e-02  2.05050e-02
 1.07672e-02  2.05050e-02
 1.08429e-02  2.06361e-02
 1.06915e-02  2.06361e-02
 1.07672e-02  2.05050e-02

 4.27865e-03  2.10750e-02
 4.27865e-03  2.10750e-02
 4.22998e-03  2.12183e-02
 4.13019e-03  2.11045e-02
 4.27865e-03  2.10750e-02

 4.74219e-03  2.10750e-02
 4.74219e-03  2.10750e-02
 4.69701e-03  2.12195e-02
 4.59449e-03  2.11081e-02
 4.74219e-03  2.10750e-02

 5.20573e-03  2.10750e-02
 5.20573e-03  2.10750e-02
 5.16535e-03  2.12209e-02
 5.05920e-03  2.11130e-02
 5.20573e-03  2.10750e-02

 5.66927e-03  2.10750e-02
 5.66927e-03  2.10750e-02
 5.63496e-03  2.12224e-02
 5.52444e-03  2.11190e-02
 5.66927e-03  2.10750e-02

 6.13281e-03  2.10750e-02
 6.13281e-03  2.10750e-02
 6.10581e-03  2.12239e-02
 5.99033e-03  2.11261e-02
 6.13281e-03  2.10750e-02

 6.59635e-03  2.10750e-02
 6.59635e-03  2.10750e-02
 6.57793e-03  2.12252e-02
 6.45703e-03  2.11342e-02
 6.59635e-03  2.10750e-02

 7.05990e-03  2.10750e-02
 7.05990e-03  2.10750e-02
 7.05132e-03  2.12261e-02
 6.92473e-03  2.11431e-02
 7.05990e-03  2.10750e-02

 7.52344e-03  2.10750e-02
 7.52344e-03  2.10750e-02
 7.52613e-03  2.12263e-02
 7.39372e-03  2.11530e-02
 7.52344e-03  2.10750e-02

 7.98698e-03  2.10750e-02
 7.98698e-03  2.10750e-02
 8.00215e-03  2.12256e-02
 7.86413e-03  2.11634e-02
 7.98698e-03  2.10750e-02

 8.45052e-03  2.10750e-02
 8.45052e-03  2.10750e-02
 8.47952e-03  2.12236e-02
 8.33636e-03  2.11744e-02
 8.45052e-03  2.10750e-02

 8.91406e-03  2.10750e-02
 8.91406e-03  2.10750e-02
 8.95678e-03  2.12202e-02
 8.80966e-03  2.11846e-02
 8.91406e-03  2.10750e-02

 9.37760e-03  2.10750e-02
 9.37760e-03  2.10750e-02
 9.43482e-03  2.12151e-02
 9.28485e-03  2.11946e-02
 9.37760e-03  2.10750e-02

 9.84115e-03  2.10750e-02
 9.84115e-03  2.10750e-02
 9.90850e-03  2.12106e-02
 9.75743e-03  2.12011e-02
 9.84115e-03  2.10750e-02

 1.03047e-02  2.10750e-02
 1.03047e-02  2.10750e-02
 1.03846e-02  2.12035e-02
 1.02333e-02  2.12085e-02
 1.03047e-02  2.10750e-02

 1.07682e-02  2.10750e-02
 1.07682e-02  2.10750e-02
 1.08439e-02  2.12061e-02
 1.06925e-02  2.12061e-02
 1.07682e-02  2.10750e-02

 4.30885e-03  2.16450e-02
 4.30885e-03  2.16450e-02
 4.28033e-03  2.17937e-02
 4.16585e-03  2.16946e-02
 4.30885e-03  2.16450e-02

 4.77031e-03  2.16450e-02
 4.77031e-03  2.16450e-02
 4.74303e-03  2.17939e-02
 4.62773e-03  2.16958e-02
 4.77031e-03  2.16450e-02

 5.23177e-03  2.16450e-02
 5.23177e-03  2.16450e-02
 5.20729e-03  2.17944e-02
 5.09017e-03  2.16985e-02
 5.23177e-03  2.16450e-02

 5.69323e-03  2.16450e-02
 5.69323e-03  2.16450e-02
 5.67297e-03  2.17950e-02
 5.55319e-03  2.17025e-02
 5.69323e-03  2.16450e-02

 6.15469e-03  2.16450e-02
 6.15469e-03  2.16450e-02
 6.14003e-03  2.17957e-02
 6.01689e-03  2.17076e-02
 6.15469e-03  2.16450e-02

 6.61615e-03  2.16450e-02
 6.61615e-03  2.16450e-02
 6.60848e-03  2.17962e-02
 6.48139e-03  2.17139e-02
 6.61615e-03  2.16450e-02

 7.07760e-03  2.16450e-02
 7.07760e-03  2.16450e-02
 7.07831e-03  2.17964e-02
 6.94687e-03  2.17213e-02
 7.07760e-03  2.16450e-02

 7.53906e-03  2.16450e-02
 7.53906e-03  2.16450e-02
 7.54968e-03  2.17960e-02
 7.41361e-03  2.17297e-02
 7.53906e-03  2.16450e-02

 8.00052e-03  2.16450e-02
 8.00052e-03  2.16450e-02
 8.02237e-03  2.17948e-02
 7.88173e-03  2.17388e-02
 8.00052e-03  2.16450e-02

 8.46198e-03  2.16450e-02
 8.46198e-03  2.16450e-02
 8.49673e-03  2.17923e-02
 8.35177e-03  2.17488e-02
 8.46198e-03  2.16450e-02

 8.92344e-03  2.16450e-02
 8.92344e-03  2.16450e-02
 8.97117e-03  2.17886e-02
 8.82291e-03  2.17582e-02
 8.92344e-03  2.16450e-02

 9.38490e-03  2.16450e-02
 9.38490e-03  2.16450e-02
 9.44724e-03  2.17829e-02
 9.29661e-03  2.17680e-02
 9.38490e-03  2.16450e-02

 9.84635e-03  2.16450e-02
 9.84635e-03  2.16450e-02
 9.91821e-03  2.17782e-02
 9.76691e-03  2.17738e-02
 9.84635e-03  2.16450e-02

 1.03078e-02  2.16450e-02
 1.03078e-02  2.16450e-02
 1.03934e-02  2.17699e-02
 1.02425e-02  2.17815e-02
 1.03078e-02  2.16450e-02

 1.07693e-02  2.16450e-02
 1.07693e-02  2.16450e-02
 1.08450e-02  2.17761e-02
 1.06936e-02  2.17761e-02
 1.07693e-02  2.16450e-02

 4.33906e-03  2.22150e-02
 4.33906e-03  2.22150e-02
 4.20798e-03  2.22907e-02
 4.20798e-03  2.21393e-02
 4.33906e-03  2.22150e-02

 4.79844e-03  2.22150e-02
 4.79844e-03  2.22150e-02
 4.66735e-03  2.22907e-02
 4.66735e-03  2.21393e-02
 4.79844e-03  2.22150e-02

 5.25781e-03  2.22150e-02
 5.25781e-03  2.22150e-02
 5.12673e-03  2.22907e-02
 5.12673e-03  2.21393e-02
 5.25781e-03  2.22150e-02

 5.71719e-03  2.22150e-02
 5.71719e-03  2.22150e-02
 5.58610e-03  2.22907e-02
 5.58610e-03  2.21393e-02
 5.71719e-03  2.22150e-02

 6.17656e-03  2.22150e-02
 6.17656e-03  2.22150e-02
 6.04548e-03  2.22907e-02
 6.04548e-03  2.21393e-02
 6.17656e-03  2.22150e-02

 6.63594e-03  2.22150e-02
 6.63594e-03  2.22150e-02
 6.50485e-03  2.22907e-02
 6.50485e-03  2.21393e-02
 6.63594e-03  2.22150e-02

 7.09531e-03  2.22150e-02
 7.09531e-03  2.22150e-02
 6.96423e-03  2.22907e-02
 6.96423e-03  2.21393e-02
 7.09531e-03  2.22150e-02

 7.55469e-03  2.22150e-02
 7.55469e-03  2.22150e-02
 7.42360e-03  2.22907e-02
 7.42360e-03  2.21393e-02
 7.55469e-03  2.22150e-02

 8.01406e-03  2.22150e-02
 8.01406e-03  2.22150e-02
 7.88298e-03  2.22907e-02
 7.88298e-03  2.21393e-02
 8.01406e-03  2.22150e-02

 8.47344e-03  2.22150e-02
 8.47344e-03  2.22150e-02
 8.34235e-03  2.22907e-02
 8.34235e-03  2.21393e-02
 8.47344e-03  2.22150e-02

 8.93281e-03  2.22150e-02
 8.93281e-03  2.22150e-02
 8.80173e-03  2.22907e-02
 8.80173e-03  2.21393e-02
 8.93281e-03  2.22150e-02

 9.39219e-03  2.22150e-02
 9.39219e-03  2.22150e-02
 9.26110e-03  2.22907e-02
 9.26110e-03  2.21393e-02
 9.39219e-03  2.22150e-02

 9.85156e-03  2.22150e-02
 9.85156e-03  2.22150e-02
 9.72047e-03  2.22907e-02
 9.72047e-03  2.21393e-02
 9.85156e-03  2.22150e-02

 1.03109e-02  2.22150e-02
 1.03109e-02  2.22150e-02
 1.04420e-02  2.21393e-02
 1.04420e-02  2.22907e-02
 1.03109e-02  2.22150e-02

 1.07703e-02  2.22150e-02
 1.07703e-02  2.22150e-02
 1.06392e-02  2.22907e-02
 1.06392e-02  2.21393e-02
 1.07703e-02  2.22150e-02

