#[ Fluid velocity 2D plot data file: flw.dat ]
 1.95313e-04  1.13850e-02
 1.95313e-04  1.13850e-02
 1.19629e-04  1.12539e-02
 2.70996e-04  1.12539e-02
 1.95313e-04  1.13850e-02

 5.85937e-04  1.13850e-02
 3.33700e-04  1.13850e-02
 4.64787e-04  1.13093e-02
 4.64787e-04  1.14607e-02
 3.33700e-04  1.13850e-02

 9.76562e-04  1.13850e-02
 6.45311e-04  1.13850e-02
 7.76399e-04  1.13093e-02
 7.76399e-04  1.14607e-02
 6.45311e-04  1.13850e-02

 1.36719e-03  1.13850e-02
 8.80013e-04  1.13850e-02
 1.01110e-03  1.13093e-02
 1.01110e-03  1.14607e-02
 8.80013e-04  1.13850e-02

 1.75781e-03  1.13850e-02
 1.16209e-03  1.13850e-02
 1.29317e-03  1.13093e-02
 1.29317e-03  1.14607e-02
 1.16209e-03  1.13850e-02

 2.14844e-03  1.13850e-02
 1.43735e-03  1.13850e-02
 1.56843e-03  1.13093e-02
 1.56843e-03  1.14607e-02
 1.43735e-03  1.13850e-02

 2.53906e-03  1.13850e-02
 1.73417e-03  1.13850e-02
 1.86526e-03  1.13093e-02
 1.86526e-03  1.14607e-02
 1.73417e-03  1.13850e-02

 2.92969e-03  1.13850e-02
 2.04351e-03  1.13850e-02
 2.17460e-03  1.13093e-02
 2.17460e-03  1.14607e-02
 2.04351e-03  1.13850e-02

 3.32031e-03  1.13850e-02
 2.37185e-03  1.13850e-02
 2.50293e-03  1.13093e-02
 2.50293e-03  1.14607e-02
 2.37185e-03  1.13850e-02

 1.97049e-04  1.19550e-02
 1.97049e-04  1.23955e-02
 1.21365e-04  1.22644e-02
 2.72732e-04  1.22644e-02
 1.97049e-04  1.23955e-02

 5.91146e-04  1.19550e-02
 2.28077e-04  1.23690e-02
 2.57599e-04  1.22206e-02
 3.71408e-04  1.23204e-02
 2.28077e-04  1.23690e-02

 9.85243e-04  1.19550e-02
 4.93906e-04  1.23590e-02
 5.47099e-04  1.22172e-02
 6.43229e-04  1.23342e-02
 4.93906e-04  1.23590e-02

 1.37934e-03  1.19550e-02
 6.59197e-04  1.23369e-02
 7.39546e-04  1.22086e-02
 8.10466e-04  1.23424e-02
 6.59197e-04  1.23369e-02

 1.77344e-03  1.19550e-02
 8.90363e-04  1.23103e-02
 9.83730e-04  1.21911e-02
 1.04023e-03  1.23316e-02
 8.90363e-04  1.23103e-02

 2.16753e-03  1.19550e-02
 1.11622e-03  1.22747e-02
 1.21962e-03  1.21641e-02
 1.26365e-03  1.23089e-02
 1.11622e-03  1.22747e-02

 2.56163e-03  1.19550e-02
 1.37454e-03  1.22324e-02
 1.48496e-03  1.21289e-02
 1.51941e-03  1.22763e-02
 1.37454e-03  1.22324e-02

 2.95573e-03  1.19550e-02
 1.65329e-03  1.21843e-02
 1.76927e-03  1.20871e-02
 1.79552e-03  1.22361e-02
 1.65329e-03  1.21843e-02

 3.34983e-03  1.19550e-02
 1.96073e-03  1.21328e-02
 2.08115e-03  1.20411e-02
 2.10037e-03  1.21913e-02
 1.96073e-03  1.21328e-02

 1.98785e-04  1.25250e-02
 1.98785e-04  1.32018e-02
 1.23101e-04  1.30707e-02
 2.74468e-04  1.30707e-02
 1.98785e-04  1.32018e-02

 5.96354e-04  1.25250e-02
 1.98093e-04  1.31910e-02
 2.00416e-04  1.30396e-02
 3.30327e-04  1.31173e-02
 1.98093e-04  1.31910e-02

 9.93924e-04  1.25250e-02
 4.45324e-04  1.31644e-02
 4.73244e-04  1.30156e-02
 5.88123e-04  1.31142e-02
 4.45324e-04  1.31644e-02

 1.39149e-03  1.25250e-02
 5.87810e-04  1.31271e-02
 6.47343e-04  1.29879e-02
 7.38100e-04  1.31091e-02
 5.87810e-04  1.31271e-02

 1.78906e-03  1.25250e-02
 8.03588e-04  1.30752e-02
 8.81152e-04  1.29452e-02
 9.54939e-04  1.30774e-02
 8.03588e-04  1.30752e-02

 2.18663e-03  1.25250e-02
 1.01679e-03  1.30112e-02
 1.10879e-03  1.28910e-02
 1.16689e-03  1.30308e-02
 1.01679e-03  1.30112e-02

 2.58420e-03  1.25250e-02
 1.26731e-03  1.29363e-02
 1.36987e-03  1.28250e-02
 1.41500e-03  1.29695e-02
 1.26731e-03  1.29363e-02

 2.98177e-03  1.25250e-02
 1.54106e-03  1.28538e-02
 1.65202e-03  1.27508e-02
 1.68570e-03  1.28984e-02
 1.54106e-03  1.28538e-02

 3.37934e-03  1.25250e-02
 1.84630e-03  1.27672e-02
 1.96397e-03  1.26720e-02
 1.98759e-03  1.28215e-02
 1.84630e-03  1.27672e-02

 2.00521e-04  1.30950e-02
 2.00521e-04  1.41466e-02
 1.24837e-04  1.40155e-02
 2.76204e-04  1.40155e-02
 2.00521e-04  1.41466e-02

 6.01563e-04  1.30950e-02
 2.06079e-04  1.41466e-02
 1.81382e-04  1.39973e-02
 3.23061e-04  1.40506e-02
 2.06079e-04  1.41466e-02

 1.00260e-03  1.30950e-02
 4.57517e-04  1.41006e-02
 4.53448e-04  1.39493e-02
 5.86523e-04  1.40214e-02
 4.57517e-04  1.41006e-02

 1.40365e-03  1.30950e-02
 6.04277e-04  1.40398e-02
 6.31167e-04  1.38909e-02
 7.46724e-04  1.39886e-02
 6.04277e-04  1.40398e-02

 1.80469e-03  1.30950e-02
 8.25268e-04  1.39528e-02
 8.74017e-04  1.38095e-02
 9.73745e-04  1.39234e-02
 8.25268e-04  1.39528e-02

 2.20573e-03  1.30950e-02
 1.04391e-03  1.38488e-02
 1.11269e-03  1.37140e-02
 1.19507e-03  1.38409e-02
 1.04391e-03  1.38488e-02

 2.60677e-03  1.30950e-02
 1.30040e-03  1.37290e-02
 1.38529e-03  1.36037e-02
 1.45138e-03  1.37398e-02
 1.30040e-03  1.37290e-02

 3.00781e-03  1.30950e-02
 1.57989e-03  1.35994e-02
 1.67828e-03  1.34844e-02
 1.72870e-03  1.36271e-02
 1.57989e-03  1.35994e-02

 3.40885e-03  1.30950e-02
 1.89034e-03  1.34650e-02
 1.99978e-03  1.33604e-02
 2.03562e-03  1.35075e-02
 1.89034e-03  1.34650e-02

 2.02257e-04  1.36650e-02
 2.02257e-04  1.49982e-02
 1.26573e-04  1.48671e-02
 2.77940e-04  1.48671e-02
 2.02257e-04  1.49982e-02

 6.06771e-04  1.36650e-02
 2.50476e-04  1.50107e-02
 2.10866e-04  1.48646e-02
 3.57191e-04  1.49033e-02
 2.50476e-04  1.50107e-02

 1.01128e-03  1.36650e-02
 5.21401e-04  1.49486e-02
 4.97433e-04  1.47991e-02
 6.38851e-04  1.48531e-02
 5.21401e-04  1.49486e-02

 1.41580e-03  1.36650e-02
 6.95844e-04  1.48684e-02
 6.98199e-04  1.47170e-02
 8.28094e-04  1.47947e-02
 6.95844e-04  1.48684e-02

 1.82031e-03  1.36650e-02
 9.38222e-04  1.47513e-02
 9.62103e-04  1.46018e-02
 1.07961e-03  1.46972e-02
 9.38222e-04  1.47513e-02

 2.22483e-03  1.36650e-02
 1.17782e-03  1.46135e-02
 1.22416e-03  1.44694e-02
 1.32578e-03  1.45816e-02
 1.17782e-03  1.46135e-02

 2.62934e-03  1.36650e-02
 1.45171e-03  1.44565e-02
 1.51828e-03  1.43206e-02
 1.60272e-03  1.44462e-02
 1.45171e-03  1.44565e-02

 3.03385e-03  1.36650e-02
 1.74587e-03  1.42889e-02
 1.83086e-03  1.41636e-02
 1.89684e-03  1.42998e-02
 1.74587e-03  1.42889e-02

 3.43837e-03  1.36650e-02
 2.06774e-03  1.41164e-02
 2.16858e-03  1.40035e-02
 2.21592e-03  1.41473e-02
 2.06774e-03  1.41164e-02

 2.03993e-04  1.42350e-02
 2.03993e-04  1.58412e-02
 1.28310e-04  1.57101e-02
 2.79677e-04  1.57101e-02
 2.03993e-04  1.58412e-02

 6.11979e-04  1.42350e-02
 3.15837e-04  1.58616e-02
 2.64858e-04  1.57191e-02
 4.13777e-04  1.57462e-02
 3.15837e-04  1.58616e-02

 1.01997e-03  1.42350e-02
 6.14287e-04  1.57860e-02
 5.74238e-04  1.56400e-02
 7.20679e-04  1.56783e-02
 6.14287e-04  1.57860e-02

 1.42795e-03  1.42350e-02
 8.29991e-04  1.56879e-02
 8.09894e-04  1.55379e-02
 9.49870e-04  1.55955e-02
 8.29991e-04  1.56879e-02

 1.83594e-03  1.42350e-02
 1.10256e-03  1.55436e-02
 1.10062e-03  1.53923e-02
 1.23267e-03  1.54663e-02
 1.10256e-03  1.55436e-02

 2.24392e-03  1.42350e-02
 1.37144e-03  1.53749e-02
 1.39102e-03  1.52248e-02
 1.51122e-03  1.53168e-02
 1.37144e-03  1.53749e-02

 2.65191e-03  1.42350e-02
 1.66863e-03  1.51835e-02
 1.71043e-03  1.50381e-02
 1.81552e-03  1.51470e-02
 1.66863e-03  1.51835e-02

 3.05990e-03  1.42350e-02
 1.98209e-03  1.49805e-02
 2.04685e-03  1.48437e-02
 2.13295e-03  1.49682e-02
 1.98209e-03  1.49805e-02

 3.46788e-03  1.42350e-02
 2.31855e-03  1.47721e-02
 2.40527e-03  1.46480e-02
 2.46935e-03  1.47851e-02
 2.31855e-03  1.47721e-02

 2.05729e-04  1.48050e-02
 2.05729e-04  1.66089e-02
 1.30046e-04  1.64778e-02
 2.81413e-04  1.64778e-02
 2.05729e-04  1.66089e-02

 6.17187e-04  1.48050e-02
 3.95957e-04  1.66343e-02
 3.36560e-04  1.64950e-02
 4.86832e-04  1.65132e-02
 3.95957e-04  1.66343e-02

 1.02865e-03  1.48050e-02
 7.26866e-04  1.65499e-02
 6.74629e-04  1.64078e-02
 8.23782e-04  1.64336e-02
 7.26866e-04  1.65499e-02

 1.44010e-03  1.48050e-02
 9.93292e-04  1.64388e-02
 9.54870e-04  1.62924e-02
 1.10087e-03  1.63323e-02
 9.93292e-04  1.64388e-02

 1.85156e-03  1.48050e-02
 1.30227e-03  1.62748e-02
 1.27727e-03  1.61255e-02
 1.41906e-03  1.61785e-02
 1.30227e-03  1.62748e-02

 2.26302e-03  1.48050e-02
 1.60689e-03  1.60832e-02
 1.59942e-03  1.59320e-02
 1.73408e-03  1.60012e-02
 1.60689e-03  1.60832e-02

 2.67448e-03  1.48050e-02
 1.93224e-03  1.58662e-02
 1.94535e-03  1.57154e-02
 2.06939e-03  1.58022e-02
 1.93224e-03  1.58662e-02

 3.08594e-03  1.48050e-02
 2.26909e-03  1.56364e-02
 2.30697e-03  1.54898e-02
 2.41494e-03  1.55959e-02
 2.26909e-03  1.56364e-02

 3.49740e-03  1.48050e-02
 2.62310e-03  1.54007e-02
 2.68882e-03  1.52643e-02
 2.77405e-03  1.53894e-02
 2.62310e-03  1.54007e-02

 2.07465e-04  1.53750e-02
 2.07465e-04  1.73214e-02
 1.31782e-04  1.71903e-02
 2.83149e-04  1.71903e-02
 2.07465e-04  1.73214e-02

 6.22396e-04  1.53750e-02
 4.82934e-04  1.73486e-02
 4.16679e-04  1.72125e-02
 5.67669e-04  1.72232e-02
 4.82934e-04  1.73486e-02

 1.03733e-03  1.53750e-02
 8.48065e-04  1.72592e-02
 7.85861e-04  1.71212e-02
 9.36471e-04  1.71363e-02
 8.48065e-04  1.72592e-02

 1.45226e-03  1.53750e-02
 1.16987e-03  1.71396e-02
 1.11586e-03  1.69982e-02
 1.26532e-03  1.70221e-02
 1.16987e-03  1.71396e-02

 1.86719e-03  1.53750e-02
 1.51829e-03  1.69625e-02
 1.47251e-03  1.68183e-02
 1.62034e-03  1.68508e-02
 1.51829e-03  1.69625e-02

 2.28212e-03  1.53750e-02
 1.86215e-03  1.67551e-02
 1.82791e-03  1.66076e-02
 1.97272e-03  1.66517e-02
 1.86215e-03  1.67551e-02

 2.69705e-03  1.53750e-02
 2.21843e-03  1.65201e-02
 2.19916e-03  1.63700e-02
 2.33882e-03  1.64283e-02
 2.21843e-03  1.65201e-02

 3.11198e-03  1.53750e-02
 2.58120e-03  1.62708e-02
 2.58291e-03  1.61194e-02
 2.71314e-03  1.61966e-02
 2.58120e-03  1.62708e-02

 3.52691e-03  1.53750e-02
 2.95473e-03  1.60148e-02
 2.98570e-03  1.58666e-02
 3.09853e-03  1.59675e-02
 2.95473e-03  1.60148e-02

 2.09201e-04  1.59450e-02
 2.09201e-04  1.79630e-02
 1.33518e-04  1.78319e-02
 2.84885e-04  1.78319e-02
 2.09201e-04  1.79630e-02

 6.27604e-04  1.59450e-02
 5.72117e-04  1.79897e-02
 5.00017e-04  1.78566e-02
 6.51329e-04  1.78607e-02
 5.72117e-04  1.79897e-02

 1.04601e-03  1.59450e-02
 9.71649e-04  1.78993e-02
 9.01004e-04  1.77654e-02
 1.05226e-03  1.77712e-02
 9.71649e-04  1.78993e-02

 1.46441e-03  1.59450e-02
 1.35069e-03  1.77757e-02
 1.28328e-03  1.76402e-02
 1.43435e-03  1.76496e-02
 1.35069e-03  1.77757e-02

 1.88281e-03  1.59450e-02
 1.73985e-03  1.75927e-02
 1.67578e-03  1.74556e-02
 1.82658e-03  1.74687e-02
 1.73985e-03  1.75927e-02

 2.30122e-03  1.59450e-02
 2.12488e-03  1.73775e-02
 2.06578e-03  1.72381e-02
 2.21601e-03  1.72566e-02
 2.12488e-03  1.73775e-02

 2.71962e-03  1.59450e-02
 2.51393e-03  1.71330e-02
 2.46172e-03  1.69909e-02
 2.61087e-03  1.70167e-02
 2.51393e-03  1.71330e-02

 3.13802e-03  1.59450e-02
 2.90449e-03  1.68731e-02
 2.86308e-03  1.67275e-02
 3.00987e-03  1.67644e-02
 2.90449e-03  1.68731e-02

 3.55642e-03  1.59450e-02
 3.29915e-03  1.66055e-02
 3.27620e-03  1.64559e-02
 3.41725e-03  1.65108e-02
 3.29915e-03  1.66055e-02

 2.10937e-04  1.65150e-02
 2.10937e-04  1.85413e-02
 1.35254e-04  1.84103e-02
 2.86621e-04  1.84103e-02
 2.10938e-04  1.85413e-02

 6.32812e-04  1.65150e-02
 6.59330e-04  1.85656e-02
 5.81958e-04  1.84355e-02
 7.33312e-04  1.84336e-02
 6.59330e-04  1.85656e-02

 1.05469e-03  1.65150e-02
 1.09204e-03  1.84775e-02
 1.01388e-03  1.83478e-02
 1.16522e-03  1.83450e-02
 1.09204e-03  1.84775e-02

 1.47656e-03  1.65150e-02
 1.52755e-03  1.83539e-02
 1.44827e-03  1.82249e-02
 1.59958e-03  1.82207e-02
 1.52755e-03  1.83539e-02

 1.89844e-03  1.65150e-02
 1.95708e-03  1.81713e-02
 1.87681e-03  1.80430e-02
 2.02808e-03  1.80376e-02
 1.95708e-03  1.81713e-02

 2.32031e-03  1.65150e-02
 2.38349e-03  1.79553e-02
 2.30214e-03  1.78276e-02
 2.45336e-03  1.78210e-02
 2.38349e-03  1.79553e-02

 2.74219e-03  1.65150e-02
 2.80585e-03  1.77093e-02
 2.72329e-03  1.75824e-02
 2.87445e-03  1.75744e-02
 2.80585e-03  1.77093e-02

 3.16406e-03  1.65150e-02
 3.22502e-03  1.74469e-02
 3.14094e-03  1.73210e-02
 3.29198e-03  1.73111e-02
 3.22502e-03  1.74469e-02

 3.58594e-03  1.65150e-02
 3.64173e-03  1.71757e-02
 3.55528e-03  1.70515e-02
 3.70611e-03  1.70388e-02
 3.64173e-03  1.71757e-02

 2.12674e-04  1.70850e-02
 2.12674e-04  1.90572e-02
 1.36990e-04  1.89261e-02
 2.88357e-04  1.89261e-02
 2.12674e-04  1.90572e-02

 6.38021e-04  1.70850e-02
 7.41851e-04  1.90778e-02
 6.59449e-04  1.89508e-02
 8.10611e-04  1.89430e-02
 7.41851e-04  1.90778e-02

 1.06337e-03  1.70850e-02
 1.20575e-03  1.89942e-02
 1.12053e-03  1.88691e-02
 1.27148e-03  1.88578e-02
 1.20575e-03  1.89942e-02

 1.48872e-03  1.70850e-02
 1.69525e-03  1.88743e-02
 1.60503e-03  1.87528e-02
 1.75540e-03  1.87354e-02
 1.69525e-03  1.88743e-02

 1.91406e-03  1.70850e-02
 2.16361e-03  1.86975e-02
 2.06877e-03  1.85795e-02
 2.21836e-03  1.85564e-02
 2.16361e-03  1.86975e-02

 2.33941e-03  1.70850e-02
 2.63034e-03  1.84872e-02
 2.52960e-03  1.83742e-02
 2.67781e-03  1.83435e-02
 2.63034e-03  1.84872e-02

 2.76476e-03  1.70850e-02
 3.08555e-03  1.82470e-02
 2.97771e-03  1.81408e-02
 3.12362e-03  1.81005e-02
 3.08555e-03  1.82470e-02

 3.19010e-03  1.70850e-02
 3.53330e-03  1.79899e-02
 3.41605e-03  1.78941e-02
 3.55758e-03  1.78405e-02
 3.53330e-03  1.79899e-02

 3.61545e-03  1.70850e-02
 3.97233e-03  1.77234e-02
 3.84230e-03  1.76459e-02
 3.97443e-03  1.75721e-02
 3.97233e-03  1.77234e-02

 2.14410e-04  1.76550e-02
 2.14410e-04  1.95167e-02
 1.38726e-04  1.93857e-02
 2.90093e-04  1.93857e-02
 2.14410e-04  1.95167e-02

 6.43229e-04  1.76550e-02
 8.17339e-04  1.95329e-02
 7.29877e-04  1.94093e-02
 8.80597e-04  1.93953e-02
 8.17339e-04  1.95329e-02

 1.07205e-03  1.76550e-02
 1.30976e-03  1.94556e-02
 1.21757e-03  1.93355e-02
 1.36764e-03  1.93157e-02
 1.30976e-03  1.94556e-02

 1.50087e-03  1.76550e-02
 1.84919e-03  1.93422e-02
 1.74857e-03  1.92291e-02
 1.89681e-03  1.91985e-02
 1.84919e-03  1.93422e-02

 1.92969e-03  1.76550e-02
 2.35376e-03  1.91759e-02
 2.24565e-03  1.90699e-02
 2.39145e-03  1.90293e-02
 2.35376e-03  1.91759e-02

 2.35851e-03  1.76550e-02
 2.85843e-03  1.89769e-02
 2.74127e-03  1.88810e-02
 2.88285e-03  1.88275e-02
 2.85843e-03  1.89769e-02

 2.78733e-03  1.76550e-02
 3.34492e-03  1.87492e-02
 3.21797e-03  1.86668e-02
 3.35283e-03  1.85981e-02
 3.34492e-03  1.87492e-02

 3.21615e-03  1.76550e-02
 3.82016e-03  1.85045e-02
 3.68252e-03  1.84416e-02
 3.80588e-03  1.83539e-02
 3.82016e-03  1.85045e-02

 3.64497e-03  1.76550e-02
 4.28089e-03  1.82504e-02
 4.13347e-03  1.82160e-02
 4.23692e-03  1.81055e-02
 4.28089e-03  1.82504e-02

 2.16146e-04  1.82250e-02
 2.16146e-04  1.99277e-02
 1.40462e-04  1.97966e-02
 2.91829e-04  1.97966e-02
 2.16146e-04  1.99277e-02

 6.48438e-04  1.82250e-02
 8.84260e-04  1.99382e-02
 7.91408e-04  1.98187e-02
 9.41361e-04  1.97981e-02
 8.84260e-04  1.99382e-02

 1.08073e-03  1.82250e-02
 1.40215e-03  1.98685e-02
 1.30271e-03  1.97543e-02
 1.45126e-03  1.97253e-02
 1.40215e-03  1.98685e-02

 1.51302e-03  1.82250e-02
 1.98629e-03  1.97638e-02
 1.87542e-03  1.96607e-02
 2.02010e-03  1.96163e-02
 1.98629e-03  1.97638e-02

 1.94531e-03  1.82250e-02
 2.52352e-03  1.96116e-02
 2.40321e-03  1.95197e-02
 2.54292e-03  1.94615e-02
 2.52352e-03  1.96116e-02

 2.37760e-03  1.82250e-02
 3.06265e-03  1.94286e-02
 2.93203e-03  1.93521e-02
 3.06359e-03  1.92772e-02
 3.06265e-03  1.94286e-02

 2.80990e-03  1.82250e-02
 3.57770e-03  1.92190e-02
 3.43768e-03  1.91615e-02
 3.55747e-03  1.90690e-02
 3.57770e-03  1.92190e-02

 3.24219e-03  1.82250e-02
 4.07826e-03  1.89931e-02
 3.93053e-03  1.89602e-02
 4.03293e-03  1.88487e-02
 4.07826e-03  1.89931e-02

 3.67448e-03  1.82250e-02
 4.55907e-03  1.87580e-02
 4.40773e-03  1.87551e-02
 4.48584e-03  1.86255e-02
 4.55907e-03  1.87580e-02

 2.17882e-04  1.87950e-02
 2.17882e-04  2.02953e-02
 1.42198e-04  2.01643e-02
 2.93565e-04  2.01643e-02
 2.17882e-04  2.02953e-02

 6.53646e-04  1.87950e-02
 9.40645e-04  2.02995e-02
 8.41739e-04  2.01849e-02
 9.90425e-04  2.01566e-02
 9.40645e-04  2.02995e-02

 1.08941e-03  1.87950e-02
 1.48034e-03  2.02383e-02
 1.37301e-03  2.01315e-02
 1.51912e-03  2.00920e-02
 1.48034e-03  2.02383e-02

 1.52517e-03  1.87950e-02
 2.10251e-03  2.01444e-02
 1.98136e-03  2.00536e-02
 2.12053e-03  1.99941e-02
 2.10251e-03  2.01444e-02

 1.96094e-03  1.87950e-02
 2.66768e-03  2.00096e-02
 2.53633e-03  1.99343e-02
 2.66716e-03  1.98582e-02
 2.66768e-03  2.00096e-02

 2.39670e-03  1.87950e-02
 3.23633e-03  1.98469e-02
 3.09541e-03  1.97917e-02
 3.21371e-03  1.96973e-02
 3.23633e-03  1.98469e-02

 2.83247e-03  1.87950e-02
 3.77601e-03  1.96607e-02
 3.62825e-03  1.96278e-02
 3.73058e-03  1.95163e-02
 3.77601e-03  1.96607e-02

 3.26823e-03  1.87950e-02
 4.29836e-03  1.94595e-02
 4.14717e-03  1.94520e-02
 4.22922e-03  1.93248e-02
 4.29836e-03  1.94595e-02

 3.70399e-03  1.87950e-02
 4.79633e-03  1.92499e-02
 4.64622e-03  1.92694e-02
 4.70442e-03  1.91296e-02
 4.79633e-03  1.92499e-02

 2.19618e-04  1.93650e-02
 2.19618e-04  2.06343e-02
 1.43935e-04  2.05032e-02
 2.95302e-04  2.05032e-02
 2.19618e-04  2.06343e-02

 6.58854e-04  1.93650e-02
 9.85436e-04  2.06307e-02
 8.79402e-04  2.05227e-02
 1.02597e-03  2.04849e-02
 9.85436e-04  2.06307e-02

 1.09809e-03  1.93650e-02
 1.54284e-03  2.05784e-02
 1.42667e-03  2.04814e-02
 1.56879e-03  2.04293e-02
 1.54284e-03  2.05784e-02

 1.53733e-03  1.93650e-02
 2.19518e-03  2.04964e-02
 2.06386e-03  2.04211e-02
 2.19472e-03  2.03450e-02
 2.19518e-03  2.04964e-02

 1.97656e-03  1.93650e-02
 2.78252e-03  2.03811e-02
 2.64176e-03  2.03255e-02
 2.76035e-03  2.02314e-02
 2.78252e-03  2.03811e-02

 2.41580e-03  1.93650e-02
 3.37448e-03  2.02416e-02
 3.22667e-03  2.02090e-02
 3.32881e-03  2.00973e-02
 3.37448e-03  2.02416e-02

 2.85503e-03  1.93650e-02
 3.93345e-03  2.00823e-02
 3.78239e-03  2.00727e-02
 3.86621e-03  1.99467e-02
 3.93345e-03  2.00823e-02

 3.29427e-03  1.93650e-02
 4.47259e-03  1.99100e-02
 4.32184e-03  1.99237e-02
 4.38538e-03  1.97863e-02
 4.47259e-03  1.99100e-02

 3.73351e-03  1.93650e-02
 4.98372e-03  1.97306e-02
 4.83666e-03  1.97665e-02
 4.87915e-03  1.96212e-02
 4.98372e-03  1.97306e-02

 2.21354e-04  1.99350e-02
 2.21354e-04  2.09437e-02
 1.45671e-04  2.08126e-02
 2.97038e-04  2.08126e-02
 2.21354e-04  2.09437e-02

 6.64062e-04  1.99350e-02
 1.01506e-03  2.09323e-02
 9.00149e-04  2.08338e-02
 1.04293e-03  2.07835e-02
 1.01506e-03  2.09323e-02

 1.10677e-03  1.99350e-02
 1.58455e-03  2.08901e-02
 1.45822e-03  2.08067e-02
 1.59359e-03  2.07390e-02
 1.58455e-03  2.08901e-02

 1.54948e-03  1.99350e-02
 2.25660e-03  2.08221e-02
 2.11571e-03  2.07668e-02
 2.23407e-03  2.06724e-02
 2.25660e-03  2.08221e-02

 1.99219e-03  1.99350e-02
 2.85823e-03  2.07295e-02
 2.71047e-03  2.06967e-02
 2.81280e-03  2.05851e-02
 2.85823e-03  2.07295e-02

 2.43490e-03  1.99350e-02
 3.46510e-03  2.06171e-02
 3.31402e-03  2.06078e-02
 3.39758e-03  2.04816e-02
 3.46510e-03  2.06171e-02

 2.87760e-03  1.99350e-02
 4.03617e-03  2.04891e-02
 3.88525e-03  2.05008e-02
 3.95056e-03  2.03642e-02
 4.03617e-03  2.04891e-02

 3.32031e-03  1.99350e-02
 4.58574e-03  2.03507e-02
 4.43758e-03  2.03817e-02
 4.48482e-03  2.02379e-02
 4.58574e-03  2.03507e-02

 3.76302e-03  1.99350e-02
 5.10481e-03  2.02069e-02
 4.96130e-03  2.02551e-02
 4.99137e-03  2.01067e-02
 5.10481e-03  2.02069e-02

 2.23090e-04  2.05050e-02
 2.23090e-04  2.12570e-02
 1.47407e-04  2.11259e-02
 2.98774e-04  2.11259e-02
 2.23090e-04  2.12570e-02

 6.69271e-04  2.05050e-02
 1.02917e-03  2.12356e-02
 9.03347e-04  2.11514e-02
 1.03913e-03  2.10845e-02
 1.02917e-03  2.12356e-02

 1.11545e-03  2.05050e-02
 1.60380e-03  2.12040e-02
 1.46668e-03  2.11399e-02
 1.59077e-03  2.10532e-02
 1.60380e-03  2.12040e-02

 1.56163e-03  2.05050e-02
 2.28358e-03  2.11496e-02
 2.13540e-03  2.11188e-02
 2.23621e-03  2.10059e-02
 2.28358e-03  2.11496e-02

 2.00781e-03  2.05050e-02
 2.89021e-03  2.10797e-02
 2.73906e-03  2.10716e-02
 2.82167e-03  2.09447e-02
 2.89021e-03  2.10797e-02

 2.45399e-03  2.05050e-02
 3.50213e-03  2.09941e-02
 3.35134e-03  2.10072e-02
 3.41535e-03  2.08701e-02
 3.50213e-03  2.09941e-02

 2.90017e-03  2.05050e-02
 4.07667e-03  2.08974e-02
 3.92837e-03  2.09277e-02
 3.97627e-03  2.07841e-02
 4.07667e-03  2.08974e-02

 3.34635e-03  2.05050e-02
 4.62911e-03  2.07930e-02
 4.48463e-03  2.08381e-02
 4.51779e-03  2.06904e-02
 4.62911e-03  2.07930e-02

 3.79253e-03  2.05050e-02
 5.14962e-03  2.06848e-02
 5.00972e-03  2.07426e-02
 5.02960e-03  2.05926e-02
 5.14962e-03  2.06848e-02

 2.24826e-04  2.10750e-02
 2.24826e-04  2.15466e-02
 1.49143e-04  2.14155e-02
 3.00510e-04  2.14155e-02
 2.24826e-04  2.15466e-02

 6.74479e-04  2.10750e-02
 1.01749e-03  2.15211e-02
 8.77590e-04  2.14633e-02
 9.97587e-04  2.13711e-02
 1.01749e-03  2.15211e-02

 1.12413e-03  2.10750e-02
 1.58604e-03  2.15024e-02
 1.43842e-03  2.14690e-02
 1.54123e-03  2.13579e-02
 1.58604e-03  2.15024e-02

 1.57378e-03  2.10750e-02
 2.25561e-03  2.14663e-02
 2.10424e-03  2.14667e-02
 2.17958e-03  2.13354e-02
 2.25561e-03  2.14663e-02

 2.02344e-03  2.10750e-02
 2.85353e-03  2.14229e-02
 2.70338e-03  2.14420e-02
 2.76188e-03  2.13024e-02
 2.85353e-03  2.14229e-02

 2.47309e-03  2.10750e-02
 3.45690e-03  2.13688e-02
 3.30964e-03  2.14038e-02
 3.35295e-03  2.12587e-02
 3.45690e-03  2.13688e-02

 2.92274e-03  2.10750e-02
 4.02401e-03  2.13082e-02
 3.88009e-03  2.13551e-02
 3.91145e-03  2.12070e-02
 4.02401e-03  2.13082e-02

 3.37240e-03  2.10750e-02
 4.56994e-03  2.12427e-02
 4.42962e-03  2.12995e-02
 4.45061e-03  2.11496e-02
 4.56994e-03  2.12427e-02

 3.82205e-03  2.10750e-02
 5.08521e-03  2.11753e-02
 4.94854e-03  2.12404e-02
 4.96052e-03  2.10895e-02
 5.08521e-03  2.11753e-02

 2.26562e-04  2.16450e-02
 2.26562e-04  2.19112e-02
 1.50879e-04  2.17801e-02
 3.02246e-04  2.17801e-02
 2.26563e-04  2.19112e-02

 6.79687e-04  2.16450e-02
 9.84185e-04  2.18767e-02
 8.34034e-04  2.18575e-02
 9.25692e-04  2.17371e-02
 9.84185e-04  2.18767e-02

 1.13281e-03  2.16450e-02
 1.53052e-03  2.18706e-02
 1.37916e-03  2.18718e-02
 1.45385e-03  2.17401e-02
 1.53052e-03  2.18706e-02

 1.58594e-03  2.16450e-02
 2.17242e-03  2.18463e-02
 2.02386e-03  2.18754e-02
 2.07300e-03  2.17322e-02
 2.17242e-03  2.18463e-02

 2.03906e-03  2.16450e-02
 2.74706e-03  2.18226e-02
 2.60150e-03  2.18641e-02
 2.63832e-03  2.17173e-02
 2.74706e-03  2.18226e-02

 2.49219e-03  2.16450e-02
 3.32857e-03  2.17905e-02
 3.18645e-03  2.18426e-02
 3.21239e-03  2.16935e-02
 3.32857e-03  2.17905e-02

 2.94531e-03  2.16450e-02
 3.87690e-03  2.17558e-02
 3.73779e-03  2.18155e-02
 3.75567e-03  2.16652e-02
 3.87690e-03  2.17558e-02

 3.39844e-03  2.16450e-02
 4.40715e-03  2.17179e-02
 4.27094e-03  2.17840e-02
 4.28186e-03  2.16330e-02
 4.40715e-03  2.17179e-02

 3.85156e-03  2.16450e-02
 4.91007e-03  2.16793e-02
 4.77660e-03  2.17507e-02
 4.78150e-03  2.15994e-02
 4.91007e-03  2.16793e-02

 2.28299e-04  2.22150e-02
 2.28299e-04  2.22150e-02
 3.03982e-04  2.23461e-02
 1.52615e-04  2.23461e-02
 2.28299e-04  2.22150e-02

 6.84896e-04  2.22150e-02
 8.93926e-04  2.22150e-02
 7.62838e-04  2.22907e-02
 7.62838e-04  2.21393e-02
 8.93926e-04  2.22150e-02

 1.14149e-03  2.22150e-02
 1.40272e-03  2.22150e-02
 1.27163e-03  2.22907e-02
 1.27163e-03  2.21393e-02
 1.40272e-03  2.22150e-02

 1.59809e-03  2.22150e-02
 1.98522e-03  2.22150e-02
 1.85413e-03  2.22907e-02
 1.85413e-03  2.21393e-02
 1.98522e-03  2.22150e-02

 2.05469e-03  2.22150e-02
 2.51689e-03  2.22150e-02
 2.38581e-03  2.22907e-02
 2.38581e-03  2.21393e-02
 2.51689e-03  2.22150e-02

 2.51128e-03  2.22150e-02
 3.05625e-03  2.22150e-02
 2.92516e-03  2.22907e-02
 2.92516e-03  2.21393e-02
 3.05625e-03  2.22150e-02

 2.96788e-03  2.22150e-02
 3.57203e-03  2.22150e-02
 3.44095e-03  2.22907e-02
 3.44095e-03  2.21393e-02
 3.57203e-03  2.22150e-02

 3.42448e-03  2.22150e-02
 4.07645e-03  2.22150e-02
 3.94537e-03  2.22907e-02
 3.94537e-03  2.21393e-02
 4.07645e-03  2.22150e-02

 3.88108e-03  2.22150e-02
 4.56264e-03  2.22150e-02
 4.43156e-03  2.22907e-02
 4.43156e-03  2.21393e-02
 4.56264e-03  2.22150e-02

 3.76510e-03  1.13850e-02
 2.76570e-03  1.13850e-02
 2.89679e-03  1.13093e-02
 2.89679e-03  1.14607e-02
 2.76570e-03  1.13850e-02

 4.26406e-03  1.13850e-02
 3.23908e-03  1.13850e-02
 3.37017e-03  1.13093e-02
 3.37017e-03  1.14607e-02
 3.23908e-03  1.13850e-02

 4.76302e-03  1.13850e-02
 3.73978e-03  1.13850e-02
 3.87087e-03  1.13093e-02
 3.87087e-03  1.14607e-02
 3.73978e-03  1.13850e-02

 5.26198e-03  1.13850e-02
 4.26545e-03  1.13850e-02
 4.39654e-03  1.13093e-02
 4.39654e-03  1.14607e-02
 4.26545e-03  1.13850e-02

 5.76094e-03  1.13850e-02
 4.81247e-03  1.13850e-02
 4.94356e-03  1.13093e-02
 4.94356e-03  1.14607e-02
 4.81247e-03  1.13850e-02

 6.25990e-03  1.13850e-02
 5.37735e-03  1.13850e-02
 5.50844e-03  1.13093e-02
 5.50844e-03  1.14607e-02
 5.37735e-03  1.13850e-02

 6.75885e-03  1.13850e-02
 5.95714e-03  1.13850e-02
 6.08823e-03  1.13093e-02
 6.08823e-03  1.14607e-02
 5.95714e-03  1.13850e-02

 7.25781e-03  1.13850e-02
 6.54808e-03  1.13850e-02
 6.67917e-03  1.13093e-02
 6.67917e-03  1.14607e-02
 6.54808e-03  1.13850e-02

 7.75677e-03  1.13850e-02
 7.14825e-03  1.13850e-02
 7.27934e-03  1.13093e-02
 7.27934e-03  1.14607e-02
 7.14825e-03  1.13850e-02

 8.25573e-03  1.13850e-02
 7.75204e-03  1.13850e-02
 7.88313e-03  1.13093e-02
 7.88313e-03  1.14607e-02
 7.75204e-03  1.13850e-02

 8.75469e-03  1.13850e-02
 8.36098e-03  1.13850e-02
 8.49207e-03  1.13093e-02
 8.49207e-03  1.14607e-02
 8.36098e-03  1.13850e-02

 9.25365e-03  1.13850e-02
 8.96120e-03  1.13850e-02
 9.09229e-03  1.13093e-02
 9.09229e-03  1.14607e-02
 8.96120e-03  1.13850e-02

 9.75260e-03  1.13850e-02
 9.56967e-03  1.13850e-02
 9.70076e-03  1.13093e-02
 9.70076e-03  1.14607e-02
 9.56967e-03  1.13850e-02

 1.02516e-02  1.13850e-02
 1.01397e-02  1.13850e-02
 1.02708e-02  1.13093e-02
 1.02708e-02  1.14607e-02
 1.01397e-02  1.13850e-02

 1.07505e-02  1.13850e-02
 1.07505e-02  1.13850e-02
 1.06194e-02  1.14607e-02
 1.06194e-02  1.13093e-02
 1.07505e-02  1.13850e-02

 3.79531e-03  1.19550e-02
 2.33863e-03  1.20730e-02
 2.46318e-03  1.19870e-02
 2.47540e-03  1.21378e-02
 2.33863e-03  1.20730e-02

 4.29219e-03  1.19550e-02
 2.80289e-03  1.20078e-02
 2.93121e-03  1.19276e-02
 2.93658e-03  1.20788e-02
 2.80289e-03  1.20078e-02

 4.78906e-03  1.19550e-02
 3.30657e-03  1.19483e-02
 3.43800e-03  1.18732e-02
 3.43732e-03  1.20245e-02
 3.30657e-03  1.19483e-02

 5.28594e-03  1.19550e-02
 3.84538e-03  1.18958e-02
 3.97946e-03  1.18256e-02
 3.97325e-03  1.19768e-02
 3.84538e-03  1.18958e-02

 5.78281e-03  1.19550e-02
 4.41461e-03  1.18509e-02
 4.55106e-03  1.17854e-02
 4.53958e-03  1.19363e-02
 4.41461e-03  1.18509e-02

 6.27969e-03  1.19550e-02
 5.00949e-03  1.18133e-02
 5.14816e-03  1.17526e-02
 5.13138e-03  1.19031e-02
 5.00949e-03  1.18133e-02

 6.77656e-03  1.19550e-02
 5.62595e-03  1.17827e-02
 5.76680e-03  1.17272e-02
 5.74438e-03  1.18769e-02
 5.62595e-03  1.17827e-02

 7.27344e-03  1.19550e-02
 6.25898e-03  1.17588e-02
 6.40205e-03  1.17094e-02
 6.37331e-03  1.18580e-02
 6.25898e-03  1.17588e-02

 7.77031e-03  1.19550e-02
 6.90540e-03  1.17419e-02
 7.05079e-03  1.16998e-02
 7.01458e-03  1.18467e-02
 6.90540e-03  1.17419e-02

 8.26719e-03  1.19550e-02
 7.55762e-03  1.17324e-02
 7.70535e-03  1.16994e-02
 7.66004e-03  1.18438e-02
 7.55762e-03  1.17324e-02

 8.76406e-03  1.19550e-02
 8.21612e-03  1.17304e-02
 8.36612e-03  1.17101e-02
 8.30870e-03  1.18501e-02
 8.21612e-03  1.17304e-02

 9.26094e-03  1.19550e-02
 8.86307e-03  1.17372e-02
 9.01440e-03  1.17337e-02
 8.94171e-03  1.18665e-02
 8.86307e-03  1.17372e-02

 9.75781e-03  1.19550e-02
 9.51563e-03  1.17524e-02
 9.66473e-03  1.17784e-02
 9.56760e-03  1.18945e-02
 9.51563e-03  1.17524e-02

 1.02547e-02  1.19550e-02
 1.01179e-02  1.17806e-02
 1.02584e-02  1.18371e-02
 1.01393e-02  1.19305e-02
 1.01179e-02  1.17806e-02

 1.07516e-02  1.19550e-02
 1.07516e-02  1.18210e-02
 1.08272e-02  1.19521e-02
 1.06759e-02  1.19521e-02
 1.07516e-02  1.18210e-02

 3.82552e-03  1.25250e-02
 2.22133e-03  1.26698e-02
 2.34509e-03  1.25826e-02
 2.35869e-03  1.27334e-02
 2.22133e-03  1.26698e-02

 4.32031e-03  1.25250e-02
 2.68154e-03  1.25669e-02
 2.81065e-03  1.24879e-02
 2.81452e-03  1.26392e-02
 2.68154e-03  1.25669e-02

 4.81510e-03  1.25250e-02
 3.18269e-03  1.24730e-02
 3.31612e-03  1.24016e-02
 3.31130e-03  1.25529e-02
 3.18269e-03  1.24730e-02

 5.30990e-03  1.25250e-02
 3.72138e-03  1.23903e-02
 3.85839e-03  1.23259e-02
 3.84560e-03  1.24768e-02
 3.72138e-03  1.23903e-02

 5.80469e-03  1.25250e-02
 4.29367e-03  1.23189e-02
 4.43378e-03  1.22617e-02
 4.41333e-03  1.24116e-02
 4.29367e-03  1.23189e-02

 6.29948e-03  1.25250e-02
 4.89510e-03  1.22588e-02
 5.03799e-03  1.22088e-02
 5.00980e-03  1.23576e-02
 4.89510e-03  1.22588e-02

 6.79427e-03  1.25250e-02
 5.52143e-03  1.22096e-02
 5.66687e-03  1.21677e-02
 5.63046e-03  1.23146e-02
 5.52143e-03  1.22096e-02

 7.28906e-03  1.25250e-02
 6.16713e-03  1.21715e-02
 6.31490e-03  1.21387e-02
 6.26941e-03  1.22831e-02
 6.16713e-03  1.21715e-02

 7.78385e-03  1.25250e-02
 6.82843e-03  1.21451e-02
 6.97820e-03  1.21232e-02
 6.92227e-03  1.22638e-02
 6.82843e-03  1.21451e-02

 8.27865e-03  1.25250e-02
 7.49668e-03  1.21312e-02
 7.64780e-03  1.21226e-02
 7.57973e-03  1.22578e-02
 7.49668e-03  1.21312e-02

 8.77344e-03  1.25250e-02
 8.17168e-03  1.21313e-02
 8.32281e-03  1.21397e-02
 8.23994e-03  1.22664e-02
 8.17168e-03  1.21313e-02

 9.26823e-03  1.25250e-02
 8.83421e-03  1.21468e-02
 8.98277e-03  1.21759e-02
 8.88332e-03  1.22900e-02
 8.83421e-03  1.21468e-02

 9.76302e-03  1.25250e-02
 9.50048e-03  1.21807e-02
 9.64015e-03  1.22391e-02
 9.51979e-03  1.23308e-02
 9.50048e-03  1.21807e-02

 1.02578e-02  1.25250e-02
 1.01118e-02  1.22373e-02
 1.02386e-02  1.23199e-02
 1.01036e-02  1.23884e-02
 1.01118e-02  1.22373e-02

 1.07526e-02  1.25250e-02
 1.07526e-02  1.23211e-02
 1.08283e-02  1.24522e-02
 1.06769e-02  1.24522e-02
 1.07526e-02  1.23211e-02

 3.85573e-03  1.30950e-02
 2.26728e-03  1.33159e-02
 2.38670e-03  1.32229e-02
 2.40755e-03  1.33728e-02
 2.26728e-03  1.33159e-02

 4.34844e-03  1.30950e-02
 2.72510e-03  1.31589e-02
 2.85311e-03  1.30781e-02
 2.85907e-03  1.32294e-02
 2.72510e-03  1.31589e-02

 4.84115e-03  1.30950e-02
 3.22281e-03  1.30144e-02
 3.35750e-03  1.29453e-02
 3.34997e-03  1.30965e-02
 3.22281e-03  1.30144e-02

 5.33385e-03  1.30950e-02
 3.75744e-03  1.28852e-02
 3.89737e-03  1.28274e-02
 3.87740e-03  1.29775e-02
 3.75744e-03  1.28852e-02

 5.82656e-03  1.30950e-02
 4.32591e-03  1.27724e-02
 4.46998e-03  1.27259e-02
 4.43816e-03  1.28739e-02
 4.32591e-03  1.27724e-02

 6.31927e-03  1.30950e-02
 4.92405e-03  1.26763e-02
 5.07136e-03  1.26415e-02
 5.02785e-03  1.27864e-02
 4.92405e-03  1.26763e-02

 6.81198e-03  1.30950e-02
 5.54784e-03  1.25972e-02
 5.69754e-03  1.25748e-02
 5.64208e-03  1.27156e-02
 5.54784e-03  1.25972e-02

 7.30469e-03  1.30950e-02
 6.19161e-03  1.25358e-02
 6.34272e-03  1.25271e-02
 6.27477e-03  1.26623e-02
 6.19161e-03  1.25358e-02

 7.79740e-03  1.30950e-02
 6.85128e-03  1.24934e-02
 7.00251e-03  1.24999e-02
 6.92129e-03  1.26276e-02
 6.85128e-03  1.24934e-02

 8.29010e-03  1.30950e-02
 7.51836e-03  1.24714e-02
 7.66789e-03  1.24949e-02
 7.57275e-03  1.26127e-02
 7.51836e-03  1.24714e-02

 8.78281e-03  1.30950e-02
 8.19165e-03  1.24722e-02
 8.33679e-03  1.25152e-02
 8.22701e-03  1.26194e-02
 8.19165e-03  1.24722e-02

 9.27552e-03  1.30950e-02
 8.85226e-03  1.24982e-02
 8.98983e-03  1.25613e-02
 8.86636e-03  1.26489e-02
 8.85226e-03  1.24982e-02

 9.76823e-03  1.30950e-02
 9.51452e-03  1.25549e-02
 9.63876e-03  1.26414e-02
 9.50175e-03  1.27058e-02
 9.51452e-03  1.25549e-02

 1.02609e-02  1.30950e-02
 1.01222e-02  1.26466e-02
 1.02332e-02  1.27494e-02
 1.00886e-02  1.27942e-02
 1.01222e-02  1.26466e-02

 1.07536e-02  1.30950e-02
 1.07536e-02  1.27824e-02
 1.08293e-02  1.29135e-02
 1.06780e-02  1.29135e-02
 1.07536e-02  1.27824e-02

 3.88594e-03  1.36650e-02
 2.45136e-03  1.39275e-02
 2.56668e-03  1.38294e-02
 2.59392e-03  1.39783e-02
 2.45136e-03  1.39275e-02

 4.37656e-03  1.36650e-02
 2.90906e-03  1.37297e-02
 3.03669e-03  1.36483e-02
 3.04335e-03  1.37995e-02
 2.90906e-03  1.37297e-02

 4.86719e-03  1.36650e-02
 3.40211e-03  1.35466e-02
 3.53886e-03  1.34817e-02
 3.52667e-03  1.36326e-02
 3.40211e-03  1.35466e-02

 5.35781e-03  1.36650e-02
 3.92868e-03  1.33816e-02
 4.07199e-03  1.33328e-02
 4.04254e-03  1.34813e-02
 3.92868e-03  1.33816e-02

 5.84844e-03  1.36650e-02
 4.48621e-03  1.32363e-02
 4.63397e-03  1.32034e-02
 4.58853e-03  1.33478e-02
 4.48621e-03  1.32363e-02

 6.33906e-03  1.36650e-02
 5.07136e-03  1.31117e-02
 5.22178e-03  1.30948e-02
 5.16123e-03  1.32335e-02
 5.07136e-03  1.31117e-02

 6.82969e-03  1.36650e-02
 5.68036e-03  1.30089e-02
 5.83172e-03  1.30082e-02
 5.75669e-03  1.31397e-02
 5.68036e-03  1.30089e-02

 7.32031e-03  1.36650e-02
 6.30820e-03  1.29292e-02
 6.45873e-03  1.29451e-02
 6.36973e-03  1.30675e-02
 6.30820e-03  1.29292e-02

 7.81094e-03  1.36650e-02
 6.95102e-03  1.28746e-02
 7.09875e-03  1.29076e-02
 6.99631e-03  1.30190e-02
 6.95102e-03  1.28746e-02

 8.30156e-03  1.36650e-02
 7.60077e-03  1.28470e-02
 7.74353e-03  1.28973e-02
 7.62858e-03  1.29958e-02
 7.60077e-03  1.28470e-02

 8.79219e-03  1.36650e-02
 8.25622e-03  1.28503e-02
 8.39149e-03  1.29182e-02
 8.26504e-03  1.30014e-02
 8.25622e-03  1.28503e-02

 9.28281e-03  1.36650e-02
 8.89985e-03  1.28874e-02
 9.02566e-03  1.29715e-02
 8.88986e-03  1.30384e-02
 8.89985e-03  1.28874e-02

 9.77344e-03  1.36650e-02
 9.54440e-03  1.29664e-02
 9.65716e-03  1.30674e-02
 9.51333e-03  1.31146e-02
 9.54440e-03  1.29664e-02

 1.02641e-02  1.36650e-02
 1.01386e-02  1.30909e-02
 1.02405e-02  1.32028e-02
 1.00926e-02  1.32352e-02
 1.01386e-02  1.30909e-02

 1.07547e-02  1.36650e-02
 1.07547e-02  1.32720e-02
 1.08304e-02  1.34030e-02
 1.06790e-02  1.34030e-02
 1.07547e-02  1.32720e-02

 3.91615e-03  1.42350e-02
 2.71096e-03  1.45455e-02
 2.81902e-03  1.44395e-02
 2.85679e-03  1.45861e-02
 2.71096e-03  1.45455e-02

 4.40469e-03  1.42350e-02
 3.16938e-03  1.43088e-02
 3.29572e-03  1.42255e-02
 3.30475e-03  1.43766e-02
 3.16938e-03  1.43088e-02

 4.89323e-03  1.42350e-02
 3.65755e-03  1.40884e-02
 3.79664e-03  1.40287e-02
 3.77880e-03  1.41790e-02
 3.65755e-03  1.40884e-02

 5.38177e-03  1.42350e-02
 4.17417e-03  1.38882e-02
 4.32105e-03  1.38516e-02
 4.27927e-03  1.39971e-02
 4.17417e-03  1.38882e-02

 5.87031e-03  1.42350e-02
 4.71750e-03  1.37107e-02
 4.86816e-03  1.36961e-02
 4.80550e-03  1.38339e-02
 4.71750e-03  1.37107e-02

 6.35885e-03  1.42350e-02
 5.28460e-03  1.35578e-02
 5.43586e-03  1.35637e-02
 5.35514e-03  1.36918e-02
 5.28460e-03  1.35578e-02

 6.84740e-03  1.42350e-02
 5.87252e-03  1.34313e-02
 6.02181e-03  1.34563e-02
 5.92552e-03  1.35731e-02
 5.87252e-03  1.34313e-02

 7.33594e-03  1.42350e-02
 6.47693e-03  1.33331e-02
 6.62214e-03  1.33758e-02
 6.51253e-03  1.34802e-02
 6.47693e-03  1.33331e-02

 7.82448e-03  1.42350e-02
 7.09445e-03  1.32659e-02
 7.23378e-03  1.33250e-02
 7.11287e-03  1.34161e-02
 7.09445e-03  1.32659e-02

 8.31302e-03  1.42350e-02
 7.71813e-03  1.32325e-02
 7.85011e-03  1.33066e-02
 7.71994e-03  1.33839e-02
 7.71813e-03  1.32325e-02

 8.80156e-03  1.42350e-02
 8.34674e-03  1.32376e-02
 8.46999e-03  1.33255e-02
 8.33227e-03  1.33883e-02
 8.34674e-03  1.32376e-02

 9.29010e-03  1.42350e-02
 8.96527e-03  1.32847e-02
 9.07929e-03  1.33843e-02
 8.93606e-03  1.34332e-02
 8.96527e-03  1.32847e-02

 9.77865e-03  1.42350e-02
 9.58447e-03  1.33841e-02
 9.68742e-03  1.34951e-02
 9.53985e-03  1.35287e-02
 9.58447e-03  1.33841e-02

 1.02672e-02  1.42350e-02
 1.01608e-02  1.35384e-02
 1.02554e-02  1.36565e-02
 1.01058e-02  1.36794e-02
 1.01608e-02  1.35384e-02

 1.07557e-02  1.42350e-02
 1.07557e-02  1.37606e-02
 1.08314e-02  1.38917e-02
 1.06800e-02  1.38917e-02
 1.07557e-02  1.37606e-02

 3.94635e-03  1.48050e-02
 3.02642e-03  1.51459e-02
 3.12304e-03  1.50294e-02
 3.17564e-03  1.51713e-02
 3.02642e-03  1.51459e-02

 4.43281e-03  1.48050e-02
 3.48669e-03  1.48806e-02
 3.61134e-03  1.47947e-02
 3.62339e-03  1.49456e-02
 3.48669e-03  1.48806e-02

 4.91927e-03  1.48050e-02
 3.96990e-03  1.46323e-02
 4.11241e-03  1.45813e-02
 4.08532e-03  1.47302e-02
 3.96990e-03  1.46323e-02

 5.40573e-03  1.48050e-02
 4.47528e-03  1.44056e-02
 4.62559e-03  1.43878e-02
 4.56589e-03  1.45269e-02
 4.47528e-03  1.44056e-02

 5.89219e-03  1.48050e-02
 5.00170e-03  1.42038e-02
 5.15269e-03  1.42144e-02
 5.06799e-03  1.43399e-02
 5.00170e-03  1.42038e-02

 6.37865e-03  1.48050e-02
 5.54704e-03  1.40292e-02
 5.69452e-03  1.40633e-02
 5.59127e-03  1.41740e-02
 5.54704e-03  1.40292e-02

 6.86510e-03  1.48050e-02
 6.10896e-03  1.38846e-02
 6.25065e-03  1.39379e-02
 6.13369e-03  1.40339e-02
 6.10896e-03  1.38846e-02

 7.35156e-03  1.48050e-02
 6.68417e-03  1.37723e-02
 6.81889e-03  1.38413e-02
 6.69176e-03  1.39235e-02
 6.68417e-03  1.37723e-02

 7.83802e-03  1.48050e-02
 7.26998e-03  1.36956e-02
 7.39709e-03  1.37778e-02
 7.26236e-03  1.38468e-02
 7.26998e-03  1.36956e-02

 8.32448e-03  1.48050e-02
 7.86090e-03  1.36580e-02
 7.98019e-03  1.37512e-02
 7.83986e-03  1.38079e-02
 7.86090e-03  1.36580e-02

 8.81094e-03  1.48050e-02
 8.45594e-03  1.36650e-02
 8.56717e-03  1.37676e-02
 8.42265e-03  1.38126e-02
 8.45594e-03  1.36650e-02

 9.29740e-03  1.48050e-02
 9.04330e-03  1.37205e-02
 9.14689e-03  1.38308e-02
 8.99952e-03  1.38654e-02
 9.04330e-03  1.37205e-02

 9.78385e-03  1.48050e-02
 9.63150e-03  1.38363e-02
 9.72663e-03  1.39540e-02
 9.57710e-03  1.39775e-02
 9.63150e-03  1.38363e-02

 1.02703e-02  1.48050e-02
 1.01863e-02  1.40142e-02
 1.02754e-02  1.41365e-02
 1.01249e-02  1.41525e-02
 1.01863e-02  1.40142e-02

 1.07568e-02  1.48050e-02
 1.07568e-02  1.42685e-02
 1.08325e-02  1.43996e-02
 1.06811e-02  1.43996e-02
 1.07568e-02  1.42685e-02

 3.97656e-03  1.53750e-02
 3.37041e-03  1.57393e-02
 3.44378e-03  1.56069e-02
 3.52176e-03  1.57367e-02
 3.37041e-03  1.57393e-02

 4.46094e-03  1.53750e-02
 3.83342e-03  1.54530e-02
 3.95417e-03  1.53617e-02
 3.97285e-03  1.55119e-02
 3.83342e-03  1.54530e-02

 4.94531e-03  1.53750e-02
 4.31195e-03  1.51840e-02
 4.45931e-03  1.51494e-02
 4.41560e-03  1.52943e-02
 4.31195e-03  1.51840e-02

 5.42969e-03  1.53750e-02
 4.80583e-03  1.49373e-02
 4.95661e-03  1.49506e-02
 4.86967e-03  1.50745e-02
 4.80583e-03  1.49373e-02

 5.91406e-03  1.53750e-02
 5.31442e-03  1.47168e-02
 5.45865e-03  1.47627e-02
 5.34675e-03  1.48646e-02
 5.31442e-03  1.47168e-02

 6.39844e-03  1.53750e-02
 5.83643e-03  1.45256e-02
 5.97189e-03  1.45932e-02
 5.84565e-03  1.46767e-02
 5.83643e-03  1.45256e-02

 6.88281e-03  1.53750e-02
 6.37029e-03  1.43669e-02
 6.49716e-03  1.44494e-02
 6.36223e-03  1.45180e-02
 6.37029e-03  1.43669e-02

 7.36719e-03  1.53750e-02
 6.91367e-03  1.42436e-02
 7.03269e-03  1.43371e-02
 6.89219e-03  1.43934e-02
 6.91367e-03  1.42436e-02

 7.85156e-03  1.53750e-02
 7.46466e-03  1.41596e-02
 7.57654e-03  1.42616e-02
 7.43231e-03  1.43075e-02
 7.46466e-03  1.41596e-02

 8.33594e-03  1.53750e-02
 8.01948e-03  1.41185e-02
 8.12489e-03  1.42271e-02
 7.97811e-03  1.42641e-02
 8.01948e-03  1.41185e-02

 8.82031e-03  1.53750e-02
 8.57735e-03  1.41266e-02
 8.67668e-03  1.42408e-02
 8.52810e-03  1.42697e-02
 8.57735e-03  1.41266e-02

 9.30469e-03  1.53750e-02
 9.13027e-03  1.41881e-02
 9.22421e-03  1.43067e-02
 9.07445e-03  1.43288e-02
 9.13027e-03  1.41881e-02

 9.78906e-03  1.53750e-02
 9.68403e-03  1.43157e-02
 9.77228e-03  1.44387e-02
 9.62165e-03  1.44536e-02
 9.68403e-03  1.43157e-02

 1.02734e-02  1.53750e-02
 1.02153e-02  1.45107e-02
 1.02996e-02  1.46364e-02
 1.01485e-02  1.46466e-02
 1.02153e-02  1.45107e-02

 1.07578e-02  1.53750e-02
 1.07578e-02  1.47888e-02
 1.08335e-02  1.49199e-02
 1.06821e-02  1.49199e-02
 1.07578e-02  1.47888e-02

 4.00677e-03  1.59450e-02
 3.72846e-03  1.63186e-02
 3.74608e-03  1.61683e-02
 3.86747e-03  1.62587e-02
 3.72846e-03  1.63186e-02

 4.48906e-03  1.59450e-02
 4.19528e-03  1.60212e-02
 4.30318e-03  1.59150e-02
 4.34117e-03  1.60615e-02
 4.19528e-03  1.60212e-02

 4.97135e-03  1.59450e-02
 4.66993e-03  1.57407e-02
 4.82090e-03  1.57516e-02
 4.73598e-03  1.58769e-02
 4.66993e-03  1.57407e-02

 5.45365e-03  1.59450e-02
 5.15270e-03  1.54826e-02
 5.28764e-03  1.55512e-02
 5.16078e-03  1.56338e-02
 5.15270e-03  1.54826e-02

 5.93594e-03  1.59450e-02
 5.64353e-03  1.52514e-02
 5.76419e-03  1.53428e-02
 5.62471e-03  1.54016e-02
 5.64353e-03  1.52514e-02

 6.41823e-03  1.59450e-02
 6.14183e-03  1.50506e-02
 6.25285e-03  1.51535e-02
 6.10823e-03  1.51982e-02
 6.14183e-03  1.50506e-02

 6.90052e-03  1.59450e-02
 6.64681e-03  1.48837e-02
 6.75090e-03  1.49936e-02
 6.60368e-03  1.50288e-02
 6.64681e-03  1.48837e-02

 7.38281e-03  1.59450e-02
 7.15719e-03  1.47540e-02
 7.25595e-03  1.48688e-02
 7.10723e-03  1.48969e-02
 7.15719e-03  1.47540e-02

 7.86510e-03  1.59450e-02
 7.67185e-03  1.46659e-02
 7.76626e-03  1.47842e-02
 7.61660e-03  1.48068e-02
 7.67185e-03  1.46659e-02

 8.34740e-03  1.59450e-02
 8.18879e-03  1.46230e-02
 8.27955e-03  1.47442e-02
 8.12926e-03  1.47622e-02
 8.18879e-03  1.46230e-02

 8.82969e-03  1.59450e-02
 8.70744e-03  1.46320e-02
 8.79495e-03  1.47555e-02
 8.64424e-03  1.47696e-02
 8.70744e-03  1.46320e-02

 9.31198e-03  1.59450e-02
 9.22388e-03  1.46970e-02
 9.30860e-03  1.48224e-02
 9.15761e-03  1.48331e-02
 9.22388e-03  1.46970e-02

 9.79427e-03  1.59450e-02
 9.74084e-03  1.48318e-02
 9.82272e-03  1.49591e-02
 9.67152e-03  1.49663e-02
 9.74084e-03  1.48318e-02

 1.02766e-02  1.59450e-02
 1.02468e-02  1.50364e-02
 1.03267e-02  1.51650e-02
 1.01754e-02  1.51699e-02
 1.02468e-02  1.50364e-02

 1.07589e-02  1.59450e-02
 1.07589e-02  1.53285e-02
 1.08345e-02  1.54596e-02
 1.06832e-02  1.54596e-02
 1.07589e-02  1.53285e-02

 4.03698e-03  1.65150e-02
 4.08547e-03  1.68862e-02
 3.99344e-03  1.67660e-02
 4.14353e-03  1.67464e-02
 4.08547e-03  1.68862e-02

 4.51719e-03  1.65150e-02
 4.55698e-03  1.65867e-02
 4.42718e-03  1.65088e-02
 4.55951e-03  1.64353e-02
 4.55698e-03  1.65867e-02

 4.99740e-03  1.65150e-02
 5.02871e-03  1.63034e-02
 5.08439e-03  1.64441e-02
 4.93466e-03  1.64220e-02
 5.02871e-03  1.63034e-02

 5.47760e-03  1.65150e-02
 5.50133e-03  1.60421e-02
 5.57035e-03  1.61768e-02
 5.41917e-03  1.61692e-02
 5.50133e-03  1.60421e-02

 5.95781e-03  1.65150e-02
 5.97527e-03  1.58075e-02
 6.04769e-03  1.59404e-02
 5.89637e-03  1.59366e-02
 5.97527e-03  1.58075e-02

 6.43802e-03  1.65150e-02
 6.45063e-03  1.56035e-02
 6.52449e-03  1.57357e-02
 6.37314e-03  1.57336e-02
 6.45063e-03  1.56035e-02

 6.91823e-03  1.65150e-02
 6.92731e-03  1.54340e-02
 7.00189e-03  1.55657e-02
 6.85053e-03  1.55645e-02
 6.92731e-03  1.54340e-02

 7.39844e-03  1.65150e-02
 7.40509e-03  1.53026e-02
 7.48005e-03  1.54341e-02
 7.32869e-03  1.54332e-02
 7.40509e-03  1.53026e-02

 7.87865e-03  1.65150e-02
 7.88360e-03  1.52133e-02
 7.95878e-03  1.53447e-02
 7.80741e-03  1.53441e-02
 7.88360e-03  1.52133e-02

 8.35885e-03  1.65150e-02
 8.36264e-03  1.51702e-02
 8.43796e-03  1.53015e-02
 8.28659e-03  1.53011e-02
 8.36264e-03  1.51702e-02

 8.83906e-03  1.65150e-02
 8.84179e-03  1.51799e-02
 8.91720e-03  1.53111e-02
 8.76584e-03  1.53108e-02
 8.84179e-03  1.51799e-02

 9.31927e-03  1.65150e-02
 9.32126e-03  1.52462e-02
 9.39674e-03  1.53774e-02
 9.24537e-03  1.53772e-02
 9.32126e-03  1.52462e-02

 9.79948e-03  1.65150e-02
 9.80045e-03  1.53833e-02
 9.87602e-03  1.55145e-02
 9.72465e-03  1.55143e-02
 9.80045e-03  1.53833e-02

 1.02797e-02  1.65150e-02
 1.02803e-02  1.55908e-02
 1.03559e-02  1.57219e-02
 1.02045e-02  1.57218e-02
 1.02803e-02  1.55908e-02

 1.07599e-02  1.65150e-02
 1.07599e-02  1.58869e-02
 1.08356e-02  1.60180e-02
 1.06842e-02  1.60180e-02
 1.07599e-02  1.58869e-02

 4.06719e-03  1.70850e-02
 4.43079e-03  1.74398e-02
 4.28412e-03  1.74024e-02
 4.38983e-03  1.72941e-02
 4.43079e-03  1.74398e-02

 4.54531e-03  1.70850e-02
 4.90756e-03  1.71474e-02
 4.76553e-03  1.71997e-02
 4.79123e-03  1.70506e-02
 4.90756e-03  1.71474e-02

 5.02344e-03  1.70850e-02
 5.37727e-03  1.68702e-02
 5.30449e-03  1.70029e-02
 5.22594e-03  1.68735e-02
 5.37727e-03  1.68702e-02

 5.50156e-03  1.70850e-02
 5.84082e-03  1.66140e-02
 5.82562e-03  1.67646e-02
 5.70279e-03  1.66761e-02
 5.84082e-03  1.66140e-02

 5.97969e-03  1.70850e-02
 6.29908e-03  1.63838e-02
 6.31362e-03  1.65345e-02
 6.17587e-03  1.64717e-02
 6.29908e-03  1.63838e-02

 6.45781e-03  1.70850e-02
 6.75280e-03  1.61838e-02
 6.78395e-03  1.63319e-02
 6.64009e-03  1.62848e-02
 6.75280e-03  1.61838e-02

 6.93594e-03  1.70850e-02
 7.20251e-03  1.60176e-02
 7.24417e-03  1.61632e-02
 7.09732e-03  1.61265e-02
 7.20251e-03  1.60176e-02

 7.41406e-03  1.70850e-02
 7.64902e-03  1.58890e-02
 7.69801e-03  1.60323e-02
 7.54949e-03  1.60031e-02
 7.64902e-03  1.58890e-02

 7.89219e-03  1.70850e-02
 8.09267e-03  1.58023e-02
 8.14721e-03  1.59435e-02
 7.99765e-03  1.59201e-02
 8.09267e-03  1.58023e-02

 8.37031e-03  1.70850e-02
 8.53503e-03  1.57609e-02
 8.59395e-03  1.59003e-02
 8.44374e-03  1.58817e-02
 8.53503e-03  1.57609e-02

 8.84844e-03  1.70850e-02
 8.97570e-03  1.57715e-02
 9.03839e-03  1.59093e-02
 8.88773e-03  1.58947e-02
 8.97570e-03  1.57715e-02

 9.32656e-03  1.70850e-02
 9.41897e-03  1.58375e-02
 9.48476e-03  1.59738e-02
 9.33381e-03  1.59626e-02
 9.41897e-03  1.58375e-02

 9.80469e-03  1.70850e-02
 9.86074e-03  1.59726e-02
 9.92973e-03  1.61073e-02
 9.77856e-03  1.60997e-02
 9.86074e-03  1.59726e-02

 1.02828e-02  1.70850e-02
 1.03146e-02  1.61760e-02
 1.03856e-02  1.63097e-02
 1.02343e-02  1.63044e-02
 1.03146e-02  1.61760e-02

 1.07609e-02  1.70850e-02
 1.07609e-02  1.64662e-02
 1.08366e-02  1.65972e-02
 1.06853e-02  1.65972e-02
 1.07609e-02  1.64662e-02

 4.09740e-03  1.76550e-02
 4.75358e-03  1.79809e-02
 4.60251e-03  1.79904e-02
 4.66984e-03  1.78548e-02
 4.75358e-03  1.79809e-02

 4.57344e-03  1.76550e-02
 5.23559e-03  1.77041e-02
 5.09927e-03  1.77698e-02
 5.11045e-03  1.76189e-02
 5.23559e-03  1.77041e-02

 5.04948e-03  1.76550e-02
 5.70378e-03  1.74412e-02
 5.60268e-03  1.75538e-02
 5.55567e-03  1.74100e-02
 5.70378e-03  1.74412e-02

 5.52552e-03  1.76550e-02
 6.15922e-03  1.71981e-02
 6.09715e-03  1.73362e-02
 6.00862e-03  1.72134e-02
 6.15922e-03  1.71981e-02

 6.00156e-03  1.76550e-02
 6.60317e-03  1.69797e-02
 6.57248e-03  1.71279e-02
 6.45946e-03  1.70272e-02
 6.60317e-03  1.69797e-02

 6.47760e-03  1.76550e-02
 7.03692e-03  1.67901e-02
 7.02929e-03  1.69413e-02
 6.90218e-03  1.68591e-02
 7.03692e-03  1.67901e-02

 6.95365e-03  1.76550e-02
 7.46166e-03  1.66331e-02
 7.47107e-03  1.67842e-02
 7.33553e-03  1.67168e-02
 7.46166e-03  1.66331e-02

 7.42969e-03  1.76550e-02
 7.87913e-03  1.65121e-02
 7.90159e-03  1.66618e-02
 7.76072e-03  1.66064e-02
 7.87913e-03  1.65121e-02

 7.90573e-03  1.76550e-02
 8.29035e-03  1.64311e-02
 8.32325e-03  1.65789e-02
 8.17885e-03  1.65335e-02
 8.29035e-03  1.64311e-02

 8.38177e-03  1.76550e-02
 8.69852e-03  1.63935e-02
 8.74000e-03  1.65391e-02
 8.59319e-03  1.65022e-02
 8.69852e-03  1.63935e-02

 8.85781e-03  1.76550e-02
 9.10325e-03  1.64052e-02
 9.15226e-03  1.65485e-02
 9.00373e-03  1.65193e-02
 9.10325e-03  1.64052e-02

 9.33385e-03  1.76550e-02
 9.51258e-03  1.64694e-02
 9.56788e-03  1.66103e-02
 9.41820e-03  1.65878e-02
 9.51258e-03  1.64694e-02

 9.80990e-03  1.76550e-02
 9.91897e-03  1.65987e-02
 9.98079e-03  1.67369e-02
 9.83022e-03  1.67213e-02
 9.91897e-03  1.65987e-02

 1.02859e-02  1.76550e-02
 1.03480e-02  1.67921e-02
 1.04141e-02  1.69283e-02
 1.02631e-02  1.69175e-02
 1.03480e-02  1.67921e-02

 1.07620e-02  1.76550e-02
 1.07620e-02  1.70665e-02
 1.08377e-02  1.71975e-02
 1.06863e-02  1.71975e-02
 1.07620e-02  1.70665e-02

 4.12760e-03  1.82250e-02
 5.04451e-03  1.85099e-02
 4.89687e-03  1.85432e-02
 4.94178e-03  1.83987e-02
 5.04451e-03  1.85099e-02

 4.60156e-03  1.82250e-02
 5.53088e-03  1.82562e-02
 5.39733e-03  1.83274e-02
 5.40240e-03  1.81761e-02
 5.53088e-03  1.82562e-02

 5.07552e-03  1.82250e-02
 5.99742e-03  1.80152e-02
 5.88640e-03  1.81181e-02
 5.85281e-03  1.79705e-02
 5.99742e-03  1.80152e-02

 5.54948e-03  1.82250e-02
 6.44534e-03  1.77924e-02
 6.36020e-03  1.79176e-02
 6.29439e-03  1.77813e-02
 6.44534e-03  1.77924e-02

 6.02344e-03  1.82250e-02
 6.87616e-03  1.75926e-02
 6.81596e-03  1.77315e-02
 6.72579e-03  1.76099e-02
 6.87616e-03  1.75926e-02

 6.49740e-03  1.82250e-02
 7.29177e-03  1.74196e-02
 7.25360e-03  1.75661e-02
 7.14583e-03  1.74598e-02
 7.29177e-03  1.74196e-02

 6.97135e-03  1.82250e-02
 7.69393e-03  1.72768e-02
 7.67467e-03  1.74270e-02
 7.55427e-03  1.73352e-02
 7.69393e-03  1.72768e-02

 7.44531e-03  1.82250e-02
 8.08524e-03  1.71676e-02
 8.08212e-03  1.73190e-02
 7.95262e-03  1.72406e-02
 8.08524e-03  1.71676e-02

 7.91927e-03  1.82250e-02
 8.46739e-03  1.70954e-02
 8.47826e-03  1.72464e-02
 8.34207e-03  1.71803e-02
 8.46739e-03  1.70954e-02

 8.39323e-03  1.82250e-02
 8.84501e-03  1.70633e-02
 8.86804e-03  1.72129e-02
 8.72696e-03  1.71581e-02
 8.84501e-03  1.70633e-02

 8.86719e-03  1.82250e-02
 9.21774e-03  1.70765e-02
 9.25186e-03  1.72240e-02
 9.10708e-03  1.71798e-02
 9.21774e-03  1.70765e-02

 9.34115e-03  1.82250e-02
 9.59683e-03  1.71378e-02
 9.64049e-03  1.72827e-02
 9.49314e-03  1.72481e-02
 9.59683e-03  1.71378e-02

 9.81510e-03  1.82250e-02
 9.97169e-03  1.72580e-02
 1.00254e-02  1.73995e-02
 9.87602e-03  1.73753e-02
 9.97169e-03  1.72580e-02

 1.02891e-02  1.82250e-02
 1.03783e-02  1.74363e-02
 1.04388e-02  1.75751e-02
 1.02884e-02  1.75580e-02
 1.03783e-02  1.74363e-02

 1.07630e-02  1.82250e-02
 1.07630e-02  1.76860e-02
 1.08387e-02  1.78171e-02
 1.06873e-02  1.78171e-02
 1.07630e-02  1.76860e-02

 4.15781e-03  1.87950e-02
 5.29216e-03  1.90300e-02
 5.14844e-03  1.90775e-02
 5.17915e-03  1.89293e-02
 5.29216e-03  1.90300e-02

 4.62969e-03  1.87950e-02
 5.78121e-03  1.88065e-02
 5.64937e-03  1.88809e-02
 5.65089e-03  1.87295e-02
 5.78121e-03  1.88065e-02

 5.10156e-03  1.87950e-02
 6.24544e-03  1.85943e-02
 6.12940e-03  1.86915e-02
 6.10325e-03  1.85425e-02
 6.24544e-03  1.85943e-02

 5.57344e-03  1.87950e-02
 6.68606e-03  1.83985e-02
 6.58798e-03  1.85138e-02
 6.53717e-03  1.83713e-02
 6.68606e-03  1.83985e-02

 6.04531e-03  1.87950e-02
 7.10496e-03  1.82233e-02
 7.02552e-03  1.83522e-02
 6.95365e-03  1.82190e-02
 7.10496e-03  1.82233e-02

 6.51719e-03  1.87950e-02
 7.50455e-03  1.80722e-02
 7.44348e-03  1.82107e-02
 7.35407e-03  1.80886e-02
 7.50455e-03  1.80722e-02

 6.98906e-03  1.87950e-02
 7.88712e-03  1.79483e-02
 7.84366e-03  1.80933e-02
 7.73982e-03  1.79832e-02
 7.88712e-03  1.79483e-02

 7.46094e-03  1.87950e-02
 8.25599e-03  1.78544e-02
 8.22917e-03  1.80034e-02
 8.11357e-03  1.79057e-02
 8.25599e-03  1.78544e-02

 7.93281e-03  1.87950e-02
 8.61359e-03  1.77935e-02
 8.60248e-03  1.79444e-02
 8.47730e-03  1.78593e-02
 8.61359e-03  1.77935e-02

 8.40469e-03  1.87950e-02
 8.96565e-03  1.77682e-02
 8.96922e-03  1.79195e-02
 8.83638e-03  1.78470e-02
 8.96565e-03  1.77682e-02

 8.87656e-03  1.87950e-02
 9.31191e-03  1.77830e-02
 9.32963e-03  1.79333e-02
 9.19058e-03  1.78735e-02
 9.31191e-03  1.77830e-02

 9.34844e-03  1.87950e-02
 9.66614e-03  1.78402e-02
 9.69657e-03  1.79885e-02
 9.55294e-03  1.79407e-02
 9.66614e-03  1.78402e-02

 9.82031e-03  1.87950e-02
 1.00153e-02  1.79483e-02
 1.00596e-02  1.80931e-02
 9.91211e-03  1.80591e-02
 1.00153e-02  1.79483e-02

 1.02922e-02  1.87950e-02
 1.04035e-02  1.81072e-02
 1.04573e-02  1.82487e-02
 1.03079e-02  1.82246e-02
 1.04035e-02  1.81072e-02

 1.07641e-02  1.87950e-02
 1.07641e-02  1.83243e-02
 1.08397e-02  1.84554e-02
 1.06884e-02  1.84554e-02
 1.07641e-02  1.83243e-02

 4.18802e-03  1.93650e-02
 5.48630e-03  1.95437e-02
 5.34611e-03  1.96008e-02
 5.36675e-03  1.94509e-02
 5.48630e-03  1.95437e-02

 4.65781e-03  1.93650e-02
 5.97546e-03  1.93552e-02
 5.84494e-03  1.94318e-02
 5.84381e-03  1.92805e-02
 5.97546e-03  1.93552e-02

 5.12760e-03  1.93650e-02
 6.43587e-03  1.91766e-02
 6.31691e-03  1.92702e-02
 6.29533e-03  1.91204e-02
 6.43587e-03  1.91766e-02

 5.59740e-03  1.93650e-02
 6.86903e-03  1.90123e-02
 6.76294e-03  1.91203e-02
 6.72248e-03  1.89744e-02
 6.86903e-03  1.90123e-02

 6.06719e-03  1.93650e-02
 7.27721e-03  1.88659e-02
 7.18489e-03  1.89859e-02
 7.12717e-03  1.88459e-02
 7.27721e-03  1.88659e-02

 6.53698e-03  1.93650e-02
 7.66300e-03  1.87404e-02
 7.58508e-03  1.88701e-02
 7.51165e-03  1.87378e-02
 7.66300e-03  1.87404e-02

 7.00677e-03  1.93650e-02
 8.02941e-03  1.86382e-02
 7.96640e-03  1.87759e-02
 7.87871e-03  1.86525e-02
 8.02941e-03  1.86382e-02

 7.47656e-03  1.93650e-02
 8.38037e-03  1.85618e-02
 8.33266e-03  1.87055e-02
 8.23211e-03  1.85923e-02
 8.38037e-03  1.85618e-02

 7.94635e-03  1.93650e-02
 8.71886e-03  1.85136e-02
 8.68682e-03  1.86615e-02
 8.57472e-03  1.85598e-02
 8.71886e-03  1.85136e-02

 8.41615e-03  1.93650e-02
 9.05147e-03  1.84957e-02
 9.03523e-03  1.86462e-02
 8.91302e-03  1.85569e-02
 9.05147e-03  1.84957e-02

 8.88594e-03  1.93650e-02
 9.37821e-03  1.85117e-02
 9.37826e-03  1.86630e-02
 9.24714e-03  1.85874e-02
 9.37821e-03  1.85117e-02

 9.35573e-03  1.93650e-02
 9.71439e-03  1.85637e-02
 9.72991e-03  1.87142e-02
 9.59175e-03  1.86524e-02
 9.71439e-03  1.85637e-02

 9.82552e-03  1.93650e-02
 1.00456e-02  1.86576e-02
 1.00789e-02  1.88052e-02
 9.93437e-03  1.87603e-02
 1.00456e-02  1.86576e-02

 1.02953e-02  1.93650e-02
 1.04208e-02  1.87939e-02
 1.04666e-02  1.89382e-02
 1.03187e-02  1.89057e-02
 1.04208e-02  1.87939e-02

 1.07651e-02  1.93650e-02
 1.07651e-02  1.89732e-02
 1.08408e-02  1.91043e-02
 1.06894e-02  1.91043e-02
 1.07651e-02  1.89732e-02

 4.21823e-03  1.99350e-02
 5.60975e-03  2.00583e-02
 5.47249e-03  2.01221e-02
 5.48585e-03  1.99714e-02
 5.60975e-03  2.00583e-02

 4.68594e-03  1.99350e-02
 6.09600e-03  1.99097e-02
 5.96629e-03  1.99877e-02
 5.96357e-03  1.98364e-02
 6.09600e-03  1.99097e-02

 5.15365e-03  1.99350e-02
 6.55137e-03  1.97695e-02
 6.43009e-03  1.98600e-02
 6.41229e-03  1.97097e-02
 6.55137e-03  1.97695e-02

 5.62135e-03  1.99350e-02
 6.97745e-03  1.96410e-02
 6.86537e-03  1.97428e-02
 6.83330e-03  1.95948e-02
 6.97745e-03  1.96410e-02

 6.08906e-03  1.99350e-02
 7.37674e-03  1.95272e-02
 7.27462e-03  1.96389e-02
 7.22892e-03  1.94946e-02
 7.37674e-03  1.95272e-02

 6.55677e-03  1.99350e-02
 7.75227e-03  1.94303e-02
 7.66094e-03  1.95510e-02
 7.60206e-03  1.94115e-02
 7.75227e-03  1.94303e-02

 7.02448e-03  1.99350e-02
 8.10743e-03  1.93522e-02
 8.02787e-03  1.94809e-02
 7.95613e-03  1.93476e-02
 8.10743e-03  1.93522e-02

 7.49219e-03  1.99350e-02
 8.44663e-03  1.92946e-02
 8.37994e-03  1.94305e-02
 8.29561e-03  1.93048e-02
 8.44663e-03  1.92946e-02

 7.95990e-03  1.99350e-02
 8.77319e-03  1.92595e-02
 8.72071e-03  1.94015e-02
 8.62399e-03  1.92850e-02
 8.77319e-03  1.92595e-02

 8.42760e-03  1.99350e-02
 9.09435e-03  1.92487e-02
 9.05729e-03  1.93955e-02
 8.94872e-03  1.92900e-02
 9.09435e-03  1.92487e-02

 8.89531e-03  1.99350e-02
 9.41031e-03  1.92647e-02
 9.39046e-03  1.94148e-02
 9.27043e-03  1.93226e-02
 9.41031e-03  1.92647e-02

 9.36302e-03  1.99350e-02
 9.73703e-03  1.93098e-02
 9.73468e-03  1.94612e-02
 9.60478e-03  1.93834e-02
 9.73703e-03  1.93098e-02

 9.83073e-03  1.99350e-02
 1.00598e-02  1.93869e-02
 1.00790e-02  1.95370e-02
 9.93938e-03  1.94787e-02
 1.00598e-02  1.93869e-02

 1.02984e-02  1.99350e-02
 1.04288e-02  1.94981e-02
 1.04639e-02  1.96454e-02
 1.03188e-02  1.96021e-02
 1.04288e-02  1.94981e-02

 1.07661e-02  1.99350e-02
 1.07661e-02  1.96351e-02
 1.08418e-02  1.97662e-02
 1.06905e-02  1.97662e-02
 1.07661e-02  1.96351e-02

 4.24844e-03  2.05050e-02
 5.65184e-03  2.05742e-02
 5.51718e-03  2.06433e-02
 5.52463e-03  2.04922e-02
 5.65184e-03  2.05742e-02

 4.71406e-03  2.05050e-02
 6.13177e-03  2.04648e-02
 6.00287e-03  2.05442e-02
 5.99859e-03  2.03929e-02
 6.13177e-03  2.04648e-02

 5.17969e-03  2.05050e-02
 6.58059e-03  2.03622e-02
 6.45785e-03  2.04508e-02
 6.44250e-03  2.03002e-02
 6.58059e-03  2.03622e-02

 5.64531e-03  2.05050e-02
 6.99990e-03  2.02689e-02
 6.88375e-03  2.03659e-02
 6.85776e-03  2.02168e-02
 6.99990e-03  2.02689e-02

 6.11094e-03  2.05050e-02
 7.39256e-03  2.01867e-02
 7.28358e-03  2.02918e-02
 7.24710e-03  2.01449e-02
 7.39256e-03  2.01867e-02

 6.57656e-03  2.05050e-02
 7.76192e-03  2.01174e-02
 7.66084e-03  2.02301e-02
 7.61380e-03  2.00862e-02
 7.76192e-03  2.01174e-02

 7.04219e-03  2.05050e-02
 8.11137e-03  2.00623e-02
 8.01921e-03  2.01824e-02
 7.96130e-03  2.00425e-02
 8.11137e-03  2.00623e-02

 7.50781e-03  2.05050e-02
 8.44447e-03  2.00236e-02
 8.36248e-03  2.01508e-02
 8.29328e-03  2.00162e-02
 8.44447e-03  2.00236e-02

 7.97344e-03  2.05050e-02
 8.76728e-03  2.00004e-02
 8.69725e-03  2.01346e-02
 8.61605e-03  2.00069e-02
 8.76728e-03  2.00004e-02

 8.43906e-03  2.05050e-02
 9.08569e-03  1.99955e-02
 9.02957e-03  2.01360e-02
 8.93588e-03  2.00171e-02
 9.08569e-03  1.99955e-02

 8.90469e-03  2.05050e-02
 9.40060e-03  2.00102e-02
 9.36125e-03  2.01564e-02
 9.25434e-03  2.00492e-02
 9.40060e-03  2.00102e-02

 9.37031e-03  2.05050e-02
 9.72714e-03  2.00470e-02
 9.70627e-03  2.01970e-02
 9.58687e-03  2.01039e-02
 9.72714e-03  2.00470e-02

 9.83594e-03  2.05050e-02
 1.00526e-02  2.01065e-02
 1.00565e-02  2.02578e-02
 9.92347e-03  2.01855e-02
 1.00526e-02  2.01065e-02

 1.03016e-02  2.05050e-02
 1.04227e-02  2.01921e-02
 1.04459e-02  2.03417e-02
 1.03048e-02  2.02870e-02
 1.04227e-02  2.01921e-02

 1.07672e-02  2.05050e-02
 1.07672e-02  2.02908e-02
 1.08429e-02  2.04219e-02
 1.06915e-02  2.04219e-02
 1.07672e-02  2.02908e-02

 4.27865e-03  2.10750e-02
 5.57957e-03  2.11069e-02
 5.44667e-03  2.11793e-02
 5.45038e-03  2.10280e-02
 5.57957e-03  2.11069e-02

 4.74219e-03  2.10750e-02
 6.05136e-03  2.10404e-02
 5.92232e-03  2.11195e-02
 5.91832e-03  2.09682e-02
 6.05136e-03  2.10404e-02

 5.20573e-03  2.10750e-02
 6.49439e-03  2.09784e-02
 6.36933e-03  2.10637e-02
 6.35801e-03  2.09127e-02
 6.49439e-03  2.09784e-02

 5.66927e-03  2.10750e-02
 6.91040e-03  2.09224e-02
 6.78953e-03  2.10135e-02
 6.77106e-03  2.08633e-02
 6.91040e-03  2.09224e-02

 6.13281e-03  2.10750e-02
 7.30212e-03  2.08735e-02
 7.18579e-03  2.09703e-02
 7.16009e-03  2.08212e-02
 7.30212e-03  2.08735e-02

 6.59635e-03  2.10750e-02
 7.67295e-03  2.08326e-02
 7.56169e-03  2.09352e-02
 7.52844e-03  2.07876e-02
 7.67295e-03  2.08326e-02

 7.05990e-03  2.10750e-02
 8.02622e-03  2.08004e-02
 7.92081e-03  2.09091e-02
 7.87944e-03  2.07635e-02
 8.02622e-03  2.08004e-02

 7.52344e-03  2.10750e-02
 8.36655e-03  2.07777e-02
 8.26810e-03  2.08926e-02
 8.21776e-03  2.07499e-02
 8.36655e-03  2.07777e-02

 7.98698e-03  2.10750e-02
 8.69723e-03  2.07651e-02
 8.60735e-03  2.08869e-02
 8.54681e-03  2.07481e-02
 8.69723e-03  2.07651e-02

 8.45052e-03  2.10750e-02
 9.02499e-03  2.07638e-02
 8.94578e-03  2.08928e-02
 8.87368e-03  2.07597e-02
 9.02499e-03  2.07638e-02

 8.91406e-03  2.10750e-02
 9.35095e-03  2.07747e-02
 9.28580e-03  2.09113e-02
 9.20005e-03  2.07866e-02
 9.35095e-03  2.07747e-02

 9.37760e-03  2.10750e-02
 9.68888e-03  2.08000e-02
 9.64075e-03  2.09435e-02
 9.54053e-03  2.08301e-02
 9.68888e-03  2.08000e-02

 9.84115e-03  2.10750e-02
 1.00280e-02  2.08389e-02
 1.00060e-02  2.09886e-02
 9.88733e-03  2.08947e-02
 1.00280e-02  2.08389e-02

 1.03047e-02  2.10750e-02
 1.04084e-02  2.08961e-02
 1.04081e-02  2.10475e-02
 1.02772e-02  2.09716e-02
 1.04084e-02  2.08961e-02

 1.07682e-02  2.10750e-02
 1.07682e-02  2.09527e-02
 1.08439e-02  2.10837e-02
 1.06925e-02  2.10837e-02
 1.07682e-02  2.09527e-02

 4.30885e-03  2.16450e-02
 5.39241e-03  2.16409e-02
 5.26162e-03  2.17170e-02
 5.26104e-03  2.15657e-02
 5.39241e-03  2.16409e-02

 4.77031e-03  2.16450e-02
 5.85448e-03  2.16045e-02
 5.72631e-03  2.16850e-02
 5.72066e-03  2.15338e-02
 5.85448e-03  2.16045e-02

 5.23177e-03  2.16450e-02
 6.29270e-03  2.15709e-02
 6.16720e-03  2.16556e-02
 6.15666e-03  2.15046e-02
 6.29270e-03  2.15709e-02

 5.69323e-03  2.16450e-02
 6.70890e-03  2.15409e-02
 6.58621e-03  2.16296e-02
 6.57078e-03  2.14790e-02
 6.70890e-03  2.15409e-02

 6.15469e-03  2.16450e-02
 7.10565e-03  2.15150e-02
 6.98602e-03  2.16077e-02
 6.96552e-03  2.14577e-02
 7.10565e-03  2.15150e-02

 6.61615e-03  2.16450e-02
 7.48582e-03  2.14936e-02
 7.36966e-03  2.15906e-02
 7.34370e-03  2.14415e-02
 7.48582e-03  2.14936e-02

 7.07760e-03  2.16450e-02
 7.85238e-03  2.14771e-02
 7.74030e-03  2.15788e-02
 7.70823e-03  2.14309e-02
 7.85238e-03  2.14771e-02

 7.53906e-03  2.16450e-02
 8.20914e-03  2.14658e-02
 8.10206e-03  2.15727e-02
 8.06295e-03  2.14265e-02
 8.20914e-03  2.14658e-02

 8.00052e-03  2.16450e-02
 8.55894e-03  2.14600e-02
 8.45830e-03  2.15731e-02
 8.41070e-03  2.14294e-02
 8.55894e-03  2.14600e-02

 8.46198e-03  2.16450e-02
 8.90742e-03  2.14606e-02
 8.81526e-03  2.15806e-02
 8.75735e-03  2.14408e-02
 8.90742e-03  2.14606e-02

 8.92344e-03  2.16450e-02
 9.25565e-03  2.14677e-02
 9.17565e-03  2.15962e-02
 9.10437e-03  2.14626e-02
 9.25565e-03  2.14677e-02

 9.38490e-03  2.16450e-02
 9.61533e-03  2.14832e-02
 9.55155e-03  2.16204e-02
 9.46456e-03  2.14966e-02
 9.61533e-03  2.14832e-02

 9.84635e-03  2.16450e-02
 9.97893e-03  2.15052e-02
 9.94367e-03  2.16524e-02
 9.83382e-03  2.15482e-02
 9.97893e-03  2.15052e-02

 1.03078e-02  2.16450e-02
 1.03776e-02  2.15394e-02
 1.03685e-02  2.16905e-02
 1.02422e-02  2.16070e-02
 1.03776e-02  2.15394e-02

 1.07693e-02  2.16450e-02
 1.07693e-02  2.15677e-02
 1.08450e-02  2.16988e-02
 1.06936e-02  2.16988e-02
 1.07693e-02  2.15677e-02

 4.33906e-03  2.22150e-02
 5.02759e-03  2.22150e-02
 4.89651e-03  2.22907e-02
 4.89651e-03  2.21393e-02
 5.02759e-03  2.22150e-02

 4.79844e-03  2.22150e-02
 5.48461e-03  2.22150e-02
 5.35353e-03  2.22907e-02
 5.35353e-03  2.21393e-02
 5.48461e-03  2.22150e-02

 5.25781e-03  2.22150e-02
 5.92664e-03  2.22150e-02
 5.79555e-03  2.22907e-02
 5.79555e-03  2.21393e-02
 5.92664e-03  2.22150e-02

 5.71719e-03  2.22150e-02
 6.35512e-03  2.22150e-02
 6.22403e-03  2.22907e-02
 6.22403e-03  2.21393e-02
 6.35512e-03  2.22150e-02

 6.17656e-03  2.22150e-02
 6.77168e-03  2.22150e-02
 6.64059e-03  2.22907e-02
 6.64059e-03  2.21393e-02
 6.77168e-03  2.22150e-02

 6.63594e-03  2.22150e-02
 7.17828e-03  2.22150e-02
 7.04719e-03  2.22907e-02
 7.04719e-03  2.21393e-02
 7.17828e-03  2.22150e-02

 7.09531e-03  2.22150e-02
 7.57682e-03  2.22150e-02
 7.44573e-03  2.22907e-02
 7.44573e-03  2.21393e-02
 7.57682e-03  2.22150e-02

 7.55469e-03  2.22150e-02
 7.96976e-03  2.22150e-02
 7.83867e-03  2.22907e-02
 7.83867e-03  2.21393e-02
 7.96976e-03  2.22150e-02

 8.01406e-03  2.22150e-02
 8.35882e-03  2.22150e-02
 8.22773e-03  2.22907e-02
 8.22773e-03  2.21393e-02
 8.35882e-03  2.22150e-02

 8.47344e-03  2.22150e-02
 8.74768e-03  2.22150e-02
 8.61660e-03  2.22907e-02
 8.61660e-03  2.21393e-02
 8.74768e-03  2.22150e-02

 8.93281e-03  2.22150e-02
 9.13673e-03  2.22150e-02
 9.00564e-03  2.22907e-02
 9.00564e-03  2.21393e-02
 9.13673e-03  2.22150e-02

 9.39219e-03  2.22150e-02
 9.53366e-03  2.22150e-02
 9.40257e-03  2.22907e-02
 9.40257e-03  2.21393e-02
 9.53366e-03  2.22150e-02

 9.85156e-03  2.22150e-02
 9.93285e-03  2.22150e-02
 9.80176e-03  2.22907e-02
 9.80176e-03  2.21393e-02
 9.93285e-03  2.22150e-02

 1.03109e-02  2.22150e-02
 1.03548e-02  2.22150e-02
 1.02237e-02  2.22907e-02
 1.02237e-02  2.21393e-02
 1.03548e-02  2.22150e-02

 1.07703e-02  2.22150e-02
 1.07703e-02  2.22150e-02
 1.06392e-02  2.22907e-02
 1.06392e-02  2.21393e-02
 1.07703e-02  2.22150e-02

