#[ Fluid velocity 2D plot data file: flw.dat ]
 1.95313e-04  1.13850e-02
 1.95313e-04  1.13850e-02
 4.91033e-05  1.13458e-02
 1.56136e-04  1.12388e-02
 1.95313e-04  1.13850e-02

 5.85937e-04  1.13850e-02
 2.54217e-04  1.13850e-02
 3.85304e-04  1.13093e-02
 3.85304e-04  1.14607e-02
 2.54217e-04  1.13850e-02

 9.76562e-04  1.13850e-02
 5.33269e-04  1.13850e-02
 6.64357e-04  1.13093e-02
 6.64357e-04  1.14607e-02
 5.33269e-04  1.13850e-02

 1.36719e-03  1.13850e-02
 7.32309e-04  1.13850e-02
 8.63397e-04  1.13093e-02
 8.63397e-04  1.14607e-02
 7.32309e-04  1.13850e-02

 1.75781e-03  1.13850e-02
 9.83646e-04  1.13850e-02
 1.11473e-03  1.13093e-02
 1.11473e-03  1.14607e-02
 9.83646e-04  1.13850e-02

 2.14844e-03  1.13850e-02
 1.23592e-03  1.13850e-02
 1.36701e-03  1.13093e-02
 1.36701e-03  1.14607e-02
 1.23592e-03  1.13850e-02

 2.53906e-03  1.13850e-02
 1.51567e-03  1.13850e-02
 1.64676e-03  1.13093e-02
 1.64676e-03  1.14607e-02
 1.51567e-03  1.13850e-02

 2.92969e-03  1.13850e-02
 1.81336e-03  1.13850e-02
 1.94444e-03  1.13093e-02
 1.94444e-03  1.14607e-02
 1.81336e-03  1.13850e-02

 3.32031e-03  1.13850e-02
 2.13435e-03  1.13850e-02
 2.26544e-03  1.13093e-02
 2.26544e-03  1.14607e-02
 2.13435e-03  1.13850e-02

 1.97049e-04  1.19550e-02
 1.97049e-04  1.25400e-02
 1.21365e-04  1.24089e-02
 2.72732e-04  1.24089e-02
 1.97049e-04  1.25400e-02

 5.91146e-04  1.19550e-02
 7.06327e-05  1.24975e-02
 1.06775e-04  1.23505e-02
 2.16000e-04  1.24553e-02
 7.06327e-05  1.24975e-02

 9.85243e-04  1.19550e-02
 2.71094e-04  1.24743e-02
 3.32605e-04  1.23360e-02
 4.21625e-04  1.24584e-02
 2.71094e-04  1.24743e-02

 1.37934e-03  1.19550e-02
 3.54964e-04  1.24352e-02
 4.41534e-04  1.23110e-02
 5.05782e-04  1.24481e-02
 3.54964e-04  1.24352e-02

 1.77344e-03  1.19550e-02
 5.22163e-04  1.23900e-02
 6.21128e-04  1.22755e-02
 6.70834e-04  1.24185e-02
 5.22163e-04  1.23900e-02

 2.16753e-03  1.19550e-02
 6.94810e-04  1.23354e-02
 8.02804e-04  1.22293e-02
 8.40660e-04  1.23759e-02
 6.94810e-04  1.23354e-02

 2.56163e-03  1.19550e-02
 9.13776e-04  1.22758e-02
 1.02799e-03  1.21765e-02
 1.05691e-03  1.23250e-02
 9.13776e-04  1.22758e-02

 2.95573e-03  1.19550e-02
 1.16377e-03  1.22128e-02
 1.28275e-03  1.21192e-02
 1.30430e-03  1.22690e-02
 1.16377e-03  1.22128e-02

 3.34983e-03  1.19550e-02
 1.45290e-03  1.21492e-02
 1.57559e-03  1.20605e-02
 1.59101e-03  1.22111e-02
 1.45290e-03  1.21492e-02

 1.98785e-04  1.25250e-02
 1.98785e-04  1.34953e-02
 1.23101e-04  1.33642e-02
 2.74468e-04  1.33642e-02
 1.98785e-04  1.34953e-02

 5.96354e-04  1.25250e-02
 1.12528e-05  1.34670e-02
 1.61307e-05  1.33157e-02
 1.44711e-04  1.33955e-02
 1.12528e-05  1.34670e-02

 9.93924e-04  1.25250e-02
 1.77526e-04  1.34150e-02
 2.10369e-04  1.32672e-02
 3.21912e-04  1.33695e-02
 1.77526e-04  1.34150e-02

 1.39149e-03  1.25250e-02
 2.17415e-04  1.33450e-02
 2.81554e-04  1.32078e-02
 3.68222e-04  1.33319e-02
 2.17415e-04  1.33450e-02

 1.78906e-03  1.25250e-02
 3.52363e-04  1.32558e-02
 4.34889e-04  1.31289e-02
 5.03517e-04  1.32638e-02
 3.52363e-04  1.32558e-02

 2.18663e-03  1.25250e-02
 4.96469e-04  1.31531e-02
 5.92980e-04  1.30365e-02
 6.45710e-04  1.31784e-02
 4.96469e-04  1.31531e-02

 2.58420e-03  1.25250e-02
 6.94991e-04  1.30413e-02
 8.01491e-04  1.29337e-02
 8.41392e-04  1.30797e-02
 6.94991e-04  1.30413e-02

 2.98177e-03  1.25250e-02
 9.30522e-04  1.29254e-02
 1.04468e-03  1.28260e-02
 1.07368e-03  1.29745e-02
 9.30522e-04  1.29254e-02

 3.37934e-03  1.25250e-02
 1.21161e-03  1.28097e-02
 1.33173e-03  1.27176e-02
 1.35144e-03  1.28677e-02
 1.21161e-03  1.28097e-02

 2.00521e-04  1.30950e-02
 2.00521e-04  1.46098e-02
 1.24837e-04  1.44787e-02
 2.76204e-04  1.44787e-02
 2.00521e-04  1.46098e-02

 6.01563e-04  1.30950e-02
 7.40182e-06  1.45929e-02
-1.46136e-05  1.44431e-02
 1.26088e-04  1.44989e-02
 7.40182e-06  1.45929e-02

 1.00260e-03  1.30950e-02
 1.71373e-04  1.45075e-02
 1.72631e-04  1.43561e-02
 3.03085e-04  1.44329e-02
 1.71373e-04  1.45075e-02

 1.40365e-03  1.30950e-02
 2.06031e-04  1.43958e-02
 2.39142e-04  1.42481e-02
 3.50499e-04  1.43506e-02
 2.06031e-04  1.43958e-02

 1.80469e-03  1.30950e-02
 3.38245e-04  1.42491e-02
 3.94450e-04  1.41086e-02
 4.88063e-04  1.42275e-02
 3.38245e-04  1.42491e-02

 2.20573e-03  1.30950e-02
 4.80297e-04  1.40825e-02
 5.56475e-04  1.39517e-02
 6.31663e-04  1.40831e-02
 4.80297e-04  1.40825e-02

 2.60677e-03  1.30950e-02
 6.78583e-04  1.39016e-02
 7.70307e-04  1.37812e-02
 8.28723e-04  1.39209e-02
 6.78583e-04  1.39016e-02

 3.00781e-03  1.30950e-02
 9.14937e-04  1.37157e-02
 1.01909e-03  1.36059e-02
 1.06213e-03  1.37510e-02
 9.14937e-04  1.37157e-02

 3.40885e-03  1.30950e-02
 1.19814e-03  1.35309e-02
 1.31211e-03  1.34312e-02
 1.34139e-03  1.35798e-02
 1.19814e-03  1.35309e-02

 2.02257e-04  1.36650e-02
 2.02257e-04  1.56336e-02
 1.26573e-04  1.55025e-02
 2.77940e-04  1.55025e-02
 2.02257e-04  1.56336e-02

 6.06771e-04  1.36650e-02
 5.55076e-05  1.56305e-02
 1.80361e-05  1.54838e-02
 1.63779e-04  1.55247e-02
 5.55076e-05  1.56305e-02

 1.01128e-03  1.36650e-02
 2.40751e-04  1.55171e-02
 2.21228e-04  1.53669e-02
 3.60982e-04  1.54251e-02
 2.40751e-04  1.55171e-02

 1.41580e-03  1.36650e-02
 3.02873e-04  1.53689e-02
 3.11192e-04  1.52178e-02
 4.37922e-04  1.53006e-02
 3.02873e-04  1.53689e-02

 1.82031e-03  1.36650e-02
 4.56269e-04  1.51708e-02
 4.88185e-04  1.50228e-02
 6.00368e-04  1.51245e-02
 4.56269e-04  1.51708e-02

 2.22483e-03  1.36650e-02
 6.17688e-04  1.49472e-02
 6.72961e-04  1.48062e-02
 7.67360e-04  1.49246e-02
 6.17688e-04  1.49472e-02

 2.62934e-03  1.36650e-02
 8.31782e-04  1.47048e-02
 9.07357e-04  1.45737e-02
 9.83149e-04  1.47047e-02
 8.31782e-04  1.47048e-02

 3.03385e-03  1.36650e-02
 1.08099e-03  1.44571e-02
 1.17402e-03  1.43377e-02
 1.23092e-03  1.44780e-02
 1.08099e-03  1.44571e-02

 3.43837e-03  1.36650e-02
 1.37403e-03  1.42116e-02
 1.48137e-03  1.41049e-02
 1.52012e-03  1.42512e-02
 1.37403e-03  1.42116e-02

 2.03993e-04  1.42350e-02
 2.03993e-04  1.66349e-02
 1.28310e-04  1.65038e-02
 2.79677e-04  1.65038e-02
 2.03993e-04  1.66349e-02

 6.11979e-04  1.42350e-02
 1.37156e-04  1.66416e-02
 8.82788e-05  1.64983e-02
 2.36783e-04  1.65276e-02
 1.37156e-04  1.66416e-02

 1.01997e-03  1.42350e-02
 3.57508e-04  1.65043e-02
 3.21591e-04  1.63572e-02
 4.66893e-04  1.63997e-02
 3.57508e-04  1.65043e-02

 1.42795e-03  1.42350e-02
 4.68058e-04  1.63232e-02
 4.54042e-04  1.61725e-02
 5.91575e-04  1.62357e-02
 4.68058e-04  1.63232e-02

 1.83594e-03  1.42350e-02
 6.57319e-04  1.60781e-02
 6.64179e-04  1.59269e-02
 7.91702e-04  1.60085e-02
 6.57319e-04  1.60781e-02

 2.24392e-03  1.42350e-02
 8.51650e-04  1.58018e-02
 8.82151e-04  1.56535e-02
 9.95299e-04  1.57541e-02
 8.51650e-04  1.58018e-02

 2.65191e-03  1.42350e-02
 1.09109e-03  1.55024e-02
 1.14515e-03  1.53610e-02
 1.24056e-03  1.54785e-02
 1.09109e-03  1.55024e-02

 3.05990e-03  1.42350e-02
 1.36020e-03  1.51967e-02
 1.43702e-03  1.50663e-02
 1.51156e-03  1.51980e-02
 1.36020e-03  1.51967e-02

 3.46788e-03  1.42350e-02
 1.66745e-03  1.48937e-02
 1.76455e-03  1.47776e-02
 1.81656e-03  1.49197e-02
 1.66745e-03  1.48937e-02

 2.05729e-04  1.48050e-02
 2.05729e-04  1.75430e-02
 1.30046e-04  1.74119e-02
 2.81413e-04  1.74119e-02
 2.05729e-04  1.75430e-02

 6.17187e-04  1.48050e-02
 2.43712e-04  1.75563e-02
 1.86349e-04  1.74162e-02
 3.36341e-04  1.74366e-02
 2.43712e-04  1.75563e-02

 1.02865e-03  1.48050e-02
 5.08481e-04  1.74024e-02
 4.60012e-04  1.72590e-02
 6.08432e-04  1.72887e-02
 5.08481e-04  1.74024e-02

 1.44010e-03  1.48050e-02
 6.82815e-04  1.71962e-02
 6.50241e-04  1.70484e-02
 7.94545e-04  1.70941e-02
 6.82815e-04  1.71962e-02

 1.85156e-03  1.48050e-02
 9.18537e-04  1.69151e-02
 9.02331e-04  1.67646e-02
 1.04077e-03  1.68258e-02
 9.18537e-04  1.69151e-02

 2.26302e-03  1.48050e-02
 1.15600e-03  1.65973e-02
 1.16050e-03  1.64460e-02
 1.28928e-03  1.65255e-02
 1.15600e-03  1.65973e-02

 2.67448e-03  1.48050e-02
 1.42820e-03  1.62524e-02
 1.45638e-03  1.61037e-02
 1.57109e-03  1.62025e-02
 1.42820e-03  1.62524e-02

 3.08594e-03  1.48050e-02
 1.72333e-03  1.58999e-02
 1.77811e-03  1.57588e-02
 1.87292e-03  1.58768e-02
 1.72333e-03  1.58999e-02

 3.49740e-03  1.48050e-02
 2.04874e-03  1.55502e-02
 2.13069e-03  1.54229e-02
 2.19993e-03  1.55575e-02
 2.04874e-03  1.55502e-02

 2.07465e-04  1.53750e-02
 2.07465e-04  1.83682e-02
 1.31782e-04  1.82371e-02
 2.83149e-04  1.82371e-02
 2.07465e-04  1.83682e-02

 6.22396e-04  1.53750e-02
 3.65042e-04  1.83849e-02
 3.00801e-04  1.82478e-02
 4.51618e-04  1.82607e-02
 3.65042e-04  1.83849e-02

 1.03733e-03  1.53750e-02
 6.79215e-04  1.82213e-02
 6.20487e-04  1.80818e-02
 7.70670e-04  1.81007e-02
 6.79215e-04  1.82213e-02

 1.45226e-03  1.53750e-02
 9.26681e-04  1.79980e-02
 8.78226e-04  1.78546e-02
 1.02664e-03  1.78844e-02
 9.26681e-04  1.79980e-02

 1.86719e-03  1.53750e-02
 1.21553e-03  1.76916e-02
 1.17817e-03  1.75449e-02
 1.32388e-03  1.75859e-02
 1.21553e-03  1.76916e-02

 2.28212e-03  1.53750e-02
 1.50281e-03  1.73438e-02
 1.48068e-03  1.71940e-02
 1.62142e-03  1.72497e-02
 1.50281e-03  1.73438e-02

 2.69705e-03  1.53750e-02
 1.81322e-03  1.69650e-02
 1.81076e-03  1.68136e-02
 1.94306e-03  1.68872e-02
 1.81322e-03  1.69650e-02

 3.11198e-03  1.53750e-02
 2.13869e-03  1.65766e-02
 2.16239e-03  1.64271e-02
 2.28001e-03  1.65224e-02
 2.13869e-03  1.65766e-02

 3.52691e-03  1.53750e-02
 2.48558e-03  1.61901e-02
 2.54216e-03  1.60497e-02
 2.63546e-03  1.61689e-02
 2.48558e-03  1.61901e-02

 2.09201e-04  1.59450e-02
 2.09201e-04  1.90913e-02
 1.33518e-04  1.89602e-02
 2.84885e-04  1.89602e-02
 2.09201e-04  1.90913e-02

 6.27604e-04  1.59450e-02
 4.94363e-04  1.91089e-02
 4.24262e-04  1.89748e-02
 5.75495e-04  1.89812e-02
 4.94363e-04  1.91089e-02

 1.04601e-03  1.59450e-02
 8.60469e-04  1.89429e-02
 7.93027e-04  1.88074e-02
 9.44105e-04  1.88167e-02
 8.60469e-04  1.89429e-02

 1.46441e-03  1.59450e-02
 1.18676e-03  1.87111e-02
 1.12455e-03  1.85731e-02
 1.27516e-03  1.85882e-02
 1.18676e-03  1.87111e-02

 1.88281e-03  1.59450e-02
 1.53300e-03  1.83914e-02
 1.47664e-03  1.82509e-02
 1.62648e-03  1.82723e-02
 1.53300e-03  1.83914e-02

 2.30122e-03  1.59450e-02
 1.87500e-03  1.80261e-02
 1.82716e-03  1.78825e-02
 1.97545e-03  1.79128e-02
 1.87500e-03  1.80261e-02

 2.71962e-03  1.59450e-02
 2.22790e-03  1.76265e-02
 2.19205e-03  1.74795e-02
 2.33734e-03  1.75220e-02
 2.22790e-03  1.76265e-02

 3.13802e-03  1.59450e-02
 2.58777e-03  1.72152e-02
 2.57043e-03  1.70648e-02
 2.70933e-03  1.71250e-02
 2.58777e-03  1.72152e-02

 3.55642e-03  1.59450e-02
 2.95937e-03  1.68042e-02
 2.97203e-03  1.66533e-02
 3.09633e-03  1.67397e-02
 2.95937e-03  1.68042e-02

 2.10937e-04  1.65150e-02
 2.10937e-04  1.97157e-02
 1.35254e-04  1.95846e-02
 2.86621e-04  1.95846e-02
 2.10938e-04  1.97157e-02

 6.32812e-04  1.65150e-02
 6.25445e-04  1.97322e-02
 5.50062e-04  1.96010e-02
 7.01429e-04  1.96013e-02
 6.25445e-04  1.97322e-02

 1.05469e-03  1.65150e-02
 1.04381e-03  1.95698e-02
 9.68592e-04  1.94385e-02
 1.11996e-03  1.94390e-02
 1.04381e-03  1.95698e-02

 1.47656e-03  1.65150e-02
 1.45111e-03  1.93375e-02
 1.37661e-03  1.92058e-02
 1.52797e-03  1.92071e-02
 1.45111e-03  1.93375e-02

 1.89844e-03  1.65150e-02
 1.85686e-03  1.90156e-02
 1.78336e-03  1.88833e-02
 1.93471e-03  1.88858e-02
 1.85686e-03  1.90156e-02

 2.32031e-03  1.65150e-02
 2.25653e-03  1.86449e-02
 2.18481e-03  1.85116e-02
 2.33611e-03  1.85161e-02
 2.25653e-03  1.86449e-02

 2.74219e-03  1.65150e-02
 2.65492e-03  1.82376e-02
 2.58597e-03  1.81028e-02
 2.73714e-03  1.81105e-02
 2.65492e-03  1.82376e-02

 3.16406e-03  1.65150e-02
 3.05229e-03  1.78158e-02
 2.98810e-03  1.76787e-02
 3.13891e-03  1.76916e-02
 3.05229e-03  1.78158e-02

 3.58594e-03  1.65150e-02
 3.45149e-03  1.73926e-02
 3.39653e-03  1.72516e-02
 3.54615e-03  1.72745e-02
 3.45149e-03  1.73926e-02

 2.12674e-04  1.70850e-02
 2.12674e-04  2.02410e-02
 1.36990e-04  2.01099e-02
 2.88357e-04  2.01099e-02
 2.12674e-04  2.02410e-02

 6.38021e-04  1.70850e-02
 7.53605e-04  2.02550e-02
 6.73195e-04  2.01268e-02
 8.24461e-04  2.01212e-02
 7.53605e-04  2.02550e-02

 1.06337e-03  1.70850e-02
 1.22300e-03  2.01013e-02
 1.14049e-03  1.99744e-02
 1.29165e-03  1.99664e-02
 1.22300e-03  2.01013e-02

 1.48872e-03  1.70850e-02
 1.71078e-03  1.98754e-02
 1.62493e-03  1.97508e-02
 1.77582e-03  1.97388e-02
 1.71078e-03  1.98754e-02

 1.91406e-03  1.70850e-02
 2.17640e-03  1.95614e-02
 2.08732e-03  1.94390e-02
 2.23785e-03  1.94230e-02
 2.17640e-03  1.95614e-02

 2.33941e-03  1.70850e-02
 2.63498e-03  1.91966e-02
 2.54186e-03  1.90773e-02
 2.69177e-03  1.90563e-02
 2.63498e-03  1.91966e-02

 2.76476e-03  1.70850e-02
 3.08070e-03  1.87937e-02
 2.98244e-03  1.86786e-02
 3.13129e-03  1.86510e-02
 3.08070e-03  1.87937e-02

 3.19010e-03  1.70850e-02
 3.51774e-03  1.83742e-02
 3.41210e-03  1.82658e-02
 3.55880e-03  1.82285e-02
 3.51774e-03  1.83742e-02

 3.61545e-03  1.70850e-02
 3.94677e-03  1.79513e-02
 3.82926e-03  1.78559e-02
 3.97064e-03  1.78019e-02
 3.94677e-03  1.79513e-02

 2.14410e-04  1.76550e-02
 2.14410e-04  2.06724e-02
 1.38726e-04  2.05413e-02
 2.90093e-04  2.05413e-02
 2.14410e-04  2.06724e-02

 6.43229e-04  1.76550e-02
 8.74594e-04  2.06827e-02
 7.89142e-04  2.05578e-02
 9.40069e-04  2.05462e-02
 8.74594e-04  2.06827e-02

 1.07205e-03  1.76550e-02
 1.39233e-03  2.05412e-02
 1.30265e-03  2.04192e-02
 1.45309e-03  2.04026e-02
 1.39233e-03  2.05412e-02

 1.50087e-03  1.76550e-02
 1.95744e-03  2.03278e-02
 1.86077e-03  2.02113e-02
 2.00997e-03  2.01858e-02
 1.95744e-03  2.03278e-02

 1.92969e-03  1.76550e-02
 2.48141e-03  2.00301e-02
 2.37803e-03  1.99195e-02
 2.52547e-03  1.98853e-02
 2.48141e-03  2.00301e-02

 2.35851e-03  1.76550e-02
 2.99819e-03  1.96817e-02
 2.88656e-03  1.95795e-02
 3.03091e-03  1.95339e-02
 2.99819e-03  1.96817e-02

 2.78733e-03  1.76550e-02
 3.49146e-03  1.92948e-02
 3.37020e-03  1.92042e-02
 3.50928e-03  1.91444e-02
 3.49146e-03  1.92948e-02

 3.21615e-03  1.76550e-02
 3.96895e-03  1.88896e-02
 3.83608e-03  1.88171e-02
 3.96532e-03  1.87383e-02
 3.96895e-03  1.88896e-02

 3.64497e-03  1.76550e-02
 4.42889e-03  1.84795e-02
 4.28372e-03  1.84366e-02
 4.39342e-03  1.83323e-02
 4.42889e-03  1.84795e-02

 2.16146e-04  1.82250e-02
 2.16146e-04  2.10202e-02
 1.40462e-04  2.08891e-02
 2.91829e-04  2.08891e-02
 2.16146e-04  2.10202e-02

 6.48438e-04  1.82250e-02
 9.85282e-04  2.10252e-02
 8.94484e-04  2.09041e-02
 1.04477e-03  2.08860e-02
 9.85282e-04  2.10252e-02

 1.08073e-03  1.82250e-02
 1.54764e-03  2.08981e-02
 1.45053e-03  2.07820e-02
 1.59964e-03  2.07560e-02
 1.54764e-03  2.08981e-02

 1.51302e-03  1.82250e-02
 2.18476e-03  2.07014e-02
 2.07740e-03  2.05947e-02
 2.22349e-03  2.05551e-02
 2.18476e-03  2.07014e-02

 1.94531e-03  1.82250e-02
 2.76383e-03  2.04272e-02
 2.64722e-03  2.03307e-02
 2.78910e-03  2.02780e-02
 2.76383e-03  2.04272e-02

 2.37760e-03  1.82250e-02
 3.33606e-03  2.01036e-02
 3.20907e-03  2.00212e-02
 3.34390e-03  1.99525e-02
 3.33606e-03  2.01036e-02

 2.80990e-03  1.82250e-02
 3.87522e-03  1.97428e-02
 3.73796e-03  1.96789e-02
 3.86185e-03  1.95920e-02
 3.87522e-03  1.97428e-02

 3.24219e-03  1.82250e-02
 4.39212e-03  1.93630e-02
 4.24571e-03  1.93246e-02
 4.35218e-03  1.92170e-02
 4.39212e-03  1.93630e-02

 3.67448e-03  1.82250e-02
 4.88239e-03  1.89773e-02
 4.73111e-03  1.89722e-02
 4.81113e-03  1.88438e-02
 4.88239e-03  1.89773e-02

 2.17882e-04  1.87950e-02
 2.17882e-04  2.12895e-02
 1.42198e-04  2.11584e-02
 2.93565e-04  2.11584e-02
 2.17882e-04  2.12895e-02

 6.53646e-04  1.87950e-02
 1.08201e-03  2.12880e-02
 9.85225e-04  2.11716e-02
 1.13441e-03  2.11460e-02
 1.08201e-03  2.12880e-02

 1.08941e-03  1.87950e-02
 1.68397e-03  2.11769e-02
 1.57879e-03  2.10681e-02
 1.72565e-03  2.10314e-02
 1.68397e-03  2.11769e-02

 1.52517e-03  1.87950e-02
 2.38509e-03  2.10007e-02
 2.26696e-03  2.09061e-02
 2.40799e-03  2.08511e-02
 2.38509e-03  2.10007e-02

 1.96094e-03  1.87950e-02
 3.01362e-03  2.07560e-02
 2.88493e-03  2.06763e-02
 3.01830e-03  2.06047e-02
 3.01362e-03  2.07560e-02

 2.39670e-03  1.87950e-02
 3.63594e-03  2.04653e-02
 3.49705e-03  2.04052e-02
 3.61862e-03  2.03150e-02
 3.63594e-03  2.04653e-02

 2.83247e-03  1.87950e-02
 4.21694e-03  2.01402e-02
 4.07019e-03  2.01031e-02
 4.17567e-03  1.99946e-02
 4.21694e-03  2.01402e-02

 3.26823e-03  1.87950e-02
 4.76971e-03  1.97967e-02
 4.61866e-03  1.97870e-02
 4.70267e-03  1.96610e-02
 4.76971e-03  1.97967e-02

 3.70399e-03  1.87950e-02
 5.28759e-03  1.94472e-02
 5.13756e-03  1.94673e-02
 5.19520e-03  1.93273e-02
 5.28759e-03  1.94472e-02

 2.19618e-04  1.93650e-02
 2.19618e-04  2.15023e-02
 1.43935e-04  2.13712e-02
 2.95302e-04  2.13712e-02
 2.19618e-04  2.15023e-02

 6.58854e-04  1.93650e-02
 1.16257e-03  2.14924e-02
 1.05872e-03  2.13823e-02
 1.20601e-03  2.13474e-02
 1.16257e-03  2.14924e-02

 1.09809e-03  1.93650e-02
 1.79817e-03  2.13974e-02
 1.68392e-03  2.12981e-02
 1.82703e-03  2.12488e-02
 1.79817e-03  2.13974e-02

 1.53733e-03  1.93650e-02
 2.55300e-03  2.12437e-02
 2.42408e-03  2.11644e-02
 2.55723e-03  2.10924e-02
 2.55300e-03  2.12437e-02

 1.97656e-03  1.93650e-02
 3.22314e-03  2.10325e-02
 3.08404e-03  2.09729e-02
 3.20527e-03  2.08822e-02
 3.22314e-03  2.10325e-02

 2.41580e-03  1.93650e-02
 3.88746e-03  2.07805e-02
 3.74052e-03  2.07442e-02
 3.84545e-03  2.06351e-02
 3.88746e-03  2.07805e-02

 2.85503e-03  1.93650e-02
 4.50327e-03  2.04984e-02
 4.35237e-03  2.04864e-02
 4.43814e-03  2.03617e-02
 4.50327e-03  2.04984e-02

 3.29427e-03  1.93650e-02
 5.08547e-03  2.01997e-02
 4.93468e-03  2.02129e-02
 4.99862e-03  2.00757e-02
 5.08547e-03  2.01997e-02

 3.73351e-03  1.93650e-02
 5.62529e-03  1.98957e-02
 5.47863e-03  1.99332e-02
 5.51952e-03  1.97874e-02
 5.62529e-03  1.98957e-02

 2.21354e-04  1.99350e-02
 2.21354e-04  2.16557e-02
 1.45671e-04  2.15246e-02
 2.97038e-04  2.15246e-02
 2.21354e-04  2.16557e-02

 6.64062e-04  1.99350e-02
 1.22077e-03  2.16361e-02
 1.10807e-03  2.15351e-02
 1.25193e-03  2.14880e-02
 1.22077e-03  2.16361e-02

 1.10677e-03  1.99350e-02
 1.88116e-03  2.15588e-02
 1.75642e-03  2.14730e-02
 1.89305e-03  2.14079e-02
 1.88116e-03  2.15588e-02

 1.54948e-03  1.99350e-02
 2.67474e-03  2.14312e-02
 2.53546e-03  2.13719e-02
 2.65643e-03  2.12809e-02
 2.67474e-03  2.14312e-02

 1.99219e-03  1.99350e-02
 3.37455e-03  2.12592e-02
 3.22753e-03  2.12231e-02
 3.33224e-03  2.11138e-02
 3.37455e-03  2.12592e-02

 2.43490e-03  1.99350e-02
 4.06852e-03  2.10531e-02
 3.91760e-03  2.10416e-02
 4.00310e-03  2.09167e-02
 4.06852e-03  2.10531e-02

 2.87760e-03  1.99350e-02
 4.70824e-03  2.08228e-02
 4.55726e-03  2.08337e-02
 4.62331e-03  2.06975e-02
 4.70824e-03  2.08228e-02

 3.32031e-03  1.99350e-02
 5.31003e-03  2.05790e-02
 5.16201e-03  2.06106e-02
 5.20862e-03  2.04666e-02
 5.31003e-03  2.05790e-02

 3.76302e-03  1.99350e-02
 5.86354e-03  2.03311e-02
 5.72070e-03  2.03812e-02
 5.74875e-03  2.02325e-02
 5.86354e-03  2.03311e-02

 2.23090e-04  2.05050e-02
 2.23090e-04  2.18025e-02
 1.47407e-04  2.16714e-02
 2.98774e-04  2.16714e-02
 2.23090e-04  2.18025e-02

 6.69271e-04  2.05050e-02
 1.25444e-03  2.17700e-02
 1.13071e-03  2.16828e-02
 1.26809e-03  2.16192e-02
 1.25444e-03  2.17700e-02

 1.11545e-03  2.05050e-02
 1.92829e-03  2.17103e-02
 1.79225e-03  2.16439e-02
 1.91774e-03  2.15593e-02
 1.92829e-03  2.17103e-02

 1.56163e-03  2.05050e-02
 2.74192e-03  2.16090e-02
 2.59448e-03  2.15747e-02
 2.69788e-03  2.14642e-02
 2.74192e-03  2.16090e-02

 2.00781e-03  2.05050e-02
 3.45586e-03  2.14771e-02
 3.30484e-03  2.14669e-02
 3.38921e-03  2.13412e-02
 3.45586e-03  2.14771e-02

 2.45399e-03  2.05050e-02
 4.16330e-03  2.13185e-02
 4.01241e-03  2.13305e-02
 4.07746e-03  2.11938e-02
 4.16330e-03  2.13185e-02

 2.90017e-03  2.05050e-02
 4.81247e-03  2.11422e-02
 4.66418e-03  2.11726e-02
 4.71203e-03  2.10290e-02
 4.81247e-03  2.11422e-02

 3.34635e-03  2.05050e-02
 5.42076e-03  2.09559e-02
 5.27659e-03  2.10020e-02
 5.30874e-03  2.08541e-02
 5.42076e-03  2.09559e-02

 3.79253e-03  2.05050e-02
 5.97676e-03  2.07674e-02
 5.83758e-03  2.08269e-02
 5.85564e-03  2.06766e-02
 5.97676e-03  2.07674e-02

 2.24826e-04  2.10750e-02
 2.24826e-04  2.18984e-02
 1.49143e-04  2.17673e-02
 3.00510e-04  2.17673e-02
 2.24826e-04  2.18984e-02

 6.74479e-04  2.10750e-02
 1.24597e-03  2.18593e-02
 1.10761e-03  2.17979e-02
 1.22994e-03  2.17088e-02
 1.24597e-03  2.18593e-02

 1.12413e-03  2.10750e-02
 1.91291e-03  2.18221e-02
 1.76569e-03  2.17869e-02
 1.86978e-03  2.16770e-02
 1.91291e-03  2.18221e-02

 1.57378e-03  2.10750e-02
 2.71713e-03  2.17543e-02
 2.56578e-03  2.17524e-02
 2.64310e-03  2.16223e-02
 2.71713e-03  2.17543e-02

 2.02344e-03  2.10750e-02
 3.42124e-03  2.16702e-02
 3.27098e-03  2.16885e-02
 3.33028e-03  2.15492e-02
 3.42124e-03  2.16702e-02

 2.47309e-03  2.10750e-02
 4.11898e-03  2.15681e-02
 3.97168e-03  2.16030e-02
 4.01513e-03  2.14580e-02
 4.11898e-03  2.15681e-02

 2.92274e-03  2.10750e-02
 4.75829e-03  2.14554e-02
 4.61457e-03  2.15029e-02
 4.64529e-03  2.13547e-02
 4.75829e-03  2.14554e-02

 3.37240e-03  2.10750e-02
 5.35697e-03  2.13366e-02
 5.21711e-03  2.13945e-02
 5.23690e-03  2.12444e-02
 5.35697e-03  2.13366e-02

 3.82205e-03  2.10750e-02
 5.90365e-03  2.12172e-02
 5.76771e-03  2.12838e-02
 5.77802e-03  2.11328e-02
 5.90365e-03  2.12172e-02

 2.26562e-04  2.16450e-02
 2.26562e-04  2.21101e-02
 1.50879e-04  2.19790e-02
 3.02246e-04  2.19790e-02
 2.26563e-04  2.21101e-02

 6.79687e-04  2.16450e-02
 1.19555e-03  2.20589e-02
 1.04594e-03  2.20359e-02
 1.14067e-03  2.19179e-02
 1.19555e-03  2.20589e-02

 1.13281e-03  2.16450e-02
 1.82826e-03  2.20429e-02
 1.67689e-03  2.20435e-02
 1.75207e-03  2.19121e-02
 1.82826e-03  2.20429e-02

 1.58594e-03  2.16450e-02
 2.59033e-03  2.19998e-02
 2.44152e-03  2.20275e-02
 2.49193e-03  2.18847e-02
 2.59033e-03  2.19998e-02

 2.03906e-03  2.16450e-02
 3.25764e-03  2.19530e-02
 3.11200e-03  2.19943e-02
 3.14910e-03  2.18475e-02
 3.25764e-03  2.19530e-02

 2.49219e-03  2.16450e-02
 3.92064e-03  2.18936e-02
 3.77851e-03  2.19457e-02
 3.80447e-03  2.17966e-02
 3.92064e-03  2.18936e-02

 2.94531e-03  2.16450e-02
 4.52914e-03  2.18296e-02
 4.39017e-03  2.18896e-02
 4.40770e-03  2.17393e-02
 4.52914e-03  2.18296e-02

 3.39844e-03  2.16450e-02
 5.10109e-03  2.17620e-02
 4.96512e-03  2.18285e-02
 4.97550e-03  2.16775e-02
 5.10109e-03  2.17620e-02

 3.85156e-03  2.16450e-02
 5.62573e-03  2.16949e-02
 5.49257e-03  2.17668e-02
 5.49683e-03  2.16155e-02
 5.62573e-03  2.16949e-02

 2.28299e-04  2.22150e-02
 2.28299e-04  2.22150e-02
 3.59386e-04  2.21393e-02
 3.59386e-04  2.22907e-02
 2.28299e-04  2.22150e-02

 6.84896e-04  2.22150e-02
 1.02198e-03  2.22150e-02
 8.90895e-04  2.22907e-02
 8.90895e-04  2.21393e-02
 1.02198e-03  2.22150e-02

 1.14149e-03  2.22150e-02
 1.58039e-03  2.22150e-02
 1.44930e-03  2.22907e-02
 1.44930e-03  2.21393e-02
 1.58039e-03  2.22150e-02

 1.59809e-03  2.22150e-02
 2.23040e-03  2.22150e-02
 2.09932e-03  2.22907e-02
 2.09932e-03  2.21393e-02
 2.23040e-03  2.22150e-02

 2.05469e-03  2.22150e-02
 2.81553e-03  2.22150e-02
 2.68445e-03  2.22907e-02
 2.68445e-03  2.21393e-02
 2.81553e-03  2.22150e-02

 2.51128e-03  2.22150e-02
 3.39981e-03  2.22150e-02
 3.26872e-03  2.22907e-02
 3.26872e-03  2.21393e-02
 3.39981e-03  2.22150e-02

 2.96788e-03  2.22150e-02
 3.94813e-03  2.22150e-02
 3.81705e-03  2.22907e-02
 3.81705e-03  2.21393e-02
 3.94813e-03  2.22150e-02

 3.42448e-03  2.22150e-02
 4.47375e-03  2.22150e-02
 4.34267e-03  2.22907e-02
 4.34267e-03  2.21393e-02
 4.47375e-03  2.22150e-02

 3.88108e-03  2.22150e-02
 4.96940e-03  2.22150e-02
 4.83832e-03  2.22907e-02
 4.83832e-03  2.21393e-02
 4.96940e-03  2.22150e-02

 3.76510e-03  1.13850e-02
 2.52420e-03  1.13850e-02
 2.65529e-03  1.13093e-02
 2.65529e-03  1.14607e-02
 2.52420e-03  1.13850e-02

 4.26406e-03  1.13850e-02
 2.99720e-03  1.13850e-02
 3.12828e-03  1.13093e-02
 3.12828e-03  1.14607e-02
 2.99720e-03  1.13850e-02

 4.76302e-03  1.13850e-02
 3.50244e-03  1.13850e-02
 3.63352e-03  1.13093e-02
 3.63352e-03  1.14607e-02
 3.50244e-03  1.13850e-02

 5.26198e-03  1.13850e-02
 4.03727e-03  1.13850e-02
 4.16836e-03  1.13093e-02
 4.16836e-03  1.14607e-02
 4.03727e-03  1.13850e-02

 5.76094e-03  1.13850e-02
 4.59821e-03  1.13850e-02
 4.72930e-03  1.13093e-02
 4.72930e-03  1.14607e-02
 4.59821e-03  1.13850e-02

 6.25990e-03  1.13850e-02
 5.18186e-03  1.13850e-02
 5.31295e-03  1.13093e-02
 5.31295e-03  1.14607e-02
 5.18186e-03  1.13850e-02

 6.75885e-03  1.13850e-02
 5.78466e-03  1.13850e-02
 5.91574e-03  1.13093e-02
 5.91574e-03  1.14607e-02
 5.78466e-03  1.13850e-02

 7.25781e-03  1.13850e-02
 6.40198e-03  1.13850e-02
 6.53307e-03  1.13093e-02
 6.53307e-03  1.14607e-02
 6.40198e-03  1.13850e-02

 7.75677e-03  1.13850e-02
 7.03040e-03  1.13850e-02
 7.16149e-03  1.13093e-02
 7.16149e-03  1.14607e-02
 7.03040e-03  1.13850e-02

 8.25573e-03  1.13850e-02
 7.66312e-03  1.13850e-02
 7.79421e-03  1.13093e-02
 7.79421e-03  1.14607e-02
 7.66312e-03  1.13850e-02

 8.75469e-03  1.13850e-02
 8.29903e-03  1.13850e-02
 8.43012e-03  1.13093e-02
 8.43012e-03  1.14607e-02
 8.29903e-03  1.13850e-02

 9.25365e-03  1.13850e-02
 8.92449e-03  1.13850e-02
 9.05558e-03  1.13093e-02
 9.05558e-03  1.14607e-02
 8.92449e-03  1.13850e-02

 9.75260e-03  1.13850e-02
 9.55165e-03  1.13850e-02
 9.68274e-03  1.13093e-02
 9.68274e-03  1.14607e-02
 9.55165e-03  1.13850e-02

 1.02516e-02  1.13850e-02
 1.01380e-02  1.13850e-02
 1.02691e-02  1.13093e-02
 1.02691e-02  1.14607e-02
 1.01380e-02  1.13850e-02

 1.07505e-02  1.13850e-02
 1.07505e-02  1.13850e-02
 1.06194e-02  1.14607e-02
 1.06194e-02  1.13093e-02
 1.07505e-02  1.13850e-02

 3.79531e-03  1.19550e-02
 1.82035e-03  1.20778e-02
 1.94649e-03  1.19941e-02
 1.95588e-03  1.21452e-02
 1.82035e-03  1.20778e-02

 4.29219e-03  1.19550e-02
 2.28453e-03  1.20013e-02
 2.41384e-03  1.19226e-02
 2.41733e-03  1.20740e-02
 2.28453e-03  1.20013e-02

 4.78906e-03  1.19550e-02
 2.79950e-03  1.19306e-02
 2.93150e-03  1.18565e-02
 2.92964e-03  1.20079e-02
 2.79950e-03  1.19306e-02

 5.28594e-03  1.19550e-02
 3.36002e-03  1.18666e-02
 3.49444e-03  1.17970e-02
 3.48750e-03  1.19482e-02
 3.36002e-03  1.18666e-02

 5.78281e-03  1.19550e-02
 3.96081e-03  1.18102e-02
 4.09748e-03  1.17451e-02
 4.08549e-03  1.18960e-02
 3.96081e-03  1.18102e-02

 6.27969e-03  1.19550e-02
 4.59626e-03  1.17618e-02
 4.73512e-03  1.17016e-02
 4.71787e-03  1.18520e-02
 4.59626e-03  1.17618e-02

 6.77656e-03  1.19550e-02
 5.26077e-03  1.17222e-02
 5.40183e-03  1.16673e-02
 5.37886e-03  1.18169e-02
 5.26077e-03  1.17222e-02

 7.27344e-03  1.19550e-02
 5.94754e-03  1.16921e-02
 6.09084e-03  1.16434e-02
 6.06141e-03  1.17919e-02
 5.94754e-03  1.16921e-02

 7.77031e-03  1.19550e-02
 6.65080e-03  1.16722e-02
 6.79643e-03  1.16309e-02
 6.75936e-03  1.17777e-02
 6.65080e-03  1.16722e-02

 8.26719e-03  1.19550e-02
 7.36050e-03  1.16634e-02
 7.50846e-03  1.16315e-02
 7.46212e-03  1.17756e-02
 7.36050e-03  1.16634e-02

 8.76406e-03  1.19550e-02
 8.07389e-03  1.16658e-02
 8.22404e-03  1.16467e-02
 8.16555e-03  1.17863e-02
 8.07389e-03  1.16658e-02

 9.26094e-03  1.19550e-02
 8.77090e-03  1.16807e-02
 8.92226e-03  1.16787e-02
 8.84833e-03  1.18108e-02
 8.77090e-03  1.16807e-02

 9.75781e-03  1.19550e-02
 9.46543e-03  1.17066e-02
 9.61434e-03  1.17338e-02
 9.51634e-03  1.18492e-02
 9.46543e-03  1.17066e-02

 1.02547e-02  1.19550e-02
 1.00992e-02  1.17486e-02
 1.02385e-02  1.18077e-02
 1.01176e-02  1.18988e-02
 1.00992e-02  1.17486e-02

 1.07516e-02  1.19550e-02
 1.07516e-02  1.18132e-02
 1.08272e-02  1.19443e-02
 1.06759e-02  1.19443e-02
 1.07516e-02  1.18132e-02

 3.82552e-03  1.25250e-02
 1.57386e-03  1.26838e-02
 1.69930e-03  1.25991e-02
 1.70995e-03  1.27501e-02
 1.57386e-03  1.26838e-02

 4.32031e-03  1.25250e-02
 2.03634e-03  1.25525e-02
 2.16650e-03  1.24753e-02
 2.16833e-03  1.26266e-02
 2.03634e-03  1.25525e-02

 4.81510e-03  1.25250e-02
 2.55512e-03  1.24322e-02
 2.68920e-03  1.23619e-02
 2.68299e-03  1.25132e-02
 2.55512e-03  1.24322e-02

 5.30990e-03  1.25250e-02
 3.12469e-03  1.23243e-02
 3.26215e-03  1.22609e-02
 3.24830e-03  1.24116e-02
 3.12469e-03  1.23243e-02

 5.80469e-03  1.25250e-02
 3.73921e-03  1.22297e-02
 3.87969e-03  1.21733e-02
 3.85827e-03  1.23232e-02
 3.73921e-03  1.22297e-02

 6.29948e-03  1.25250e-02
 4.39248e-03  1.21492e-02
 4.53573e-03  1.21003e-02
 4.50646e-03  1.22488e-02
 4.39248e-03  1.21492e-02

 6.79427e-03  1.25250e-02
 5.07822e-03  1.20839e-02
 5.22403e-03  1.20432e-02
 5.18634e-03  1.21898e-02
 5.07822e-03  1.20839e-02

 7.28906e-03  1.25250e-02
 5.78886e-03  1.20350e-02
 5.93697e-03  1.20037e-02
 5.88997e-03  1.21476e-02
 5.78886e-03  1.20350e-02

 7.78385e-03  1.25250e-02
 6.51797e-03  1.20039e-02
 6.66800e-03  1.19838e-02
 6.61038e-03  1.21238e-02
 6.51797e-03  1.20039e-02

 8.27865e-03  1.25250e-02
 7.25442e-03  1.19922e-02
 7.40564e-03  1.19855e-02
 7.33578e-03  1.21198e-02
 7.25442e-03  1.19922e-02

 8.77344e-03  1.25250e-02
 7.99473e-03  1.20011e-02
 8.14574e-03  1.20115e-02
 8.06125e-03  1.21371e-02
 7.99473e-03  1.20011e-02

 9.26823e-03  1.25250e-02
 8.71703e-03  1.20325e-02
 8.86521e-03  1.20634e-02
 8.76435e-03  1.21763e-02
 8.71703e-03  1.20325e-02

 9.76302e-03  1.25250e-02
 9.43461e-03  1.20875e-02
 9.57383e-03  1.21469e-02
 9.45278e-03  1.22378e-02
 9.43461e-03  1.20875e-02

 1.02578e-02  1.25250e-02
 1.00842e-02  1.21708e-02
 1.02099e-02  1.22552e-02
 1.00739e-02  1.23218e-02
 1.00842e-02  1.21708e-02

 1.07526e-02  1.25250e-02
 1.07526e-02  1.22967e-02
 1.08283e-02  1.24278e-02
 1.06769e-02  1.24278e-02
 1.07526e-02  1.22967e-02

 3.85573e-03  1.30950e-02
 1.56108e-03  1.33320e-02
 1.68370e-03  1.32432e-02
 1.69925e-03  1.33938e-02
 1.56108e-03  1.33320e-02

 4.34844e-03  1.30950e-02
 2.02223e-03  1.31261e-02
 2.15229e-03  1.30487e-02
 2.15432e-03  1.32000e-02
 2.02223e-03  1.31261e-02

 4.84115e-03  1.30950e-02
 2.54007e-03  1.29373e-02
 2.67602e-03  1.28708e-02
 2.66567e-03  1.30218e-02
 2.54007e-03  1.29373e-02

 5.33385e-03  1.30950e-02
 3.10914e-03  1.27678e-02
 3.24984e-03  1.27120e-02
 3.22782e-03  1.28618e-02
 3.10914e-03  1.27678e-02

 5.82656e-03  1.30950e-02
 3.72392e-03  1.26190e-02
 3.86849e-03  1.25742e-02
 3.83507e-03  1.27218e-02
 3.72392e-03  1.26190e-02

 6.31927e-03  1.30950e-02
 4.37807e-03  1.24924e-02
 4.52570e-03  1.24590e-02
 4.48082e-03  1.26036e-02
 4.37807e-03  1.24924e-02

 6.81198e-03  1.30950e-02
 5.06543e-03  1.23896e-02
 5.21532e-03  1.23685e-02
 5.15864e-03  1.25089e-02
 5.06543e-03  1.23896e-02

 7.30469e-03  1.30950e-02
 5.77830e-03  1.23127e-02
 5.92948e-03  1.23051e-02
 5.86044e-03  1.24398e-02
 5.77830e-03  1.23127e-02

 7.79740e-03  1.30950e-02
 6.51025e-03  1.22639e-02
 6.66143e-03  1.22714e-02
 6.57932e-03  1.23986e-02
 6.51025e-03  1.22639e-02

 8.29010e-03  1.30950e-02
 7.24991e-03  1.22458e-02
 7.39932e-03  1.22700e-02
 7.30359e-03  1.23873e-02
 7.24991e-03  1.22458e-02

 8.78281e-03  1.30950e-02
 7.99336e-03  1.22608e-02
 8.13843e-03  1.23040e-02
 8.02849e-03  1.24080e-02
 7.99336e-03  1.22608e-02

 9.27552e-03  1.30950e-02
 8.71866e-03  1.23116e-02
 8.85629e-03  1.23746e-02
 8.73292e-03  1.24623e-02
 8.71866e-03  1.23116e-02

 9.76823e-03  1.30950e-02
 9.43793e-03  1.24016e-02
 9.56263e-03  1.24874e-02
 9.42597e-03  1.25525e-02
 9.43793e-03  1.24016e-02

 1.02609e-02  1.30950e-02
 1.00882e-02  1.25354e-02
 1.01992e-02  1.26383e-02
 1.00546e-02  1.26829e-02
 1.00882e-02  1.25354e-02

 1.07536e-02  1.30950e-02
 1.07536e-02  1.27389e-02
 1.08293e-02  1.28700e-02
 1.06780e-02  1.28700e-02
 1.07536e-02  1.27389e-02

 3.88594e-03  1.36650e-02
 1.74228e-03  1.39503e-02
 1.86223e-03  1.38580e-02
 1.88221e-03  1.40081e-02
 1.74228e-03  1.39503e-02

 4.37656e-03  1.36650e-02
 2.20202e-03  1.36821e-02
 2.33251e-03  1.36054e-02
 2.33370e-03  1.37567e-02
 2.20202e-03  1.36821e-02

 4.86719e-03  1.36650e-02
 2.71430e-03  1.34361e-02
 2.85265e-03  1.33747e-02
 2.83665e-03  1.35253e-02
 2.71430e-03  1.34361e-02

 5.35781e-03  1.36650e-02
 3.27432e-03  1.32152e-02
 3.41843e-03  1.31689e-02
 3.38649e-03  1.33168e-02
 3.27432e-03  1.32152e-02

 5.84844e-03  1.36650e-02
 3.87711e-03  1.30212e-02
 4.02522e-03  1.29900e-02
 3.97823e-03  1.31338e-02
 3.87711e-03  1.30212e-02

 6.33906e-03  1.36650e-02
 4.51706e-03  1.28560e-02
 4.66758e-03  1.28400e-02
 4.60615e-03  1.29784e-02
 4.51706e-03  1.28560e-02

 6.82969e-03  1.36650e-02
 5.18842e-03  1.27220e-02
 5.33978e-03  1.27217e-02
 5.26437e-03  1.28529e-02
 5.18842e-03  1.27220e-02

 7.32031e-03  1.36650e-02
 5.88407e-03  1.26218e-02
 6.03461e-03  1.26376e-02
 5.94565e-03  1.27601e-02
 5.88407e-03  1.26218e-02

 7.81094e-03  1.36650e-02
 6.59803e-03  1.25587e-02
 6.74589e-03  1.25911e-02
 6.64388e-03  1.27029e-02
 6.59803e-03  1.25587e-02

 8.30156e-03  1.36650e-02
 7.31987e-03  1.25359e-02
 7.46300e-03  1.25851e-02
 7.34877e-03  1.26845e-02
 7.31987e-03  1.25359e-02

 8.79219e-03  1.36650e-02
 8.04590e-03  1.25575e-02
 8.18192e-03  1.26239e-02
 8.05639e-03  1.27085e-02
 8.04590e-03  1.25575e-02

 9.28281e-03  1.36650e-02
 8.75535e-03  1.26270e-02
 8.88221e-03  1.27096e-02
 8.74726e-03  1.27782e-02
 8.75535e-03  1.26270e-02

 9.77344e-03  1.36650e-02
 9.45974e-03  1.27504e-02
 9.57386e-03  1.28498e-02
 9.43068e-03  1.28989e-02
 9.45974e-03  1.27504e-02

 1.02641e-02  1.36650e-02
 1.00989e-02  1.29315e-02
 1.02015e-02  1.30428e-02
 1.00538e-02  1.30761e-02
 1.00989e-02  1.29315e-02

 1.07547e-02  1.36650e-02
 1.07547e-02  1.32037e-02
 1.08304e-02  1.33348e-02
 1.06790e-02  1.33348e-02
 1.07547e-02  1.32037e-02

 3.91615e-03  1.42350e-02
 2.04313e-03  1.45734e-02
 2.15867e-03  1.44757e-02
 2.18559e-03  1.46246e-02
 2.04313e-03  1.45734e-02

 4.40469e-03  1.42350e-02
 2.50110e-03  1.42460e-02
 2.63174e-03  1.41696e-02
 2.63262e-03  1.43209e-02
 2.50110e-03  1.42460e-02

 4.89323e-03  1.42350e-02
 3.00493e-03  1.39452e-02
 3.14598e-03  1.38903e-02
 3.12302e-03  1.40399e-02
 3.00493e-03  1.39452e-02

 5.38177e-03  1.42350e-02
 3.55076e-03  1.36744e-02
 3.69826e-03  1.36404e-02
 3.65395e-03  1.37852e-02
 3.55076e-03  1.36744e-02

 5.87031e-03  1.42350e-02
 4.13451e-03  1.34362e-02
 4.28523e-03  1.34222e-02
 4.22195e-03  1.35597e-02
 4.13451e-03  1.34362e-02

 6.35885e-03  1.42350e-02
 4.75134e-03  1.32330e-02
 4.90262e-03  1.32381e-02
 4.82255e-03  1.33665e-02
 4.75134e-03  1.32330e-02

 6.84740e-03  1.42350e-02
 5.39624e-03  1.30678e-02
 5.54582e-03  1.30910e-02
 5.45095e-03  1.32089e-02
 5.39624e-03  1.30678e-02

 7.33594e-03  1.42350e-02
 6.06317e-03  1.29441e-02
 6.20910e-03  1.29843e-02
 6.10131e-03  1.30906e-02
 6.06317e-03  1.29441e-02

 7.82448e-03  1.42350e-02
 6.74682e-03  1.28660e-02
 6.88737e-03  1.29222e-02
 6.76844e-03  1.30159e-02
 6.74682e-03  1.28660e-02

 8.31302e-03  1.42350e-02
 7.43820e-03  1.28375e-02
 7.57190e-03  1.29085e-02
 7.44360e-03  1.29888e-02
 7.43820e-03  1.28375e-02

 8.80156e-03  1.42350e-02
 8.13417e-03  1.28640e-02
 8.25959e-03  1.29487e-02
 8.12350e-03  1.30150e-02
 8.13417e-03  1.28640e-02

 9.29010e-03  1.42350e-02
 8.81637e-03  1.29498e-02
 8.93272e-03  1.30466e-02
 8.79070e-03  1.30990e-02
 8.81637e-03  1.29498e-02

 9.77865e-03  1.42350e-02
 9.49545e-03  1.31034e-02
 9.60070e-03  1.32122e-02
 9.45386e-03  1.32489e-02
 9.49545e-03  1.31034e-02

 1.02672e-02  1.42350e-02
 1.01171e-02  1.33278e-02
 1.02131e-02  1.34448e-02
 1.00638e-02  1.34695e-02
 1.01171e-02  1.33278e-02

 1.07557e-02  1.42350e-02
 1.07557e-02  1.36659e-02
 1.08314e-02  1.37969e-02
 1.06800e-02  1.37969e-02
 1.07557e-02  1.36659e-02

 3.94635e-03  1.48050e-02
 2.43435e-03  1.51825e-02
 2.54320e-03  1.50773e-02
 2.57987e-03  1.52241e-02
 2.43435e-03  1.51825e-02

 4.43281e-03  1.48050e-02
 2.89114e-03  1.48080e-02
 3.02208e-03  1.47321e-02
 3.02237e-03  1.48834e-02
 2.89114e-03  1.48080e-02

 4.91927e-03  1.48050e-02
 3.38524e-03  1.44633e-02
 3.52965e-03  1.44179e-02
 3.49674e-03  1.45657e-02
 3.38524e-03  1.44633e-02

 5.40573e-03  1.48050e-02
 3.91393e-03  1.41523e-02
 4.06436e-03  1.41355e-02
 4.00369e-03  1.42742e-02
 3.91393e-03  1.41523e-02

 5.89219e-03  1.48050e-02
 4.47388e-03  1.38783e-02
 4.62502e-03  1.38866e-02
 4.54222e-03  1.40133e-02
 4.47388e-03  1.38783e-02

 6.37865e-03  1.48050e-02
 5.06130e-03  1.36443e-02
 5.20969e-03  1.36742e-02
 5.10962e-03  1.37878e-02
 5.06130e-03  1.36443e-02

 6.86510e-03  1.48050e-02
 5.67226e-03  1.34538e-02
 5.81575e-03  1.35020e-02
 5.70228e-03  1.36022e-02
 5.67226e-03  1.34538e-02

 7.35156e-03  1.48050e-02
 6.30168e-03  1.33109e-02
 6.43897e-03  1.33747e-02
 6.31513e-03  1.34617e-02
 6.30168e-03  1.33109e-02

 7.83802e-03  1.48050e-02
 6.94549e-03  1.32202e-02
 7.07576e-03  1.32973e-02
 6.94387e-03  1.33715e-02
 6.94549e-03  1.32202e-02

 8.32448e-03  1.48050e-02
 7.59638e-03  1.31865e-02
 7.71918e-03  1.32750e-02
 7.58114e-03  1.33371e-02
 7.59638e-03  1.31865e-02

 8.81094e-03  1.48050e-02
 8.25217e-03  1.32164e-02
 8.36707e-03  1.33150e-02
 8.22427e-03  1.33652e-02
 8.25217e-03  1.32164e-02

 9.29740e-03  1.48050e-02
 8.89779e-03  1.33148e-02
 9.00484e-03  1.34218e-02
 8.85864e-03  1.34610e-02
 8.89779e-03  1.33148e-02

 9.78385e-03  1.48050e-02
 9.54278e-03  1.34924e-02
 9.64090e-03  1.36077e-02
 9.49202e-03  1.36350e-02
 9.54278e-03  1.34924e-02

 1.02703e-02  1.48050e-02
 1.01408e-02  1.37519e-02
 1.02320e-02  1.38728e-02
 1.00817e-02  1.38913e-02
 1.01408e-02  1.37519e-02

 1.07568e-02  1.48050e-02
 1.07568e-02  1.41447e-02
 1.08325e-02  1.42758e-02
 1.06811e-02  1.42758e-02
 1.07568e-02  1.41447e-02

 3.97656e-03  1.53750e-02
 2.88339e-03  1.57854e-02
 2.97951e-03  1.56685e-02
 3.03272e-03  1.58102e-02
 2.88339e-03  1.57854e-02

 4.46094e-03  1.53750e-02
 3.34037e-03  1.53744e-02
 3.47149e-03  1.52988e-02
 3.47142e-03  1.54502e-02
 3.34037e-03  1.53744e-02

 4.94531e-03  1.53750e-02
 3.82497e-03  1.49951e-02
 3.97342e-03  1.49655e-02
 3.92481e-03  1.51089e-02
 3.82497e-03  1.49951e-02

 5.42969e-03  1.53750e-02
 4.33553e-03  1.46521e-02
 4.48662e-03  1.46613e-02
 4.40319e-03  1.47876e-02
 4.33553e-03  1.46521e-02

 5.91406e-03  1.53750e-02
 4.86971e-03  1.43494e-02
 5.01626e-03  1.43873e-02
 4.91021e-03  1.44953e-02
 4.86971e-03  1.43494e-02

 6.39844e-03  1.53750e-02
 5.42469e-03  1.40906e-02
 5.56420e-03  1.41493e-02
 5.44358e-03  1.42408e-02
 5.42469e-03  1.40906e-02

 6.88281e-03  1.53750e-02
 5.99754e-03  1.38796e-02
 6.12945e-03  1.39539e-02
 5.99920e-03  1.40310e-02
 5.99754e-03  1.38796e-02

 7.36719e-03  1.53750e-02
 6.58454e-03  1.37209e-02
 6.70902e-03  1.38070e-02
 6.57220e-03  1.38717e-02
 6.58454e-03  1.37209e-02

 7.85156e-03  1.53750e-02
 7.18268e-03  1.36195e-02
 7.30008e-03  1.37151e-02
 7.15863e-03  1.37690e-02
 7.18268e-03  1.36195e-02

 8.33594e-03  1.53750e-02
 7.78675e-03  1.35808e-02
 7.89748e-03  1.36840e-02
 7.75275e-03  1.37283e-02
 7.78675e-03  1.35808e-02

 8.82031e-03  1.53750e-02
 8.39548e-03  1.36120e-02
 8.49976e-03  1.37217e-02
 8.35261e-03  1.37571e-02
 8.39548e-03  1.36120e-02

 9.30469e-03  1.53750e-02
 8.99785e-03  1.37186e-02
 9.09615e-03  1.38337e-02
 8.94731e-03  1.38613e-02
 8.99785e-03  1.37186e-02

 9.78906e-03  1.53750e-02
 9.60175e-03  1.39136e-02
 9.69348e-03  1.40340e-02
 9.54334e-03  1.40532e-02
 9.60175e-03  1.39136e-02

 1.02734e-02  1.53750e-02
 1.01714e-02  1.41990e-02
 1.02582e-02  1.43231e-02
 1.01074e-02  1.43362e-02
 1.01714e-02  1.41990e-02

 1.07578e-02  1.53750e-02
 1.07578e-02  1.46362e-02
 1.08335e-02  1.47673e-02
 1.06821e-02  1.47673e-02
 1.07578e-02  1.46362e-02

 4.00677e-03  1.59450e-02
 3.37210e-03  1.63753e-02
 3.43813e-03  1.62391e-02
 3.52307e-03  1.63644e-02
 3.37210e-03  1.63753e-02

 4.48906e-03  1.59450e-02
 3.83122e-03  1.59409e-02
 3.96278e-03  1.58660e-02
 3.96184e-03  1.60174e-02
 3.83122e-03  1.59409e-02

 4.97135e-03  1.59450e-02
 4.30765e-03  1.55390e-02
 4.45897e-03  1.55428e-02
 4.37998e-03  1.56720e-02
 4.30765e-03  1.55390e-02

 5.45365e-03  1.59450e-02
 4.80053e-03  1.51750e-02
 4.94304e-03  1.52260e-02
 4.82760e-03  1.53239e-02
 4.80053e-03  1.51750e-02

 5.93594e-03  1.59450e-02
 5.30852e-03  1.48533e-02
 5.43946e-03  1.49293e-02
 5.30822e-03  1.50047e-02
 5.30852e-03  1.48533e-02

 6.41823e-03  1.59450e-02
 5.82976e-03  1.45782e-02
 5.95111e-03  1.46686e-02
 5.81208e-03  1.47285e-02
 5.82976e-03  1.45782e-02

 6.90052e-03  1.59450e-02
 6.36228e-03  1.43538e-02
 6.47598e-03  1.44537e-02
 6.33259e-03  1.45022e-02
 6.36228e-03  1.43538e-02

 7.38281e-03  1.59450e-02
 6.90374e-03  1.41846e-02
 7.01119e-03  1.42912e-02
 6.86514e-03  1.43310e-02
 6.90374e-03  1.41846e-02

 7.86510e-03  1.59450e-02
 7.45236e-03  1.40761e-02
 7.55453e-03  1.41878e-02
 7.40672e-03  1.42204e-02
 7.45236e-03  1.40761e-02

 8.34740e-03  1.59450e-02
 8.00509e-03  1.40335e-02
 8.10270e-03  1.41492e-02
 7.95370e-03  1.41758e-02
 8.00509e-03  1.40335e-02

 8.82969e-03  1.59450e-02
 8.56154e-03  1.40646e-02
 8.65497e-03  1.41837e-02
 8.50512e-03  1.42051e-02
 8.56154e-03  1.40646e-02

 9.31198e-03  1.59450e-02
 9.11529e-03  1.41754e-02
 9.20499e-03  1.42973e-02
 9.05455e-03  1.43140e-02
 9.11529e-03  1.41754e-02

 9.79427e-03  1.59450e-02
 9.67192e-03  1.43805e-02
 9.75759e-03  1.45053e-02
 9.60669e-03  1.45171e-02
 9.67192e-03  1.43805e-02

 1.02766e-02  1.59450e-02
 1.02085e-02  1.46815e-02
 1.02911e-02  1.48084e-02
 1.01400e-02  1.48165e-02
 1.02085e-02  1.46815e-02

 1.07589e-02  1.59450e-02
 1.07589e-02  1.51490e-02
 1.08345e-02  1.52801e-02
 1.06832e-02  1.52801e-02
 1.07589e-02  1.51490e-02

 4.03698e-03  1.65150e-02
 3.88153e-03  1.69522e-02
 3.85413e-03  1.68033e-02
 3.99675e-03  1.68540e-02
 3.88153e-03  1.69522e-02

 4.51719e-03  1.65150e-02
 4.34500e-03  1.65073e-02
 4.47933e-03  1.64376e-02
 4.47258e-03  1.65888e-02
 4.34500e-03  1.65073e-02

 4.99740e-03  1.65150e-02
 4.81506e-03  1.60947e-02
 4.93667e-03  1.61849e-02
 4.79780e-03  1.62451e-02
 4.81506e-03  1.60947e-02

 5.47760e-03  1.65150e-02
 5.29160e-03  1.57206e-02
 5.39517e-03  1.58310e-02
 5.24779e-03  1.58655e-02
 5.29160e-03  1.57206e-02

 5.95781e-03  1.65150e-02
 5.77412e-03  1.53899e-02
 5.86994e-03  1.55071e-02
 5.72055e-03  1.55315e-02
 5.77412e-03  1.53899e-02

 6.43802e-03  1.65150e-02
 6.26172e-03  1.51070e-02
 6.35311e-03  1.52277e-02
 6.20291e-03  1.52465e-02
 6.26172e-03  1.51070e-02

 6.91823e-03  1.65150e-02
 6.75342e-03  1.48765e-02
 6.84184e-03  1.49993e-02
 6.69124e-03  1.50145e-02
 6.75342e-03  1.48765e-02

 7.39844e-03  1.65150e-02
 7.24824e-03  1.47026e-02
 7.33449e-03  1.48270e-02
 7.18364e-03  1.48395e-02
 7.24824e-03  1.47026e-02

 7.87865e-03  1.65150e-02
 7.74552e-03  1.45909e-02
 7.83007e-03  1.47165e-02
 7.67906e-03  1.47269e-02
 7.74552e-03  1.45909e-02

 8.35885e-03  1.65150e-02
 8.24456e-03  1.45462e-02
 8.32771e-03  1.46727e-02
 8.17660e-03  1.46814e-02
 8.24456e-03  1.45462e-02

 8.83906e-03  1.65150e-02
 8.74559e-03  1.45767e-02
 8.82750e-03  1.47040e-02
 8.67630e-03  1.47113e-02
 8.74559e-03  1.45767e-02

 9.31927e-03  1.65150e-02
 9.24718e-03  1.46878e-02
 9.32797e-03  1.48158e-02
 9.17672e-03  1.48217e-02
 9.24718e-03  1.46878e-02

 9.79948e-03  1.65150e-02
 9.75193e-03  1.48961e-02
 9.83143e-03  1.50249e-02
 9.68013e-03  1.50293e-02
 9.75193e-03  1.48961e-02

 1.02797e-02  1.65150e-02
 1.02517e-02  1.52026e-02
 1.03301e-02  1.53321e-02
 1.01788e-02  1.53353e-02
 1.02517e-02  1.52026e-02

 1.07599e-02  1.65150e-02
 1.07599e-02  1.56854e-02
 1.08356e-02  1.58165e-02
 1.06842e-02  1.58165e-02
 1.07599e-02  1.56854e-02

 4.06719e-03  1.70850e-02
 4.39610e-03  1.75125e-02
 4.25618e-03  1.74547e-02
 4.37614e-03  1.73624e-02
 4.39610e-03  1.75125e-02

 4.54531e-03  1.70850e-02
 4.86590e-03  1.70705e-02
 4.73837e-03  1.71520e-02
 4.73153e-03  1.70008e-02
 4.86590e-03  1.70705e-02

 5.02344e-03  1.70850e-02
 5.33141e-03  1.66600e-02
 5.31578e-03  1.68105e-02
 5.19321e-03  1.67217e-02
 5.33141e-03  1.66600e-02

 5.50156e-03  1.70850e-02
 5.79316e-03  1.62874e-02
 5.81923e-03  1.64366e-02
 5.67707e-03  1.63846e-02
 5.79316e-03  1.62874e-02

 5.97969e-03  1.70850e-02
 6.25142e-03  1.59585e-02
 6.29425e-03  1.61037e-02
 6.14711e-03  1.60682e-02
 6.25142e-03  1.59585e-02

 6.45781e-03  1.70850e-02
 6.70623e-03  1.56776e-02
 6.75797e-03  1.58198e-02
 6.60891e-03  1.57935e-02
 6.70623e-03  1.56776e-02

 6.93594e-03  1.70850e-02
 7.15758e-03  1.54492e-02
 7.21498e-03  1.55892e-02
 7.06499e-03  1.55689e-02
 7.15758e-03  1.54492e-02

 7.41406e-03  1.70850e-02
 7.60589e-03  1.52774e-02
 7.66732e-03  1.54157e-02
 7.51680e-03  1.53997e-02
 7.60589e-03  1.52774e-02

 7.89219e-03  1.70850e-02
 8.05158e-03  1.51671e-02
 8.11615e-03  1.53040e-02
 7.96530e-03  1.52915e-02
 8.05158e-03  1.51671e-02

 8.37031e-03  1.70850e-02
 8.49628e-03  1.51229e-02
 8.56341e-03  1.52586e-02
 8.41235e-03  1.52489e-02
 8.49628e-03  1.51229e-02

 8.84844e-03  1.70850e-02
 8.94071e-03  1.51527e-02
 9.01006e-03  1.52873e-02
 8.85886e-03  1.52801e-02
 8.94071e-03  1.51527e-02

 9.32656e-03  1.70850e-02
 9.38850e-03  1.52616e-02
 9.45969e-03  1.53951e-02
 9.30841e-03  1.53900e-02
 9.38850e-03  1.52616e-02

 9.80469e-03  1.70850e-02
 9.83874e-03  1.54664e-02
 9.91165e-03  1.55991e-02
 9.76032e-03  1.55959e-02
 9.83874e-03  1.54664e-02

 1.02828e-02  1.70850e-02
 1.02992e-02  1.57686e-02
 1.03732e-02  1.59006e-02
 1.02219e-02  1.58987e-02
 1.02992e-02  1.57686e-02

 1.07609e-02  1.70850e-02
 1.07609e-02  1.62499e-02
 1.08366e-02  1.63810e-02
 1.06853e-02  1.63810e-02
 1.07609e-02  1.62499e-02

 4.09740e-03  1.76550e-02
 4.89851e-03  1.80552e-02
 4.74741e-03  1.80643e-02
 4.81506e-03  1.79289e-02
 4.89851e-03  1.80552e-02

 4.57344e-03  1.76550e-02
 5.37576e-03  1.76294e-02
 5.24715e-03  1.77093e-02
 5.24233e-03  1.75580e-02
 5.37576e-03  1.76294e-02

 5.04948e-03  1.76550e-02
 5.83803e-03  1.72336e-02
 5.75808e-03  1.73622e-02
 5.68674e-03  1.72287e-02
 5.83803e-03  1.72336e-02

 5.52552e-03  1.76550e-02
 6.28629e-03  1.68748e-02
 6.24896e-03  1.70215e-02
 6.14059e-03  1.69158e-02
 6.28629e-03  1.68748e-02

 6.00156e-03  1.76550e-02
 6.72167e-03  1.65585e-02
 6.71297e-03  1.67096e-02
 6.58645e-03  1.66265e-02
 6.72167e-03  1.65585e-02

 6.47760e-03  1.76550e-02
 7.14503e-03  1.62893e-02
 7.15547e-03  1.64403e-02
 7.01947e-03  1.63738e-02
 7.14503e-03  1.62893e-02

 6.95365e-03  1.76550e-02
 7.55740e-03  1.60714e-02
 7.58142e-03  1.62208e-02
 7.43999e-03  1.61669e-02
 7.55740e-03  1.60714e-02

 7.42969e-03  1.76550e-02
 7.96063e-03  1.59084e-02
 7.99492e-03  1.60558e-02
 7.85009e-03  1.60118e-02
 7.96063e-03  1.59084e-02

 7.90573e-03  1.76550e-02
 8.35620e-03  1.58045e-02
 8.39873e-03  1.59498e-02
 8.25166e-03  1.59140e-02
 8.35620e-03  1.58045e-02

 8.38177e-03  1.76550e-02
 8.74797e-03  1.57638e-02
 8.79736e-03  1.59069e-02
 8.64875e-03  1.58781e-02
 8.74797e-03  1.57638e-02

 8.85781e-03  1.76550e-02
 9.13704e-03  1.57934e-02
 9.19244e-03  1.59343e-02
 9.04275e-03  1.59118e-02
 9.13704e-03  1.57934e-02

 9.33385e-03  1.76550e-02
 9.53188e-03  1.58978e-02
 9.59241e-03  1.60365e-02
 9.44199e-03  1.60196e-02
 9.53188e-03  1.58978e-02

 9.80990e-03  1.76550e-02
 9.92776e-03  1.60937e-02
 9.99336e-03  1.62301e-02
 9.84242e-03  1.62187e-02
 9.92776e-03  1.60937e-02

 1.02859e-02  1.76550e-02
 1.03486e-02  1.63821e-02
 1.04178e-02  1.65167e-02
 1.02666e-02  1.65093e-02
 1.03486e-02  1.63821e-02

 1.07620e-02  1.76550e-02
 1.07620e-02  1.68450e-02
 1.08377e-02  1.69760e-02
 1.06863e-02  1.69760e-02
 1.07620e-02  1.68450e-02

 4.12760e-03  1.82250e-02
 5.37161e-03  1.85798e-02
 5.22479e-03  1.86167e-02
 5.26631e-03  1.84711e-02
 5.37161e-03  1.85798e-02

 4.60156e-03  1.82250e-02
 5.85609e-03  1.81829e-02
 5.72761e-03  1.82630e-02
 5.72254e-03  1.81117e-02
 5.85609e-03  1.81829e-02

 5.07552e-03  1.82250e-02
 6.31522e-03  1.78142e-02
 6.21459e-03  1.79272e-02
 6.16698e-03  1.77836e-02
 6.31522e-03  1.78142e-02

 5.54948e-03  1.82250e-02
 6.75073e-03  1.74806e-02
 6.67917e-03  1.76139e-02
 6.59943e-03  1.74853e-02
 6.75073e-03  1.74806e-02

 6.02344e-03  1.82250e-02
 7.16421e-03  1.71876e-02
 7.11815e-03  1.73318e-02
 7.01631e-03  1.72198e-02
 7.16421e-03  1.71876e-02

 6.49740e-03  1.82250e-02
 7.55765e-03  1.69396e-02
 7.53262e-03  1.70889e-02
 7.41585e-03  1.69926e-02
 7.55765e-03  1.69396e-02

 6.97135e-03  1.82250e-02
 7.93306e-03  1.67402e-02
 7.92533e-03  1.68913e-02
 7.79828e-03  1.68090e-02
 7.93306e-03  1.67402e-02

 7.44531e-03  1.82250e-02
 8.29380e-03  1.65924e-02
 8.30051e-03  1.67436e-02
 8.16619e-03  1.66738e-02
 8.29380e-03  1.65924e-02

 7.91927e-03  1.82250e-02
 8.64241e-03  1.64997e-02
 8.66154e-03  1.66499e-02
 8.52194e-03  1.65914e-02
 8.64241e-03  1.64997e-02

 8.39323e-03  1.82250e-02
 8.98479e-03  1.64653e-02
 9.01476e-03  1.66137e-02
 8.87128e-03  1.65654e-02
 8.98479e-03  1.64653e-02

 8.86719e-03  1.82250e-02
 9.32231e-03  1.64953e-02
 9.36214e-03  1.66414e-02
 9.21576e-03  1.66028e-02
 9.32231e-03  1.64953e-02

 9.34115e-03  1.82250e-02
 9.66784e-03  1.65936e-02
 9.71631e-03  1.67370e-02
 9.56789e-03  1.67073e-02
 9.66784e-03  1.65936e-02

 9.81510e-03  1.82250e-02
 1.00128e-02  1.67756e-02
 1.00701e-02  1.69157e-02
 9.92009e-03  1.68952e-02
 1.00128e-02  1.67756e-02

 1.02891e-02  1.82250e-02
 1.03962e-02  1.70421e-02
 1.04597e-02  1.71795e-02
 1.03090e-02  1.71659e-02
 1.03962e-02  1.70421e-02

 1.07630e-02  1.82250e-02
 1.07630e-02  1.74701e-02
 1.08387e-02  1.76012e-02
 1.06873e-02  1.76012e-02
 1.07630e-02  1.74701e-02

 4.15781e-03  1.87950e-02
 5.79379e-03  1.90889e-02
 5.65138e-03  1.91402e-02
 5.67814e-03  1.89912e-02
 5.79379e-03  1.90889e-02

 4.62969e-03  1.87950e-02
 6.28352e-03  1.87333e-02
 6.15535e-03  1.88138e-02
 6.14970e-03  1.86625e-02
 6.28352e-03  1.87333e-02

 5.10156e-03  1.87950e-02
 6.73867e-03  1.84036e-02
 6.62878e-03  1.85077e-02
 6.59358e-03  1.83605e-02
 6.73867e-03  1.84036e-02

 5.57344e-03  1.87950e-02
 7.16128e-03  1.81065e-02
 7.07112e-03  1.82281e-02
 7.01090e-03  1.80892e-02
 7.16128e-03  1.81065e-02

 6.04531e-03  1.87950e-02
 7.55391e-03  1.78471e-02
 7.48318e-03  1.79809e-02
 7.40265e-03  1.78527e-02
 7.55391e-03  1.78471e-02

 6.51719e-03  1.87950e-02
 7.91945e-03  1.76291e-02
 7.86704e-03  1.77711e-02
 7.77027e-03  1.76547e-02
 7.91945e-03  1.76291e-02

 6.98906e-03  1.87950e-02
 8.26115e-03  1.74555e-02
 8.22576e-03  1.76026e-02
 8.11600e-03  1.74984e-02
 8.26115e-03  1.74555e-02

 7.46094e-03  1.87950e-02
 8.58363e-03  1.73285e-02
 8.56404e-03  1.74786e-02
 8.44385e-03  1.73866e-02
 8.58363e-03  1.73285e-02

 7.93281e-03  1.87950e-02
 8.89059e-03  1.72509e-02
 8.88580e-03  1.74022e-02
 8.75717e-03  1.73224e-02
 8.89059e-03  1.72509e-02

 8.40469e-03  1.87950e-02
 9.18968e-03  1.72249e-02
 9.19875e-03  1.73760e-02
 9.06336e-03  1.73083e-02
 9.18968e-03  1.72249e-02

 8.87656e-03  1.87950e-02
 9.48255e-03  1.72557e-02
 9.50496e-03  1.74054e-02
 9.36411e-03  1.73499e-02
 9.48255e-03  1.72557e-02

 9.34844e-03  1.87950e-02
 9.78563e-03  1.73463e-02
 9.82021e-03  1.74937e-02
 9.67530e-03  1.74500e-02
 9.78563e-03  1.73463e-02

 9.82031e-03  1.87950e-02
 1.00869e-02  1.75100e-02
 1.01344e-02  1.76537e-02
 9.98617e-03  1.76230e-02
 1.00869e-02  1.75100e-02

 1.02922e-02  1.87950e-02
 1.04380e-02  1.77478e-02
 1.04949e-02  1.78880e-02
 1.03449e-02  1.78672e-02
 1.04380e-02  1.77478e-02

 1.07641e-02  1.87950e-02
 1.07641e-02  1.81252e-02
 1.08397e-02  1.82563e-02
 1.06884e-02  1.82563e-02
 1.07641e-02  1.81252e-02

 4.18802e-03  1.93650e-02
 6.14345e-03  1.95863e-02
 6.00469e-03  1.96467e-02
 6.02171e-03  1.94963e-02
 6.14345e-03  1.95863e-02

 4.65781e-03  1.93650e-02
 6.63429e-03  1.92818e-02
 6.50650e-03  1.93629e-02
 6.50013e-03  1.92117e-02
 6.63429e-03  1.92818e-02

 5.12760e-03  1.93650e-02
 7.08289e-03  1.90007e-02
 6.96788e-03  1.90991e-02
 6.94015e-03  1.89503e-02
 7.08289e-03  1.90007e-02

 5.59740e-03  1.93650e-02
 7.49175e-03  1.87489e-02
 7.39050e-03  1.88614e-02
 7.34369e-03  1.87175e-02
 7.49175e-03  1.87489e-02

 6.06719e-03  1.93650e-02
 7.86437e-03  1.85308e-02
 7.77733e-03  1.86547e-02
 7.71360e-03  1.85174e-02
 7.86437e-03  1.85308e-02

 6.53698e-03  1.93650e-02
 8.20459e-03  1.83493e-02
 8.13200e-03  1.84821e-02
 8.05326e-03  1.83528e-02
 8.20459e-03  1.83493e-02

 7.00677e-03  1.93650e-02
 8.51688e-03  1.82066e-02
 8.45894e-03  1.83464e-02
 8.36681e-03  1.82263e-02
 8.51688e-03  1.82066e-02

 7.47656e-03  1.93650e-02
 8.80715e-03  1.81042e-02
 8.76406e-03  1.82493e-02
 8.65994e-03  1.81394e-02
 8.80715e-03  1.81042e-02

 7.94635e-03  1.93650e-02
 9.08002e-03  1.80438e-02
 9.05209e-03  1.81926e-02
 8.93722e-03  1.80940e-02
 9.08002e-03  1.80438e-02

 8.41615e-03  1.93650e-02
 9.34463e-03  1.80272e-02
 9.33206e-03  1.81781e-02
 9.20771e-03  1.80918e-02
 9.34463e-03  1.80272e-02

 8.88594e-03  1.93650e-02
 9.60280e-03  1.80582e-02
 9.60610e-03  1.82096e-02
 9.47339e-03  1.81368e-02
 9.60280e-03  1.80582e-02

 9.35573e-03  1.93650e-02
 9.87346e-03  1.81398e-02
 9.89215e-03  1.82900e-02
 9.75272e-03  1.82311e-02
 9.87346e-03  1.81398e-02

 9.82552e-03  1.93650e-02
 1.01421e-02  1.82814e-02
 1.01780e-02  1.84284e-02
 1.00327e-02  1.83860e-02
 1.01421e-02  1.82814e-02

 1.02953e-02  1.93650e-02
 1.04689e-02  1.84853e-02
 1.05178e-02  1.86286e-02
 1.03693e-02  1.85993e-02
 1.04689e-02  1.84853e-02

 1.07651e-02  1.93650e-02
 1.07651e-02  1.88012e-02
 1.08408e-02  1.89323e-02
 1.06894e-02  1.89323e-02
 1.07651e-02  1.88012e-02

 4.21823e-03  1.99350e-02
 6.38648e-03  2.00812e-02
 6.25060e-03  2.01479e-02
 6.26079e-03  1.99969e-02
 6.38648e-03  2.00812e-02

 4.68594e-03  1.99350e-02
 6.87349e-03  1.98379e-02
 6.74589e-03  1.99193e-02
 6.73918e-03  1.97681e-02
 6.87349e-03  1.98379e-02

 5.15365e-03  1.99350e-02
 7.31290e-03  1.96146e-02
 7.19434e-03  1.97087e-02
 7.17212e-03  1.95590e-02
 7.31290e-03  1.96146e-02

 5.62135e-03  1.99350e-02
 7.70795e-03  1.94163e-02
 7.59899e-03  1.95214e-02
 7.56247e-03  1.93745e-02
 7.70795e-03  1.94163e-02

 6.08906e-03  1.99350e-02
 8.06289e-03  1.92462e-02
 7.96406e-03  1.93609e-02
 7.91418e-03  1.92179e-02
 8.06289e-03  1.92462e-02

 6.55677e-03  1.99350e-02
 8.38279e-03  1.91064e-02
 8.29469e-03  1.92295e-02
 8.23214e-03  1.90917e-02
 8.38279e-03  1.91064e-02

 7.02448e-03  1.99350e-02
 8.67294e-03  1.89982e-02
 8.59637e-03  1.91288e-02
 8.52158e-03  1.89972e-02
 8.67294e-03  1.89982e-02

 7.49219e-03  1.99350e-02
 8.94024e-03  1.89224e-02
 8.87619e-03  1.90595e-02
 8.78944e-03  1.89355e-02
 8.94024e-03  1.89224e-02

 7.95990e-03  1.99350e-02
 9.19006e-03  1.88800e-02
 9.13982e-03  1.90228e-02
 9.04128e-03  1.89079e-02
 9.19006e-03  1.88800e-02

 8.42760e-03  1.99350e-02
 9.43253e-03  1.88722e-02
 9.39746e-03  1.90194e-02
 9.28747e-03  1.89154e-02
 9.43253e-03  1.88722e-02

 8.89531e-03  1.99350e-02
 9.66963e-03  1.89018e-02
 9.65158e-03  1.90521e-02
 9.53045e-03  1.89614e-02
 9.66963e-03  1.89018e-02

 9.36302e-03  1.99350e-02
 9.92141e-03  1.89716e-02
 9.92115e-03  1.91230e-02
 9.79019e-03  1.90471e-02
 9.92141e-03  1.89716e-02

 9.83073e-03  1.99350e-02
 1.01722e-02  1.90877e-02
 1.01934e-02  1.92376e-02
 1.00530e-02  1.91810e-02
 1.01722e-02  1.90877e-02

 1.02984e-02  1.99350e-02
 1.04860e-02  1.92534e-02
 1.05242e-02  1.93999e-02
 1.03782e-02  1.93597e-02
 1.04860e-02  1.92534e-02

 1.07661e-02  1.99350e-02
 1.07661e-02  1.94979e-02
 1.08418e-02  1.96290e-02
 1.06905e-02  1.96290e-02
 1.07661e-02  1.94979e-02

 4.24844e-03  2.05050e-02
 6.49533e-03  2.05796e-02
 6.36180e-03  2.06509e-02
 6.36683e-03  2.04997e-02
 6.49533e-03  2.05796e-02

 4.71406e-03  2.05050e-02
 6.97208e-03  2.03993e-02
 6.84467e-03  2.04811e-02
 6.83760e-03  2.03299e-02
 6.97208e-03  2.03993e-02

 5.17969e-03  2.05050e-02
 7.39933e-03  2.02355e-02
 7.27832e-03  2.03264e-02
 7.26008e-03  2.01762e-02
 7.39933e-03  2.02355e-02

 5.64531e-03  2.05050e-02
 7.78087e-03  2.00915e-02
 7.66656e-03  2.01908e-02
 7.63779e-03  2.00422e-02
 7.78087e-03  2.00915e-02

 6.11094e-03  2.05050e-02
 8.12192e-03  1.99696e-02
 8.01472e-03  2.00765e-02
 7.97578e-03  1.99302e-02
 8.12192e-03  1.99696e-02

 6.57656e-03  2.05050e-02
 8.42816e-03  1.98710e-02
 8.32866e-03  1.99850e-02
 8.27962e-03  1.98418e-02
 8.42816e-03  1.98710e-02

 7.04219e-03  2.05050e-02
 8.70563e-03  1.97961e-02
 8.61471e-03  1.99171e-02
 8.55537e-03  1.97778e-02
 8.70563e-03  1.97961e-02

 7.50781e-03  2.05050e-02
 8.96184e-03  1.97452e-02
 8.88071e-03  1.98730e-02
 8.81061e-03  1.97388e-02
 8.96184e-03  1.97452e-02

 7.97344e-03  2.05050e-02
 9.20254e-03  1.97188e-02
 9.13289e-03  1.98532e-02
 9.05133e-03  1.97257e-02
 9.20254e-03  1.97188e-02

 8.43906e-03  2.05050e-02
 9.43778e-03  1.97178e-02
 9.38168e-03  1.98584e-02
 9.28798e-03  1.97395e-02
 9.43778e-03  1.97178e-02

 8.90469e-03  2.05050e-02
 9.67000e-03  1.97440e-02
 9.63041e-03  1.98901e-02
 9.52368e-03  1.97828e-02
 9.67000e-03  1.97440e-02

 9.37031e-03  2.05050e-02
 9.91891e-03  1.98000e-02
 9.89814e-03  1.99500e-02
 9.77868e-03  1.98570e-02
 9.91891e-03  1.98000e-02

 9.83594e-03  2.05050e-02
 1.01693e-02  1.98889e-02
 1.01735e-02  2.00402e-02
 1.00404e-02  1.99682e-02
 1.01693e-02  1.98889e-02

 1.03016e-02  2.05050e-02
 1.04832e-02  2.00152e-02
 1.05086e-02  2.01644e-02
 1.03667e-02  2.01117e-02
 1.04832e-02  2.00152e-02

 1.07672e-02  2.05050e-02
 1.07672e-02  2.01895e-02
 1.08429e-02  2.03206e-02
 1.06915e-02  2.03206e-02
 1.07672e-02  2.01895e-02

 4.27865e-03  2.10750e-02
 6.41035e-03  2.10999e-02
 6.27838e-03  2.11740e-02
 6.28015e-03  2.10227e-02
 6.41035e-03  2.10999e-02

 4.74219e-03  2.10750e-02
 6.87396e-03  2.09890e-02
 6.74603e-03  2.10699e-02
 6.73993e-03  2.09187e-02
 6.87396e-03  2.09890e-02

 5.20573e-03  2.10750e-02
 7.29066e-03  2.08895e-02
 7.16679e-03  2.09765e-02
 7.15338e-03  2.08257e-02
 7.29066e-03  2.08895e-02

 5.66927e-03  2.10750e-02
 7.66489e-03  2.08031e-02
 7.54522e-03  2.08958e-02
 7.52479e-03  2.07458e-02
 7.66489e-03  2.08031e-02

 6.13281e-03  2.10750e-02
 8.00212e-03  2.07310e-02
 7.88689e-03  2.08291e-02
 7.85950e-03  2.06803e-02
 8.00212e-03  2.07310e-02

 6.59635e-03  2.10750e-02
 8.30831e-03  2.06736e-02
 8.19797e-03  2.07772e-02
 8.16341e-03  2.06298e-02
 8.30831e-03  2.06736e-02

 7.05990e-03  2.10750e-02
 8.58961e-03  2.06309e-02
 8.48482e-03  2.07402e-02
 8.44262e-03  2.05948e-02
 8.58961e-03  2.06309e-02

 7.52344e-03  2.10750e-02
 8.85320e-03  2.06030e-02
 8.75498e-03  2.07181e-02
 8.70434e-03  2.05755e-02
 8.85320e-03  2.06030e-02

 7.98698e-03  2.10750e-02
 9.10437e-03  2.05898e-02
 9.01427e-03  2.07114e-02
 8.95398e-03  2.05726e-02
 9.10437e-03  2.05898e-02

 8.45052e-03  2.10750e-02
 9.35274e-03  2.05921e-02
 9.27288e-03  2.07207e-02
 9.20145e-03  2.05873e-02
 9.35274e-03  2.05921e-02

 8.91406e-03  2.10750e-02
 9.60049e-03  2.06110e-02
 9.53427e-03  2.07471e-02
 9.44950e-03  2.06217e-02
 9.60049e-03  2.06110e-02

 9.37760e-03  2.10750e-02
 9.86576e-03  2.06491e-02
 9.81674e-03  2.07923e-02
 9.71722e-03  2.06782e-02
 9.86576e-03  2.06491e-02

 9.84115e-03  2.10750e-02
 1.01350e-02  2.07069e-02
 1.01124e-02  2.08566e-02
 9.99411e-03  2.07621e-02
 1.01350e-02  2.07069e-02

 1.03047e-02  2.10750e-02
 1.04642e-02  2.07904e-02
 1.04661e-02  2.09418e-02
 1.03341e-02  2.08678e-02
 1.04642e-02  2.07904e-02

 1.07682e-02  2.10750e-02
 1.07682e-02  2.08919e-02
 1.08439e-02  2.10229e-02
 1.06925e-02  2.10229e-02
 1.07682e-02  2.08919e-02

 4.30885e-03  2.16450e-02
 6.11269e-03  2.16303e-02
 5.98223e-03  2.17070e-02
 5.98099e-03  2.15556e-02
 6.11269e-03  2.16303e-02

 4.77031e-03  2.16450e-02
 6.56083e-03  2.15708e-02
 6.43299e-03  2.16518e-02
 6.42672e-03  2.15006e-02
 6.56083e-03  2.15708e-02

 5.23177e-03  2.16450e-02
 6.96999e-03  2.15181e-02
 6.84476e-03  2.16031e-02
 6.83374e-03  2.14522e-02
 6.96999e-03  2.15181e-02

 5.69323e-03  2.16450e-02
 7.34472e-03  2.14732e-02
 7.22217e-03  2.15620e-02
 7.20650e-03  2.14115e-02
 7.34472e-03  2.14732e-02

 6.15469e-03  2.16450e-02
 7.69008e-03  2.14363e-02
 7.57038e-03  2.15289e-02
 7.54999e-03  2.13789e-02
 7.69008e-03  2.14363e-02

 6.61615e-03  2.16450e-02
 8.01175e-03  2.14075e-02
 7.89522e-03  2.15041e-02
 7.86982e-03  2.13549e-02
 8.01175e-03  2.14075e-02

 7.07760e-03  2.16450e-02
 8.31488e-03  2.13867e-02
 8.20203e-03  2.14875e-02
 8.17109e-03  2.13394e-02
 8.31488e-03  2.13867e-02

 7.53906e-03  2.16450e-02
 8.60552e-03  2.13737e-02
 8.49714e-03  2.14794e-02
 8.45982e-03  2.13327e-02
 8.60552e-03  2.13737e-02

 8.00052e-03  2.16450e-02
 8.88799e-03  2.13685e-02
 8.78535e-03  2.14797e-02
 8.74032e-03  2.13352e-02
 8.88799e-03  2.13685e-02

 8.46198e-03  2.16450e-02
 9.17019e-03  2.13715e-02
 9.07516e-03  2.14893e-02
 9.02064e-03  2.13481e-02
 9.17019e-03  2.13715e-02

 8.92344e-03  2.16450e-02
 9.45377e-03  2.13831e-02
 9.36975e-03  2.15090e-02
 9.30272e-03  2.13733e-02
 9.45377e-03  2.13831e-02

 9.38490e-03  2.16450e-02
 9.75425e-03  2.14054e-02
 9.68546e-03  2.15403e-02
 9.60309e-03  2.14133e-02
 9.75425e-03  2.14054e-02

 9.84635e-03  2.16450e-02
 1.00612e-02  2.14372e-02
 1.00196e-02  2.15828e-02
 9.91434e-03  2.14740e-02
 1.00612e-02  2.14372e-02

 1.03078e-02  2.16450e-02
 1.04198e-02  2.14853e-02
 1.04065e-02  2.16361e-02
 1.02826e-02  2.15491e-02
 1.04198e-02  2.14853e-02

 1.07693e-02  2.16450e-02
 1.07693e-02  2.15370e-02
 1.08450e-02  2.16681e-02
 1.06936e-02  2.16681e-02
 1.07693e-02  2.15370e-02

 4.33906e-03  2.22150e-02
 5.43958e-03  2.22150e-02
 5.30849e-03  2.22907e-02
 5.30849e-03  2.21393e-02
 5.43958e-03  2.22150e-02

 4.79844e-03  2.22150e-02
 5.88555e-03  2.22150e-02
 5.75447e-03  2.22907e-02
 5.75447e-03  2.21393e-02
 5.88555e-03  2.22150e-02

 5.25781e-03  2.22150e-02
 6.30822e-03  2.22150e-02
 6.17714e-03  2.22907e-02
 6.17714e-03  2.21393e-02
 6.30822e-03  2.22150e-02

 5.71719e-03  2.22150e-02
 6.71068e-03  2.22150e-02
 6.57960e-03  2.22907e-02
 6.57960e-03  2.21393e-02
 6.71068e-03  2.22150e-02

 6.17656e-03  2.22150e-02
 7.09634e-03  2.22150e-02
 6.96526e-03  2.22907e-02
 6.96526e-03  2.21393e-02
 7.09634e-03  2.22150e-02

 6.63594e-03  2.22150e-02
 7.46861e-03  2.22150e-02
 7.33752e-03  2.22907e-02
 7.33752e-03  2.21393e-02
 7.46861e-03  2.22150e-02

 7.09531e-03  2.22150e-02
 7.83060e-03  2.22150e-02
 7.69951e-03  2.22907e-02
 7.69951e-03  2.21393e-02
 7.83060e-03  2.22150e-02

 7.55469e-03  2.22150e-02
 8.18606e-03  2.22150e-02
 8.05497e-03  2.22907e-02
 8.05497e-03  2.21393e-02
 8.18606e-03  2.22150e-02

 8.01406e-03  2.22150e-02
 8.53747e-03  2.22150e-02
 8.40639e-03  2.22907e-02
 8.40639e-03  2.21393e-02
 8.53747e-03  2.22150e-02

 8.47344e-03  2.22150e-02
 8.88961e-03  2.22150e-02
 8.75852e-03  2.22907e-02
 8.75852e-03  2.21393e-02
 8.88961e-03  2.22150e-02

 8.93281e-03  2.22150e-02
 9.24314e-03  2.22150e-02
 9.11205e-03  2.22907e-02
 9.11205e-03  2.21393e-02
 9.24314e-03  2.22150e-02

 9.39219e-03  2.22150e-02
 9.60772e-03  2.22150e-02
 9.47663e-03  2.22907e-02
 9.47663e-03  2.21393e-02
 9.60772e-03  2.22150e-02

 9.85156e-03  2.22150e-02
 9.97605e-03  2.22150e-02
 9.84497e-03  2.22907e-02
 9.84497e-03  2.21393e-02
 9.97605e-03  2.22150e-02

 1.03109e-02  2.22150e-02
 1.03767e-02  2.22150e-02
 1.02456e-02  2.22907e-02
 1.02456e-02  2.21393e-02
 1.03767e-02  2.22150e-02

 1.07703e-02  2.22150e-02
 1.07703e-02  2.22150e-02
 1.06392e-02  2.22907e-02
 1.06392e-02  2.21393e-02
 1.07703e-02  2.22150e-02

