#[ Fluid velocity 2D plot data file: flw.dat ]
 1.95313e-04  1.13850e-02
 1.95313e-04  1.13850e-02
 6.42249e-05  1.14607e-02
 6.42249e-05  1.13093e-02
 1.95313e-04  1.13850e-02

 5.85937e-04  1.13850e-02
 5.85936e-04  1.13850e-02
 7.17023e-04  1.13093e-02
 7.17023e-04  1.14607e-02
 5.85936e-04  1.13850e-02

 9.76562e-04  1.13850e-02
 9.76560e-04  1.13850e-02
 1.10765e-03  1.13093e-02
 1.10765e-03  1.14607e-02
 9.76560e-04  1.13850e-02

 1.36719e-03  1.13850e-02
 1.36718e-03  1.13850e-02
 1.49827e-03  1.13093e-02
 1.49827e-03  1.14607e-02
 1.36718e-03  1.13850e-02

 1.75781e-03  1.13850e-02
 1.75780e-03  1.13850e-02
 1.88889e-03  1.13093e-02
 1.88889e-03  1.14607e-02
 1.75780e-03  1.13850e-02

 2.14844e-03  1.13850e-02
 2.14843e-03  1.13850e-02
 2.27951e-03  1.13093e-02
 2.27951e-03  1.14607e-02
 2.14843e-03  1.13850e-02

 2.53906e-03  1.13850e-02
 2.53905e-03  1.13850e-02
 2.67014e-03  1.13093e-02
 2.67014e-03  1.14607e-02
 2.53905e-03  1.13850e-02

 2.92969e-03  1.13850e-02
 2.92967e-03  1.13850e-02
 3.06076e-03  1.13093e-02
 3.06076e-03  1.14607e-02
 2.92967e-03  1.13850e-02

 3.32031e-03  1.13850e-02
 3.32029e-03  1.13850e-02
 3.45138e-03  1.13093e-02
 3.45138e-03  1.14607e-02
 3.32029e-03  1.13850e-02

 1.97049e-04  1.19550e-02
 1.97049e-04  1.19550e-02
 1.21365e-04  1.18239e-02
 2.72732e-04  1.18239e-02
 1.97049e-04  1.19550e-02

 5.91146e-04  1.19550e-02
 5.91144e-04  1.19550e-02
 5.35770e-04  1.18141e-02
 6.85458e-04  1.18366e-02
 5.91144e-04  1.19550e-02

 9.85243e-04  1.19550e-02
 9.85241e-04  1.19550e-02
 9.41514e-04  1.18101e-02
 1.08888e-03  1.18447e-02
 9.85241e-04  1.19550e-02

 1.37934e-03  1.19550e-02
 1.37934e-03  1.19550e-02
 1.35219e-03  1.18061e-02
 1.49472e-03  1.18570e-02
 1.37934e-03  1.19550e-02

 1.77344e-03  1.19550e-02
 1.77343e-03  1.19550e-02
 1.76308e-03  1.18040e-02
 1.89904e-03  1.18705e-02
 1.77343e-03  1.19550e-02

 2.16753e-03  1.19550e-02
 2.16752e-03  1.19550e-02
 2.17594e-03  1.18039e-02
 2.30262e-03  1.18867e-02
 2.16752e-03  1.19550e-02

 2.56163e-03  1.19550e-02
 2.56162e-03  1.19550e-02
 2.59042e-03  1.18064e-02
 2.70471e-03  1.19057e-02
 2.56162e-03  1.19550e-02

 2.95573e-03  1.19550e-02
 2.95571e-03  1.19550e-02
 3.00663e-03  1.18125e-02
 3.10462e-03  1.19278e-02
 2.95571e-03  1.19550e-02

 3.34983e-03  1.19550e-02
 3.34981e-03  1.19550e-02
 3.42381e-03  1.18230e-02
 3.50116e-03  1.19531e-02
 3.34981e-03  1.19550e-02

 1.98785e-04  1.25250e-02
 1.98785e-04  1.25250e-02
 1.23101e-04  1.23939e-02
 2.74468e-04  1.23939e-02
 1.98785e-04  1.25250e-02

 5.96354e-04  1.25250e-02
 5.96353e-04  1.25250e-02
 5.50551e-04  1.23807e-02
 6.98394e-04  1.24132e-02
 5.96353e-04  1.25250e-02

 9.93924e-04  1.25250e-02
 9.93922e-04  1.25250e-02
 9.53848e-04  1.23790e-02
 1.10030e-03  1.24173e-02
 9.93922e-04  1.25250e-02

 1.39149e-03  1.25250e-02
 1.39149e-03  1.25250e-02
 1.35676e-03  1.23777e-02
 1.50172e-03  1.24213e-02
 1.39149e-03  1.25250e-02

 1.78906e-03  1.25250e-02
 1.78906e-03  1.25250e-02
 1.75650e-03  1.23772e-02
 1.90080e-03  1.24229e-02
 1.78906e-03  1.25250e-02

 2.18663e-03  1.25250e-02
 2.18663e-03  1.25250e-02
 2.15764e-03  1.23764e-02
 2.30080e-03  1.24256e-02
 2.18663e-03  1.25250e-02

 2.58420e-03  1.25250e-02
 2.58420e-03  1.25250e-02
 2.56143e-03  1.23754e-02
 2.70241e-03  1.24305e-02
 2.58420e-03  1.25250e-02

 2.98177e-03  1.25250e-02
 2.98176e-03  1.25250e-02
 2.97070e-03  1.23741e-02
 3.10697e-03  1.24399e-02
 2.98176e-03  1.25250e-02

 3.37934e-03  1.25250e-02
 3.37933e-03  1.25250e-02
 3.39029e-03  1.23740e-02
 3.51555e-03  1.24590e-02
 3.37933e-03  1.25250e-02

 2.00521e-04  1.30950e-02
 2.00521e-04  1.30950e-02
 1.24837e-04  1.29639e-02
 2.76204e-04  1.29639e-02
 2.00521e-04  1.30950e-02

 6.01563e-04  1.30950e-02
 6.01562e-04  1.30950e-02
 5.40149e-04  1.29567e-02
 6.90669e-04  1.29726e-02
 6.01562e-04  1.30950e-02

 1.00260e-03  1.30950e-02
 1.00260e-03  1.30950e-02
 9.42233e-04  1.29562e-02
 1.09263e-03  1.29733e-02
 1.00260e-03  1.30950e-02

 1.40365e-03  1.30950e-02
 1.40364e-03  1.30950e-02
 1.34231e-03  1.29566e-02
 1.49282e-03  1.29727e-02
 1.40364e-03  1.30950e-02

 1.80469e-03  1.30950e-02
 1.80469e-03  1.30950e-02
 1.73840e-03  1.29589e-02
 1.88940e-03  1.29696e-02
 1.80469e-03  1.30950e-02

 2.20573e-03  1.30950e-02
 2.20573e-03  1.30950e-02
 2.13321e-03  1.29621e-02
 2.28454e-03  1.29658e-02
 2.20573e-03  1.30950e-02

 2.60677e-03  1.30950e-02
 2.60677e-03  1.30950e-02
 2.52676e-03  1.29665e-02
 2.67804e-03  1.29615e-02
 2.60677e-03  1.30950e-02

 3.00781e-03  1.30950e-02
 3.00781e-03  1.30950e-02
 2.91885e-03  1.29725e-02
 3.06939e-03  1.29567e-02
 3.00781e-03  1.30950e-02

 3.40885e-03  1.30950e-02
 3.40886e-03  1.30950e-02
 3.30772e-03  1.29824e-02
 3.45582e-03  1.29511e-02
 3.40886e-03  1.30950e-02

 2.02257e-04  1.36650e-02
 2.02257e-04  1.36650e-02
 1.26573e-04  1.35339e-02
 2.77940e-04  1.35339e-02
 2.02257e-04  1.36650e-02

 6.06771e-04  1.36650e-02
 6.06771e-04  1.36650e-02
 5.38554e-04  1.35299e-02
 6.89683e-04  1.35384e-02
 6.06771e-04  1.36650e-02

 1.01128e-03  1.36650e-02
 1.01128e-03  1.36650e-02
 9.39787e-04  1.35316e-02
 1.09108e-03  1.35364e-02
 1.01128e-03  1.36650e-02

 1.41580e-03  1.36650e-02
 1.41580e-03  1.36650e-02
 1.33769e-03  1.35354e-02
 1.48903e-03  1.35325e-02
 1.41580e-03  1.36650e-02

 1.82031e-03  1.36650e-02
 1.82031e-03  1.36650e-02
 1.73126e-03  1.35426e-02
 1.88178e-03  1.35267e-02
 1.82031e-03  1.36650e-02

 2.22483e-03  1.36650e-02
 2.22483e-03  1.36650e-02
 2.12289e-03  1.35531e-02
 2.27077e-03  1.35208e-02
 2.22483e-03  1.36650e-02

 2.62934e-03  1.36650e-02
 2.62934e-03  1.36650e-02
 2.51295e-03  1.35682e-02
 2.65495e-03  1.35158e-02
 2.62934e-03  1.36650e-02

 3.03385e-03  1.36650e-02
 3.03386e-03  1.36650e-02
 2.90213e-03  1.35904e-02
 3.03257e-03  1.35136e-02
 3.03386e-03  1.36650e-02

 3.43837e-03  1.36650e-02
 3.43838e-03  1.36650e-02
 3.29254e-03  1.36244e-02
 3.40059e-03  1.35184e-02
 3.43838e-03  1.36650e-02

 2.03993e-04  1.42350e-02
 2.03993e-04  1.42350e-02
 1.28310e-04  1.41039e-02
 2.79677e-04  1.41039e-02
 2.03993e-04  1.42350e-02

 6.11979e-04  1.42350e-02
 6.11979e-04  1.42350e-02
 5.33962e-04  1.41053e-02
 6.85304e-04  1.41026e-02
 6.11979e-04  1.42350e-02

 1.01997e-03  1.42350e-02
 1.01997e-03  1.42350e-02
 9.36105e-04  1.41090e-02
 1.08717e-03  1.40994e-02
 1.01997e-03  1.42350e-02

 1.42795e-03  1.42350e-02
 1.42795e-03  1.42350e-02
 1.33494e-03  1.41156e-02
 1.48486e-03  1.40947e-02
 1.42795e-03  1.42350e-02

 1.83594e-03  1.42350e-02
 1.83594e-03  1.42350e-02
 1.73081e-03  1.41261e-02
 1.87769e-03  1.40895e-02
 1.83594e-03  1.42350e-02

 2.24392e-03  1.42350e-02
 2.24393e-03  1.42350e-02
 2.12527e-03  1.41410e-02
 2.26600e-03  1.40853e-02
 2.24393e-03  1.42350e-02

 2.65191e-03  1.42350e-02
 2.65191e-03  1.42350e-02
 2.51957e-03  1.41615e-02
 2.64937e-03  1.40837e-02
 2.65191e-03  1.42350e-02

 3.05990e-03  1.42350e-02
 3.05990e-03  1.42350e-02
 2.91569e-03  1.41890e-02
 3.02763e-03  1.40871e-02
 3.05990e-03  1.42350e-02

 3.46788e-03  1.42350e-02
 3.46789e-03  1.42350e-02
 3.31688e-03  1.42246e-02
 3.40143e-03  1.40990e-02
 3.46789e-03  1.42350e-02

 2.05729e-04  1.48050e-02
 2.05729e-04  1.48050e-02
 1.30046e-04  1.46739e-02
 2.81413e-04  1.46739e-02
 2.05729e-04  1.48050e-02

 6.17187e-04  1.48050e-02
 6.17188e-04  1.48050e-02
 5.30186e-04  1.46811e-02
 6.80958e-04  1.46677e-02
 6.17188e-04  1.48050e-02

 1.02865e-03  1.48050e-02
 1.02865e-03  1.48050e-02
 9.32820e-04  1.46878e-02
 1.08221e-03  1.46634e-02
 1.02865e-03  1.48050e-02

 1.44010e-03  1.48050e-02
 1.44011e-03  1.48050e-02
 1.33231e-03  1.46987e-02
 1.47823e-03  1.46585e-02
 1.44011e-03  1.48050e-02

 1.85156e-03  1.48050e-02
 1.85156e-03  1.48050e-02
 1.73099e-03  1.47135e-02
 1.87053e-03  1.46548e-02
 1.85156e-03  1.48050e-02

 2.26302e-03  1.48050e-02
 2.26302e-03  1.48050e-02
 2.12987e-03  1.47330e-02
 2.25878e-03  1.46537e-02
 2.26302e-03  1.48050e-02

 2.67448e-03  1.48050e-02
 2.67448e-03  1.48050e-02
 2.53073e-03  1.47576e-02
 2.64365e-03  1.46568e-02
 2.67448e-03  1.48050e-02

 3.08594e-03  1.48050e-02
 3.08594e-03  1.48050e-02
 2.93563e-03  1.47872e-02
 3.02623e-03  1.46659e-02
 3.08594e-03  1.48050e-02

 3.49740e-03  1.48050e-02
 3.49740e-03  1.48050e-02
 3.34684e-03  1.48206e-02
 3.40861e-03  1.46824e-02
 3.49740e-03  1.48050e-02

 2.07465e-04  1.53750e-02
 2.07465e-04  1.53750e-02
 1.31782e-04  1.52439e-02
 2.83149e-04  1.52439e-02
 2.07465e-04  1.53750e-02

 6.22396e-04  1.53750e-02
 6.22396e-04  1.53750e-02
 5.28408e-04  1.52564e-02
 6.78157e-04  1.52343e-02
 6.22396e-04  1.53750e-02

 1.03733e-03  1.53750e-02
 1.03733e-03  1.53750e-02
 9.32821e-04  1.52655e-02
 1.07990e-03  1.52297e-02
 1.03733e-03  1.53750e-02

 1.45226e-03  1.53750e-02
 1.45226e-03  1.53750e-02
 1.33437e-03  1.52801e-02
 1.47554e-03  1.52254e-02
 1.45226e-03  1.53750e-02

 1.86719e-03  1.53750e-02
 1.86719e-03  1.53750e-02
 1.73715e-03  1.52975e-02
 1.86926e-03  1.52237e-02
 1.86719e-03  1.53750e-02

 2.28212e-03  1.53750e-02
 2.28212e-03  1.53750e-02
 2.14135e-03  1.53194e-02
 2.25991e-03  1.52253e-02
 2.28212e-03  1.53750e-02

 2.69705e-03  1.53750e-02
 2.69705e-03  1.53750e-02
 2.54868e-03  1.53450e-02
 2.64883e-03  1.52315e-02
 2.69705e-03  1.53750e-02

 3.11198e-03  1.53750e-02
 3.11198e-03  1.53750e-02
 2.96062e-03  1.53739e-02
 3.03725e-03  1.52434e-02
 3.11198e-03  1.53750e-02

 3.52691e-03  1.53750e-02
 3.52692e-03  1.53750e-02
 3.37845e-03  1.54045e-02
 3.42713e-03  1.52612e-02
 3.52692e-03  1.53750e-02

 2.09201e-04  1.59450e-02
 2.09201e-04  1.59450e-02
 1.33518e-04  1.58139e-02
 2.84885e-04  1.58139e-02
 2.09201e-04  1.59450e-02

 6.27604e-04  1.59450e-02
 6.27605e-04  1.59450e-02
 5.26098e-04  1.58327e-02
 6.74095e-04  1.58010e-02
 6.27605e-04  1.59450e-02

 1.04601e-03  1.59450e-02
 1.04601e-03  1.59450e-02
 9.32234e-04  1.58452e-02
 1.07558e-03  1.57966e-02
 1.04601e-03  1.59450e-02

 1.46441e-03  1.59450e-02
 1.46441e-03  1.59450e-02
 1.33613e-03  1.58646e-02
 1.46986e-03  1.57937e-02
 1.46441e-03  1.59450e-02

 1.88281e-03  1.59450e-02
 1.88281e-03  1.59450e-02
 1.74358e-03  1.58856e-02
 1.86462e-03  1.57947e-02
 1.88281e-03  1.59450e-02

 2.30122e-03  1.59450e-02
 2.30122e-03  1.59450e-02
 2.15395e-03  1.59100e-02
 2.25786e-03  1.58000e-02
 2.30122e-03  1.59450e-02

 2.71962e-03  1.59450e-02
 2.71962e-03  1.59450e-02
 2.56850e-03  1.59364e-02
 2.65150e-03  1.58098e-02
 2.71962e-03  1.59450e-02

 3.13802e-03  1.59450e-02
 3.13803e-03  1.59450e-02
 2.98786e-03  1.59640e-02
 3.04647e-03  1.58245e-02
 3.13803e-03  1.59450e-02

 3.55642e-03  1.59450e-02
 3.55643e-03  1.59450e-02
 3.41237e-03  1.59915e-02
 3.44415e-03  1.58435e-02
 3.55643e-03  1.59450e-02

 2.10937e-04  1.65150e-02
 2.10937e-04  1.65150e-02
 1.35254e-04  1.63839e-02
 2.86621e-04  1.63839e-02
 2.10938e-04  1.65150e-02

 6.32812e-04  1.65150e-02
 6.32813e-04  1.65150e-02
 5.24674e-04  1.64091e-02
 6.70469e-04  1.63684e-02
 6.32813e-04  1.65150e-02

 1.05469e-03  1.65150e-02
 1.05469e-03  1.65150e-02
 9.33222e-04  1.64247e-02
 1.07218e-03  1.63646e-02
 1.05469e-03  1.65150e-02

 1.47656e-03  1.65150e-02
 1.47656e-03  1.65150e-02
 1.34043e-03  1.64488e-02
 1.46581e-03  1.63640e-02
 1.47656e-03  1.65150e-02

 1.89844e-03  1.65150e-02
 1.89844e-03  1.65150e-02
 1.75312e-03  1.64726e-02
 1.86247e-03  1.63680e-02
 1.89844e-03  1.65150e-02

 2.32031e-03  1.65150e-02
 2.32032e-03  1.65150e-02
 2.16983e-03  1.64987e-02
 2.25919e-03  1.63765e-02
 2.32032e-03  1.65150e-02

 2.74219e-03  1.65150e-02
 2.74219e-03  1.65150e-02
 2.59115e-03  1.65250e-02
 2.65803e-03  1.63892e-02
 2.74219e-03  1.65150e-02

 3.16406e-03  1.65150e-02
 3.16407e-03  1.65150e-02
 3.01705e-03  1.65510e-02
 3.05937e-03  1.64057e-02
 3.16407e-03  1.65150e-02

 3.58594e-03  1.65150e-02
 3.58594e-03  1.65150e-02
 3.44729e-03  1.65757e-02
 3.46403e-03  1.64253e-02
 3.58594e-03  1.65150e-02

 2.12674e-04  1.70850e-02
 2.12674e-04  1.70850e-02
 1.36990e-04  1.69539e-02
 2.88357e-04  1.69539e-02
 2.12674e-04  1.70850e-02

 6.38021e-04  1.70850e-02
 6.38021e-04  1.70850e-02
 5.21290e-04  1.69886e-02
 6.63108e-04  1.69357e-02
 6.38021e-04  1.70850e-02

 1.06337e-03  1.70850e-02
 1.06337e-03  1.70850e-02
 9.32532e-04  1.70089e-02
 1.06387e-03  1.69336e-02
 1.06337e-03  1.70850e-02

 1.48872e-03  1.70850e-02
 1.48872e-03  1.70850e-02
 1.34452e-03  1.70390e-02
 1.45649e-03  1.69371e-02
 1.48872e-03  1.70850e-02

 1.91406e-03  1.70850e-02
 1.91406e-03  1.70850e-02
 1.76394e-03  1.70657e-02
 1.85573e-03  1.69453e-02
 1.91406e-03  1.70850e-02

 2.33941e-03  1.70850e-02
 2.33941e-03  1.70850e-02
 2.18824e-03  1.70926e-02
 2.25722e-03  1.69579e-02
 2.33941e-03  1.70850e-02

 2.76476e-03  1.70850e-02
 2.76476e-03  1.70850e-02
 2.61697e-03  1.71177e-02
 2.66254e-03  1.69734e-02
 2.76476e-03  1.70850e-02

 3.19010e-03  1.70850e-02
 3.19011e-03  1.70850e-02
 3.04949e-03  1.71410e-02
 3.07127e-03  1.69912e-02
 3.19011e-03  1.70850e-02

 3.61545e-03  1.70850e-02
 3.61545e-03  1.70850e-02
 3.48522e-03  1.71622e-02
 3.48353e-03  1.70108e-02
 3.61545e-03  1.70850e-02

 2.14410e-04  1.76550e-02
 2.14410e-04  1.76550e-02
 1.38726e-04  1.75239e-02
 2.90093e-04  1.75239e-02
 2.14410e-04  1.76550e-02

 6.43229e-04  1.76550e-02
 6.43230e-04  1.76550e-02
 5.16607e-04  1.75721e-02
 6.51745e-04  1.75039e-02
 6.43230e-04  1.76550e-02

 1.07205e-03  1.76550e-02
 1.07205e-03  1.76550e-02
 9.31850e-04  1.75979e-02
 1.05137e-03  1.75051e-02
 1.07205e-03  1.76550e-02

 1.50087e-03  1.76550e-02
 1.50087e-03  1.76550e-02
 1.35105e-03  1.76334e-02
 1.44466e-03  1.75145e-02
 1.50087e-03  1.76550e-02

 1.92969e-03  1.76550e-02
 1.92969e-03  1.76550e-02
 1.77846e-03  1.76614e-02
 1.84856e-03  1.75272e-02
 1.92969e-03  1.76550e-02

 2.35851e-03  1.76550e-02
 2.35851e-03  1.76550e-02
 2.21061e-03  1.76872e-02
 2.25666e-03  1.75430e-02
 2.35851e-03  1.76550e-02

 2.78733e-03  1.76550e-02
 2.78733e-03  1.76550e-02
 2.64616e-03  1.77096e-02
 2.66944e-03  1.75601e-02
 2.78733e-03  1.76550e-02

 3.21615e-03  1.76550e-02
 3.21615e-03  1.76550e-02
 3.08436e-03  1.77295e-02
 3.08577e-03  1.75781e-02
 3.21615e-03  1.76550e-02

 3.64497e-03  1.76550e-02
 3.64497e-03  1.76550e-02
 3.52464e-03  1.77468e-02
 3.50527e-03  1.75967e-02
 3.64497e-03  1.76550e-02

 2.16146e-04  1.82250e-02
 2.16146e-04  1.82250e-02
 1.40462e-04  1.80939e-02
 2.91829e-04  1.80939e-02
 2.16146e-04  1.82250e-02

 6.48438e-04  1.82250e-02
 6.48438e-04  1.82250e-02
 5.08291e-04  1.81678e-02
 6.27894e-04  1.80750e-02
 6.48438e-04  1.82250e-02

 1.08073e-03  1.82250e-02
 1.08073e-03  1.82250e-02
 9.31335e-04  1.82006e-02
 1.02713e-03  1.80834e-02
 1.08073e-03  1.82250e-02

 1.51302e-03  1.82250e-02
 1.51302e-03  1.82250e-02
 1.36224e-03  1.82382e-02
 1.42616e-03  1.81010e-02
 1.51302e-03  1.82250e-02

 1.94531e-03  1.82250e-02
 1.94531e-03  1.82250e-02
 1.79898e-03  1.82637e-02
 1.83863e-03  1.81176e-02
 1.94531e-03  1.82250e-02

 2.37760e-03  1.82250e-02
 2.37761e-03  1.82250e-02
 2.23867e-03  1.82851e-02
 2.25611e-03  1.81347e-02
 2.37761e-03  1.82250e-02

 2.80990e-03  1.82250e-02
 2.80990e-03  1.82250e-02
 2.67999e-03  1.83027e-02
 2.67766e-03  1.81513e-02
 2.80990e-03  1.82250e-02

 3.24219e-03  1.82250e-02
 3.24219e-03  1.82250e-02
 3.12263e-03  1.83178e-02
 3.10202e-03  1.81679e-02
 3.24219e-03  1.82250e-02

 3.67448e-03  1.82250e-02
 3.67448e-03  1.82250e-02
 3.56634e-03  1.83309e-02
 3.52869e-03  1.81843e-02
 3.67448e-03  1.82250e-02

 2.17882e-04  1.87950e-02
 2.17882e-04  1.87950e-02
 1.42198e-04  1.86639e-02
 2.93565e-04  1.86639e-02
 2.17882e-04  1.87950e-02

 6.53646e-04  1.87950e-02
 6.53646e-04  1.87950e-02
 5.02739e-04  1.87832e-02
 5.88400e-04  1.86584e-02
 6.53646e-04  1.87950e-02

 1.08941e-03  1.87950e-02
 1.08941e-03  1.87950e-02
 9.39562e-04  1.88164e-02
 9.95965e-04  1.86759e-02
 1.08941e-03  1.87950e-02

 1.52517e-03  1.87950e-02
 1.52517e-03  1.87950e-02
 1.38267e-03  1.88460e-02
 1.40973e-03  1.86971e-02
 1.52517e-03  1.87950e-02

 1.96094e-03  1.87950e-02
 1.96094e-03  1.87950e-02
 1.82636e-03  1.88643e-02
 1.83365e-03  1.87131e-02
 1.96094e-03  1.87950e-02

 2.39670e-03  1.87950e-02
 2.39670e-03  1.87950e-02
 2.27078e-03  1.88790e-02
 2.26100e-03  1.87279e-02
 2.39670e-03  1.87950e-02

 2.83247e-03  1.87950e-02
 2.83247e-03  1.87950e-02
 2.71565e-03  1.88913e-02
 2.69070e-03  1.87420e-02
 2.83247e-03  1.87950e-02

 3.26823e-03  1.87950e-02
 3.26823e-03  1.87950e-02
 3.16108e-03  1.89019e-02
 3.12206e-03  1.87557e-02
 3.26823e-03  1.87950e-02

 3.70399e-03  1.87950e-02
 3.70399e-03  1.87950e-02
 3.60715e-03  1.89113e-02
 3.55483e-03  1.87693e-02
 3.70399e-03  1.87950e-02

 2.19618e-04  1.93650e-02
 2.19618e-04  1.93650e-02
 1.43935e-04  1.92339e-02
 2.95302e-04  1.92339e-02
 2.19618e-04  1.93650e-02

 6.58854e-04  1.93650e-02
 6.58855e-04  1.93650e-02
 5.24568e-04  1.94349e-02
 5.31219e-04  1.92836e-02
 6.58855e-04  1.93650e-02

 1.09809e-03  1.93650e-02
 1.09809e-03  1.93650e-02
 9.70627e-04  1.94466e-02
 9.63657e-04  1.92954e-02
 1.09809e-03  1.93650e-02

 1.53733e-03  1.93650e-02
 1.53733e-03  1.93650e-02
 1.41638e-03  1.94560e-02
 1.39803e-03  1.93058e-02
 1.53733e-03  1.93650e-02

 1.97656e-03  1.93650e-02
 1.97656e-03  1.93650e-02
 1.86190e-03  1.94638e-02
 1.83366e-03  1.93151e-02
 1.97656e-03  1.93650e-02

 2.41580e-03  1.93650e-02
 2.41580e-03  1.93650e-02
 2.30760e-03  1.94708e-02
 2.27003e-03  1.93242e-02
 2.41580e-03  1.93650e-02

 2.85503e-03  1.93650e-02
 2.85504e-03  1.93650e-02
 2.75393e-03  1.94776e-02
 2.70693e-03  1.93338e-02
 2.85504e-03  1.93650e-02

 3.29427e-03  1.93650e-02
 3.29427e-03  1.93650e-02
 3.20080e-03  1.94841e-02
 3.14443e-03  1.93436e-02
 3.29427e-03  1.93650e-02

 3.73351e-03  1.93650e-02
 3.73351e-03  1.93650e-02
 3.64838e-03  1.94902e-02
 3.58255e-03  1.93539e-02
 3.73351e-03  1.93650e-02

 2.21354e-04  1.99350e-02
 2.21354e-04  1.99350e-02
 2.97038e-04  2.00661e-02
 1.45671e-04  2.00661e-02
 2.21354e-04  1.99350e-02

 6.64062e-04  1.99350e-02
 6.64063e-04  1.99350e-02
 5.69987e-04  2.00536e-02
 5.14330e-04  1.99128e-02
 6.64063e-04  1.99350e-02

 1.10677e-03  1.99350e-02
 1.10677e-03  1.99350e-02
 1.00802e-03  2.00497e-02
 9.58046e-04  1.99068e-02
 1.10677e-03  1.99350e-02

 1.54948e-03  1.99350e-02
 1.54948e-03  1.99350e-02
 1.44799e-03  2.00473e-02
 1.40148e-03  1.99033e-02
 1.54948e-03  1.99350e-02

 1.99219e-03  1.99350e-02
 1.99219e-03  1.99350e-02
 1.89266e-03  2.00490e-02
 1.84366e-03  1.99058e-02
 1.99219e-03  1.99350e-02

 2.43490e-03  1.99350e-02
 2.43490e-03  1.99350e-02
 2.33848e-03  2.00517e-02
 2.28563e-03  1.99098e-02
 2.43490e-03  1.99350e-02

 2.87760e-03  1.99350e-02
 2.87761e-03  1.99350e-02
 2.78574e-03  2.00553e-02
 2.72749e-03  1.99156e-02
 2.87761e-03  1.99350e-02

 3.32031e-03  1.99350e-02
 3.32031e-03  1.99350e-02
 3.23387e-03  2.00593e-02
 3.16948e-03  1.99223e-02
 3.32031e-03  1.99350e-02

 3.76302e-03  1.99350e-02
 3.76302e-03  1.99350e-02
 3.68294e-03  2.00634e-02
 3.61174e-03  1.99299e-02
 3.76302e-03  1.99350e-02

 2.23090e-04  2.05050e-02
 2.23090e-04  2.05050e-02
 2.98774e-04  2.06361e-02
 1.47407e-04  2.06361e-02
 2.23090e-04  2.05050e-02

 6.69271e-04  2.05050e-02
 6.69271e-04  2.05050e-02
 6.30737e-04  2.06514e-02
 5.23235e-04  2.05448e-02
 6.69271e-04  2.05050e-02

 1.11545e-03  2.05050e-02
 1.11545e-03  2.05050e-02
 1.05826e-03  2.06451e-02
 9.65486e-04  2.05255e-02
 1.11545e-03  2.05050e-02

 1.56163e-03  2.05050e-02
 1.56163e-03  2.05050e-02
 1.48872e-03  2.06376e-02
 1.41030e-03  2.05082e-02
 1.56163e-03  2.05050e-02

 2.00781e-03  2.05050e-02
 2.00781e-03  2.05050e-02
 1.93029e-03  2.06350e-02
 1.85646e-03  2.05029e-02
 2.00781e-03  2.05050e-02

 2.45399e-03  2.05050e-02
 2.45399e-03  2.05050e-02
 2.37467e-03  2.06339e-02
 2.30269e-03  2.05008e-02
 2.45399e-03  2.05050e-02

 2.90017e-03  2.05050e-02
 2.90017e-03  2.05050e-02
 2.82186e-03  2.06345e-02
 2.74884e-03  2.05019e-02
 2.90017e-03  2.05050e-02

 3.34635e-03  2.05050e-02
 3.34636e-03  2.05050e-02
 3.27055e-03  2.06360e-02
 3.19499e-03  2.05049e-02
 3.34636e-03  2.05050e-02

 3.79253e-03  2.05050e-02
 3.79254e-03  2.05050e-02
 3.72062e-03  2.06382e-02
 3.64123e-03  2.05093e-02
 3.79254e-03  2.05050e-02

 2.24826e-04  2.10750e-02
 2.24826e-04  2.10750e-02
 3.00510e-04  2.12061e-02
 1.49143e-04  2.12061e-02
 2.24826e-04  2.10750e-02

 6.74479e-04  2.10750e-02
 6.74479e-04  2.10750e-02
 6.31230e-04  2.12201e-02
 5.27232e-04  2.11101e-02
 6.74479e-04  2.10750e-02

 1.12413e-03  2.10750e-02
 1.12413e-03  2.10750e-02
 1.06139e-03  2.12127e-02
 9.73465e-04  2.10895e-02
 1.12413e-03  2.10750e-02

 1.57378e-03  2.10750e-02
 1.57379e-03  2.10750e-02
 1.49488e-03  2.12042e-02
 1.42246e-03  2.10713e-02
 1.57379e-03  2.10750e-02

 2.02344e-03  2.10750e-02
 2.02344e-03  2.10750e-02
 1.93909e-03  2.12007e-02
 1.87242e-03  2.10648e-02
 2.02344e-03  2.10750e-02

 2.47309e-03  2.10750e-02
 2.47309e-03  2.10750e-02
 2.38603e-03  2.11988e-02
 2.32233e-03  2.10615e-02
 2.47309e-03  2.10750e-02

 2.92274e-03  2.10750e-02
 2.92274e-03  2.10750e-02
 2.83556e-03  2.11987e-02
 2.77199e-03  2.10614e-02
 2.92274e-03  2.10750e-02

 3.37240e-03  2.10750e-02
 3.37240e-03  2.10750e-02
 3.28647e-03  2.11996e-02
 3.22152e-03  2.10629e-02
 3.37240e-03  2.10750e-02

 3.82205e-03  2.10750e-02
 3.82205e-03  2.10750e-02
 3.73861e-03  2.12013e-02
 3.67096e-03  2.10659e-02
 3.82205e-03  2.10750e-02

 2.26562e-04  2.16450e-02
 2.26562e-04  2.16450e-02
 3.02246e-04  2.17761e-02
 1.50879e-04  2.17761e-02
 2.26562e-04  2.16450e-02

 6.79687e-04  2.16450e-02
 6.79688e-04  2.16450e-02
 6.82989e-04  2.17963e-02
 5.50282e-04  2.17235e-02
 6.79688e-04  2.16450e-02

 1.13281e-03  2.16450e-02
 1.13281e-03  2.16450e-02
 1.11477e-03  2.17953e-02
 9.93638e-04  2.17045e-02
 1.13281e-03  2.16450e-02

 1.58594e-03  2.16450e-02
 1.58594e-03  2.16450e-02
 1.54395e-03  2.17904e-02
 1.43900e-03  2.16814e-02
 1.58594e-03  2.16450e-02

 2.03906e-03  2.16450e-02
 2.03906e-03  2.16450e-02
 1.98540e-03  2.17865e-02
 1.88966e-03  2.16693e-02
 2.03906e-03  2.16450e-02

 2.49219e-03  2.16450e-02
 2.49219e-03  2.16450e-02
 2.43036e-03  2.17832e-02
 2.34162e-03  2.16605e-02
 2.49219e-03  2.16450e-02

 2.94531e-03  2.16450e-02
 2.94531e-03  2.16450e-02
 2.87923e-03  2.17812e-02
 2.79434e-03  2.16559e-02
 2.94531e-03  2.16450e-02

 3.39844e-03  2.16450e-02
 3.39844e-03  2.16450e-02
 3.33024e-03  2.17801e-02
 3.24731e-03  2.16535e-02
 3.39844e-03  2.16450e-02

 3.85156e-03  2.16450e-02
 3.85156e-03  2.16450e-02
 3.78313e-03  2.17800e-02
 3.70042e-03  2.16532e-02
 3.85156e-03  2.16450e-02

 2.28299e-04  2.22150e-02
 2.28299e-04  2.22150e-02
 1.69458e-04  2.20755e-02
 3.19656e-04  2.20943e-02
 2.28299e-04  2.22150e-02

 6.84896e-04  2.22150e-02
 6.84896e-04  2.22150e-02
 5.53808e-04  2.22907e-02
 5.53808e-04  2.21393e-02
 6.84896e-04  2.22150e-02

 1.14149e-03  2.22150e-02
 1.14149e-03  2.22150e-02
 1.01041e-03  2.22907e-02
 1.01041e-03  2.21393e-02
 1.14149e-03  2.22150e-02

 1.59809e-03  2.22150e-02
 1.59809e-03  2.22150e-02
 1.46700e-03  2.22907e-02
 1.46700e-03  2.21393e-02
 1.59809e-03  2.22150e-02

 2.05469e-03  2.22150e-02
 2.05469e-03  2.22150e-02
 1.92360e-03  2.22907e-02
 1.92360e-03  2.21393e-02
 2.05469e-03  2.22150e-02

 2.51128e-03  2.22150e-02
 2.51129e-03  2.22150e-02
 2.38020e-03  2.22907e-02
 2.38020e-03  2.21393e-02
 2.51129e-03  2.22150e-02

 2.96788e-03  2.22150e-02
 2.96788e-03  2.22150e-02
 2.83679e-03  2.22907e-02
 2.83679e-03  2.21393e-02
 2.96788e-03  2.22150e-02

 3.42448e-03  2.22150e-02
 3.42448e-03  2.22150e-02
 3.29339e-03  2.22907e-02
 3.29339e-03  2.21393e-02
 3.42448e-03  2.22150e-02

 3.88108e-03  2.22150e-02
 3.88108e-03  2.22150e-02
 3.74999e-03  2.22907e-02
 3.74999e-03  2.21393e-02
 3.88108e-03  2.22150e-02

 3.76510e-03  1.13850e-02
 3.76508e-03  1.13850e-02
 3.89617e-03  1.13093e-02
 3.89617e-03  1.14607e-02
 3.76508e-03  1.13850e-02

 4.26406e-03  1.13850e-02
 4.26404e-03  1.13850e-02
 4.39512e-03  1.13093e-02
 4.39512e-03  1.14607e-02
 4.26404e-03  1.13850e-02

 4.76302e-03  1.13850e-02
 4.76300e-03  1.13850e-02
 4.89408e-03  1.13093e-02
 4.89408e-03  1.14607e-02
 4.76300e-03  1.13850e-02

 5.26198e-03  1.13850e-02
 5.26196e-03  1.13850e-02
 5.39304e-03  1.13093e-02
 5.39304e-03  1.14607e-02
 5.26196e-03  1.13850e-02

 5.76094e-03  1.13850e-02
 5.76092e-03  1.13850e-02
 5.89201e-03  1.13093e-02
 5.89201e-03  1.14607e-02
 5.76092e-03  1.13850e-02

 6.25990e-03  1.13850e-02
 6.25988e-03  1.13850e-02
 6.39097e-03  1.13093e-02
 6.39097e-03  1.14607e-02
 6.25988e-03  1.13850e-02

 6.75885e-03  1.13850e-02
 6.75884e-03  1.13850e-02
 6.88993e-03  1.13093e-02
 6.88993e-03  1.14607e-02
 6.75884e-03  1.13850e-02

 7.25781e-03  1.13850e-02
 7.25780e-03  1.13850e-02
 7.38889e-03  1.13093e-02
 7.38889e-03  1.14607e-02
 7.25780e-03  1.13850e-02

 7.75677e-03  1.13850e-02
 7.75676e-03  1.13850e-02
 7.88785e-03  1.13093e-02
 7.88785e-03  1.14607e-02
 7.75676e-03  1.13850e-02

 8.25573e-03  1.13850e-02
 8.25572e-03  1.13850e-02
 8.38681e-03  1.13093e-02
 8.38681e-03  1.14607e-02
 8.25572e-03  1.13850e-02

 8.75469e-03  1.13850e-02
 8.75468e-03  1.13850e-02
 8.88577e-03  1.13093e-02
 8.88577e-03  1.14607e-02
 8.75468e-03  1.13850e-02

 9.25365e-03  1.13850e-02
 9.25364e-03  1.13850e-02
 9.38473e-03  1.13093e-02
 9.38473e-03  1.14607e-02
 9.25364e-03  1.13850e-02

 9.75260e-03  1.13850e-02
 9.75260e-03  1.13850e-02
 9.88369e-03  1.13093e-02
 9.88369e-03  1.14607e-02
 9.75260e-03  1.13850e-02

 1.02516e-02  1.13850e-02
 1.02516e-02  1.13850e-02
 1.03826e-02  1.13093e-02
 1.03826e-02  1.14607e-02
 1.02516e-02  1.13850e-02

 1.07505e-02  1.13850e-02
 1.07505e-02  1.13850e-02
 1.06194e-02  1.14607e-02
 1.06194e-02  1.13093e-02
 1.07505e-02  1.13850e-02

 3.79531e-03  1.19550e-02
 3.79529e-03  1.19550e-02
 3.89440e-03  1.18406e-02
 3.94392e-03  1.19836e-02
 3.79529e-03  1.19550e-02

 4.29219e-03  1.19550e-02
 4.29216e-03  1.19550e-02
 4.41444e-03  1.18658e-02
 4.43057e-03  1.20163e-02
 4.29216e-03  1.19550e-02

 4.78906e-03  1.19550e-02
 4.78904e-03  1.19550e-02
 4.92712e-03  1.18930e-02
 4.91179e-03  1.20436e-02
 4.78904e-03  1.19550e-02

 5.28594e-03  1.19550e-02
 5.28592e-03  1.19550e-02
 5.43272e-03  1.19181e-02
 5.39127e-03  1.20637e-02
 5.28592e-03  1.19550e-02

 5.78281e-03  1.19550e-02
 5.78280e-03  1.19550e-02
 5.93330e-03  1.19389e-02
 5.87199e-03  1.20773e-02
 5.78280e-03  1.19550e-02

 6.27969e-03  1.19550e-02
 6.27967e-03  1.19550e-02
 6.43104e-03  1.19550e-02
 6.35531e-03  1.20861e-02
 6.27967e-03  1.19550e-02

 6.77656e-03  1.19550e-02
 6.77655e-03  1.19550e-02
 6.92741e-03  1.19674e-02
 6.84128e-03  1.20918e-02
 6.77655e-03  1.19550e-02

 7.27344e-03  1.19550e-02
 7.27343e-03  1.19550e-02
 7.42318e-03  1.19771e-02
 7.32920e-03  1.20957e-02
 7.27343e-03  1.19550e-02

 7.77031e-03  1.19550e-02
 7.77031e-03  1.19550e-02
 7.91854e-03  1.19856e-02
 7.81789e-03  1.20987e-02
 7.77031e-03  1.19550e-02

 8.26719e-03  1.19550e-02
 8.26718e-03  1.19550e-02
 8.41323e-03  1.19948e-02
 8.30577e-03  1.21014e-02
 8.26718e-03  1.19550e-02

 8.76406e-03  1.19550e-02
 8.76406e-03  1.19550e-02
 8.90643e-03  1.20064e-02
 8.79073e-03  1.21040e-02
 8.76406e-03  1.19550e-02

 9.26094e-03  1.19550e-02
 9.26094e-03  1.19550e-02
 9.39664e-03  1.20221e-02
 9.27071e-03  1.21060e-02
 9.26094e-03  1.19550e-02

 9.75781e-03  1.19550e-02
 9.75781e-03  1.19550e-02
 9.88101e-03  1.20429e-02
 9.74326e-03  1.21057e-02
 9.75781e-03  1.19550e-02

 1.02547e-02  1.19550e-02
 1.02547e-02  1.19550e-02
 1.03598e-02  1.20639e-02
 1.02130e-02  1.21005e-02
 1.02547e-02  1.19550e-02

 1.07516e-02  1.19550e-02
 1.07516e-02  1.19550e-02
 1.08272e-02  1.20861e-02
 1.06759e-02  1.20861e-02
 1.07516e-02  1.19550e-02

 3.82552e-03  1.25250e-02
 3.82551e-03  1.25250e-02
 3.88464e-03  1.23857e-02
 3.97575e-03  1.25065e-02
 3.82551e-03  1.25250e-02

 4.32031e-03  1.25250e-02
 4.32030e-03  1.25250e-02
 4.45219e-03  1.24507e-02
 4.45058e-03  1.26021e-02
 4.32030e-03  1.25250e-02

 4.81510e-03  1.25250e-02
 4.81510e-03  1.25250e-02
 4.96614e-03  1.25349e-02
 4.88200e-03  1.26608e-02
 4.81510e-03  1.25250e-02

 5.30990e-03  1.25250e-02
 5.30989e-03  1.25250e-02
 5.45269e-03  1.25752e-02
 5.33783e-03  1.26738e-02
 5.30989e-03  1.25250e-02

 5.80469e-03  1.25250e-02
 5.80468e-03  1.25250e-02
 5.94067e-03  1.25915e-02
 5.81510e-03  1.26760e-02
 5.80468e-03  1.25250e-02

 6.29948e-03  1.25250e-02
 6.29947e-03  1.25250e-02
 6.43215e-03  1.25978e-02
 6.30272e-03  1.26763e-02
 6.29947e-03  1.25250e-02

 6.79427e-03  1.25250e-02
 6.79427e-03  1.25250e-02
 6.92588e-03  1.25997e-02
 6.79534e-03  1.26764e-02
 6.79427e-03  1.25250e-02

 7.28906e-03  1.25250e-02
 7.28906e-03  1.25250e-02
 7.42066e-03  1.25998e-02
 7.29010e-03  1.26764e-02
 7.28906e-03  1.25250e-02

 7.78385e-03  1.25250e-02
 7.78385e-03  1.25250e-02
 7.91543e-03  1.25998e-02
 7.78485e-03  1.26764e-02
 7.78385e-03  1.25250e-02

 8.27865e-03  1.25250e-02
 8.27864e-03  1.25250e-02
 8.40924e-03  1.26015e-02
 8.27766e-03  1.26764e-02
 8.27864e-03  1.25250e-02

 8.77344e-03  1.25250e-02
 8.77344e-03  1.25250e-02
 8.90103e-03  1.26064e-02
 8.76670e-03  1.26762e-02
 8.77344e-03  1.25250e-02

 9.26823e-03  1.25250e-02
 9.26823e-03  1.25250e-02
 9.38981e-03  1.26152e-02
 9.25094e-03  1.26754e-02
 9.26823e-03  1.25250e-02

 9.76302e-03  1.25250e-02
 9.76302e-03  1.25250e-02
 9.87425e-03  1.26277e-02
 9.72973e-03  1.26727e-02
 9.76302e-03  1.25250e-02

 1.02578e-02  1.25250e-02
 1.02578e-02  1.25250e-02
 1.03563e-02  1.26400e-02
 1.02075e-02  1.26677e-02
 1.02578e-02  1.25250e-02

 1.07526e-02  1.25250e-02
 1.07526e-02  1.25250e-02
 1.08283e-02  1.26561e-02
 1.06769e-02  1.26561e-02
 1.07526e-02  1.25250e-02

 3.85573e-03  1.30950e-02
 3.85573e-03  1.30950e-02
 3.73102e-03  1.30092e-02
 3.86766e-03  1.29441e-02
 3.85573e-03  1.30950e-02

 4.34844e-03  1.30950e-02
 4.34844e-03  1.30950e-02
 4.21519e-03  1.31668e-02
 4.21963e-03  1.30155e-02
 4.34844e-03  1.30950e-02

 4.84115e-03  1.30950e-02
 4.84115e-03  1.30950e-02
 4.85494e-03  1.32457e-02
 4.71750e-03  1.31823e-02
 4.84115e-03  1.30950e-02

 5.33385e-03  1.30950e-02
 5.33386e-03  1.30950e-02
 5.38681e-03  1.32368e-02
 5.23753e-03  1.32118e-02
 5.33386e-03  1.30950e-02

 5.82656e-03  1.30950e-02
 5.82656e-03  1.30950e-02
 5.89646e-03  1.32293e-02
 5.74523e-03  1.32227e-02
 5.82656e-03  1.30950e-02

 6.31927e-03  1.30950e-02
 6.31927e-03  1.30950e-02
 6.40007e-03  1.32230e-02
 6.24882e-03  1.32290e-02
 6.31927e-03  1.30950e-02

 6.81198e-03  1.30950e-02
 6.81198e-03  1.30950e-02
 6.90095e-03  1.32175e-02
 6.75041e-03  1.32333e-02
 6.81198e-03  1.30950e-02

 7.30469e-03  1.30950e-02
 7.30469e-03  1.30950e-02
 7.39983e-03  1.32127e-02
 7.25030e-03  1.32363e-02
 7.30469e-03  1.30950e-02

 7.79740e-03  1.30950e-02
 7.79739e-03  1.30950e-02
 7.89668e-03  1.32093e-02
 7.74809e-03  1.32381e-02
 7.79739e-03  1.30950e-02

 8.29010e-03  1.30950e-02
 8.29010e-03  1.30950e-02
 8.39122e-03  1.32076e-02
 8.24311e-03  1.32389e-02
 8.29010e-03  1.30950e-02

 8.78281e-03  1.30950e-02
 8.78281e-03  1.30950e-02
 8.88317e-03  1.32083e-02
 8.73486e-03  1.32386e-02
 8.78281e-03  1.30950e-02

 9.27552e-03  1.30950e-02
 9.27552e-03  1.30950e-02
 9.37250e-03  1.32112e-02
 9.22336e-03  1.32371e-02
 9.27552e-03  1.30950e-02

 9.76823e-03  1.30950e-02
 9.76823e-03  1.30950e-02
 9.85941e-03  1.32158e-02
 9.70919e-03  1.32344e-02
 9.76823e-03  1.30950e-02

 1.02609e-02  1.30950e-02
 1.02609e-02  1.30950e-02
 1.03453e-02  1.32207e-02
 1.01942e-02  1.32309e-02
 1.02609e-02  1.30950e-02

 1.07536e-02  1.30950e-02
 1.07536e-02  1.30950e-02
 1.08293e-02  1.32261e-02
 1.06780e-02  1.32261e-02
 1.07536e-02  1.30950e-02

 3.88594e-03  1.36650e-02
 3.88595e-03  1.36650e-02
 3.73544e-03  1.36811e-02
 3.79672e-03  1.35427e-02
 3.88595e-03  1.36650e-02

 4.37656e-03  1.36650e-02
 4.37657e-03  1.36650e-02
 4.25337e-03  1.37529e-02
 4.23881e-03  1.36023e-02
 4.37657e-03  1.36650e-02

 4.86719e-03  1.36650e-02
 4.86720e-03  1.36650e-02
 4.79565e-03  1.37984e-02
 4.71590e-03  1.36697e-02
 4.86720e-03  1.36650e-02

 5.35781e-03  1.36650e-02
 5.35782e-03  1.36650e-02
 5.33201e-03  1.38141e-02
 5.21575e-03  1.37172e-02
 5.35782e-03  1.36650e-02

 5.84844e-03  1.36650e-02
 5.84844e-03  1.36650e-02
 5.85575e-03  1.38162e-02
 5.72116e-03  1.37469e-02
 5.84844e-03  1.36650e-02

 6.33906e-03  1.36650e-02
 6.33907e-03  1.36650e-02
 6.37040e-03  1.38131e-02
 6.22648e-03  1.37662e-02
 6.33907e-03  1.36650e-02

 6.82969e-03  1.36650e-02
 6.82969e-03  1.36650e-02
 6.87906e-03  1.38081e-02
 6.73045e-03  1.37793e-02
 6.82969e-03  1.36650e-02

 7.32031e-03  1.36650e-02
 7.32031e-03  1.36650e-02
 7.38326e-03  1.38027e-02
 7.23257e-03  1.37883e-02
 7.32031e-03  1.36650e-02

 7.81094e-03  1.36650e-02
 7.81094e-03  1.36650e-02
 7.88366e-03  1.37977e-02
 7.73233e-03  1.37943e-02
 7.81094e-03  1.36650e-02

 8.30156e-03  1.36650e-02
 8.30156e-03  1.36650e-02
 8.38056e-03  1.37941e-02
 8.22924e-03  1.37980e-02
 8.30156e-03  1.36650e-02

 8.79219e-03  1.36650e-02
 8.79219e-03  1.36650e-02
 8.87432e-03  1.37921e-02
 8.72314e-03  1.37997e-02
 8.79219e-03  1.36650e-02

 9.28281e-03  1.36650e-02
 9.28281e-03  1.36650e-02
 9.36531e-03  1.37919e-02
 9.21415e-03  1.37999e-02
 9.28281e-03  1.36650e-02

 9.77344e-03  1.36650e-02
 9.77344e-03  1.36650e-02
 9.85442e-03  1.37929e-02
 9.70318e-03  1.37991e-02
 9.77344e-03  1.36650e-02

 1.02641e-02  1.36650e-02
 1.02641e-02  1.36650e-02
 1.03423e-02  1.37946e-02
 1.01909e-02  1.37975e-02
 1.02641e-02  1.36650e-02

 1.07547e-02  1.36650e-02
 1.07547e-02  1.36650e-02
 1.08304e-02  1.37961e-02
 1.06790e-02  1.37961e-02
 1.07547e-02  1.36650e-02

 3.91615e-03  1.42350e-02
 3.91615e-03  1.42350e-02
 3.76912e-03  1.42710e-02
 3.81150e-03  1.41256e-02
 3.91615e-03  1.42350e-02

 4.40469e-03  1.42350e-02
 4.40470e-03  1.42350e-02
 4.27977e-03  1.43205e-02
 4.26821e-03  1.41695e-02
 4.40470e-03  1.42350e-02

 4.89323e-03  1.42350e-02
 4.89324e-03  1.42350e-02
 4.80307e-03  1.43566e-02
 4.74286e-03  1.42177e-02
 4.89324e-03  1.42350e-02

 5.38177e-03  1.42350e-02
 5.38178e-03  1.42350e-02
 5.32795e-03  1.43765e-02
 5.23234e-03  1.42591e-02
 5.38178e-03  1.42350e-02

 5.87031e-03  1.42350e-02
 5.87032e-03  1.42350e-02
 5.84828e-03  1.43847e-02
 5.72961e-03  1.42908e-02
 5.87032e-03  1.42350e-02

 6.35885e-03  1.42350e-02
 6.35886e-03  1.42350e-02
 6.36282e-03  1.43863e-02
 6.22979e-03  1.43141e-02
 6.35886e-03  1.42350e-02

 6.84740e-03  1.42350e-02
 6.84740e-03  1.42350e-02
 6.87212e-03  1.43843e-02
 6.73043e-03  1.43311e-02
 6.84740e-03  1.42350e-02

 7.33594e-03  1.42350e-02
 7.33594e-03  1.42350e-02
 7.37685e-03  1.43807e-02
 7.23018e-03  1.43433e-02
 7.33594e-03  1.42350e-02

 7.82448e-03  1.42350e-02
 7.82448e-03  1.42350e-02
 7.87760e-03  1.43767e-02
 7.72829e-03  1.43519e-02
 7.82448e-03  1.42350e-02

 8.31302e-03  1.42350e-02
 8.31302e-03  1.42350e-02
 8.37482e-03  1.43732e-02
 8.22425e-03  1.43576e-02
 8.31302e-03  1.42350e-02

 8.80156e-03  1.42350e-02
 8.80156e-03  1.42350e-02
 8.86912e-03  1.43705e-02
 8.71803e-03  1.43612e-02
 8.80156e-03  1.42350e-02

 9.29010e-03  1.42350e-02
 9.29010e-03  1.42350e-02
 9.36088e-03  1.43688e-02
 9.20961e-03  1.43632e-02
 9.29010e-03  1.42350e-02

 9.77865e-03  1.42350e-02
 9.77865e-03  1.42350e-02
 9.85130e-03  1.43678e-02
 9.69997e-03  1.43643e-02
 9.77865e-03  1.42350e-02

 1.02672e-02  1.42350e-02
 1.02672e-02  1.42350e-02
 1.03400e-02  1.43677e-02
 1.01887e-02  1.43644e-02
 1.02672e-02  1.42350e-02

 1.07557e-02  1.42350e-02
 1.07557e-02  1.42350e-02
 1.08314e-02  1.43661e-02
 1.06800e-02  1.43661e-02
 1.07557e-02  1.42350e-02

 3.94635e-03  1.48050e-02
 3.94636e-03  1.48050e-02
 3.80468e-03  1.48583e-02
 3.82939e-03  1.47089e-02
 3.94636e-03  1.48050e-02

 4.43281e-03  1.48050e-02
 4.43282e-03  1.48050e-02
 4.31120e-03  1.48951e-02
 4.29397e-03  1.47447e-02
 4.43282e-03  1.48050e-02

 4.91927e-03  1.48050e-02
 4.91928e-03  1.48050e-02
 4.82465e-03  1.49231e-02
 4.76965e-03  1.47821e-02
 4.91928e-03  1.48050e-02

 5.40573e-03  1.48050e-02
 5.40574e-03  1.48050e-02
 5.34012e-03  1.49414e-02
 5.25480e-03  1.48164e-02
 5.40574e-03  1.48050e-02

 5.89219e-03  1.48050e-02
 5.89219e-03  1.48050e-02
 5.85418e-03  1.49515e-02
 5.74630e-03  1.48453e-02
 5.89219e-03  1.48050e-02

 6.37865e-03  1.48050e-02
 6.37865e-03  1.48050e-02
 6.36520e-03  1.49558e-02
 6.24135e-03  1.48687e-02
 6.37865e-03  1.48050e-02

 6.86510e-03  1.48050e-02
 6.86511e-03  1.48050e-02
 6.87263e-03  1.49562e-02
 6.73794e-03  1.48871e-02
 6.86511e-03  1.48050e-02

 7.35156e-03  1.48050e-02
 7.35156e-03  1.48050e-02
 7.37639e-03  1.49543e-02
 7.23466e-03  1.49011e-02
 7.35156e-03  1.48050e-02

 7.83802e-03  1.48050e-02
 7.83802e-03  1.48050e-02
 7.87667e-03  1.49513e-02
 7.73060e-03  1.49116e-02
 7.83802e-03  1.48050e-02

 8.32448e-03  1.48050e-02
 8.32448e-03  1.48050e-02
 8.37373e-03  1.49481e-02
 8.22515e-03  1.49192e-02
 8.32448e-03  1.48050e-02

 8.81094e-03  1.48050e-02
 8.81094e-03  1.48050e-02
 8.86814e-03  1.49451e-02
 8.71818e-03  1.49246e-02
 8.81094e-03  1.48050e-02

 9.29740e-03  1.48050e-02
 9.29740e-03  1.48050e-02
 9.36011e-03  1.49428e-02
 9.20944e-03  1.49282e-02
 9.29740e-03  1.48050e-02

 9.78385e-03  1.48050e-02
 9.78385e-03  1.48050e-02
 9.85101e-03  1.49407e-02
 9.69995e-03  1.49310e-02
 9.78385e-03  1.48050e-02

 1.02703e-02  1.48050e-02
 1.02703e-02  1.48050e-02
 1.03397e-02  1.49395e-02
 1.01885e-02  1.49324e-02
 1.02703e-02  1.48050e-02

 1.07568e-02  1.48050e-02
 1.07568e-02  1.48050e-02
 1.08325e-02  1.49361e-02
 1.06811e-02  1.49361e-02
 1.07568e-02  1.48050e-02

 3.97656e-03  1.53750e-02
 3.97657e-03  1.53750e-02
 3.83850e-03  1.54370e-02
 3.85380e-03  1.52865e-02
 3.97657e-03  1.53750e-02

 4.46094e-03  1.53750e-02
 4.46094e-03  1.53750e-02
 4.34161e-03  1.54681e-02
 4.32063e-03  1.53182e-02
 4.46094e-03  1.53750e-02

 4.94531e-03  1.53750e-02
 4.94532e-03  1.53750e-02
 4.84974e-03  1.54924e-02
 4.79588e-03  1.53509e-02
 4.94532e-03  1.53750e-02

 5.42969e-03  1.53750e-02
 5.42969e-03  1.53750e-02
 5.35977e-03  1.55092e-02
 5.27847e-03  1.53816e-02
 5.42969e-03  1.53750e-02

 5.91406e-03  1.53750e-02
 5.91407e-03  1.53750e-02
 5.86922e-03  1.55196e-02
 5.76644e-03  1.54084e-02
 5.91407e-03  1.53750e-02

 6.39844e-03  1.53750e-02
 6.39844e-03  1.53750e-02
 6.37658e-03  1.55248e-02
 6.25780e-03  1.54310e-02
 6.39844e-03  1.53750e-02

 6.88281e-03  1.53750e-02
 6.88282e-03  1.53750e-02
 6.88116e-03  1.55264e-02
 6.75091e-03  1.54492e-02
 6.88282e-03  1.53750e-02

 7.36719e-03  1.53750e-02
 7.36719e-03  1.53750e-02
 7.38268e-03  1.55256e-02
 7.24454e-03  1.54637e-02
 7.36719e-03  1.53750e-02

 7.85156e-03  1.53750e-02
 7.85156e-03  1.53750e-02
 7.88126e-03  1.55234e-02
 7.73787e-03  1.54749e-02
 7.85156e-03  1.53750e-02

 8.33594e-03  1.53750e-02
 8.33594e-03  1.53750e-02
 8.37706e-03  1.55207e-02
 8.23034e-03  1.54834e-02
 8.33594e-03  1.53750e-02

 8.82031e-03  1.53750e-02
 8.82031e-03  1.53750e-02
 8.87061e-03  1.55178e-02
 8.72182e-03  1.54899e-02
 8.82031e-03  1.53750e-02

 9.30469e-03  1.53750e-02
 9.30469e-03  1.53750e-02
 9.36190e-03  1.55151e-02
 9.21193e-03  1.54946e-02
 9.30469e-03  1.53750e-02

 9.78906e-03  1.53750e-02
 9.78906e-03  1.53750e-02
 9.85241e-03  1.55125e-02
 9.70168e-03  1.54986e-02
 9.78906e-03  1.53750e-02

 1.02734e-02  1.53750e-02
 1.02734e-02  1.53750e-02
 1.03404e-02  1.55107e-02
 1.01894e-02  1.55009e-02
 1.02734e-02  1.53750e-02

 1.07578e-02  1.53750e-02
 1.07578e-02  1.53750e-02
 1.08335e-02  1.55061e-02
 1.06821e-02  1.55061e-02
 1.07578e-02  1.53750e-02

 4.00677e-03  1.59450e-02
 4.00678e-03  1.59450e-02
 3.87478e-03  1.60191e-02
 3.87662e-03  1.58677e-02
 4.00678e-03  1.59450e-02

 4.48906e-03  1.59450e-02
 4.48907e-03  1.59450e-02
 4.37517e-03  1.60447e-02
 4.34578e-03  1.58962e-02
 4.48907e-03  1.59450e-02

 4.97135e-03  1.59450e-02
 4.97136e-03  1.59450e-02
 4.87890e-03  1.60648e-02
 4.82134e-03  1.59248e-02
 4.97136e-03  1.59450e-02

 5.45365e-03  1.59450e-02
 5.45365e-03  1.59450e-02
 5.38395e-03  1.60794e-02
 5.30244e-03  1.59518e-02
 5.45365e-03  1.59450e-02

 5.93594e-03  1.59450e-02
 5.93594e-03  1.59450e-02
 5.88870e-03  1.60888e-02
 5.78778e-03  1.59760e-02
 5.93594e-03  1.59450e-02

 6.41823e-03  1.59450e-02
 6.41823e-03  1.59450e-02
 6.39202e-03  1.60941e-02
 6.27602e-03  1.59968e-02
 6.41823e-03  1.59450e-02

 6.90052e-03  1.59450e-02
 6.90052e-03  1.59450e-02
 6.89327e-03  1.60962e-02
 6.76596e-03  1.60143e-02
 6.90052e-03  1.59450e-02

 7.38281e-03  1.59450e-02
 7.38281e-03  1.59450e-02
 7.39217e-03  1.60961e-02
 7.25666e-03  1.60286e-02
 7.38281e-03  1.59450e-02

 7.86510e-03  1.59450e-02
 7.86511e-03  1.59450e-02
 7.88872e-03  1.60945e-02
 7.74743e-03  1.60402e-02
 7.86511e-03  1.59450e-02

 8.34740e-03  1.59450e-02
 8.34740e-03  1.59450e-02
 8.38292e-03  1.60921e-02
 8.23773e-03  1.60493e-02
 8.34740e-03  1.59450e-02

 8.82969e-03  1.59450e-02
 8.82969e-03  1.59450e-02
 8.87524e-03  1.60893e-02
 8.72746e-03  1.60566e-02
 8.82969e-03  1.59450e-02

 9.31198e-03  1.59450e-02
 9.31198e-03  1.59450e-02
 9.36547e-03  1.60866e-02
 9.21609e-03  1.60621e-02
 9.31198e-03  1.59450e-02

 9.79427e-03  1.59450e-02
 9.79427e-03  1.59450e-02
 9.85510e-03  1.60836e-02
 9.70465e-03  1.60670e-02
 9.79427e-03  1.59450e-02

 1.02766e-02  1.59450e-02
 1.02766e-02  1.59450e-02
 1.03420e-02  1.60815e-02
 1.01911e-02  1.60699e-02
 1.02766e-02  1.59450e-02

 1.07589e-02  1.59450e-02
 1.07589e-02  1.59450e-02
 1.08345e-02  1.60761e-02
 1.06832e-02  1.60761e-02
 1.07589e-02  1.59450e-02

 4.03698e-03  1.65150e-02
 4.03698e-03  1.65150e-02
 3.91147e-03  1.65996e-02
 3.90095e-03  1.64486e-02
 4.03698e-03  1.65150e-02

 4.51719e-03  1.65150e-02
 4.51719e-03  1.65150e-02
 4.40940e-03  1.66213e-02
 4.37127e-03  1.64748e-02
 4.51719e-03  1.65150e-02

 4.99740e-03  1.65150e-02
 4.99740e-03  1.65150e-02
 4.90960e-03  1.66383e-02
 4.84672e-03  1.65006e-02
 4.99740e-03  1.65150e-02

 5.47760e-03  1.65150e-02
 5.47761e-03  1.65150e-02
 5.41064e-03  1.66507e-02
 5.32656e-03  1.65249e-02
 5.47761e-03  1.65150e-02

 5.95781e-03  1.65150e-02
 5.95782e-03  1.65150e-02
 5.91136e-03  1.66591e-02
 5.80983e-03  1.65468e-02
 5.95782e-03  1.65150e-02

 6.43802e-03  1.65150e-02
 6.43802e-03  1.65150e-02
 6.41092e-03  1.66639e-02
 6.29550e-03  1.65660e-02
 6.43802e-03  1.65150e-02

 6.91823e-03  1.65150e-02
 6.91823e-03  1.65150e-02
 6.90885e-03  1.66661e-02
 6.78270e-03  1.65824e-02
 6.91823e-03  1.65150e-02

 7.39844e-03  1.65150e-02
 7.39844e-03  1.65150e-02
 7.40488e-03  1.66662e-02
 7.27069e-03  1.65962e-02
 7.39844e-03  1.65150e-02

 7.87865e-03  1.65150e-02
 7.87865e-03  1.65150e-02
 7.89902e-03  1.66650e-02
 7.75894e-03  1.66076e-02
 7.87865e-03  1.65150e-02

 8.35885e-03  1.65150e-02
 8.35886e-03  1.65150e-02
 8.39121e-03  1.66629e-02
 8.24698e-03  1.66170e-02
 8.35886e-03  1.65150e-02

 8.83906e-03  1.65150e-02
 8.83906e-03  1.65150e-02
 8.88184e-03  1.66602e-02
 8.73471e-03  1.66246e-02
 8.83906e-03  1.65150e-02

 9.31927e-03  1.65150e-02
 9.31927e-03  1.65150e-02
 9.37055e-03  1.66574e-02
 9.22157e-03  1.66306e-02
 9.31927e-03  1.65150e-02

 9.79948e-03  1.65150e-02
 9.79948e-03  1.65150e-02
 9.85882e-03  1.66542e-02
 9.70855e-03  1.66360e-02
 9.79948e-03  1.65150e-02

 1.02797e-02  1.65150e-02
 1.02797e-02  1.65150e-02
 1.03443e-02  1.66519e-02
 1.01934e-02  1.66394e-02
 1.02797e-02  1.65150e-02

 1.07599e-02  1.65150e-02
 1.07599e-02  1.65150e-02
 1.08356e-02  1.66461e-02
 1.06842e-02  1.66461e-02
 1.07599e-02  1.65150e-02

 4.06719e-03  1.70850e-02
 4.06719e-03  1.70850e-02
 3.95080e-03  1.71818e-02
 3.92518e-03  1.70326e-02
 4.06719e-03  1.70850e-02

 4.54531e-03  1.70850e-02
 4.54532e-03  1.70850e-02
 4.44594e-03  1.71992e-02
 4.39675e-03  1.70560e-02
 4.54532e-03  1.70850e-02

 5.02344e-03  1.70850e-02
 5.02344e-03  1.70850e-02
 4.94242e-03  1.72129e-02
 4.87220e-03  1.70788e-02
 5.02344e-03  1.70850e-02

 5.50156e-03  1.70850e-02
 5.50157e-03  1.70850e-02
 5.43934e-03  1.72230e-02
 5.35095e-03  1.71001e-02
 5.50157e-03  1.70850e-02

 5.97969e-03  1.70850e-02
 5.97969e-03  1.70850e-02
 5.93594e-03  1.72299e-02
 5.83232e-03  1.71196e-02
 5.97969e-03  1.70850e-02

 6.45781e-03  1.70850e-02
 6.45782e-03  1.70850e-02
 6.43166e-03  1.72341e-02
 6.31562e-03  1.71369e-02
 6.45782e-03  1.70850e-02

 6.93594e-03  1.70850e-02
 6.93594e-03  1.70850e-02
 6.92616e-03  1.72360e-02
 6.80024e-03  1.71521e-02
 6.93594e-03  1.70850e-02

 7.41406e-03  1.70850e-02
 7.41406e-03  1.70850e-02
 7.41923e-03  1.72363e-02
 7.28564e-03  1.71651e-02
 7.41406e-03  1.70850e-02

 7.89219e-03  1.70850e-02
 7.89219e-03  1.70850e-02
 7.91085e-03  1.72352e-02
 7.77143e-03  1.71763e-02
 7.89219e-03  1.70850e-02

 8.37031e-03  1.70850e-02
 8.37031e-03  1.70850e-02
 8.40088e-03  1.72332e-02
 8.25721e-03  1.71856e-02
 8.37031e-03  1.70850e-02

 8.84844e-03  1.70850e-02
 8.84844e-03  1.70850e-02
 8.88962e-03  1.72307e-02
 8.74289e-03  1.71935e-02
 8.84844e-03  1.70850e-02

 9.32656e-03  1.70850e-02
 9.32656e-03  1.70850e-02
 9.37662e-03  1.72278e-02
 9.22788e-03  1.71998e-02
 9.32656e-03  1.70850e-02

 9.80469e-03  1.70850e-02
 9.80469e-03  1.70850e-02
 9.86326e-03  1.72246e-02
 9.71310e-03  1.72055e-02
 9.80469e-03  1.70850e-02

 1.02828e-02  1.70850e-02
 1.02828e-02  1.70850e-02
 1.03471e-02  1.72220e-02
 1.01963e-02  1.72092e-02
 1.02828e-02  1.70850e-02

 1.07609e-02  1.70850e-02
 1.07609e-02  1.70850e-02
 1.08366e-02  1.72161e-02
 1.06853e-02  1.72161e-02
 1.07609e-02  1.70850e-02

 4.09740e-03  1.76550e-02
 4.09740e-03  1.76550e-02
 3.99089e-03  1.77626e-02
 3.95100e-03  1.76165e-02
 4.09740e-03  1.76550e-02

 4.57344e-03  1.76550e-02
 4.57344e-03  1.76550e-02
 4.48289e-03  1.77763e-02
 4.42312e-03  1.76372e-02
 4.57344e-03  1.76550e-02

 5.04948e-03  1.76550e-02
 5.04948e-03  1.76550e-02
 4.97566e-03  1.77871e-02
 4.89813e-03  1.76571e-02
 5.04948e-03  1.76550e-02

 5.52552e-03  1.76550e-02
 5.52552e-03  1.76550e-02
 5.46864e-03  1.77953e-02
 5.37560e-03  1.76759e-02
 5.52552e-03  1.76550e-02

 6.00156e-03  1.76550e-02
 6.00156e-03  1.76550e-02
 5.96135e-03  1.78009e-02
 5.85508e-03  1.76931e-02
 6.00156e-03  1.76550e-02

 6.47760e-03  1.76550e-02
 6.47761e-03  1.76550e-02
 6.45341e-03  1.78044e-02
 6.33611e-03  1.77088e-02
 6.47761e-03  1.76550e-02

 6.95365e-03  1.76550e-02
 6.95365e-03  1.76550e-02
 6.94461e-03  1.78061e-02
 6.81827e-03  1.77227e-02
 6.95365e-03  1.76550e-02

 7.42969e-03  1.76550e-02
 7.42969e-03  1.76550e-02
 7.43475e-03  1.78063e-02
 7.30120e-03  1.77350e-02
 7.42969e-03  1.76550e-02

 7.90573e-03  1.76550e-02
 7.90573e-03  1.76550e-02
 7.92380e-03  1.78053e-02
 7.78461e-03  1.77458e-02
 7.90573e-03  1.76550e-02

 8.38177e-03  1.76550e-02
 8.38177e-03  1.76550e-02
 8.41158e-03  1.78034e-02
 8.26816e-03  1.77550e-02
 8.38177e-03  1.76550e-02

 8.85781e-03  1.76550e-02
 8.85781e-03  1.76550e-02
 8.89830e-03  1.78008e-02
 8.75174e-03  1.77630e-02
 8.85781e-03  1.76550e-02

 9.33385e-03  1.76550e-02
 9.33385e-03  1.76550e-02
 9.38344e-03  1.77980e-02
 9.23479e-03  1.77694e-02
 9.33385e-03  1.76550e-02

 9.80990e-03  1.76550e-02
 9.80990e-03  1.76550e-02
 9.86824e-03  1.77947e-02
 9.71811e-03  1.77754e-02
 9.80990e-03  1.76550e-02

 1.02859e-02  1.76550e-02
 1.02859e-02  1.76550e-02
 1.03504e-02  1.77920e-02
 1.01996e-02  1.77793e-02
 1.02859e-02  1.76550e-02

 1.07620e-02  1.76550e-02
 1.07620e-02  1.76550e-02
 1.08377e-02  1.77861e-02
 1.06863e-02  1.77861e-02
 1.07620e-02  1.76550e-02

 4.12760e-03  1.82250e-02
 4.12761e-03  1.82250e-02
 4.03236e-03  1.83426e-02
 3.97810e-03  1.82013e-02
 4.12761e-03  1.82250e-02

 4.60156e-03  1.82250e-02
 4.60156e-03  1.82250e-02
 4.52064e-03  1.83529e-02
 4.45032e-03  1.82189e-02
 4.60156e-03  1.82250e-02

 5.07552e-03  1.82250e-02
 5.07552e-03  1.82250e-02
 5.00940e-03  1.83612e-02
 4.92454e-03  1.82358e-02
 5.07552e-03  1.82250e-02

 5.54948e-03  1.82250e-02
 5.54948e-03  1.82250e-02
 5.49833e-03  1.83675e-02
 5.40053e-03  1.82519e-02
 5.54948e-03  1.82250e-02

 6.02344e-03  1.82250e-02
 6.02344e-03  1.82250e-02
 5.98714e-03  1.83719e-02
 5.87803e-03  1.82670e-02
 6.02344e-03  1.82250e-02

 6.49740e-03  1.82250e-02
 6.49740e-03  1.82250e-02
 6.47560e-03  1.83748e-02
 6.35678e-03  1.82810e-02
 6.49740e-03  1.82250e-02

 6.97135e-03  1.82250e-02
 6.97136e-03  1.82250e-02
 6.96353e-03  1.83762e-02
 6.83653e-03  1.82938e-02
 6.97136e-03  1.82250e-02

 7.44531e-03  1.82250e-02
 7.44531e-03  1.82250e-02
 7.45080e-03  1.83763e-02
 7.31705e-03  1.83054e-02
 7.44531e-03  1.82250e-02

 7.91927e-03  1.82250e-02
 7.91927e-03  1.82250e-02
 7.93731e-03  1.83753e-02
 7.79813e-03  1.83158e-02
 7.91927e-03  1.82250e-02

 8.39323e-03  1.82250e-02
 8.39323e-03  1.82250e-02
 8.42285e-03  1.83734e-02
 8.27949e-03  1.83249e-02
 8.39323e-03  1.82250e-02

 8.86719e-03  1.82250e-02
 8.86719e-03  1.82250e-02
 8.90751e-03  1.83709e-02
 8.76100e-03  1.83329e-02
 8.86719e-03  1.82250e-02

 9.34115e-03  1.82250e-02
 9.34115e-03  1.82250e-02
 9.39078e-03  1.83680e-02
 9.24213e-03  1.83395e-02
 9.34115e-03  1.82250e-02

 9.81510e-03  1.82250e-02
 9.81510e-03  1.82250e-02
 9.87364e-03  1.83646e-02
 9.72348e-03  1.83455e-02
 9.81510e-03  1.82250e-02

 1.02891e-02  1.82250e-02
 1.02891e-02  1.82250e-02
 1.03541e-02  1.83617e-02
 1.02032e-02  1.83496e-02
 1.02891e-02  1.82250e-02

 1.07630e-02  1.82250e-02
 1.07630e-02  1.82250e-02
 1.08387e-02  1.83561e-02
 1.06873e-02  1.83561e-02
 1.07630e-02  1.82250e-02

 4.15781e-03  1.87950e-02
 4.15781e-03  1.87950e-02
 4.07231e-03  1.89199e-02
 4.00689e-03  1.87834e-02
 4.15781e-03  1.87950e-02

 4.62969e-03  1.87950e-02
 4.62969e-03  1.87950e-02
 4.55662e-03  1.89276e-02
 4.47835e-03  1.87980e-02
 4.62969e-03  1.87950e-02

 5.10156e-03  1.87950e-02
 5.10156e-03  1.87950e-02
 5.04139e-03  1.89339e-02
 4.95119e-03  1.88123e-02
 5.10156e-03  1.87950e-02

 5.57344e-03  1.87950e-02
 5.57344e-03  1.87950e-02
 5.52644e-03  1.89389e-02
 5.42533e-03  1.88262e-02
 5.57344e-03  1.87950e-02

 6.04531e-03  1.87950e-02
 6.04531e-03  1.87950e-02
 6.01159e-03  1.89426e-02
 5.90066e-03  1.88396e-02
 6.04531e-03  1.87950e-02

 6.51719e-03  1.87950e-02
 6.51719e-03  1.87950e-02
 6.49670e-03  1.89450e-02
 6.37706e-03  1.88522e-02
 6.51719e-03  1.87950e-02

 6.98906e-03  1.87950e-02
 6.98906e-03  1.87950e-02
 6.98162e-03  1.89462e-02
 6.85441e-03  1.88641e-02
 6.98906e-03  1.87950e-02

 7.46094e-03  1.87950e-02
 7.46094e-03  1.87950e-02
 7.46623e-03  1.89463e-02
 7.33258e-03  1.88752e-02
 7.46094e-03  1.87950e-02

 7.93281e-03  1.87950e-02
 7.93281e-03  1.87950e-02
 7.95040e-03  1.89453e-02
 7.81141e-03  1.88854e-02
 7.93281e-03  1.87950e-02

 8.40469e-03  1.87950e-02
 8.40469e-03  1.87950e-02
 8.43389e-03  1.89435e-02
 8.29066e-03  1.88945e-02
 8.40469e-03  1.87950e-02

 8.87656e-03  1.87950e-02
 8.87656e-03  1.87950e-02
 8.91665e-03  1.89410e-02
 8.77020e-03  1.89027e-02
 8.87656e-03  1.87950e-02

 9.34844e-03  1.87950e-02
 9.34844e-03  1.87950e-02
 9.39818e-03  1.89380e-02
 9.24950e-03  1.89096e-02
 9.34844e-03  1.87950e-02

 9.82031e-03  1.87950e-02
 9.82031e-03  1.87950e-02
 9.87914e-03  1.89345e-02
 9.72894e-03  1.89157e-02
 9.82031e-03  1.87950e-02

 1.02922e-02  1.87950e-02
 1.02922e-02  1.87950e-02
 1.03579e-02  1.89314e-02
 1.02070e-02  1.89201e-02
 1.02922e-02  1.87950e-02

 1.07641e-02  1.87950e-02
 1.07641e-02  1.87950e-02
 1.08397e-02  1.89261e-02
 1.06884e-02  1.89261e-02
 1.07641e-02  1.87950e-02

 4.18802e-03  1.93650e-02
 4.18802e-03  1.93650e-02
 4.11216e-03  1.94960e-02
 4.03666e-03  1.93648e-02
 4.18802e-03  1.93650e-02

 4.65781e-03  1.93650e-02
 4.65781e-03  1.93650e-02
 4.59224e-03  1.95014e-02
 4.50688e-03  1.93764e-02
 4.65781e-03  1.93650e-02

 5.12760e-03  1.93650e-02
 5.12761e-03  1.93650e-02
 5.07292e-03  1.95061e-02
 4.97803e-03  1.93882e-02
 5.12761e-03  1.93650e-02

 5.59740e-03  1.93650e-02
 5.59740e-03  1.93650e-02
 5.55408e-03  1.95100e-02
 5.45013e-03  1.94000e-02
 5.59740e-03  1.93650e-02

 6.06719e-03  1.93650e-02
 6.06719e-03  1.93650e-02
 6.03563e-03  1.95130e-02
 5.92320e-03  1.94117e-02
 6.06719e-03  1.93650e-02

 6.53698e-03  1.93650e-02
 6.53698e-03  1.93650e-02
 6.51746e-03  1.95151e-02
 6.39723e-03  1.94231e-02
 6.53698e-03  1.93650e-02

 7.00677e-03  1.93650e-02
 7.00677e-03  1.93650e-02
 6.99946e-03  1.95162e-02
 6.87218e-03  1.94343e-02
 7.00677e-03  1.93650e-02

 7.47656e-03  1.93650e-02
 7.47656e-03  1.93650e-02
 7.48151e-03  1.95163e-02
 7.34802e-03  1.94449e-02
 7.47656e-03  1.93650e-02

 7.94635e-03  1.93650e-02
 7.94636e-03  1.93650e-02
 7.96345e-03  1.95154e-02
 7.82465e-03  1.94550e-02
 7.94636e-03  1.93650e-02

 8.41615e-03  1.93650e-02
 8.41615e-03  1.93650e-02
 8.44501e-03  1.95136e-02
 8.30190e-03  1.94643e-02
 8.41615e-03  1.93650e-02

 8.88594e-03  1.93650e-02
 8.88594e-03  1.93650e-02
 8.92598e-03  1.95110e-02
 8.77954e-03  1.94727e-02
 8.88594e-03  1.93650e-02

 9.35573e-03  1.93650e-02
 9.35573e-03  1.93650e-02
 9.40592e-03  1.95078e-02
 9.25715e-03  1.94799e-02
 9.35573e-03  1.93650e-02

 9.82552e-03  1.93650e-02
 9.82552e-03  1.93650e-02
 9.88503e-03  1.95042e-02
 9.73474e-03  1.94861e-02
 9.82552e-03  1.93650e-02

 1.02953e-02  1.93650e-02
 1.02953e-02  1.93650e-02
 1.03623e-02  1.95007e-02
 1.02113e-02  1.94909e-02
 1.02953e-02  1.93650e-02

 1.07651e-02  1.93650e-02
 1.07651e-02  1.93650e-02
 1.08408e-02  1.94961e-02
 1.06894e-02  1.94961e-02
 1.07651e-02  1.93650e-02

 4.21823e-03  1.99350e-02
 4.21823e-03  1.99350e-02
 4.14548e-03  2.00677e-02
 4.06690e-03  1.99384e-02
 4.21823e-03  1.99350e-02

 4.68594e-03  1.99350e-02
 4.68594e-03  1.99350e-02
 4.62160e-03  2.00720e-02
 4.53511e-03  1.99478e-02
 4.68594e-03  1.99350e-02

 5.15365e-03  1.99350e-02
 5.15365e-03  1.99350e-02
 5.09849e-03  2.00760e-02
 5.00399e-03  1.99577e-02
 5.15365e-03  1.99350e-02

 5.62135e-03  1.99350e-02
 5.62136e-03  1.99350e-02
 5.57612e-03  2.00794e-02
 5.47364e-03  1.99680e-02
 5.62136e-03  1.99350e-02

 6.08906e-03  1.99350e-02
 6.08906e-03  1.99350e-02
 6.05443e-03  2.00823e-02
 5.94414e-03  1.99787e-02
 6.08906e-03  1.99350e-02

 6.55677e-03  1.99350e-02
 6.55677e-03  1.99350e-02
 6.53339e-03  2.00845e-02
 6.41557e-03  1.99895e-02
 6.55677e-03  1.99350e-02

 7.02448e-03  1.99350e-02
 7.02448e-03  1.99350e-02
 7.01292e-03  2.00859e-02
 6.88800e-03  2.00005e-02
 7.02448e-03  1.99350e-02

 7.49219e-03  1.99350e-02
 7.49219e-03  1.99350e-02
 7.49295e-03  2.00864e-02
 7.36148e-03  2.00113e-02
 7.49219e-03  1.99350e-02

 7.95990e-03  1.99350e-02
 7.95990e-03  1.99350e-02
 7.97328e-03  2.00858e-02
 7.83601e-03  2.00220e-02
 7.95990e-03  1.99350e-02

 8.42760e-03  1.99350e-02
 8.42760e-03  1.99350e-02
 8.45359e-03  2.00841e-02
 8.31146e-03  2.00321e-02
 8.42760e-03  1.99350e-02

 8.89531e-03  1.99350e-02
 8.89531e-03  1.99350e-02
 8.93348e-03  2.00815e-02
 8.78754e-03  2.00413e-02
 8.89531e-03  1.99350e-02

 9.36302e-03  1.99350e-02
 9.36302e-03  1.99350e-02
 9.41250e-03  2.00780e-02
 9.26388e-03  2.00494e-02
 9.36302e-03  1.99350e-02

 9.83073e-03  1.99350e-02
 9.83073e-03  1.99350e-02
 9.89028e-03  2.00742e-02
 9.73999e-03  2.00562e-02
 9.83073e-03  1.99350e-02

 1.02984e-02  1.99350e-02
 1.02984e-02  1.99350e-02
 1.03665e-02  2.00702e-02
 1.02154e-02  2.00616e-02
 1.02984e-02  1.99350e-02

 1.07661e-02  1.99350e-02
 1.07661e-02  1.99350e-02
 1.08418e-02  2.00661e-02
 1.06905e-02  2.00661e-02
 1.07661e-02  1.99350e-02

 4.24844e-03  2.05050e-02
 4.24844e-03  2.05050e-02
 4.18156e-03  2.06408e-02
 4.09740e-03  2.05150e-02
 4.24844e-03  2.05050e-02

 4.71406e-03  2.05050e-02
 4.71406e-03  2.05050e-02
 4.65342e-03  2.06437e-02
 4.56364e-03  2.05218e-02
 4.71406e-03  2.05050e-02

 5.17969e-03  2.05050e-02
 5.17969e-03  2.05050e-02
 5.12630e-03  2.06466e-02
 5.03033e-03  2.05296e-02
 5.17969e-03  2.05050e-02

 5.64531e-03  2.05050e-02
 5.64531e-03  2.05050e-02
 5.60017e-03  2.06495e-02
 5.49762e-03  2.05381e-02
 5.64531e-03  2.05050e-02

 6.11094e-03  2.05050e-02
 6.11094e-03  2.05050e-02
 6.07501e-03  2.06520e-02
 5.96563e-03  2.05474e-02
 6.11094e-03  2.05050e-02

 6.57656e-03  2.05050e-02
 6.57656e-03  2.05050e-02
 6.55085e-03  2.06542e-02
 6.43452e-03  2.05573e-02
 6.57656e-03  2.05050e-02

 7.04219e-03  2.05050e-02
 7.04219e-03  2.05050e-02
 7.02768e-03  2.06557e-02
 6.90445e-03  2.05678e-02
 7.04219e-03  2.05050e-02

 7.50781e-03  2.05050e-02
 7.50781e-03  2.05050e-02
 7.50547e-03  2.06563e-02
 7.37557e-03  2.05786e-02
 7.50781e-03  2.05050e-02

 7.97344e-03  2.05050e-02
 7.97344e-03  2.05050e-02
 7.98401e-03  2.06560e-02
 7.84796e-03  2.05897e-02
 7.97344e-03  2.05050e-02

 8.43906e-03  2.05050e-02
 8.43906e-03  2.05050e-02
 8.46304e-03  2.06545e-02
 8.32162e-03  2.06005e-02
 8.43906e-03  2.05050e-02

 8.90469e-03  2.05050e-02
 8.90469e-03  2.05050e-02
 8.94187e-03  2.06517e-02
 8.79621e-03  2.06106e-02
 8.90469e-03  2.05050e-02

 9.37031e-03  2.05050e-02
 9.37031e-03  2.05050e-02
 9.42019e-03  2.06479e-02
 9.27148e-03  2.06196e-02
 9.37031e-03  2.05050e-02

 9.83594e-03  2.05050e-02
 9.83594e-03  2.05050e-02
 9.89670e-03  2.06436e-02
 9.74626e-03  2.06269e-02
 9.83594e-03  2.05050e-02

 1.03016e-02  2.05050e-02
 1.03016e-02  2.05050e-02
 1.03723e-02  2.06388e-02
 1.02211e-02  2.06332e-02
 1.03016e-02  2.05050e-02

 1.07672e-02  2.05050e-02
 1.07672e-02  2.05050e-02
 1.08429e-02  2.06361e-02
 1.06915e-02  2.06361e-02
 1.07672e-02  2.05050e-02

 4.27865e-03  2.10750e-02
 4.27865e-03  2.10750e-02
 4.19877e-03  2.12036e-02
 4.12736e-03  2.10701e-02
 4.27865e-03  2.10750e-02

 4.74219e-03  2.10750e-02
 4.74219e-03  2.10750e-02
 4.66696e-03  2.12063e-02
 4.59082e-03  2.10755e-02
 4.74219e-03  2.10750e-02

 5.20573e-03  2.10750e-02
 5.20573e-03  2.10750e-02
 5.13617e-03  2.12094e-02
 5.05452e-03  2.10820e-02
 5.20573e-03  2.10750e-02

 5.66927e-03  2.10750e-02
 5.66927e-03  2.10750e-02
 5.60648e-03  2.12127e-02
 5.51860e-03  2.10895e-02
 5.66927e-03  2.10750e-02

 6.13281e-03  2.10750e-02
 6.13281e-03  2.10750e-02
 6.07802e-03  2.12161e-02
 5.98322e-03  2.10981e-02
 6.13281e-03  2.10750e-02

 6.59635e-03  2.10750e-02
 6.59636e-03  2.10750e-02
 6.55096e-03  2.12194e-02
 6.44860e-03  2.11079e-02
 6.59636e-03  2.10750e-02

 7.05990e-03  2.10750e-02
 7.05990e-03  2.10750e-02
 7.02554e-03  2.12224e-02
 6.91505e-03  2.11190e-02
 7.05990e-03  2.10750e-02

 7.52344e-03  2.10750e-02
 7.52344e-03  2.10750e-02
 7.50195e-03  2.12248e-02
 7.38293e-03  2.11313e-02
 7.52344e-03  2.10750e-02

 7.98698e-03  2.10750e-02
 7.98698e-03  2.10750e-02
 7.98018e-03  2.12262e-02
 7.85263e-03  2.11447e-02
 7.98698e-03  2.10750e-02

 8.45052e-03  2.10750e-02
 8.45052e-03  2.10750e-02
 8.46013e-03  2.12261e-02
 8.32450e-03  2.11589e-02
 8.45052e-03  2.10750e-02

 8.91406e-03  2.10750e-02
 8.91406e-03  2.10750e-02
 8.94072e-03  2.12240e-02
 8.79836e-03  2.11726e-02
 8.91406e-03  2.10750e-02

 9.37760e-03  2.10750e-02
 9.37760e-03  2.10750e-02
 9.42158e-03  2.12198e-02
 9.27416e-03  2.11855e-02
 9.37760e-03  2.10750e-02

 9.84115e-03  2.10750e-02
 9.84115e-03  2.10750e-02
 9.89960e-03  2.12146e-02
 9.74945e-03  2.11954e-02
 9.84115e-03  2.10750e-02

 1.03047e-02  2.10750e-02
 1.03047e-02  2.10750e-02
 1.03772e-02  2.12079e-02
 1.02258e-02  2.12042e-02
 1.03047e-02  2.10750e-02

 1.07682e-02  2.10750e-02
 1.07682e-02  2.10750e-02
 1.08439e-02  2.12061e-02
 1.06925e-02  2.12061e-02
 1.07682e-02  2.10750e-02

 4.30885e-03  2.16450e-02
 4.30886e-03  2.16450e-02
 4.24153e-03  2.17806e-02
 4.15779e-03  2.16545e-02
 4.30886e-03  2.16450e-02

 4.77031e-03  2.16450e-02
 4.77031e-03  2.16450e-02
 4.70541e-03  2.17817e-02
 4.61944e-03  2.16572e-02
 4.77031e-03  2.16450e-02

 5.23177e-03  2.16450e-02
 5.23177e-03  2.16450e-02
 5.17056e-03  2.17834e-02
 5.08128e-03  2.16612e-02
 5.23177e-03  2.16450e-02

 5.69323e-03  2.16450e-02
 5.69323e-03  2.16450e-02
 5.63701e-03  2.17855e-02
 5.54341e-03  2.16666e-02
 5.69323e-03  2.16450e-02

 6.15469e-03  2.16450e-02
 6.15469e-03  2.16450e-02
 6.10487e-03  2.17879e-02
 6.00599e-03  2.16733e-02
 6.15469e-03  2.16450e-02

 6.61615e-03  2.16450e-02
 6.61615e-03  2.16450e-02
 6.57432e-03  2.17905e-02
 6.46925e-03  2.16815e-02
 6.61615e-03  2.16450e-02

 7.07760e-03  2.16450e-02
 7.07761e-03  2.16450e-02
 7.04559e-03  2.17929e-02
 6.93347e-03  2.16912e-02
 7.07761e-03  2.16450e-02

 7.53906e-03  2.16450e-02
 7.53906e-03  2.16450e-02
 7.51899e-03  2.17950e-02
 7.39910e-03  2.17026e-02
 7.53906e-03  2.16450e-02

 8.00052e-03  2.16450e-02
 8.00052e-03  2.16450e-02
 7.99460e-03  2.17963e-02
 7.86657e-03  2.17155e-02
 8.00052e-03  2.16450e-02

 8.46198e-03  2.16450e-02
 8.46198e-03  2.16450e-02
 8.47254e-03  2.17960e-02
 8.33649e-03  2.17296e-02
 8.46198e-03  2.16450e-02

 8.92344e-03  2.16450e-02
 8.92344e-03  2.16450e-02
 8.95166e-03  2.17937e-02
 8.80876e-03  2.17438e-02
 8.92344e-03  2.16450e-02

 9.38490e-03  2.16450e-02
 9.38490e-03  2.16450e-02
 9.43201e-03  2.17888e-02
 9.28387e-03  2.17577e-02
 9.38490e-03  2.16450e-02

 9.84635e-03  2.16450e-02
 9.84635e-03  2.16450e-02
 9.90887e-03  2.17829e-02
 9.75823e-03  2.17681e-02
 9.84635e-03  2.16450e-02

 1.03078e-02  2.16450e-02
 1.03078e-02  2.16450e-02
 1.03865e-02  2.17743e-02
 1.02352e-02  2.17778e-02
 1.03078e-02  2.16450e-02

 1.07693e-02  2.16450e-02
 1.07693e-02  2.16450e-02
 1.08450e-02  2.17761e-02
 1.06936e-02  2.17761e-02
 1.07693e-02  2.16450e-02

 4.33906e-03  2.22150e-02
 4.33906e-03  2.22150e-02
 4.20798e-03  2.22907e-02
 4.20798e-03  2.21393e-02
 4.33906e-03  2.22150e-02

 4.79844e-03  2.22150e-02
 4.79844e-03  2.22150e-02
 4.66735e-03  2.22907e-02
 4.66735e-03  2.21393e-02
 4.79844e-03  2.22150e-02

 5.25781e-03  2.22150e-02
 5.25781e-03  2.22150e-02
 5.12673e-03  2.22907e-02
 5.12673e-03  2.21393e-02
 5.25781e-03  2.22150e-02

 5.71719e-03  2.22150e-02
 5.71719e-03  2.22150e-02
 5.58610e-03  2.22907e-02
 5.58610e-03  2.21393e-02
 5.71719e-03  2.22150e-02

 6.17656e-03  2.22150e-02
 6.17656e-03  2.22150e-02
 6.04548e-03  2.22907e-02
 6.04548e-03  2.21393e-02
 6.17656e-03  2.22150e-02

 6.63594e-03  2.22150e-02
 6.63594e-03  2.22150e-02
 6.50485e-03  2.22907e-02
 6.50485e-03  2.21393e-02
 6.63594e-03  2.22150e-02

 7.09531e-03  2.22150e-02
 7.09531e-03  2.22150e-02
 6.96423e-03  2.22907e-02
 6.96423e-03  2.21393e-02
 7.09531e-03  2.22150e-02

 7.55469e-03  2.22150e-02
 7.55469e-03  2.22150e-02
 7.42360e-03  2.22907e-02
 7.42360e-03  2.21393e-02
 7.55469e-03  2.22150e-02

 8.01406e-03  2.22150e-02
 8.01406e-03  2.22150e-02
 7.88298e-03  2.22907e-02
 7.88298e-03  2.21393e-02
 8.01406e-03  2.22150e-02

 8.47344e-03  2.22150e-02
 8.47344e-03  2.22150e-02
 8.34235e-03  2.22907e-02
 8.34235e-03  2.21393e-02
 8.47344e-03  2.22150e-02

 8.93281e-03  2.22150e-02
 8.93281e-03  2.22150e-02
 8.80173e-03  2.22907e-02
 8.80173e-03  2.21393e-02
 8.93281e-03  2.22150e-02

 9.39219e-03  2.22150e-02
 9.39219e-03  2.22150e-02
 9.26110e-03  2.22907e-02
 9.26110e-03  2.21393e-02
 9.39219e-03  2.22150e-02

 9.85156e-03  2.22150e-02
 9.85156e-03  2.22150e-02
 9.72047e-03  2.22907e-02
 9.72047e-03  2.21393e-02
 9.85156e-03  2.22150e-02

 1.03109e-02  2.22150e-02
 1.03109e-02  2.22150e-02
 1.04420e-02  2.21393e-02
 1.04420e-02  2.22907e-02
 1.03109e-02  2.22150e-02

 1.07703e-02  2.22150e-02
 1.07703e-02  2.22150e-02
 1.06392e-02  2.22907e-02
 1.06392e-02  2.21393e-02
 1.07703e-02  2.22150e-02

