#[ Fluid velocity 2D plot data file: flw.dat ]
 1.95313e-04  1.13850e-02
 1.95313e-04  1.13850e-02
 1.19629e-04  1.12539e-02
 2.70996e-04  1.12539e-02
 1.95313e-04  1.13850e-02

 5.85937e-04  1.13850e-02
 2.77164e-04  1.13850e-02
 4.08252e-04  1.13093e-02
 4.08252e-04  1.14607e-02
 2.77164e-04  1.13850e-02

 9.76562e-04  1.13850e-02
 5.62619e-04  1.13850e-02
 6.93707e-04  1.13093e-02
 6.93707e-04  1.14607e-02
 5.62619e-04  1.13850e-02

 1.36719e-03  1.13850e-02
 7.77727e-04  1.13850e-02
 9.08814e-04  1.13093e-02
 9.08814e-04  1.14607e-02
 7.77727e-04  1.13850e-02

 1.75781e-03  1.13850e-02
 1.03893e-03  1.13850e-02
 1.17001e-03  1.13093e-02
 1.17001e-03  1.14607e-02
 1.03893e-03  1.13850e-02

 2.14844e-03  1.13850e-02
 1.29927e-03  1.13850e-02
 1.43036e-03  1.13093e-02
 1.43036e-03  1.14607e-02
 1.29927e-03  1.13850e-02

 2.53906e-03  1.13850e-02
 1.58303e-03  1.13850e-02
 1.71412e-03  1.13093e-02
 1.71412e-03  1.14607e-02
 1.58303e-03  1.13850e-02

 2.92969e-03  1.13850e-02
 1.88056e-03  1.13850e-02
 2.01165e-03  1.13093e-02
 2.01165e-03  1.14607e-02
 1.88056e-03  1.13850e-02

 3.32031e-03  1.13850e-02
 2.19717e-03  1.13850e-02
 2.32826e-03  1.13093e-02
 2.32826e-03  1.14607e-02
 2.19717e-03  1.13850e-02

 1.97049e-04  1.19550e-02
 1.97049e-04  1.25023e-02
 1.21365e-04  1.23712e-02
 2.72732e-04  1.23712e-02
 1.97049e-04  1.25023e-02

 5.91146e-04  1.19550e-02
 8.62160e-05  1.24549e-02
 1.26120e-04  1.23089e-02
 2.32618e-04  1.24165e-02
 8.62160e-05  1.24549e-02

 9.85243e-04  1.19550e-02
 2.90272e-04  1.24327e-02
 3.55433e-04  1.22960e-02
 4.41172e-04  1.24208e-02
 2.90272e-04  1.24327e-02

 1.37934e-03  1.19550e-02
 3.86600e-04  1.23972e-02
 4.75554e-04  1.22747e-02
 5.37140e-04  1.24130e-02
 3.86600e-04  1.23972e-02

 1.77344e-03  1.19550e-02
 5.60156e-04  1.23589e-02
 6.60630e-04  1.22457e-02
 7.08437e-04  1.23893e-02
 5.60156e-04  1.23589e-02

 2.16753e-03  1.19550e-02
 7.36285e-04  1.23135e-02
 8.45058e-04  1.22082e-02
 8.81832e-04  1.23550e-02
 7.36285e-04  1.23135e-02

 2.56163e-03  1.19550e-02
 9.53888e-04  1.22649e-02
 1.06828e-03  1.21658e-02
 1.09693e-03  1.23144e-02
 9.53888e-04  1.22649e-02

 2.95573e-03  1.19550e-02
 1.19730e-03  1.22136e-02
 1.31598e-03  1.21197e-02
 1.33801e-03  1.22694e-02
 1.19730e-03  1.22136e-02

 3.34983e-03  1.19550e-02
 1.47477e-03  1.21613e-02
 1.59679e-03  1.20718e-02
 1.61335e-03  1.22222e-02
 1.47477e-03  1.21613e-02

 1.98785e-04  1.25250e-02
 1.98785e-04  1.34689e-02
 1.23101e-04  1.33378e-02
 2.74468e-04  1.33378e-02
 1.98785e-04  1.34689e-02

 5.96354e-04  1.25250e-02
 7.52918e-06  1.34302e-02
 1.55683e-05  1.32790e-02
 1.42451e-04  1.33616e-02
 7.52918e-06  1.34302e-02

 9.93924e-04  1.25250e-02
 1.67082e-04  1.33803e-02
 2.03780e-04  1.32334e-02
 3.12607e-04  1.33387e-02
 1.67082e-04  1.33803e-02

 1.39149e-03  1.25250e-02
 2.06517e-04  1.33146e-02
 2.73637e-04  1.31789e-02
 3.57572e-04  1.33049e-02
 2.06517e-04  1.33146e-02

 1.78906e-03  1.25250e-02
 3.36545e-04  1.32355e-02
 4.21046e-04  1.31099e-02
 4.87555e-04  1.32459e-02
 3.36545e-04  1.32355e-02

 2.18663e-03  1.25250e-02
 4.73764e-04  1.31460e-02
 5.71205e-04  1.30302e-02
 6.22798e-04  1.31725e-02
 4.73764e-04  1.31460e-02

 2.58420e-03  1.25250e-02
 6.62447e-04  1.30500e-02
 7.68953e-04  1.29425e-02
 8.08846e-04  1.30885e-02
 6.62447e-04  1.30500e-02

 2.98177e-03  1.25250e-02
 8.84733e-04  1.29506e-02
 9.98147e-04  1.28504e-02
 1.02826e-03  1.29987e-02
 8.84733e-04  1.29506e-02

 3.37934e-03  1.25250e-02
 1.14940e-03  1.28502e-02
 1.26820e-03  1.27564e-02
 1.29004e-03  1.29062e-02
 1.14940e-03  1.28502e-02

 2.00521e-04  1.30950e-02
 2.00521e-04  1.45926e-02
 1.24837e-04  1.44615e-02
 2.76204e-04  1.44615e-02
 2.00521e-04  1.45926e-02

 6.01563e-04  1.30950e-02
-1.93826e-05  1.45638e-02
-3.80480e-05  1.44136e-02
 1.01372e-04  1.44725e-02
-1.93826e-05  1.45638e-02

 1.00260e-03  1.30950e-02
 1.26492e-04  1.44810e-02
 1.32561e-04  1.43297e-02
 2.60509e-04  1.44106e-02
 1.26492e-04  1.44810e-02

 1.40365e-03  1.30950e-02
 1.45559e-04  1.43747e-02
 1.83492e-04  1.42281e-02
 2.91430e-04  1.43342e-02
 1.45559e-04  1.43747e-02

 1.80469e-03  1.30950e-02
 2.61123e-04  1.42405e-02
 3.21289e-04  1.41016e-02
 4.11493e-04  1.42231e-02
 2.61123e-04  1.42405e-02

 2.20573e-03  1.30950e-02
 3.85769e-04  1.40906e-02
 4.64450e-04  1.39613e-02
 5.37096e-04  1.40941e-02
 3.85769e-04  1.40906e-02

 2.60677e-03  1.30950e-02
 5.66647e-04  1.39296e-02
 6.59320e-04  1.38099e-02
 7.16631e-04  1.39500e-02
 5.66647e-04  1.39296e-02

 3.00781e-03  1.30950e-02
 7.84686e-04  1.37640e-02
 8.88404e-04  1.36537e-02
 9.32022e-04  1.37987e-02
 7.84686e-04  1.37640e-02

 3.40885e-03  1.30950e-02
 1.04919e-03  1.35974e-02
 1.16165e-03  1.34961e-02
 1.19317e-03  1.36441e-02
 1.04919e-03  1.35974e-02

 2.02257e-04  1.36650e-02
 2.02257e-04  1.56558e-02
 1.26573e-04  1.55247e-02
 2.77940e-04  1.55247e-02
 2.02257e-04  1.56558e-02

 6.06771e-04  1.36650e-02
 6.36627e-06  1.56414e-02
-2.79461e-05  1.54940e-02
 1.16885e-04  1.55380e-02
 6.36627e-06  1.56414e-02

 1.01128e-03  1.36650e-02
 1.63554e-04  1.55293e-02
 1.48920e-04  1.53787e-02
 2.86711e-04  1.54413e-02
 1.63554e-04  1.55293e-02

 1.41580e-03  1.36650e-02
 1.95630e-04  1.53852e-02
 2.09739e-04  1.52345e-02
 3.33201e-04  1.53221e-02
 1.95630e-04  1.53852e-02

 1.82031e-03  1.36650e-02
 3.22234e-04  1.51980e-02
 3.59725e-04  1.50513e-02
 4.67982e-04  1.51571e-02
 3.22234e-04  1.51980e-02

 2.22483e-03  1.36650e-02
 4.57466e-04  1.49895e-02
 5.16976e-04  1.48504e-02
 6.07753e-04  1.49715e-02
 4.57466e-04  1.49895e-02

 2.62934e-03  1.36650e-02
 6.48552e-04  1.47656e-02
 7.26381e-04  1.46358e-02
 7.99899e-04  1.47681e-02
 6.48552e-04  1.47656e-02

 3.03385e-03  1.36650e-02
 8.76421e-04  1.45365e-02
 9.69620e-04  1.44172e-02
 1.02631e-03  1.45576e-02
 8.76421e-04  1.45365e-02

 3.43837e-03  1.36650e-02
 1.15046e-03  1.43071e-02
 1.25622e-03  1.41988e-02
 1.29712e-03  1.43446e-02
 1.15046e-03  1.43071e-02

 2.03993e-04  1.42350e-02
 2.03993e-04  1.67066e-02
 1.28310e-04  1.65755e-02
 2.79677e-04  1.65755e-02
 2.03993e-04  1.67066e-02

 6.11979e-04  1.42350e-02
 7.15235e-05  1.67044e-02
 2.56166e-05  1.65602e-02
 1.73484e-04  1.65925e-02
 7.15235e-05  1.67044e-02

 1.01997e-03  1.42350e-02
 2.57379e-04  1.65661e-02
 2.26205e-04  1.64179e-02
 3.70069e-04  1.64650e-02
 2.57379e-04  1.65661e-02

 1.42795e-03  1.42350e-02
 3.27514e-04  1.63861e-02
 3.19838e-04  1.62349e-02
 4.54595e-04  1.63038e-02
 3.27514e-04  1.63861e-02

 1.83594e-03  1.42350e-02
 4.83171e-04  1.61478e-02
 4.97070e-04  1.59971e-02
 6.20654e-04  1.60845e-02
 4.83171e-04  1.61478e-02

 2.24392e-03  1.42350e-02
 6.45791e-04  1.58824e-02
 6.82744e-04  1.57356e-02
 7.91389e-04  1.58410e-02
 6.45791e-04  1.58824e-02

 2.65191e-03  1.42350e-02
 8.59120e-04  1.55969e-02
 9.17721e-04  1.54574e-02
 1.00929e-03  1.55779e-02
 8.59120e-04  1.55969e-02

 3.05990e-03  1.42350e-02
 1.10598e-03  1.53054e-02
 1.18458e-03  1.51760e-02
 1.25730e-03  1.53088e-02
 1.10598e-03  1.53054e-02

 3.46788e-03  1.42350e-02
 1.39514e-03  1.50142e-02
 1.49121e-03  1.48973e-02
 1.54447e-03  1.50390e-02
 1.39514e-03  1.50142e-02

 2.05729e-04  1.48050e-02
 2.05729e-04  1.76761e-02
 1.30046e-04  1.75450e-02
 2.81413e-04  1.75450e-02
 2.05729e-04  1.76761e-02

 6.17187e-04  1.48050e-02
 1.69051e-04  1.76836e-02
 1.14432e-04  1.75425e-02
 2.63998e-04  1.75657e-02
 1.69051e-04  1.76836e-02

 1.02865e-03  1.48050e-02
 3.96704e-04  1.75252e-02
 3.52647e-04  1.73804e-02
 5.00088e-04  1.74147e-02
 3.96704e-04  1.75252e-02

 1.44010e-03  1.48050e-02
 5.24864e-04  1.73160e-02
 4.98649e-04  1.71669e-02
 6.40863e-04  1.72187e-02
 5.24864e-04  1.73160e-02

 1.85156e-03  1.48050e-02
 7.23803e-04  1.70351e-02
 7.15422e-04  1.68840e-02
 8.50499e-04  1.69523e-02
 7.23803e-04  1.70351e-02

 2.26302e-03  1.48050e-02
 9.26905e-04  1.67214e-02
 9.39793e-04  1.65706e-02
 1.06396e-03  1.66571e-02
 9.26905e-04  1.67214e-02

 2.67448e-03  1.48050e-02
 1.17231e-03  1.63832e-02
 1.20787e-03  1.62360e-02
 1.31751e-03  1.63404e-02
 1.17231e-03  1.63832e-02

 3.08594e-03  1.48050e-02
 1.44542e-03  1.60379e-02
 1.50475e-03  1.58986e-02
 1.59569e-03  1.60196e-02
 1.44542e-03  1.60379e-02

 3.49740e-03  1.48050e-02
 1.75441e-03  1.56934e-02
 1.83683e-03  1.55664e-02
 1.90557e-03  1.57013e-02
 1.75441e-03  1.56934e-02

 2.07465e-04  1.53750e-02
 2.07465e-04  1.85644e-02
 1.31782e-04  1.84333e-02
 2.83149e-04  1.84333e-02
 2.07465e-04  1.85644e-02

 6.22396e-04  1.53750e-02
 2.89479e-04  1.85787e-02
 2.27751e-04  1.84405e-02
 3.78307e-04  1.84561e-02
 2.89479e-04  1.85787e-02

 1.03733e-03  1.53750e-02
 5.67756e-04  1.84071e-02
 5.13026e-04  1.82660e-02
 6.62610e-04  1.82891e-02
 5.67756e-04  1.84071e-02

 1.45226e-03  1.53750e-02
 7.68071e-04  1.81758e-02
 7.25657e-04  1.80305e-02
 8.72700e-04  1.80664e-02
 7.68071e-04  1.81758e-02

 1.86719e-03  1.53750e-02
 1.02044e-03  1.78625e-02
 9.91037e-04  1.77140e-02
 1.13433e-03  1.77628e-02
 1.02044e-03  1.78625e-02

 2.28212e-03  1.53750e-02
 1.27379e-03  1.75106e-02
 1.26132e-03  1.73597e-02
 1.39819e-03  1.74243e-02
 1.27379e-03  1.75106e-02

 2.69705e-03  1.53750e-02
 1.55832e-03  1.71300e-02
 1.56618e-03  1.69789e-02
 1.69316e-03  1.70613e-02
 1.55832e-03  1.71300e-02

 3.11198e-03  1.53750e-02
 1.86343e-03  1.67409e-02
 1.89601e-03  1.65930e-02
 2.00774e-03  1.66952e-02
 1.86343e-03  1.67409e-02

 3.52691e-03  1.53750e-02
 2.19594e-03  1.63524e-02
 2.25680e-03  1.62138e-02
 2.34640e-03  1.63358e-02
 2.19594e-03  1.63524e-02

 2.09201e-04  1.59450e-02
 2.09201e-04  1.93481e-02
 1.33518e-04  1.92170e-02
 2.84885e-04  1.92170e-02
 2.09201e-04  1.93481e-02

 6.27604e-04  1.59450e-02
 4.25325e-04  1.93664e-02
 3.57510e-04  1.92311e-02
 5.08613e-04  1.92400e-02
 4.25325e-04  1.93664e-02

 1.04601e-03  1.59450e-02
 7.60014e-04  1.91892e-02
 6.96134e-04  1.90520e-02
 8.46917e-04  1.90653e-02
 7.60014e-04  1.91892e-02

 1.46441e-03  1.59450e-02
 1.04254e-03  1.89449e-02
 9.85852e-04  1.88045e-02
 1.13574e-03  1.88256e-02
 1.04254e-03  1.89449e-02

 1.88281e-03  1.59450e-02
 1.35560e-03  1.86110e-02
 1.30679e-03  1.84677e-02
 1.45528e-03  1.84970e-02
 1.35560e-03  1.86110e-02

 2.30122e-03  1.59450e-02
 1.66668e-03  1.82334e-02
 1.62877e-03  1.80869e-02
 1.77464e-03  1.81273e-02
 1.66668e-03  1.82334e-02

 2.71962e-03  1.59450e-02
 1.99633e-03  1.78235e-02
 1.97280e-03  1.76739e-02
 2.11406e-03  1.77283e-02
 1.99633e-03  1.78235e-02

 3.13802e-03  1.59450e-02
 2.33835e-03  1.74030e-02
 2.33503e-03  1.72516e-02
 2.46775e-03  1.73244e-02
 2.33835e-03  1.74030e-02

 3.55642e-03  1.59450e-02
 2.69810e-03  1.69825e-02
 2.72335e-03  1.68332e-02
 2.83997e-03  1.69297e-02
 2.69810e-03  1.69825e-02

 2.10937e-04  1.65150e-02
 2.10937e-04  2.00241e-02
 1.35254e-04  1.98930e-02
 2.86621e-04  1.98930e-02
 2.10938e-04  2.00241e-02

 6.32812e-04  1.65150e-02
 5.69223e-04  2.00440e-02
 4.95914e-04  1.99115e-02
 6.47256e-04  1.99143e-02
 5.69223e-04  2.00440e-02

 1.05469e-03  1.65150e-02
 9.63269e-04  1.98684e-02
 8.91186e-04  1.97353e-02
 1.04250e-03  1.97394e-02
 9.63269e-04  1.98684e-02

 1.47656e-03  1.65150e-02
 1.33398e-03  1.96196e-02
 1.26439e-03  1.94852e-02
 1.41560e-03  1.94921e-02
 1.33398e-03  1.96196e-02

 1.89844e-03  1.65150e-02
 1.71251e-03  1.92773e-02
 1.64580e-03  1.91414e-02
 1.79682e-03  1.91516e-02
 1.71251e-03  1.92773e-02

 2.32031e-03  1.65150e-02
 2.08656e-03  1.88871e-02
 2.02409e-03  1.87493e-02
 2.17473e-03  1.87641e-02
 2.08656e-03  1.88871e-02

 2.74219e-03  1.65150e-02
 2.46594e-03  1.84614e-02
 2.40943e-03  1.83210e-02
 2.55930e-03  1.83423e-02
 2.46594e-03  1.84614e-02

 3.16406e-03  1.65150e-02
 2.84914e-03  1.80228e-02
 2.80185e-03  1.78790e-02
 2.95002e-03  1.79100e-02
 2.84914e-03  1.80228e-02

 3.58594e-03  1.65150e-02
 3.23966e-03  1.75830e-02
 3.20809e-03  1.74349e-02
 3.35208e-03  1.74816e-02
 3.23966e-03  1.75830e-02

 2.12674e-04  1.70850e-02
 2.12674e-04  2.05886e-02
 1.36990e-04  2.04575e-02
 2.88357e-04  2.04575e-02
 2.12674e-04  2.05886e-02

 6.38021e-04  1.70850e-02
 7.14946e-04  2.06079e-02
 6.36418e-04  2.04785e-02
 7.87749e-04  2.04752e-02
 7.14946e-04  2.06079e-02

 1.06337e-03  1.70850e-02
 1.16905e-03  2.04400e-02
 1.08928e-03  2.03114e-02
 1.24057e-03  2.03066e-02
 1.16905e-03  2.04400e-02

 1.48872e-03  1.70850e-02
 1.63049e-03  2.01952e-02
 1.54891e-03  2.00677e-02
 1.70012e-03  2.00608e-02
 1.63049e-03  2.01952e-02

 1.91406e-03  1.70850e-02
 2.07705e-03  1.98562e-02
 1.99380e-03  1.97297e-02
 2.14491e-03  1.97208e-02
 2.07705e-03  1.98562e-02

 2.33941e-03  1.70850e-02
 2.51742e-03  1.94662e-02
 2.43217e-03  1.93411e-02
 2.58312e-03  1.93299e-02
 2.51742e-03  1.94662e-02

 2.76476e-03  1.70850e-02
 2.94996e-03  1.90383e-02
 2.86224e-03  1.89150e-02
 3.01293e-03  1.89007e-02
 2.94996e-03  1.90383e-02

 3.19010e-03  1.70850e-02
 3.37774e-03  1.85953e-02
 3.28647e-03  1.84745e-02
 3.43668e-03  1.84558e-02
 3.37774e-03  1.85953e-02

 3.61545e-03  1.70850e-02
 3.80213e-03  1.81493e-02
 3.70494e-03  1.80332e-02
 3.85403e-03  1.80071e-02
 3.80213e-03  1.81493e-02

 2.14410e-04  1.76550e-02
 2.14410e-04  2.10432e-02
 1.38726e-04  2.09121e-02
 2.90093e-04  2.09121e-02
 2.14410e-04  2.10432e-02

 6.43229e-04  1.76550e-02
 8.56581e-04  2.10600e-02
 7.72848e-04  2.09339e-02
 9.23919e-04  2.09244e-02
 8.56581e-04  2.10600e-02

 1.07205e-03  1.76550e-02
 1.36929e-03  2.09045e-02
 1.28198e-03  2.07809e-02
 1.43272e-03  2.07671e-02
 1.36929e-03  2.09045e-02

 1.50087e-03  1.76550e-02
 1.92055e-03  2.06710e-02
 1.82752e-03  2.05516e-02
 1.97744e-03  2.05307e-02
 1.92055e-03  2.06710e-02

 1.92969e-03  1.76550e-02
 2.43541e-03  2.03458e-02
 2.33682e-03  2.02309e-02
 2.48558e-03  2.02030e-02
 2.43541e-03  2.03458e-02

 2.35851e-03  1.76550e-02
 2.94319e-03  1.99682e-02
 2.83769e-03  1.98596e-02
 2.98444e-03  1.98226e-02
 2.94319e-03  1.99682e-02

 2.78733e-03  1.76550e-02
 3.43068e-03  1.95515e-02
 3.31690e-03  1.94517e-02
 3.46024e-03  1.94030e-02
 3.43068e-03  1.95515e-02

 3.21615e-03  1.76550e-02
 3.90515e-03  1.91176e-02
 3.78081e-03  1.90312e-02
 3.91775e-03  1.89667e-02
 3.90515e-03  1.91176e-02

 3.64497e-03  1.76550e-02
 4.36556e-03  1.86791e-02
 4.22822e-03  1.86154e-02
 4.35201e-03  1.85283e-02
 4.36556e-03  1.86791e-02

 2.16146e-04  1.82250e-02
 2.16146e-04  2.13970e-02
 1.40462e-04  2.12660e-02
 2.91829e-04  2.12660e-02
 2.16146e-04  2.13970e-02

 6.48438e-04  1.82250e-02
 9.89437e-04  2.14092e-02
 9.00225e-04  2.12869e-02
 1.05073e-03  2.12708e-02
 9.89437e-04  2.14092e-02

 1.08073e-03  1.82250e-02
 1.55762e-03  2.12694e-02
 1.46256e-03  2.11516e-02
 1.61210e-03  2.11281e-02
 1.55762e-03  2.12694e-02

 1.51302e-03  1.82250e-02
 2.19481e-03  2.10525e-02
 2.09051e-03  2.09428e-02
 2.23765e-03  2.09074e-02
 2.19481e-03  2.10525e-02

 1.94531e-03  1.82250e-02
 2.77594e-03  2.07499e-02
 2.66308e-03  2.06490e-02
 2.80687e-03  2.06017e-02
 2.77594e-03  2.07499e-02

 2.37760e-03  1.82250e-02
 3.34991e-03  2.03951e-02
 3.22724e-03  2.03065e-02
 3.36538e-03  2.02446e-02
 3.34991e-03  2.03951e-02

 2.80990e-03  1.82250e-02
 3.89202e-03  2.00016e-02
 3.75919e-03  1.99290e-02
 3.88846e-03  1.98503e-02
 3.89202e-03  2.00016e-02

 3.24219e-03  1.82250e-02
 4.41339e-03  1.95895e-02
 4.27058e-03  1.95393e-02
 4.38544e-03  1.94407e-02
 4.41339e-03  1.95895e-02

 3.67448e-03  1.82250e-02
 4.91024e-03  1.91716e-02
 4.76015e-03  1.91519e-02
 4.85220e-03  1.90318e-02
 4.91024e-03  1.91716e-02

 2.17882e-04  1.87950e-02
 2.17882e-04  2.16533e-02
 1.42198e-04  2.15223e-02
 2.93565e-04  2.15223e-02
 2.17882e-04  2.16533e-02

 6.53646e-04  1.87950e-02
 1.10835e-03  2.16590e-02
 1.01305e-03  2.15414e-02
 1.16254e-03  2.15177e-02
 1.10835e-03  2.16590e-02

 1.08941e-03  1.87950e-02
 1.72689e-03  2.15367e-02
 1.62349e-03  2.14262e-02
 1.77092e-03  2.13919e-02
 1.72689e-03  2.15367e-02

 1.52517e-03  1.87950e-02
 2.44253e-03  2.13415e-02
 2.32690e-03  2.12438e-02
 2.46931e-03  2.11925e-02
 2.44253e-03  2.13415e-02

 1.96094e-03  1.87950e-02
 3.08506e-03  2.10691e-02
 2.95913e-03  2.09852e-02
 3.09482e-03  2.09181e-02
 3.08506e-03  2.10691e-02

 2.39670e-03  1.87950e-02
 3.72071e-03  2.07473e-02
 3.58449e-03  2.06812e-02
 3.70977e-03  2.05963e-02
 3.72071e-03  2.07473e-02

 2.83247e-03  1.87950e-02
 4.31435e-03  2.03886e-02
 4.16966e-03  2.03441e-02
 4.28050e-03  2.02411e-02
 4.31435e-03  2.03886e-02

 3.26823e-03  1.87950e-02
 4.87991e-03  2.00112e-02
 4.72968e-03  1.99927e-02
 4.82086e-03  1.98719e-02
 4.87991e-03  2.00112e-02

 3.70399e-03  1.87950e-02
 5.41119e-03  1.96276e-02
 5.26019e-03  1.96382e-02
 5.32654e-03  1.95021e-02
 5.41119e-03  1.96276e-02

 2.19618e-04  1.93650e-02
 2.19618e-04  2.18372e-02
 1.43935e-04  2.17061e-02
 2.95302e-04  2.17061e-02
 2.19618e-04  2.18372e-02

 6.58854e-04  1.93650e-02
 1.21000e-03  2.18333e-02
 1.10757e-03  2.17219e-02
 1.25529e-03  2.16889e-02
 1.21000e-03  2.18333e-02

 1.09809e-03  1.93650e-02
 1.87241e-03  2.17289e-02
 1.75968e-03  2.16279e-02
 1.90353e-03  2.15808e-02
 1.87241e-03  2.17289e-02

 1.53733e-03  1.93650e-02
 2.65608e-03  2.15579e-02
 2.52909e-03  2.14755e-02
 2.66392e-03  2.14067e-02
 2.65608e-03  2.15579e-02

 1.97656e-03  1.93650e-02
 3.35211e-03  2.13210e-02
 3.21479e-03  2.12573e-02
 3.33861e-03  2.11702e-02
 3.35211e-03  2.13210e-02

 2.41580e-03  1.93650e-02
 4.04133e-03  2.10391e-02
 3.89571e-03  2.09978e-02
 4.00431e-03  2.08923e-02
 4.04133e-03  2.10391e-02

 2.85503e-03  1.93650e-02
 4.67961e-03  2.07243e-02
 4.52927e-03  2.07067e-02
 4.61970e-03  2.05853e-02
 4.67961e-03  2.07243e-02

 3.29427e-03  1.93650e-02
 5.28316e-03  2.03920e-02
 5.13196e-03  2.03991e-02
 5.20141e-03  2.02646e-02
 5.28316e-03  2.03920e-02

 3.73351e-03  1.93650e-02
 5.84303e-03  2.00540e-02
 5.69493e-03  2.00852e-02
 5.74192e-03  1.99414e-02
 5.84303e-03  2.00540e-02

 2.21354e-04  1.99350e-02
 2.21354e-04  2.19423e-02
 1.45671e-04  2.18112e-02
 2.97038e-04  2.18112e-02
 2.21354e-04  2.19423e-02

 6.64062e-04  1.99350e-02
 1.28666e-03  2.19272e-02
 1.17532e-03  2.18247e-02
 1.31979e-03  2.17795e-02
 1.28666e-03  2.19272e-02

 1.10677e-03  1.99350e-02
 1.98288e-03  2.18419e-02
 1.85938e-03  2.17544e-02
 1.99693e-03  2.16912e-02
 1.98288e-03  2.18419e-02

 1.54948e-03  1.99350e-02
 2.81793e-03  2.16993e-02
 2.67996e-03  2.16370e-02
 2.80286e-03  2.15486e-02
 2.81793e-03  2.16993e-02

 1.99219e-03  1.99350e-02
 3.55422e-03  2.15048e-02
 3.40811e-03  2.14652e-02
 3.51540e-03  2.13584e-02
 3.55422e-03  2.15048e-02

 2.43490e-03  1.99350e-02
 4.28346e-03  2.12720e-02
 4.13289e-03  2.12565e-02
 4.22160e-03  2.11339e-02
 4.28346e-03  2.12720e-02

 2.87760e-03  1.99350e-02
 4.95451e-03  2.10121e-02
 4.80330e-03  2.10190e-02
 4.87299e-03  2.08846e-02
 4.95451e-03  2.10121e-02

 3.32031e-03  1.99350e-02
 5.58484e-03  2.07375e-02
 5.43600e-03  2.07650e-02
 5.48656e-03  2.06223e-02
 5.58484e-03  2.07375e-02

 3.76302e-03  1.99350e-02
 6.16385e-03  2.04585e-02
 6.01965e-03  2.05045e-02
 6.05190e-03  2.03566e-02
 6.16385e-03  2.04585e-02

 2.23090e-04  2.05050e-02
 2.23090e-04  2.20310e-02
 1.47407e-04  2.18999e-02
 2.98774e-04  2.18999e-02
 2.23090e-04  2.20310e-02

 6.69271e-04  2.05050e-02
 1.33496e-03  2.20003e-02
 1.21250e-03  2.19113e-02
 1.35079e-03  2.18497e-02
 1.33496e-03  2.20003e-02

 1.11545e-03  2.05050e-02
 2.05143e-03  2.19339e-02
 1.91629e-03  2.18657e-02
 2.04291e-03  2.17828e-02
 2.05143e-03  2.19339e-02

 1.56163e-03  2.05050e-02
 2.91652e-03  2.18198e-02
 2.76974e-03  2.17829e-02
 2.87515e-03  2.16742e-02
 2.91652e-03  2.18198e-02

 2.00781e-03  2.05050e-02
 3.67489e-03  2.16694e-02
 3.52409e-03  2.16564e-02
 3.61076e-03  2.15323e-02
 3.67489e-03  2.16694e-02

 2.45399e-03  2.05050e-02
 4.42517e-03  2.14885e-02
 4.27408e-03  2.14977e-02
 4.34166e-03  2.13623e-02
 4.42517e-03  2.14885e-02

 2.90017e-03  2.05050e-02
 5.11157e-03  2.12873e-02
 4.96275e-03  2.13150e-02
 5.01323e-03  2.11723e-02
 5.11157e-03  2.12873e-02

 3.34635e-03  2.05050e-02
 5.75279e-03  2.10750e-02
 5.60778e-03  2.11185e-02
 5.64267e-03  2.09712e-02
 5.75279e-03  2.10750e-02

 3.79253e-03  2.05050e-02
 6.33679e-03  2.08603e-02
 6.19649e-03  2.09171e-02
 6.21743e-03  2.07672e-02
 6.33679e-03  2.08603e-02

 2.24826e-04  2.10750e-02
 2.24826e-04  2.20509e-02
 1.49143e-04  2.19199e-02
 3.00510e-04  2.19199e-02
 2.24826e-04  2.20509e-02

 6.74479e-04  2.10750e-02
 1.33345e-03  2.20107e-02
 1.19609e-03  2.19471e-02
 1.31984e-03  2.18599e-02
 1.33345e-03  2.20107e-02

 1.12413e-03  2.10750e-02
 2.04535e-03  2.19687e-02
 1.89856e-03  2.19317e-02
 2.00396e-03  2.18231e-02
 2.04535e-03  2.19687e-02

 1.57378e-03  2.10750e-02
 2.90521e-03  2.18918e-02
 2.75390e-03  2.18877e-02
 2.83305e-03  2.17587e-02
 2.90521e-03  2.18918e-02

 2.02344e-03  2.10750e-02
 3.65623e-03  2.17947e-02
 3.50575e-03  2.18111e-02
 3.56681e-03  2.16726e-02
 3.65623e-03  2.17947e-02

 2.47309e-03  2.10750e-02
 4.39908e-03  2.16769e-02
 4.25139e-03  2.17100e-02
 4.29654e-03  2.15655e-02
 4.39908e-03  2.16769e-02

 2.92274e-03  2.10750e-02
 5.07662e-03  2.15468e-02
 4.93237e-03  2.15926e-02
 4.96476e-03  2.14448e-02
 5.07662e-03  2.15468e-02

 3.37240e-03  2.10750e-02
 5.70821e-03  2.14097e-02
 5.56772e-03  2.14660e-02
 5.58919e-03  2.13162e-02
 5.70821e-03  2.14097e-02

 3.82205e-03  2.10750e-02
 6.28153e-03  2.12720e-02
 6.14482e-03  2.13370e-02
 6.15691e-03  2.11861e-02
 6.28153e-03  2.12720e-02

 2.26562e-04  2.16450e-02
 2.26562e-04  2.22004e-02
 1.50879e-04  2.20693e-02
 3.02246e-04  2.20693e-02
 2.26563e-04  2.22004e-02

 6.79687e-04  2.16450e-02
 1.27959e-03  2.21456e-02
 1.13045e-03  2.21197e-02
 1.22744e-03  2.20035e-02
 1.27959e-03  2.21456e-02

 1.13281e-03  2.16450e-02
 1.95330e-03  2.21263e-02
 1.80193e-03  2.21253e-02
 1.87852e-03  2.19947e-02
 1.95330e-03  2.21263e-02

 1.58594e-03  2.16450e-02
 2.76728e-03  2.20773e-02
 2.61817e-03  2.21033e-02
 2.67018e-03  2.19612e-02
 2.76728e-03  2.20773e-02

 2.03906e-03  2.16450e-02
 3.47705e-03  2.20227e-02
 3.33103e-03  2.20626e-02
 3.36949e-03  2.19162e-02
 3.47705e-03  2.20227e-02

 2.49219e-03  2.16450e-02
 4.18046e-03  2.19537e-02
 4.03790e-03  2.20045e-02
 4.06512e-03  2.18556e-02
 4.18046e-03  2.19537e-02

 2.94531e-03  2.16450e-02
 4.82204e-03  2.18791e-02
 4.68259e-03  2.19379e-02
 4.70132e-03  2.17877e-02
 4.82204e-03  2.18791e-02

 3.39844e-03  2.16450e-02
 5.42146e-03  2.18004e-02
 5.28496e-03  2.18659e-02
 5.29655e-03  2.17149e-02
 5.42146e-03  2.18004e-02

 3.85156e-03  2.16450e-02
 5.96692e-03  2.17224e-02
 5.83315e-03  2.17932e-02
 5.83868e-03  2.16420e-02
 5.96692e-03  2.17224e-02

 2.28299e-04  2.22150e-02
 2.28299e-04  2.22150e-02
 3.59386e-04  2.21393e-02
 3.59386e-04  2.22907e-02
 2.28299e-04  2.22150e-02

 6.84896e-04  2.22150e-02
 1.07333e-03  2.22150e-02
 9.42246e-04  2.22907e-02
 9.42246e-04  2.21393e-02
 1.07333e-03  2.22150e-02

 1.14149e-03  2.22150e-02
 1.65641e-03  2.22150e-02
 1.52532e-03  2.22907e-02
 1.52532e-03  2.21393e-02
 1.65641e-03  2.22150e-02

 1.59809e-03  2.22150e-02
 2.33640e-03  2.22150e-02
 2.20531e-03  2.22907e-02
 2.20531e-03  2.21393e-02
 2.33640e-03  2.22150e-02

 2.05469e-03  2.22150e-02
 2.94624e-03  2.22150e-02
 2.81515e-03  2.22907e-02
 2.81515e-03  2.21393e-02
 2.94624e-03  2.22150e-02

 2.51128e-03  2.22150e-02
 3.55390e-03  2.22150e-02
 3.42281e-03  2.22907e-02
 3.42281e-03  2.21393e-02
 3.55390e-03  2.22150e-02

 2.96788e-03  2.22150e-02
 4.12100e-03  2.22150e-02
 3.98991e-03  2.22907e-02
 3.98991e-03  2.21393e-02
 4.12100e-03  2.22150e-02

 3.42448e-03  2.22150e-02
 4.66175e-03  2.22150e-02
 4.53066e-03  2.22907e-02
 4.53066e-03  2.21393e-02
 4.66175e-03  2.22150e-02

 3.88108e-03  2.22150e-02
 5.16838e-03  2.22150e-02
 5.03729e-03  2.22907e-02
 5.03729e-03  2.21393e-02
 5.16838e-03  2.22150e-02

 3.76510e-03  1.13850e-02
 2.57755e-03  1.13850e-02
 2.70864e-03  1.13093e-02
 2.70864e-03  1.14607e-02
 2.57755e-03  1.13850e-02

 4.26406e-03  1.13850e-02
 3.03504e-03  1.13850e-02
 3.16613e-03  1.13093e-02
 3.16613e-03  1.14607e-02
 3.03504e-03  1.13850e-02

 4.76302e-03  1.13850e-02
 3.52181e-03  1.13850e-02
 3.65290e-03  1.13093e-02
 3.65290e-03  1.14607e-02
 3.52181e-03  1.13850e-02

 5.26198e-03  1.13850e-02
 4.03750e-03  1.13850e-02
 4.16858e-03  1.13093e-02
 4.16858e-03  1.14607e-02
 4.03750e-03  1.13850e-02

 5.76094e-03  1.13850e-02
 4.58073e-03  1.13850e-02
 4.71182e-03  1.13093e-02
 4.71182e-03  1.14607e-02
 4.58073e-03  1.13850e-02

 6.25990e-03  1.13850e-02
 5.14985e-03  1.13850e-02
 5.28093e-03  1.13093e-02
 5.28093e-03  1.14607e-02
 5.14985e-03  1.13850e-02

 6.75885e-03  1.13850e-02
 5.74243e-03  1.13850e-02
 5.87351e-03  1.13093e-02
 5.87351e-03  1.14607e-02
 5.74243e-03  1.13850e-02

 7.25781e-03  1.13850e-02
 6.35461e-03  1.13850e-02
 6.48569e-03  1.13093e-02
 6.48569e-03  1.14607e-02
 6.35461e-03  1.13850e-02

 7.75677e-03  1.13850e-02
 6.98306e-03  1.13850e-02
 7.11415e-03  1.13093e-02
 7.11415e-03  1.14607e-02
 6.98306e-03  1.13850e-02

 8.25573e-03  1.13850e-02
 7.62007e-03  1.13850e-02
 7.75116e-03  1.13093e-02
 7.75116e-03  1.14607e-02
 7.62007e-03  1.13850e-02

 8.75469e-03  1.13850e-02
 8.26390e-03  1.13850e-02
 8.39499e-03  1.13093e-02
 8.39499e-03  1.14607e-02
 8.26390e-03  1.13850e-02

 9.25365e-03  1.13850e-02
 8.89894e-03  1.13850e-02
 9.03003e-03  1.13093e-02
 9.03003e-03  1.14607e-02
 8.89894e-03  1.13850e-02

 9.75260e-03  1.13850e-02
 9.53629e-03  1.13850e-02
 9.66738e-03  1.13093e-02
 9.66738e-03  1.14607e-02
 9.53629e-03  1.13850e-02

 1.02516e-02  1.13850e-02
 1.01298e-02  1.13850e-02
 1.02609e-02  1.13093e-02
 1.02609e-02  1.14607e-02
 1.01298e-02  1.13850e-02

 1.07505e-02  1.13850e-02
 1.07505e-02  1.13850e-02
 1.06194e-02  1.14607e-02
 1.06194e-02  1.13093e-02
 1.07505e-02  1.13850e-02

 3.79531e-03  1.19550e-02
 1.82383e-03  1.21010e-02
 1.94898e-03  1.20158e-02
 1.96015e-03  1.21668e-02
 1.82383e-03  1.21010e-02

 4.29219e-03  1.19550e-02
 2.26258e-03  1.20330e-02
 2.39067e-03  1.19523e-02
 2.39648e-03  1.21036e-02
 2.26258e-03  1.20330e-02

 4.78906e-03  1.19550e-02
 2.75000e-03  1.19661e-02
 2.88067e-03  1.18897e-02
 2.88150e-03  1.20411e-02
 2.75000e-03  1.19661e-02

 5.28594e-03  1.19550e-02
 3.28419e-03  1.19013e-02
 3.41726e-03  1.18291e-02
 3.41320e-03  1.19805e-02
 3.28419e-03  1.19013e-02

 5.78281e-03  1.19550e-02
 3.86257e-03  1.18398e-02
 3.99796e-03  1.17721e-02
 3.98889e-03  1.19232e-02
 3.86257e-03  1.18398e-02

 6.27969e-03  1.19550e-02
 4.48190e-03  1.17832e-02
 4.61960e-03  1.17203e-02
 4.60519e-03  1.18710e-02
 4.48190e-03  1.17832e-02

 6.77656e-03  1.19550e-02
 5.13802e-03  1.17333e-02
 5.27807e-03  1.16759e-02
 5.25777e-03  1.18259e-02
 5.13802e-03  1.17333e-02

 7.27344e-03  1.19550e-02
 5.82463e-03  1.16923e-02
 5.96711e-03  1.16413e-02
 5.94011e-03  1.17902e-02
 5.82463e-03  1.16923e-02

 7.77031e-03  1.19550e-02
 6.53607e-03  1.16623e-02
 6.68108e-03  1.16189e-02
 6.64615e-03  1.17662e-02
 6.53607e-03  1.16623e-02

 8.26719e-03  1.19550e-02
 7.26067e-03  1.16454e-02
 7.40822e-03  1.16116e-02
 7.36372e-03  1.17563e-02
 7.26067e-03  1.16454e-02

 8.76406e-03  1.19550e-02
 7.99436e-03  1.16427e-02
 8.14429e-03  1.16218e-02
 8.08738e-03  1.17621e-02
 7.99436e-03  1.16427e-02

 9.26094e-03  1.19550e-02
 8.71350e-03  1.16561e-02
 8.86482e-03  1.16525e-02
 8.79229e-03  1.17854e-02
 8.71350e-03  1.16561e-02

 9.75781e-03  1.19550e-02
 9.43101e-03  1.16837e-02
 9.58022e-03  1.17092e-02
 9.48354e-03  1.18257e-02
 9.43101e-03  1.16837e-02

 1.02547e-02  1.19550e-02
 1.00808e-02  1.17309e-02
 1.02209e-02  1.17880e-02
 1.01014e-02  1.18808e-02
 1.00808e-02  1.17309e-02

 1.07516e-02  1.19550e-02
 1.07516e-02  1.18036e-02
 1.08272e-02  1.19347e-02
 1.06759e-02  1.19347e-02
 1.07516e-02  1.18036e-02

 3.82552e-03  1.25250e-02
 1.49053e-03  1.27376e-02
 1.61422e-03  1.26504e-02
 1.62795e-03  1.28011e-02
 1.49053e-03  1.27376e-02

 4.32031e-03  1.25250e-02
 1.92758e-03  1.26148e-02
 2.05573e-03  1.25343e-02
 2.06141e-03  1.26856e-02
 1.92758e-03  1.26148e-02

 4.81510e-03  1.25250e-02
 2.42139e-03  1.24956e-02
 2.55339e-03  1.24216e-02
 2.55154e-03  1.25729e-02
 2.42139e-03  1.24956e-02

 5.30990e-03  1.25250e-02
 2.96901e-03  1.23816e-02
 3.10448e-03  1.23141e-02
 3.09522e-03  1.24651e-02
 2.96901e-03  1.23816e-02

 5.80469e-03  1.25250e-02
 3.56680e-03  1.22746e-02
 3.70549e-03  1.22139e-02
 3.68866e-03  1.23644e-02
 3.56680e-03  1.22746e-02

 6.29948e-03  1.25250e-02
 4.21031e-03  1.21771e-02
 4.35205e-03  1.21240e-02
 4.32719e-03  1.22733e-02
 4.21031e-03  1.21771e-02

 6.79427e-03  1.25250e-02
 4.89462e-03  1.20922e-02
 5.03924e-03  1.20476e-02
 5.00562e-03  1.21952e-02
 4.89462e-03  1.20922e-02

 7.28906e-03  1.25250e-02
 5.61237e-03  1.20234e-02
 5.75965e-03  1.19884e-02
 5.71627e-03  1.21335e-02
 5.61237e-03  1.20234e-02

 7.78385e-03  1.25250e-02
 6.35722e-03  1.19741e-02
 6.50677e-03  1.19508e-02
 6.45225e-03  1.20920e-02
 6.35722e-03  1.19741e-02

 8.27865e-03  1.25250e-02
 7.11637e-03  1.19482e-02
 7.26744e-03  1.19387e-02
 7.20016e-03  1.20743e-02
 7.11637e-03  1.19482e-02

 8.77344e-03  1.25250e-02
 7.88506e-03  1.19485e-02
 8.03623e-03  1.19564e-02
 7.95383e-03  1.20833e-02
 7.88506e-03  1.19485e-02

 9.26823e-03  1.25250e-02
 8.63759e-03  1.19781e-02
 8.78621e-03  1.20068e-02
 8.68703e-03  1.21211e-02
 8.63759e-03  1.19781e-02

 9.76302e-03  1.25250e-02
 9.38643e-03  1.20376e-02
 9.52647e-03  1.20951e-02
 9.40669e-03  1.21876e-02
 9.38643e-03  1.20376e-02

 1.02578e-02  1.25250e-02
 1.00587e-02  1.21322e-02
 1.01855e-02  1.22149e-02
 1.00505e-02  1.22833e-02
 1.00587e-02  1.21322e-02

 1.07526e-02  1.25250e-02
 1.07526e-02  1.22751e-02
 1.08283e-02  1.24062e-02
 1.06769e-02  1.24062e-02
 1.07526e-02  1.22751e-02

 3.85573e-03  1.30950e-02
 1.39132e-03  1.34138e-02
 1.51162e-03  1.33219e-02
 1.53104e-03  1.34720e-02
 1.39132e-03  1.34138e-02

 4.34844e-03  1.30950e-02
 1.83022e-03  1.32162e-02
 1.95752e-03  1.31343e-02
 1.96479e-03  1.32855e-02
 1.83022e-03  1.32162e-02

 4.84115e-03  1.30950e-02
 2.32830e-03  1.30257e-02
 2.46143e-03  1.29536e-02
 2.45725e-03  1.31050e-02
 2.32830e-03  1.30257e-02

 5.33385e-03  1.30950e-02
 2.88171e-03  1.28447e-02
 3.01981e-03  1.27827e-02
 3.00443e-03  1.29333e-02
 2.88171e-03  1.28447e-02

 5.82656e-03  1.30950e-02
 3.48635e-03  1.26760e-02
 3.62873e-03  1.26246e-02
 3.60205e-03  1.27736e-02
 3.48635e-03  1.26760e-02

 6.31927e-03  1.30950e-02
 4.13739e-03  1.25232e-02
 4.28338e-03  1.24832e-02
 4.24501e-03  1.26296e-02
 4.13739e-03  1.25232e-02

 6.81198e-03  1.30950e-02
 4.82968e-03  1.23907e-02
 4.97854e-03  1.23633e-02
 4.92786e-03  1.25059e-02
 4.82968e-03  1.23907e-02

 7.30469e-03  1.30950e-02
 5.55579e-03  1.22836e-02
 5.70656e-03  1.22701e-02
 5.64285e-03  1.24074e-02
 5.55579e-03  1.22836e-02

 7.79740e-03  1.30950e-02
 6.30938e-03  1.22074e-02
 6.46073e-03  1.22095e-02
 6.38319e-03  1.23395e-02
 6.30938e-03  1.22074e-02

 8.29010e-03  1.30950e-02
 7.07781e-03  1.21676e-02
 7.22791e-03  1.21871e-02
 7.13594e-03  1.23073e-02
 7.07781e-03  1.21676e-02

 8.78281e-03  1.30950e-02
 7.85630e-03  1.21692e-02
 8.00252e-03  1.22084e-02
 7.89553e-03  1.23154e-02
 7.85630e-03  1.21692e-02

 9.27552e-03  1.30950e-02
 8.61846e-03  1.22174e-02
 8.75761e-03  1.22770e-02
 8.63644e-03  1.23677e-02
 8.61846e-03  1.22174e-02

 9.76823e-03  1.30950e-02
 9.37638e-03  1.23149e-02
 9.50285e-03  1.23981e-02
 9.36759e-03  1.24660e-02
 9.37638e-03  1.23149e-02

 1.02609e-02  1.30950e-02
 1.00552e-02  1.24673e-02
 1.01679e-02  1.25683e-02
 1.00241e-02  1.26154e-02
 1.00552e-02  1.24673e-02

 1.07536e-02  1.30950e-02
 1.07536e-02  1.27009e-02
 1.08293e-02  1.28320e-02
 1.06780e-02  1.28320e-02
 1.07536e-02  1.27009e-02

 3.88594e-03  1.36650e-02
 1.50002e-03  1.40579e-02
 1.61706e-03  1.39619e-02
 1.64166e-03  1.41113e-02
 1.50002e-03  1.40579e-02

 4.37656e-03  1.36650e-02
 1.94258e-03  1.37934e-02
 2.06950e-03  1.37109e-02
 2.07747e-03  1.38621e-02
 1.94258e-03  1.37934e-02

 4.86719e-03  1.36650e-02
 2.44138e-03  1.35403e-02
 2.57618e-03  1.34714e-02
 2.56841e-03  1.36226e-02
 2.44138e-03  1.35403e-02

 5.35781e-03  1.36650e-02
 2.99248e-03  1.33013e-02
 3.13354e-03  1.32464e-02
 3.11054e-03  1.33960e-02
 2.99248e-03  1.33013e-02

 5.84844e-03  1.36650e-02
 3.59163e-03  1.30797e-02
 3.73752e-03  1.30394e-02
 3.69952e-03  1.31859e-02
 3.59163e-03  1.30797e-02

 6.33906e-03  1.36650e-02
 4.23415e-03  1.28799e-02
 4.38343e-03  1.28548e-02
 4.33053e-03  1.29966e-02
 4.23415e-03  1.28799e-02

 6.82969e-03  1.36650e-02
 4.91535e-03  1.27070e-02
 5.06645e-03  1.26980e-02
 4.99871e-03  1.28333e-02
 4.91535e-03  1.27070e-02

 7.32031e-03  1.36650e-02
 5.62841e-03  1.25674e-02
 5.77957e-03  1.25753e-02
 5.69719e-03  1.27023e-02
 5.62841e-03  1.25674e-02

 7.81094e-03  1.36650e-02
 6.36788e-03  1.24683e-02
 6.51710e-03  1.24937e-02
 6.42047e-03  1.26102e-02
 6.36788e-03  1.24683e-02

 8.30156e-03  1.36650e-02
 7.12219e-03  1.24168e-02
 7.26723e-03  1.24601e-02
 7.15721e-03  1.25641e-02
 7.12219e-03  1.24168e-02

 8.79219e-03  1.36650e-02
 7.88732e-03  1.24205e-02
 8.02562e-03  1.24821e-02
 7.90319e-03  1.25711e-02
 7.88732e-03  1.24205e-02

 9.28281e-03  1.36650e-02
 8.63800e-03  1.24862e-02
 8.76731e-03  1.25649e-02
 8.63451e-03  1.26376e-02
 8.63800e-03  1.24862e-02

 9.77344e-03  1.36650e-02
 9.38664e-03  1.26202e-02
 9.50313e-03  1.27168e-02
 9.36118e-03  1.27694e-02
 9.38664e-03  1.26202e-02

 1.02641e-02  1.36650e-02
 1.00590e-02  1.28276e-02
 1.01637e-02  1.29369e-02
 1.00167e-02  1.29729e-02
 1.00590e-02  1.28276e-02

 1.07547e-02  1.36650e-02
 1.07547e-02  1.31444e-02
 1.08304e-02  1.32755e-02
 1.06790e-02  1.32755e-02
 1.07547e-02  1.31444e-02

 3.91615e-03  1.42350e-02
 1.75508e-03  1.47012e-02
 1.86726e-03  1.45996e-02
 1.89918e-03  1.47476e-02
 1.75508e-03  1.47012e-02

 4.40469e-03  1.42350e-02
 2.20041e-03  1.43723e-02
 2.32653e-03  1.42886e-02
 2.33595e-03  1.44397e-02
 2.20041e-03  1.43723e-02

 4.89323e-03  1.42350e-02
 2.69591e-03  1.40589e-02
 2.83263e-03  1.39939e-02
 2.82053e-03  1.41448e-02
 2.69591e-03  1.40589e-02

 5.38177e-03  1.42350e-02
 3.23781e-03  1.37642e-02
 3.38208e-03  1.37183e-02
 3.34961e-03  1.38662e-02
 3.23781e-03  1.37642e-02

 5.87031e-03  1.42350e-02
 3.82232e-03  1.34917e-02
 3.97136e-03  1.34653e-02
 3.91972e-03  1.36076e-02
 3.82232e-03  1.34917e-02

 6.35885e-03  1.42350e-02
 4.44527e-03  1.32464e-02
 4.59647e-03  1.32393e-02
 4.52700e-03  1.33738e-02
 4.44527e-03  1.32464e-02

 6.84740e-03  1.42350e-02
 5.10259e-03  1.30343e-02
 5.25348e-03  1.30462e-02
 5.16767e-03  1.31709e-02
 5.10259e-03  1.30343e-02

 7.33594e-03  1.42350e-02
 5.78874e-03  1.28626e-02
 5.93703e-03  1.28929e-02
 5.83658e-03  1.30062e-02
 5.78874e-03  1.28626e-02

 7.82448e-03  1.42350e-02
 6.49926e-03  1.27399e-02
 6.64285e-03  1.27878e-02
 6.52957e-03  1.28882e-02
 6.49926e-03  1.27399e-02

 8.31302e-03  1.42350e-02
 7.22424e-03  1.26752e-02
 7.36133e-03  1.27393e-02
 7.23721e-03  1.28260e-02
 7.22424e-03  1.26752e-02

 8.80156e-03  1.42350e-02
 7.96095e-03  1.26784e-02
 8.08983e-03  1.27578e-02
 7.95664e-03  1.28297e-02
 7.96095e-03  1.26784e-02

 9.29010e-03  1.42350e-02
 8.68647e-03  1.27582e-02
 8.80612e-03  1.28509e-02
 8.66601e-03  1.29082e-02
 8.68647e-03  1.27582e-02

 9.77865e-03  1.42350e-02
 9.41338e-03  1.29245e-02
 9.52148e-03  1.30304e-02
 9.37567e-03  1.30711e-02
 9.41338e-03  1.29245e-02

 1.02672e-02  1.42350e-02
 1.00715e-02  1.31822e-02
 1.01699e-02  1.32973e-02
 1.00210e-02  1.33250e-02
 1.00715e-02  1.31822e-02

 1.07557e-02  1.42350e-02
 1.07557e-02  1.35817e-02
 1.08314e-02  1.37128e-02
 1.06800e-02  1.37128e-02
 1.07557e-02  1.35817e-02

 3.94635e-03  1.48050e-02
 2.12715e-03  1.53265e-02
 2.23231e-03  1.52176e-02
 2.27402e-03  1.53631e-02
 2.12715e-03  1.53265e-02

 4.43281e-03  1.48050e-02
 2.57524e-03  1.49443e-02
 2.70030e-03  1.48590e-02
 2.71162e-03  1.50100e-02
 2.57524e-03  1.49443e-02

 4.91927e-03  1.48050e-02
 3.06503e-03  1.45814e-02
 3.20423e-03  1.45219e-02
 3.18611e-03  1.46722e-02
 3.06503e-03  1.45814e-02

 5.40573e-03  1.48050e-02
 3.59341e-03  1.42410e-02
 3.74107e-03  1.42077e-02
 3.69609e-03  1.43522e-02
 3.59341e-03  1.42410e-02

 5.89219e-03  1.48050e-02
 4.15714e-03  1.39271e-02
 4.30828e-03  1.39187e-02
 4.23994e-03  1.40538e-02
 4.15714e-03  1.39271e-02

 6.37865e-03  1.48050e-02
 4.75274e-03  1.36446e-02
 4.90340e-03  1.36592e-02
 4.81547e-03  1.37824e-02
 4.75274e-03  1.36446e-02

 6.86510e-03  1.48050e-02
 5.37702e-03  1.34000e-02
 5.52429e-03  1.34350e-02
 5.42037e-03  1.35450e-02
 5.37702e-03  1.34000e-02

 7.35156e-03  1.48050e-02
 6.02566e-03  1.32013e-02
 6.16752e-03  1.32541e-02
 6.05086e-03  1.33506e-02
 6.02566e-03  1.32013e-02

 7.83802e-03  1.48050e-02
 6.69558e-03  1.30581e-02
 6.83067e-03  1.31264e-02
 6.70399e-03  1.32093e-02
 6.69558e-03  1.30581e-02

 8.32448e-03  1.48050e-02
 7.37889e-03  1.29809e-02
 7.50641e-03  1.30624e-02
 7.37203e-03  1.31321e-02
 7.37889e-03  1.29809e-02

 8.81094e-03  1.48050e-02
 8.07430e-03  1.29815e-02
 8.19358e-03  1.30747e-02
 8.05323e-03  1.31314e-02
 8.07430e-03  1.29815e-02

 9.29740e-03  1.48050e-02
 8.76268e-03  1.30706e-02
 8.87363e-03  1.31735e-02
 8.72898e-03  1.32181e-02
 8.76268e-03  1.30706e-02

 9.78385e-03  1.48050e-02
 9.45624e-03  1.32622e-02
 9.55750e-03  1.33747e-02
 9.40943e-03  1.34061e-02
 9.45624e-03  1.32622e-02

 1.02703e-02  1.48050e-02
 1.00920e-02  1.35612e-02
 1.01855e-02  1.36802e-02
 1.00356e-02  1.37017e-02
 1.00920e-02  1.35612e-02

 1.07568e-02  1.48050e-02
 1.07568e-02  1.40326e-02
 1.08325e-02  1.41637e-02
 1.06811e-02  1.41637e-02
 1.07568e-02  1.40326e-02

 3.97656e-03  1.53750e-02
 2.58353e-03  1.59416e-02
 2.67644e-03  1.58221e-02
 2.73348e-03  1.59624e-02
 2.58353e-03  1.59416e-02

 4.46094e-03  1.53750e-02
 3.03499e-03  1.55168e-02
 3.15794e-03  1.54285e-02
 3.17292e-03  1.55792e-02
 3.03499e-03  1.55168e-02

 4.94531e-03  1.53750e-02
 3.51838e-03  1.51141e-02
 3.66094e-03  1.50632e-02
 3.63371e-03  1.52121e-02
 3.51838e-03  1.51141e-02

 5.42969e-03  1.53750e-02
 4.03121e-03  1.47371e-02
 4.18188e-03  1.47226e-02
 4.11906e-03  1.48603e-02
 4.03121e-03  1.47371e-02

 5.91406e-03  1.53750e-02
 4.57106e-03  1.43898e-02
 4.72152e-03  1.44063e-02
 4.63199e-03  1.45283e-02
 4.57106e-03  1.43898e-02

 6.39844e-03  1.53750e-02
 5.13513e-03  1.40773e-02
 5.28080e-03  1.41184e-02
 5.17234e-03  1.42240e-02
 5.13513e-03  1.40773e-02

 6.88281e-03  1.53750e-02
 5.72107e-03  1.38062e-02
 5.85991e-03  1.38665e-02
 5.73826e-03  1.39566e-02
 5.72107e-03  1.38062e-02

 7.36719e-03  1.53750e-02
 6.32586e-03  1.35851e-02
 6.45720e-03  1.36603e-02
 6.32636e-03  1.37365e-02
 6.32586e-03  1.35851e-02

 7.85156e-03  1.53750e-02
 6.94752e-03  1.34241e-02
 7.07131e-03  1.35112e-02
 6.93397e-03  1.35749e-02
 6.94752e-03  1.34241e-02

 8.33594e-03  1.53750e-02
 7.58071e-03  1.33345e-02
 7.69719e-03  1.34312e-02
 7.55524e-03  1.34837e-02
 7.58071e-03  1.33345e-02

 8.82031e-03  1.53750e-02
 8.22535e-03  1.33303e-02
 8.33464e-03  1.34350e-02
 8.18930e-03  1.34773e-02
 8.22535e-03  1.33303e-02

 9.30469e-03  1.53750e-02
 8.86695e-03  1.34234e-02
 8.96949e-03  1.35348e-02
 8.82179e-03  1.35679e-02
 8.86695e-03  1.34234e-02

 9.78906e-03  1.53750e-02
 9.51673e-03  1.36322e-02
 9.61175e-03  1.37501e-02
 9.46219e-03  1.37734e-02
 9.51673e-03  1.36322e-02

 1.02734e-02  1.53750e-02
 1.01226e-02  1.39619e-02
 1.02117e-02  1.40842e-02
 1.00612e-02  1.41003e-02
 1.01226e-02  1.39619e-02

 1.07578e-02  1.53750e-02
 1.07578e-02  1.44946e-02
 1.08335e-02  1.46257e-02
 1.06821e-02  1.46257e-02
 1.07578e-02  1.44946e-02

 4.00677e-03  1.59450e-02
 3.10341e-03  1.65406e-02
 3.17120e-03  1.64052e-02
 3.25451e-03  1.65316e-02
 3.10341e-03  1.65406e-02

 4.48906e-03  1.59450e-02
 3.55982e-03  1.60863e-02
 3.67804e-03  1.59918e-02
 3.70080e-03  1.61414e-02
 3.55982e-03  1.60863e-02

 4.97135e-03  1.59450e-02
 4.03765e-03  1.56562e-02
 4.18525e-03  1.56226e-02
 4.14051e-03  1.57672e-02
 4.03765e-03  1.56562e-02

 5.45365e-03  1.59450e-02
 4.53500e-03  1.52540e-02
 4.68525e-03  1.52723e-02
 4.59427e-03  1.53933e-02
 4.53500e-03  1.52540e-02

 5.93594e-03  1.59450e-02
 5.05006e-03  1.48840e-02
 5.19217e-03  1.49361e-02
 5.07598e-03  1.50331e-02
 5.05006e-03  1.48840e-02

 6.41823e-03  1.59450e-02
 5.58087e-03  1.45512e-02
 5.71325e-03  1.46246e-02
 5.58350e-03  1.47026e-02
 5.58087e-03  1.45512e-02

 6.90052e-03  1.59450e-02
 6.12560e-03  1.42623e-02
 6.24918e-03  1.43497e-02
 6.11169e-03  1.44131e-02
 6.12560e-03  1.42623e-02

 7.38281e-03  1.59450e-02
 6.68253e-03  1.40256e-02
 6.79856e-03  1.41228e-02
 6.65636e-03  1.41747e-02
 6.68253e-03  1.40256e-02

 7.86510e-03  1.59450e-02
 7.25071e-03  1.38516e-02
 7.36024e-03  1.39561e-02
 7.21500e-03  1.39987e-02
 7.25071e-03  1.38516e-02

 8.34740e-03  1.59450e-02
 7.82726e-03  1.37520e-02
 7.93115e-03  1.38621e-02
 7.78387e-03  1.38970e-02
 7.82726e-03  1.37520e-02

 8.82969e-03  1.59450e-02
 8.41322e-03  1.37420e-02
 8.51194e-03  1.38568e-02
 8.36321e-03  1.38849e-02
 8.41322e-03  1.37420e-02

 9.31198e-03  1.59450e-02
 8.99959e-03  1.38346e-02
 9.09365e-03  1.39532e-02
 8.94392e-03  1.39754e-02
 8.99959e-03  1.38346e-02

 9.79427e-03  1.59450e-02
 9.59564e-03  1.40523e-02
 9.68459e-03  1.41748e-02
 9.53405e-03  1.41906e-02
 9.59564e-03  1.40523e-02

 1.02766e-02  1.59450e-02
 1.01638e-02  1.44007e-02
 1.02488e-02  1.45259e-02
 1.00979e-02  1.45369e-02
 1.01638e-02  1.44007e-02

 1.07589e-02  1.59450e-02
 1.07589e-02  1.49788e-02
 1.08345e-02  1.51099e-02
 1.06832e-02  1.51099e-02
 1.07589e-02  1.49788e-02

 4.03698e-03  1.65150e-02
 3.66530e-03  1.71230e-02
 3.66910e-03  1.69717e-02
 3.79824e-03  1.70506e-02
 3.66530e-03  1.71230e-02

 4.51719e-03  1.65150e-02
 4.12901e-03  1.66526e-02
 4.22727e-03  1.65375e-02
 4.27786e-03  1.66802e-02
 4.12901e-03  1.66526e-02

 4.99740e-03  1.65150e-02
 4.60298e-03  1.62075e-02
 4.75289e-03  1.62284e-02
 4.65983e-03  1.63478e-02
 4.60298e-03  1.62075e-02

 5.47760e-03  1.65150e-02
 5.08606e-03  1.57919e-02
 5.21503e-03  1.58711e-02
 5.08192e-03  1.59432e-02
 5.08606e-03  1.57919e-02

 5.95781e-03  1.65150e-02
 5.57692e-03  1.54101e-02
 5.69119e-03  1.55094e-02
 5.54809e-03  1.55587e-02
 5.57692e-03  1.54101e-02

 6.43802e-03  1.65150e-02
 6.07420e-03  1.50671e-02
 6.17954e-03  1.51758e-02
 6.03274e-03  1.52127e-02
 6.07420e-03  1.50671e-02

 6.91823e-03  1.65150e-02
 6.57683e-03  1.47694e-02
 6.67627e-03  1.48835e-02
 6.52771e-03  1.49125e-02
 6.57683e-03  1.47694e-02

 7.39844e-03  1.65150e-02
 7.08398e-03  1.45248e-02
 7.17919e-03  1.46424e-02
 7.02968e-03  1.46660e-02
 7.08398e-03  1.45248e-02

 7.87865e-03  1.65150e-02
 7.59570e-03  1.43436e-02
 7.68768e-03  1.44639e-02
 7.53759e-03  1.44834e-02
 7.59570e-03  1.43436e-02

 8.35885e-03  1.65150e-02
 8.11155e-03  1.42375e-02
 8.20094e-03  1.43596e-02
 8.05046e-03  1.43759e-02
 8.11155e-03  1.42375e-02

 8.83906e-03  1.65150e-02
 8.63331e-03  1.42221e-02
 8.72041e-03  1.43459e-02
 8.56964e-03  1.43594e-02
 8.63331e-03  1.42221e-02

 9.31927e-03  1.65150e-02
 9.15801e-03  1.43108e-02
 9.24306e-03  1.44360e-02
 9.09210e-03  1.44471e-02
 9.15801e-03  1.43108e-02

 9.79948e-03  1.65150e-02
 9.69199e-03  1.45295e-02
 9.77465e-03  1.46563e-02
 9.62351e-03  1.46645e-02
 9.69199e-03  1.45295e-02

 1.02797e-02  1.65150e-02
 1.02157e-02  1.48845e-02
 1.02964e-02  1.50125e-02
 1.01452e-02  1.50184e-02
 1.02157e-02  1.48845e-02

 1.07599e-02  1.65150e-02
 1.07599e-02  1.54899e-02
 1.08356e-02  1.56210e-02
 1.06842e-02  1.56210e-02
 1.07599e-02  1.54899e-02

 4.06719e-03  1.70850e-02
 4.25074e-03  1.76849e-02
 4.14002e-03  1.75817e-02
 4.28476e-03  1.75374e-02
 4.25074e-03  1.76849e-02

 4.54531e-03  1.70850e-02
 4.72403e-03  1.72125e-02
 4.57336e-03  1.71980e-02
 4.66126e-03  1.70747e-02
 4.72403e-03  1.72125e-02

 5.02344e-03  1.70850e-02
 5.19613e-03  1.67656e-02
 5.20036e-03  1.69169e-02
 5.06721e-03  1.68449e-02
 5.19613e-03  1.67656e-02

 5.50156e-03  1.70850e-02
 5.66645e-03  1.63491e-02
 5.71164e-03  1.64936e-02
 5.56394e-03  1.64605e-02
 5.66645e-03  1.63491e-02

 5.97969e-03  1.70850e-02
 6.13420e-03  1.59675e-02
 6.19122e-03  1.61077e-02
 6.04128e-03  1.60869e-02
 6.13420e-03  1.59675e-02

 6.45781e-03  1.70850e-02
 6.59858e-03  1.56254e-02
 6.66133e-03  1.57632e-02
 6.51067e-03  1.57487e-02
 6.59858e-03  1.56254e-02

 6.93594e-03  1.70850e-02
 7.05909e-03  1.53291e-02
 7.12542e-03  1.54652e-02
 6.97442e-03  1.54546e-02
 7.05909e-03  1.53291e-02

 7.41406e-03  1.70850e-02
 7.51594e-03  1.50857e-02
 7.58485e-03  1.52205e-02
 7.43368e-03  1.52128e-02
 7.51594e-03  1.50857e-02

 7.89219e-03  1.70850e-02
 7.96991e-03  1.49049e-02
 8.04087e-03  1.50386e-02
 7.88960e-03  1.50332e-02
 7.96991e-03  1.49049e-02

 8.37031e-03  1.70850e-02
 8.42300e-03  1.47971e-02
 8.49565e-03  1.49299e-02
 8.34432e-03  1.49264e-02
 8.42300e-03  1.47971e-02

 8.84844e-03  1.70850e-02
 8.87735e-03  1.47782e-02
 8.95139e-03  1.49102e-02
 8.80003e-03  1.49083e-02
 8.87735e-03  1.47782e-02

 9.32656e-03  1.70850e-02
 9.33631e-03  1.48611e-02
 9.41142e-03  1.49925e-02
 9.26005e-03  1.49919e-02
 9.33631e-03  1.48611e-02

 9.80469e-03  1.70850e-02
 9.80227e-03  1.50741e-02
 9.87811e-03  1.52051e-02
 9.72675e-03  1.52053e-02
 9.80227e-03  1.50741e-02

 1.02828e-02  1.70850e-02
 1.02762e-02  1.54237e-02
 1.03524e-02  1.55545e-02
 1.02010e-02  1.55551e-02
 1.02762e-02  1.54237e-02

 1.07609e-02  1.70850e-02
 1.07609e-02  1.60353e-02
 1.08366e-02  1.61664e-02
 1.06853e-02  1.61664e-02
 1.07609e-02  1.60353e-02

 4.09740e-03  1.76550e-02
 4.83887e-03  1.82244e-02
 4.68880e-03  1.82046e-02
 4.78099e-03  1.80845e-02
 4.83887e-03  1.82244e-02

 4.57344e-03  1.76550e-02
 5.32333e-03  1.77641e-02
 5.18271e-03  1.78201e-02
 5.20451e-03  1.76703e-02
 5.32333e-03  1.77641e-02

 5.04948e-03  1.76550e-02
 5.79504e-03  1.73292e-02
 5.70523e-03  1.74510e-02
 5.64462e-03  1.73123e-02
 5.79504e-03  1.73292e-02

 5.52552e-03  1.76550e-02
 6.25388e-03  1.69248e-02
 6.21488e-03  1.70711e-02
 6.10772e-03  1.69642e-02
 6.25388e-03  1.69248e-02

 6.00156e-03  1.76550e-02
 6.69956e-03  1.65557e-02
 6.69319e-03  1.67069e-02
 6.56540e-03  1.66258e-02
 6.69956e-03  1.65557e-02

 6.47760e-03  1.76550e-02
 7.13193e-03  1.62262e-02
 7.14615e-03  1.63769e-02
 7.00853e-03  1.63139e-02
 7.13193e-03  1.62262e-02

 6.95365e-03  1.76550e-02
 7.55107e-03  1.59421e-02
 7.57936e-03  1.60908e-02
 7.43644e-03  1.60409e-02
 7.55107e-03  1.59421e-02

 7.42969e-03  1.76550e-02
 7.95828e-03  1.57093e-02
 7.99695e-03  1.58556e-02
 7.85088e-03  1.58159e-02
 7.95828e-03  1.57093e-02

 7.90573e-03  1.76550e-02
 8.35505e-03  1.55364e-02
 8.40189e-03  1.56803e-02
 8.25381e-03  1.56489e-02
 8.35505e-03  1.55364e-02

 8.38177e-03  1.76550e-02
 8.74569e-03  1.54328e-02
 8.79919e-03  1.55744e-02
 8.64981e-03  1.55499e-02
 8.74569e-03  1.54328e-02

 8.85781e-03  1.76550e-02
 9.13239e-03  1.54133e-02
 9.19158e-03  1.55526e-02
 9.04133e-03  1.55342e-02
 9.13239e-03  1.54133e-02

 9.33385e-03  1.76550e-02
 9.52474e-03  1.54899e-02
 9.58862e-03  1.56272e-02
 9.43784e-03  1.56139e-02
 9.52474e-03  1.54899e-02

 9.80990e-03  1.76550e-02
 9.92042e-03  1.56915e-02
 9.98861e-03  1.58267e-02
 9.83749e-03  1.58182e-02
 9.92042e-03  1.56915e-02

 1.02859e-02  1.76550e-02
 1.03421e-02  1.60249e-02
 1.04133e-02  1.61585e-02
 1.02620e-02  1.61533e-02
 1.03421e-02  1.60249e-02

 1.07620e-02  1.76550e-02
 1.07620e-02  1.66202e-02
 1.08377e-02  1.67513e-02
 1.06863e-02  1.67513e-02
 1.07620e-02  1.66202e-02

 4.12760e-03  1.82250e-02
 5.40832e-03  1.87402e-02
 5.25846e-03  1.87615e-02
 5.31495e-03  1.86210e-02
 5.40832e-03  1.87402e-02

 4.60156e-03  1.82250e-02
 5.90408e-03  1.83060e-02
 5.76854e-03  1.83734e-02
 5.77794e-03  1.82223e-02
 5.90408e-03  1.83060e-02

 5.07552e-03  1.82250e-02
 6.37554e-03  1.78965e-02
 6.26699e-03  1.80020e-02
 6.22990e-03  1.78552e-02
 6.37554e-03  1.78965e-02

 5.54948e-03  1.82250e-02
 6.82316e-03  1.75172e-02
 6.74533e-03  1.76470e-02
 6.67181e-03  1.75147e-02
 6.82316e-03  1.75172e-02

 6.02344e-03  1.82250e-02
 7.24724e-03  1.71728e-02
 7.19718e-03  1.73157e-02
 7.09850e-03  1.72009e-02
 7.24724e-03  1.71728e-02

 6.49740e-03  1.82250e-02
 7.64831e-03  1.68675e-02
 7.62127e-03  1.70165e-02
 7.50581e-03  1.69186e-02
 7.64831e-03  1.68675e-02

 6.97135e-03  1.82250e-02
 8.02721e-03  1.66058e-02
 8.01901e-03  1.67570e-02
 7.89222e-03  1.66743e-02
 8.02721e-03  1.66058e-02

 7.44531e-03  1.82250e-02
 8.38659e-03  1.63929e-02
 8.39400e-03  1.65440e-02
 8.25937e-03  1.64749e-02
 8.38659e-03  1.63929e-02

 7.91927e-03  1.82250e-02
 8.72840e-03  1.62357e-02
 8.74912e-03  1.63857e-02
 8.60891e-03  1.63286e-02
 8.72840e-03  1.62357e-02

 8.39323e-03  1.82250e-02
 9.05944e-03  1.61422e-02
 9.09159e-03  1.62901e-02
 8.94742e-03  1.62440e-02
 9.05944e-03  1.61422e-02

 8.86719e-03  1.82250e-02
 9.38158e-03  1.61254e-02
 9.42389e-03  1.62707e-02
 9.27688e-03  1.62347e-02
 9.38158e-03  1.61254e-02

 9.34115e-03  1.82250e-02
 9.71017e-03  1.61961e-02
 9.76118e-03  1.63386e-02
 9.61225e-03  1.63115e-02
 9.71017e-03  1.61961e-02

 9.81510e-03  1.82250e-02
 1.00378e-02  1.63818e-02
 1.00972e-02  1.65210e-02
 9.94696e-03  1.65029e-02
 1.00378e-02  1.63818e-02

 1.02891e-02  1.82250e-02
 1.04084e-02  1.66895e-02
 1.04737e-02  1.68260e-02
 1.03228e-02  1.68143e-02
 1.04084e-02  1.66895e-02

 1.07630e-02  1.82250e-02
 1.07630e-02  1.72459e-02
 1.08387e-02  1.73770e-02
 1.06873e-02  1.73770e-02
 1.07630e-02  1.72459e-02

 4.15781e-03  1.87950e-02
 5.93183e-03  1.92336e-02
 5.78641e-03  1.92756e-02
 5.82274e-03  1.91286e-02
 5.93183e-03  1.92336e-02

 4.62969e-03  1.87950e-02
 6.43678e-03  1.88398e-02
 6.30386e-03  1.89122e-02
 6.30761e-03  1.87609e-02
 6.43678e-03  1.88398e-02

 5.10156e-03  1.87950e-02
 6.90661e-03  1.84696e-02
 6.79103e-03  1.85674e-02
 6.76418e-03  1.84184e-02
 6.90661e-03  1.84696e-02

 5.57344e-03  1.87950e-02
 7.34224e-03  1.81287e-02
 7.24624e-03  1.82457e-02
 7.19288e-03  1.81041e-02
 7.34224e-03  1.81287e-02

 6.04531e-03  1.87950e-02
 7.74463e-03  1.78213e-02
 7.66852e-03  1.79522e-02
 7.59327e-03  1.78208e-02
 7.74463e-03  1.78213e-02

 6.51719e-03  1.87950e-02
 8.11532e-03  1.75511e-02
 8.05836e-03  1.76914e-02
 7.96539e-03  1.75719e-02
 8.11532e-03  1.75511e-02

 6.98906e-03  1.87950e-02
 8.45619e-03  1.73217e-02
 8.41731e-03  1.74680e-02
 8.31006e-03  1.73612e-02
 8.45619e-03  1.73217e-02

 7.46094e-03  1.87950e-02
 8.77102e-03  1.71370e-02
 8.74913e-03  1.72868e-02
 8.63036e-03  1.71929e-02
 8.77102e-03  1.71370e-02

 7.93281e-03  1.87950e-02
 9.06284e-03  1.70024e-02
 9.05696e-03  1.71536e-02
 8.92891e-03  1.70729e-02
 9.06284e-03  1.70024e-02

 8.40469e-03  1.87950e-02
 9.34014e-03  1.69238e-02
 9.34921e-03  1.70749e-02
 9.21382e-03  1.70072e-02
 9.34014e-03  1.69238e-02

 8.87656e-03  1.87950e-02
 9.60483e-03  1.69125e-02
 9.62811e-03  1.70621e-02
 9.48694e-03  1.70075e-02
 9.60483e-03  1.69125e-02

 9.34844e-03  1.87950e-02
 9.87695e-03  1.69778e-02
 9.91301e-03  1.71248e-02
 9.76767e-03  1.70825e-02
 9.87695e-03  1.69778e-02

 9.82031e-03  1.87950e-02
 1.01442e-02  1.71440e-02
 1.01933e-02  1.72872e-02
 1.00447e-02  1.72580e-02
 1.01442e-02  1.71440e-02

 1.02922e-02  1.87950e-02
 1.04691e-02  1.74180e-02
 1.05275e-02  1.75577e-02
 1.03773e-02  1.75384e-02
 1.04691e-02  1.74180e-02

 1.07641e-02  1.87950e-02
 1.07641e-02  1.79136e-02
 1.08397e-02  1.80447e-02
 1.06884e-02  1.80447e-02
 1.07641e-02  1.79136e-02

 4.18802e-03  1.93650e-02
 6.38057e-03  1.97093e-02
 6.23933e-03  1.97637e-02
 6.26281e-03  1.96142e-02
 6.38057e-03  1.97093e-02

 4.65781e-03  1.93650e-02
 6.88987e-03  1.93678e-02
 6.75869e-03  1.94433e-02
 6.75888e-03  1.92920e-02
 6.88987e-03  1.93678e-02

 5.12760e-03  1.93650e-02
 7.35444e-03  1.90486e-02
 7.23530e-03  1.91420e-02
 7.21401e-03  1.89921e-02
 7.35444e-03  1.90486e-02

 5.59740e-03  1.93650e-02
 7.77579e-03  1.87568e-02
 7.66989e-03  1.88650e-02
 7.62918e-03  1.87192e-02
 7.77579e-03  1.87568e-02

 6.06719e-03  1.93650e-02
 8.15590e-03  1.84963e-02
 8.06393e-03  1.86165e-02
 8.00580e-03  1.84768e-02
 8.15590e-03  1.84963e-02

 6.53698e-03  1.93650e-02
 8.49748e-03  1.82699e-02
 8.41995e-03  1.83999e-02
 8.34613e-03  1.82677e-02
 8.49748e-03  1.82699e-02

 7.00677e-03  1.93650e-02
 8.80350e-03  1.80800e-02
 8.74090e-03  1.82179e-02
 8.65284e-03  1.80947e-02
 8.80350e-03  1.80800e-02

 7.47656e-03  1.93650e-02
 9.07931e-03  1.79294e-02
 9.03216e-03  1.80732e-02
 8.93117e-03  1.79604e-02
 9.07931e-03  1.79294e-02

 7.94635e-03  1.93650e-02
 9.32856e-03  1.78216e-02
 9.29749e-03  1.79697e-02
 9.18473e-03  1.78687e-02
 9.32856e-03  1.78216e-02

 8.41615e-03  1.93650e-02
 9.56169e-03  1.77612e-02
 9.54709e-03  1.79119e-02
 9.42391e-03  1.78239e-02
 9.56169e-03  1.77612e-02

 8.88594e-03  1.93650e-02
 9.78021e-03  1.77570e-02
 9.78264e-03  1.79084e-02
 9.65036e-03  1.78348e-02
 9.78021e-03  1.77570e-02

 9.35573e-03  1.93650e-02
 1.00077e-02  1.78169e-02
 1.00265e-02  1.79671e-02
 9.88702e-03  1.79083e-02
 1.00077e-02  1.78169e-02

 9.82552e-03  1.93650e-02
 1.02278e-02  1.79605e-02
 1.02645e-02  1.81074e-02
 1.01190e-02  1.80657e-02
 1.02278e-02  1.79605e-02

 1.02953e-02  1.93650e-02
 1.05169e-02  1.81952e-02
 1.05668e-02  1.83381e-02
 1.04181e-02  1.83099e-02
 1.05169e-02  1.81952e-02

 1.07651e-02  1.93650e-02
 1.07651e-02  1.86134e-02
 1.08408e-02  1.87445e-02
 1.06894e-02  1.87445e-02
 1.07651e-02  1.86134e-02

 4.21823e-03  1.99350e-02
 6.70973e-03  2.01765e-02
 6.57195e-03  2.02392e-02
 6.58655e-03  2.00885e-02
 6.70973e-03  2.01765e-02

 4.68594e-03  1.99350e-02
 7.21657e-03  1.99003e-02
 7.08653e-03  1.99778e-02
 7.08445e-03  1.98264e-02
 7.21657e-03  1.99003e-02

 5.15365e-03  1.99350e-02
 7.67141e-03  1.96440e-02
 7.54988e-03  1.97343e-02
 7.53250e-03  1.95839e-02
 7.67141e-03  1.96440e-02

 5.62135e-03  1.99350e-02
 8.07660e-03  1.94121e-02
 7.96415e-03  1.95134e-02
 7.93262e-03  1.93654e-02
 8.07660e-03  1.94121e-02

 6.08906e-03  1.99350e-02
 8.43533e-03  1.92075e-02
 8.33253e-03  1.93186e-02
 8.28770e-03  1.91740e-02
 8.43533e-03  1.92075e-02

 6.55677e-03  1.99350e-02
 8.75152e-03  1.90319e-02
 8.65909e-03  1.91518e-02
 8.60149e-03  1.90118e-02
 8.75152e-03  1.90319e-02

 7.02448e-03  1.99350e-02
 9.02956e-03  1.88871e-02
 8.94844e-03  1.90149e-02
 8.87833e-03  1.88807e-02
 9.02956e-03  1.88871e-02

 7.49219e-03  1.99350e-02
 9.27567e-03  1.87741e-02
 9.20709e-03  1.89090e-02
 9.12452e-03  1.87822e-02
 9.27567e-03  1.87741e-02

 7.95990e-03  1.99350e-02
 9.49468e-03  1.86954e-02
 9.44026e-03  1.88366e-02
 9.34515e-03  1.87189e-02
 9.49468e-03  1.86954e-02

 8.42760e-03  1.99350e-02
 9.69780e-03  1.86541e-02
 9.65924e-03  1.88005e-02
 9.55176e-03  1.86939e-02
 9.69780e-03  1.86541e-02

 8.89531e-03  1.99350e-02
 9.88654e-03  1.86567e-02
 9.86602e-03  1.88067e-02
 9.74640e-03  1.87139e-02
 9.88654e-03  1.86567e-02

 9.36302e-03  1.99350e-02
 1.00863e-02  1.87099e-02
 1.00849e-02  1.88613e-02
 9.95452e-03  1.87843e-02
 1.00863e-02  1.87099e-02

 9.83073e-03  1.99350e-02
 1.02783e-02  1.88278e-02
 1.02994e-02  1.89777e-02
 1.01590e-02  1.89210e-02
 1.02783e-02  1.88278e-02

 1.02984e-02  1.99350e-02
 1.05462e-02  1.90184e-02
 1.05851e-02  1.91647e-02
 1.04390e-02  1.91252e-02
 1.05462e-02  1.90184e-02

 1.07661e-02  1.99350e-02
 1.07661e-02  1.93444e-02
 1.08418e-02  1.94754e-02
 1.06905e-02  1.94754e-02
 1.07661e-02  1.93444e-02

 4.24844e-03  2.05050e-02
 6.87904e-03  2.06459e-02
 6.74409e-03  2.07145e-02
 6.75219e-03  2.05633e-02
 6.87904e-03  2.06459e-02

 4.71406e-03  2.05050e-02
 7.37434e-03  2.04391e-02
 7.24516e-03  2.05180e-02
 7.24141e-03  2.03667e-02
 7.37434e-03  2.04391e-02

 5.17969e-03  2.05050e-02
 7.81408e-03  2.02493e-02
 7.69092e-03  2.03373e-02
 7.67629e-03  2.01866e-02
 7.81408e-03  2.02493e-02

 5.64531e-03  2.05050e-02
 8.20160e-03  2.00797e-02
 8.08471e-03  2.01758e-02
 8.05987e-03  2.00265e-02
 8.20160e-03  2.00797e-02

 6.11094e-03  2.05050e-02
 8.54136e-03  1.99322e-02
 8.43113e-03  2.00359e-02
 8.39641e-03  1.98886e-02
 8.54136e-03  1.99322e-02

 6.57656e-03  2.05050e-02
 8.83859e-03  1.98078e-02
 8.73561e-03  1.99188e-02
 8.69103e-03  1.97741e-02
 8.83859e-03  1.98078e-02

 7.04219e-03  2.05050e-02
 9.09843e-03  1.97071e-02
 9.00360e-03  1.98250e-02
 8.94884e-03  1.96839e-02
 9.09843e-03  1.97071e-02

 7.50781e-03  2.05050e-02
 9.32830e-03  1.96303e-02
 9.24293e-03  1.97552e-02
 9.17737e-03  1.96188e-02
 9.32830e-03  1.96303e-02

 7.97344e-03  2.05050e-02
 9.53312e-03  1.95786e-02
 9.45906e-03  1.97106e-02
 9.38177e-03  1.95805e-02
 9.53312e-03  1.95786e-02

 8.43906e-03  2.05050e-02
 9.72462e-03  1.95544e-02
 9.66422e-03  1.96932e-02
 9.57422e-03  1.95715e-02
 9.72462e-03  1.95544e-02

 8.90469e-03  2.05050e-02
 9.90416e-03  1.95617e-02
 9.86078e-03  1.97067e-02
 9.75688e-03  1.95966e-02
 9.90416e-03  1.95617e-02

 9.37031e-03  2.05050e-02
 1.00972e-02  1.96063e-02
 1.00736e-02  1.97559e-02
 9.95588e-03  1.96607e-02
 1.00972e-02  1.96063e-02

 9.83594e-03  2.05050e-02
 1.02843e-02  1.96968e-02
 1.02869e-02  1.98481e-02
 1.01546e-02  1.97747e-02
 1.02843e-02  1.96968e-02

 1.03016e-02  2.05050e-02
 1.05491e-02  1.98418e-02
 1.05741e-02  1.99911e-02
 1.04323e-02  1.99382e-02
 1.05491e-02  1.98418e-02

 1.07672e-02  2.05050e-02
 1.07672e-02  2.00752e-02
 1.08429e-02  2.02063e-02
 1.06915e-02  2.02063e-02
 1.07672e-02  2.00752e-02

 4.27865e-03  2.10750e-02
 6.80905e-03  2.11366e-02
 6.67616e-03  2.12091e-02
 6.67984e-03  2.10578e-02
 6.80905e-03  2.11366e-02

 4.74219e-03  2.10750e-02
 7.28720e-03  2.10082e-02
 7.15814e-03  2.10873e-02
 7.15417e-03  2.09360e-02
 7.28720e-03  2.10082e-02

 5.20573e-03  2.10750e-02
 7.71184e-03  2.08918e-02
 7.58661e-03  2.09769e-02
 7.57558e-03  2.08259e-02
 7.71184e-03  2.08918e-02

 5.66927e-03  2.10750e-02
 8.08713e-03  2.07894e-02
 7.96582e-03  2.08800e-02
 7.94807e-03  2.07297e-02
 8.08713e-03  2.07894e-02

 6.13281e-03  2.10750e-02
 8.41838e-03  2.07018e-02
 8.30120e-03  2.07976e-02
 8.27681e-03  2.06482e-02
 8.41838e-03  2.07018e-02

 6.59635e-03  2.10750e-02
 8.71140e-03  2.06292e-02
 8.59874e-03  2.07303e-02
 8.56753e-03  2.05822e-02
 8.71140e-03  2.06292e-02

 7.05990e-03  2.10750e-02
 8.97189e-03  2.05715e-02
 8.86440e-03  2.06781e-02
 8.82585e-03  2.05317e-02
 8.97189e-03  2.05715e-02

 7.52344e-03  2.10750e-02
 9.20709e-03  2.05286e-02
 9.10577e-03  2.06410e-02
 9.05904e-03  2.04971e-02
 9.20709e-03  2.05286e-02

 7.98698e-03  2.10750e-02
 9.42186e-03  2.05008e-02
 9.32827e-03  2.06198e-02
 9.27204e-03  2.04793e-02
 9.42186e-03  2.05008e-02

 8.45052e-03  2.10750e-02
 9.62710e-03  2.04897e-02
 9.54344e-03  2.06159e-02
 9.47602e-03  2.04803e-02
 9.62710e-03  2.04897e-02

 8.91406e-03  2.10750e-02
 9.82393e-03  2.04976e-02
 9.75380e-03  2.06317e-02
 9.67269e-03  2.05039e-02
 9.82393e-03  2.04976e-02

 9.37760e-03  2.10750e-02
 1.00357e-02  2.05293e-02
 9.98314e-03  2.06712e-02
 9.88652e-03  2.05547e-02
 1.00357e-02  2.05293e-02

 9.84115e-03  2.10750e-02
 1.02447e-02  2.05886e-02
 1.02192e-02  2.07378e-02
 1.01027e-02  2.06412e-02
 1.02447e-02  2.05886e-02

 1.03047e-02  2.10750e-02
 1.05275e-02  2.06846e-02
 1.05282e-02  2.08360e-02
 1.03968e-02  2.07610e-02
 1.05275e-02  2.06846e-02

 1.07682e-02  2.10750e-02
 1.07682e-02  2.08210e-02
 1.08439e-02  2.09521e-02
 1.06925e-02  2.09521e-02
 1.07682e-02  2.08210e-02

 4.30885e-03  2.16450e-02
 6.46848e-03  2.16473e-02
 6.33732e-03  2.17228e-02
 6.33747e-03  2.15714e-02
 6.46848e-03  2.16473e-02

 4.77031e-03  2.16450e-02
 6.92510e-03  2.15780e-02
 6.79643e-03  2.16577e-02
 6.79172e-03  2.15064e-02
 6.92510e-03  2.15780e-02

 5.23177e-03  2.16450e-02
 7.33676e-03  2.15162e-02
 7.21053e-03  2.15997e-02
 7.20129e-03  2.14487e-02
 7.33676e-03  2.15162e-02

 5.69323e-03  2.16450e-02
 7.70815e-03  2.14628e-02
 7.58441e-03  2.15500e-02
 7.57078e-03  2.13992e-02
 7.70815e-03  2.14628e-02

 6.15469e-03  2.16450e-02
 8.04466e-03  2.14180e-02
 7.92353e-03  2.15087e-02
 7.90548e-03  2.13585e-02
 8.04466e-03  2.14180e-02

 6.61615e-03  2.16450e-02
 8.35179e-03  2.13816e-02
 8.23355e-03  2.14761e-02
 8.21084e-03  2.13264e-02
 8.35179e-03  2.13816e-02

 7.07760e-03  2.16450e-02
 8.63479e-03  2.13534e-02
 8.51988e-03  2.14519e-02
 8.49201e-03  2.13031e-02
 8.63479e-03  2.13534e-02

 7.53906e-03  2.16450e-02
 8.89978e-03  2.13331e-02
 8.78891e-03  2.14362e-02
 8.75509e-03  2.12887e-02
 8.89978e-03  2.13331e-02

 8.00052e-03  2.16450e-02
 9.15068e-03  2.13208e-02
 9.04504e-03  2.14292e-02
 9.00398e-03  2.12835e-02
 9.15068e-03  2.13208e-02

 8.46198e-03  2.16450e-02
 9.39637e-03  2.13173e-02
 9.29771e-03  2.14321e-02
 9.24762e-03  2.12893e-02
 9.39637e-03  2.13173e-02

 8.92344e-03  2.16450e-02
 9.63727e-03  2.13235e-02
 9.54883e-03  2.14463e-02
 9.48666e-03  2.13083e-02
 9.63727e-03  2.13235e-02

 9.38490e-03  2.16450e-02
 9.89353e-03  2.13428e-02
 9.81949e-03  2.14748e-02
 9.74218e-03  2.13447e-02
 9.89353e-03  2.13428e-02

 9.84635e-03  2.16450e-02
 1.01503e-02  2.13753e-02
 1.01025e-02  2.15190e-02
 1.00020e-02  2.14057e-02
 1.01503e-02  2.13753e-02

 1.03078e-02  2.16450e-02
 1.04717e-02  2.14303e-02
 1.04523e-02  2.15804e-02
 1.03320e-02  2.14886e-02
 1.04717e-02  2.14303e-02

 1.07693e-02  2.16450e-02
 1.07693e-02  2.14993e-02
 1.08450e-02  2.16304e-02
 1.06936e-02  2.16304e-02
 1.07693e-02  2.14993e-02

 4.33906e-03  2.22150e-02
 5.64574e-03  2.22150e-02
 5.51465e-03  2.22907e-02
 5.51465e-03  2.21393e-02
 5.64574e-03  2.22150e-02

 4.79844e-03  2.22150e-02
 6.09527e-03  2.22150e-02
 5.96419e-03  2.22907e-02
 5.96419e-03  2.21393e-02
 6.09527e-03  2.22150e-02

 5.25781e-03  2.22150e-02
 6.51809e-03  2.22150e-02
 6.38701e-03  2.22907e-02
 6.38701e-03  2.21393e-02
 6.51809e-03  2.22150e-02

 5.71719e-03  2.22150e-02
 6.91760e-03  2.22150e-02
 6.78652e-03  2.22907e-02
 6.78652e-03  2.21393e-02
 6.91760e-03  2.22150e-02

 6.17656e-03  2.22150e-02
 7.29721e-03  2.22150e-02
 7.16612e-03  2.22907e-02
 7.16612e-03  2.21393e-02
 7.29721e-03  2.22150e-02

 6.63594e-03  2.22150e-02
 7.66054e-03  2.22150e-02
 7.52945e-03  2.22907e-02
 7.52945e-03  2.21393e-02
 7.66054e-03  2.22150e-02

 7.09531e-03  2.22150e-02
 8.01078e-03  2.22150e-02
 7.87969e-03  2.22907e-02
 7.87969e-03  2.21393e-02
 8.01078e-03  2.22150e-02

 7.55469e-03  2.22150e-02
 8.35156e-03  2.22150e-02
 8.22047e-03  2.22907e-02
 8.22047e-03  2.21393e-02
 8.35156e-03  2.22150e-02

 8.01406e-03  2.22150e-02
 8.68518e-03  2.22150e-02
 8.55409e-03  2.22907e-02
 8.55409e-03  2.21393e-02
 8.68518e-03  2.22150e-02

 8.47344e-03  2.22150e-02
 9.01687e-03  2.22150e-02
 8.88578e-03  2.22907e-02
 8.88578e-03  2.21393e-02
 9.01687e-03  2.22150e-02

 8.93281e-03  2.22150e-02
 9.34651e-03  2.22150e-02
 9.21543e-03  2.22907e-02
 9.21543e-03  2.21393e-02
 9.34651e-03  2.22150e-02

 9.39219e-03  2.22150e-02
 9.68643e-03  2.22150e-02
 9.55534e-03  2.22907e-02
 9.55534e-03  2.21393e-02
 9.68643e-03  2.22150e-02

 9.85156e-03  2.22150e-02
 1.00264e-02  2.22150e-02
 9.89536e-03  2.22907e-02
 9.89536e-03  2.21393e-02
 1.00264e-02  2.22150e-02

 1.03109e-02  2.22150e-02
 1.04069e-02  2.22150e-02
 1.02758e-02  2.22907e-02
 1.02758e-02  2.21393e-02
 1.04069e-02  2.22150e-02

 1.07703e-02  2.22150e-02
 1.07703e-02  2.22150e-02
 1.09014e-02  2.21393e-02
 1.09014e-02  2.22907e-02
 1.07703e-02  2.22150e-02

