#[ Fluid velocity 2D plot data file: flw.dat ]
 1.95313e-04  1.13850e-02
 1.95313e-04  1.13850e-02
 1.19629e-04  1.12539e-02
 2.70996e-04  1.12539e-02
 1.95313e-04  1.13850e-02

 5.85937e-04  1.13850e-02
 4.51251e-04  1.13850e-02
 5.82339e-04  1.13093e-02
 5.82339e-04  1.14607e-02
 4.51251e-04  1.13850e-02

 9.76562e-04  1.13850e-02
 8.01158e-04  1.13850e-02
 9.32246e-04  1.13093e-02
 9.32246e-04  1.14607e-02
 8.01158e-04  1.13850e-02

 1.36719e-03  1.13850e-02
 1.11011e-03  1.13850e-02
 1.24119e-03  1.13093e-02
 1.24119e-03  1.14607e-02
 1.11011e-03  1.13850e-02

 1.75781e-03  1.13850e-02
 1.44155e-03  1.13850e-02
 1.57264e-03  1.13093e-02
 1.57264e-03  1.14607e-02
 1.44155e-03  1.13850e-02

 2.14844e-03  1.13850e-02
 1.76798e-03  1.13850e-02
 1.89906e-03  1.13093e-02
 1.89906e-03  1.14607e-02
 1.76798e-03  1.13850e-02

 2.53906e-03  1.13850e-02
 2.10219e-03  1.13850e-02
 2.23327e-03  1.13093e-02
 2.23327e-03  1.14607e-02
 2.10219e-03  1.13850e-02

 2.92969e-03  1.13850e-02
 2.43955e-03  1.13850e-02
 2.57064e-03  1.13093e-02
 2.57064e-03  1.14607e-02
 2.43955e-03  1.13850e-02

 3.32031e-03  1.13850e-02
 2.78388e-03  1.13850e-02
 2.91497e-03  1.13093e-02
 2.91497e-03  1.14607e-02
 2.78388e-03  1.13850e-02

 1.97049e-04  1.19550e-02
 1.97049e-04  1.21929e-02
 1.21365e-04  1.20618e-02
 2.72732e-04  1.20618e-02
 1.97049e-04  1.21929e-02

 5.91146e-04  1.19550e-02
 3.81684e-04  1.21719e-02
 4.18289e-04  1.20251e-02
 5.27183e-04  1.21302e-02
 3.81684e-04  1.21719e-02

 9.85243e-04  1.19550e-02
 7.02694e-04  1.21689e-02
 7.61520e-04  1.20295e-02
 8.52890e-04  1.21501e-02
 7.02694e-04  1.21689e-02

 1.37934e-03  1.19550e-02
 9.65639e-04  1.21598e-02
 1.04954e-03  1.20338e-02
 1.11670e-03  1.21695e-02
 9.65639e-04  1.21598e-02

 1.77344e-03  1.19550e-02
 1.26222e-03  1.21517e-02
 1.35739e-03  1.20340e-02
 1.41174e-03  1.21752e-02
 1.26222e-03  1.21517e-02

 2.16753e-03  1.19550e-02
 1.55369e-03  1.21410e-02
 1.65719e-03  1.20306e-02
 1.70109e-03  1.21755e-02
 1.55369e-03  1.21410e-02

 2.56163e-03  1.19550e-02
 1.85921e-03  1.21291e-02
 1.96825e-03  1.20241e-02
 2.00466e-03  1.21710e-02
 1.85921e-03  1.21291e-02

 2.95573e-03  1.19550e-02
 2.17248e-03  1.21133e-02
 2.28598e-03  1.20131e-02
 2.31596e-03  1.21615e-02
 2.17248e-03  1.21133e-02

 3.34983e-03  1.19550e-02
 2.49831e-03  1.20907e-02
 2.61586e-03  1.19953e-02
 2.63967e-03  1.21448e-02
 2.49831e-03  1.20907e-02

 1.98785e-04  1.25250e-02
 1.98785e-04  1.29111e-02
 1.23101e-04  1.27800e-02
 2.74468e-04  1.27800e-02
 1.98785e-04  1.29111e-02

 5.96354e-04  1.25250e-02
 3.50686e-04  1.28968e-02
 3.59807e-04  1.27457e-02
 4.86096e-04  1.28292e-02
 3.50686e-04  1.28968e-02

 9.93924e-04  1.25250e-02
 6.53863e-04  1.28863e-02
 6.88602e-04  1.27389e-02
 7.98821e-04  1.28427e-02
 6.53863e-04  1.28863e-02

 1.39149e-03  1.25250e-02
 8.92330e-04  1.28703e-02
 9.57081e-04  1.27335e-02
 1.04319e-03  1.28580e-02
 8.92330e-04  1.28703e-02

 1.78906e-03  1.25250e-02
 1.16990e-03  1.28505e-02
 1.25071e-03  1.27225e-02
 1.32114e-03  1.28565e-02
 1.16990e-03  1.28505e-02

 2.18663e-03  1.25250e-02
 1.44382e-03  1.28258e-02
 1.53692e-03  1.27064e-02
 1.59373e-03  1.28467e-02
 1.44382e-03  1.28258e-02

 2.58420e-03  1.25250e-02
 1.73632e-03  1.27966e-02
 1.83807e-03  1.26845e-02
 1.88425e-03  1.28287e-02
 1.73632e-03  1.27966e-02

 2.98177e-03  1.25250e-02
 2.04072e-03  1.27625e-02
 2.14930e-03  1.26571e-02
 2.18635e-03  1.28038e-02
 2.04072e-03  1.27625e-02

 3.37934e-03  1.25250e-02
 2.36170e-03  1.27230e-02
 2.47592e-03  1.26237e-02
 2.50483e-03  1.27723e-02
 2.36170e-03  1.27230e-02

 2.00521e-04  1.30950e-02
 2.00521e-04  1.37167e-02
 1.24837e-04  1.35856e-02
 2.76204e-04  1.35856e-02
 2.00521e-04  1.37167e-02

 6.01563e-04  1.30950e-02
 3.40311e-04  1.37091e-02
 3.21982e-04  1.35589e-02
 4.61269e-04  1.36181e-02
 3.40311e-04  1.37091e-02

 1.00260e-03  1.30950e-02
 6.39021e-04  1.36907e-02
 6.42718e-04  1.35393e-02
 7.71918e-04  1.36182e-02
 6.39021e-04  1.36907e-02

 1.40365e-03  1.30950e-02
 8.68912e-04  1.36651e-02
 9.03390e-04  1.35177e-02
 1.01379e-03  1.36213e-02
 8.68912e-04  1.36651e-02

 1.80469e-03  1.30950e-02
 1.14060e-03  1.36299e-02
 1.19521e-03  1.34888e-02
 1.29017e-03  1.36066e-02
 1.14060e-03  1.36299e-02

 2.20573e-03  1.30950e-02
 1.40893e-03  1.35866e-02
 1.48076e-03  1.34533e-02
 1.56024e-03  1.35822e-02
 1.40893e-03  1.35866e-02

 2.60677e-03  1.30950e-02
 1.69743e-03  1.35350e-02
 1.78247e-03  1.34097e-02
 1.84840e-03  1.35460e-02
 1.69743e-03  1.35350e-02

 3.00781e-03  1.30950e-02
 1.99888e-03  1.34758e-02
 2.09480e-03  1.33587e-02
 2.14824e-03  1.35003e-02
 1.99888e-03  1.34758e-02

 3.40885e-03  1.30950e-02
 2.31863e-03  1.34094e-02
 2.42362e-03  1.33003e-02
 2.46556e-03  1.34458e-02
 2.31863e-03  1.34094e-02

 2.02257e-04  1.36650e-02
 2.02257e-04  1.44881e-02
 1.26573e-04  1.43570e-02
 2.77940e-04  1.43570e-02
 2.02257e-04  1.44881e-02

 6.06771e-04  1.36650e-02
 3.51339e-04  1.44899e-02
 3.17815e-04  1.43423e-02
 4.62409e-04  1.43871e-02
 3.51339e-04  1.44899e-02

 1.01128e-03  1.36650e-02
 6.55315e-04  1.44644e-02
 6.39498e-04  1.43139e-02
 7.77777e-04  1.43755e-02
 6.55315e-04  1.44644e-02

 1.41580e-03  1.36650e-02
 8.91305e-04  1.44302e-02
 9.02995e-04  1.42792e-02
 1.02785e-03  1.43648e-02
 8.91305e-04  1.44302e-02

 1.82031e-03  1.36650e-02
 1.16866e-03  1.43797e-02
 1.20106e-03  1.42319e-02
 1.31291e-03  1.43338e-02
 1.16866e-03  1.43797e-02

 2.22483e-03  1.36650e-02
 1.44286e-03  1.43179e-02
 1.49498e-03  1.41758e-02
 1.59200e-03  1.42920e-02
 1.44286e-03  1.43179e-02

 2.62934e-03  1.36650e-02
 1.73749e-03  1.42442e-02
 1.80621e-03  1.41093e-02
 1.88865e-03  1.42363e-02
 1.73749e-03  1.42442e-02

 3.03385e-03  1.36650e-02
 2.04520e-03  1.41607e-02
 2.12846e-03  1.40343e-02
 2.19631e-03  1.41696e-02
 2.04520e-03  1.41607e-02

 3.43837e-03  1.36650e-02
 2.37138e-03  1.40687e-02
 2.46721e-03  1.39515e-02
 2.52077e-03  1.40931e-02
 2.37138e-03  1.40687e-02

 2.03993e-04  1.42350e-02
 2.03993e-04  1.52629e-02
 1.28310e-04  1.51318e-02
 2.79677e-04  1.51318e-02
 2.03993e-04  1.52629e-02

 6.11979e-04  1.42350e-02
 3.79048e-04  1.52733e-02
 3.33895e-04  1.51288e-02
 4.81591e-04  1.51620e-02
 3.79048e-04  1.52733e-02

 1.01997e-03  1.42350e-02
 6.95563e-04  1.52413e-02
 6.63751e-04  1.50933e-02
 8.07817e-04  1.51397e-02
 6.95563e-04  1.52413e-02

 1.42795e-03  1.42350e-02
 9.49253e-04  1.51983e-02
 9.39813e-04  1.50472e-02
 1.07537e-03  1.51146e-02
 9.49253e-04  1.51983e-02

 1.83594e-03  1.42350e-02
 1.24110e-03  1.51325e-02
 1.25043e-03  1.49815e-02
 1.37660e-03  1.50651e-02
 1.24110e-03  1.51325e-02

 2.24392e-03  1.42350e-02
 1.52997e-03  1.50520e-02
 1.55924e-03  1.49035e-02
 1.67322e-03  1.50031e-02
 1.52997e-03  1.50520e-02

 2.65191e-03  1.42350e-02
 1.83786e-03  1.49559e-02
 1.88582e-03  1.48124e-02
 1.98617e-03  1.49257e-02
 1.83786e-03  1.49559e-02

 3.05990e-03  1.42350e-02
 2.15782e-03  1.48477e-02
 2.22374e-03  1.47114e-02
 2.30879e-03  1.48367e-02
 2.15782e-03  1.48477e-02

 3.46788e-03  1.42350e-02
 2.49535e-03  1.47290e-02
 2.57795e-03  1.46022e-02
 2.64650e-03  1.47371e-02
 2.49535e-03  1.47290e-02

 2.05729e-04  1.48050e-02
 2.05729e-04  1.60027e-02
 1.30046e-04  1.58716e-02
 2.81413e-04  1.58716e-02
 2.05729e-04  1.60027e-02

 6.17187e-04  1.48050e-02
 4.21205e-04  1.60206e-02
 3.67351e-04  1.58792e-02
 5.16788e-04  1.59033e-02
 4.21205e-04  1.60206e-02

 1.02865e-03  1.48050e-02
 7.55981e-04  1.59834e-02
 7.11797e-04  1.58386e-02
 8.59268e-04  1.58727e-02
 7.55981e-04  1.59834e-02

 1.44010e-03  1.48050e-02
 1.03709e-03  1.59328e-02
 1.00993e-03  1.57838e-02
 1.15247e-03  1.58348e-02
 1.03709e-03  1.59328e-02

 1.85156e-03  1.48050e-02
 1.35065e-03  1.58536e-02
 1.33886e-03  1.57027e-02
 1.47545e-03  1.57679e-02
 1.35065e-03  1.58536e-02

 2.26302e-03  1.48050e-02
 1.66156e-03  1.57565e-02
 1.66763e-03  1.56052e-02
 1.79557e-03  1.56861e-02
 1.66156e-03  1.57565e-02

 2.67448e-03  1.48050e-02
 1.98876e-03  1.56406e-02
 2.01341e-03  1.54913e-02
 2.13042e-03  1.55873e-02
 1.98876e-03  1.56406e-02

 3.08594e-03  1.48050e-02
 2.32638e-03  1.55104e-02
 2.37093e-03  1.53657e-02
 2.47393e-03  1.54767e-02
 2.32638e-03  1.55104e-02

 3.49740e-03  1.48050e-02
 2.67911e-03  1.53681e-02
 2.74419e-03  1.52314e-02
 2.83000e-03  1.53561e-02
 2.67911e-03  1.53681e-02

 2.07465e-04  1.53750e-02
 2.07465e-04  1.67112e-02
 1.31782e-04  1.65801e-02
 2.83149e-04  1.65801e-02
 2.07465e-04  1.67112e-02

 6.22396e-04  1.53750e-02
 4.74276e-04  1.67347e-02
 4.13233e-04  1.65962e-02
 5.63710e-04  1.66126e-02
 4.74276e-04  1.67347e-02

 1.03733e-03  1.53750e-02
 8.31377e-04  1.66936e-02
 7.76829e-04  1.65524e-02
 9.26383e-04  1.65757e-02
 8.31377e-04  1.66936e-02

 1.45226e-03  1.53750e-02
 1.14720e-03  1.66366e-02
 1.10444e-03  1.64914e-02
 1.25157e-03  1.65270e-02
 1.14720e-03  1.66366e-02

 1.86719e-03  1.53750e-02
 1.48778e-03  1.65464e-02
 1.45617e-03  1.63983e-02
 1.60017e-03  1.64450e-02
 1.48778e-03  1.65464e-02

 2.28212e-03  1.53750e-02
 1.82616e-03  1.64352e-02
 1.80842e-03  1.62849e-02
 1.94748e-03  1.63447e-02
 1.82616e-03  1.64352e-02

 2.69705e-03  1.53750e-02
 2.17710e-03  1.63026e-02
 2.17517e-03  1.61512e-02
 2.30721e-03  1.62252e-02
 2.17710e-03  1.63026e-02

 3.11198e-03  1.53750e-02
 2.53610e-03  1.61537e-02
 2.55319e-03  1.60033e-02
 2.67489e-03  1.60933e-02
 2.53610e-03  1.61537e-02

 3.52691e-03  1.53750e-02
 2.90681e-03  1.59912e-02
 2.94645e-03  1.58451e-02
 3.05314e-03  1.59525e-02
 2.90681e-03  1.59912e-02

 2.09201e-04  1.59450e-02
 2.09201e-04  1.73750e-02
 1.33518e-04  1.72440e-02
 2.84885e-04  1.72440e-02
 2.09201e-04  1.73750e-02

 6.27604e-04  1.59450e-02
 5.35308e-04  1.74024e-02
 4.68061e-04  1.72668e-02
 6.19125e-04  1.72764e-02
 5.35308e-04  1.74024e-02

 1.04601e-03  1.59450e-02
 9.17595e-04  1.73588e-02
 8.54079e-04  1.72214e-02
 1.00483e-03  1.72351e-02
 9.17595e-04  1.73588e-02

 1.46441e-03  1.59450e-02
 1.27349e-03  1.72973e-02
 1.21688e-03  1.71569e-02
 1.36676e-03  1.71781e-02
 1.27349e-03  1.72973e-02

 1.88281e-03  1.59450e-02
 1.64494e-03  1.71989e-02
 1.59501e-03  1.70560e-02
 1.74373e-03  1.70842e-02
 1.64494e-03  1.71989e-02

 2.30122e-03  1.59450e-02
 2.01485e-03  1.70775e-02
 1.97361e-03  1.69319e-02
 2.12036e-03  1.69690e-02
 2.01485e-03  1.70775e-02

 2.71962e-03  1.59450e-02
 2.39280e-03  1.69323e-02
 2.36215e-03  1.67841e-02
 2.50585e-03  1.68316e-02
 2.39280e-03  1.69323e-02

 3.13802e-03  1.59450e-02
 2.77597e-03  1.67695e-02
 2.75938e-03  1.66190e-02
 2.89797e-03  1.66799e-02
 2.77597e-03  1.67695e-02

 3.55642e-03  1.59450e-02
 3.16677e-03  1.65920e-02
 3.16957e-03  1.64407e-02
 3.29924e-03  1.65187e-02
 3.16677e-03  1.65920e-02

 2.10937e-04  1.65150e-02
 2.10937e-04  1.79929e-02
 1.35254e-04  1.78619e-02
 2.86621e-04  1.78619e-02
 2.10938e-04  1.79929e-02

 6.32812e-04  1.65150e-02
 6.01154e-04  1.80223e-02
 5.28240e-04  1.78897e-02
 6.79574e-04  1.78928e-02
 6.01154e-04  1.80223e-02

 1.05469e-03  1.65150e-02
 1.01026e-03  1.79777e-02
 9.38592e-04  1.78444e-02
 1.08989e-03  1.78490e-02
 1.01026e-03  1.79777e-02

 1.47656e-03  1.65150e-02
 1.40957e-03  1.79136e-02
 1.34024e-03  1.77791e-02
 1.49144e-03  1.77863e-02
 1.40957e-03  1.79136e-02

 1.89844e-03  1.65150e-02
 1.81426e-03  1.78104e-02
 1.74724e-03  1.76747e-02
 1.89829e-03  1.76845e-02
 1.81426e-03  1.78104e-02

 2.32031e-03  1.65150e-02
 2.21827e-03  1.76826e-02
 2.15429e-03  1.75454e-02
 2.30508e-03  1.75586e-02
 2.21827e-03  1.76826e-02

 2.74219e-03  1.65150e-02
 2.62531e-03  1.75296e-02
 2.56512e-03  1.73907e-02
 2.71550e-03  1.74080e-02
 2.62531e-03  1.75296e-02

 3.16406e-03  1.65150e-02
 3.03444e-03  1.73580e-02
 2.97956e-03  1.72170e-02
 3.12917e-03  1.72400e-02
 3.03444e-03  1.73580e-02

 3.58594e-03  1.65150e-02
 3.44668e-03  1.71712e-02
 3.39986e-03  1.70273e-02
 3.54793e-03  1.70587e-02
 3.44668e-03  1.71712e-02

 2.12674e-04  1.70850e-02
 2.12674e-04  1.85618e-02
 1.36990e-04  1.84307e-02
 2.88357e-04  1.84307e-02
 2.12674e-04  1.85618e-02

 6.38021e-04  1.70850e-02
 6.68979e-04  1.85913e-02
 5.90618e-04  1.84618e-02
 7.41953e-04  1.84587e-02
 6.68979e-04  1.85913e-02

 1.06337e-03  1.70850e-02
 1.10554e-03  1.85472e-02
 1.02611e-03  1.84184e-02
 1.17742e-03  1.84140e-02
 1.10554e-03  1.85472e-02

 1.48872e-03  1.70850e-02
 1.54980e-03  1.84823e-02
 1.46846e-03  1.83546e-02
 1.61968e-03  1.83480e-02
 1.54980e-03  1.84823e-02

 1.91406e-03  1.70850e-02
 1.98883e-03  1.83777e-02
 1.90570e-03  1.82512e-02
 2.05682e-03  1.82424e-02
 1.98883e-03  1.83777e-02

 2.33941e-03  1.70850e-02
 2.42819e-03  1.82476e-02
 2.34274e-03  1.81227e-02
 2.49367e-03  1.81112e-02
 2.42819e-03  1.82476e-02

 2.76476e-03  1.70850e-02
 2.86534e-03  1.80920e-02
 2.77700e-03  1.79691e-02
 2.92762e-03  1.79541e-02
 2.86534e-03  1.80920e-02

 3.19010e-03  1.70850e-02
 3.30132e-03  1.79174e-02
 3.20894e-03  1.77975e-02
 3.35898e-03  1.77775e-02
 3.30132e-03  1.79174e-02

 3.61545e-03  1.70850e-02
 3.73561e-03  1.77274e-02
 3.63712e-03  1.76125e-02
 3.78591e-03  1.75847e-02
 3.73561e-03  1.77274e-02

 2.14410e-04  1.76550e-02
 2.14410e-04  1.90821e-02
 1.38726e-04  1.89510e-02
 2.90093e-04  1.89510e-02
 2.14410e-04  1.90821e-02

 6.43229e-04  1.76550e-02
 7.35911e-04  1.91100e-02
 6.52048e-04  1.89840e-02
 8.03108e-04  1.89744e-02
 7.35911e-04  1.91100e-02

 1.07205e-03  1.76550e-02
 1.19957e-03  1.90676e-02
 1.11240e-03  1.89438e-02
 1.26316e-03  1.89302e-02
 1.19957e-03  1.90676e-02

 1.50087e-03  1.76550e-02
 1.68846e-03  1.90037e-02
 1.59544e-03  1.88843e-02
 1.74536e-03  1.88634e-02
 1.68846e-03  1.90037e-02

 1.92969e-03  1.76550e-02
 2.16158e-03  1.89011e-02
 2.06319e-03  1.87861e-02
 2.21201e-03  1.87584e-02
 2.16158e-03  1.89011e-02

 2.35851e-03  1.76550e-02
 2.63611e-03  1.87733e-02
 2.53108e-03  1.86643e-02
 2.67799e-03  1.86278e-02
 2.63611e-03  1.87733e-02

 2.78733e-03  1.76550e-02
 3.10321e-03  1.86202e-02
 2.99051e-03  1.85191e-02
 3.13437e-03  1.84721e-02
 3.10321e-03  1.86202e-02

 3.21615e-03  1.76550e-02
 3.56588e-03  1.84484e-02
 3.44375e-03  1.83590e-02
 3.58226e-03  1.82979e-02
 3.56588e-03  1.84484e-02

 3.64497e-03  1.76550e-02
 4.02198e-03  1.82616e-02
 3.88850e-03  1.81902e-02
 4.01706e-03  1.81103e-02
 4.02198e-03  1.82616e-02

 2.16146e-04  1.82250e-02
 2.16146e-04  1.95571e-02
 1.40462e-04  1.94260e-02
 2.91829e-04  1.94260e-02
 2.16146e-04  1.95571e-02

 6.48438e-04  1.82250e-02
 7.99373e-04  1.95814e-02
 7.09656e-04  1.94595e-02
 8.60095e-04  1.94427e-02
 7.99373e-04  1.95814e-02

 1.08073e-03  1.82250e-02
 1.28887e-03  1.95417e-02
 1.19365e-03  1.94241e-02
 1.34316e-03  1.94004e-02
 1.28887e-03  1.95417e-02

 1.51302e-03  1.82250e-02
 1.82036e-03  1.94806e-02
 1.71568e-03  1.93713e-02
 1.86270e-03  1.93353e-02
 1.82036e-03  1.94806e-02

 1.94531e-03  1.82250e-02
 2.32601e-03  1.93832e-02
 2.21318e-03  1.92823e-02
 2.35697e-03  1.92350e-02
 2.32601e-03  1.93832e-02

 2.37760e-03  1.82250e-02
 2.83413e-03  1.92615e-02
 2.71202e-03  1.91720e-02
 2.85055e-03  1.91110e-02
 2.83413e-03  1.92615e-02

 2.80990e-03  1.82250e-02
 3.32976e-03  1.91159e-02
 3.19832e-03  1.90409e-02
 3.32906e-03  1.89646e-02
 3.32976e-03  1.91159e-02

 3.24219e-03  1.82250e-02
 3.81775e-03  1.89526e-02
 3.67707e-03  1.88967e-02
 3.79578e-03  1.88028e-02
 3.81775e-03  1.89526e-02

 3.67448e-03  1.82250e-02
 4.29443e-03  1.87751e-02
 4.14615e-03  1.87447e-02
 4.24661e-03  1.86315e-02
 4.29443e-03  1.87751e-02

 2.17882e-04  1.87950e-02
 2.17882e-04  1.99893e-02
 1.42198e-04  1.98582e-02
 2.93565e-04  1.98582e-02
 2.17882e-04  1.99893e-02

 6.53646e-04  1.87950e-02
 8.56372e-04  2.00081e-02
 7.60117e-04  1.98913e-02
 9.09414e-04  1.98664e-02
 8.56372e-04  2.00081e-02

 1.08941e-03  1.87950e-02
 1.36939e-03  1.99721e-02
 1.26543e-03  1.98621e-02
 1.41269e-03  1.98271e-02
 1.36939e-03  1.99721e-02

 1.52517e-03  1.87950e-02
 1.93932e-03  1.99154e-02
 1.82288e-03  1.98187e-02
 1.96486e-03  1.97662e-02
 1.93932e-03  1.99154e-02

 1.96094e-03  1.87950e-02
 2.47437e-03  1.98264e-02
 2.34820e-03  1.97428e-02
 2.48371e-03  1.96753e-02
 2.47437e-03  1.98264e-02

 2.39670e-03  1.87950e-02
 3.01273e-03  1.97150e-02
 2.87691e-03  1.96482e-02
 3.00268e-03  1.95640e-02
 3.01273e-03  1.97150e-02

 2.83247e-03  1.87950e-02
 3.53395e-03  1.95820e-02
 3.39022e-03  1.95345e-02
 3.50322e-03  1.94338e-02
 3.53395e-03  1.95820e-02

 3.26823e-03  1.87950e-02
 4.04451e-03  1.94328e-02
 3.89518e-03  1.94081e-02
 3.99128e-03  1.92911e-02
 4.04451e-03  1.94328e-02

 3.70399e-03  1.87950e-02
 4.53931e-03  1.92710e-02
 4.38795e-03  1.92719e-02
 4.46289e-03  1.91403e-02
 4.53931e-03  1.92710e-02

 2.19618e-04  1.93650e-02
 2.19618e-04  2.03892e-02
 1.43935e-04  2.02581e-02
 2.95302e-04  2.02581e-02
 2.19618e-04  2.03892e-02

 6.58854e-04  1.93650e-02
 9.04432e-04  2.04006e-02
 8.00543e-04  2.02905e-02
 9.47826e-04  2.02556e-02
 9.04432e-04  2.04006e-02

 1.09809e-03  1.93650e-02
 1.43764e-03  2.03689e-02
 1.32394e-03  2.02689e-02
 1.46733e-03  2.02204e-02
 1.43764e-03  2.03689e-02

 1.53733e-03  1.93650e-02
 2.03993e-03  2.03178e-02
 1.91182e-03  2.02371e-02
 2.04570e-03  2.01665e-02
 2.03993e-03  2.03178e-02

 1.97656e-03  1.93650e-02
 2.59963e-03  2.02397e-02
 2.46194e-03  2.01769e-02
 2.58523e-03  2.00891e-02
 2.59963e-03  2.02397e-02

 2.41580e-03  1.93650e-02
 3.16314e-03  2.01419e-02
 3.01772e-03  2.00999e-02
 3.12681e-03  1.99949e-02
 3.16314e-03  2.01419e-02

 2.85503e-03  1.93650e-02
 3.70541e-03  2.00255e-02
 3.55546e-03  2.00048e-02
 3.64831e-03  1.98853e-02
 3.70541e-03  2.00255e-02

 3.29427e-03  1.93650e-02
 4.23426e-03  1.98950e-02
 4.08290e-03  1.98965e-02
 4.15724e-03  1.97647e-02
 4.23426e-03  1.98950e-02

 3.73351e-03  1.93650e-02
 4.74343e-03  1.97538e-02
 4.59390e-03  1.97774e-02
 4.64829e-03  1.96361e-02
 4.74343e-03  1.97538e-02

 2.21354e-04  1.99350e-02
 2.21354e-04  2.07575e-02
 1.45671e-04  2.06264e-02
 2.97038e-04  2.06264e-02
 2.21354e-04  2.07575e-02

 6.64062e-04  1.99350e-02
 9.39391e-04  2.07600e-02
 8.26103e-04  2.06596e-02
 9.69686e-04  2.06117e-02
 9.39391e-04  2.07600e-02

 1.10677e-03  1.99350e-02
 1.48756e-03  2.07338e-02
 1.36284e-03  2.06481e-02
 1.49948e-03  2.05829e-02
 1.48756e-03  2.07338e-02

 1.54948e-03  1.99350e-02
 2.11306e-03  2.06904e-02
 1.97402e-03  2.06306e-02
 2.09534e-03  2.05401e-02
 2.11306e-03  2.06904e-02

 1.99219e-03  1.99350e-02
 2.69023e-03  2.06265e-02
 2.54384e-03  2.05880e-02
 2.65037e-03  2.04805e-02
 2.69023e-03  2.06265e-02

 2.43490e-03  1.99350e-02
 3.27135e-03  2.05461e-02
 3.12085e-03  2.05299e-02
 3.21015e-03  2.04077e-02
 3.27135e-03  2.05461e-02

 2.87760e-03  1.99350e-02
 3.82796e-03  2.04509e-02
 3.67665e-03  2.04549e-02
 3.74887e-03  2.03219e-02
 3.82796e-03  2.04509e-02

 3.32031e-03  1.99350e-02
 4.36913e-03  2.03444e-02
 4.21950e-03  2.03672e-02
 4.27454e-03  2.02262e-02
 4.36913e-03  2.03444e-02

 3.76302e-03  1.99350e-02
 4.88745e-03  2.02295e-02
 4.74146e-03  2.02695e-02
 4.77981e-03  2.01231e-02
 4.88745e-03  2.02295e-02

 2.23090e-04  2.05050e-02
 2.23090e-04  2.11211e-02
 1.47407e-04  2.09900e-02
 2.98774e-04  2.09900e-02
 2.23090e-04  2.11211e-02

 6.69271e-04  2.05050e-02
 9.59192e-04  2.11128e-02
 8.34446e-04  2.10271e-02
 9.71068e-04  2.09619e-02
 9.59192e-04  2.11128e-02

 1.11545e-03  2.05050e-02
 1.51538e-03  2.10929e-02
 1.37907e-03  2.10271e-02
 1.50422e-03  2.09419e-02
 1.51538e-03  2.10929e-02

 1.56163e-03  2.05050e-02
 2.15267e-03  2.10575e-02
 2.00522e-03  2.10233e-02
 2.10859e-03  2.09127e-02
 2.15267e-03  2.10575e-02

 2.00781e-03  2.05050e-02
 2.73816e-03  2.10086e-02
 2.58728e-03  2.09965e-02
 2.67320e-03  2.08719e-02
 2.73816e-03  2.10086e-02

 2.45399e-03  2.05050e-02
 3.32746e-03  2.09467e-02
 3.17632e-03  2.09551e-02
 3.24463e-03  2.08200e-02
 3.32746e-03  2.09467e-02

 2.90017e-03  2.05050e-02
 3.89026e-03  2.08740e-02
 3.74100e-03  2.08991e-02
 3.79386e-03  2.07573e-02
 3.89026e-03  2.08740e-02

 3.34635e-03  2.05050e-02
 4.43620e-03  2.07927e-02
 4.29013e-03  2.08324e-02
 4.32877e-03  2.06861e-02
 4.43620e-03  2.07927e-02

 3.79253e-03  2.05050e-02
 4.95753e-03  2.07054e-02
 4.81551e-03  2.07578e-02
 4.84117e-03  2.06086e-02
 4.95753e-03  2.07054e-02

 2.24826e-04  2.10750e-02
 2.24826e-04  2.14624e-02
 1.49143e-04  2.13313e-02
 3.00510e-04  2.13313e-02
 2.24826e-04  2.14624e-02

 6.74479e-04  2.10750e-02
 9.55454e-04  2.14472e-02
 8.16065e-04  2.13881e-02
 9.36868e-04  2.12969e-02
 9.55454e-04  2.14472e-02

 1.12413e-03  2.10750e-02
 1.50871e-03  2.14355e-02
 1.36131e-03  2.14011e-02
 1.46484e-03  2.12907e-02
 1.50871e-03  2.14355e-02

 1.57378e-03  2.10750e-02
 2.14110e-03  2.14117e-02
 1.98974e-03  2.14099e-02
 2.06700e-03  2.12797e-02
 2.14110e-03  2.14117e-02

 2.02344e-03  2.10750e-02
 2.72175e-03  2.13812e-02
 2.57130e-03  2.13979e-02
 2.63209e-03  2.12593e-02
 2.72175e-03  2.13812e-02

 2.47309e-03  2.10750e-02
 3.30614e-03  2.13418e-02
 3.15821e-03  2.13739e-02
 3.20439e-03  2.12298e-02
 3.30614e-03  2.13418e-02

 2.92274e-03  2.10750e-02
 3.86417e-03  2.12960e-02
 3.71926e-03  2.13397e-02
 3.75385e-03  2.11923e-02
 3.86417e-03  2.12960e-02

 3.37240e-03  2.10750e-02
 4.40563e-03  2.12446e-02
 4.26401e-03  2.12981e-02
 4.28853e-03  2.11487e-02
 4.40563e-03  2.12446e-02

 3.82205e-03  2.10750e-02
 4.92286e-03  2.11897e-02
 4.78464e-03  2.12514e-02
 4.80033e-03  2.11009e-02
 4.92286e-03  2.11897e-02

 2.26562e-04  2.16450e-02
 2.26562e-04  2.18594e-02
 1.50879e-04  2.17283e-02
 3.02246e-04  2.17283e-02
 2.26563e-04  2.18594e-02

 6.79687e-04  2.16450e-02
 9.29337e-04  2.18348e-02
 7.79179e-04  2.18157e-02
 8.70796e-04  2.16952e-02
 9.29337e-04  2.18348e-02

 1.13281e-03  2.16450e-02
 1.46482e-03  2.18318e-02
 1.31346e-03  2.18335e-02
 1.38769e-03  2.17016e-02
 1.46482e-03  2.18318e-02

 1.58594e-03  2.16450e-02
 2.07496e-03  2.18157e-02
 1.92625e-03  2.18439e-02
 1.97613e-03  2.17010e-02
 2.07496e-03  2.18157e-02

 2.03906e-03  2.16450e-02
 2.63656e-03  2.17993e-02
 2.49071e-03  2.18398e-02
 2.52856e-03  2.16932e-02
 2.63656e-03  2.17993e-02

 2.49219e-03  2.16450e-02
 3.20286e-03  2.17763e-02
 3.06020e-03  2.18269e-02
 3.08769e-03  2.16780e-02
 3.20286e-03  2.17763e-02

 2.94531e-03  2.16450e-02
 3.74498e-03  2.17503e-02
 3.60514e-03  2.18082e-02
 3.62490e-03  2.16581e-02
 3.74498e-03  2.17503e-02

 3.39844e-03  2.16450e-02
 4.27266e-03  2.17209e-02
 4.13552e-03  2.17849e-02
 4.14861e-03  2.16341e-02
 4.27266e-03  2.17209e-02

 3.85156e-03  2.16450e-02
 4.77861e-03  2.16898e-02
 4.64402e-03  2.17591e-02
 4.65133e-03  2.16079e-02
 4.77861e-03  2.16898e-02

 2.28299e-04  2.22150e-02
 2.28299e-04  2.22150e-02
 3.03982e-04  2.23461e-02
 1.52615e-04  2.23461e-02
 2.28299e-04  2.22150e-02

 6.84896e-04  2.22150e-02
 8.51793e-04  2.22150e-02
 7.20705e-04  2.22907e-02
 7.20705e-04  2.21393e-02
 8.51793e-04  2.22150e-02

 1.14149e-03  2.22150e-02
 1.35426e-03  2.22150e-02
 1.22317e-03  2.22907e-02
 1.22317e-03  2.21393e-02
 1.35426e-03  2.22150e-02

 1.59809e-03  2.22150e-02
 1.91211e-03  2.22150e-02
 1.78102e-03  2.22907e-02
 1.78102e-03  2.21393e-02
 1.91211e-03  2.22150e-02

 2.05469e-03  2.22150e-02
 2.43465e-03  2.22150e-02
 2.30356e-03  2.22907e-02
 2.30356e-03  2.21393e-02
 2.43465e-03  2.22150e-02

 2.51128e-03  2.22150e-02
 2.96197e-03  2.22150e-02
 2.83088e-03  2.22907e-02
 2.83088e-03  2.21393e-02
 2.96197e-03  2.22150e-02

 2.96788e-03  2.22150e-02
 3.47270e-03  2.22150e-02
 3.34161e-03  2.22907e-02
 3.34161e-03  2.21393e-02
 3.47270e-03  2.22150e-02

 3.42448e-03  2.22150e-02
 3.97440e-03  2.22150e-02
 3.84332e-03  2.22907e-02
 3.84332e-03  2.21393e-02
 3.97440e-03  2.22150e-02

 3.88108e-03  2.22150e-02
 4.46192e-03  2.22150e-02
 4.33083e-03  2.22907e-02
 4.33083e-03  2.21393e-02
 4.46192e-03  2.22150e-02

 3.76510e-03  1.13850e-02
 3.18599e-03  1.13850e-02
 3.31708e-03  1.13093e-02
 3.31708e-03  1.14607e-02
 3.18599e-03  1.13850e-02

 4.26406e-03  1.13850e-02
 3.65470e-03  1.13850e-02
 3.78579e-03  1.13093e-02
 3.78579e-03  1.14607e-02
 3.65470e-03  1.13850e-02

 4.76302e-03  1.13850e-02
 4.13867e-03  1.13850e-02
 4.26976e-03  1.13093e-02
 4.26976e-03  1.14607e-02
 4.13867e-03  1.13850e-02

 5.26198e-03  1.13850e-02
 4.63719e-03  1.13850e-02
 4.76828e-03  1.13093e-02
 4.76828e-03  1.14607e-02
 4.63719e-03  1.13850e-02

 5.76094e-03  1.13850e-02
 5.15008e-03  1.13850e-02
 5.28117e-03  1.13093e-02
 5.28117e-03  1.14607e-02
 5.15008e-03  1.13850e-02

 6.25990e-03  1.13850e-02
 5.67698e-03  1.13850e-02
 5.80807e-03  1.13093e-02
 5.80807e-03  1.14607e-02
 5.67698e-03  1.13850e-02

 6.75885e-03  1.13850e-02
 6.21727e-03  1.13850e-02
 6.34836e-03  1.13093e-02
 6.34836e-03  1.14607e-02
 6.21727e-03  1.13850e-02

 7.25781e-03  1.13850e-02
 6.76915e-03  1.13850e-02
 6.90024e-03  1.13093e-02
 6.90024e-03  1.14607e-02
 6.76915e-03  1.13850e-02

 7.75677e-03  1.13850e-02
 7.33141e-03  1.13850e-02
 7.46249e-03  1.13093e-02
 7.46249e-03  1.14607e-02
 7.33141e-03  1.13850e-02

 8.25573e-03  1.13850e-02
 7.89980e-03  1.13850e-02
 8.03088e-03  1.13093e-02
 8.03088e-03  1.14607e-02
 7.89980e-03  1.13850e-02

 8.75469e-03  1.13850e-02
 8.47462e-03  1.13850e-02
 8.60571e-03  1.13093e-02
 8.60571e-03  1.14607e-02
 8.47462e-03  1.13850e-02

 9.25365e-03  1.13850e-02
 9.04545e-03  1.13850e-02
 9.17654e-03  1.13093e-02
 9.17654e-03  1.14607e-02
 9.04545e-03  1.13850e-02

 9.75260e-03  1.13850e-02
 9.62275e-03  1.13850e-02
 9.75384e-03  1.13093e-02
 9.75384e-03  1.14607e-02
 9.62275e-03  1.13850e-02

 1.02516e-02  1.13850e-02
 1.01738e-02  1.13850e-02
 1.03049e-02  1.13093e-02
 1.03049e-02  1.14607e-02
 1.01738e-02  1.13850e-02

 1.07505e-02  1.13850e-02
 1.07505e-02  1.13850e-02
 1.08262e-02  1.15161e-02
 1.06748e-02  1.15161e-02
 1.07505e-02  1.13850e-02

 3.79531e-03  1.19550e-02
 2.88128e-03  1.20575e-02
 3.00312e-03  1.19676e-02
 3.01999e-03  1.21181e-02
 2.88128e-03  1.20575e-02

 4.29219e-03  1.19550e-02
 3.33154e-03  1.20202e-02
 3.45720e-03  1.19358e-02
 3.46745e-03  1.20868e-02
 3.33154e-03  1.20202e-02

 4.78906e-03  1.19550e-02
 3.80548e-03  1.19863e-02
 3.93409e-03  1.19065e-02
 3.93891e-03  1.20578e-02
 3.80548e-03  1.19863e-02

 5.28594e-03  1.19550e-02
 4.30296e-03  1.19540e-02
 4.43412e-03  1.18785e-02
 4.43397e-03  1.20298e-02
 4.30296e-03  1.19540e-02

 5.78281e-03  1.19550e-02
 4.82405e-03  1.19224e-02
 4.95764e-03  1.18512e-02
 4.95250e-03  1.20025e-02
 4.82405e-03  1.19224e-02

 6.27969e-03  1.19550e-02
 5.36770e-03  1.18920e-02
 5.50369e-03  1.18256e-02
 5.49327e-03  1.19766e-02
 5.36770e-03  1.18920e-02

 6.77656e-03  1.19550e-02
 5.93262e-03  1.18640e-02
 6.07106e-03  1.18028e-02
 6.05484e-03  1.19533e-02
 5.93262e-03  1.18640e-02

 7.27344e-03  1.19550e-02
 6.51569e-03  1.18397e-02
 6.65668e-03  1.17846e-02
 6.63390e-03  1.19342e-02
 6.51569e-03  1.18397e-02

 7.77031e-03  1.19550e-02
 7.11472e-03  1.18202e-02
 7.25836e-03  1.17725e-02
 7.22788e-03  1.19207e-02
 7.11472e-03  1.18202e-02

 8.26719e-03  1.19550e-02
 7.72330e-03  1.18069e-02
 7.86966e-03  1.17683e-02
 7.82990e-03  1.19144e-02
 7.72330e-03  1.18069e-02

 8.76406e-03  1.19550e-02
 8.34076e-03  1.18005e-02
 8.48985e-03  1.17743e-02
 8.43794e-03  1.19165e-02
 8.34076e-03  1.18005e-02

 9.26094e-03  1.19550e-02
 8.95248e-03  1.18023e-02
 9.10354e-03  1.17926e-02
 9.03639e-03  1.19283e-02
 8.95248e-03  1.18023e-02

 9.75781e-03  1.19550e-02
 9.56985e-03  1.18118e-02
 9.71998e-03  1.18310e-02
 9.62824e-03  1.19514e-02
 9.56985e-03  1.18118e-02

 1.02547e-02  1.19550e-02
 1.01499e-02  1.18331e-02
 1.02927e-02  1.18832e-02
 1.01780e-02  1.19819e-02
 1.01499e-02  1.18331e-02

 1.07516e-02  1.19550e-02
 1.07516e-02  1.18650e-02
 1.08272e-02  1.19961e-02
 1.06759e-02  1.19961e-02
 1.07516e-02  1.18650e-02

 3.82552e-03  1.25250e-02
 2.73863e-03  1.26734e-02
 2.85827e-03  1.25807e-02
 2.87875e-03  1.27307e-02
 2.73863e-03  1.26734e-02

 4.32031e-03  1.25250e-02
 3.18150e-03  1.26160e-02
 3.30614e-03  1.25301e-02
 3.31820e-03  1.26810e-02
 3.18150e-03  1.26160e-02

 4.81510e-03  1.25250e-02
 3.65177e-03  1.25580e-02
 3.78066e-03  1.24786e-02
 3.78495e-03  1.26299e-02
 3.65177e-03  1.25580e-02

 5.30990e-03  1.25250e-02
 4.15050e-03  1.24999e-02
 4.28320e-03  1.24270e-02
 4.27992e-03  1.25784e-02
 4.15050e-03  1.24999e-02

 5.80469e-03  1.25250e-02
 4.67738e-03  1.24429e-02
 4.81362e-03  1.23769e-02
 4.80262e-03  1.25279e-02
 4.67738e-03  1.24429e-02

 6.29948e-03  1.25250e-02
 5.23083e-03  1.23888e-02
 5.37043e-03  1.23303e-02
 5.35129e-03  1.24804e-02
 5.23083e-03  1.23888e-02

 6.79427e-03  1.25250e-02
 5.80872e-03  1.23396e-02
 5.95154e-03  1.22895e-02
 5.92356e-03  1.24382e-02
 5.80872e-03  1.23396e-02

 7.28906e-03  1.25250e-02
 6.40735e-03  1.22976e-02
 6.55318e-03  1.22571e-02
 6.51538e-03  1.24036e-02
 6.40735e-03  1.22976e-02

 7.78385e-03  1.25250e-02
 7.02369e-03  1.22648e-02
 7.17222e-03  1.22356e-02
 7.12320e-03  1.23788e-02
 7.02369e-03  1.22648e-02

 8.27865e-03  1.25250e-02
 7.65052e-03  1.22431e-02
 7.80110e-03  1.22277e-02
 7.73913e-03  1.23658e-02
 7.65052e-03  1.22431e-02

 8.77344e-03  1.25250e-02
 8.28653e-03  1.22345e-02
 8.43788e-03  1.22367e-02
 8.36033e-03  1.23667e-02
 8.28653e-03  1.22345e-02

 9.26823e-03  1.25250e-02
 8.91577e-03  1.22408e-02
 9.06532e-03  1.22642e-02
 8.97032e-03  1.23820e-02
 8.91577e-03  1.22408e-02

 9.76302e-03  1.25250e-02
 9.54922e-03  1.22638e-02
 9.69081e-03  1.23173e-02
 9.57369e-03  1.24132e-02
 9.54922e-03  1.22638e-02

 1.02578e-02  1.25250e-02
 1.01403e-02  1.23073e-02
 1.02692e-02  1.23867e-02
 1.01360e-02  1.24586e-02
 1.01403e-02  1.23073e-02

 1.07526e-02  1.25250e-02
 1.07526e-02  1.23755e-02
 1.08283e-02  1.25066e-02
 1.06769e-02  1.25066e-02
 1.07526e-02  1.23755e-02

 3.85573e-03  1.30950e-02
 2.69414e-03  1.33288e-02
 2.80771e-03  1.32288e-02
 2.83759e-03  1.33772e-02
 2.69414e-03  1.33288e-02

 4.34844e-03  1.30950e-02
 3.13614e-03  1.32354e-02
 3.25765e-03  1.31452e-02
 3.27507e-03  1.32955e-02
 3.13614e-03  1.32354e-02

 4.84115e-03  1.30950e-02
 3.60773e-03  1.31401e-02
 3.73597e-03  1.30597e-02
 3.74150e-03  1.32110e-02
 3.60773e-03  1.31401e-02

 5.33385e-03  1.30950e-02
 4.10914e-03  1.30450e-02
 4.24321e-03  1.29747e-02
 4.23703e-03  1.31259e-02
 4.10914e-03  1.30450e-02

 5.82656e-03  1.30950e-02
 4.63977e-03  1.29525e-02
 4.77895e-03  1.28930e-02
 4.76090e-03  1.30433e-02
 4.63977e-03  1.29525e-02

 6.31927e-03  1.30950e-02
 5.19787e-03  1.28655e-02
 5.34147e-03  1.28176e-02
 5.31112e-03  1.29659e-02
 5.19787e-03  1.28655e-02

 6.81198e-03  1.30950e-02
 5.78102e-03  1.27871e-02
 5.92828e-03  1.27521e-02
 5.88497e-03  1.28972e-02
 5.78102e-03  1.27871e-02

 7.30469e-03  1.30950e-02
 6.38536e-03  1.27206e-02
 6.53531e-03  1.27000e-02
 6.47822e-03  1.28401e-02
 6.38536e-03  1.27206e-02

 7.79740e-03  1.30950e-02
 7.00756e-03  1.26692e-02
 7.15887e-03  1.26648e-02
 7.08703e-03  1.27980e-02
 7.00756e-03  1.26692e-02

 8.29010e-03  1.30950e-02
 7.64017e-03  1.26359e-02
 7.79091e-03  1.26497e-02
 7.70357e-03  1.27733e-02
 7.64017e-03  1.26359e-02

 8.78281e-03  1.30950e-02
 8.28141e-03  1.26238e-02
 8.42877e-03  1.26585e-02
 8.32511e-03  1.27688e-02
 8.28141e-03  1.26238e-02

 9.27552e-03  1.30950e-02
 8.91506e-03  1.26359e-02
 9.05553e-03  1.26922e-02
 8.93647e-03  1.27857e-02
 8.91506e-03  1.26359e-02

 9.76823e-03  1.30950e-02
 9.55121e-03  1.26757e-02
 9.67868e-03  1.27574e-02
 9.54425e-03  1.28269e-02
 9.55121e-03  1.26757e-02

 1.02609e-02  1.30950e-02
 1.01435e-02  1.27473e-02
 1.02571e-02  1.28473e-02
 1.01137e-02  1.28957e-02
 1.01435e-02  1.27473e-02

 1.07536e-02  1.30950e-02
 1.07536e-02  1.28604e-02
 1.08293e-02  1.29915e-02
 1.06780e-02  1.29915e-02
 1.07536e-02  1.28604e-02

 3.88594e-03  1.36650e-02
 2.75205e-03  1.39595e-02
 2.85990e-03  1.38533e-02
 2.89795e-03  1.39998e-02
 2.75205e-03  1.39595e-02

 4.37656e-03  1.36650e-02
 3.19704e-03  1.38342e-02
 3.31605e-03  1.37407e-02
 3.33754e-03  1.38905e-02
 3.19704e-03  1.38342e-02

 4.86719e-03  1.36650e-02
 3.67086e-03  1.37061e-02
 3.79927e-03  1.36260e-02
 3.80447e-03  1.37773e-02
 3.67086e-03  1.37061e-02

 5.35781e-03  1.36650e-02
 4.17337e-03  1.35787e-02
 4.30961e-03  1.35127e-02
 4.29861e-03  1.36637e-02
 4.17337e-03  1.35787e-02

 5.84844e-03  1.36650e-02
 4.70365e-03  1.34554e-02
 4.84623e-03  1.34045e-02
 4.81896e-03  1.35534e-02
 4.70365e-03  1.34554e-02

 6.33906e-03  1.36650e-02
 5.25997e-03  1.33400e-02
 5.40731e-03  1.33054e-02
 5.36366e-03  1.34503e-02
 5.25997e-03  1.33400e-02

 6.82969e-03  1.36650e-02
 5.83997e-03  1.32368e-02
 5.99034e-03  1.32194e-02
 5.93023e-03  1.33583e-02
 5.83997e-03  1.32368e-02

 7.32031e-03  1.36650e-02
 6.43974e-03  1.31498e-02
 6.59110e-03  1.31506e-02
 6.51466e-03  1.32813e-02
 6.43974e-03  1.31498e-02

 7.81094e-03  1.36650e-02
 7.05599e-03  1.30832e-02
 7.20602e-03  1.31033e-02
 7.11362e-03  1.32232e-02
 7.05599e-03  1.30832e-02

 8.30156e-03  1.36650e-02
 7.68177e-03  1.30412e-02
 7.82785e-03  1.30808e-02
 7.72047e-03  1.31875e-02
 7.68177e-03  1.30412e-02

 8.79219e-03  1.36650e-02
 8.31513e-03  1.30280e-02
 8.45429e-03  1.30876e-02
 8.33314e-03  1.31783e-02
 8.31513e-03  1.30280e-02

 9.28281e-03  1.36650e-02
 8.94072e-03  1.30474e-02
 9.07044e-03  1.31254e-02
 8.93802e-03  1.31987e-02
 8.94072e-03  1.30474e-02

 9.77344e-03  1.36650e-02
 9.56791e-03  1.31050e-02
 9.68413e-03  1.32020e-02
 9.54203e-03  1.32542e-02
 9.56791e-03  1.31050e-02

 1.02641e-02  1.36650e-02
 1.01528e-02  1.32044e-02
 1.02572e-02  1.33140e-02
 1.01100e-02  1.33496e-02
 1.01528e-02  1.32044e-02

 1.07547e-02  1.36650e-02
 1.07547e-02  1.33591e-02
 1.08304e-02  1.34902e-02
 1.06790e-02  1.34902e-02
 1.07547e-02  1.33591e-02

 3.91615e-03  1.42350e-02
 2.88450e-03  1.45901e-02
 2.98383e-03  1.44758e-02
 3.03309e-03  1.46190e-02
 2.88450e-03  1.45901e-02

 4.40469e-03  1.42350e-02
 3.33430e-03  1.44320e-02
 3.44952e-03  1.43339e-02
 3.47692e-03  1.44827e-02
 3.33430e-03  1.44320e-02

 4.89323e-03  1.42350e-02
 3.81012e-03  1.42713e-02
 3.93860e-03  1.41912e-02
 3.94367e-03  1.43425e-02
 3.81012e-03  1.42713e-02

 5.38177e-03  1.42350e-02
 4.31176e-03  1.41119e-02
 4.45064e-03  1.40517e-02
 4.43334e-03  1.42021e-02
 4.31176e-03  1.41119e-02

 5.87031e-03  1.42350e-02
 4.83822e-03  1.39584e-02
 4.98443e-03  1.39193e-02
 4.94525e-03  1.40655e-02
 4.83822e-03  1.39584e-02

 6.35885e-03  1.42350e-02
 5.38776e-03  1.38155e-02
 5.53811e-03  1.37980e-02
 5.47809e-03  1.39370e-02
 5.38776e-03  1.38155e-02

 6.84740e-03  1.42350e-02
 5.95812e-03  1.36882e-02
 6.10942e-03  1.36924e-02
 6.03014e-03  1.38214e-02
 5.95812e-03  1.36882e-02

 7.33594e-03  1.42350e-02
 6.54588e-03  1.35815e-02
 6.69513e-03  1.36067e-02
 6.59865e-03  1.37233e-02
 6.54588e-03  1.35815e-02

 7.82448e-03  1.42350e-02
 7.14802e-03  1.35005e-02
 7.29250e-03  1.35457e-02
 7.18115e-03  1.36482e-02
 7.14802e-03  1.35005e-02

 8.31302e-03  1.42350e-02
 7.75831e-03  1.34502e-02
 7.89577e-03  1.35135e-02
 7.77216e-03  1.36009e-02
 7.75831e-03  1.34502e-02

 8.80156e-03  1.42350e-02
 8.37500e-03  1.34362e-02
 8.50351e-03  1.35161e-02
 8.36999e-03  1.35874e-02
 8.37500e-03  1.34362e-02

 9.29010e-03  1.42350e-02
 8.98446e-03  1.34627e-02
 9.10307e-03  1.35567e-02
 8.96233e-03  1.36124e-02
 8.98446e-03  1.34627e-02

 9.77865e-03  1.42350e-02
 9.59508e-03  1.35373e-02
 9.70162e-03  1.36448e-02
 9.55524e-03  1.36833e-02
 9.59508e-03  1.35373e-02

 1.02672e-02  1.42350e-02
 1.01678e-02  1.36629e-02
 1.02648e-02  1.37791e-02
 1.01157e-02  1.38050e-02
 1.01678e-02  1.36629e-02

 1.07557e-02  1.42350e-02
 1.07557e-02  1.38572e-02
 1.08314e-02  1.39883e-02
 1.06800e-02  1.39883e-02
 1.07557e-02  1.38572e-02

 3.94635e-03  1.48050e-02
 3.07978e-03  1.52033e-02
 3.16728e-03  1.50798e-02
 3.23049e-03  1.52173e-02
 3.07978e-03  1.52033e-02

 4.43281e-03  1.48050e-02
 3.53551e-03  1.50178e-02
 3.64559e-03  1.49139e-02
 3.68052e-03  1.50612e-02
 3.53551e-03  1.50178e-02

 4.91927e-03  1.48050e-02
 4.01311e-03  1.48298e-02
 4.14208e-03  1.47506e-02
 4.14622e-03  1.49019e-02
 4.01311e-03  1.48298e-02

 5.40573e-03  1.48050e-02
 4.51213e-03  1.46442e-02
 4.65456e-03  1.45929e-02
 4.62774e-03  1.47419e-02
 4.51213e-03  1.46442e-02

 5.89219e-03  1.48050e-02
 5.03159e-03  1.44661e-02
 5.18129e-03  1.44437e-02
 5.12583e-03  1.45845e-02
 5.03159e-03  1.44661e-02

 6.37865e-03  1.48050e-02
 5.56997e-03  1.43009e-02
 5.72125e-03  1.43060e-02
 5.64117e-03  1.44345e-02
 5.56997e-03  1.43009e-02

 6.86510e-03  1.48050e-02
 6.12539e-03  1.41543e-02
 6.27380e-03  1.41840e-02
 6.17382e-03  1.42977e-02
 6.12539e-03  1.41543e-02

 7.35156e-03  1.48050e-02
 6.69489e-03  1.40319e-02
 6.83743e-03  1.40828e-02
 6.72207e-03  1.41808e-02
 6.69489e-03  1.40319e-02

 7.83802e-03  1.48050e-02
 7.27601e-03  1.39397e-02
 7.41088e-03  1.40084e-02
 7.28394e-03  1.40909e-02
 7.27601e-03  1.39397e-02

 8.32448e-03  1.48050e-02
 7.86362e-03  1.38833e-02
 7.98994e-03  1.39667e-02
 7.85455e-03  1.40344e-02
 7.86362e-03  1.38833e-02

 8.81094e-03  1.48050e-02
 8.45633e-03  1.38693e-02
 8.57356e-03  1.39651e-02
 8.43201e-03  1.40187e-02
 8.45633e-03  1.38693e-02

 9.29740e-03  1.48050e-02
 9.04298e-03  1.39024e-02
 9.15139e-03  1.40080e-02
 9.00570e-03  1.40491e-02
 9.04298e-03  1.39024e-02

 9.78385e-03  1.48050e-02
 9.63066e-03  1.39919e-02
 9.72931e-03  1.41067e-02
 9.58056e-03  1.41347e-02
 9.63066e-03  1.39919e-02

 1.02703e-02  1.48050e-02
 1.01870e-02  1.41397e-02
 1.02784e-02  1.42604e-02
 1.01282e-02  1.42792e-02
 1.01870e-02  1.41397e-02

 1.07568e-02  1.48050e-02
 1.07568e-02  1.43672e-02
 1.08325e-02  1.44983e-02
 1.06811e-02  1.44983e-02
 1.07568e-02  1.43672e-02

 3.97656e-03  1.53750e-02
 3.32080e-03  1.58049e-02
 3.38893e-03  1.56698e-02
 3.47192e-03  1.57964e-02
 3.32080e-03  1.58049e-02

 4.46094e-03  1.53750e-02
 3.78315e-03  1.55971e-02
 3.88416e-03  1.54843e-02
 3.93129e-03  1.56282e-02
 3.78315e-03  1.55971e-02

 4.94531e-03  1.53750e-02
 4.26205e-03  1.53871e-02
 4.39178e-03  1.53091e-02
 4.39445e-03  1.54604e-02
 4.26205e-03  1.53871e-02

 5.42969e-03  1.53750e-02
 4.75701e-03  1.51804e-02
 4.90397e-03  1.51441e-02
 4.86191e-03  1.52895e-02
 4.75701e-03  1.51804e-02

 5.91406e-03  1.53750e-02
 5.26727e-03  1.49828e-02
 5.41860e-03  1.49860e-02
 5.34012e-03  1.51155e-02
 5.26727e-03  1.49828e-02

 6.39844e-03  1.53750e-02
 5.79152e-03  1.48001e-02
 5.93874e-03  1.48353e-02
 5.83464e-03  1.49452e-02
 5.79152e-03  1.48001e-02

 6.88281e-03  1.53750e-02
 6.32826e-03  1.46384e-02
 6.46757e-03  1.46976e-02
 6.34664e-03  1.47887e-02
 6.32826e-03  1.46384e-02

 7.36719e-03  1.53750e-02
 6.87525e-03  1.45040e-02
 7.00562e-03  1.45810e-02
 6.87382e-03  1.46554e-02
 6.87525e-03  1.45040e-02

 7.85156e-03  1.53750e-02
 7.43064e-03  1.44034e-02
 7.55220e-03  1.44936e-02
 7.41330e-03  1.45537e-02
 7.43064e-03  1.44034e-02

 8.33594e-03  1.53750e-02
 7.99065e-03  1.43425e-02
 8.10400e-03  1.44428e-02
 7.96044e-03  1.44908e-02
 7.99065e-03  1.43425e-02

 8.82031e-03  1.53750e-02
 8.55429e-03  1.43287e-02
 8.65994e-03  1.44371e-02
 8.51324e-03  1.44744e-02
 8.55429e-03  1.43287e-02

 9.30469e-03  1.53750e-02
 9.11341e-03  1.43669e-02
 9.21221e-03  1.44816e-02
 9.06349e-03  1.45098e-02
 9.11341e-03  1.43669e-02

 9.78906e-03  1.53750e-02
 9.67345e-03  1.44680e-02
 9.76510e-03  1.45885e-02
 9.61495e-03  1.46076e-02
 9.67345e-03  1.44680e-02

 1.02734e-02  1.53750e-02
 1.02103e-02  1.46331e-02
 1.02968e-02  1.47573e-02
 1.01460e-02  1.47702e-02
 1.02103e-02  1.46331e-02

 1.07578e-02  1.53750e-02
 1.07578e-02  1.48871e-02
 1.08335e-02  1.50182e-02
 1.06821e-02  1.50182e-02
 1.07578e-02  1.48871e-02

 4.00677e-03  1.59450e-02
 3.59539e-03  1.63902e-02
 3.62876e-03  1.62426e-02
 3.73993e-03  1.63453e-02
 3.59539e-03  1.63902e-02

 4.48906e-03  1.59450e-02
 4.06489e-03  1.61670e-02
 4.14594e-03  1.60392e-02
 4.21613e-03  1.61733e-02
 4.06489e-03  1.61670e-02

 4.97135e-03  1.59450e-02
 4.54492e-03  1.59421e-02
 4.67651e-03  1.58673e-02
 4.67550e-03  1.60187e-02
 4.54492e-03  1.59421e-02

 5.45365e-03  1.59450e-02
 5.03505e-03  1.57215e-02
 5.18633e-03  1.57165e-02
 5.11504e-03  1.58500e-02
 5.03505e-03  1.57215e-02

 5.93594e-03  1.59450e-02
 5.53465e-03  1.55111e-02
 5.67922e-03  1.55560e-02
 5.56810e-03  1.56588e-02
 5.53465e-03  1.55111e-02

 6.41823e-03  1.59450e-02
 6.04277e-03  1.53172e-02
 6.17501e-03  1.53909e-02
 6.04510e-03  1.54686e-02
 6.04277e-03  1.53172e-02

 6.90052e-03  1.59450e-02
 6.55835e-03  1.51462e-02
 6.67953e-03  1.52369e-02
 6.54039e-03  1.52965e-02
 6.55835e-03  1.51462e-02

 7.38281e-03  1.59450e-02
 7.07993e-03  1.50045e-02
 7.19215e-03  1.51061e-02
 7.04807e-03  1.51525e-02
 7.07993e-03  1.50045e-02

 7.86510e-03  1.59450e-02
 7.60630e-03  1.48989e-02
 7.71125e-03  1.50080e-02
 7.56431e-03  1.50443e-02
 7.60630e-03  1.48989e-02

 8.34740e-03  1.59450e-02
 8.13519e-03  1.48356e-02
 8.23415e-03  1.49502e-02
 8.08548e-03  1.49786e-02
 8.13519e-03  1.48356e-02

 8.82969e-03  1.59450e-02
 8.66602e-03  1.48225e-02
 8.75983e-03  1.49413e-02
 8.61004e-03  1.49632e-02
 8.66602e-03  1.48225e-02

 9.31198e-03  1.59450e-02
 9.19404e-03  1.48646e-02
 9.28350e-03  1.49867e-02
 9.13303e-03  1.50031e-02
 9.19404e-03  1.48646e-02

 9.79427e-03  1.59450e-02
 9.72260e-03  1.49736e-02
 9.80772e-03  1.50988e-02
 9.65677e-03  1.51099e-02
 9.72260e-03  1.49736e-02

 1.02766e-02  1.59450e-02
 1.02372e-02  1.51502e-02
 1.03193e-02  1.52774e-02
 1.01681e-02  1.52848e-02
 1.02372e-02  1.51502e-02

 1.07589e-02  1.59450e-02
 1.07589e-02  1.54221e-02
 1.08345e-02  1.55531e-02
 1.06832e-02  1.55531e-02
 1.07589e-02  1.54221e-02

 4.03698e-03  1.65150e-02
 3.89067e-03  1.69605e-02
 3.85966e-03  1.68124e-02
 4.00347e-03  1.68596e-02
 3.89067e-03  1.69605e-02

 4.51719e-03  1.65150e-02
 4.36757e-03  1.67292e-02
 4.38058e-03  1.65784e-02
 4.50468e-03  1.66651e-02
 4.36757e-03  1.67292e-02

 4.99740e-03  1.65150e-02
 4.84863e-03  1.64969e-02
 4.98792e-03  1.64376e-02
 4.96959e-03  1.65879e-02
 4.84863e-03  1.64969e-02

 5.47760e-03  1.65150e-02
 5.33348e-03  1.62695e-02
 5.46511e-03  1.63442e-02
 5.33457e-03  1.64208e-02
 5.33348e-03  1.62695e-02

 5.95781e-03  1.65150e-02
 5.82167e-03  1.60532e-02
 5.93133e-03  1.61576e-02
 5.78614e-03  1.62004e-02
 5.82167e-03  1.60532e-02

 6.43802e-03  1.65150e-02
 6.31262e-03  1.58545e-02
 6.41143e-03  1.59692e-02
 6.26272e-03  1.59974e-02
 6.31262e-03  1.58545e-02

 6.91823e-03  1.65150e-02
 6.80573e-03  1.56798e-02
 6.89824e-03  1.57996e-02
 6.74822e-03  1.58198e-02
 6.80573e-03  1.56798e-02

 7.39844e-03  1.65150e-02
 7.30036e-03  1.55355e-02
 7.38873e-03  1.56584e-02
 7.23811e-03  1.56735e-02
 7.30036e-03  1.55355e-02

 7.87865e-03  1.65150e-02
 7.79594e-03  1.54286e-02
 7.88136e-03  1.55536e-02
 7.73043e-03  1.55651e-02
 7.79594e-03  1.54286e-02

 8.35885e-03  1.65150e-02
 8.29178e-03  1.53652e-02
 8.37497e-03  1.54917e-02
 8.22386e-03  1.55005e-02
 8.29178e-03  1.53652e-02

 8.83906e-03  1.65150e-02
 8.78762e-03  1.53533e-02
 8.86903e-03  1.54809e-02
 8.71781e-03  1.54876e-02
 8.78762e-03  1.53533e-02

 9.31927e-03  1.65150e-02
 9.28234e-03  1.53978e-02
 9.36231e-03  1.55263e-02
 9.21102e-03  1.55313e-02
 9.28234e-03  1.53978e-02

 9.79948e-03  1.65150e-02
 9.77681e-03  1.55109e-02
 9.85544e-03  1.56403e-02
 9.70411e-03  1.56437e-02
 9.77681e-03  1.55109e-02

 1.02797e-02  1.65150e-02
 1.02673e-02  1.56927e-02
 1.03449e-02  1.58226e-02
 1.01936e-02  1.58249e-02
 1.02673e-02  1.56927e-02

 1.07599e-02  1.65150e-02
 1.07599e-02  1.59734e-02
 1.08356e-02  1.61045e-02
 1.06842e-02  1.61045e-02
 1.07599e-02  1.59734e-02

 4.06719e-03  1.70850e-02
 4.19518e-03  1.75148e-02
 4.08523e-03  1.74107e-02
 4.23030e-03  1.73675e-02
 4.19518e-03  1.75148e-02

 4.54531e-03  1.70850e-02
 4.67942e-03  1.72831e-02
 4.54326e-03  1.72170e-02
 4.66862e-03  1.71322e-02
 4.67942e-03  1.72831e-02

 5.02344e-03  1.70850e-02
 5.16136e-03  1.70510e-02
 5.05218e-03  1.71559e-02
 5.01598e-03  1.70089e-02
 5.16136e-03  1.70510e-02

 5.50156e-03  1.70850e-02
 5.64071e-03  1.68245e-02
 5.64570e-03  1.69758e-02
 5.51219e-03  1.69045e-02
 5.64071e-03  1.68245e-02

 5.97969e-03  1.70850e-02
 6.11718e-03  1.66098e-02
 6.15345e-03  1.67567e-02
 6.00805e-03  1.67146e-02
 6.11718e-03  1.66098e-02

 6.45781e-03  1.70850e-02
 6.59059e-03  1.64130e-02
 6.63943e-03  1.65563e-02
 6.49093e-03  1.65269e-02
 6.59059e-03  1.64130e-02

 6.93594e-03  1.70850e-02
 7.06081e-03  1.62407e-02
 7.11650e-03  1.63814e-02
 6.96676e-03  1.63593e-02
 7.06081e-03  1.62407e-02

 7.41406e-03  1.70850e-02
 7.52800e-03  1.60990e-02
 7.58813e-03  1.62379e-02
 7.43777e-03  1.62205e-02
 7.52800e-03  1.60990e-02

 7.89219e-03  1.70850e-02
 7.99223e-03  1.59947e-02
 8.05562e-03  1.61322e-02
 7.90489e-03  1.61183e-02
 7.99223e-03  1.59947e-02

 8.37031e-03  1.70850e-02
 8.45440e-03  1.59337e-02
 8.52034e-03  1.60700e-02
 8.36937e-03  1.60589e-02
 8.45440e-03  1.59337e-02

 8.84844e-03  1.70850e-02
 8.91448e-03  1.59238e-02
 8.98260e-03  1.60590e-02
 8.83148e-03  1.60504e-02
 8.91448e-03  1.59238e-02

 9.32656e-03  1.70850e-02
 9.37499e-03  1.59694e-02
 9.44492e-03  1.61037e-02
 9.29370e-03  1.60971e-02
 9.37499e-03  1.59694e-02

 9.80469e-03  1.70850e-02
 9.83413e-03  1.60830e-02
 9.90593e-03  1.62162e-02
 9.75463e-03  1.62118e-02
 9.83413e-03  1.60830e-02

 1.02828e-02  1.70850e-02
 1.02993e-02  1.62640e-02
 1.03724e-02  1.63966e-02
 1.02210e-02  1.63935e-02
 1.02993e-02  1.62640e-02

 1.07609e-02  1.70850e-02
 1.07609e-02  1.65435e-02
 1.08366e-02  1.66746e-02
 1.06853e-02  1.66746e-02
 1.07609e-02  1.65435e-02

 4.09740e-03  1.76550e-02
 4.49660e-03  1.80541e-02
 4.35038e-03  1.80149e-02
 4.45740e-03  1.79079e-02
 4.49660e-03  1.80541e-02

 4.57344e-03  1.76550e-02
 4.98760e-03  1.78299e-02
 4.83740e-03  1.78486e-02
 4.89627e-03  1.77092e-02
 4.98760e-03  1.78299e-02

 5.04948e-03  1.76550e-02
 5.47004e-03  1.76058e-02
 5.34864e-03  1.76962e-02
 5.33104e-03  1.75458e-02
 5.47004e-03  1.76058e-02

 5.52552e-03  1.76550e-02
 5.94365e-03  1.73877e-02
 5.87397e-03  1.75221e-02
 5.79244e-03  1.73945e-02
 5.94365e-03  1.73877e-02

 6.00156e-03  1.76550e-02
 6.40837e-03  1.71817e-02
 6.38032e-03  1.73304e-02
 6.26553e-03  1.72318e-02
 6.40837e-03  1.71817e-02

 6.47760e-03  1.76550e-02
 6.86438e-03  1.69936e-02
 6.86354e-03  1.71450e-02
 6.73288e-03  1.70686e-02
 6.86438e-03  1.69936e-02

 6.95365e-03  1.76550e-02
 7.31206e-03  1.68296e-02
 7.32927e-03  1.69800e-02
 7.19043e-03  1.69197e-02
 7.31206e-03  1.68296e-02

 7.42969e-03  1.76550e-02
 7.75234e-03  1.66956e-02
 7.78229e-03  1.68439e-02
 7.63882e-03  1.67957e-02
 7.75234e-03  1.66956e-02

 7.90573e-03  1.76550e-02
 8.18595e-03  1.65977e-02
 8.22552e-03  1.67438e-02
 8.07921e-03  1.67050e-02
 8.18595e-03  1.65977e-02

 8.38177e-03  1.76550e-02
 8.61525e-03  1.65416e-02
 8.66242e-03  1.66855e-02
 8.51428e-03  1.66544e-02
 8.61525e-03  1.65416e-02

 8.85781e-03  1.76550e-02
 9.04041e-03  1.65344e-02
 9.09402e-03  1.66760e-02
 8.94463e-03  1.66516e-02
 9.04041e-03  1.65344e-02

 9.33385e-03  1.76550e-02
 9.46744e-03  1.65803e-02
 9.52638e-03  1.67197e-02
 9.37617e-03  1.67010e-02
 9.46744e-03  1.65803e-02

 9.80990e-03  1.76550e-02
 9.89173e-03  1.66908e-02
 9.95606e-03  1.68278e-02
 9.80523e-03  1.68150e-02
 9.89173e-03  1.66908e-02

 1.02859e-02  1.76550e-02
 1.03318e-02  1.68653e-02
 1.03998e-02  1.70006e-02
 1.02487e-02  1.69918e-02
 1.03318e-02  1.68653e-02

 1.07620e-02  1.76550e-02
 1.07620e-02  1.71335e-02
 1.08377e-02  1.72646e-02
 1.06863e-02  1.72646e-02
 1.07620e-02  1.71335e-02

 4.12760e-03  1.82250e-02
 4.78268e-03  1.85795e-02
 4.63137e-03  1.85837e-02
 4.70342e-03  1.84506e-02
 4.78268e-03  1.85795e-02

 4.60156e-03  1.82250e-02
 5.27918e-03  1.83700e-02
 5.13516e-03  1.84166e-02
 5.16683e-03  1.82686e-02
 5.27918e-03  1.83700e-02

 5.07552e-03  1.82250e-02
 5.76126e-03  1.81612e-02
 5.63774e-03  1.82487e-02
 5.62372e-03  1.80980e-02
 5.76126e-03  1.81612e-02

 5.54948e-03  1.82250e-02
 6.22872e-03  1.79587e-02
 6.13429e-03  1.80770e-02
 6.07905e-03  1.79361e-02
 6.22872e-03  1.79587e-02

 6.02344e-03  1.82250e-02
 6.68170e-03  1.77682e-02
 6.61715e-03  1.79051e-02
 6.53086e-03  1.77808e-02
 6.68170e-03  1.77682e-02

 6.49740e-03  1.82250e-02
 7.12083e-03  1.75951e-02
 7.08241e-03  1.77415e-02
 6.97483e-03  1.76350e-02
 7.12083e-03  1.75951e-02

 6.97135e-03  1.82250e-02
 7.54693e-03  1.74450e-02
 7.52999e-03  1.75954e-02
 7.40819e-03  1.75055e-02
 7.54693e-03  1.74450e-02

 7.44531e-03  1.82250e-02
 7.96174e-03  1.73232e-02
 7.96228e-03  1.74745e-02
 7.83092e-03  1.73993e-02
 7.96174e-03  1.73232e-02

 7.91927e-03  1.82250e-02
 8.36659e-03  1.72353e-02
 8.38157e-03  1.73859e-02
 8.24363e-03  1.73236e-02
 8.36659e-03  1.72353e-02

 8.39323e-03  1.82250e-02
 8.76524e-03  1.71864e-02
 8.79228e-03  1.73353e-02
 8.64978e-03  1.72843e-02
 8.76524e-03  1.71864e-02

 8.86719e-03  1.82250e-02
 9.15798e-03  1.71827e-02
 9.19565e-03  1.73293e-02
 9.04985e-03  1.72886e-02
 9.15798e-03  1.71827e-02

 9.34115e-03  1.82250e-02
 9.55398e-03  1.72280e-02
 9.60062e-03  1.73720e-02
 9.45259e-03  1.73404e-02
 9.55398e-03  1.72280e-02

 9.81510e-03  1.82250e-02
 9.94593e-03  1.73325e-02
 1.00018e-02  1.74731e-02
 9.85204e-03  1.74512e-02
 9.94593e-03  1.73325e-02

 1.02891e-02  1.82250e-02
 1.03625e-02  1.74952e-02
 1.04247e-02  1.76332e-02
 1.02741e-02  1.76181e-02
 1.03625e-02  1.74952e-02

 1.07630e-02  1.82250e-02
 1.07630e-02  1.77426e-02
 1.08387e-02  1.78737e-02
 1.06873e-02  1.78737e-02
 1.07630e-02  1.77426e-02

 4.15781e-03  1.87950e-02
 5.03877e-03  1.90942e-02
 4.89031e-03  1.91237e-02
 4.93898e-03  1.89803e-02
 5.03877e-03  1.90942e-02

 4.62969e-03  1.87950e-02
 5.53880e-03  1.89063e-02
 5.39948e-03  1.89655e-02
 5.41788e-03  1.88153e-02
 5.53880e-03  1.89063e-02

 5.10156e-03  1.87950e-02
 6.01915e-03  1.87198e-02
 5.89468e-03  1.88060e-02
 5.88232e-03  1.86551e-02
 6.01915e-03  1.87198e-02

 5.57344e-03  1.87950e-02
 6.47990e-03  1.85397e-02
 6.37424e-03  1.86481e-02
 6.33320e-03  1.85024e-02
 6.47990e-03  1.85397e-02

 6.04531e-03  1.87950e-02
 6.92135e-03  1.83710e-02
 6.83633e-03  1.84962e-02
 6.77038e-03  1.83600e-02
 6.92135e-03  1.83710e-02

 6.51719e-03  1.87950e-02
 7.34463e-03  1.82185e-02
 7.28034e-03  1.83556e-02
 7.19381e-03  1.82314e-02
 7.34463e-03  1.82185e-02

 6.98906e-03  1.87950e-02
 7.75089e-03  1.80872e-02
 7.70637e-03  1.82319e-02
 7.60334e-03  1.81210e-02
 7.75089e-03  1.80872e-02

 7.46094e-03  1.87950e-02
 8.14280e-03  1.79816e-02
 8.11658e-03  1.81307e-02
 8.00059e-03  1.80335e-02
 8.14280e-03  1.79816e-02

 7.93281e-03  1.87950e-02
 8.52218e-03  1.79067e-02
 8.51277e-03  1.80578e-02
 8.38664e-03  1.79741e-02
 8.52218e-03  1.79067e-02

 8.40469e-03  1.87950e-02
 8.89400e-03  1.78667e-02
 8.89983e-03  1.80180e-02
 8.76592e-03  1.79474e-02
 8.89400e-03  1.78667e-02

 8.87656e-03  1.87950e-02
 9.25876e-03  1.78670e-02
 9.27882e-03  1.80171e-02
 9.13886e-03  1.79594e-02
 9.25876e-03  1.78670e-02

 9.34844e-03  1.87950e-02
 9.62813e-03  1.79109e-02
 9.66075e-03  1.80587e-02
 9.51644e-03  1.80130e-02
 9.62813e-03  1.79109e-02

 9.82031e-03  1.87950e-02
 9.99259e-03  1.80064e-02
 1.00386e-02  1.81506e-02
 9.89067e-03  1.81183e-02
 9.99259e-03  1.80064e-02

 1.02922e-02  1.87950e-02
 1.03891e-02  1.81530e-02
 1.04443e-02  1.82939e-02
 1.02947e-02  1.82713e-02
 1.03891e-02  1.81530e-02

 1.07641e-02  1.87950e-02
 1.07641e-02  1.83706e-02
 1.08397e-02  1.85017e-02
 1.06884e-02  1.85017e-02
 1.07641e-02  1.83706e-02

 4.18802e-03  1.93650e-02
 5.25062e-03  1.96010e-02
 5.10624e-03  1.96464e-02
 5.13905e-03  1.94987e-02
 5.25062e-03  1.96010e-02

 4.65781e-03  1.93650e-02
 5.75121e-03  1.94402e-02
 5.61524e-03  1.95067e-02
 5.62562e-03  1.93557e-02
 5.75121e-03  1.94402e-02

 5.12760e-03  1.93650e-02
 6.22819e-03  1.92812e-02
 6.10323e-03  1.93666e-02
 6.09174e-03  1.92157e-02
 6.22819e-03  1.92812e-02

 5.59740e-03  1.93650e-02
 6.68141e-03  1.91285e-02
 6.56947e-03  1.92304e-02
 6.53720e-03  1.90825e-02
 6.68141e-03  1.91285e-02

 6.06719e-03  1.93650e-02
 7.11162e-03  1.89862e-02
 7.01419e-03  1.91021e-02
 6.96258e-03  1.89598e-02
 7.11162e-03  1.89862e-02

 6.53698e-03  1.93650e-02
 7.52041e-03  1.88586e-02
 7.43852e-03  1.89859e-02
 7.36922e-03  1.88513e-02
 7.52041e-03  1.88586e-02

 7.00677e-03  1.93650e-02
 7.90945e-03  1.87495e-02
 7.84378e-03  1.88859e-02
 7.75850e-03  1.87608e-02
 7.90945e-03  1.87495e-02

 7.47656e-03  1.93650e-02
 8.28199e-03  1.86628e-02
 8.23291e-03  1.88060e-02
 8.13344e-03  1.86919e-02
 8.28199e-03  1.86628e-02

 7.94635e-03  1.93650e-02
 8.64046e-03  1.86026e-02
 8.60817e-03  1.87505e-02
 8.49625e-03  1.86486e-02
 8.64046e-03  1.86026e-02

 8.41615e-03  1.93650e-02
 8.99082e-03  1.85724e-02
 8.97514e-03  1.87230e-02
 8.85260e-03  1.86341e-02
 8.99082e-03  1.85724e-02

 8.88594e-03  1.93650e-02
 9.33379e-03  1.85766e-02
 9.33485e-03  1.87280e-02
 9.20323e-03  1.86532e-02
 9.33379e-03  1.85766e-02

 9.35573e-03  1.93650e-02
 9.68280e-03  1.86180e-02
 9.69955e-03  1.87685e-02
 9.56089e-03  1.87077e-02
 9.68280e-03  1.86180e-02

 9.82552e-03  1.93650e-02
 1.00269e-02  1.87022e-02
 1.00612e-02  1.88496e-02
 9.91637e-03  1.88056e-02
 1.00269e-02  1.87022e-02

 1.02953e-02  1.93650e-02
 1.04083e-02  1.88292e-02
 1.04553e-02  1.89731e-02
 1.03072e-02  1.89419e-02
 1.04083e-02  1.88292e-02

 1.07651e-02  1.93650e-02
 1.07651e-02  1.90107e-02
 1.08408e-02  1.91418e-02
 1.06894e-02  1.91418e-02
 1.07651e-02  1.90107e-02

 4.21823e-03  1.99350e-02
 5.39798e-03  2.01062e-02
 5.25739e-03  2.01623e-02
 5.27912e-03  2.00125e-02
 5.39798e-03  2.01062e-02

 4.68594e-03  1.99350e-02
 5.89612e-03  1.99778e-02
 5.76243e-03  2.00488e-02
 5.76779e-03  1.98976e-02
 5.89612e-03  1.99778e-02

 5.15365e-03  1.99350e-02
 6.36776e-03  1.98516e-02
 6.24217e-03  1.99361e-02
 6.23179e-03  1.97851e-02
 6.36776e-03  1.98516e-02

 5.62135e-03  1.99350e-02
 6.81322e-03  1.97310e-02
 6.69678e-03  1.98277e-02
 6.67124e-03  1.96785e-02
 6.81322e-03  1.97310e-02

 6.08906e-03  1.99350e-02
 7.23347e-03  1.96193e-02
 7.12723e-03  1.97271e-02
 7.08698e-03  1.95812e-02
 7.23347e-03  1.96193e-02

 6.55677e-03  1.99350e-02
 7.63042e-03  1.95198e-02
 7.53545e-03  1.96377e-02
 7.48086e-03  1.94965e-02
 7.63042e-03  1.95198e-02

 7.02448e-03  1.99350e-02
 8.00632e-03  1.94356e-02
 7.92379e-03  1.95625e-02
 7.85517e-03  1.94276e-02
 8.00632e-03  1.94356e-02

 7.49219e-03  1.99350e-02
 8.36489e-03  1.93697e-02
 8.29602e-03  1.95045e-02
 8.21373e-03  1.93774e-02
 8.36489e-03  1.93697e-02

 7.95990e-03  1.99350e-02
 8.70912e-03  1.93250e-02
 8.65525e-03  1.94665e-02
 8.55968e-03  1.93491e-02
 8.70912e-03  1.93250e-02

 8.42760e-03  1.99350e-02
 9.04545e-03  1.93046e-02
 9.00774e-03  1.94512e-02
 8.89964e-03  1.93453e-02
 9.04545e-03  1.93046e-02

 8.89531e-03  1.99350e-02
 9.37499e-03  1.93117e-02
 9.35501e-03  1.94618e-02
 9.23506e-03  1.93695e-02
 9.37499e-03  1.93117e-02

 9.36302e-03  1.99350e-02
 9.71203e-03  1.93489e-02
 9.70999e-03  1.95003e-02
 9.57993e-03  1.94228e-02
 9.71203e-03  1.93489e-02

 9.83073e-03  1.99350e-02
 1.00451e-02  1.94192e-02
 1.00647e-02  1.95693e-02
 9.92492e-03  1.95112e-02
 1.00451e-02  1.94192e-02

 1.02984e-02  1.99350e-02
 1.04186e-02  1.95237e-02
 1.04545e-02  1.96707e-02
 1.03092e-02  1.96283e-02
 1.04186e-02  1.95237e-02

 1.07661e-02  1.99350e-02
 1.07661e-02  1.96635e-02
 1.08418e-02  1.97946e-02
 1.06905e-02  1.97946e-02
 1.07661e-02  1.96635e-02

 4.24844e-03  2.05050e-02
 5.46626e-03  2.06128e-02
 5.32901e-03  2.06766e-02
 5.34236e-03  2.05259e-02
 5.46626e-03  2.06128e-02

 4.71406e-03  2.05050e-02
 5.95822e-03  2.05176e-02
 5.82638e-03  2.05919e-02
 5.82791e-03  2.04406e-02
 5.95822e-03  2.05176e-02

 5.17969e-03  2.05050e-02
 6.42279e-03  2.04245e-02
 6.29687e-03  2.05085e-02
 6.28708e-03  2.03574e-02
 6.42279e-03  2.04245e-02

 5.64531e-03  2.05050e-02
 6.86041e-03  2.03362e-02
 6.74098e-03  2.04292e-02
 6.72016e-03  2.02793e-02
 6.86041e-03  2.03362e-02

 6.11094e-03  2.05050e-02
 7.27253e-03  2.02551e-02
 7.16029e-03  2.03567e-02
 7.12846e-03  2.02087e-02
 7.27253e-03  2.02551e-02

 6.57656e-03  2.05050e-02
 7.66126e-03  2.01835e-02
 7.55708e-03  2.02934e-02
 7.51407e-03  2.01482e-02
 7.66126e-03  2.01835e-02

 7.04219e-03  2.05050e-02
 8.02925e-03  2.01236e-02
 7.93425e-03  2.02415e-02
 7.87970e-03  2.01003e-02
 8.02925e-03  2.01236e-02

 7.50781e-03  2.05050e-02
 8.38044e-03  2.00775e-02
 8.29602e-03  2.02031e-02
 8.22943e-03  2.00672e-02
 8.38044e-03  2.00775e-02

 7.97344e-03  2.05050e-02
 8.71816e-03  2.00474e-02
 8.64610e-03  2.01805e-02
 8.56685e-03  2.00515e-02
 8.71816e-03  2.00474e-02

 8.43906e-03  2.05050e-02
 9.04910e-03  2.00355e-02
 8.99138e-03  2.01754e-02
 8.89906e-03  2.00554e-02
 9.04910e-03  2.00355e-02

 8.90469e-03  2.05050e-02
 9.37480e-03  2.00440e-02
 9.33419e-03  2.01898e-02
 9.22821e-03  2.00818e-02
 9.37480e-03  2.00440e-02

 9.37031e-03  2.05050e-02
 9.70940e-03  2.00754e-02
 9.68759e-03  2.02252e-02
 9.56878e-03  2.01314e-02
 9.70940e-03  2.00754e-02

 9.83594e-03  2.05050e-02
 1.00424e-02  2.01305e-02
 1.00454e-02  2.02818e-02
 9.91284e-03  2.02087e-02
 1.00424e-02  2.01305e-02

 1.03016e-02  2.05050e-02
 1.04159e-02  2.02115e-02
 1.04388e-02  2.03612e-02
 1.02978e-02  2.03062e-02
 1.04159e-02  2.02115e-02

 1.07672e-02  2.05050e-02
 1.07672e-02  2.03106e-02
 1.08429e-02  2.04417e-02
 1.06915e-02  2.04417e-02
 1.07672e-02  2.03106e-02

 4.27865e-03  2.10750e-02
 5.42480e-03  2.11321e-02
 5.29011e-03  2.12011e-02
 5.29764e-03  2.10500e-02
 5.42480e-03  2.11321e-02

 4.74219e-03  2.10750e-02
 5.90809e-03  2.10735e-02
 5.77710e-03  2.11494e-02
 5.77691e-03  2.09980e-02
 5.90809e-03  2.10735e-02

 5.20573e-03  2.10750e-02
 6.36550e-03  2.10167e-02
 6.23838e-03  2.10989e-02
 6.23078e-03  2.09477e-02
 6.36550e-03  2.10167e-02

 5.66927e-03  2.10750e-02
 6.79779e-03  2.09631e-02
 6.67480e-03  2.10514e-02
 6.65987e-03  2.09008e-02
 6.79779e-03  2.09631e-02

 6.13281e-03  2.10750e-02
 7.20653e-03  2.09143e-02
 7.08809e-03  2.10086e-02
 7.06569e-03  2.08589e-02
 7.20653e-03  2.09143e-02

 6.59635e-03  2.10750e-02
 7.59401e-03  2.08716e-02
 7.48069e-03  2.09719e-02
 7.45045e-03  2.08236e-02
 7.59401e-03  2.08716e-02

 7.05990e-03  2.10750e-02
 7.96288e-03  2.08362e-02
 7.85550e-03  2.09428e-02
 7.81679e-03  2.07965e-02
 7.96288e-03  2.08362e-02

 7.52344e-03  2.10750e-02
 8.31698e-03  2.08093e-02
 8.21670e-03  2.09227e-02
 8.16865e-03  2.07792e-02
 8.31698e-03  2.08093e-02

 7.98698e-03  2.10750e-02
 8.65965e-03  2.07924e-02
 8.56811e-03  2.09130e-02
 8.50948e-03  2.07734e-02
 8.65965e-03  2.07924e-02

 8.45052e-03  2.10750e-02
 8.99722e-03  2.07869e-02
 8.91653e-03  2.09150e-02
 8.84597e-03  2.07811e-02
 8.99722e-03  2.07869e-02

 8.91406e-03  2.10750e-02
 9.33143e-03  2.07942e-02
 9.26491e-03  2.09302e-02
 9.18042e-03  2.08046e-02
 9.33143e-03  2.07942e-02

 9.37760e-03  2.10750e-02
 9.67537e-03  2.08165e-02
 9.62600e-03  2.09596e-02
 9.52677e-03  2.08453e-02
 9.67537e-03  2.08165e-02

 9.84115e-03  2.10750e-02
 1.00202e-02  2.08531e-02
 9.99677e-03  2.10027e-02
 9.87897e-03  2.09076e-02
 1.00202e-02  2.08531e-02

 1.03047e-02  2.10750e-02
 1.04030e-02  2.09078e-02
 1.04018e-02  2.10592e-02
 1.02713e-02  2.09824e-02
 1.04030e-02  2.09078e-02

 1.07682e-02  2.10750e-02
 1.07682e-02  2.09649e-02
 1.08439e-02  2.10960e-02
 1.06925e-02  2.10960e-02
 1.07682e-02  2.09649e-02

 4.30885e-03  2.16450e-02
 5.26897e-03  2.16577e-02
 5.13690e-03  2.17316e-02
 5.13890e-03  2.15803e-02
 5.26897e-03  2.16577e-02

 4.77031e-03  2.16450e-02
 5.74141e-03  2.16258e-02
 5.61184e-03  2.17041e-02
 5.60885e-03  2.15528e-02
 5.74141e-03  2.16258e-02

 5.23177e-03  2.16450e-02
 6.19227e-03  2.15952e-02
 6.06528e-03  2.16776e-02
 6.05744e-03  2.15264e-02
 6.19227e-03  2.15952e-02

 5.69323e-03  2.16450e-02
 6.62224e-03  2.15667e-02
 6.49798e-03  2.16531e-02
 6.48526e-03  2.15023e-02
 6.62224e-03  2.15667e-02

 6.15469e-03  2.16450e-02
 7.03307e-03  2.15409e-02
 6.91180e-03  2.16315e-02
 6.89399e-03  2.14812e-02
 7.03307e-03  2.15409e-02

 6.61615e-03  2.16450e-02
 7.42664e-03  2.15186e-02
 7.30878e-03  2.16136e-02
 7.28546e-03  2.14641e-02
 7.42664e-03  2.15186e-02

 7.07760e-03  2.16450e-02
 7.80548e-03  2.15005e-02
 7.69164e-03  2.16003e-02
 7.66217e-03  2.14518e-02
 7.80548e-03  2.15005e-02

 7.53906e-03  2.16450e-02
 8.17292e-03  2.14871e-02
 8.06401e-03  2.15923e-02
 8.02743e-03  2.14454e-02
 8.17292e-03  2.14871e-02

 8.00052e-03  2.16450e-02
 8.53171e-03  2.14792e-02
 8.42913e-03  2.15905e-02
 8.38403e-03  2.14460e-02
 8.53171e-03  2.14792e-02

 8.46198e-03  2.16450e-02
 8.88739e-03  2.14776e-02
 8.79311e-03  2.15960e-02
 8.73769e-03  2.14552e-02
 8.88739e-03  2.14776e-02

 8.92344e-03  2.16450e-02
 9.24156e-03  2.14829e-02
 9.15913e-03  2.16098e-02
 9.09040e-03  2.14750e-02
 9.24156e-03  2.14829e-02

 9.38490e-03  2.16450e-02
 9.60551e-03  2.14968e-02
 9.53891e-03  2.16327e-02
 9.45450e-03  2.15071e-02
 9.60551e-03  2.14968e-02

 9.84635e-03  2.16450e-02
 9.97315e-03  2.15177e-02
 9.93426e-03  2.16640e-02
 9.82702e-03  2.15572e-02
 9.97315e-03  2.15177e-02

 1.03078e-02  2.16450e-02
 1.03736e-02  2.15504e-02
 1.03609e-02  2.17012e-02
 1.02366e-02  2.16148e-02
 1.03736e-02  2.15504e-02

 1.07693e-02  2.16450e-02
 1.07693e-02  2.15792e-02
 1.08450e-02  2.17103e-02
 1.06936e-02  2.17103e-02
 1.07693e-02  2.15792e-02

 4.33906e-03  2.22150e-02
 4.93774e-03  2.22150e-02
 4.80665e-03  2.22907e-02
 4.80665e-03  2.21393e-02
 4.93774e-03  2.22150e-02

 4.79844e-03  2.22150e-02
 5.40138e-03  2.22150e-02
 5.27029e-03  2.22907e-02
 5.27029e-03  2.21393e-02
 5.40138e-03  2.22150e-02

 5.25781e-03  2.22150e-02
 5.85155e-03  2.22150e-02
 5.72046e-03  2.22907e-02
 5.72046e-03  2.21393e-02
 5.85155e-03  2.22150e-02

 5.71719e-03  2.22150e-02
 6.28904e-03  2.22150e-02
 6.15796e-03  2.22907e-02
 6.15796e-03  2.21393e-02
 6.28904e-03  2.22150e-02

 6.17656e-03  2.22150e-02
 6.71490e-03  2.22150e-02
 6.58381e-03  2.22907e-02
 6.58381e-03  2.21393e-02
 6.71490e-03  2.22150e-02

 6.63594e-03  2.22150e-02
 7.13054e-03  2.22150e-02
 6.99946e-03  2.22907e-02
 6.99946e-03  2.21393e-02
 7.13054e-03  2.22150e-02

 7.09531e-03  2.22150e-02
 7.53752e-03  2.22150e-02
 7.40644e-03  2.22907e-02
 7.40644e-03  2.21393e-02
 7.53752e-03  2.22150e-02

 7.55469e-03  2.22150e-02
 7.93801e-03  2.22150e-02
 7.80692e-03  2.22907e-02
 7.80692e-03  2.21393e-02
 7.93801e-03  2.22150e-02

 8.01406e-03  2.22150e-02
 8.33370e-03  2.22150e-02
 8.20262e-03  2.22907e-02
 8.20262e-03  2.21393e-02
 8.33370e-03  2.22150e-02

 8.47344e-03  2.22150e-02
 8.72813e-03  2.22150e-02
 8.59704e-03  2.22907e-02
 8.59704e-03  2.21393e-02
 8.72813e-03  2.22150e-02

 8.93281e-03  2.22150e-02
 9.12209e-03  2.22150e-02
 8.99100e-03  2.22907e-02
 8.99100e-03  2.21393e-02
 9.12209e-03  2.22150e-02

 9.39219e-03  2.22150e-02
 9.52285e-03  2.22150e-02
 9.39176e-03  2.22907e-02
 9.39176e-03  2.21393e-02
 9.52285e-03  2.22150e-02

 9.85156e-03  2.22150e-02
 9.92597e-03  2.22150e-02
 9.79489e-03  2.22907e-02
 9.79489e-03  2.21393e-02
 9.92597e-03  2.22150e-02

 1.03109e-02  2.22150e-02
 1.03500e-02  2.22150e-02
 1.02189e-02  2.22907e-02
 1.02189e-02  2.21393e-02
 1.03500e-02  2.22150e-02

 1.07703e-02  2.22150e-02
 1.07703e-02  2.22150e-02
 1.06946e-02  2.20839e-02
 1.08460e-02  2.20839e-02
 1.07703e-02  2.22150e-02

