#[ Fluid velocity 2D plot data file: flw.dat ]
 1.95313e-04  1.13850e-02
 1.95313e-04  1.13850e-02
 1.19629e-04  1.12539e-02
 2.70996e-04  1.12539e-02
 1.95313e-04  1.13850e-02

 5.85937e-04  1.13850e-02
 4.40625e-04  1.13850e-02
 5.71713e-04  1.13093e-02
 5.71713e-04  1.14607e-02
 4.40625e-04  1.13850e-02

 9.76562e-04  1.13850e-02
 7.84758e-04  1.13850e-02
 9.15845e-04  1.13093e-02
 9.15845e-04  1.14607e-02
 7.84758e-04  1.13850e-02

 1.36719e-03  1.13850e-02
 1.08476e-03  1.13850e-02
 1.21585e-03  1.13093e-02
 1.21585e-03  1.14607e-02
 1.08476e-03  1.13850e-02

 1.75781e-03  1.13850e-02
 1.40733e-03  1.13850e-02
 1.53842e-03  1.13093e-02
 1.53842e-03  1.14607e-02
 1.40733e-03  1.13850e-02

 2.14844e-03  1.13850e-02
 1.72415e-03  1.13850e-02
 1.85524e-03  1.13093e-02
 1.85524e-03  1.14607e-02
 1.72415e-03  1.13850e-02

 2.53906e-03  1.13850e-02
 2.04954e-03  1.13850e-02
 2.18063e-03  1.13093e-02
 2.18063e-03  1.14607e-02
 2.04954e-03  1.13850e-02

 2.92969e-03  1.13850e-02
 2.38022e-03  1.13850e-02
 2.51131e-03  1.13093e-02
 2.51131e-03  1.14607e-02
 2.38022e-03  1.13850e-02

 3.32031e-03  1.13850e-02
 2.72094e-03  1.13850e-02
 2.85202e-03  1.13093e-02
 2.85202e-03  1.14607e-02
 2.72094e-03  1.13850e-02

 1.97049e-04  1.19550e-02
 1.97049e-04  1.22198e-02
 1.21365e-04  1.20887e-02
 2.72732e-04  1.20887e-02
 1.97049e-04  1.22198e-02

 5.91146e-04  1.19550e-02
 3.71520e-04  1.22019e-02
 4.02085e-04  1.20537e-02
 5.15190e-04  1.21543e-02
 3.71520e-04  1.22019e-02

 9.85243e-04  1.19550e-02
 6.86679e-04  1.22006e-02
 7.39833e-04  1.20589e-02
 8.35996e-04  1.21758e-02
 6.86679e-04  1.22006e-02

 1.37934e-03  1.19550e-02
 9.41088e-04  1.21938e-02
 1.01999e-03  1.20646e-02
 1.09241e-03  1.21975e-02
 9.41088e-04  1.21938e-02

 1.77344e-03  1.19550e-02
 1.22945e-03  1.21868e-02
 1.32037e-03  1.20658e-02
 1.37971e-03  1.22050e-02
 1.22945e-03  1.21868e-02

 2.16753e-03  1.19550e-02
 1.51222e-03  1.21750e-02
 1.61240e-03  1.20616e-02
 1.66058e-03  1.22051e-02
 1.51222e-03  1.21750e-02

 2.56163e-03  1.19550e-02
 1.80973e-03  1.21580e-02
 1.91656e-03  1.20508e-02
 1.95601e-03  1.21969e-02
 1.80973e-03  1.21580e-02

 2.95573e-03  1.19550e-02
 2.11670e-03  1.21338e-02
 2.22914e-03  1.20324e-02
 2.26068e-03  1.21805e-02
 2.11670e-03  1.21338e-02

 3.34983e-03  1.19550e-02
 2.43913e-03  1.21029e-02
 2.55639e-03  1.20072e-02
 2.58065e-03  1.21566e-02
 2.43913e-03  1.21029e-02

 1.98785e-04  1.25250e-02
 1.98785e-04  1.29355e-02
 1.23101e-04  1.28044e-02
 2.74468e-04  1.28044e-02
 1.98785e-04  1.29355e-02

 5.96354e-04  1.25250e-02
 3.45115e-04  1.29255e-02
 3.50658e-04  1.27743e-02
 4.78886e-04  1.28547e-02
 3.45115e-04  1.29255e-02

 9.93924e-04  1.25250e-02
 6.45416e-04  1.29163e-02
 6.76085e-04  1.27681e-02
 7.89119e-04  1.28687e-02
 6.45416e-04  1.29163e-02

 1.39149e-03  1.25250e-02
 8.80365e-04  1.29023e-02
 9.40881e-04  1.27636e-02
 1.03078e-03  1.28853e-02
 8.80365e-04  1.29023e-02

 1.78906e-03  1.25250e-02
 1.15560e-03  1.28832e-02
 1.23246e-03  1.27528e-02
 1.30696e-03  1.28845e-02
 1.15560e-03  1.28832e-02

 2.18663e-03  1.25250e-02
 1.42798e-03  1.28574e-02
 1.51768e-03  1.27354e-02
 1.57842e-03  1.28741e-02
 1.42798e-03  1.28574e-02

 2.58420e-03  1.25250e-02
 1.71982e-03  1.28236e-02
 1.81901e-03  1.27093e-02
 1.86844e-03  1.28524e-02
 1.71982e-03  1.28236e-02

 2.98177e-03  1.25250e-02
 2.02392e-03  1.27813e-02
 2.13099e-03  1.26743e-02
 2.17012e-03  1.28206e-02
 2.02392e-03  1.27813e-02

 3.37934e-03  1.25250e-02
 2.34535e-03  1.27314e-02
 2.45909e-03  1.26315e-02
 2.48872e-03  1.27800e-02
 2.34535e-03  1.27314e-02

 2.00521e-04  1.30950e-02
 2.00521e-04  1.37460e-02
 1.24837e-04  1.36149e-02
 2.76204e-04  1.36149e-02
 2.00521e-04  1.37460e-02

 6.01563e-04  1.30950e-02
 3.42036e-04  1.37432e-02
 3.20503e-04  1.35933e-02
 4.61024e-04  1.36496e-02
 3.42036e-04  1.37432e-02

 1.00260e-03  1.30950e-02
 6.41549e-04  1.37253e-02
 6.41031e-04  1.35740e-02
 7.72377e-04  1.36492e-02
 6.41549e-04  1.37253e-02

 1.40365e-03  1.30950e-02
 8.73370e-04  1.37006e-02
 9.02786e-04  1.35521e-02
 1.01667e-03  1.36518e-02
 8.73370e-04  1.37006e-02

 1.80469e-03  1.30950e-02
 1.14747e-03  1.36643e-02
 1.19700e-03  1.35213e-02
 1.29610e-03  1.36357e-02
 1.14747e-03  1.36643e-02

 2.20573e-03  1.30950e-02
 1.41923e-03  1.36177e-02
 1.48651e-03  1.34821e-02
 1.57029e-03  1.36082e-02
 1.41923e-03  1.36177e-02

 2.60677e-03  1.30950e-02
 1.71189e-03  1.35598e-02
 1.79334e-03  1.34322e-02
 1.86311e-03  1.35665e-02
 1.71189e-03  1.35598e-02

 3.00781e-03  1.30950e-02
 2.01757e-03  1.34912e-02
 2.11117e-03  1.33722e-02
 2.16739e-03  1.35127e-02
 2.01757e-03  1.34912e-02

 3.40885e-03  1.30950e-02
 2.34111e-03  1.34135e-02
 2.44510e-03  1.33035e-02
 2.48836e-03  1.34485e-02
 2.34111e-03  1.34135e-02

 2.02257e-04  1.36650e-02
 2.02257e-04  1.45086e-02
 1.26573e-04  1.43776e-02
 2.77940e-04  1.43776e-02
 2.02257e-04  1.45086e-02

 6.06771e-04  1.36650e-02
 3.60239e-04  1.45145e-02
 3.24088e-04  1.43676e-02
 4.69458e-04  1.44097e-02
 3.60239e-04  1.45145e-02

 1.01128e-03  1.36650e-02
 6.68499e-04  1.44892e-02
 6.48958e-04  1.43391e-02
 7.88719e-04  1.43972e-02
 6.68499e-04  1.44892e-02

 1.41580e-03  1.36650e-02
 9.11444e-04  1.44549e-02
 9.18200e-04  1.43037e-02
 1.04578e-03  1.43852e-02
 9.11444e-04  1.44549e-02

 1.82031e-03  1.36650e-02
 1.19514e-03  1.44025e-02
 1.22217e-03  1.42535e-02
 1.33763e-03  1.43514e-02
 1.19514e-03  1.44025e-02

 2.22483e-03  1.36650e-02
 1.47645e-03  1.43368e-02
 1.52344e-03  1.41930e-02
 1.62456e-03  1.43056e-02
 1.47645e-03  1.43368e-02

 2.62934e-03  1.36650e-02
 1.77790e-03  1.42569e-02
 1.84233e-03  1.41200e-02
 1.92874e-03  1.42443e-02
 1.77790e-03  1.42569e-02

 3.03385e-03  1.36650e-02
 2.09182e-03  1.41652e-02
 2.17210e-03  1.40369e-02
 2.24309e-03  1.41706e-02
 2.09182e-03  1.41652e-02

 3.43837e-03  1.36650e-02
 2.42307e-03  1.40637e-02
 2.51743e-03  1.39453e-02
 2.57275e-03  1.40862e-02
 2.42307e-03  1.40637e-02

 2.03993e-04  1.42350e-02
 2.03993e-04  1.52741e-02
 1.28310e-04  1.51430e-02
 2.79677e-04  1.51430e-02
 2.03993e-04  1.52741e-02

 6.11979e-04  1.42350e-02
 3.93004e-04  1.52872e-02
 3.45618e-04  1.51434e-02
 4.93810e-04  1.51742e-02
 3.93004e-04  1.52872e-02

 1.01997e-03  1.42350e-02
 7.15967e-04  1.52552e-02
 6.80870e-04  1.51080e-02
 8.25934e-04  1.51512e-02
 7.15967e-04  1.52552e-02

 1.42795e-03  1.42350e-02
 9.79845e-04  1.52118e-02
 9.65715e-04  1.50611e-02
 1.10330e-03  1.51242e-02
 9.79845e-04  1.52118e-02

 1.83594e-03  1.42350e-02
 1.28018e-03  1.51440e-02
 1.28399e-03  1.49926e-02
 1.41313e-03  1.50716e-02
 1.28018e-03  1.51440e-02

 2.24392e-03  1.42350e-02
 1.57792e-03  1.50598e-02
 1.60139e-03  1.49103e-02
 1.71915e-03  1.50054e-02
 1.57792e-03  1.50598e-02

 2.65191e-03  1.42350e-02
 1.89356e-03  1.49583e-02
 1.93618e-03  1.48131e-02
 2.04066e-03  1.49226e-02
 1.89356e-03  1.49583e-02

 3.05990e-03  1.42350e-02
 2.22026e-03  1.48434e-02
 2.28200e-03  1.47052e-02
 2.37082e-03  1.48278e-02
 2.22026e-03  1.48434e-02

 3.46788e-03  1.42350e-02
 2.56263e-03  1.47175e-02
 2.64272e-03  1.45890e-02
 2.71391e-03  1.47226e-02
 2.56263e-03  1.47175e-02

 2.05729e-04  1.48050e-02
 2.05729e-04  1.59997e-02
 1.30046e-04  1.58686e-02
 2.81413e-04  1.58686e-02
 2.05729e-04  1.59997e-02

 6.17187e-04  1.48050e-02
 4.37560e-04  1.60185e-02
 3.81887e-04  1.58778e-02
 5.31623e-04  1.58999e-02
 4.37560e-04  1.60185e-02

 1.02865e-03  1.48050e-02
 7.79655e-04  1.59815e-02
 7.32753e-04  1.58376e-02
 8.80840e-04  1.58689e-02
 7.79655e-04  1.59815e-02

 1.44010e-03  1.48050e-02
 1.07233e-03  1.59305e-02
 1.04110e-03  1.57824e-02
 1.18498e-03  1.58294e-02
 1.07233e-03  1.59305e-02

 1.85156e-03  1.48050e-02
 1.39514e-03  1.58500e-02
 1.37825e-03  1.56995e-02
 1.51696e-03  1.57601e-02
 1.39514e-03  1.58500e-02

 2.26302e-03  1.48050e-02
 1.71537e-03  1.57504e-02
 1.71558e-03  1.55991e-02
 1.84656e-03  1.56749e-02
 1.71537e-03  1.57504e-02

 2.67448e-03  1.48050e-02
 2.05036e-03  1.56309e-02
 2.06900e-03  1.54807e-02
 2.18977e-03  1.55720e-02
 2.05036e-03  1.56309e-02

 3.08594e-03  1.48050e-02
 2.39438e-03  1.54965e-02
 2.43357e-03  1.53503e-02
 2.54059e-03  1.54573e-02
 2.39438e-03  1.54965e-02

 3.49740e-03  1.48050e-02
 2.75150e-03  1.53498e-02
 2.81273e-03  1.52113e-02
 2.90200e-03  1.53336e-02
 2.75150e-03  1.53498e-02

 2.07465e-04  1.53750e-02
 2.07465e-04  1.66945e-02
 1.31782e-04  1.65635e-02
 2.83149e-04  1.65635e-02
 2.07465e-04  1.66945e-02

 6.22396e-04  1.53750e-02
 4.90487e-04  1.67176e-02
 4.27984e-04  1.65798e-02
 5.78625e-04  1.65946e-02
 4.90487e-04  1.67176e-02

 1.03733e-03  1.53750e-02
 8.54604e-04  1.66769e-02
 7.97874e-04  1.65366e-02
 9.47772e-04  1.65576e-02
 8.54604e-04  1.66769e-02

 1.45226e-03  1.53750e-02
 1.18167e-03  1.66199e-02
 1.13556e-03  1.64757e-02
 1.28347e-03  1.65079e-02
 1.18167e-03  1.66199e-02

 1.86719e-03  1.53750e-02
 1.53099e-03  1.65292e-02
 1.49498e-03  1.63822e-02
 1.64031e-03  1.64246e-02
 1.53099e-03  1.65292e-02

 2.28212e-03  1.53750e-02
 1.87804e-03  1.64172e-02
 1.85487e-03  1.62676e-02
 1.99600e-03  1.63223e-02
 1.87804e-03  1.64172e-02

 2.69705e-03  1.53750e-02
 2.23598e-03  1.62829e-02
 2.22786e-03  1.61318e-02
 2.36282e-03  1.62003e-02
 2.23598e-03  1.62829e-02

 3.11198e-03  1.53750e-02
 2.60055e-03  1.61322e-02
 2.61120e-03  1.59812e-02
 2.73664e-03  1.60659e-02
 2.60055e-03  1.61322e-02

 3.52691e-03  1.53750e-02
 2.97494e-03  1.59681e-02
 3.00884e-03  1.58205e-02
 3.11965e-03  1.59237e-02
 2.97494e-03  1.59681e-02

 2.09201e-04  1.59450e-02
 2.09201e-04  1.73453e-02
 1.33518e-04  1.72142e-02
 2.84885e-04  1.72142e-02
 2.09201e-04  1.73453e-02

 6.27604e-04  1.59450e-02
 5.49476e-04  1.73711e-02
 4.81077e-04  1.72361e-02
 6.32217e-04  1.72444e-02
 5.49476e-04  1.73711e-02

 1.04601e-03  1.59450e-02
 9.37696e-04  1.73282e-02
 8.72477e-04  1.71916e-02
 1.02338e-03  1.72034e-02
 9.37696e-04  1.73282e-02

 1.46441e-03  1.59450e-02
 1.30329e-03  1.72671e-02
 1.24402e-03  1.71278e-02
 1.39427e-03  1.71461e-02
 1.30329e-03  1.72671e-02

 1.88281e-03  1.59450e-02
 1.68212e-03  1.71694e-02
 1.62863e-03  1.70278e-02
 1.77801e-03  1.70523e-02
 1.68212e-03  1.71694e-02

 2.30122e-03  1.59450e-02
 2.05932e-03  1.70485e-02
 2.01346e-03  1.69043e-02
 2.16131e-03  1.69367e-02
 2.05932e-03  1.70485e-02

 2.71962e-03  1.59450e-02
 2.44301e-03  1.69038e-02
 2.40663e-03  1.67568e-02
 2.55207e-03  1.67988e-02
 2.44301e-03  1.69038e-02

 3.13802e-03  1.59450e-02
 2.83065e-03  1.67414e-02
 2.80724e-03  1.65919e-02
 2.94845e-03  1.66464e-02
 2.83065e-03  1.67414e-02

 3.55642e-03  1.59450e-02
 3.22429e-03  1.65648e-02
 3.21950e-03  1.64135e-02
 3.35292e-03  1.64850e-02
 3.22429e-03  1.65648e-02

 2.10937e-04  1.65150e-02
 2.10937e-04  1.79529e-02
 1.35254e-04  1.78218e-02
 2.86621e-04  1.78218e-02
 2.10938e-04  1.79529e-02

 6.32812e-04  1.65150e-02
 6.12018e-04  1.79800e-02
 5.38202e-04  1.78479e-02
 6.89554e-04  1.78500e-02
 6.12018e-04  1.79800e-02

 1.05469e-03  1.65150e-02
 1.02553e-03  1.79364e-02
 9.52548e-04  1.78038e-02
 1.10388e-03  1.78069e-02
 1.02553e-03  1.79364e-02

 1.47656e-03  1.65150e-02
 1.43219e-03  1.78731e-02
 1.36083e-03  1.77396e-02
 1.51212e-03  1.77445e-02
 1.43219e-03  1.78731e-02

 1.89844e-03  1.65150e-02
 1.84238e-03  1.77715e-02
 1.77262e-03  1.76372e-02
 1.92383e-03  1.76439e-02
 1.84238e-03  1.77715e-02

 2.32031e-03  1.65150e-02
 2.25181e-03  1.76455e-02
 2.18420e-03  1.75101e-02
 2.33529e-03  1.75192e-02
 2.25181e-03  1.76455e-02

 2.74219e-03  1.65150e-02
 2.66305e-03  1.74946e-02
 2.59816e-03  1.73579e-02
 2.74904e-03  1.73701e-02
 2.66305e-03  1.74946e-02

 3.16406e-03  1.65150e-02
 3.07535e-03  1.73254e-02
 3.01438e-03  1.71869e-02
 3.16485e-03  1.72033e-02
 3.07535e-03  1.73254e-02

 3.58594e-03  1.65150e-02
 3.48950e-03  1.71414e-02
 3.43465e-03  1.70003e-02
 3.58425e-03  1.70234e-02
 3.48950e-03  1.71414e-02

 2.12674e-04  1.70850e-02
 2.12674e-04  1.85144e-02
 1.36990e-04  1.83833e-02
 2.88357e-04  1.83833e-02
 2.12674e-04  1.85144e-02

 6.38021e-04  1.70850e-02
 6.75900e-04  1.85413e-02
 5.96833e-04  1.84122e-02
 7.48149e-04  1.84083e-02
 6.75900e-04  1.85413e-02

 1.06337e-03  1.70850e-02
 1.11515e-03  1.84982e-02
 1.03472e-03  1.83700e-02
 1.18598e-03  1.83645e-02
 1.11515e-03  1.84982e-02

 1.48872e-03  1.70850e-02
 1.56405e-03  1.84344e-02
 1.48118e-03  1.83078e-02
 1.63231e-03  1.82993e-02
 1.56405e-03  1.84344e-02

 1.91406e-03  1.70850e-02
 2.00648e-03  1.83322e-02
 1.92132e-03  1.82071e-02
 2.07227e-03  1.81959e-02
 2.00648e-03  1.83322e-02

 2.33941e-03  1.70850e-02
 2.44917e-03  1.82050e-02
 2.36106e-03  1.80820e-02
 2.51170e-03  1.80672e-02
 2.44917e-03  1.82050e-02

 2.76476e-03  1.70850e-02
 2.88880e-03  1.80528e-02
 2.79707e-03  1.79324e-02
 2.94721e-03  1.79131e-02
 2.88880e-03  1.80528e-02

 3.19010e-03  1.70850e-02
 3.32658e-03  1.78819e-02
 3.22985e-03  1.77654e-02
 3.37905e-03  1.77399e-02
 3.32658e-03  1.78819e-02

 3.61545e-03  1.70850e-02
 3.76178e-03  1.76961e-02
 3.65765e-03  1.75863e-02
 3.80486e-03  1.75510e-02
 3.76178e-03  1.76961e-02

 2.14410e-04  1.76550e-02
 2.14410e-04  1.90307e-02
 1.38726e-04  1.88996e-02
 2.90093e-04  1.88996e-02
 2.14410e-04  1.90307e-02

 6.43229e-04  1.76550e-02
 7.38711e-04  1.90559e-02
 6.54289e-04  1.89303e-02
 8.05306e-04  1.89200e-02
 7.38711e-04  1.90559e-02

 1.07205e-03  1.76550e-02
 1.20334e-03  1.90146e-02
 1.11540e-03  1.88914e-02
 1.26607e-03  1.88768e-02
 1.20334e-03  1.90146e-02

 1.50087e-03  1.76550e-02
 1.69407e-03  1.89521e-02
 1.59990e-03  1.88336e-02
 1.74961e-03  1.88113e-02
 1.69407e-03  1.89521e-02

 1.92969e-03  1.76550e-02
 2.16844e-03  1.88524e-02
 2.06858e-03  1.87386e-02
 2.21703e-03  1.87090e-02
 2.16844e-03  1.88524e-02

 2.35851e-03  1.76550e-02
 2.64416e-03  1.87280e-02
 2.53730e-03  1.86208e-02
 2.68357e-03  1.85818e-02
 2.64416e-03  1.87280e-02

 2.78733e-03  1.76550e-02
 3.11200e-03  1.85790e-02
 2.99714e-03  1.84804e-02
 3.13995e-03  1.84303e-02
 3.11200e-03  1.85790e-02

 3.21615e-03  1.76550e-02
 3.57501e-03  1.84118e-02
 3.45046e-03  1.83258e-02
 3.58723e-03  1.82610e-02
 3.57501e-03  1.84118e-02

 3.64497e-03  1.76550e-02
 4.03098e-03  1.82302e-02
 3.89509e-03  1.81635e-02
 4.02078e-03  1.80792e-02
 4.03098e-03  1.82302e-02

 2.16146e-04  1.82250e-02
 2.16146e-04  1.95048e-02
 1.40462e-04  1.93737e-02
 2.91829e-04  1.93737e-02
 2.16146e-04  1.95048e-02

 6.48438e-04  1.82250e-02
 7.98185e-04  1.95267e-02
 7.08016e-04  1.94051e-02
 8.58391e-04  1.93878e-02
 7.98185e-04  1.95267e-02

 1.08073e-03  1.82250e-02
 1.28706e-03  1.94881e-02
 1.19123e-03  1.93709e-02
 1.34062e-03  1.93465e-02
 1.28706e-03  1.94881e-02

 1.51302e-03  1.82250e-02
 1.81766e-03  1.94284e-02
 1.71212e-03  1.93199e-02
 1.85886e-03  1.92828e-02
 1.81766e-03  1.94284e-02

 1.94531e-03  1.82250e-02
 2.32253e-03  1.93341e-02
 2.20866e-03  1.92343e-02
 2.35197e-03  1.91856e-02
 2.32253e-03  1.93341e-02

 2.37760e-03  1.82250e-02
 2.82976e-03  1.92161e-02
 2.70649e-03  1.91282e-02
 2.84421e-03  1.90654e-02
 2.82976e-03  1.92161e-02

 2.80990e-03  1.82250e-02
 3.32443e-03  1.90750e-02
 3.19180e-03  1.90021e-02
 3.32129e-03  1.89237e-02
 3.32443e-03  1.90750e-02

 3.24219e-03  1.82250e-02
 3.81134e-03  1.89167e-02
 3.66961e-03  1.88636e-02
 3.78650e-03  1.87674e-02
 3.81134e-03  1.89167e-02

 3.67448e-03  1.82250e-02
 4.28681e-03  1.87449e-02
 4.13790e-03  1.87177e-02
 4.23587e-03  1.86024e-02
 4.28681e-03  1.87449e-02

 2.17882e-04  1.87950e-02
 2.17882e-04  1.99393e-02
 1.42198e-04  1.98082e-02
 2.93565e-04  1.98082e-02
 2.17882e-04  1.99393e-02

 6.53646e-04  1.87950e-02
 8.51558e-04  1.99561e-02
 7.54925e-04  1.98396e-02
 9.04140e-04  1.98142e-02
 8.51558e-04  1.99561e-02

 1.08941e-03  1.87950e-02
 1.36253e-03  1.99211e-02
 1.25808e-03  1.98115e-02
 1.40518e-03  1.97759e-02
 1.36253e-03  1.99211e-02

 1.52517e-03  1.87950e-02
 1.92912e-03  1.98659e-02
 1.81204e-03  1.97700e-02
 1.95367e-03  1.97166e-02
 1.92912e-03  1.98659e-02

 1.96094e-03  1.87950e-02
 2.46152e-03  1.97799e-02
 2.33465e-03  1.96973e-02
 2.46959e-03  1.96287e-02
 2.46152e-03  1.97799e-02

 2.39670e-03  1.87950e-02
 2.99709e-03  1.96722e-02
 2.86060e-03  1.96068e-02
 2.98551e-03  1.95213e-02
 2.99709e-03  1.96722e-02

 2.83247e-03  1.87950e-02
 3.51577e-03  1.95437e-02
 3.37150e-03  1.94979e-02
 3.48331e-03  1.93959e-02
 3.51577e-03  1.95437e-02

 3.26823e-03  1.87950e-02
 4.02391e-03  1.93996e-02
 3.87427e-03  1.93768e-02
 3.96884e-03  1.92586e-02
 4.02391e-03  1.93996e-02

 3.70399e-03  1.87950e-02
 4.51646e-03  1.92434e-02
 4.36512e-03  1.92463e-02
 4.43826e-03  1.91138e-02
 4.51646e-03  1.92434e-02

 2.19618e-04  1.93650e-02
 2.19618e-04  2.03440e-02
 1.43935e-04  2.02129e-02
 2.95302e-04  2.02129e-02
 2.19618e-04  2.03440e-02

 6.58854e-04  1.93650e-02
 8.96515e-04  2.03537e-02
 7.92291e-04  2.02440e-02
 9.39466e-04  2.02086e-02
 8.96515e-04  2.03537e-02

 1.09809e-03  1.93650e-02
 1.42644e-03  2.03229e-02
 1.31234e-03  2.02235e-02
 1.45553e-03  2.01744e-02
 1.42644e-03  2.03229e-02

 1.53733e-03  1.93650e-02
 2.02327e-03  2.02734e-02
 1.89470e-03  2.01935e-02
 2.02817e-03  2.01221e-02
 2.02327e-03  2.02734e-02

 1.97656e-03  1.93650e-02
 2.57873e-03  2.01980e-02
 2.44060e-03  2.01361e-02
 2.56327e-03  2.00475e-02
 2.57873e-03  2.01980e-02

 2.41580e-03  1.93650e-02
 3.13782e-03  2.01037e-02
 2.99207e-03  2.00628e-02
 3.10031e-03  1.99570e-02
 3.13782e-03  2.01037e-02

 2.85503e-03  1.93650e-02
 3.67620e-03  1.99915e-02
 3.52607e-03  1.99722e-02
 3.61789e-03  1.98518e-02
 3.67620e-03  1.99915e-02

 3.29427e-03  1.93650e-02
 4.20149e-03  1.98658e-02
 4.05015e-03  1.98687e-02
 4.12330e-03  1.97362e-02
 4.20149e-03  1.98658e-02

 3.73351e-03  1.93650e-02
 4.70755e-03  1.97299e-02
 4.55825e-03  1.97548e-02
 4.61135e-03  1.96130e-02
 4.70755e-03  1.97299e-02

 2.21354e-04  1.99350e-02
 2.21354e-04  2.07196e-02
 1.45671e-04  2.05885e-02
 2.97038e-04  2.05885e-02
 2.21354e-04  2.07196e-02

 6.64062e-04  1.99350e-02
 9.29068e-04  2.07211e-02
 8.15475e-04  2.06211e-02
 9.58911e-04  2.05727e-02
 9.29068e-04  2.07211e-02

 1.10677e-03  1.99350e-02
 1.47302e-03  2.06958e-02
 1.34796e-03  2.06105e-02
 1.48435e-03  2.05448e-02
 1.47302e-03  2.06958e-02

 1.54948e-03  1.99350e-02
 2.09143e-03  2.06537e-02
 1.95208e-03  2.05946e-02
 2.07294e-03  2.05035e-02
 2.09143e-03  2.06537e-02

 1.99219e-03  1.99350e-02
 2.66315e-03  2.05921e-02
 2.51654e-03  2.05545e-02
 2.62246e-03  2.04464e-02
 2.66315e-03  2.05921e-02

 2.43490e-03  1.99350e-02
 3.23858e-03  2.05148e-02
 3.08799e-03  2.04994e-02
 3.17654e-03  2.03767e-02
 3.23858e-03  2.05148e-02

 2.87760e-03  1.99350e-02
 3.79042e-03  2.04232e-02
 3.63914e-03  2.04282e-02
 3.71053e-03  2.02947e-02
 3.79042e-03  2.04232e-02

 3.32031e-03  1.99350e-02
 4.32713e-03  2.03208e-02
 4.17764e-03  2.03446e-02
 4.23180e-03  2.02032e-02
 4.32713e-03  2.03208e-02

 3.76302e-03  1.99350e-02
 4.84181e-03  2.02104e-02
 4.69608e-03  2.02513e-02
 4.73352e-03  2.01046e-02
 4.84181e-03  2.02104e-02

 2.23090e-04  2.05050e-02
 2.23090e-04  2.10913e-02
 1.47407e-04  2.09602e-02
 2.98774e-04  2.09602e-02
 2.23090e-04  2.10913e-02

 6.69271e-04  2.05050e-02
 9.47287e-04  2.10827e-02
 8.22242e-04  2.09974e-02
 9.58635e-04  2.09317e-02
 9.47287e-04  2.10827e-02

 1.11545e-03  2.05050e-02
 1.49868e-03  2.10633e-02
 1.36210e-03  2.09981e-02
 1.48690e-03  2.09124e-02
 1.49868e-03  2.10633e-02

 1.56163e-03  2.05050e-02
 2.12787e-03  2.10292e-02
 1.98025e-03  2.09957e-02
 2.08308e-03  2.08846e-02
 2.12787e-03  2.10292e-02

 2.00781e-03  2.05050e-02
 2.70721e-03  2.09822e-02
 2.55627e-03  2.09708e-02
 2.64158e-03  2.08458e-02
 2.70721e-03  2.09822e-02

 2.45399e-03  2.05050e-02
 3.29014e-03  2.09227e-02
 3.13905e-03  2.09318e-02
 3.20669e-03  2.07964e-02
 3.29014e-03  2.09227e-02

 2.90017e-03  2.05050e-02
 3.84750e-03  2.08529e-02
 3.69836e-03  2.08788e-02
 3.75054e-03  2.07367e-02
 3.84750e-03  2.08529e-02

 3.34635e-03  2.05050e-02
 4.38867e-03  2.07749e-02
 4.24279e-03  2.08153e-02
 4.28073e-03  2.06688e-02
 4.38867e-03  2.07749e-02

 3.79253e-03  2.05050e-02
 4.90607e-03  2.06911e-02
 4.76429e-03  2.07442e-02
 4.78925e-03  2.05949e-02
 4.90607e-03  2.06911e-02

 2.24826e-04  2.10750e-02
 2.24826e-04  2.14433e-02
 1.49143e-04  2.13122e-02
 3.00510e-04  2.13122e-02
 2.24826e-04  2.14433e-02

 6.74479e-04  2.10750e-02
 9.43224e-04  2.14282e-02
 8.03615e-04  2.13697e-02
 9.24075e-04  2.12780e-02
 9.43224e-04  2.14282e-02

 1.12413e-03  2.10750e-02
 1.49170e-03  2.14169e-02
 1.34418e-03  2.13831e-02
 1.44728e-03  2.12722e-02
 1.49170e-03  2.14169e-02

 1.57378e-03  2.10750e-02
 2.11590e-03  2.13940e-02
 1.96454e-03  2.13927e-02
 2.04129e-03  2.12623e-02
 2.11590e-03  2.13940e-02

 2.02344e-03  2.10750e-02
 2.69042e-03  2.13647e-02
 2.54003e-03  2.13819e-02
 2.60034e-03  2.12431e-02
 2.69042e-03  2.13647e-02

 2.47309e-03  2.10750e-02
 3.26852e-03  2.13269e-02
 3.12070e-03  2.13595e-02
 3.16640e-03  2.12152e-02
 3.26852e-03  2.13269e-02

 2.92274e-03  2.10750e-02
 3.82126e-03  2.12830e-02
 3.67648e-03  2.13271e-02
 3.71061e-03  2.11797e-02
 3.82126e-03  2.12830e-02

 3.37240e-03  2.10750e-02
 4.35802e-03  2.12337e-02
 4.21657e-03  2.12876e-02
 4.24064e-03  2.11382e-02
 4.35802e-03  2.12337e-02

 3.82205e-03  2.10750e-02
 4.87155e-03  2.11812e-02
 4.73351e-03  2.12433e-02
 4.74875e-03  2.10927e-02
 4.87155e-03  2.11812e-02

 2.26562e-04  2.16450e-02
 2.26562e-04  2.18474e-02
 1.50879e-04  2.17163e-02
 3.02246e-04  2.17163e-02
 2.26563e-04  2.18474e-02

 6.79687e-04  2.16450e-02
 9.18068e-04  2.18237e-02
 7.67782e-04  2.18056e-02
 8.58563e-04  2.16845e-02
 9.18068e-04  2.18237e-02

 1.13281e-03  2.16450e-02
 1.44959e-03  2.18207e-02
 1.29824e-03  2.18233e-02
 1.37167e-03  2.16910e-02
 1.44959e-03  2.18207e-02

 1.58594e-03  2.16450e-02
 2.05241e-03  2.18052e-02
 1.90385e-03  2.18342e-02
 1.95302e-03  2.16911e-02
 2.05241e-03  2.18052e-02

 2.03906e-03  2.16450e-02
 2.60875e-03  2.17895e-02
 2.46307e-03  2.18306e-02
 2.50029e-03  2.16839e-02
 2.60875e-03  2.17895e-02

 2.49219e-03  2.16450e-02
 3.16956e-03  2.17674e-02
 3.02710e-03  2.18186e-02
 3.05403e-03  2.16697e-02
 3.16956e-03  2.17674e-02

 2.94531e-03  2.16450e-02
 3.70714e-03  2.17426e-02
 3.56750e-03  2.18010e-02
 3.58673e-03  2.16509e-02
 3.70714e-03  2.17426e-02

 3.39844e-03  2.16450e-02
 4.23096e-03  2.17145e-02
 4.09403e-03  2.17790e-02
 4.10661e-03  2.16281e-02
 4.23096e-03  2.17145e-02

 3.85156e-03  2.16450e-02
 4.73396e-03  2.16847e-02
 4.59960e-03  2.17544e-02
 4.60640e-03  2.16032e-02
 4.73396e-03  2.16847e-02

 2.28299e-04  2.22150e-02
 2.28299e-04  2.22150e-02
 9.72110e-05  2.22907e-02
 9.72110e-05  2.21393e-02
 2.28299e-04  2.22150e-02

 6.84896e-04  2.22150e-02
 8.44104e-04  2.22150e-02
 7.13016e-04  2.22907e-02
 7.13016e-04  2.21393e-02
 8.44104e-04  2.22150e-02

 1.14149e-03  2.22150e-02
 1.34429e-03  2.22150e-02
 1.21321e-03  2.22907e-02
 1.21321e-03  2.21393e-02
 1.34429e-03  2.22150e-02

 1.59809e-03  2.22150e-02
 1.89734e-03  2.22150e-02
 1.76625e-03  2.22907e-02
 1.76625e-03  2.21393e-02
 1.89734e-03  2.22150e-02

 2.05469e-03  2.22150e-02
 2.41662e-03  2.22150e-02
 2.28553e-03  2.22907e-02
 2.28553e-03  2.21393e-02
 2.41662e-03  2.22150e-02

 2.51128e-03  2.22150e-02
 2.94046e-03  2.22150e-02
 2.80938e-03  2.22907e-02
 2.80938e-03  2.21393e-02
 2.94046e-03  2.22150e-02

 2.96788e-03  2.22150e-02
 3.44842e-03  2.22150e-02
 3.31733e-03  2.22907e-02
 3.31733e-03  2.21393e-02
 3.44842e-03  2.22150e-02

 3.42448e-03  2.22150e-02
 3.94775e-03  2.22150e-02
 3.81666e-03  2.22907e-02
 3.81666e-03  2.21393e-02
 3.94775e-03  2.22150e-02

 3.88108e-03  2.22150e-02
 4.43350e-03  2.22150e-02
 4.30241e-03  2.22907e-02
 4.30241e-03  2.21393e-02
 4.43350e-03  2.22150e-02

 3.76510e-03  1.13850e-02
 3.12161e-03  1.13850e-02
 3.25269e-03  1.13093e-02
 3.25269e-03  1.14607e-02
 3.12161e-03  1.13850e-02

 4.26406e-03  1.13850e-02
 3.59242e-03  1.13850e-02
 3.72351e-03  1.13093e-02
 3.72351e-03  1.14607e-02
 3.59242e-03  1.13850e-02

 4.76302e-03  1.13850e-02
 4.08284e-03  1.13850e-02
 4.21393e-03  1.13093e-02
 4.21393e-03  1.14607e-02
 4.08284e-03  1.13850e-02

 5.26198e-03  1.13850e-02
 4.59073e-03  1.13850e-02
 4.72182e-03  1.13093e-02
 4.72182e-03  1.14607e-02
 4.59073e-03  1.13850e-02

 5.76094e-03  1.13850e-02
 5.11387e-03  1.13850e-02
 5.24496e-03  1.13093e-02
 5.24496e-03  1.14607e-02
 5.11387e-03  1.13850e-02

 6.25990e-03  1.13850e-02
 5.65033e-03  1.13850e-02
 5.78142e-03  1.13093e-02
 5.78142e-03  1.14607e-02
 5.65033e-03  1.13850e-02

 6.75885e-03  1.13850e-02
 6.19872e-03  1.13850e-02
 6.32981e-03  1.13093e-02
 6.32981e-03  1.14607e-02
 6.19872e-03  1.13850e-02

 7.25781e-03  1.13850e-02
 6.75697e-03  1.13850e-02
 6.88806e-03  1.13093e-02
 6.88806e-03  1.14607e-02
 6.75697e-03  1.13850e-02

 7.75677e-03  1.13850e-02
 7.32388e-03  1.13850e-02
 7.45496e-03  1.13093e-02
 7.45496e-03  1.14607e-02
 7.32388e-03  1.13850e-02

 8.25573e-03  1.13850e-02
 7.89547e-03  1.13850e-02
 8.02656e-03  1.13093e-02
 8.02656e-03  1.14607e-02
 7.89547e-03  1.13850e-02

 8.75469e-03  1.13850e-02
 8.47224e-03  1.13850e-02
 8.60333e-03  1.13093e-02
 8.60333e-03  1.14607e-02
 8.47224e-03  1.13850e-02

 9.25365e-03  1.13850e-02
 9.04426e-03  1.13850e-02
 9.17535e-03  1.13093e-02
 9.17535e-03  1.14607e-02
 9.04426e-03  1.13850e-02

 9.75260e-03  1.13850e-02
 9.62208e-03  1.13850e-02
 9.75317e-03  1.13093e-02
 9.75317e-03  1.14607e-02
 9.62208e-03  1.13850e-02

 1.02516e-02  1.13850e-02
 1.01737e-02  1.13850e-02
 1.03048e-02  1.13093e-02
 1.03048e-02  1.14607e-02
 1.01737e-02  1.13850e-02

 1.07505e-02  1.13850e-02
 1.07505e-02  1.13850e-02
 1.06194e-02  1.14607e-02
 1.06194e-02  1.13093e-02
 1.07505e-02  1.13850e-02

 3.79531e-03  1.19550e-02
 2.82195e-03  1.20627e-02
 2.94392e-03  1.19730e-02
 2.96056e-03  1.21235e-02
 2.82195e-03  1.20627e-02

 4.29219e-03  1.19550e-02
 3.27705e-03  1.20162e-02
 3.40334e-03  1.19328e-02
 3.41245e-03  1.20839e-02
 3.27705e-03  1.20162e-02

 4.78906e-03  1.19550e-02
 3.75984e-03  1.19735e-02
 3.88955e-03  1.18954e-02
 3.89227e-03  1.20468e-02
 3.75984e-03  1.19735e-02

 5.28594e-03  1.19550e-02
 4.26822e-03  1.19360e-02
 4.40070e-03  1.18627e-02
 4.39787e-03  1.20141e-02
 4.26822e-03  1.19360e-02

 5.78281e-03  1.19550e-02
 4.80006e-03  1.19033e-02
 4.93495e-03  1.18346e-02
 4.92699e-03  1.19857e-02
 4.80006e-03  1.19033e-02

 6.27969e-03  1.19550e-02
 5.35325e-03  1.18744e-02
 5.49040e-03  1.18104e-02
 5.47728e-03  1.19612e-02
 5.35325e-03  1.18744e-02

 6.77656e-03  1.19550e-02
 5.92573e-03  1.18492e-02
 6.06515e-03  1.17903e-02
 6.04648e-03  1.19405e-02
 5.92573e-03  1.18492e-02

 7.27344e-03  1.19550e-02
 6.51426e-03  1.18281e-02
 6.65603e-03  1.17751e-02
 6.63107e-03  1.19244e-02
 6.51426e-03  1.18281e-02

 7.77031e-03  1.19550e-02
 7.11666e-03  1.18116e-02
 7.26092e-03  1.17658e-02
 7.22850e-03  1.19137e-02
 7.11666e-03  1.18116e-02

 8.26719e-03  1.19550e-02
 7.72693e-03  1.18009e-02
 7.87375e-03  1.17641e-02
 7.83223e-03  1.19097e-02
 7.72693e-03  1.18009e-02

 8.76406e-03  1.19550e-02
 8.34462e-03  1.17964e-02
 8.49401e-03  1.17720e-02
 8.44047e-03  1.19136e-02
 8.34462e-03  1.17964e-02

 9.26094e-03  1.19550e-02
 8.95585e-03  1.17995e-02
 9.10701e-03  1.17916e-02
 9.03828e-03  1.19265e-02
 8.95585e-03  1.17995e-02

 9.75781e-03  1.19550e-02
 9.57197e-03  1.18097e-02
 9.72186e-03  1.18308e-02
 9.62862e-03  1.19501e-02
 9.57197e-03  1.18097e-02

 1.02547e-02  1.19550e-02
 1.01513e-02  1.18312e-02
 1.02934e-02  1.18833e-02
 1.01772e-02  1.19803e-02
 1.01513e-02  1.18312e-02

 1.07516e-02  1.19550e-02
 1.07516e-02  1.18637e-02
 1.08272e-02  1.19948e-02
 1.06759e-02  1.19948e-02
 1.07516e-02  1.18637e-02

 3.82552e-03  1.25250e-02
 2.72470e-03  1.26698e-02
 2.84480e-03  1.25777e-02
 2.86454e-03  1.27277e-02
 2.72470e-03  1.26698e-02

 4.32031e-03  1.25250e-02
 3.17265e-03  1.26002e-02
 3.29850e-03  1.25161e-02
 3.30841e-03  1.26672e-02
 3.17265e-03  1.26002e-02

 4.81510e-03  1.25250e-02
 3.64852e-03  1.25340e-02
 3.77902e-03  1.24573e-02
 3.78019e-03  1.26087e-02
 3.64852e-03  1.25340e-02

 5.30990e-03  1.25250e-02
 4.15247e-03  1.24729e-02
 4.28683e-03  1.24032e-02
 4.28002e-03  1.25544e-02
 4.15247e-03  1.24729e-02

 5.80469e-03  1.25250e-02
 4.68404e-03  1.24171e-02
 4.82178e-03  1.23543e-02
 4.80727e-03  1.25050e-02
 4.68404e-03  1.24171e-02

 6.29948e-03  1.25250e-02
 5.24127e-03  1.23666e-02
 5.38212e-03  1.23111e-02
 5.35971e-03  1.24608e-02
 5.24127e-03  1.23666e-02

 6.79427e-03  1.25250e-02
 5.82181e-03  1.23221e-02
 5.96559e-03  1.22748e-02
 5.93468e-03  1.24230e-02
 5.82181e-03  1.23221e-02

 7.28906e-03  1.25250e-02
 6.42173e-03  1.22850e-02
 6.56825e-03  1.22470e-02
 6.52789e-03  1.23929e-02
 6.42173e-03  1.22850e-02

 7.78385e-03  1.25250e-02
 7.03798e-03  1.22567e-02
 7.18695e-03  1.22299e-02
 7.13571e-03  1.23723e-02
 7.03798e-03  1.22567e-02

 8.27865e-03  1.25250e-02
 7.66360e-03  1.22389e-02
 7.81438e-03  1.22255e-02
 7.75053e-03  1.23628e-02
 7.66360e-03  1.22389e-02

 8.77344e-03  1.25250e-02
 8.29732e-03  1.22330e-02
 8.44863e-03  1.22370e-02
 8.36950e-03  1.23661e-02
 8.29732e-03  1.22330e-02

 9.26823e-03  1.25250e-02
 8.92391e-03  1.22410e-02
 9.07320e-03  1.22660e-02
 8.97688e-03  1.23828e-02
 8.92391e-03  1.22410e-02

 9.76302e-03  1.25250e-02
 9.55418e-03  1.22646e-02
 9.69524e-03  1.23195e-02
 9.57716e-03  1.24142e-02
 9.55418e-03  1.22646e-02

 1.02578e-02  1.25250e-02
 1.01432e-02  1.23078e-02
 1.02713e-02  1.23884e-02
 1.01374e-02  1.24591e-02
 1.01432e-02  1.23078e-02

 1.07526e-02  1.25250e-02
 1.07526e-02  1.23759e-02
 1.08283e-02  1.25070e-02
 1.06769e-02  1.25070e-02
 1.07526e-02  1.23759e-02

 3.85573e-03  1.30950e-02
 2.72048e-03  1.33203e-02
 2.83432e-03  1.32206e-02
 2.86379e-03  1.33691e-02
 2.72048e-03  1.33203e-02

 4.34844e-03  1.30950e-02
 3.16566e-03  1.32150e-02
 3.28843e-03  1.31265e-02
 3.30372e-03  1.32771e-02
 3.16566e-03  1.32150e-02

 4.84115e-03  1.30950e-02
 3.63922e-03  1.31121e-02
 3.76922e-03  1.30345e-02
 3.77137e-03  1.31859e-02
 3.63922e-03  1.31121e-02

 5.33385e-03  1.30950e-02
 4.14161e-03  1.30143e-02
 4.27751e-03  1.29477e-02
 4.26729e-03  1.30987e-02
 4.14161e-03  1.30143e-02

 5.82656e-03  1.30950e-02
 4.67262e-03  1.29234e-02
 4.81341e-03  1.28678e-02
 4.79115e-03  1.30176e-02
 4.67262e-03  1.29234e-02

 6.31927e-03  1.30950e-02
 5.23034e-03  1.28408e-02
 5.37520e-03  1.27969e-02
 5.34079e-03  1.29443e-02
 5.23034e-03  1.28408e-02

 6.81198e-03  1.30950e-02
 5.81228e-03  1.27683e-02
 5.96039e-03  1.27370e-02
 5.91337e-03  1.28809e-02
 5.81228e-03  1.27683e-02

 7.30469e-03  1.30950e-02
 6.41450e-03  1.27080e-02
 6.56489e-03  1.26909e-02
 6.50454e-03  1.28297e-02
 6.41450e-03  1.27080e-02

 7.79740e-03  1.30950e-02
 7.03352e-03  1.26625e-02
 7.18488e-03  1.26612e-02
 7.11030e-03  1.27929e-02
 7.03352e-03  1.26625e-02

 8.29010e-03  1.30950e-02
 7.66222e-03  1.26341e-02
 7.81268e-03  1.26507e-02
 7.72311e-03  1.27727e-02
 7.66222e-03  1.26341e-02

 8.78281e-03  1.30950e-02
 8.29879e-03  1.26256e-02
 8.44559e-03  1.26626e-02
 8.34021e-03  1.27712e-02
 8.29879e-03  1.26256e-02

 9.27552e-03  1.30950e-02
 8.92778e-03  1.26396e-02
 9.06748e-03  1.26978e-02
 8.94718e-03  1.27897e-02
 8.92778e-03  1.26396e-02

 9.76823e-03  1.30950e-02
 9.55893e-03  1.26799e-02
 9.68553e-03  1.27628e-02
 9.55037e-03  1.28310e-02
 9.55893e-03  1.26799e-02

 1.02609e-02  1.30950e-02
 1.01478e-02  1.27504e-02
 1.02606e-02  1.28513e-02
 1.01168e-02  1.28985e-02
 1.01478e-02  1.27504e-02

 1.07536e-02  1.30950e-02
 1.07536e-02  1.28625e-02
 1.08293e-02  1.29936e-02
 1.06780e-02  1.29936e-02
 1.07536e-02  1.28625e-02

 3.88594e-03  1.36650e-02
 2.80745e-03  1.39444e-02
 2.91537e-03  1.38382e-02
 2.95333e-03  1.39848e-02
 2.80745e-03  1.39444e-02

 4.37656e-03  1.36650e-02
 3.25440e-03  1.38101e-02
 3.37470e-03  1.37183e-02
 3.39412e-03  1.38684e-02
 3.25440e-03  1.38101e-02

 4.86719e-03  1.36650e-02
 3.72785e-03  1.36772e-02
 3.85812e-03  1.36001e-02
 3.85974e-03  1.37514e-02
 3.72785e-03  1.36772e-02

 5.35781e-03  1.36650e-02
 4.22854e-03  1.35491e-02
 4.36667e-03  1.34872e-02
 4.35121e-03  1.36377e-02
 4.22854e-03  1.35491e-02

 5.84844e-03  1.36650e-02
 4.75602e-03  1.34287e-02
 4.90015e-03  1.33824e-02
 4.86815e-03  1.35304e-02
 4.75602e-03  1.34287e-02

 6.33906e-03  1.36650e-02
 5.30878e-03  1.33188e-02
 5.45715e-03  1.32888e-02
 5.40894e-03  1.34323e-02
 5.30878e-03  1.33188e-02

 6.82969e-03  1.36650e-02
 5.88455e-03  1.32224e-02
 6.03536e-03  1.32095e-02
 5.97117e-03  1.33465e-02
 5.88455e-03  1.32224e-02

 7.32031e-03  1.36650e-02
 6.47939e-03  1.31425e-02
 6.63068e-03  1.31474e-02
 6.55080e-03  1.32760e-02
 6.47939e-03  1.31425e-02

 7.81094e-03  1.36650e-02
 7.09017e-03  1.30826e-02
 7.23970e-03  1.31062e-02
 7.14457e-03  1.32239e-02
 7.09017e-03  1.30826e-02

 8.30156e-03  1.36650e-02
 7.71003e-03  1.30460e-02
 7.85531e-03  1.30885e-02
 7.74588e-03  1.31931e-02
 7.71003e-03  1.30460e-02

 8.79219e-03  1.36650e-02
 8.33706e-03  1.30366e-02
 8.47525e-03  1.30984e-02
 8.35266e-03  1.31872e-02
 8.33706e-03  1.30366e-02

 9.28281e-03  1.36650e-02
 8.95661e-03  1.30576e-02
 9.08531e-03  1.31373e-02
 8.95196e-03  1.32089e-02
 8.95661e-03  1.30576e-02

 9.77344e-03  1.36650e-02
 9.57755e-03  1.31150e-02
 9.69283e-03  1.32131e-02
 9.55024e-03  1.32639e-02
 9.57755e-03  1.31150e-02

 1.02641e-02  1.36650e-02
 1.01582e-02  1.32123e-02
 1.02617e-02  1.33227e-02
 1.01143e-02  1.33571e-02
 1.01582e-02  1.32123e-02

 1.07547e-02  1.36650e-02
 1.07547e-02  1.33642e-02
 1.08304e-02  1.34953e-02
 1.06790e-02  1.34953e-02
 1.07547e-02  1.33642e-02

 3.91615e-03  1.42350e-02
 2.95512e-03  1.45712e-02
 3.05386e-03  1.44565e-02
 3.10384e-03  1.45994e-02
 2.95512e-03  1.45712e-02

 4.40469e-03  1.42350e-02
 3.40567e-03  1.44074e-02
 3.52197e-03  1.43105e-02
 3.54771e-03  1.44597e-02
 3.40567e-03  1.44074e-02

 4.89323e-03  1.42350e-02
 3.87998e-03  1.42441e-02
 4.01038e-03  1.41672e-02
 4.01174e-03  1.43186e-02
 3.87998e-03  1.42441e-02

 5.38177e-03  1.42350e-02
 4.37844e-03  1.40858e-02
 4.51923e-03  1.40302e-02
 4.49696e-03  1.41799e-02
 4.37844e-03  1.40858e-02

 5.87031e-03  1.42350e-02
 4.90050e-03  1.39364e-02
 5.04806e-03  1.39027e-02
 5.00352e-03  1.40473e-02
 4.90050e-03  1.39364e-02

 6.35885e-03  1.42350e-02
 5.44482e-03  1.37998e-02
 5.59572e-03  1.37879e-02
 5.53065e-03  1.39245e-02
 5.44482e-03  1.37998e-02

 6.84740e-03  1.42350e-02
 6.00943e-03  1.36800e-02
 6.16051e-03  1.36893e-02
 6.07693e-03  1.38155e-02
 6.00943e-03  1.36800e-02

 7.33594e-03  1.42350e-02
 6.59092e-03  1.35810e-02
 6.73937e-03  1.36106e-02
 6.63951e-03  1.37244e-02
 6.59092e-03  1.35810e-02

 7.82448e-03  1.42350e-02
 7.18642e-03  1.35071e-02
 7.32975e-03  1.35558e-02
 7.21592e-03  1.36556e-02
 7.18642e-03  1.35071e-02

 8.31302e-03  1.42350e-02
 7.78986e-03  1.34625e-02
 7.92603e-03  1.35286e-02
 7.80070e-03  1.36135e-02
 7.78986e-03  1.34625e-02

 8.80156e-03  1.42350e-02
 8.39943e-03  1.34522e-02
 8.52665e-03  1.35342e-02
 8.39201e-03  1.36034e-02
 8.39943e-03  1.34522e-02

 9.29010e-03  1.42350e-02
 9.00222e-03  1.34801e-02
 9.11964e-03  1.35756e-02
 8.97821e-03  1.36295e-02
 9.00222e-03  1.34801e-02

 9.77865e-03  1.42350e-02
 9.60591e-03  1.35538e-02
 9.71149e-03  1.36622e-02
 9.56477e-03  1.36994e-02
 9.60591e-03  1.35538e-02

 1.02672e-02  1.42350e-02
 1.01739e-02  1.36760e-02
 1.02701e-02  1.37929e-02
 1.01208e-02  1.38178e-02
 1.01739e-02  1.36760e-02

 1.07557e-02  1.42350e-02
 1.07557e-02  1.38656e-02
 1.08314e-02  1.39967e-02
 1.06800e-02  1.39967e-02
 1.07557e-02  1.38656e-02

 3.94635e-03  1.48050e-02
 3.15478e-03  1.51810e-02
 3.24071e-03  1.50564e-02
 3.30566e-03  1.51931e-02
 3.15478e-03  1.51810e-02

 4.43281e-03  1.48050e-02
 3.61066e-03  1.49931e-02
 3.72157e-03  1.48901e-02
 3.75533e-03  1.50377e-02
 3.61066e-03  1.49931e-02

 4.91927e-03  1.48050e-02
 4.08607e-03  1.48054e-02
 4.21713e-03  1.47296e-02
 4.21719e-03  1.48810e-02
 4.08607e-03  1.48054e-02

 5.40573e-03  1.48050e-02
 4.58123e-03  1.46228e-02
 4.72556e-03  1.45772e-02
 4.69290e-03  1.47250e-02
 4.58123e-03  1.46228e-02

 5.89219e-03  1.48050e-02
 5.09577e-03  1.44502e-02
 5.24631e-03  1.44344e-02
 5.18471e-03  1.45727e-02
 5.09577e-03  1.44502e-02

 6.37865e-03  1.48050e-02
 5.62839e-03  1.42922e-02
 5.77932e-03  1.43037e-02
 5.69391e-03  1.44287e-02
 5.62839e-03  1.42922e-02

 6.86510e-03  1.48050e-02
 6.17756e-03  1.41537e-02
 6.32477e-03  1.41889e-02
 6.22068e-03  1.42988e-02
 6.17756e-03  1.41537e-02

 7.35156e-03  1.48050e-02
 6.74050e-03  1.40395e-02
 6.88143e-03  1.40947e-02
 6.76313e-03  1.41891e-02
 6.74050e-03  1.40395e-02

 7.83802e-03  1.48050e-02
 7.31479e-03  1.39547e-02
 7.44795e-03  1.40267e-02
 7.31903e-03  1.41060e-02
 7.31479e-03  1.39547e-02

 8.32448e-03  1.48050e-02
 7.89549e-03  1.39041e-02
 8.02018e-03  1.39899e-02
 7.88351e-03  1.40550e-02
 7.89549e-03  1.39041e-02

 8.81094e-03  1.48050e-02
 8.48110e-03  1.38937e-02
 8.59688e-03  1.39912e-02
 8.45455e-03  1.40427e-02
 8.48110e-03  1.38937e-02

 9.29740e-03  1.48050e-02
 9.06108e-03  1.39278e-02
 9.16826e-03  1.40346e-02
 9.02210e-03  1.40740e-02
 9.06108e-03  1.39278e-02

 9.78385e-03  1.48050e-02
 9.64182e-03  1.40155e-02
 9.73952e-03  1.41311e-02
 9.59054e-03  1.41579e-02
 9.64182e-03  1.40155e-02

 1.02703e-02  1.48050e-02
 1.01933e-02  1.41588e-02
 1.02840e-02  1.42800e-02
 1.01337e-02  1.42979e-02
 1.01933e-02  1.41588e-02

 1.07568e-02  1.48050e-02
 1.07568e-02  1.43795e-02
 1.08325e-02  1.45106e-02
 1.06811e-02  1.45106e-02
 1.07568e-02  1.43795e-02

 3.97656e-03  1.53750e-02
 3.39088e-03  1.57808e-02
 3.45553e-03  1.56439e-02
 3.54173e-03  1.57683e-02
 3.39088e-03  1.57808e-02

 4.46094e-03  1.53750e-02
 3.85296e-03  1.55734e-02
 3.95410e-03  1.54608e-02
 4.00106e-03  1.56047e-02
 3.85296e-03  1.55734e-02

 4.94531e-03  1.53750e-02
 4.32959e-03  1.53660e-02
 4.46177e-03  1.52923e-02
 4.45956e-03  1.54436e-02
 4.32959e-03  1.53660e-02

 5.42969e-03  1.53750e-02
 4.82082e-03  1.51641e-02
 4.96946e-03  1.51355e-02
 4.91992e-03  1.52785e-02
 4.82082e-03  1.51641e-02

 5.91406e-03  1.53750e-02
 5.32633e-03  1.49731e-02
 5.47726e-03  1.49846e-02
 5.39182e-03  1.51096e-02
 5.32633e-03  1.49731e-02

 6.39844e-03  1.53750e-02
 5.84520e-03  1.47983e-02
 5.99056e-03  1.48405e-02
 5.88134e-03  1.49453e-02
 5.84520e-03  1.47983e-02

 6.88281e-03  1.53750e-02
 6.37616e-03  1.46452e-02
 6.51308e-03  1.47097e-02
 6.38875e-03  1.47961e-02
 6.37616e-03  1.46452e-02

 7.36719e-03  1.53750e-02
 6.91716e-03  1.45192e-02
 7.04516e-03  1.46000e-02
 6.91118e-03  1.46704e-02
 6.91716e-03  1.45192e-02

 7.85156e-03  1.53750e-02
 7.46636e-03  1.44260e-02
 7.58579e-03  1.45190e-02
 7.44553e-03  1.45759e-02
 7.46636e-03  1.44260e-02

 8.33594e-03  1.53750e-02
 8.02014e-03  1.43710e-02
 8.13167e-03  1.44733e-02
 7.98728e-03  1.45187e-02
 8.02014e-03  1.43710e-02

 8.82031e-03  1.53750e-02
 8.57738e-03  1.43607e-02
 8.68151e-03  1.44705e-02
 8.53431e-03  1.45058e-02
 8.57738e-03  1.43607e-02

 9.30469e-03  1.53750e-02
 9.13046e-03  1.43997e-02
 9.22802e-03  1.45155e-02
 9.07901e-03  1.45421e-02
 9.13046e-03  1.43997e-02

 9.78906e-03  1.53750e-02
 9.68408e-03  1.44984e-02
 9.77482e-03  1.46195e-02
 9.62452e-03  1.46375e-02
 9.68408e-03  1.44984e-02

 1.02734e-02  1.53750e-02
 1.02164e-02  1.46580e-02
 1.03023e-02  1.47826e-02
 1.01514e-02  1.47946e-02
 1.02164e-02  1.46580e-02

 1.07578e-02  1.53750e-02
 1.07578e-02  1.49032e-02
 1.08335e-02  1.50343e-02
 1.06821e-02  1.50343e-02
 1.07578e-02  1.49032e-02

 4.00677e-03  1.59450e-02
 3.65427e-03  1.63646e-02
 3.68063e-03  1.62156e-02
 3.79653e-03  1.63129e-02
 3.65427e-03  1.63646e-02

 4.48906e-03  1.59450e-02
 4.12329e-03  1.61444e-02
 4.20215e-03  1.60152e-02
 4.27461e-03  1.61481e-02
 4.12329e-03  1.61444e-02

 4.97135e-03  1.59450e-02
 4.60124e-03  1.59242e-02
 4.73637e-03  1.58560e-02
 4.72788e-03  1.60071e-02
 4.60124e-03  1.59242e-02

 5.45365e-03  1.59450e-02
 5.08810e-03  1.57098e-02
 5.23929e-03  1.57171e-02
 5.15739e-03  1.58444e-02
 5.08810e-03  1.57098e-02

 5.93594e-03  1.59450e-02
 5.58365e-03  1.55070e-02
 5.72478e-03  1.55617e-02
 5.60683e-03  1.56566e-02
 5.58365e-03  1.55070e-02

 6.41823e-03  1.59450e-02
 6.08724e-03  1.53216e-02
 6.21556e-03  1.54019e-02
 6.08187e-03  1.54729e-02
 6.08724e-03  1.53216e-02

 6.90052e-03  1.59450e-02
 6.59802e-03  1.51595e-02
 6.71576e-03  1.52546e-02
 6.57450e-03  1.53090e-02
 6.59802e-03  1.51595e-02

 7.38281e-03  1.59450e-02
 7.11468e-03  1.50263e-02
 7.22406e-03  1.51309e-02
 7.07875e-03  1.51733e-02
 7.11468e-03  1.50263e-02

 7.86510e-03  1.59450e-02
 7.63603e-03  1.49283e-02
 7.73868e-03  1.50395e-02
 7.59101e-03  1.50728e-02
 7.63603e-03  1.49283e-02

 8.34740e-03  1.59450e-02
 8.15991e-03  1.48709e-02
 8.25700e-03  1.49870e-02
 8.10789e-03  1.50130e-02
 8.15991e-03  1.48709e-02

 8.82969e-03  1.59450e-02
 8.68554e-03  1.48614e-02
 8.77785e-03  1.49813e-02
 8.62780e-03  1.50013e-02
 8.68554e-03  1.48614e-02

 9.31198e-03  1.59450e-02
 9.20863e-03  1.49040e-02
 9.29689e-03  1.50270e-02
 9.14626e-03  1.50420e-02
 9.20863e-03  1.49040e-02

 9.79427e-03  1.59450e-02
 9.73182e-03  1.50102e-02
 9.81607e-03  1.51359e-02
 9.66504e-03  1.51460e-02
 9.73182e-03  1.50102e-02

 1.02766e-02  1.59450e-02
 1.02426e-02  1.51804e-02
 1.03240e-02  1.53080e-02
 1.01728e-02  1.53147e-02
 1.02426e-02  1.51804e-02

 1.07589e-02  1.59450e-02
 1.07589e-02  1.54419e-02
 1.08345e-02  1.55730e-02
 1.06832e-02  1.55730e-02
 1.07589e-02  1.54419e-02

 4.03698e-03  1.65150e-02
 3.93425e-03  1.69344e-02
 3.89193e-03  1.67890e-02
 4.03895e-03  1.68251e-02
 3.93425e-03  1.69344e-02

 4.51719e-03  1.65150e-02
 4.41052e-03  1.67080e-02
 4.40769e-03  1.65567e-02
 4.54017e-03  1.66299e-02
 4.41052e-03  1.67080e-02

 4.99740e-03  1.65150e-02
 4.88979e-03  1.64817e-02
 5.03738e-03  1.64481e-02
 4.99268e-03  1.65928e-02
 4.88979e-03  1.64817e-02

 5.47760e-03  1.65150e-02
 5.37201e-03  1.62616e-02
 5.49230e-03  1.63535e-02
 5.35258e-03  1.64117e-02
 5.37201e-03  1.62616e-02

 5.95781e-03  1.65150e-02
 5.85706e-03  1.60536e-02
 5.95897e-03  1.61656e-02
 5.81108e-03  1.61979e-02
 5.85706e-03  1.60536e-02

 6.43802e-03  1.65150e-02
 6.34458e-03  1.58638e-02
 6.43812e-03  1.59828e-02
 6.28828e-03  1.60043e-02
 6.34458e-03  1.58638e-02

 6.91823e-03  1.65150e-02
 6.83416e-03  1.56981e-02
 6.92287e-03  1.58207e-02
 6.77229e-03  1.58362e-02
 6.83416e-03  1.56981e-02

 7.39844e-03  1.65150e-02
 7.32525e-03  1.55624e-02
 7.41076e-03  1.56874e-02
 7.25984e-03  1.56989e-02
 7.32525e-03  1.55624e-02

 7.87865e-03  1.65150e-02
 7.81731e-03  1.54631e-02
 7.90049e-03  1.55895e-02
 7.74938e-03  1.55983e-02
 7.81731e-03  1.54631e-02

 8.35885e-03  1.65150e-02
 8.30967e-03  1.54056e-02
 8.39108e-03  1.55332e-02
 8.23987e-03  1.55399e-02
 8.30967e-03  1.54056e-02

 8.83906e-03  1.65150e-02
 8.80192e-03  1.53972e-02
 8.88191e-03  1.55257e-02
 8.73063e-03  1.55308e-02
 8.80192e-03  1.53972e-02

 9.31927e-03  1.65150e-02
 9.29319e-03  1.54423e-02
 9.37203e-03  1.55715e-02
 9.22071e-03  1.55752e-02
 9.29319e-03  1.54423e-02

 9.79948e-03  1.65150e-02
 9.78380e-03  1.55523e-02
 9.86161e-03  1.56821e-02
 9.71026e-03  1.56846e-02
 9.78380e-03  1.55523e-02

 1.02797e-02  1.65150e-02
 1.02715e-02  1.57273e-02
 1.03485e-02  1.58576e-02
 1.01972e-02  1.58592e-02
 1.02715e-02  1.57273e-02

 1.07599e-02  1.65150e-02
 1.07599e-02  1.59963e-02
 1.08356e-02  1.61274e-02
 1.06842e-02  1.61274e-02
 1.07599e-02  1.59963e-02

 4.06719e-03  1.70850e-02
 4.22145e-03  1.74886e-02
 4.10395e-03  1.73932e-02
 4.24534e-03  1.73391e-02
 4.22145e-03  1.74886e-02

 4.54531e-03  1.70850e-02
 4.70487e-03  1.72632e-02
 4.56104e-03  1.72160e-02
 4.67381e-03  1.71151e-02
 4.70487e-03  1.72632e-02

 5.02344e-03  1.70850e-02
 5.18528e-03  1.70382e-02
 5.08036e-03  1.71473e-02
 5.03833e-03  1.70019e-02
 5.18528e-03  1.70382e-02

 5.50156e-03  1.70850e-02
 5.66262e-03  1.68196e-02
 5.65930e-03  1.69710e-02
 5.52990e-03  1.68924e-02
 5.66262e-03  1.68196e-02

 5.97969e-03  1.70850e-02
 6.13684e-03  1.66135e-02
 6.16719e-03  1.67618e-02
 6.02359e-03  1.67139e-02
 6.13684e-03  1.66135e-02

 6.45781e-03  1.70850e-02
 6.60796e-03  1.64258e-02
 6.65264e-03  1.65704e-02
 6.50506e-03  1.65368e-02
 6.60796e-03  1.64258e-02

 6.93594e-03  1.70850e-02
 7.07597e-03  1.62624e-02
 7.12858e-03  1.64043e-02
 6.97936e-03  1.63789e-02
 7.07597e-03  1.62624e-02

 7.41406e-03  1.70850e-02
 7.54111e-03  1.61293e-02
 7.59886e-03  1.62692e-02
 7.44881e-03  1.62492e-02
 7.54111e-03  1.61293e-02

 7.89219e-03  1.70850e-02
 8.00346e-03  1.60325e-02
 8.06495e-03  1.61708e-02
 7.91442e-03  1.61549e-02
 8.00346e-03  1.60325e-02

 8.37031e-03  1.70850e-02
 8.46389e-03  1.59773e-02
 8.52827e-03  1.61143e-02
 8.37744e-03  1.61015e-02
 8.46389e-03  1.59773e-02

 8.84844e-03  1.70850e-02
 8.92221e-03  1.59708e-02
 8.98907e-03  1.61066e-02
 8.83803e-03  1.60966e-02
 8.92221e-03  1.59708e-02

 9.32656e-03  1.70850e-02
 9.38105e-03  1.60171e-02
 9.44995e-03  1.61519e-02
 9.29878e-03  1.61442e-02
 9.38105e-03  1.60171e-02

 9.80469e-03  1.70850e-02
 9.83817e-03  1.61275e-02
 9.90923e-03  1.62611e-02
 9.75795e-03  1.62558e-02
 9.83817e-03  1.61275e-02

 1.02828e-02  1.70850e-02
 1.03019e-02  1.63015e-02
 1.03743e-02  1.64344e-02
 1.02230e-02  1.64307e-02
 1.03019e-02  1.63015e-02

 1.07609e-02  1.70850e-02
 1.07609e-02  1.65686e-02
 1.08366e-02  1.66996e-02
 1.06853e-02  1.66996e-02
 1.07609e-02  1.65686e-02

 4.09740e-03  1.76550e-02
 4.50498e-03  1.80287e-02
 4.35721e-03  1.79959e-02
 4.45951e-03  1.78843e-02
 4.50498e-03  1.80287e-02

 4.57344e-03  1.76550e-02
 4.99489e-03  1.78115e-02
 4.84566e-03  1.78368e-02
 4.89834e-03  1.76949e-02
 4.99489e-03  1.78115e-02

 5.04948e-03  1.76550e-02
 5.47593e-03  1.75950e-02
 5.35667e-03  1.76882e-02
 5.33558e-03  1.75383e-02
 5.47593e-03  1.75950e-02

 5.52552e-03  1.76550e-02
 5.94803e-03  1.73851e-02
 5.87830e-03  1.75195e-02
 5.79682e-03  1.73919e-02
 5.94803e-03  1.73851e-02

 6.00156e-03  1.76550e-02
 6.41131e-03  1.71877e-02
 6.38179e-03  1.73362e-02
 6.26797e-03  1.72364e-02
 6.41131e-03  1.71877e-02

 6.47760e-03  1.76550e-02
 6.86610e-03  1.70085e-02
 6.86345e-03  1.71598e-02
 6.73370e-03  1.70819e-02
 6.86610e-03  1.70085e-02

 6.95365e-03  1.76550e-02
 7.31285e-03  1.68532e-02
 7.32832e-03  1.70038e-02
 7.19018e-03  1.69419e-02
 7.31285e-03  1.68532e-02

 7.42969e-03  1.76550e-02
 7.75258e-03  1.67273e-02
 7.78096e-03  1.68760e-02
 7.63801e-03  1.68263e-02
 7.75258e-03  1.67273e-02

 7.90573e-03  1.76550e-02
 8.18597e-03  1.66367e-02
 8.22416e-03  1.67831e-02
 8.07822e-03  1.67430e-02
 8.18597e-03  1.66367e-02

 8.38177e-03  1.76550e-02
 8.61533e-03  1.65862e-02
 8.66128e-03  1.67304e-02
 8.51341e-03  1.66981e-02
 8.61533e-03  1.65862e-02

 8.85781e-03  1.76550e-02
 9.04070e-03  1.65823e-02
 9.09328e-03  1.67243e-02
 8.94406e-03  1.66988e-02
 9.04070e-03  1.65823e-02

 9.33385e-03  1.76550e-02
 9.46797e-03  1.66290e-02
 9.52602e-03  1.67688e-02
 9.37593e-03  1.67491e-02
 9.46797e-03  1.66290e-02

 9.80990e-03  1.76550e-02
 9.89232e-03  1.67364e-02
 9.95599e-03  1.68738e-02
 9.80523e-03  1.68602e-02
 9.89232e-03  1.67364e-02

 1.02859e-02  1.76550e-02
 1.03324e-02  1.69041e-02
 1.03998e-02  1.70396e-02
 1.02487e-02  1.70302e-02
 1.03324e-02  1.69041e-02

 1.07620e-02  1.76550e-02
 1.07620e-02  1.71596e-02
 1.08377e-02  1.72907e-02
 1.06863e-02  1.72907e-02
 1.07620e-02  1.71596e-02

 4.12760e-03  1.82250e-02
 4.77370e-03  1.85557e-02
 4.62252e-03  1.85634e-02
 4.69150e-03  1.84286e-02
 4.77370e-03  1.85557e-02

 4.60156e-03  1.82250e-02
 5.26875e-03  1.83534e-02
 5.12572e-03  1.84029e-02
 5.15432e-03  1.82543e-02
 5.26875e-03  1.83534e-02

 5.07552e-03  1.82250e-02
 5.74946e-03  1.81522e-02
 5.62725e-03  1.82416e-02
 5.61101e-03  1.80911e-02
 5.74946e-03  1.81522e-02

 5.54948e-03  1.82250e-02
 6.21578e-03  1.79578e-02
 6.12228e-03  1.80768e-02
 6.06594e-03  1.79364e-02
 6.21578e-03  1.79578e-02

 6.02344e-03  1.82250e-02
 6.66800e-03  1.77756e-02
 6.60376e-03  1.79126e-02
 6.51719e-03  1.77885e-02
 6.66800e-03  1.77756e-02

 6.49740e-03  1.82250e-02
 7.10684e-03  1.76108e-02
 7.06824e-03  1.77572e-02
 6.96079e-03  1.76505e-02
 7.10684e-03  1.76108e-02

 6.97135e-03  1.82250e-02
 7.53322e-03  1.74688e-02
 7.51579e-03  1.76192e-02
 7.39429e-03  1.75289e-02
 7.53322e-03  1.74688e-02

 7.44531e-03  1.82250e-02
 7.94889e-03  1.73546e-02
 7.94875e-03  1.75060e-02
 7.81773e-03  1.74302e-02
 7.94889e-03  1.73546e-02

 7.91927e-03  1.82250e-02
 8.35515e-03  1.72734e-02
 8.36936e-03  1.74241e-02
 8.23175e-03  1.73611e-02
 8.35515e-03  1.72734e-02

 8.39323e-03  1.82250e-02
 8.75562e-03  1.72297e-02
 8.78189e-03  1.73788e-02
 8.63965e-03  1.73270e-02
 8.75562e-03  1.72297e-02

 8.86719e-03  1.82250e-02
 9.15052e-03  1.72292e-02
 9.18744e-03  1.73760e-02
 9.04185e-03  1.73346e-02
 9.15052e-03  1.72292e-02

 9.34115e-03  1.82250e-02
 9.54868e-03  1.72752e-02
 9.59463e-03  1.74195e-02
 9.44675e-03  1.73872e-02
 9.54868e-03  1.72752e-02

 9.81510e-03  1.82250e-02
 9.94284e-03  1.73769e-02
 9.99815e-03  1.75178e-02
 9.84847e-03  1.74952e-02
 9.94284e-03  1.73769e-02

 1.02891e-02  1.82250e-02
 1.03609e-02  1.75333e-02
 1.04226e-02  1.76715e-02
 1.02721e-02  1.76558e-02
 1.03609e-02  1.75333e-02

 1.07630e-02  1.82250e-02
 1.07630e-02  1.77684e-02
 1.08387e-02  1.78995e-02
 1.06873e-02  1.78995e-02
 1.07630e-02  1.77684e-02

 4.15781e-03  1.87950e-02
 5.01387e-03  1.90728e-02
 4.86582e-03  1.91044e-02
 4.91255e-03  1.89604e-02
 5.01387e-03  1.90728e-02

 4.62969e-03  1.87950e-02
 5.51201e-03  1.88919e-02
 5.37344e-03  1.89528e-02
 5.38997e-03  1.88024e-02
 5.51201e-03  1.88919e-02

 5.10156e-03  1.87950e-02
 5.99107e-03  1.87126e-02
 5.86752e-03  1.88001e-02
 5.85356e-03  1.86494e-02
 5.99107e-03  1.87126e-02

 5.57344e-03  1.87950e-02
 6.45099e-03  1.85400e-02
 6.34623e-03  1.86492e-02
 6.30399e-03  1.85039e-02
 6.45099e-03  1.85400e-02

 6.04531e-03  1.87950e-02
 6.89221e-03  1.83788e-02
 6.80794e-03  1.85046e-02
 6.74118e-03  1.83687e-02
 6.89221e-03  1.83788e-02

 6.51719e-03  1.87950e-02
 7.31603e-03  1.82339e-02
 7.25225e-03  1.83712e-02
 7.16525e-03  1.82473e-02
 7.31603e-03  1.82339e-02

 6.98906e-03  1.87950e-02
 7.72365e-03  1.81099e-02
 7.67941e-03  1.82546e-02
 7.57617e-03  1.81440e-02
 7.72365e-03  1.81099e-02

 7.46094e-03  1.87950e-02
 8.11767e-03  1.80111e-02
 8.09151e-03  1.81602e-02
 7.97548e-03  1.80630e-02
 8.11767e-03  1.80111e-02

 7.93281e-03  1.87950e-02
 8.49994e-03  1.79420e-02
 8.49038e-03  1.80931e-02
 8.36433e-03  1.80093e-02
 8.49994e-03  1.79420e-02

 8.40469e-03  1.87950e-02
 8.87521e-03  1.79067e-02
 8.88073e-03  1.80580e-02
 8.74697e-03  1.79871e-02
 8.87521e-03  1.79067e-02

 8.87656e-03  1.87950e-02
 9.24394e-03  1.79099e-02
 9.26359e-03  1.80600e-02
 9.12378e-03  1.80019e-02
 9.24394e-03  1.79099e-02

 9.34844e-03  1.87950e-02
 9.61726e-03  1.79544e-02
 9.64942e-03  1.81023e-02
 9.50524e-03  1.80562e-02
 9.61726e-03  1.79544e-02

 9.82031e-03  1.87950e-02
 9.98594e-03  1.80474e-02
 1.00315e-02  1.81917e-02
 9.88369e-03  1.81590e-02
 9.98594e-03  1.80474e-02

 1.02922e-02  1.87950e-02
 1.03854e-02  1.81883e-02
 1.04403e-02  1.83293e-02
 1.02907e-02  1.83063e-02
 1.03854e-02  1.81883e-02

 1.07641e-02  1.87950e-02
 1.07641e-02  1.83946e-02
 1.08397e-02  1.85257e-02
 1.06884e-02  1.85257e-02
 1.07641e-02  1.83946e-02

 4.18802e-03  1.93650e-02
 5.21202e-03  1.95828e-02
 5.06805e-03  1.96296e-02
 5.09954e-03  1.94815e-02
 5.21202e-03  1.95828e-02

 4.65781e-03  1.93650e-02
 5.71057e-03  1.94282e-02
 5.57518e-03  1.94959e-02
 5.58426e-03  1.93448e-02
 5.71057e-03  1.94282e-02

 5.12760e-03  1.93650e-02
 6.18611e-03  1.92757e-02
 6.06185e-03  1.93622e-02
 6.04913e-03  1.92113e-02
 6.18611e-03  1.92757e-02

 5.59740e-03  1.93650e-02
 6.63872e-03  1.91296e-02
 6.52756e-03  1.92323e-02
 6.49417e-03  1.90846e-02
 6.63872e-03  1.91296e-02

 6.06719e-03  1.93650e-02
 7.06931e-03  1.89939e-02
 6.97267e-03  1.91104e-02
 6.92010e-03  1.89684e-02
 7.06931e-03  1.89939e-02

 6.53698e-03  1.93650e-02
 7.47939e-03  1.88726e-02
 7.39825e-03  1.90004e-02
 7.32816e-03  1.88663e-02
 7.47939e-03  1.88726e-02

 7.00677e-03  1.93650e-02
 7.87070e-03  1.87697e-02
 7.80570e-03  1.89064e-02
 7.71981e-03  1.87818e-02
 7.87070e-03  1.87697e-02

 7.47656e-03  1.93650e-02
 8.24649e-03  1.86888e-02
 8.19794e-03  1.88321e-02
 8.09805e-03  1.87184e-02
 8.24649e-03  1.86888e-02

 7.94635e-03  1.93650e-02
 8.60910e-03  1.86335e-02
 8.57717e-03  1.87815e-02
 8.46500e-03  1.86798e-02
 8.60910e-03  1.86335e-02

 8.41615e-03  1.93650e-02
 8.96426e-03  1.86073e-02
 8.94875e-03  1.87578e-02
 8.82611e-03  1.86691e-02
 8.96426e-03  1.86073e-02

 8.88594e-03  1.93650e-02
 9.31272e-03  1.86139e-02
 9.31376e-03  1.87652e-02
 9.18216e-03  1.86904e-02
 9.31272e-03  1.86139e-02

 9.35573e-03  1.93650e-02
 9.66717e-03  1.86558e-02
 9.68376e-03  1.88062e-02
 9.54517e-03  1.87454e-02
 9.66717e-03  1.86558e-02

 9.82552e-03  1.93650e-02
 1.00172e-02  1.87378e-02
 1.00513e-02  1.88853e-02
 9.90650e-03  1.88411e-02
 1.00172e-02  1.87378e-02

 1.02953e-02  1.93650e-02
 1.04028e-02  1.88600e-02
 1.04496e-02  1.90039e-02
 1.03015e-02  1.89724e-02
 1.04028e-02  1.88600e-02

 1.07651e-02  1.93650e-02
 1.07651e-02  1.90318e-02
 1.08408e-02  1.91629e-02
 1.06894e-02  1.91629e-02
 1.07651e-02  1.90318e-02

 4.21823e-03  1.99350e-02
 5.34924e-03  2.00920e-02
 5.20900e-03  2.01489e-02
 5.22980e-03  1.99990e-02
 5.34924e-03  2.00920e-02

 4.68594e-03  1.99350e-02
 5.84511e-03  1.99688e-02
 5.71187e-03  2.00406e-02
 5.71628e-03  1.98893e-02
 5.84511e-03  1.99688e-02

 5.15365e-03  1.99350e-02
 6.31539e-03  1.98478e-02
 6.19033e-03  1.99331e-02
 6.17900e-03  1.97822e-02
 6.31539e-03  1.98478e-02

 5.62135e-03  1.99350e-02
 6.76054e-03  1.97325e-02
 6.64472e-03  1.98300e-02
 6.61823e-03  1.96809e-02
 6.76054e-03  1.97325e-02

 6.08906e-03  1.99350e-02
 7.18163e-03  1.96261e-02
 7.07608e-03  1.97346e-02
 7.03490e-03  1.95890e-02
 7.18163e-03  1.96261e-02

 6.55677e-03  1.99350e-02
 7.58054e-03  1.95318e-02
 7.48631e-03  1.96502e-02
 7.43084e-03  1.95094e-02
 7.58054e-03  1.95318e-02

 7.02448e-03  1.99350e-02
 7.95947e-03  1.94524e-02
 7.87770e-03  1.95798e-02
 7.80827e-03  1.94453e-02
 7.95947e-03  1.94524e-02

 7.49219e-03  1.99350e-02
 8.32213e-03  1.93909e-02
 8.25400e-03  1.95261e-02
 8.17101e-03  1.93995e-02
 8.32213e-03  1.93909e-02

 7.95990e-03  1.99350e-02
 8.67137e-03  1.93501e-02
 8.61818e-03  1.94918e-02
 8.52205e-03  1.93749e-02
 8.67137e-03  1.93501e-02

 8.42760e-03  1.99350e-02
 9.01349e-03  1.93327e-02
 8.97633e-03  1.94795e-02
 8.86783e-03  1.93739e-02
 9.01349e-03  1.93327e-02

 8.89531e-03  1.99350e-02
 9.34956e-03  1.93417e-02
 9.32997e-03  1.94918e-02
 9.20978e-03  1.93997e-02
 9.34956e-03  1.93417e-02

 9.36302e-03  1.99350e-02
 9.69308e-03  1.93792e-02
 9.69122e-03  1.95306e-02
 9.56107e-03  1.94533e-02
 9.69308e-03  1.93792e-02

 9.83073e-03  1.99350e-02
 1.00333e-02  1.94478e-02
 1.00528e-02  1.95979e-02
 9.91306e-03  1.95398e-02
 1.00333e-02  1.94478e-02

 1.02984e-02  1.99350e-02
 1.04118e-02  1.95483e-02
 1.04475e-02  1.96954e-02
 1.03023e-02  1.96528e-02
 1.04118e-02  1.95483e-02

 1.07661e-02  1.99350e-02
 1.07661e-02  1.96805e-02
 1.08418e-02  1.98116e-02
 1.06905e-02  1.98116e-02
 1.07661e-02  1.96805e-02

 4.24844e-03  2.05050e-02
 5.41169e-03  2.06023e-02
 5.27475e-03  2.06668e-02
 5.28737e-03  2.05160e-02
 5.41169e-03  2.06023e-02

 4.71406e-03  2.05050e-02
 5.90146e-03  2.05111e-02
 5.76999e-03  2.05861e-02
 5.77076e-03  2.04347e-02
 5.90146e-03  2.05111e-02

 5.17969e-03  2.05050e-02
 6.36497e-03  2.04220e-02
 6.23949e-03  2.05067e-02
 6.22891e-03  2.03557e-02
 6.36497e-03  2.04220e-02

 5.64531e-03  2.05050e-02
 6.80274e-03  2.03377e-02
 6.68383e-03  2.04313e-02
 6.66217e-03  2.02815e-02
 6.80274e-03  2.03377e-02

 6.11094e-03  2.05050e-02
 7.21607e-03  2.02605e-02
 7.10442e-03  2.03627e-02
 7.07173e-03  2.02149e-02
 7.21607e-03  2.02605e-02

 6.57656e-03  2.05050e-02
 7.60714e-03  2.01926e-02
 7.50365e-03  2.03031e-02
 7.45974e-03  2.01582e-02
 7.60714e-03  2.01926e-02

 7.04219e-03  2.05050e-02
 7.97862e-03  2.01362e-02
 7.88438e-03  2.02546e-02
 7.82892e-03  2.01138e-02
 7.97862e-03  2.01362e-02

 7.50781e-03  2.05050e-02
 8.33443e-03  2.00933e-02
 8.25083e-03  2.02195e-02
 8.18335e-03  2.00840e-02
 8.33443e-03  2.00933e-02

 7.97344e-03  2.05050e-02
 8.67766e-03  2.00658e-02
 8.60648e-03  2.01994e-02
 8.52639e-03  2.00710e-02
 8.67766e-03  2.00658e-02

 8.43906e-03  2.05050e-02
 9.01486e-03  2.00561e-02
 8.95802e-03  2.01964e-02
 8.86495e-03  2.00770e-02
 9.01486e-03  2.00561e-02

 8.90469e-03  2.05050e-02
 9.34756e-03  2.00659e-02
 9.30776e-03  2.02119e-02
 9.20119e-03  2.01045e-02
 9.34756e-03  2.00659e-02

 9.37031e-03  2.05050e-02
 9.68908e-03  2.00975e-02
 9.66792e-03  2.02474e-02
 9.54870e-03  2.01541e-02
 9.68908e-03  2.00975e-02

 9.83594e-03  2.05050e-02
 1.00296e-02  2.01513e-02
 1.00331e-02  2.03026e-02
 9.90030e-03  2.02299e-02
 1.00296e-02  2.01513e-02

 1.03016e-02  2.05050e-02
 1.04085e-02  2.02294e-02
 1.04316e-02  2.03790e-02
 1.02905e-02  2.03242e-02
 1.04085e-02  2.02294e-02

 1.07672e-02  2.05050e-02
 1.07672e-02  2.03231e-02
 1.08429e-02  2.04542e-02
 1.06915e-02  2.04542e-02
 1.07672e-02  2.03231e-02

 4.27865e-03  2.10750e-02
 5.37068e-03  2.11259e-02
 5.23621e-03  2.11954e-02
 5.24326e-03  2.10442e-02
 5.37068e-03  2.11259e-02

 4.74219e-03  2.10750e-02
 5.85216e-03  2.10699e-02
 5.72142e-03  2.11462e-02
 5.72073e-03  2.09948e-02
 5.85216e-03  2.10699e-02

 5.20573e-03  2.10750e-02
 6.30889e-03  2.10155e-02
 6.18207e-03  2.10981e-02
 6.17392e-03  2.09470e-02
 6.30889e-03  2.10155e-02

 5.66927e-03  2.10750e-02
 6.74163e-03  2.09644e-02
 6.61900e-03  2.10531e-02
 6.60347e-03  2.09026e-02
 6.74163e-03  2.09644e-02

 6.13281e-03  2.10750e-02
 7.15181e-03  2.09179e-02
 7.03379e-03  2.10127e-02
 7.01073e-03  2.08631e-02
 7.15181e-03  2.09179e-02

 6.59635e-03  2.10750e-02
 7.54187e-03  2.08774e-02
 7.42903e-03  2.09783e-02
 7.39807e-03  2.08301e-02
 7.54187e-03  2.08774e-02

 7.05990e-03  2.10750e-02
 7.91429e-03  2.08440e-02
 7.80749e-03  2.09513e-02
 7.76799e-03  2.08052e-02
 7.91429e-03  2.08440e-02

 7.52344e-03  2.10750e-02
 8.27295e-03  2.08191e-02
 8.17335e-03  2.09331e-02
 8.12444e-03  2.07898e-02
 8.27295e-03  2.08191e-02

 7.98698e-03  2.10750e-02
 8.62103e-03  2.08038e-02
 8.53027e-03  2.09249e-02
 8.47074e-03  2.07857e-02
 8.62103e-03  2.08038e-02

 8.45052e-03  2.10750e-02
 8.96462e-03  2.07995e-02
 8.88481e-03  2.09282e-02
 8.81333e-03  2.07947e-02
 8.96462e-03  2.07995e-02

 8.91406e-03  2.10750e-02
 9.30553e-03  2.08076e-02
 9.23998e-03  2.09440e-02
 9.15459e-03  2.08190e-02
 9.30553e-03  2.08076e-02

 9.37760e-03  2.10750e-02
 9.65602e-03  2.08299e-02
 9.60764e-03  2.09733e-02
 9.50762e-03  2.08597e-02
 9.65602e-03  2.08299e-02

 9.84115e-03  2.10750e-02
 1.00080e-02  2.08657e-02
 9.98548e-03  2.10154e-02
 9.86713e-03  2.09210e-02
 1.00080e-02  2.08657e-02

 1.03047e-02  2.10750e-02
 1.03959e-02  2.09184e-02
 1.03953e-02  2.10698e-02
 1.02645e-02  2.09936e-02
 1.03959e-02  2.09184e-02

 1.07682e-02  2.10750e-02
 1.07682e-02  2.09725e-02
 1.08439e-02  2.11036e-02
 1.06925e-02  2.11036e-02
 1.07682e-02  2.09725e-02

 4.30885e-03  2.16450e-02
 5.22220e-03  2.16540e-02
 5.09038e-03  2.17284e-02
 5.09187e-03  2.15770e-02
 5.22220e-03  2.16540e-02

 4.77031e-03  2.16450e-02
 5.69342e-03  2.16235e-02
 5.56413e-03  2.17022e-02
 5.56061e-03  2.15509e-02
 5.69342e-03  2.16235e-02

 5.23177e-03  2.16450e-02
 6.14398e-03  2.15943e-02
 6.01730e-03  2.16771e-02
 6.00889e-03  2.15260e-02
 6.14398e-03  2.15943e-02

 5.69323e-03  2.16450e-02
 6.57464e-03  2.15670e-02
 6.45073e-03  2.16540e-02
 6.43739e-03  2.15032e-02
 6.57464e-03  2.15670e-02

 6.15469e-03  2.16450e-02
 6.98690e-03  2.15425e-02
 6.86605e-03  2.16336e-02
 6.84755e-03  2.14834e-02
 6.98690e-03  2.15425e-02

 6.61615e-03  2.16450e-02
 7.38297e-03  2.15214e-02
 7.26560e-03  2.16170e-02
 7.24151e-03  2.14675e-02
 7.38297e-03  2.15214e-02

 7.07760e-03  2.16450e-02
 7.76498e-03  2.15043e-02
 7.65173e-03  2.16048e-02
 7.62138e-03  2.14565e-02
 7.76498e-03  2.15043e-02

 7.53906e-03  2.16450e-02
 8.13635e-03  2.14919e-02
 8.02815e-03  2.15978e-02
 7.99058e-03  2.14512e-02
 8.13635e-03  2.14919e-02

 8.00052e-03  2.16450e-02
 8.49977e-03  2.14848e-02
 8.39808e-03  2.15969e-02
 8.35183e-03  2.14528e-02
 8.49977e-03  2.14848e-02

 8.46198e-03  2.16450e-02
 8.86053e-03  2.14838e-02
 8.76737e-03  2.16031e-02
 8.71063e-03  2.14628e-02
 8.86053e-03  2.14838e-02

 8.92344e-03  2.16450e-02
 9.22033e-03  2.14895e-02
 9.13933e-03  2.16173e-02
 9.06909e-03  2.14833e-02
 9.22033e-03  2.14895e-02

 9.38490e-03  2.16450e-02
 9.58971e-03  2.15034e-02
 9.52495e-03  2.16402e-02
 9.43885e-03  2.15157e-02
 9.58971e-03  2.15034e-02

 9.84635e-03  2.16450e-02
 9.96332e-03  2.15239e-02
 9.92672e-03  2.16707e-02
 9.81782e-03  2.15656e-02
 9.96332e-03  2.15239e-02

 1.03078e-02  2.16450e-02
 1.03678e-02  2.15555e-02
 1.03577e-02  2.17065e-02
 1.02320e-02  2.16222e-02
 1.03678e-02  2.15555e-02

 1.07693e-02  2.16450e-02
 1.07693e-02  2.15829e-02
 1.08450e-02  2.17140e-02
 1.06936e-02  2.17140e-02
 1.07693e-02  2.15829e-02

 4.33906e-03  2.22150e-02
 4.90812e-03  2.22150e-02
 4.77703e-03  2.22907e-02
 4.77703e-03  2.21393e-02
 4.90812e-03  2.22150e-02

 4.79844e-03  2.22150e-02
 5.37113e-03  2.22150e-02
 5.24005e-03  2.22907e-02
 5.24005e-03  2.21393e-02
 5.37113e-03  2.22150e-02

 5.25781e-03  2.22150e-02
 5.82128e-03  2.22150e-02
 5.69019e-03  2.22907e-02
 5.69019e-03  2.21393e-02
 5.82128e-03  2.22150e-02

 5.71719e-03  2.22150e-02
 6.25932e-03  2.22150e-02
 6.12823e-03  2.22907e-02
 6.12823e-03  2.21393e-02
 6.25932e-03  2.22150e-02

 6.17656e-03  2.22150e-02
 6.68626e-03  2.22150e-02
 6.55517e-03  2.22907e-02
 6.55517e-03  2.21393e-02
 6.68626e-03  2.22150e-02

 6.63594e-03  2.22150e-02
 7.10350e-03  2.22150e-02
 6.97241e-03  2.22907e-02
 6.97241e-03  2.21393e-02
 7.10350e-03  2.22150e-02

 7.09531e-03  2.22150e-02
 7.51255e-03  2.22150e-02
 7.38146e-03  2.22907e-02
 7.38146e-03  2.21393e-02
 7.51255e-03  2.22150e-02

 7.55469e-03  2.22150e-02
 7.91552e-03  2.22150e-02
 7.78444e-03  2.22907e-02
 7.78444e-03  2.21393e-02
 7.91552e-03  2.22150e-02

 8.01406e-03  2.22150e-02
 8.31409e-03  2.22150e-02
 8.18301e-03  2.22907e-02
 8.18301e-03  2.21393e-02
 8.31409e-03  2.22150e-02

 8.47344e-03  2.22150e-02
 8.71164e-03  2.22150e-02
 8.58055e-03  2.22907e-02
 8.58055e-03  2.21393e-02
 8.71164e-03  2.22150e-02

 8.93281e-03  2.22150e-02
 9.10903e-03  2.22150e-02
 8.97795e-03  2.22907e-02
 8.97795e-03  2.21393e-02
 9.10903e-03  2.22150e-02

 9.39219e-03  2.22150e-02
 9.51305e-03  2.22150e-02
 9.38196e-03  2.22907e-02
 9.38196e-03  2.21393e-02
 9.51305e-03  2.22150e-02

 9.85156e-03  2.22150e-02
 9.91984e-03  2.22150e-02
 9.78876e-03  2.22907e-02
 9.78876e-03  2.21393e-02
 9.91984e-03  2.22150e-02

 1.03109e-02  2.22150e-02
 1.03462e-02  2.22150e-02
 1.02151e-02  2.22907e-02
 1.02151e-02  2.21393e-02
 1.03462e-02  2.22150e-02

 1.07703e-02  2.22150e-02
 1.07703e-02  2.22150e-02
 1.06392e-02  2.22907e-02
 1.06392e-02  2.21393e-02
 1.07703e-02  2.22150e-02

