#[ Fluid velocity 2D plot data file: flw.dat ]
 1.95313e-04  1.13850e-02
 1.95313e-04  1.13850e-02
 6.42249e-05  1.14607e-02
 6.42249e-05  1.13093e-02
 1.95313e-04  1.13850e-02

 5.85937e-04  1.13850e-02
 2.38111e-04  1.13850e-02
 3.69199e-04  1.13093e-02
 3.69199e-04  1.14607e-02
 2.38111e-04  1.13850e-02

 9.76562e-04  1.13850e-02
 5.07877e-04  1.13850e-02
 6.38965e-04  1.13093e-02
 6.38965e-04  1.14607e-02
 5.07877e-04  1.13850e-02

 1.36719e-03  1.13850e-02
 7.01097e-04  1.13850e-02
 8.32185e-04  1.13093e-02
 8.32185e-04  1.14607e-02
 7.01097e-04  1.13850e-02

 1.75781e-03  1.13850e-02
 9.47394e-04  1.13850e-02
 1.07848e-03  1.13093e-02
 1.07848e-03  1.14607e-02
 9.47394e-04  1.13850e-02

 2.14844e-03  1.13850e-02
 1.19551e-03  1.13850e-02
 1.32659e-03  1.13093e-02
 1.32659e-03  1.14607e-02
 1.19551e-03  1.13850e-02

 2.53906e-03  1.13850e-02
 1.47246e-03  1.13850e-02
 1.60354e-03  1.13093e-02
 1.60354e-03  1.14607e-02
 1.47246e-03  1.13850e-02

 2.92969e-03  1.13850e-02
 1.76742e-03  1.13850e-02
 1.89850e-03  1.13093e-02
 1.89850e-03  1.14607e-02
 1.76742e-03  1.13850e-02

 3.32031e-03  1.13850e-02
 2.08569e-03  1.13850e-02
 2.21678e-03  1.13093e-02
 2.21678e-03  1.14607e-02
 2.08569e-03  1.13850e-02

 1.97049e-04  1.19550e-02
 1.97049e-04  1.25767e-02
 1.21365e-04  1.24456e-02
 2.72732e-04  1.24456e-02
 1.97049e-04  1.25767e-02

 5.91146e-04  1.19550e-02
 3.14060e-05  1.25291e-02
 6.87341e-05  1.23824e-02
 1.77109e-04  1.24880e-02
 3.14060e-05  1.25291e-02

 9.85243e-04  1.19550e-02
 2.12439e-04  1.25005e-02
 2.75884e-04  1.23631e-02
 3.63178e-04  1.24868e-02
 2.12439e-04  1.25005e-02

 1.37934e-03  1.19550e-02
 2.77919e-04  1.24562e-02
 3.65884e-04  1.23330e-02
 4.28581e-04  1.24708e-02
 2.77919e-04  1.24562e-02

 1.77344e-03  1.19550e-02
 4.31267e-04  1.24062e-02
 5.31405e-04  1.22927e-02
 5.79638e-04  1.24362e-02
 4.31267e-04  1.24062e-02

 2.16753e-03  1.19550e-02
 5.91729e-04  1.23477e-02
 7.00628e-04  1.22425e-02
 7.37226e-04  1.23894e-02
 5.91729e-04  1.23477e-02

 2.56163e-03  1.19550e-02
 8.01764e-04  1.22855e-02
 9.16630e-04  1.21869e-02
 9.44569e-04  1.23357e-02
 8.01764e-04  1.22855e-02

 2.95573e-03  1.19550e-02
 1.04419e-03  1.22212e-02
 1.16359e-03  1.21282e-02
 1.18447e-03  1.22781e-02
 1.04419e-03  1.22212e-02

 3.34983e-03  1.19550e-02
 1.32673e-03  1.21573e-02
 1.44964e-03  1.20690e-02
 1.46470e-03  1.22196e-02
 1.32673e-03  1.21573e-02

 1.98785e-04  1.25250e-02
 1.98785e-04  1.35763e-02
 1.23101e-04  1.34452e-02
 2.74468e-04  1.34452e-02
 1.98785e-04  1.35763e-02

 5.96354e-04  1.25250e-02
-4.08174e-05  1.35401e-02
-3.52257e-05  1.33888e-02
 9.29766e-05  1.34693e-02
-4.08174e-05  1.35401e-02

 9.93924e-04  1.25250e-02
 9.89665e-05  1.34786e-02
 1.33487e-04  1.33312e-02
 2.43860e-04  1.34348e-02
 9.89665e-05  1.34786e-02

 1.39149e-03  1.25250e-02
 1.11837e-04  1.33978e-02
 1.77489e-04  1.32614e-02
 2.62779e-04  1.33864e-02
 1.11837e-04  1.33978e-02

 1.78906e-03  1.25250e-02
 2.25669e-04  1.32983e-02
 3.09616e-04  1.31723e-02
 3.76723e-04  1.33080e-02
 2.25669e-04  1.32983e-02

 2.18663e-03  1.25250e-02
 3.51156e-04  1.31867e-02
 4.48806e-04  1.30711e-02
 5.00143e-04  1.32135e-02
 3.51156e-04  1.31867e-02

 2.58420e-03  1.25250e-02
 5.35677e-04  1.30683e-02
 6.42981e-04  1.29616e-02
 6.81786e-04  1.31079e-02
 5.35677e-04  1.30683e-02

 2.98177e-03  1.25250e-02
 7.59628e-04  1.29482e-02
 8.74244e-04  1.28493e-02
 9.02560e-04  1.29980e-02
 7.59628e-04  1.29482e-02

 3.37934e-03  1.25250e-02
 1.03149e-03  1.28299e-02
 1.15174e-03  1.27379e-02
 1.17123e-03  1.28880e-02
 1.03149e-03  1.28299e-02

 2.00521e-04  1.30950e-02
 2.00521e-04  1.47414e-02
 1.24837e-04  1.46103e-02
 2.76204e-04  1.46103e-02
 2.00521e-04  1.47414e-02

 6.01563e-04  1.30950e-02
-5.33720e-05  1.47157e-02
-7.44275e-05  1.45658e-02
 6.59134e-05  1.46225e-02
-5.33720e-05  1.47157e-02

 1.00260e-03  1.30950e-02
 7.94928e-05  1.46159e-02
 8.28117e-05  1.44645e-02
 2.12208e-04  1.45431e-02
 7.94928e-05  1.46159e-02

 1.40365e-03  1.30950e-02
 8.08501e-05  1.44870e-02
 1.16286e-04  1.43399e-02
 2.26013e-04  1.44442e-02
 8.08501e-05  1.44870e-02

 1.80469e-03  1.30950e-02
 1.86802e-04  1.43232e-02
 2.45451e-04  1.41836e-02
 3.36974e-04  1.43042e-02
 1.86802e-04  1.43232e-02

 2.20573e-03  1.30950e-02
 3.05241e-04  1.41416e-02
 3.83562e-04  1.40120e-02
 4.56577e-04  1.41446e-02
 3.05241e-04  1.41416e-02

 2.60677e-03  1.30950e-02
 4.85741e-04  1.39487e-02
 5.79089e-04  1.38296e-02
 6.35608e-04  1.39700e-02
 4.85741e-04  1.39487e-02

 3.00781e-03  1.30950e-02
 7.07489e-04  1.37542e-02
 8.12657e-04  1.36453e-02
 8.54353e-04  1.37908e-02
 7.07489e-04  1.37542e-02

 3.40885e-03  1.30950e-02
 9.79642e-04  1.35631e-02
 1.09404e-03  1.34640e-02
 1.12268e-03  1.36126e-02
 9.79642e-04  1.35631e-02

 2.02257e-04  1.36650e-02
 2.02257e-04  1.58220e-02
 1.26573e-04  1.56909e-02
 2.77940e-04  1.56909e-02
 2.02257e-04  1.58220e-02

 6.06771e-04  1.36650e-02
-9.12614e-06  1.58100e-02
-4.56931e-05  1.56631e-02
 9.97954e-05  1.57049e-02
-9.12614e-06  1.58100e-02

 1.01128e-03  1.36650e-02
 1.43271e-04  1.56775e-02
 1.25692e-04  1.55272e-02
 2.64682e-04  1.55871e-02
 1.43271e-04  1.56775e-02

 1.41580e-03  1.36650e-02
 1.68535e-04  1.55062e-02
 1.79394e-04  1.53553e-02
 3.04715e-04  1.54401e-02
 1.68535e-04  1.55062e-02

 1.82031e-03  1.36650e-02
 2.92642e-04  1.52837e-02
 3.27573e-04  1.51364e-02
 4.37656e-04  1.52403e-02
 2.92642e-04  1.52837e-02

 2.22483e-03  1.36650e-02
 4.27420e-04  1.50380e-02
 4.85650e-04  1.48983e-02
 5.77534e-04  1.50185e-02
 4.27420e-04  1.50380e-02

 2.62934e-03  1.36650e-02
 6.21079e-04  1.47772e-02
 6.99086e-04  1.46475e-02
 7.72422e-04  1.47799e-02
 6.21079e-04  1.47772e-02

 3.03385e-03  1.36650e-02
 8.53640e-04  1.45152e-02
 9.48276e-04  1.43970e-02
 1.00327e-03  1.45380e-02
 8.53640e-04  1.45152e-02

 3.43837e-03  1.36650e-02
 1.13426e-03  1.42585e-02
 1.24233e-03  1.41525e-02
 1.28008e-03  1.42991e-02
 1.13426e-03  1.42585e-02

 2.03993e-04  1.42350e-02
 2.03993e-04  1.68789e-02
 1.28310e-04  1.67478e-02
 2.79677e-04  1.67478e-02
 2.03993e-04  1.68789e-02

 6.11979e-04  1.42350e-02
 7.34913e-05  1.68771e-02
 2.55111e-05  1.67335e-02
 1.73829e-04  1.67638e-02
 7.34913e-05  1.68771e-02

 1.01997e-03  1.42350e-02
 2.61920e-04  1.67167e-02
 2.27833e-04  1.65692e-02
 3.72597e-04  1.66134e-02
 2.61920e-04  1.67167e-02

 1.42795e-03  1.42350e-02
 3.34855e-04  1.65071e-02
 3.23485e-04  1.63562e-02
 4.59887e-04  1.64218e-02
 3.34855e-04  1.65071e-02

 1.83594e-03  1.42350e-02
 4.94145e-04  1.62308e-02
 5.04474e-04  1.60798e-02
 6.30092e-04  1.61643e-02
 4.94145e-04  1.62308e-02

 2.24392e-03  1.42350e-02
 6.60625e-04  1.59256e-02
 6.94991e-04  1.57782e-02
 8.05473e-04  1.58817e-02
 6.60625e-04  1.59256e-02

 2.65191e-03  1.42350e-02
 8.78419e-04  1.56012e-02
 9.36081e-04  1.54612e-02
 1.02845e-03  1.55811e-02
 8.78419e-04  1.56012e-02

 3.05990e-03  1.42350e-02
 1.12982e-03  1.52751e-02
 1.20931e-03  1.51463e-02
 1.28112e-03  1.52796e-02
 1.12982e-03  1.52751e-02

 3.46788e-03  1.42350e-02
 1.42367e-03  1.49556e-02
 1.52214e-03  1.48406e-02
 1.57246e-03  1.49834e-02
 1.42367e-03  1.49556e-02

 2.05729e-04  1.48050e-02
 2.05729e-04  1.78392e-02
 1.30046e-04  1.77081e-02
 2.81413e-04  1.77081e-02
 2.05729e-04  1.78392e-02

 6.17187e-04  1.48050e-02
 1.85338e-04  1.78448e-02
 1.28844e-04  1.77044e-02
 2.78706e-04  1.77257e-02
 1.85338e-04  1.78448e-02

 1.02865e-03  1.48050e-02
 4.21248e-04  1.76647e-02
 3.74451e-04  1.75207e-02
 5.22515e-04  1.75522e-02
 4.21248e-04  1.76647e-02

 1.44010e-03  1.48050e-02
 5.59754e-04  1.74256e-02
 5.29755e-04  1.72773e-02
 6.73242e-04  1.73255e-02
 5.59754e-04  1.74256e-02

 1.85156e-03  1.48050e-02
 7.66791e-04  1.71074e-02
 7.54196e-04  1.69566e-02
 8.91127e-04  1.70211e-02
 7.66791e-04  1.71074e-02

 2.26302e-03  1.48050e-02
 9.76932e-04  1.67545e-02
 9.85942e-04  1.66034e-02
 1.11229e-03  1.66868e-02
 9.76932e-04  1.67545e-02

 2.67448e-03  1.48050e-02
 1.22749e-03  1.63784e-02
 1.26052e-03  1.62307e-02
 1.37193e-03  1.63331e-02
 1.22749e-03  1.63784e-02

 3.08594e-03  1.48050e-02
 1.50446e-03  1.59997e-02
 1.56343e-03  1.58603e-02
 1.65467e-03  1.59810e-02
 1.50446e-03  1.59997e-02

 3.49740e-03  1.48050e-02
 1.81601e-03  1.56281e-02
 1.90047e-03  1.55024e-02
 1.96703e-03  1.56384e-02
 1.81601e-03  1.56281e-02

 2.07465e-04  1.53750e-02
 2.07465e-04  1.87094e-02
 1.31782e-04  1.85783e-02
 2.83149e-04  1.85783e-02
 2.07465e-04  1.87094e-02

 6.22396e-04  1.53750e-02
 3.15628e-04  1.87195e-02
 2.52235e-04  1.85820e-02
 4.02969e-04  1.85958e-02
 3.15628e-04  1.87195e-02

 1.03733e-03  1.53750e-02
 6.05719e-04  1.85279e-02
 5.48514e-04  1.83878e-02
 6.98482e-04  1.84083e-02
 6.05719e-04  1.85279e-02

 1.45226e-03  1.53750e-02
 8.21488e-04  1.82686e-02
 7.75461e-04  1.81244e-02
 9.23355e-04  1.81566e-02
 8.21488e-04  1.82686e-02

 1.86719e-03  1.53750e-02
 1.08454e-03  1.79208e-02
 1.05072e-03  1.77732e-02
 1.19541e-03  1.78177e-02
 1.08454e-03  1.79208e-02

 2.28212e-03  1.53750e-02
 1.34659e-03  1.75327e-02
 1.32930e-03  1.73824e-02
 1.46818e-03  1.74426e-02
 1.34659e-03  1.75327e-02

 2.69705e-03  1.53750e-02
 1.63642e-03  1.71172e-02
 1.63994e-03  1.69659e-02
 1.76923e-03  1.70446e-02
 1.63642e-03  1.71172e-02

 3.11198e-03  1.53750e-02
 1.94441e-03  1.66975e-02
 1.97443e-03  1.65491e-02
 2.08790e-03  1.66493e-02
 1.94441e-03  1.66975e-02

 3.52691e-03  1.53750e-02
 2.27753e-03  1.62841e-02
 2.33899e-03  1.61458e-02
 2.42805e-03  1.62682e-02
 2.27753e-03  1.62841e-02

 2.09201e-04  1.59450e-02
 2.09201e-04  1.94687e-02
 1.33518e-04  1.93377e-02
 2.84885e-04  1.93377e-02
 2.09201e-04  1.94687e-02

 6.27604e-04  1.59450e-02
 4.56855e-04  1.94807e-02
 3.87583e-04  1.93461e-02
 5.38773e-04  1.93534e-02
 4.56855e-04  1.94807e-02

 1.04601e-03  1.59450e-02
 8.05008e-04  1.92862e-02
 7.38951e-04  1.91500e-02
 8.89926e-04  1.91609e-02
 8.05008e-04  1.92862e-02

 1.46441e-03  1.59450e-02
 1.10557e-03  1.90168e-02
 1.04561e-03  1.88779e-02
 1.19595e-03  1.88954e-02
 1.10557e-03  1.90168e-02

 1.88281e-03  1.59450e-02
 1.43045e-03  1.86529e-02
 1.37740e-03  1.85111e-02
 1.52670e-03  1.85361e-02
 1.43045e-03  1.86529e-02

 2.30122e-03  1.59450e-02
 1.75085e-03  1.82437e-02
 1.70776e-03  1.80986e-02
 1.85497e-03  1.81339e-02
 1.75085e-03  1.82437e-02

 2.71962e-03  1.59450e-02
 2.08550e-03  1.78033e-02
 2.05620e-03  1.76548e-02
 2.19946e-03  1.77037e-02
 2.08550e-03  1.78033e-02

 3.13802e-03  1.59450e-02
 2.42947e-03  1.73561e-02
 2.42066e-03  1.72050e-02
 2.55593e-03  1.72729e-02
 2.42947e-03  1.73561e-02

 3.55642e-03  1.59450e-02
 2.78839e-03  1.69140e-02
 2.81050e-03  1.67642e-02
 2.92913e-03  1.68583e-02
 2.78839e-03  1.69140e-02

 2.10937e-04  1.65150e-02
 2.10937e-04  2.01180e-02
 1.35254e-04  1.99869e-02
 2.86621e-04  1.99869e-02
 2.10938e-04  2.01180e-02

 6.32812e-04  1.65150e-02
 6.02108e-04  2.01301e-02
 5.27540e-04  1.99984e-02
 6.78902e-04  1.99997e-02
 6.02108e-04  2.01301e-02

 1.05469e-03  1.65150e-02
 1.00966e-03  1.99401e-02
 9.35708e-04  1.98080e-02
 1.08706e-03  1.98100e-02
 1.00966e-03  1.99401e-02

 1.47656e-03  1.65150e-02
 1.39886e-03  1.96701e-02
 1.32643e-03  1.95372e-02
 1.47775e-03  1.95409e-02
 1.39886e-03  1.96701e-02

 1.89844e-03  1.65150e-02
 1.78909e-03  1.93028e-02
 1.71860e-03  1.91688e-02
 1.86985e-03  1.91748e-02
 1.78909e-03  1.93028e-02

 2.32031e-03  1.65150e-02
 2.17220e-03  1.88863e-02
 2.10484e-03  1.87508e-02
 2.25591e-03  1.87602e-02
 2.17220e-03  1.88863e-02

 2.74219e-03  1.65150e-02
 2.55597e-03  1.84352e-02
 2.49329e-03  1.82975e-02
 2.64395e-03  1.83121e-02
 2.55597e-03  1.84352e-02

 3.16406e-03  1.65150e-02
 2.94025e-03  1.79743e-02
 2.88532e-03  1.78332e-02
 3.03493e-03  1.78562e-02
 2.94025e-03  1.79743e-02

 3.58594e-03  1.65150e-02
 3.32886e-03  1.75162e-02
 3.28815e-03  1.73704e-02
 3.43476e-03  1.74081e-02
 3.32886e-03  1.75162e-02

 2.12674e-04  1.70850e-02
 2.12674e-04  2.06561e-02
 1.36990e-04  2.05250e-02
 2.88357e-04  2.05250e-02
 2.12674e-04  2.06561e-02

 6.38021e-04  1.70850e-02
 7.46006e-04  2.06667e-02
 6.66407e-04  2.05380e-02
 8.17705e-04  2.05334e-02
 7.46006e-04  2.06667e-02

 1.06337e-03  1.70850e-02
 1.21245e-03  2.04873e-02
 1.13110e-03  2.03596e-02
 1.28232e-03  2.03530e-02
 1.21245e-03  2.04873e-02

 1.48872e-03  1.70850e-02
 1.69112e-03  2.02251e-02
 1.60716e-03  2.00992e-02
 1.75821e-03  2.00894e-02
 1.69112e-03  2.02251e-02

 1.91406e-03  1.70850e-02
 2.14832e-03  1.98662e-02
 2.06190e-03  1.97419e-02
 2.21273e-03  1.97292e-02
 2.14832e-03  1.98662e-02

 2.33941e-03  1.70850e-02
 2.59677e-03  1.94552e-02
 2.50738e-03  1.93330e-02
 2.65786e-03  1.93167e-02
 2.59677e-03  1.94552e-02

 2.76476e-03  1.70850e-02
 3.03284e-03  1.90071e-02
 2.93977e-03  1.88878e-02
 3.08969e-03  1.88668e-02
 3.03284e-03  1.90071e-02

 3.19010e-03  1.70850e-02
 3.46089e-03  1.85461e-02
 3.36259e-03  1.84310e-02
 3.51142e-03  1.84035e-02
 3.46089e-03  1.85461e-02

 3.61545e-03  1.70850e-02
 3.88257e-03  1.80857e-02
 3.77564e-03  1.79786e-02
 3.92188e-03  1.79395e-02
 3.88257e-03  1.80857e-02

 2.14410e-04  1.76550e-02
 2.14410e-04  2.10869e-02
 1.38726e-04  2.09559e-02
 2.90093e-04  2.09559e-02
 2.14410e-04  2.10869e-02

 6.43229e-04  1.76550e-02
 8.83547e-04  2.10947e-02
 7.98911e-04  2.09692e-02
 9.49910e-04  2.09586e-02
 8.83547e-04  2.10947e-02

 1.07205e-03  1.76550e-02
 1.40659e-03  2.09302e-02
 1.31798e-03  2.08075e-02
 1.46856e-03  2.07921e-02
 1.40659e-03  2.09302e-02

 1.50087e-03  1.76550e-02
 1.97259e-03  2.06829e-02
 1.87763e-03  2.05650e-02
 2.02719e-03  2.05417e-02
 1.97259e-03  2.06829e-02

 1.92969e-03  1.76550e-02
 2.49628e-03  2.03425e-02
 2.39518e-03  2.02299e-02
 2.54329e-03  2.01986e-02
 2.49628e-03  2.03425e-02

 2.35851e-03  1.76550e-02
 3.01060e-03  1.99489e-02
 2.90196e-03  1.98435e-02
 3.04756e-03  1.98021e-02
 3.01060e-03  1.99489e-02

 2.78733e-03  1.76550e-02
 3.50051e-03  1.95169e-02
 3.38294e-03  1.94215e-02
 3.52429e-03  1.93674e-02
 3.50051e-03  1.95169e-02

 3.21615e-03  1.76550e-02
 3.97442e-03  1.90693e-02
 3.84578e-03  1.89895e-02
 3.97918e-03  1.89180e-02
 3.97442e-03  1.90693e-02

 3.64497e-03  1.76550e-02
 4.43147e-03  1.86197e-02
 4.28998e-03  1.85660e-02
 4.40730e-03  1.84703e-02
 4.43147e-03  1.86197e-02

 2.16146e-04  1.82250e-02
 2.16146e-04  2.14209e-02
 1.40462e-04  2.12898e-02
 2.91829e-04  2.12898e-02
 2.16146e-04  2.14209e-02

 6.48438e-04  1.82250e-02
 1.01095e-03  2.14241e-02
 9.20992e-04  2.13024e-02
 1.07140e-03  2.12854e-02
 1.01095e-03  2.14241e-02

 1.08073e-03  1.82250e-02
 1.58697e-03  2.12773e-02
 1.49086e-03  2.11604e-02
 1.64018e-03  2.11356e-02
 1.58697e-03  2.12773e-02

 1.51302e-03  1.82250e-02
 2.23561e-03  2.10500e-02
 2.12980e-03  2.09417e-02
 2.27645e-03  2.09042e-02
 2.23561e-03  2.10500e-02

 1.94531e-03  1.82250e-02
 2.82324e-03  2.07363e-02
 2.70854e-03  2.06375e-02
 2.85142e-03  2.05875e-02
 2.82324e-03  2.07363e-02

 2.37760e-03  1.82250e-02
 3.40175e-03  2.03698e-02
 3.27697e-03  2.02841e-02
 3.41356e-03  2.02189e-02
 3.40175e-03  2.03698e-02

 2.80990e-03  1.82250e-02
 3.94500e-03  1.99651e-02
 3.80999e-03  1.98967e-02
 3.93677e-03  1.98140e-02
 3.94500e-03  1.99651e-02

 3.24219e-03  1.82250e-02
 4.46478e-03  1.95431e-02
 4.32014e-03  1.94985e-02
 4.43112e-03  1.93955e-02
 4.46478e-03  1.95431e-02

 3.67448e-03  1.82250e-02
 4.95762e-03  1.91173e-02
 4.80678e-03  1.91046e-02
 4.89320e-03  1.89803e-02
 4.95762e-03  1.91173e-02

 2.17882e-04  1.87950e-02
 2.17882e-04  2.16623e-02
 1.42198e-04  2.15312e-02
 2.93565e-04  2.15312e-02
 2.17882e-04  2.16623e-02

 6.53646e-04  1.87950e-02
 1.12383e-03  2.16596e-02
 1.02791e-03  2.15425e-02
 1.17728e-03  2.15180e-02
 1.12383e-03  2.16596e-02

 1.08941e-03  1.87950e-02
 1.74754e-03  2.15319e-02
 1.64330e-03  2.14222e-02
 1.79048e-03  2.13868e-02
 1.74754e-03  2.15319e-02

 1.52517e-03  1.87950e-02
 2.47099e-03  2.13288e-02
 2.35424e-03  2.12325e-02
 2.49605e-03  2.11795e-02
 2.47099e-03  2.13288e-02

 1.96094e-03  1.87950e-02
 3.11746e-03  2.10487e-02
 2.99027e-03  2.09666e-02
 3.12494e-03  2.08975e-02
 3.11746e-03  2.10487e-02

 2.39670e-03  1.87950e-02
 3.75537e-03  2.07186e-02
 3.61793e-03  2.06552e-02
 3.74156e-03  2.05678e-02
 3.75537e-03  2.07186e-02

 2.83247e-03  1.87950e-02
 4.34848e-03  2.03523e-02
 4.20281e-03  2.03112e-02
 4.31127e-03  2.02056e-02
 4.34848e-03  2.03523e-02

 3.26823e-03  1.87950e-02
 4.91147e-03  1.99682e-02
 4.76081e-03  1.99537e-02
 4.84876e-03  1.98305e-02
 4.91147e-03  1.99682e-02

 3.70399e-03  1.87950e-02
 5.43798e-03  1.95795e-02
 5.28735e-03  1.95944e-02
 5.34974e-03  1.94565e-02
 5.43798e-03  1.95795e-02

 2.19618e-04  1.93650e-02
 2.19618e-04  2.18358e-02
 1.43935e-04  2.17048e-02
 2.95302e-04  2.17048e-02
 2.19618e-04  2.18358e-02

 6.58854e-04  1.93650e-02
 1.21954e-03  2.18246e-02
 1.11661e-03  2.17136e-02
 1.26420e-03  2.16800e-02
 1.21954e-03  2.18246e-02

 1.09809e-03  1.93650e-02
 1.88452e-03  2.17161e-02
 1.77116e-03  2.16158e-02
 1.91471e-03  2.15678e-02
 1.88452e-03  2.17161e-02

 1.53733e-03  1.93650e-02
 2.67220e-03  2.15393e-02
 2.54445e-03  2.14581e-02
 2.67864e-03  2.13881e-02
 2.67220e-03  2.15393e-02

 1.97656e-03  1.93650e-02
 3.36952e-03  2.12972e-02
 3.23146e-03  2.12351e-02
 3.35425e-03  2.11466e-02
 3.36952e-03  2.12972e-02

 2.41580e-03  1.93650e-02
 4.05874e-03  2.10098e-02
 3.91255e-03  2.09706e-02
 4.01964e-03  2.08636e-02
 4.05874e-03  2.10098e-02

 2.85503e-03  1.93650e-02
 4.69490e-03  2.06902e-02
 4.54430e-03  2.06750e-02
 4.63277e-03  2.05522e-02
 4.69490e-03  2.06902e-02

 3.29427e-03  1.93650e-02
 5.29459e-03  2.03538e-02
 5.14353e-03  2.03636e-02
 5.21061e-03  2.02279e-02
 5.29459e-03  2.03538e-02

 3.73351e-03  1.93650e-02
 5.84901e-03  2.00128e-02
 5.70151e-03  2.00468e-02
 5.74583e-03  1.99020e-02
 5.84901e-03  2.00128e-02

 2.21354e-04  1.99350e-02
 2.21354e-04  2.19357e-02
 1.45671e-04  2.18046e-02
 2.97038e-04  2.18046e-02
 2.21354e-04  2.19357e-02

 6.64062e-04  1.99350e-02
 1.29089e-03  2.19145e-02
 1.17916e-03  2.18124e-02
 1.32347e-03  2.17667e-02
 1.29089e-03  2.19145e-02

 1.10677e-03  1.99350e-02
 1.98735e-03  2.18263e-02
 1.86341e-03  2.17394e-02
 2.00063e-03  2.16755e-02
 1.98735e-03  2.18263e-02

 1.54948e-03  1.99350e-02
 2.82316e-03  2.16794e-02
 2.68473e-03  2.16182e-02
 2.80698e-03  2.15289e-02
 2.82316e-03  2.16794e-02

 1.99219e-03  1.99350e-02
 3.55823e-03  2.14816e-02
 3.41178e-03  2.14433e-02
 3.51814e-03  2.13356e-02
 3.55823e-03  2.14816e-02

 2.43490e-03  1.99350e-02
 4.28536e-03  2.12455e-02
 4.13464e-03  2.12315e-02
 4.22212e-03  2.11079e-02
 4.28536e-03  2.12455e-02

 2.87760e-03  1.99350e-02
 4.95262e-03  2.09828e-02
 4.80149e-03  2.09913e-02
 4.86972e-03  2.08562e-02
 4.95262e-03  2.09828e-02

 3.32031e-03  1.99350e-02
 5.57810e-03  2.07059e-02
 5.42959e-03  2.07352e-02
 5.47850e-03  2.05919e-02
 5.57810e-03  2.07059e-02

 3.76302e-03  1.99350e-02
 6.15099e-03  2.04255e-02
 6.00735e-03  2.04732e-02
 6.03781e-03  2.03250e-02
 6.15099e-03  2.04255e-02

 2.23090e-04  2.05050e-02
 2.23090e-04  2.20225e-02
 1.47407e-04  2.18914e-02
 2.98774e-04  2.18914e-02
 2.23090e-04  2.20225e-02

 6.69271e-04  2.05050e-02
 1.33498e-03  2.19872e-02
 1.21223e-03  2.18986e-02
 1.35031e-03  2.18366e-02
 1.33498e-03  2.19872e-02

 1.11545e-03  2.05050e-02
 2.04984e-03  2.19187e-02
 1.91442e-03  2.18511e-02
 2.04070e-03  2.17676e-02
 2.04984e-03  2.19187e-02

 1.56163e-03  2.05050e-02
 2.91304e-03  2.18019e-02
 2.76605e-03  2.17658e-02
 2.87086e-03  2.16565e-02
 2.91304e-03  2.18019e-02

 2.00781e-03  2.05050e-02
 3.66823e-03  2.16494e-02
 3.51735e-03  2.16373e-02
 3.60325e-03  2.15127e-02
 3.66823e-03  2.16494e-02

 2.45399e-03  2.05050e-02
 4.41457e-03  2.14666e-02
 4.26355e-03  2.14769e-02
 4.33021e-03  2.13410e-02
 4.41457e-03  2.14666e-02

 2.90017e-03  2.05050e-02
 5.09613e-03  2.12641e-02
 4.94751e-03  2.12928e-02
 4.99696e-03  2.11497e-02
 5.09613e-03  2.12641e-02

 3.34635e-03  2.05050e-02
 5.73167e-03  2.10508e-02
 5.58700e-03  2.10953e-02
 5.62077e-03  2.09478e-02
 5.73167e-03  2.10508e-02

 3.79253e-03  2.05050e-02
 6.30939e-03  2.08356e-02
 6.16956e-03  2.08936e-02
 6.18927e-03  2.07435e-02
 6.30939e-03  2.08356e-02

 2.24826e-04  2.10750e-02
 2.24826e-04  2.20444e-02
 1.49143e-04  2.19133e-02
 3.00510e-04  2.19133e-02
 2.24826e-04  2.20444e-02

 6.74479e-04  2.10750e-02
 1.33073e-03  2.20012e-02
 1.19319e-03  2.19380e-02
 1.31670e-03  2.18505e-02
 1.33073e-03  2.20012e-02

 1.12413e-03  2.10750e-02
 2.03990e-03  2.19579e-02
 1.89300e-03  2.19214e-02
 1.99806e-03  2.18125e-02
 2.03990e-03  2.19579e-02

 1.57378e-03  2.10750e-02
 2.89620e-03  2.18794e-02
 2.74487e-03  2.18759e-02
 2.82354e-03  2.17466e-02
 2.89620e-03  2.18794e-02

 2.02344e-03  2.10750e-02
 3.64306e-03  2.17813e-02
 3.49265e-03  2.17982e-02
 3.55316e-03  2.16595e-02
 3.64306e-03  2.17813e-02

 2.47309e-03  2.10750e-02
 4.38115e-03  2.16625e-02
 4.23359e-03  2.16963e-02
 4.27814e-03  2.15516e-02
 4.38115e-03  2.16625e-02

 2.92274e-03  2.10750e-02
 5.05338e-03  2.15318e-02
 4.90934e-03  2.15783e-02
 4.94108e-03  2.14303e-02
 5.05338e-03  2.15318e-02

 3.37240e-03  2.10750e-02
 5.67923e-03  2.13945e-02
 5.53900e-03  2.14515e-02
 5.55976e-03  2.13015e-02
 5.67923e-03  2.13945e-02

 3.82205e-03  2.10750e-02
 6.24649e-03  2.12568e-02
 6.11011e-03  2.13225e-02
 6.12143e-03  2.11716e-02
 6.24649e-03  2.12568e-02

 2.26562e-04  2.16450e-02
 2.26562e-04  2.21956e-02
 1.50879e-04  2.20646e-02
 3.02246e-04  2.20646e-02
 2.26563e-04  2.21956e-02

 6.79687e-04  2.16450e-02
 1.27604e-03  2.21394e-02
 1.12682e-03  2.21140e-02
 1.22343e-03  2.19975e-02
 1.27604e-03  2.21394e-02

 1.13281e-03  2.16450e-02
 1.94694e-03  2.21194e-02
 1.79557e-03  2.21188e-02
 1.87178e-03  2.19880e-02
 1.94694e-03  2.21194e-02

 1.58594e-03  2.16450e-02
 2.75699e-03  2.20695e-02
 2.60795e-03  2.20960e-02
 2.65954e-03  2.19537e-02
 2.75699e-03  2.20695e-02

 2.03906e-03  2.16450e-02
 3.46259e-03  2.20144e-02
 3.31670e-03  2.20547e-02
 3.35472e-03  2.19082e-02
 3.46259e-03  2.20144e-02

 2.49219e-03  2.16450e-02
 4.16146e-03  2.19449e-02
 4.01906e-03  2.19963e-02
 4.04583e-03  2.18473e-02
 4.16146e-03  2.19449e-02

 2.94531e-03  2.16450e-02
 4.79820e-03  2.18702e-02
 4.65894e-03  2.19295e-02
 4.67719e-03  2.17792e-02
 4.79820e-03  2.18702e-02

 3.39844e-03  2.16450e-02
 5.39262e-03  2.17915e-02
 5.25634e-03  2.18574e-02
 5.26743e-03  2.17064e-02
 5.39262e-03  2.17915e-02

 3.85156e-03  2.16450e-02
 5.93309e-03  2.17136e-02
 5.79958e-03  2.17849e-02
 5.80456e-03  2.16337e-02
 5.93309e-03  2.17136e-02

 2.28299e-04  2.22150e-02
 2.28299e-04  2.22150e-02
 9.72110e-05  2.22907e-02
 9.72110e-05  2.21393e-02
 2.28299e-04  2.22150e-02

 6.84896e-04  2.22150e-02
 1.07073e-03  2.22150e-02
 9.39643e-04  2.22907e-02
 9.39643e-04  2.21393e-02
 1.07073e-03  2.22150e-02

 1.14149e-03  2.22150e-02
 1.65203e-03  2.22150e-02
 1.52094e-03  2.22907e-02
 1.52094e-03  2.21393e-02
 1.65203e-03  2.22150e-02

 1.59809e-03  2.22150e-02
 2.32946e-03  2.22150e-02
 2.19837e-03  2.22907e-02
 2.19837e-03  2.21393e-02
 2.32946e-03  2.22150e-02

 2.05469e-03  2.22150e-02
 2.93670e-03  2.22150e-02
 2.80562e-03  2.22907e-02
 2.80562e-03  2.21393e-02
 2.93670e-03  2.22150e-02

 2.51128e-03  2.22150e-02
 3.54149e-03  2.22150e-02
 3.41040e-03  2.22907e-02
 3.41040e-03  2.21393e-02
 3.54149e-03  2.22150e-02

 2.96788e-03  2.22150e-02
 4.10563e-03  2.22150e-02
 3.97454e-03  2.22907e-02
 3.97454e-03  2.21393e-02
 4.10563e-03  2.22150e-02

 3.42448e-03  2.22150e-02
 4.64344e-03  2.22150e-02
 4.51235e-03  2.22907e-02
 4.51235e-03  2.21393e-02
 4.64344e-03  2.22150e-02

 3.88108e-03  2.22150e-02
 5.14711e-03  2.22150e-02
 5.01602e-03  2.22907e-02
 5.01602e-03  2.21393e-02
 5.14711e-03  2.22150e-02

 3.76510e-03  1.13850e-02
 2.47205e-03  1.13850e-02
 2.60314e-03  1.13093e-02
 2.60314e-03  1.14607e-02
 2.47205e-03  1.13850e-02

 4.26406e-03  1.13850e-02
 2.94059e-03  1.13850e-02
 3.07167e-03  1.13093e-02
 3.07167e-03  1.14607e-02
 2.94059e-03  1.13850e-02

 4.76302e-03  1.13850e-02
 3.44121e-03  1.13850e-02
 3.57230e-03  1.13093e-02
 3.57230e-03  1.14607e-02
 3.44121e-03  1.13850e-02

 5.26198e-03  1.13850e-02
 3.97211e-03  1.13850e-02
 4.10319e-03  1.13093e-02
 4.10319e-03  1.14607e-02
 3.97211e-03  1.13850e-02

 5.76094e-03  1.13850e-02
 4.53048e-03  1.13850e-02
 4.66156e-03  1.13093e-02
 4.66156e-03  1.14607e-02
 4.53048e-03  1.13850e-02

 6.25990e-03  1.13850e-02
 5.11352e-03  1.13850e-02
 5.24461e-03  1.13093e-02
 5.24461e-03  1.14607e-02
 5.11352e-03  1.13850e-02

 6.75885e-03  1.13850e-02
 5.71821e-03  1.13850e-02
 5.84929e-03  1.13093e-02
 5.84929e-03  1.14607e-02
 5.71821e-03  1.13850e-02

 7.25781e-03  1.13850e-02
 6.34015e-03  1.13850e-02
 6.47124e-03  1.13093e-02
 6.47124e-03  1.14607e-02
 6.34015e-03  1.13850e-02

 7.75677e-03  1.13850e-02
 6.97572e-03  1.13850e-02
 7.10681e-03  1.13093e-02
 7.10681e-03  1.14607e-02
 6.97572e-03  1.13850e-02

 8.25573e-03  1.13850e-02
 7.61747e-03  1.13850e-02
 7.74856e-03  1.13093e-02
 7.74856e-03  1.14607e-02
 7.61747e-03  1.13850e-02

 8.75469e-03  1.13850e-02
 8.26381e-03  1.13850e-02
 8.39490e-03  1.13093e-02
 8.39490e-03  1.14607e-02
 8.26381e-03  1.13850e-02

 9.25365e-03  1.13850e-02
 8.89993e-03  1.13850e-02
 9.03102e-03  1.13093e-02
 9.03102e-03  1.14607e-02
 8.89993e-03  1.13850e-02

 9.75260e-03  1.13850e-02
 9.53710e-03  1.13850e-02
 9.66819e-03  1.13093e-02
 9.66819e-03  1.14607e-02
 9.53710e-03  1.13850e-02

 1.02516e-02  1.13850e-02
 1.01307e-02  1.13850e-02
 1.02618e-02  1.13093e-02
 1.02618e-02  1.14607e-02
 1.01307e-02  1.13850e-02

 1.07505e-02  1.13850e-02
 1.07505e-02  1.13850e-02
 1.06194e-02  1.14607e-02
 1.06194e-02  1.13093e-02
 1.07505e-02  1.13850e-02

 3.79531e-03  1.19550e-02
 1.68723e-03  1.20860e-02
 1.81337e-03  1.20024e-02
 1.82276e-03  1.21534e-02
 1.68723e-03  1.20860e-02

 4.29219e-03  1.19550e-02
 2.14437e-03  1.20092e-02
 2.27350e-03  1.19302e-02
 2.27732e-03  1.20816e-02
 2.14437e-03  1.20092e-02

 4.78906e-03  1.19550e-02
 2.65335e-03  1.19369e-02
 2.78507e-03  1.18624e-02
 2.78379e-03  1.20137e-02
 2.65335e-03  1.19369e-02

 5.28594e-03  1.19550e-02
 3.21009e-03  1.18699e-02
 3.34417e-03  1.17997e-02
 3.33797e-03  1.19509e-02
 3.21009e-03  1.18699e-02

 5.78281e-03  1.19550e-02
 3.81012e-03  1.18090e-02
 3.94644e-03  1.17432e-02
 3.93527e-03  1.18941e-02
 3.81012e-03  1.18090e-02

 6.27969e-03  1.19550e-02
 4.44875e-03  1.17550e-02
 4.58728e-03  1.16940e-02
 4.57085e-03  1.18445e-02
 4.44875e-03  1.17550e-02

 6.77656e-03  1.19550e-02
 5.12099e-03  1.17092e-02
 5.26177e-03  1.16536e-02
 5.23954e-03  1.18033e-02
 5.12099e-03  1.17092e-02

 7.27344e-03  1.19550e-02
 5.81986e-03  1.16731e-02
 5.96296e-03  1.16238e-02
 5.93414e-03  1.17724e-02
 5.81986e-03  1.16731e-02

 7.77031e-03  1.19550e-02
 6.53955e-03  1.16482e-02
 6.68505e-03  1.16065e-02
 6.64844e-03  1.17533e-02
 6.53955e-03  1.16482e-02

 8.26719e-03  1.19550e-02
 7.26862e-03  1.16360e-02
 7.41652e-03  1.16038e-02
 7.37046e-03  1.17480e-02
 7.26862e-03  1.16360e-02

 8.76406e-03  1.19550e-02
 8.00352e-03  1.16372e-02
 8.15365e-03  1.16179e-02
 8.09529e-03  1.17575e-02
 8.00352e-03  1.16372e-02

 9.26094e-03  1.19550e-02
 8.72174e-03  1.16533e-02
 8.87309e-03  1.16512e-02
 8.79917e-03  1.17833e-02
 8.72174e-03  1.16533e-02

 9.75781e-03  1.19550e-02
 9.43649e-03  1.16824e-02
 9.58541e-03  1.17095e-02
 9.48750e-03  1.18249e-02
 9.43649e-03  1.16824e-02

 1.02547e-02  1.19550e-02
 1.00843e-02  1.17297e-02
 1.02237e-02  1.17886e-02
 1.01030e-02  1.18799e-02
 1.00843e-02  1.17297e-02

 1.07516e-02  1.19550e-02
 1.07516e-02  1.18031e-02
 1.08272e-02  1.19342e-02
 1.06759e-02  1.19342e-02
 1.07516e-02  1.18031e-02

 3.82552e-03  1.25250e-02
 1.38533e-03  1.27017e-02
 1.51062e-03  1.26167e-02
 1.52154e-03  1.27677e-02
 1.38533e-03  1.27017e-02

 4.32031e-03  1.25250e-02
 1.84077e-03  1.25672e-02
 1.97055e-03  1.24893e-02
 1.97313e-03  1.26407e-02
 1.84077e-03  1.25672e-02

 4.81510e-03  1.25250e-02
 2.35509e-03  1.24421e-02
 2.48865e-03  1.23709e-02
 2.48355e-03  1.25222e-02
 2.35509e-03  1.24421e-02

 5.30990e-03  1.25250e-02
 2.92329e-03  1.23272e-02
 3.06018e-03  1.22626e-02
 3.04768e-03  1.24134e-02
 2.92329e-03  1.23272e-02

 5.80469e-03  1.25250e-02
 3.54031e-03  1.22234e-02
 3.68025e-03  1.21657e-02
 3.66026e-03  1.23158e-02
 3.54031e-03  1.22234e-02

 6.29948e-03  1.25250e-02
 4.20055e-03  1.21322e-02
 4.34332e-03  1.20819e-02
 4.31548e-03  1.22307e-02
 4.20055e-03  1.21322e-02

 6.79427e-03  1.25250e-02
 4.89810e-03  1.20556e-02
 5.04353e-03  1.20136e-02
 5.00715e-03  1.21605e-02
 4.89810e-03  1.20556e-02

 7.28906e-03  1.25250e-02
 5.62539e-03  1.19959e-02
 5.77325e-03  1.19635e-02
 5.72737e-03  1.21077e-02
 5.62539e-03  1.19959e-02

 7.78385e-03  1.25250e-02
 6.37569e-03  1.19559e-02
 6.52558e-03  1.19348e-02
 6.46886e-03  1.20752e-02
 6.37569e-03  1.19559e-02

 8.27865e-03  1.25250e-02
 7.13666e-03  1.19383e-02
 7.28784e-03  1.19309e-02
 7.21867e-03  1.20655e-02
 7.13666e-03  1.19383e-02

 8.77344e-03  1.25250e-02
 7.90391e-03  1.19453e-02
 8.05496e-03  1.19550e-02
 7.97100e-03  1.20810e-02
 7.90391e-03  1.19453e-02

 9.26823e-03  1.25250e-02
 8.65295e-03  1.19794e-02
 8.80124e-03  1.20097e-02
 8.70081e-03  1.21230e-02
 8.65295e-03  1.19794e-02

 9.76302e-03  1.25250e-02
 9.39634e-03  1.20412e-02
 9.53584e-03  1.20999e-02
 9.41520e-03  1.21913e-02
 9.39634e-03  1.20412e-02

 1.02578e-02  1.25250e-02
 1.00645e-02  1.21355e-02
 1.01906e-02  1.22192e-02
 1.00550e-02  1.22865e-02
 1.00645e-02  1.21355e-02

 1.07526e-02  1.25250e-02
 1.07526e-02  1.22776e-02
 1.08283e-02  1.24087e-02
 1.06769e-02  1.24087e-02
 1.07526e-02  1.22776e-02

 3.85573e-03  1.30950e-02
 1.33335e-03  1.33586e-02
 1.45586e-03  1.32697e-02
 1.47159e-03  1.34202e-02
 1.33335e-03  1.33586e-02

 4.34844e-03  1.30950e-02
 1.78761e-03  1.31460e-02
 1.91717e-03  1.30678e-02
 1.92018e-03  1.32191e-02
 1.78761e-03  1.31460e-02

 4.84115e-03  1.30950e-02
 2.30212e-03  1.29486e-02
 2.43734e-03  1.28806e-02
 2.42863e-03  1.30317e-02
 2.30212e-03  1.29486e-02

 5.33385e-03  1.30950e-02
 2.87157e-03  1.27675e-02
 3.01149e-03  1.27097e-02
 2.99153e-03  1.28598e-02
 2.87157e-03  1.27675e-02

 5.82656e-03  1.30950e-02
 3.49074e-03  1.26043e-02
 3.63459e-03  1.25572e-02
 3.60347e-03  1.27053e-02
 3.49074e-03  1.26043e-02

 6.31927e-03  1.30950e-02
 4.15397e-03  1.24612e-02
 4.30104e-03  1.24254e-02
 4.25851e-03  1.25706e-02
 4.15397e-03  1.24612e-02

 6.81198e-03  1.30950e-02
 4.85541e-03  1.23410e-02
 5.00494e-03  1.23175e-02
 4.95051e-03  1.24588e-02
 4.85541e-03  1.23410e-02

 7.30469e-03  1.30950e-02
 5.58735e-03  1.22476e-02
 5.73840e-03  1.22377e-02
 5.67142e-03  1.23735e-02
 5.58735e-03  1.22476e-02

 7.79740e-03  1.30950e-02
 6.34321e-03  1.21851e-02
 6.49448e-03  1.21904e-02
 6.41419e-03  1.23188e-02
 6.34321e-03  1.21851e-02

 8.29010e-03  1.30950e-02
 7.11065e-03  1.21577e-02
 7.26037e-03  1.21800e-02
 7.16619e-03  1.22985e-02
 7.11065e-03  1.21577e-02

 8.78281e-03  1.30950e-02
 7.88490e-03  1.21694e-02
 8.03050e-03  1.22108e-02
 7.92186e-03  1.23162e-02
 7.88490e-03  1.21694e-02

 9.27552e-03  1.30950e-02
 8.64101e-03  1.22241e-02
 8.77937e-03  1.22855e-02
 8.65703e-03  1.23746e-02
 8.64101e-03  1.22241e-02

 9.76823e-03  1.30950e-02
 9.39087e-03  1.23248e-02
 9.51651e-03  1.24092e-02
 9.38058e-03  1.24758e-02
 9.39087e-03  1.23248e-02

 1.02609e-02  1.30950e-02
 1.00635e-02  1.24762e-02
 1.01755e-02  1.25781e-02
 1.00313e-02  1.26241e-02
 1.00635e-02  1.24762e-02

 1.07536e-02  1.30950e-02
 1.07536e-02  1.27072e-02
 1.08293e-02  1.28383e-02
 1.06780e-02  1.28383e-02
 1.07536e-02  1.27072e-02

 3.88594e-03  1.36650e-02
 1.49252e-03  1.39867e-02
 1.61236e-03  1.38943e-02
 1.63253e-03  1.40443e-02
 1.49252e-03  1.39867e-02

 4.37656e-03  1.36650e-02
 1.94553e-03  1.37070e-02
 2.07530e-03  1.36290e-02
 2.07791e-03  1.37804e-02
 1.94553e-03  1.37070e-02

 4.86719e-03  1.36650e-02
 2.45493e-03  1.34476e-02
 2.59228e-03  1.33840e-02
 2.57869e-03  1.35347e-02
 2.45493e-03  1.34476e-02

 5.35781e-03  1.36650e-02
 3.01601e-03  1.32102e-02
 3.15913e-03  1.31609e-02
 3.13027e-03  1.33095e-02
 3.01601e-03  1.32102e-02

 5.84844e-03  1.36650e-02
 3.62395e-03  1.29965e-02
 3.77127e-03  1.29617e-02
 3.72771e-03  1.31067e-02
 3.62395e-03  1.29965e-02

 6.33906e-03  1.36650e-02
 4.27358e-03  1.28091e-02
 4.42366e-03  1.27894e-02
 4.36571e-03  1.29292e-02
 4.27358e-03  1.28091e-02

 6.82969e-03  1.36650e-02
 4.95955e-03  1.26519e-02
 5.11086e-03  1.26478e-02
 5.03876e-03  1.27809e-02
 4.95955e-03  1.26519e-02

 7.32031e-03  1.36650e-02
 5.67488e-03  1.25295e-02
 5.82576e-03  1.25417e-02
 5.73978e-03  1.26663e-02
 5.67488e-03  1.25295e-02

 7.81094e-03  1.36650e-02
 6.41367e-03  1.24476e-02
 6.56222e-03  1.24766e-02
 6.46279e-03  1.25907e-02
 6.41367e-03  1.24476e-02

 8.30156e-03  1.36650e-02
 7.16457e-03  1.24118e-02
 7.30870e-03  1.24580e-02
 7.19660e-03  1.25597e-02
 7.16457e-03  1.24118e-02

 8.79219e-03  1.36650e-02
 7.92334e-03  1.24283e-02
 8.06063e-03  1.24920e-02
 7.93677e-03  1.25790e-02
 7.92334e-03  1.24283e-02

 9.28281e-03  1.36650e-02
 8.66614e-03  1.25024e-02
 8.79442e-03  1.25827e-02
 8.66070e-03  1.26536e-02
 8.66614e-03  1.25024e-02

 9.77344e-03  1.36650e-02
 9.40476e-03  1.26399e-02
 9.52034e-03  1.27376e-02
 9.37791e-03  1.27888e-02
 9.40476e-03  1.26399e-02

 1.02641e-02  1.36650e-02
 1.00694e-02  1.28453e-02
 1.01733e-02  1.29554e-02
 1.00261e-02  1.29904e-02
 1.00694e-02  1.28453e-02

 1.07547e-02  1.36650e-02
 1.07547e-02  1.31565e-02
 1.08304e-02  1.32876e-02
 1.06790e-02  1.32876e-02
 1.07547e-02  1.31565e-02

 3.91615e-03  1.42350e-02
 1.78868e-03  1.46198e-02
 1.90421e-03  1.45220e-02
 1.93115e-03  1.46710e-02
 1.78868e-03  1.46198e-02

 4.40469e-03  1.42350e-02
 2.23946e-03  1.42759e-02
 2.36909e-03  1.41978e-02
 2.37195e-03  1.43491e-02
 2.23946e-03  1.42759e-02

 4.89323e-03  1.42350e-02
 2.74003e-03  1.39570e-02
 2.87973e-03  1.38988e-02
 2.86035e-03  1.40489e-02
 2.74003e-03  1.39570e-02

 5.38177e-03  1.42350e-02
 3.28655e-03  1.36649e-02
 3.43291e-03  1.36263e-02
 3.39317e-03  1.37724e-02
 3.28655e-03  1.36649e-02

 5.87031e-03  1.42350e-02
 3.87484e-03  1.34019e-02
 4.02497e-03  1.33825e-02
 3.96665e-03  1.35222e-02
 3.87484e-03  1.34019e-02

 6.35885e-03  1.42350e-02
 4.50060e-03  1.31710e-02
 4.65196e-03  1.31704e-02
 4.57675e-03  1.33018e-02
 4.50060e-03  1.31710e-02

 6.84740e-03  1.42350e-02
 5.15928e-03  1.29768e-02
 5.30961e-03  1.29945e-02
 5.21916e-03  1.31159e-02
 5.15928e-03  1.29768e-02

 7.33594e-03  1.42350e-02
 5.84497e-03  1.28250e-02
 5.99222e-03  1.28601e-02
 5.88821e-03  1.29701e-02
 5.84497e-03  1.28250e-02

 7.82448e-03  1.42350e-02
 6.55277e-03  1.27225e-02
 6.69506e-03  1.27741e-02
 6.57920e-03  1.28715e-02
 6.55277e-03  1.27225e-02

 8.31302e-03  1.42350e-02
 7.27283e-03  1.26764e-02
 7.40855e-03  1.27434e-02
 7.28264e-03  1.28274e-02
 7.27283e-03  1.26764e-02

 8.80156e-03  1.42350e-02
 8.00197e-03  1.26949e-02
 8.12954e-03  1.27764e-02
 7.99520e-03  1.28461e-02
 8.00197e-03  1.26949e-02

 9.29010e-03  1.42350e-02
 8.71857e-03  1.27848e-02
 8.83704e-03  1.28790e-02
 8.69622e-03  1.29345e-02
 8.71857e-03  1.27848e-02

 9.77865e-03  1.42350e-02
 9.43421e-03  1.29553e-02
 9.54136e-03  1.30623e-02
 9.39520e-03  1.31016e-02
 9.43421e-03  1.29553e-02

 1.02672e-02  1.42350e-02
 1.00836e-02  1.32102e-02
 1.01812e-02  1.33259e-02
 1.00322e-02  1.33526e-02
 1.00836e-02  1.32102e-02

 1.07557e-02  1.42350e-02
 1.07557e-02  1.36005e-02
 1.08314e-02  1.37316e-02
 1.06800e-02  1.37316e-02
 1.07557e-02  1.36005e-02

 3.94635e-03  1.48050e-02
 2.19050e-03  1.52397e-02
 2.29955e-03  1.51348e-02
 2.33593e-03  1.52817e-02
 2.19050e-03  1.52397e-02

 4.43281e-03  1.48050e-02
 2.63957e-03  1.48440e-02
 2.76898e-03  1.47654e-02
 2.77227e-03  1.49168e-02
 2.63957e-03  1.48440e-02

 4.91927e-03  1.48050e-02
 3.12981e-03  1.44765e-02
 3.27241e-03  1.44258e-02
 3.24508e-03  1.45747e-02
 3.12981e-03  1.44765e-02

 5.40573e-03  1.48050e-02
 3.65827e-03  1.41397e-02
 3.80771e-03  1.41157e-02
 3.75386e-03  1.42571e-02
 3.65827e-03  1.41397e-02

 5.89219e-03  1.48050e-02
 4.22178e-03  1.38361e-02
 4.37314e-03  1.38364e-02
 4.29720e-03  1.39673e-02
 4.22178e-03  1.38361e-02

 6.37865e-03  1.48050e-02
 4.81677e-03  1.35692e-02
 4.96653e-03  1.35912e-02
 4.87260e-03  1.37099e-02
 4.81677e-03  1.35692e-02

 6.86510e-03  1.48050e-02
 5.43976e-03  1.33440e-02
 5.58547e-03  1.33850e-02
 5.47713e-03  1.34907e-02
 5.43976e-03  1.33440e-02

 7.35156e-03  1.48050e-02
 6.08606e-03  1.31671e-02
 6.22610e-03  1.32245e-02
 6.10631e-03  1.33171e-02
 6.08606e-03  1.31671e-02

 7.83802e-03  1.48050e-02
 6.75204e-03  1.30463e-02
 6.88531e-03  1.31180e-02
 6.75651e-03  1.31976e-02
 6.75204e-03  1.30463e-02

 8.32448e-03  1.48050e-02
 7.42975e-03  1.29900e-02
 7.55559e-03  1.30741e-02
 7.41983e-03  1.31410e-02
 7.42975e-03  1.29900e-02

 8.81094e-03  1.48050e-02
 8.11724e-03  1.30081e-02
 8.23505e-03  1.31032e-02
 8.09384e-03  1.31577e-02
 8.11724e-03  1.30081e-02

 9.29740e-03  1.48050e-02
 8.79643e-03  1.31092e-02
 8.90615e-03  1.32134e-02
 8.76099e-03  1.32563e-02
 8.79643e-03  1.31092e-02

 9.78385e-03  1.48050e-02
 9.47835e-03  1.33055e-02
 9.57868e-03  1.34188e-02
 9.43036e-03  1.34490e-02
 9.47835e-03  1.33055e-02

 1.02703e-02  1.48050e-02
 1.01049e-02  1.36008e-02
 1.01978e-02  1.37204e-02
 1.00478e-02  1.37410e-02
 1.01049e-02  1.36008e-02

 1.07568e-02  1.48050e-02
 1.07568e-02  1.40592e-02
 1.08325e-02  1.41903e-02
 1.06811e-02  1.41903e-02
 1.07568e-02  1.40592e-02

 3.97656e-03  1.53750e-02
 2.66421e-03  1.58541e-02
 2.76140e-03  1.57380e-02
 2.81330e-03  1.58802e-02
 2.66421e-03  1.58541e-02

 4.46094e-03  1.53750e-02
 3.11324e-03  1.54172e-02
 3.24190e-03  1.53374e-02
 3.24663e-03  1.54887e-02
 3.11324e-03  1.54172e-02

 4.94531e-03  1.53750e-02
 3.59353e-03  1.50108e-02
 3.73979e-03  1.49719e-02
 3.70042e-03  1.51180e-02
 3.59353e-03  1.50108e-02

 5.42969e-03  1.53750e-02
 4.10318e-03  1.46378e-02
 4.25453e-03  1.46353e-02
 4.18100e-03  1.47676e-02
 4.10318e-03  1.46378e-02

 5.91406e-03  1.53750e-02
 4.63986e-03  1.43011e-02
 4.78886e-03  1.43277e-02
 4.69131e-03  1.44434e-02
 4.63986e-03  1.43011e-02

 6.39844e-03  1.53750e-02
 5.20097e-03  1.40044e-02
 5.34422e-03  1.40534e-02
 5.23023e-03  1.41530e-02
 5.20097e-03  1.40044e-02

 6.88281e-03  1.53750e-02
 5.78381e-03  1.37536e-02
 5.92001e-03  1.38196e-02
 5.79471e-03  1.39045e-02
 5.78381e-03  1.37536e-02

 7.36719e-03  1.53750e-02
 6.38504e-03  1.35552e-02
 6.51390e-03  1.36346e-02
 6.38070e-03  1.37065e-02
 6.38504e-03  1.35552e-02

 7.85156e-03  1.53750e-02
 7.00224e-03  1.34181e-02
 7.12386e-03  1.35082e-02
 6.98501e-03  1.35685e-02
 7.00224e-03  1.34181e-02

 8.33594e-03  1.53750e-02
 7.62976e-03  1.33514e-02
 7.74441e-03  1.34502e-02
 7.60149e-03  1.35001e-02
 7.62976e-03  1.33514e-02

 8.82031e-03  1.53750e-02
 8.26687e-03  1.33667e-02
 8.37466e-03  1.34730e-02
 8.22873e-03  1.35132e-02
 8.26687e-03  1.33667e-02

 9.30469e-03  1.53750e-02
 8.89985e-03  1.34736e-02
 9.00117e-03  1.35861e-02
 8.85312e-03  1.36176e-02
 8.89985e-03  1.34736e-02

 9.78906e-03  1.53750e-02
 9.53854e-03  1.36879e-02
 9.63266e-03  1.38065e-02
 9.48293e-03  1.38287e-02
 9.53854e-03  1.36879e-02

 1.02734e-02  1.53750e-02
 1.01355e-02  1.40134e-02
 1.02241e-02  1.41362e-02
 1.00735e-02  1.41514e-02
 1.01355e-02  1.40134e-02

 1.07578e-02  1.53750e-02
 1.07578e-02  1.45293e-02
 1.08335e-02  1.46604e-02
 1.06821e-02  1.46604e-02
 1.07578e-02  1.45293e-02

 4.00677e-03  1.59450e-02
 3.19075e-03  1.64553e-02
 3.26177e-03  1.63216e-02
 3.34202e-03  1.64500e-02
 3.19075e-03  1.64553e-02

 4.48906e-03  1.59450e-02
 3.64232e-03  1.59908e-02
 3.76912e-03  1.59082e-02
 3.77730e-03  1.60593e-02
 3.64232e-03  1.59908e-02

 4.97135e-03  1.59450e-02
 4.11462e-03  1.55579e-02
 4.26524e-03  1.55429e-02
 4.20292e-03  1.56809e-02
 4.11462e-03  1.55579e-02

 5.45365e-03  1.59450e-02
 4.60645e-03  1.51599e-02
 4.75404e-03  1.51935e-02
 4.65116e-03  1.53045e-02
 4.60645e-03  1.51599e-02

 5.93594e-03  1.59450e-02
 5.11629e-03  1.48004e-02
 5.25414e-03  1.48629e-02
 5.13107e-03  1.49510e-02
 5.11629e-03  1.48004e-02

 6.41823e-03  1.59450e-02
 5.64225e-03  1.44832e-02
 5.77056e-03  1.45635e-02
 5.63686e-03  1.46345e-02
 5.64225e-03  1.44832e-02

 6.90052e-03  1.59450e-02
 6.18265e-03  1.42145e-02
 6.30278e-03  1.43066e-02
 6.16297e-03  1.43646e-02
 6.18265e-03  1.42145e-02

 7.38281e-03  1.59450e-02
 6.73533e-03  1.40010e-02
 6.84855e-03  1.41014e-02
 6.70494e-03  1.41493e-02
 6.73533e-03  1.40010e-02

 7.86510e-03  1.59450e-02
 7.29895e-03  1.38518e-02
 7.40624e-03  1.39586e-02
 7.26012e-03  1.39981e-02
 7.29895e-03  1.38518e-02

 8.34740e-03  1.59450e-02
 7.87036e-03  1.37764e-02
 7.97244e-03  1.38881e-02
 7.82461e-03  1.39207e-02
 7.87036e-03  1.37764e-02

 8.82969e-03  1.59450e-02
 8.44985e-03  1.37876e-02
 8.54712e-03  1.39035e-02
 8.39805e-03  1.39298e-02
 8.44985e-03  1.37876e-02

 9.31198e-03  1.59450e-02
 9.02889e-03  1.38954e-02
 9.12179e-03  1.40149e-02
 8.97185e-03  1.40356e-02
 9.02889e-03  1.38954e-02

 9.79427e-03  1.59450e-02
 9.61534e-03  1.41195e-02
 9.70345e-03  1.42426e-02
 9.55281e-03  1.42574e-02
 9.61534e-03  1.41195e-02

 1.02766e-02  1.59450e-02
 1.01757e-02  1.44634e-02
 1.02601e-02  1.45891e-02
 1.01091e-02  1.45993e-02
 1.01757e-02  1.44634e-02

 1.07589e-02  1.59450e-02
 1.07589e-02  1.50214e-02
 1.08345e-02  1.51524e-02
 1.06832e-02  1.51524e-02
 1.07589e-02  1.50214e-02

 4.03698e-03  1.65150e-02
 3.75020e-03  1.70423e-02
 3.74634e-03  1.68910e-02
 3.87932e-03  1.69633e-02
 3.75020e-03  1.70423e-02

 4.51719e-03  1.65150e-02
 4.20759e-03  1.65636e-02
 4.32536e-03  1.64685e-02
 4.34883e-03  1.66180e-02
 4.20759e-03  1.65636e-02

 4.99740e-03  1.65150e-02
 4.67445e-03  1.61165e-02
 4.81579e-03  1.61707e-02
 4.69819e-03  1.62660e-02
 4.67445e-03  1.61165e-02

 5.47760e-03  1.65150e-02
 5.15038e-03  1.57051e-02
 5.26966e-03  1.57983e-02
 5.12931e-03  1.58550e-02
 5.15038e-03  1.57051e-02

 5.95781e-03  1.65150e-02
 5.63453e-03  1.53333e-02
 5.74212e-03  1.54397e-02
 5.59612e-03  1.54797e-02
 5.63453e-03  1.53333e-02

 6.43802e-03  1.65150e-02
 6.12581e-03  1.50053e-02
 6.22647e-03  1.51184e-02
 6.07824e-03  1.51490e-02
 6.12581e-03  1.50053e-02

 6.91823e-03  1.65150e-02
 6.62321e-03  1.47272e-02
 6.71923e-03  1.48442e-02
 6.56988e-03  1.48689e-02
 6.62321e-03  1.47272e-02

 7.39844e-03  1.65150e-02
 7.12580e-03  1.45056e-02
 7.21842e-03  1.46253e-02
 7.06843e-03  1.46457e-02
 7.12580e-03  1.45056e-02

 7.87865e-03  1.65150e-02
 7.63326e-03  1.43495e-02
 7.72323e-03  1.44712e-02
 7.57282e-03  1.44882e-02
 7.63326e-03  1.43495e-02

 8.35885e-03  1.65150e-02
 8.14489e-03  1.42681e-02
 8.23266e-03  1.43914e-02
 8.08197e-03  1.44058e-02
 8.14489e-03  1.42681e-02

 8.83906e-03  1.65150e-02
 8.66174e-03  1.42749e-02
 8.74754e-03  1.43996e-02
 8.59664e-03  1.44116e-02
 8.66174e-03  1.42749e-02

 9.31927e-03  1.65150e-02
 9.18105e-03  1.43802e-02
 9.26505e-03  1.45061e-02
 9.11399e-03  1.45159e-02
 9.18105e-03  1.43802e-02

 9.79948e-03  1.65150e-02
 9.70777e-03  1.46063e-02
 9.78966e-03  1.47336e-02
 9.63847e-03  1.47408e-02
 9.70777e-03  1.46063e-02

 1.02797e-02  1.65150e-02
 1.02254e-02  1.49568e-02
 1.03056e-02  1.50852e-02
 1.01543e-02  1.50905e-02
 1.02254e-02  1.49568e-02

 1.07599e-02  1.65150e-02
 1.07599e-02  1.55394e-02
 1.08356e-02  1.56705e-02
 1.06842e-02  1.56705e-02
 1.07599e-02  1.55394e-02

 4.06719e-03  1.70850e-02
 4.32602e-03  1.76103e-02
 4.20019e-03  1.75261e-02
 4.33597e-03  1.74592e-02
 4.32602e-03  1.76103e-02

 4.54531e-03  1.70850e-02
 4.79208e-03  1.71313e-02
 4.64928e-03  1.71815e-02
 4.67721e-03  1.70328e-02
 4.79208e-03  1.71313e-02

 5.02344e-03  1.70850e-02
 5.25613e-03  1.66834e-02
 5.25590e-03  1.68347e-02
 5.12492e-03  1.67589e-02
 5.25613e-03  1.66834e-02

 5.50156e-03  1.70850e-02
 5.71829e-03  1.62711e-02
 5.75769e-03  1.64172e-02
 5.61142e-03  1.63783e-02
 5.71829e-03  1.62711e-02

 5.97969e-03  1.70850e-02
 6.17837e-03  1.58988e-02
 6.23136e-03  1.60406e-02
 6.08207e-03  1.60156e-02
 6.17837e-03  1.58988e-02

 6.45781e-03  1.70850e-02
 6.63595e-03  1.55710e-02
 6.69580e-03  1.57101e-02
 6.54547e-03  1.56924e-02
 6.63595e-03  1.55710e-02

 6.93594e-03  1.70850e-02
 7.09072e-03  1.52933e-02
 7.15484e-03  1.54304e-02
 7.00403e-03  1.54174e-02
 7.09072e-03  1.52933e-02

 7.41406e-03  1.70850e-02
 7.54294e-03  1.50720e-02
 7.61010e-03  1.52076e-02
 7.45904e-03  1.51980e-02
 7.54294e-03  1.50720e-02

 7.89219e-03  1.70850e-02
 7.99322e-03  1.49155e-02
 8.06272e-03  1.50499e-02
 7.91152e-03  1.50429e-02
 7.99322e-03  1.49155e-02

 8.37031e-03  1.70850e-02
 8.44330e-03  1.48324e-02
 8.51469e-03  1.49659e-02
 8.36341e-03  1.49610e-02
 8.44330e-03  1.48324e-02

 8.84844e-03  1.70850e-02
 8.89472e-03  1.48361e-02
 8.96769e-03  1.49687e-02
 8.81635e-03  1.49656e-02
 8.89472e-03  1.48361e-02

 9.32656e-03  1.70850e-02
 9.35069e-03  1.49363e-02
 9.42490e-03  1.50683e-02
 9.27354e-03  1.50666e-02
 9.35069e-03  1.49363e-02

 9.80469e-03  1.70850e-02
 9.81247e-03  1.51575e-02
 9.88762e-03  1.52889e-02
 9.73625e-03  1.52883e-02
 9.81247e-03  1.51575e-02

 1.02828e-02  1.70850e-02
 1.02828e-02  1.55031e-02
 1.03584e-02  1.56342e-02
 1.02071e-02  1.56342e-02
 1.02828e-02  1.55031e-02

 1.07609e-02  1.70850e-02
 1.07609e-02  1.60901e-02
 1.08366e-02  1.62212e-02
 1.06853e-02  1.62212e-02
 1.07609e-02  1.60901e-02

 4.09740e-03  1.76550e-02
 4.89904e-03  1.81567e-02
 4.74776e-03  1.81513e-02
 4.82807e-03  1.80230e-02
 4.89904e-03  1.81567e-02

 4.57344e-03  1.76550e-02
 5.37576e-03  1.76918e-02
 5.24134e-03  1.77614e-02
 5.24828e-03  1.76102e-02
 5.37576e-03  1.76918e-02

 5.04948e-03  1.76550e-02
 5.83886e-03  1.72566e-02
 5.75593e-03  1.73833e-02
 5.68773e-03  1.72481e-02
 5.83886e-03  1.72566e-02

 5.52552e-03  1.76550e-02
 6.28902e-03  1.68565e-02
 6.25312e-03  1.70036e-02
 6.14372e-03  1.68990e-02
 6.28902e-03  1.68565e-02

 6.00156e-03  1.76550e-02
 6.72649e-03  1.64961e-02
 6.72114e-03  1.66473e-02
 6.59281e-03  1.65671e-02
 6.72649e-03  1.64961e-02

 6.47760e-03  1.76550e-02
 7.15161e-03  1.61798e-02
 7.16597e-03  1.63305e-02
 7.02830e-03  1.62676e-02
 7.15161e-03  1.61798e-02

 6.95365e-03  1.76550e-02
 7.56483e-03  1.59127e-02
 7.59285e-03  1.60614e-02
 7.45002e-03  1.60113e-02
 7.56483e-03  1.59127e-02

 7.42969e-03  1.76550e-02
 7.96763e-03  1.57005e-02
 8.00581e-03  1.58469e-02
 7.85987e-03  1.58068e-02
 7.96763e-03  1.57005e-02

 7.90573e-03  1.76550e-02
 8.36148e-03  1.55507e-02
 8.40770e-03  1.56948e-02
 8.25976e-03  1.56628e-02
 8.36148e-03  1.55507e-02

 8.38177e-03  1.76550e-02
 8.75053e-03  1.54709e-02
 8.80333e-03  1.56128e-02
 8.65408e-03  1.55876e-02
 8.75053e-03  1.54709e-02

 8.85781e-03  1.76550e-02
 9.13655e-03  1.54735e-02
 9.19501e-03  1.56131e-02
 9.04487e-03  1.55939e-02
 9.13655e-03  1.54735e-02

 9.33385e-03  1.76550e-02
 9.52866e-03  1.55676e-02
 9.59184e-03  1.57052e-02
 9.44113e-03  1.56911e-02
 9.52866e-03  1.55676e-02

 9.80990e-03  1.76550e-02
 9.92372e-03  1.57779e-02
 9.99133e-03  1.59133e-02
 9.84024e-03  1.59042e-02
 9.92372e-03  1.57779e-02

 1.02859e-02  1.76550e-02
 1.03447e-02  1.61080e-02
 1.04153e-02  1.62419e-02
 1.02641e-02  1.62362e-02
 1.03447e-02  1.61080e-02

 1.07620e-02  1.76550e-02
 1.07620e-02  1.66779e-02
 1.08377e-02  1.68090e-02
 1.06863e-02  1.68090e-02
 1.07620e-02  1.66779e-02

 4.12760e-03  1.82250e-02
 5.44957e-03  1.86801e-02
 5.30098e-03  1.87090e-02
 5.35026e-03  1.85659e-02
 5.44957e-03  1.86801e-02

 4.60156e-03  1.82250e-02
 5.93730e-03  1.82431e-02
 5.80520e-03  1.83170e-02
 5.80725e-03  1.81656e-02
 5.93730e-03  1.82431e-02

 5.07552e-03  1.82250e-02
 6.39998e-03  1.78341e-02
 6.29568e-03  1.79438e-02
 6.25283e-03  1.77986e-02
 6.39998e-03  1.78341e-02

 5.54948e-03  1.82250e-02
 6.83867e-03  1.74591e-02
 6.76463e-03  1.75911e-02
 6.68732e-03  1.74610e-02
 6.83867e-03  1.74591e-02

 6.02344e-03  1.82250e-02
 7.25435e-03  1.71227e-02
 7.20719e-03  1.72666e-02
 7.10621e-03  1.71538e-02
 7.25435e-03  1.71227e-02

 6.49740e-03  1.82250e-02
 7.64809e-03  1.68292e-02
 7.62310e-03  1.69785e-02
 7.50630e-03  1.68822e-02
 7.64809e-03  1.68292e-02

 6.97135e-03  1.82250e-02
 8.02124e-03  1.65829e-02
 8.01439e-03  1.67341e-02
 7.88686e-03  1.66526e-02
 8.02124e-03  1.65829e-02

 7.44531e-03  1.82250e-02
 8.37660e-03  1.63885e-02
 8.38481e-03  1.65397e-02
 8.24981e-03  1.64712e-02
 8.37660e-03  1.63885e-02

 7.91927e-03  1.82250e-02
 8.71660e-03  1.62525e-02
 8.73764e-03  1.64024e-02
 8.59730e-03  1.63456e-02
 8.71660e-03  1.62525e-02

 8.39323e-03  1.82250e-02
 9.04756e-03  1.61809e-02
 9.07967e-03  1.63289e-02
 8.93551e-03  1.62827e-02
 9.04756e-03  1.61809e-02

 8.86719e-03  1.82250e-02
 9.37138e-03  1.61849e-02
 9.41341e-03  1.63303e-02
 9.26646e-03  1.62940e-02
 9.37138e-03  1.61849e-02

 9.34115e-03  1.82250e-02
 9.70260e-03  1.62725e-02
 9.75316e-03  1.64152e-02
 9.60432e-03  1.63876e-02
 9.70260e-03  1.62725e-02

 9.81510e-03  1.82250e-02
 1.00335e-02  1.64670e-02
 1.00924e-02  1.66064e-02
 9.94219e-03  1.65878e-02
 1.00335e-02  1.64670e-02

 1.02891e-02  1.82250e-02
 1.04063e-02  1.67723e-02
 1.04712e-02  1.69091e-02
 1.03204e-02  1.68969e-02
 1.04063e-02  1.67723e-02

 1.07630e-02  1.82250e-02
 1.07630e-02  1.73038e-02
 1.08387e-02  1.74349e-02
 1.06873e-02  1.74349e-02
 1.07630e-02  1.73038e-02

 4.15781e-03  1.87950e-02
 5.95204e-03  1.91819e-02
 5.80795e-03  1.92282e-02
 5.83985e-03  1.90802e-02
 5.95204e-03  1.91819e-02

 4.62969e-03  1.87950e-02
 6.44889e-03  1.87867e-02
 6.31815e-03  1.88630e-02
 6.31746e-03  1.87116e-02
 6.44889e-03  1.87867e-02

 5.10156e-03  1.87950e-02
 6.91002e-03  1.84178e-02
 6.79715e-03  1.85187e-02
 6.76624e-03  1.83705e-02
 6.91002e-03  1.84178e-02

 5.57344e-03  1.87950e-02
 7.33679e-03  1.80810e-02
 7.24369e-03  1.82003e-02
 7.18688e-03  1.80600e-02
 7.33679e-03  1.80810e-02

 6.04531e-03  1.87950e-02
 7.73093e-03  1.77808e-02
 7.65763e-03  1.79132e-02
 7.57959e-03  1.77835e-02
 7.73093e-03  1.77808e-02

 6.51719e-03  1.87950e-02
 8.09458e-03  1.75209e-02
 8.04016e-03  1.76621e-02
 7.94505e-03  1.75444e-02
 8.09458e-03  1.75209e-02

 6.98906e-03  1.87950e-02
 8.43015e-03  1.73048e-02
 8.39343e-03  1.74516e-02
 8.28462e-03  1.73464e-02
 8.43015e-03  1.73048e-02

 7.46094e-03  1.87950e-02
 8.74173e-03  1.71362e-02
 8.72152e-03  1.72862e-02
 8.60171e-03  1.71937e-02
 8.74173e-03  1.71362e-02

 7.93281e-03  1.87950e-02
 9.03280e-03  1.70198e-02
 9.02808e-03  1.71711e-02
 8.89942e-03  1.70914e-02
 9.03280e-03  1.70198e-02

 8.40469e-03  1.87950e-02
 9.31168e-03  1.69608e-02
 9.32141e-03  1.71119e-02
 9.18573e-03  1.70448e-02
 9.31168e-03  1.69608e-02

 8.87656e-03  1.87950e-02
 9.58040e-03  1.69682e-02
 9.60389e-03  1.71178e-02
 9.46264e-03  1.70633e-02
 9.58040e-03  1.69682e-02

 9.34844e-03  1.87950e-02
 9.85791e-03  1.70491e-02
 9.89384e-03  1.71962e-02
 9.74853e-03  1.71538e-02
 9.85791e-03  1.70491e-02

 9.82031e-03  1.87950e-02
 1.01321e-02  1.72237e-02
 1.01808e-02  1.73670e-02
 1.00324e-02  1.73376e-02
 1.01321e-02  1.72237e-02

 1.02922e-02  1.87950e-02
 1.04624e-02  1.74962e-02
 1.05204e-02  1.76360e-02
 1.03703e-02  1.76163e-02
 1.04624e-02  1.74962e-02

 1.07641e-02  1.87950e-02
 1.07641e-02  1.79688e-02
 1.08397e-02  1.80999e-02
 1.06884e-02  1.80999e-02
 1.07641e-02  1.79688e-02

 4.18802e-03  1.93650e-02
 6.37966e-03  1.96663e-02
 6.23949e-03  1.97234e-02
 6.26010e-03  1.95734e-02
 6.37966e-03  1.96663e-02

 4.65781e-03  1.93650e-02
 6.88086e-03  1.93247e-02
 6.75117e-03  1.94027e-02
 6.74842e-03  1.92514e-02
 6.88086e-03  1.93247e-02

 5.12760e-03  1.93650e-02
 7.33696e-03  1.90072e-02
 7.21965e-03  1.91029e-02
 7.19545e-03  1.89534e-02
 7.33696e-03  1.90072e-02

 5.59740e-03  1.93650e-02
 7.74983e-03  1.87193e-02
 7.64602e-03  1.88294e-02
 7.60253e-03  1.86845e-02
 7.74983e-03  1.87193e-02

 6.06719e-03  1.93650e-02
 8.12222e-03  1.84649e-02
 8.03251e-03  1.85868e-02
 7.97178e-03  1.84482e-02
 8.12222e-03  1.84649e-02

 6.53698e-03  1.93650e-02
 8.45737e-03  1.82471e-02
 8.38216e-03  1.83784e-02
 8.30601e-03  1.82476e-02
 8.45737e-03  1.82471e-02

 7.00677e-03  1.93650e-02
 8.75892e-03  1.80682e-02
 8.69857e-03  1.82071e-02
 8.60853e-03  1.80854e-02
 8.75892e-03  1.80682e-02

 7.47656e-03  1.93650e-02
 9.03239e-03  1.79309e-02
 8.98730e-03  1.80754e-02
 8.88471e-03  1.79641e-02
 9.03239e-03  1.79309e-02

 7.94635e-03  1.93650e-02
 9.28217e-03  1.78383e-02
 9.25281e-03  1.79868e-02
 9.13889e-03  1.78871e-02
 9.28217e-03  1.78383e-02

 8.41615e-03  1.93650e-02
 9.51840e-03  1.77943e-02
 9.50505e-03  1.79451e-02
 9.38115e-03  1.78582e-02
 9.51840e-03  1.77943e-02

 8.88594e-03  1.93650e-02
 9.74298e-03  1.78061e-02
 9.74615e-03  1.79574e-02
 9.61350e-03  1.78845e-02
 9.74298e-03  1.78061e-02

 9.35573e-03  1.93650e-02
 9.97829e-03  1.78796e-02
 9.99742e-03  1.80297e-02
 9.85782e-03  1.79712e-02
 9.97829e-03  1.78796e-02

 9.82552e-03  1.93650e-02
 1.02087e-02  1.80309e-02
 1.02453e-02  1.81777e-02
 1.00998e-02  1.81360e-02
 1.02087e-02  1.80309e-02

 1.02953e-02  1.93650e-02
 1.05058e-02  1.82646e-02
 1.05555e-02  1.84076e-02
 1.04068e-02  1.83792e-02
 1.05058e-02  1.82646e-02

 1.07651e-02  1.93650e-02
 1.07651e-02  1.86628e-02
 1.08408e-02  1.87938e-02
 1.06894e-02  1.87938e-02
 1.07651e-02  1.86628e-02

 4.21823e-03  1.99350e-02
 6.68982e-03  2.01429e-02
 6.55285e-03  2.02074e-02
 6.56554e-03  2.00565e-02
 6.68982e-03  2.01429e-02

 4.68594e-03  1.99350e-02
 7.18879e-03  1.98673e-02
 7.05980e-03  1.99465e-02
 7.05571e-03  1.97952e-02
 7.18879e-03  1.98673e-02

 5.15365e-03  1.99350e-02
 7.63569e-03  1.96130e-02
 7.51543e-03  1.97049e-02
 7.49595e-03  1.95548e-02
 7.63569e-03  1.96130e-02

 5.62135e-03  1.99350e-02
 8.03316e-03  1.93844e-02
 7.92220e-03  1.94874e-02
 7.88852e-03  1.93398e-02
 8.03316e-03  1.93844e-02

 6.08906e-03  1.99350e-02
 8.38500e-03  1.91847e-02
 8.28390e-03  1.92974e-02
 8.23688e-03  1.91535e-02
 8.38500e-03  1.91847e-02

 6.55677e-03  1.99350e-02
 8.69574e-03  1.90159e-02
 8.60518e-03  1.91372e-02
 8.54542e-03  1.89981e-02
 8.69574e-03  1.90159e-02

 7.02448e-03  1.99350e-02
 8.97015e-03  1.88794e-02
 8.89102e-03  1.90085e-02
 8.81884e-03  1.88754e-02
 8.97015e-03  1.88794e-02

 7.49219e-03  1.99350e-02
 9.21512e-03  1.87767e-02
 9.14856e-03  1.89127e-02
 9.06411e-03  1.87871e-02
 9.21512e-03  1.87767e-02

 7.95990e-03  1.99350e-02
 9.43572e-03  1.87098e-02
 9.38321e-03  1.88517e-02
 9.28652e-03  1.87353e-02
 9.43572e-03  1.87098e-02

 8.42760e-03  1.99350e-02
 9.64331e-03  1.86813e-02
 9.60639e-03  1.88281e-02
 9.49772e-03  1.87227e-02
 9.64331e-03  1.86813e-02

 8.89531e-03  1.99350e-02
 9.83977e-03  1.86965e-02
 9.82046e-03  1.88466e-02
 9.70010e-03  1.87549e-02
 9.83977e-03  1.86965e-02

 9.36302e-03  1.99350e-02
 1.00491e-02  1.87608e-02
 1.00484e-02  1.89121e-02
 9.91766e-03  1.88358e-02
 1.00491e-02  1.87608e-02

 9.83073e-03  1.99350e-02
 1.02538e-02  1.88852e-02
 1.02750e-02  1.90351e-02
 1.01346e-02  1.89785e-02
 1.02538e-02  1.88852e-02

 1.02984e-02  1.99350e-02
 1.05317e-02  1.90753e-02
 1.05704e-02  1.92216e-02
 1.04244e-02  1.91820e-02
 1.05317e-02  1.90753e-02

 1.07661e-02  1.99350e-02
 1.07661e-02  1.93853e-02
 1.08418e-02  1.95164e-02
 1.06905e-02  1.95164e-02
 1.07661e-02  1.93853e-02

 4.24844e-03  2.05050e-02
 6.84468e-03  2.06214e-02
 6.71034e-03  2.06912e-02
 6.71712e-03  2.05400e-02
 6.84468e-03  2.06214e-02

 4.71406e-03  2.05050e-02
 7.33271e-03  2.04155e-02
 7.20428e-03  2.04956e-02
 7.19911e-03  2.03443e-02
 7.33271e-03  2.04155e-02

 5.17969e-03  2.05050e-02
 7.76526e-03  2.02274e-02
 7.64300e-03  2.03166e-02
 7.62684e-03  2.01661e-02
 7.76526e-03  2.02274e-02

 5.64531e-03  2.05050e-02
 8.14620e-03  2.00604e-02
 8.03038e-03  2.01579e-02
 8.00389e-03  2.00088e-02
 8.14620e-03  2.00604e-02

 6.11094e-03  2.05050e-02
 8.48021e-03  1.99166e-02
 8.37123e-03  2.00217e-02
 8.33474e-03  1.98748e-02
 8.48021e-03  1.99166e-02

 6.57656e-03  2.05050e-02
 8.77312e-03  1.97970e-02
 8.67157e-03  1.99093e-02
 8.62514e-03  1.97652e-02
 8.77312e-03  1.97970e-02

 7.04219e-03  2.05050e-02
 9.03047e-03  1.97022e-02
 8.93725e-03  1.98215e-02
 8.88058e-03  1.96811e-02
 9.03047e-03  1.97022e-02

 7.50781e-03  2.05050e-02
 9.26004e-03  1.96327e-02
 9.17642e-03  1.97588e-02
 9.10896e-03  1.96233e-02
 9.26004e-03  1.96327e-02

 7.97344e-03  2.05050e-02
 9.46743e-03  1.95895e-02
 9.39520e-03  1.97225e-02
 9.31611e-03  1.95934e-02
 9.46743e-03  1.95895e-02

 8.43906e-03  2.05050e-02
 9.66415e-03  1.95744e-02
 9.60555e-03  1.97140e-02
 9.51398e-03  1.95934e-02
 9.66415e-03  1.95744e-02

 8.90469e-03  2.05050e-02
 9.85224e-03  1.95909e-02
 9.81045e-03  1.97364e-02
 9.70536e-03  1.96274e-02
 9.85224e-03  1.95909e-02

 9.37031e-03  2.05050e-02
 1.00557e-02  1.96437e-02
 1.00333e-02  1.97934e-02
 9.91483e-03  1.96992e-02
 1.00557e-02  1.96437e-02

 9.83594e-03  2.05050e-02
 1.02567e-02  1.97393e-02
 1.02599e-02  1.98906e-02
 1.01273e-02  1.98177e-02
 1.02567e-02  1.97393e-02

 1.03016e-02  2.05050e-02
 1.05326e-02  1.98843e-02
 1.05578e-02  2.00336e-02
 1.04159e-02  1.99808e-02
 1.05326e-02  1.98843e-02

 1.07672e-02  2.05050e-02
 1.07672e-02  2.01061e-02
 1.08429e-02  2.02372e-02
 1.06915e-02  2.02372e-02
 1.07672e-02  2.01061e-02

 4.27865e-03  2.10750e-02
 6.76788e-03  2.11218e-02
 6.63539e-03  2.11950e-02
 6.63823e-03  2.10436e-02
 6.76788e-03  2.11218e-02

 4.74219e-03  2.10750e-02
 7.23982e-03  2.09941e-02
 7.11125e-03  2.10740e-02
 7.10635e-03  2.09227e-02
 7.23982e-03  2.09941e-02

 5.20573e-03  2.10750e-02
 7.65848e-03  2.08789e-02
 7.53384e-03  2.09648e-02
 7.52178e-03  2.08140e-02
 7.65848e-03  2.08789e-02

 5.66927e-03  2.10750e-02
 8.02848e-03  2.07782e-02
 7.90786e-03  2.08697e-02
 7.88897e-03  2.07195e-02
 8.02848e-03  2.07782e-02

 6.13281e-03  2.10750e-02
 8.35533e-03  2.06928e-02
 8.23897e-03  2.07896e-02
 8.21331e-03  2.06404e-02
 8.35533e-03  2.06928e-02

 6.59635e-03  2.10750e-02
 8.64526e-03  2.06230e-02
 8.53355e-03  2.07251e-02
 8.50094e-03  2.05773e-02
 8.64526e-03  2.06230e-02

 7.05990e-03  2.10750e-02
 8.90423e-03  2.05688e-02
 8.79785e-03  2.06765e-02
 8.75778e-03  2.05305e-02
 8.90423e-03  2.05688e-02

 7.52344e-03  2.10750e-02
 9.13981e-03  2.05301e-02
 9.03977e-03  2.06437e-02
 8.99141e-03  2.05003e-02
 9.13981e-03  2.05301e-02

 7.98698e-03  2.10750e-02
 9.35746e-03  2.05074e-02
 9.26531e-03  2.06274e-02
 9.20738e-03  2.04876e-02
 9.35746e-03  2.05074e-02

 8.45052e-03  2.10750e-02
 9.56791e-03  2.05018e-02
 9.48582e-03  2.06289e-02
 9.41673e-03  2.04943e-02
 9.56791e-03  2.05018e-02

 8.91406e-03  2.10750e-02
 9.77299e-03  2.05153e-02
 9.70448e-03  2.06503e-02
 9.62185e-03  2.05235e-02
 9.77299e-03  2.05153e-02

 9.37760e-03  2.10750e-02
 9.99490e-03  2.05521e-02
 9.94379e-03  2.06946e-02
 9.84596e-03  2.05791e-02
 9.99490e-03  2.05521e-02

 9.84115e-03  2.10750e-02
 1.02173e-02  2.06148e-02
 1.01930e-02  2.07642e-02
 1.00758e-02  2.06684e-02
 1.02173e-02  2.06148e-02

 1.03047e-02  2.10750e-02
 1.05109e-02  2.07109e-02
 1.05121e-02  2.08623e-02
 1.03804e-02  2.07877e-02
 1.05109e-02  2.07109e-02

 1.07682e-02  2.10750e-02
 1.07682e-02  2.08405e-02
 1.08439e-02  2.09716e-02
 1.06925e-02  2.09716e-02
 1.07682e-02  2.08405e-02

 4.30885e-03  2.16450e-02
 6.42973e-03  2.16388e-02
 6.29887e-03  2.17149e-02
 6.29842e-03  2.15635e-02
 6.42973e-03  2.16388e-02

 4.77031e-03  2.16450e-02
 6.88158e-03  2.15700e-02
 6.75326e-03  2.16503e-02
 6.74789e-03  2.14990e-02
 6.88158e-03  2.15700e-02

 5.23177e-03  2.16450e-02
 7.28885e-03  2.15089e-02
 7.16304e-03  2.15931e-02
 7.15305e-03  2.14421e-02
 7.28885e-03  2.15089e-02

 5.69323e-03  2.16450e-02
 7.65646e-03  2.14564e-02
 7.53321e-03  2.15443e-02
 7.51874e-03  2.13936e-02
 7.65646e-03  2.14564e-02

 6.15469e-03  2.16450e-02
 7.98986e-03  2.14128e-02
 7.86931e-03  2.15043e-02
 7.85031e-03  2.13541e-02
 7.98986e-03  2.14128e-02

 6.61615e-03  2.16450e-02
 8.29488e-03  2.13778e-02
 8.17732e-03  2.14732e-02
 8.15353e-03  2.13237e-02
 8.29488e-03  2.13778e-02

 7.07760e-03  2.16450e-02
 8.57705e-03  2.13514e-02
 8.46294e-03  2.14509e-02
 8.43386e-03  2.13023e-02
 8.57705e-03  2.13514e-02

 7.53906e-03  2.16450e-02
 8.84263e-03  2.13333e-02
 8.73274e-03  2.14374e-02
 8.69754e-03  2.12902e-02
 8.84263e-03  2.13333e-02

 8.00052e-03  2.16450e-02
 9.09596e-03  2.13236e-02
 8.99149e-03  2.14331e-02
 8.94887e-03  2.12879e-02
 9.09596e-03  2.13236e-02

 8.46198e-03  2.16450e-02
 9.34604e-03  2.13229e-02
 9.24878e-03  2.14389e-02
 9.19696e-03  2.12967e-02
 9.34604e-03  2.13229e-02

 8.92344e-03  2.16450e-02
 9.59383e-03  2.13321e-02
 9.50706e-03  2.14561e-02
 9.44303e-03  2.13189e-02
 9.59383e-03  2.13321e-02

 9.38490e-03  2.16450e-02
 9.85842e-03  2.13541e-02
 9.78634e-03  2.14872e-02
 9.70711e-03  2.13582e-02
 9.85842e-03  2.13541e-02

 9.84635e-03  2.16450e-02
 1.01267e-02  2.13886e-02
 1.00810e-02  2.15329e-02
 9.97886e-03  2.14212e-02
 1.01267e-02  2.13886e-02

 1.03078e-02  2.16450e-02
 1.04571e-02  2.14437e-02
 1.04398e-02  2.15940e-02
 1.03182e-02  2.15039e-02
 1.04571e-02  2.14437e-02

 1.07693e-02  2.16450e-02
 1.07693e-02  2.15097e-02
 1.08450e-02  2.16408e-02
 1.06936e-02  2.16408e-02
 1.07693e-02  2.15097e-02

 4.33906e-03  2.22150e-02
 5.62167e-03  2.22150e-02
 5.49058e-03  2.22907e-02
 5.49058e-03  2.21393e-02
 5.62167e-03  2.22150e-02

 4.79844e-03  2.22150e-02
 6.06856e-03  2.22150e-02
 5.93747e-03  2.22907e-02
 5.93747e-03  2.21393e-02
 6.06856e-03  2.22150e-02

 5.25781e-03  2.22150e-02
 6.48896e-03  2.22150e-02
 6.35787e-03  2.22907e-02
 6.35787e-03  2.21393e-02
 6.48896e-03  2.22150e-02

 5.71719e-03  2.22150e-02
 6.88642e-03  2.22150e-02
 6.75533e-03  2.22907e-02
 6.75533e-03  2.21393e-02
 6.88642e-03  2.22150e-02

 6.17656e-03  2.22150e-02
 7.26444e-03  2.22150e-02
 7.13335e-03  2.22907e-02
 7.13335e-03  2.21393e-02
 7.26444e-03  2.22150e-02

 6.63594e-03  2.22150e-02
 7.62679e-03  2.22150e-02
 7.49570e-03  2.22907e-02
 7.49570e-03  2.21393e-02
 7.62679e-03  2.22150e-02

 7.09531e-03  2.22150e-02
 7.97665e-03  2.22150e-02
 7.84556e-03  2.22907e-02
 7.84556e-03  2.21393e-02
 7.97665e-03  2.22150e-02

 7.55469e-03  2.22150e-02
 8.31796e-03  2.22150e-02
 8.18687e-03  2.22907e-02
 8.18687e-03  2.21393e-02
 8.31796e-03  2.22150e-02

 8.01406e-03  2.22150e-02
 8.65306e-03  2.22150e-02
 8.52197e-03  2.22907e-02
 8.52197e-03  2.21393e-02
 8.65306e-03  2.22150e-02

 8.47344e-03  2.22150e-02
 8.98733e-03  2.22150e-02
 8.85624e-03  2.22907e-02
 8.85624e-03  2.21393e-02
 8.98733e-03  2.22150e-02

 8.93281e-03  2.22150e-02
 9.32102e-03  2.22150e-02
 9.18994e-03  2.22907e-02
 9.18994e-03  2.21393e-02
 9.32102e-03  2.22150e-02

 9.39219e-03  2.22150e-02
 9.66572e-03  2.22150e-02
 9.53463e-03  2.22907e-02
 9.53463e-03  2.21393e-02
 9.66572e-03  2.22150e-02

 9.85156e-03  2.22150e-02
 1.00125e-02  2.22150e-02
 9.88138e-03  2.22907e-02
 9.88138e-03  2.21393e-02
 1.00125e-02  2.22150e-02

 1.03109e-02  2.22150e-02
 1.03979e-02  2.22150e-02
 1.02668e-02  2.22907e-02
 1.02668e-02  2.21393e-02
 1.03979e-02  2.22150e-02

 1.07703e-02  2.22150e-02
 1.07703e-02  2.22150e-02
 1.06392e-02  2.22907e-02
 1.06392e-02  2.21393e-02
 1.07703e-02  2.22150e-02

