#[ Fluid velocity 2D plot data file: flw.dat ]
 1.95313e-04  1.13850e-02
 1.95313e-04  1.13850e-02
 3.26400e-04  1.13093e-02
 3.26400e-04  1.14607e-02
 1.95312e-04  1.13850e-02

 5.85937e-04  1.13850e-02
 5.85978e-04  1.13850e-02
 4.54890e-04  1.14607e-02
 4.54890e-04  1.13093e-02
 5.85978e-04  1.13850e-02

 9.76562e-04  1.13850e-02
 9.76630e-04  1.13850e-02
 8.45542e-04  1.14607e-02
 8.45542e-04  1.13093e-02
 9.76630e-04  1.13850e-02

 1.36719e-03  1.13850e-02
 1.36729e-03  1.13850e-02
 1.23621e-03  1.14607e-02
 1.23621e-03  1.13093e-02
 1.36729e-03  1.13850e-02

 1.75781e-03  1.13850e-02
 1.75796e-03  1.13850e-02
 1.62687e-03  1.14607e-02
 1.62687e-03  1.13093e-02
 1.75796e-03  1.13850e-02

 2.14844e-03  1.13850e-02
 2.14862e-03  1.13850e-02
 2.01753e-03  1.14607e-02
 2.01753e-03  1.13093e-02
 2.14862e-03  1.13850e-02

 2.53906e-03  1.13850e-02
 2.53920e-03  1.13850e-02
 2.40811e-03  1.14607e-02
 2.40811e-03  1.13093e-02
 2.53920e-03  1.13850e-02

 2.92969e-03  1.13850e-02
 2.92955e-03  1.13850e-02
 3.06064e-03  1.13093e-02
 3.06064e-03  1.14607e-02
 2.92955e-03  1.13850e-02

 3.32031e-03  1.13850e-02
 3.31953e-03  1.13850e-02
 3.45062e-03  1.13093e-02
 3.45062e-03  1.14607e-02
 3.31953e-03  1.13850e-02

 1.97049e-04  1.19550e-02
 1.97049e-04  1.19564e-02
 1.21365e-04  1.18253e-02
 2.72732e-04  1.18253e-02
 1.97049e-04  1.19564e-02

 5.91146e-04  1.19550e-02
 5.91145e-04  1.19564e-02
 5.15556e-04  1.18253e-02
 6.66923e-04  1.18254e-02
 5.91145e-04  1.19564e-02

 9.85243e-04  1.19550e-02
 9.85241e-04  1.19564e-02
 9.09706e-04  1.18252e-02
 1.06107e-03  1.18254e-02
 9.85241e-04  1.19564e-02

 1.37934e-03  1.19550e-02
 1.37934e-03  1.19564e-02
 1.30401e-03  1.18251e-02
 1.45538e-03  1.18256e-02
 1.37934e-03  1.19564e-02

 1.77344e-03  1.19550e-02
 1.77343e-03  1.19565e-02
 1.69838e-03  1.18250e-02
 1.84975e-03  1.18258e-02
 1.77343e-03  1.19565e-02

 2.16753e-03  1.19550e-02
 2.16752e-03  1.19567e-02
 2.09280e-03  1.18251e-02
 2.24416e-03  1.18262e-02
 2.16752e-03  1.19567e-02

 2.56163e-03  1.19550e-02
 2.56161e-03  1.19573e-02
 2.48719e-03  1.18255e-02
 2.63855e-03  1.18269e-02
 2.56161e-03  1.19573e-02

 2.95573e-03  1.19550e-02
 2.95568e-03  1.19583e-02
 2.88181e-03  1.18262e-02
 3.03316e-03  1.18282e-02
 2.95568e-03  1.19583e-02

 3.34983e-03  1.19550e-02
 3.34970e-03  1.19584e-02
 3.27900e-03  1.18246e-02
 3.43026e-03  1.18303e-02
 3.34970e-03  1.19584e-02

 1.98785e-04  1.25250e-02
 1.98785e-04  1.25247e-02
 2.74468e-04  1.26558e-02
 1.23101e-04  1.26558e-02
 1.98785e-04  1.25247e-02

 5.96354e-04  1.25250e-02
 5.96325e-04  1.25247e-02
 6.84368e-04  1.26478e-02
 5.33715e-04  1.26625e-02
 5.96325e-04  1.25247e-02

 9.93924e-04  1.25250e-02
 9.93873e-04  1.25247e-02
 1.09051e-03  1.26412e-02
 9.41299e-04  1.26666e-02
 9.93873e-04  1.25247e-02

 1.39149e-03  1.25250e-02
 1.39141e-03  1.25247e-02
 1.50108e-03  1.26290e-02
 1.35590e-03  1.26718e-02
 1.39141e-03  1.25247e-02

 1.78906e-03  1.25250e-02
 1.78893e-03  1.25247e-02
 1.91308e-03  1.26113e-02
 1.77601e-03  1.26755e-02
 1.78893e-03  1.25247e-02

 2.18663e-03  1.25250e-02
 2.18644e-03  1.25247e-02
 2.32416e-03  1.25876e-02
 2.20089e-03  1.26754e-02
 2.18644e-03  1.25247e-02

 2.58420e-03  1.25250e-02
 2.58401e-03  1.25248e-02
 2.73078e-03  1.25618e-02
 2.62535e-03  1.26704e-02
 2.58401e-03  1.25248e-02

 2.98177e-03  1.25250e-02
 2.98176e-03  1.25249e-02
 3.08534e-03  1.26353e-02
 2.93796e-03  1.26698e-02
 2.98176e-03  1.25249e-02

 3.37934e-03  1.25250e-02
 3.37981e-03  1.25250e-02
 3.25737e-03  1.26139e-02
 3.24152e-03  1.24634e-02
 3.37981e-03  1.25250e-02

 2.00521e-04  1.30950e-02
 2.00521e-04  1.30951e-02
 1.24837e-04  1.29640e-02
 2.76204e-04  1.29640e-02
 2.00521e-04  1.30951e-02

 6.01563e-04  1.30950e-02
 6.01549e-04  1.30951e-02
 5.42392e-04  1.29558e-02
 6.92632e-04  1.29742e-02
 6.01549e-04  1.30951e-02

 1.00260e-03  1.30950e-02
 1.00258e-03  1.30951e-02
 9.51005e-04  1.29528e-02
 1.10004e-03  1.29793e-02
 1.00258e-03  1.30951e-02

 1.40365e-03  1.30950e-02
 1.40361e-03  1.30951e-02
 1.36017e-03  1.29501e-02
 1.50747e-03  1.29850e-02
 1.40361e-03  1.30951e-02

 1.80469e-03  1.30950e-02
 1.80465e-03  1.30952e-02
 1.76307e-03  1.29496e-02
 1.90990e-03  1.29864e-02
 1.80465e-03  1.30952e-02

 2.20573e-03  1.30950e-02
 2.20568e-03  1.30952e-02
 2.15816e-03  1.29515e-02
 2.30638e-03  1.29822e-02
 2.20568e-03  1.30952e-02

 2.60677e-03  1.30950e-02
 2.60674e-03  1.30953e-02
 2.54341e-03  1.29578e-02
 2.69414e-03  1.29717e-02
 2.60674e-03  1.30953e-02

 3.00781e-03  1.30950e-02
 3.00785e-03  1.30954e-02
 2.91890e-03  1.29729e-02
 3.06945e-03  1.29571e-02
 3.00785e-03  1.30954e-02

 3.40885e-03  1.30950e-02
 3.40901e-03  1.30953e-02
 3.28104e-03  1.30145e-02
 3.41504e-03  1.29441e-02
 3.40901e-03  1.30953e-02

 2.02257e-04  1.36650e-02
 2.02257e-04  1.36648e-02
 2.77940e-04  1.37959e-02
 1.26573e-04  1.37959e-02
 2.02257e-04  1.36648e-02

 6.06771e-04  1.36650e-02
 6.06761e-04  1.36648e-02
 6.89185e-04  1.37918e-02
 5.38025e-04  1.37997e-02
 6.06761e-04  1.36648e-02

 1.01128e-03  1.36650e-02
 1.01127e-03  1.36648e-02
 1.09660e-03  1.37898e-02
 9.45667e-04  1.38012e-02
 1.01127e-03  1.36648e-02

 1.41580e-03  1.36650e-02
 1.41578e-03  1.36648e-02
 1.50510e-03  1.37870e-02
 1.35461e-03  1.38033e-02
 1.41578e-03  1.36648e-02

 1.82031e-03  1.36650e-02
 1.82029e-03  1.36648e-02
 1.91173e-03  1.37855e-02
 1.76154e-03  1.38043e-02
 1.82029e-03  1.36648e-02

 2.22483e-03  1.36650e-02
 2.22481e-03  1.36648e-02
 2.31364e-03  1.37874e-02
 2.16308e-03  1.38031e-02
 2.22481e-03  1.36648e-02

 2.62934e-03  1.36650e-02
 2.62934e-03  1.36649e-02
 2.70162e-03  1.37979e-02
 2.55031e-03  1.37939e-02
 2.62934e-03  1.36649e-02

 3.03385e-03  1.36650e-02
 3.03390e-03  1.36649e-02
 3.06410e-03  1.38132e-02
 2.92055e-03  1.37652e-02
 3.03390e-03  1.36649e-02

 3.43837e-03  1.36650e-02
 3.43848e-03  1.36648e-02
 3.42719e-03  1.38158e-02
 3.30211e-03  1.37305e-02
 3.43848e-03  1.36648e-02

 2.03993e-04  1.42350e-02
 2.03993e-04  1.42348e-02
 2.79677e-04  1.43659e-02
 1.28310e-04  1.43659e-02
 2.03993e-04  1.42348e-02

 6.11979e-04  1.42350e-02
 6.11975e-04  1.42348e-02
 6.90032e-04  1.43645e-02
 5.38690e-04  1.43672e-02
 6.11975e-04  1.42348e-02

 1.01997e-03  1.42350e-02
 1.01996e-03  1.42348e-02
 1.09845e-03  1.43642e-02
 9.47123e-04  1.43675e-02
 1.01996e-03  1.42348e-02

 1.42795e-03  1.42350e-02
 1.42795e-03  1.42348e-02
 1.50657e-03  1.43641e-02
 1.35524e-03  1.43676e-02
 1.42795e-03  1.42348e-02

 1.83594e-03  1.42350e-02
 1.83594e-03  1.42348e-02
 1.91288e-03  1.43652e-02
 1.76152e-03  1.43666e-02
 1.83594e-03  1.42348e-02

 2.24392e-03  1.42350e-02
 2.24393e-03  1.42348e-02
 2.31617e-03  1.43678e-02
 2.16486e-03  1.43639e-02
 2.24393e-03  1.42348e-02

 2.65191e-03  1.42350e-02
 2.65193e-03  1.42348e-02
 2.71466e-03  1.43726e-02
 2.56399e-03  1.43580e-02
 2.65193e-03  1.42348e-02

 3.05990e-03  1.42350e-02
 3.05993e-03  1.42348e-02
 3.10882e-03  1.43781e-02
 2.96031e-03  1.43488e-02
 3.05993e-03  1.42348e-02

 3.46788e-03  1.42350e-02
 3.46794e-03  1.42348e-02
 3.50531e-03  1.43815e-02
 3.35959e-03  1.43405e-02
 3.46794e-03  1.42348e-02

 2.05729e-04  1.48050e-02
 2.05729e-04  1.48047e-02
 2.81413e-04  1.49358e-02
 1.30046e-04  1.49358e-02
 2.05729e-04  1.48047e-02

 6.17187e-04  1.48050e-02
 6.17186e-04  1.48047e-02
 6.93347e-04  1.49355e-02
 5.41981e-04  1.49361e-02
 6.17186e-04  1.48047e-02

 1.02865e-03  1.48050e-02
 1.02865e-03  1.48047e-02
 1.10458e-03  1.49357e-02
 9.53216e-04  1.49359e-02
 1.02865e-03  1.48047e-02

 1.44010e-03  1.48050e-02
 1.44011e-03  1.48047e-02
 1.51540e-03  1.49360e-02
 1.36404e-03  1.49356e-02
 1.44011e-03  1.48047e-02

 1.85156e-03  1.48050e-02
 1.85157e-03  1.48047e-02
 1.92542e-03  1.49368e-02
 1.77406e-03  1.49347e-02
 1.85157e-03  1.48047e-02

 2.26302e-03  1.48050e-02
 2.26303e-03  1.48047e-02
 2.33427e-03  1.49383e-02
 2.18299e-03  1.49332e-02
 2.26303e-03  1.48047e-02

 2.67448e-03  1.48050e-02
 2.67450e-03  1.48047e-02
 2.74180e-03  1.49403e-02
 2.59073e-03  1.49308e-02
 2.67450e-03  1.48047e-02

 3.08594e-03  1.48050e-02
 3.08597e-03  1.48047e-02
 3.14832e-03  1.49426e-02
 2.99770e-03  1.49277e-02
 3.08597e-03  1.48047e-02

 3.49740e-03  1.48050e-02
 3.49744e-03  1.48047e-02
 3.55563e-03  1.49444e-02
 3.40552e-03  1.49250e-02
 3.49744e-03  1.48047e-02

 2.07465e-04  1.53750e-02
 2.07465e-04  1.53747e-02
 2.83149e-04  1.55058e-02
 1.31782e-04  1.55058e-02
 2.07465e-04  1.53747e-02

 6.22396e-04  1.53750e-02
 6.22396e-04  1.53747e-02
 6.97820e-04  1.55059e-02
 5.46453e-04  1.55056e-02
 6.22396e-04  1.53747e-02

 1.03733e-03  1.53750e-02
 1.03733e-03  1.53747e-02
 1.11238e-03  1.55061e-02
 9.61010e-04  1.55054e-02
 1.03733e-03  1.53747e-02

 1.45226e-03  1.53750e-02
 1.45226e-03  1.53747e-02
 1.52654e-03  1.55066e-02
 1.37518e-03  1.55049e-02
 1.45226e-03  1.53747e-02

 1.86719e-03  1.53750e-02
 1.86719e-03  1.53747e-02
 1.94035e-03  1.55072e-02
 1.78901e-03  1.55043e-02
 1.86719e-03  1.53747e-02

 2.28212e-03  1.53750e-02
 2.28213e-03  1.53747e-02
 2.35364e-03  1.55081e-02
 2.20235e-03  1.55033e-02
 2.28213e-03  1.53747e-02

 2.69705e-03  1.53750e-02
 2.69706e-03  1.53747e-02
 2.76653e-03  1.55092e-02
 2.61533e-03  1.55021e-02
 2.69706e-03  1.53747e-02

 3.11198e-03  1.53750e-02
 3.11200e-03  1.53747e-02
 3.17921e-03  1.55103e-02
 3.02815e-03  1.55007e-02
 3.11200e-03  1.53747e-02

 3.52691e-03  1.53750e-02
 3.52694e-03  1.53747e-02
 3.59253e-03  1.55111e-02
 3.44159e-03  1.54997e-02
 3.52694e-03  1.53747e-02

 2.09201e-04  1.59450e-02
 2.09201e-04  1.59446e-02
 2.84885e-04  1.60757e-02
 1.33518e-04  1.60757e-02
 2.09201e-04  1.59446e-02

 6.27604e-04  1.59450e-02
 6.27606e-04  1.59446e-02
 7.02782e-04  1.60760e-02
 5.51416e-04  1.60754e-02
 6.27606e-04  1.59446e-02

 1.04601e-03  1.59450e-02
 1.04601e-03  1.59446e-02
 1.12083e-03  1.60762e-02
 9.69468e-04  1.60752e-02
 1.04601e-03  1.59446e-02

 1.46441e-03  1.59450e-02
 1.46441e-03  1.59446e-02
 1.53856e-03  1.60766e-02
 1.38720e-03  1.60748e-02
 1.46441e-03  1.59446e-02

 1.88281e-03  1.59450e-02
 1.88282e-03  1.59446e-02
 1.95617e-03  1.60770e-02
 1.80482e-03  1.60744e-02
 1.88282e-03  1.59446e-02

 2.30122e-03  1.59450e-02
 2.30122e-03  1.59446e-02
 2.37353e-03  1.60776e-02
 2.22221e-03  1.60737e-02
 2.30122e-03  1.59446e-02

 2.71962e-03  1.59450e-02
 2.71963e-03  1.59446e-02
 2.79077e-03  1.60782e-02
 2.63949e-03  1.60730e-02
 2.71963e-03  1.59446e-02

 3.13802e-03  1.59450e-02
 3.13804e-03  1.59446e-02
 3.20798e-03  1.60789e-02
 3.05676e-03  1.60723e-02
 3.13804e-03  1.59446e-02

 3.55642e-03  1.59450e-02
 3.55644e-03  1.59446e-02
 3.62559e-03  1.60793e-02
 3.47440e-03  1.60718e-02
 3.55644e-03  1.59446e-02

 2.10937e-04  1.65150e-02
 2.10937e-04  1.65146e-02
 2.86621e-04  1.66457e-02
 1.35254e-04  1.66457e-02
 2.10937e-04  1.65146e-02

 6.32812e-04  1.65150e-02
 6.32814e-04  1.65146e-02
 7.07919e-04  1.66460e-02
 5.56553e-04  1.66454e-02
 6.32814e-04  1.65146e-02

 1.05469e-03  1.65150e-02
 1.05469e-03  1.65146e-02
 1.12949e-03  1.66462e-02
 9.78128e-04  1.66452e-02
 1.05469e-03  1.65146e-02

 1.47656e-03  1.65150e-02
 1.47657e-03  1.65146e-02
 1.55080e-03  1.66465e-02
 1.39944e-03  1.66449e-02
 1.47657e-03  1.65146e-02

 1.89844e-03  1.65150e-02
 1.89844e-03  1.65146e-02
 1.97210e-03  1.66469e-02
 1.82075e-03  1.66445e-02
 1.89844e-03  1.65146e-02

 2.32031e-03  1.65150e-02
 2.32032e-03  1.65146e-02
 2.39328e-03  1.66472e-02
 2.24195e-03  1.66441e-02
 2.32032e-03  1.65146e-02

 2.74219e-03  1.65150e-02
 2.74220e-03  1.65146e-02
 2.81445e-03  1.66476e-02
 2.66313e-03  1.66437e-02
 2.74220e-03  1.65146e-02

 3.16406e-03  1.65150e-02
 3.16407e-03  1.65146e-02
 3.23564e-03  1.66480e-02
 3.08434e-03  1.66433e-02
 3.16407e-03  1.65146e-02

 3.58594e-03  1.65150e-02
 3.58595e-03  1.65146e-02
 3.65706e-03  1.66482e-02
 3.50578e-03  1.66430e-02
 3.58595e-03  1.65146e-02

 2.12674e-04  1.70850e-02
 2.12674e-04  1.70846e-02
 2.88357e-04  1.72157e-02
 1.36990e-04  1.72157e-02
 2.12674e-04  1.70846e-02

 6.38021e-04  1.70850e-02
 6.38023e-04  1.70846e-02
 7.13133e-04  1.72160e-02
 5.61767e-04  1.72154e-02
 6.38023e-04  1.70846e-02

 1.06337e-03  1.70850e-02
 1.06337e-03  1.70846e-02
 1.13823e-03  1.72162e-02
 9.86864e-04  1.72152e-02
 1.06337e-03  1.70846e-02

 1.48872e-03  1.70850e-02
 1.48872e-03  1.70846e-02
 1.56310e-03  1.72164e-02
 1.41174e-03  1.72149e-02
 1.48872e-03  1.70846e-02

 1.91406e-03  1.70850e-02
 1.91407e-03  1.70846e-02
 1.98802e-03  1.72167e-02
 1.83667e-03  1.72147e-02
 1.91407e-03  1.70846e-02

 2.33941e-03  1.70850e-02
 2.33942e-03  1.70846e-02
 2.41288e-03  1.72170e-02
 2.26153e-03  1.72144e-02
 2.33942e-03  1.70846e-02

 2.76476e-03  1.70850e-02
 2.76476e-03  1.70846e-02
 2.83775e-03  1.72172e-02
 2.68642e-03  1.72141e-02
 2.76476e-03  1.70846e-02

 3.19010e-03  1.70850e-02
 3.19011e-03  1.70846e-02
 3.26266e-03  1.72175e-02
 3.11134e-03  1.72139e-02
 3.19011e-03  1.70846e-02

 3.61545e-03  1.70850e-02
 3.61546e-03  1.70846e-02
 3.68769e-03  1.72176e-02
 3.53638e-03  1.72137e-02
 3.61546e-03  1.70846e-02

 2.14410e-04  1.76550e-02
 2.14410e-04  1.76546e-02
 2.90093e-04  1.77857e-02
 1.38726e-04  1.77857e-02
 2.14410e-04  1.76546e-02

 6.43229e-04  1.76550e-02
 6.43231e-04  1.76546e-02
 7.18374e-04  1.77860e-02
 5.67008e-04  1.77854e-02
 6.43231e-04  1.76546e-02

 1.07205e-03  1.76550e-02
 1.07205e-03  1.76546e-02
 1.14698e-03  1.77861e-02
 9.95618e-04  1.77853e-02
 1.07205e-03  1.76546e-02

 1.50087e-03  1.76550e-02
 1.50087e-03  1.76546e-02
 1.57540e-03  1.77864e-02
 1.42404e-03  1.77850e-02
 1.50087e-03  1.76546e-02

 1.92969e-03  1.76550e-02
 1.92969e-03  1.76546e-02
 2.00389e-03  1.77865e-02
 1.85253e-03  1.77848e-02
 1.92969e-03  1.76546e-02

 2.35851e-03  1.76550e-02
 2.35851e-03  1.76546e-02
 2.43234e-03  1.77867e-02
 2.28098e-03  1.77846e-02
 2.35851e-03  1.76546e-02

 2.78733e-03  1.76550e-02
 2.78733e-03  1.76546e-02
 2.86081e-03  1.77869e-02
 2.70947e-03  1.77844e-02
 2.78733e-03  1.76546e-02

 3.21615e-03  1.76550e-02
 3.21615e-03  1.76546e-02
 3.28931e-03  1.77871e-02
 3.13797e-03  1.77842e-02
 3.21615e-03  1.76546e-02

 3.64497e-03  1.76550e-02
 3.64497e-03  1.76546e-02
 3.71787e-03  1.77873e-02
 3.56654e-03  1.77841e-02
 3.64497e-03  1.76546e-02

 2.16146e-04  1.82250e-02
 2.16146e-04  1.82246e-02
 2.91829e-04  1.83557e-02
 1.40462e-04  1.83557e-02
 2.16146e-04  1.82246e-02

 6.48438e-04  1.82250e-02
 6.48439e-04  1.82246e-02
 7.23618e-04  1.83560e-02
 5.72252e-04  1.83554e-02
 6.48439e-04  1.82246e-02

 1.08073e-03  1.82250e-02
 1.08073e-03  1.82246e-02
 1.15573e-03  1.83561e-02
 1.00437e-03  1.83553e-02
 1.08073e-03  1.82246e-02

 1.51302e-03  1.82250e-02
 1.51302e-03  1.82246e-02
 1.58767e-03  1.83563e-02
 1.43631e-03  1.83551e-02
 1.51302e-03  1.82246e-02

 1.94531e-03  1.82250e-02
 1.94532e-03  1.82246e-02
 2.01969e-03  1.83564e-02
 1.86833e-03  1.83549e-02
 1.94532e-03  1.82246e-02

 2.37760e-03  1.82250e-02
 2.37761e-03  1.82246e-02
 2.45168e-03  1.83566e-02
 2.30033e-03  1.83548e-02
 2.37761e-03  1.82246e-02

 2.80990e-03  1.82250e-02
 2.80990e-03  1.82246e-02
 2.88370e-03  1.83568e-02
 2.73235e-03  1.83546e-02
 2.80990e-03  1.82246e-02

 3.24219e-03  1.82250e-02
 3.24219e-03  1.82246e-02
 3.31573e-03  1.83569e-02
 3.16439e-03  1.83544e-02
 3.24219e-03  1.82246e-02

 3.67448e-03  1.82250e-02
 3.67449e-03  1.82246e-02
 3.74778e-03  1.83570e-02
 3.59643e-03  1.83543e-02
 3.67449e-03  1.82246e-02

 2.17882e-04  1.87950e-02
 2.17882e-04  1.87946e-02
 2.93565e-04  1.89257e-02
 1.42198e-04  1.89257e-02
 2.17882e-04  1.87946e-02

 6.53646e-04  1.87950e-02
 6.53647e-04  1.87946e-02
 7.28853e-04  1.89260e-02
 5.77487e-04  1.89254e-02
 6.53647e-04  1.87946e-02

 1.08941e-03  1.87950e-02
 1.08941e-03  1.87946e-02
 1.16446e-03  1.89261e-02
 1.01310e-03  1.89253e-02
 1.08941e-03  1.87946e-02

 1.52517e-03  1.87950e-02
 1.52518e-03  1.87946e-02
 1.59991e-03  1.89262e-02
 1.44855e-03  1.89252e-02
 1.52518e-03  1.87946e-02

 1.96094e-03  1.87950e-02
 1.96094e-03  1.87946e-02
 2.03544e-03  1.89264e-02
 1.88408e-03  1.89250e-02
 1.96094e-03  1.87946e-02

 2.39670e-03  1.87950e-02
 2.39671e-03  1.87946e-02
 2.47094e-03  1.89265e-02
 2.31958e-03  1.89249e-02
 2.39671e-03  1.87946e-02

 2.83247e-03  1.87950e-02
 2.83247e-03  1.87946e-02
 2.90646e-03  1.89267e-02
 2.75511e-03  1.89247e-02
 2.83247e-03  1.87946e-02

 3.26823e-03  1.87950e-02
 3.26823e-03  1.87946e-02
 3.34200e-03  1.89268e-02
 3.19065e-03  1.89246e-02
 3.26823e-03  1.87946e-02

 3.70399e-03  1.87950e-02
 3.70400e-03  1.87946e-02
 3.77750e-03  1.89269e-02
 3.62615e-03  1.89244e-02
 3.70400e-03  1.87946e-02

 2.19618e-04  1.93650e-02
 2.19618e-04  1.93646e-02
 2.95302e-04  1.94957e-02
 1.43935e-04  1.94957e-02
 2.19618e-04  1.93646e-02

 6.58854e-04  1.93650e-02
 6.58855e-04  1.93646e-02
 7.34071e-04  1.94960e-02
 5.82705e-04  1.94954e-02
 6.58855e-04  1.93646e-02

 1.09809e-03  1.93650e-02
 1.09809e-03  1.93646e-02
 1.17317e-03  1.94961e-02
 1.02180e-03  1.94954e-02
 1.09809e-03  1.93646e-02

 1.53733e-03  1.93650e-02
 1.53733e-03  1.93646e-02
 1.61211e-03  1.94962e-02
 1.46075e-03  1.94952e-02
 1.53733e-03  1.93646e-02

 1.97656e-03  1.93650e-02
 1.97657e-03  1.93646e-02
 2.05114e-03  1.94964e-02
 1.89978e-03  1.94951e-02
 1.97657e-03  1.93646e-02

 2.41580e-03  1.93650e-02
 2.41580e-03  1.93646e-02
 2.49013e-03  1.94965e-02
 2.33877e-03  1.94949e-02
 2.41580e-03  1.93646e-02

 2.85503e-03  1.93650e-02
 2.85504e-03  1.93646e-02
 2.92914e-03  1.94966e-02
 2.77778e-03  1.94948e-02
 2.85504e-03  1.93646e-02

 3.29427e-03  1.93650e-02
 3.29428e-03  1.93646e-02
 3.36816e-03  1.94967e-02
 3.21680e-03  1.94947e-02
 3.29428e-03  1.93646e-02

 3.73351e-03  1.93650e-02
 3.73351e-03  1.93646e-02
 3.80710e-03  1.94969e-02
 3.65575e-03  1.94945e-02
 3.73351e-03  1.93646e-02

 2.21354e-04  1.99350e-02
 2.21354e-04  1.99347e-02
 2.97038e-04  2.00657e-02
 1.45671e-04  2.00657e-02
 2.21354e-04  1.99347e-02

 6.64062e-04  1.99350e-02
 6.64064e-04  1.99347e-02
 7.39264e-04  2.00660e-02
 5.87898e-04  2.00655e-02
 6.64064e-04  1.99347e-02

 1.10677e-03  1.99350e-02
 1.10677e-03  1.99347e-02
 1.18185e-03  2.00661e-02
 1.03049e-03  2.00654e-02
 1.10677e-03  1.99347e-02

 1.54948e-03  1.99350e-02
 1.54948e-03  1.99347e-02
 1.62427e-03  2.00663e-02
 1.47291e-03  2.00652e-02
 1.54948e-03  1.99347e-02

 1.99219e-03  1.99350e-02
 1.99219e-03  1.99347e-02
 2.06678e-03  2.00664e-02
 1.91542e-03  2.00651e-02
 1.99219e-03  1.99347e-02

 2.43490e-03  1.99350e-02
 2.43490e-03  1.99347e-02
 2.50925e-03  2.00665e-02
 2.35789e-03  2.00650e-02
 2.43490e-03  1.99347e-02

 2.87760e-03  1.99350e-02
 2.87761e-03  1.99347e-02
 2.95173e-03  2.00666e-02
 2.80037e-03  2.00648e-02
 2.87761e-03  1.99347e-02

 3.32031e-03  1.99350e-02
 3.32032e-03  1.99347e-02
 3.39421e-03  2.00668e-02
 3.24286e-03  2.00647e-02
 3.32032e-03  1.99347e-02

 3.76302e-03  1.99350e-02
 3.76303e-03  1.99347e-02
 3.83658e-03  2.00669e-02
 3.68524e-03  2.00645e-02
 3.76303e-03  1.99347e-02

 2.23090e-04  2.05050e-02
 2.23090e-04  2.05047e-02
 2.98774e-04  2.06358e-02
 1.47407e-04  2.06358e-02
 2.23090e-04  2.05047e-02

 6.69271e-04  2.05050e-02
 6.69272e-04  2.05047e-02
 7.44420e-04  2.06361e-02
 5.93055e-04  2.06355e-02
 6.69272e-04  2.05047e-02

 1.11545e-03  2.05050e-02
 1.11545e-03  2.05047e-02
 1.19051e-03  2.06361e-02
 1.03914e-03  2.06354e-02
 1.11545e-03  2.05047e-02

 1.56163e-03  2.05050e-02
 1.56163e-03  2.05047e-02
 1.63640e-03  2.06363e-02
 1.48504e-03  2.06352e-02
 1.56163e-03  2.05047e-02

 2.00781e-03  2.05050e-02
 2.00782e-03  2.05047e-02
 2.08239e-03  2.06364e-02
 1.93103e-03  2.06351e-02
 2.00782e-03  2.05047e-02

 2.45399e-03  2.05050e-02
 2.45400e-03  2.05047e-02
 2.52834e-03  2.06365e-02
 2.37698e-03  2.06350e-02
 2.45400e-03  2.05047e-02

 2.90017e-03  2.05050e-02
 2.90018e-03  2.05047e-02
 2.97429e-03  2.06367e-02
 2.82293e-03  2.06349e-02
 2.90018e-03  2.05047e-02

 3.34635e-03  2.05050e-02
 3.34636e-03  2.05047e-02
 3.42024e-03  2.06368e-02
 3.26889e-03  2.06347e-02
 3.34636e-03  2.05047e-02

 3.79253e-03  2.05050e-02
 3.79254e-03  2.05047e-02
 3.86606e-03  2.06370e-02
 3.71471e-03  2.06345e-02
 3.79254e-03  2.05047e-02

 2.24826e-04  2.10750e-02
 2.24826e-04  2.10748e-02
 3.00510e-04  2.12058e-02
 1.49143e-04  2.12058e-02
 2.24826e-04  2.10748e-02

 6.74479e-04  2.10750e-02
 6.74480e-04  2.10748e-02
 7.49498e-04  2.12062e-02
 5.98133e-04  2.12055e-02
 6.74480e-04  2.10748e-02

 1.12413e-03  2.10750e-02
 1.12413e-03  2.10748e-02
 1.19907e-03  2.12063e-02
 1.04771e-03  2.12054e-02
 1.12413e-03  2.10748e-02

 1.57378e-03  2.10750e-02
 1.57379e-03  2.10748e-02
 1.64838e-03  2.12065e-02
 1.49702e-03  2.12052e-02
 1.57379e-03  2.10748e-02

 2.02344e-03  2.10750e-02
 2.02344e-03  2.10748e-02
 2.09782e-03  2.12066e-02
 1.94646e-03  2.12051e-02
 2.02344e-03  2.10748e-02

 2.47309e-03  2.10750e-02
 2.47309e-03  2.10748e-02
 2.54721e-03  2.12067e-02
 2.39585e-03  2.12049e-02
 2.47309e-03  2.10748e-02

 2.92274e-03  2.10750e-02
 2.92275e-03  2.10748e-02
 2.99658e-03  2.12069e-02
 2.84523e-03  2.12048e-02
 2.92275e-03  2.10748e-02

 3.37240e-03  2.10750e-02
 3.37240e-03  2.10748e-02
 3.44596e-03  2.12070e-02
 3.29461e-03  2.12046e-02
 3.37240e-03  2.10748e-02

 3.82205e-03  2.10750e-02
 3.82205e-03  2.10748e-02
 3.89513e-03  2.12073e-02
 3.74380e-03  2.12043e-02
 3.82205e-03  2.10748e-02

 2.26562e-04  2.16450e-02
 2.26562e-04  2.16448e-02
 3.02246e-04  2.17758e-02
 1.50879e-04  2.17758e-02
 2.26562e-04  2.16448e-02

 6.79687e-04  2.16450e-02
 6.79689e-04  2.16448e-02
 7.54606e-04  2.17763e-02
 6.03242e-04  2.17754e-02
 6.79689e-04  2.16448e-02

 1.13281e-03  2.16450e-02
 1.13281e-03  2.16448e-02
 1.20778e-03  2.17763e-02
 1.05642e-03  2.17754e-02
 1.13281e-03  2.16448e-02

 1.58594e-03  2.16450e-02
 1.58594e-03  2.16448e-02
 1.66060e-03  2.17764e-02
 1.50924e-03  2.17753e-02
 1.58594e-03  2.16448e-02

 2.03906e-03  2.16450e-02
 2.03906e-03  2.16448e-02
 2.11357e-03  2.17765e-02
 1.96221e-03  2.17752e-02
 2.03906e-03  2.16448e-02

 2.49219e-03  2.16450e-02
 2.49219e-03  2.16448e-02
 2.56647e-03  2.17767e-02
 2.41511e-03  2.17750e-02
 2.49219e-03  2.16448e-02

 2.94531e-03  2.16450e-02
 2.94532e-03  2.16448e-02
 3.01936e-03  2.17768e-02
 2.86801e-03  2.17749e-02
 2.94532e-03  2.16448e-02

 3.39844e-03  2.16450e-02
 3.39844e-03  2.16448e-02
 3.47226e-03  2.17769e-02
 3.32091e-03  2.17748e-02
 3.39844e-03  2.16448e-02

 3.85156e-03  2.16450e-02
 3.85157e-03  2.16448e-02
 3.92505e-03  2.17771e-02
 3.77371e-03  2.17746e-02
 3.85157e-03  2.16448e-02

 2.28299e-04  2.22150e-02
 2.28299e-04  2.22150e-02
 3.59386e-04  2.21393e-02
 3.59386e-04  2.22907e-02
 2.28299e-04  2.22150e-02

 6.84896e-04  2.22150e-02
 6.84897e-04  2.22150e-02
 5.53809e-04  2.22907e-02
 5.53809e-04  2.21393e-02
 6.84897e-04  2.22150e-02

 1.14149e-03  2.22150e-02
 1.14149e-03  2.22150e-02
 1.01041e-03  2.22907e-02
 1.01041e-03  2.21393e-02
 1.14149e-03  2.22150e-02

 1.59809e-03  2.22150e-02
 1.59809e-03  2.22150e-02
 1.46700e-03  2.22907e-02
 1.46700e-03  2.21393e-02
 1.59809e-03  2.22150e-02

 2.05469e-03  2.22150e-02
 2.05469e-03  2.22150e-02
 1.92360e-03  2.22907e-02
 1.92360e-03  2.21393e-02
 2.05469e-03  2.22150e-02

 2.51128e-03  2.22150e-02
 2.51129e-03  2.22150e-02
 2.38020e-03  2.22907e-02
 2.38020e-03  2.21393e-02
 2.51129e-03  2.22150e-02

 2.96788e-03  2.22150e-02
 2.96788e-03  2.22150e-02
 2.83680e-03  2.22907e-02
 2.83680e-03  2.21393e-02
 2.96788e-03  2.22150e-02

 3.42448e-03  2.22150e-02
 3.42448e-03  2.22150e-02
 3.29339e-03  2.22907e-02
 3.29339e-03  2.21393e-02
 3.42448e-03  2.22150e-02

 3.88108e-03  2.22150e-02
 3.88108e-03  2.22150e-02
 3.74999e-03  2.22907e-02
 3.74999e-03  2.21393e-02
 3.88108e-03  2.22150e-02

 3.76510e-03  1.13850e-02
 3.76398e-03  1.13850e-02
 3.89506e-03  1.13093e-02
 3.89506e-03  1.14607e-02
 3.76398e-03  1.13850e-02

 4.26406e-03  1.13850e-02
 4.26324e-03  1.13850e-02
 4.39433e-03  1.13093e-02
 4.39433e-03  1.14607e-02
 4.26324e-03  1.13850e-02

 4.76302e-03  1.13850e-02
 4.76252e-03  1.13850e-02
 4.89361e-03  1.13093e-02
 4.89361e-03  1.14607e-02
 4.76252e-03  1.13850e-02

 5.26198e-03  1.13850e-02
 5.26169e-03  1.13850e-02
 5.39278e-03  1.13093e-02
 5.39278e-03  1.14607e-02
 5.26169e-03  1.13850e-02

 5.76094e-03  1.13850e-02
 5.76077e-03  1.13850e-02
 5.89185e-03  1.13093e-02
 5.89185e-03  1.14607e-02
 5.76077e-03  1.13850e-02

 6.25990e-03  1.13850e-02
 6.25979e-03  1.13850e-02
 6.39088e-03  1.13093e-02
 6.39088e-03  1.14607e-02
 6.25979e-03  1.13850e-02

 6.75885e-03  1.13850e-02
 6.75879e-03  1.13850e-02
 6.88988e-03  1.13093e-02
 6.88988e-03  1.14607e-02
 6.75879e-03  1.13850e-02

 7.25781e-03  1.13850e-02
 7.25777e-03  1.13850e-02
 7.38886e-03  1.13093e-02
 7.38886e-03  1.14607e-02
 7.25777e-03  1.13850e-02

 7.75677e-03  1.13850e-02
 7.75674e-03  1.13850e-02
 7.88783e-03  1.13093e-02
 7.88783e-03  1.14607e-02
 7.75674e-03  1.13850e-02

 8.25573e-03  1.13850e-02
 8.25571e-03  1.13850e-02
 8.38680e-03  1.13093e-02
 8.38680e-03  1.14607e-02
 8.25571e-03  1.13850e-02

 8.75469e-03  1.13850e-02
 8.75468e-03  1.13850e-02
 8.88576e-03  1.13093e-02
 8.88576e-03  1.14607e-02
 8.75468e-03  1.13850e-02

 9.25365e-03  1.13850e-02
 9.25364e-03  1.13850e-02
 9.38473e-03  1.13093e-02
 9.38473e-03  1.14607e-02
 9.25364e-03  1.13850e-02

 9.75260e-03  1.13850e-02
 9.75260e-03  1.13850e-02
 9.88369e-03  1.13093e-02
 9.88369e-03  1.14607e-02
 9.75260e-03  1.13850e-02

 1.02516e-02  1.13850e-02
 1.02516e-02  1.13850e-02
 1.01205e-02  1.14607e-02
 1.01205e-02  1.13093e-02
 1.02516e-02  1.13850e-02

 1.07505e-02  1.13850e-02
 1.07505e-02  1.13850e-02
 1.06194e-02  1.14607e-02
 1.06194e-02  1.13093e-02
 1.07505e-02  1.13850e-02

 3.79531e-03  1.19550e-02
 3.79512e-03  1.19559e-02
 3.74859e-03  1.18119e-02
 3.89659e-03  1.18436e-02
 3.79512e-03  1.19559e-02

 4.29219e-03  1.19550e-02
 4.29201e-03  1.19546e-02
 4.41463e-03  1.20434e-02
 4.27645e-03  1.21052e-02
 4.29201e-03  1.19546e-02

 4.78906e-03  1.19550e-02
 4.78893e-03  1.19545e-02
 4.89363e-03  1.20638e-02
 4.74660e-03  1.20998e-02
 4.78893e-03  1.19545e-02

 5.28594e-03  1.19550e-02
 5.28584e-03  1.19546e-02
 5.38804e-03  1.20662e-02
 5.24024e-03  1.20989e-02
 5.28584e-03  1.19546e-02

 5.78281e-03  1.19550e-02
 5.78274e-03  1.19547e-02
 5.88288e-03  1.20682e-02
 5.73450e-03  1.20981e-02
 5.78274e-03  1.19547e-02

 6.27969e-03  1.19550e-02
 6.27964e-03  1.19547e-02
 6.37661e-03  1.20709e-02
 6.22747e-03  1.20968e-02
 6.27964e-03  1.19547e-02

 6.77656e-03  1.19550e-02
 6.77653e-03  1.19547e-02
 6.86962e-03  1.20741e-02
 6.71971e-03  1.20950e-02
 6.77653e-03  1.19547e-02

 7.27344e-03  1.19550e-02
 7.27341e-03  1.19547e-02
 7.36265e-03  1.20770e-02
 7.21214e-03  1.20932e-02
 7.27341e-03  1.19547e-02

 7.77031e-03  1.19550e-02
 7.77029e-03  1.19548e-02
 7.85609e-03  1.20795e-02
 7.70520e-03  1.20914e-02
 7.77029e-03  1.19548e-02

 8.26719e-03  1.19550e-02
 8.26717e-03  1.19548e-02
 8.35008e-03  1.20814e-02
 8.19895e-03  1.20899e-02
 8.26717e-03  1.19548e-02

 8.76406e-03  1.19550e-02
 8.76405e-03  1.19548e-02
 8.84460e-03  1.20829e-02
 8.69334e-03  1.20886e-02
 8.76405e-03  1.19548e-02

 9.26094e-03  1.19550e-02
 9.26093e-03  1.19548e-02
 9.33947e-03  1.20842e-02
 9.18814e-03  1.20875e-02
 9.26093e-03  1.19548e-02

 9.75781e-03  1.19550e-02
 9.75781e-03  1.19548e-02
 9.83497e-03  1.20850e-02
 9.68361e-03  1.20867e-02
 9.75781e-03  1.19548e-02

 1.02547e-02  1.19550e-02
 1.02547e-02  1.19548e-02
 1.03300e-02  1.20861e-02
 1.01786e-02  1.20856e-02
 1.02547e-02  1.19548e-02

 1.07516e-02  1.19550e-02
 1.07516e-02  1.19548e-02
 1.08272e-02  1.20859e-02
 1.06759e-02  1.20859e-02
 1.07516e-02  1.19548e-02

 3.82552e-03  1.25250e-02
 3.82620e-03  1.25247e-02
 3.74241e-03  1.26507e-02
 3.67514e-03  1.25151e-02
 3.82620e-03  1.25247e-02

 4.32031e-03  1.25250e-02
 4.32072e-03  1.25246e-02
 4.28444e-03  1.26715e-02
 4.17531e-03  1.25666e-02
 4.32072e-03  1.25246e-02

 4.81510e-03  1.25250e-02
 4.81528e-03  1.25246e-02
 4.82791e-03  1.26755e-02
 4.69096e-03  1.26110e-02
 4.81528e-03  1.25246e-02

 5.30990e-03  1.25250e-02
 5.30996e-03  1.25247e-02
 5.36095e-03  1.26672e-02
 5.21203e-03  1.26401e-02
 5.30996e-03  1.25247e-02

 5.80469e-03  1.25250e-02
 5.80470e-03  1.25247e-02
 5.87596e-03  1.26582e-02
 5.72467e-03  1.26532e-02
 5.80470e-03  1.25247e-02

 6.29948e-03  1.25250e-02
 6.29947e-03  1.25247e-02
 6.37913e-03  1.26534e-02
 6.22783e-03  1.26581e-02
 6.29947e-03  1.25247e-02

 6.79427e-03  1.25250e-02
 6.79426e-03  1.25247e-02
 6.87646e-03  1.26518e-02
 6.72528e-03  1.26595e-02
 6.79426e-03  1.25247e-02

 7.28906e-03  1.25250e-02
 7.28905e-03  1.25247e-02
 7.37127e-03  1.26518e-02
 7.22010e-03  1.26595e-02
 7.28905e-03  1.25247e-02

 7.78385e-03  1.25250e-02
 7.78384e-03  1.25247e-02
 7.86511e-03  1.26524e-02
 7.71388e-03  1.26590e-02
 7.78384e-03  1.25247e-02

 8.27865e-03  1.25250e-02
 8.27864e-03  1.25247e-02
 8.35864e-03  1.26532e-02
 8.20736e-03  1.26583e-02
 8.27864e-03  1.25247e-02

 8.77344e-03  1.25250e-02
 8.77343e-03  1.25247e-02
 8.85217e-03  1.26540e-02
 8.70085e-03  1.26576e-02
 8.77343e-03  1.25247e-02

 9.26823e-03  1.25250e-02
 9.26823e-03  1.25248e-02
 9.34578e-03  1.26547e-02
 9.19442e-03  1.26569e-02
 9.26823e-03  1.25248e-02

 9.76302e-03  1.25250e-02
 9.76302e-03  1.25248e-02
 9.83968e-03  1.26553e-02
 9.68832e-03  1.26564e-02
 9.76302e-03  1.25248e-02

 1.02578e-02  1.25250e-02
 1.02578e-02  1.25248e-02
 1.03334e-02  1.26559e-02
 1.01821e-02  1.26558e-02
 1.02578e-02  1.25248e-02

 1.07526e-02  1.25250e-02
 1.07526e-02  1.25248e-02
 1.08283e-02  1.26558e-02
 1.06769e-02  1.26558e-02
 1.07526e-02  1.25248e-02

 3.85573e-03  1.30950e-02
 3.85593e-03  1.30950e-02
 3.72907e-03  1.31776e-02
 3.72099e-03  1.30264e-02
 3.85593e-03  1.30950e-02

 4.34844e-03  1.30950e-02
 4.34857e-03  1.30948e-02
 4.34325e-03  1.32461e-02
 4.21491e-03  1.31658e-02
 4.34857e-03  1.30948e-02

 4.84115e-03  1.30950e-02
 4.84122e-03  1.30947e-02
 4.88221e-03  1.32404e-02
 4.73552e-03  1.32030e-02
 4.84122e-03  1.30947e-02

 5.33385e-03  1.30950e-02
 5.33389e-03  1.30947e-02
 5.39390e-03  1.32336e-02
 5.24355e-03  1.32161e-02
 5.33389e-03  1.30947e-02

 5.82656e-03  1.30950e-02
 5.82658e-03  1.30947e-02
 5.89563e-03  1.32294e-02
 5.74445e-03  1.32218e-02
 5.82658e-03  1.30947e-02

 6.31927e-03  1.30950e-02
 6.31928e-03  1.30947e-02
 6.39292e-03  1.32269e-02
 6.24157e-03  1.32246e-02
 6.31928e-03  1.30947e-02

 6.81198e-03  1.30950e-02
 6.81198e-03  1.30947e-02
 6.88785e-03  1.32256e-02
 6.73648e-03  1.32259e-02
 6.81198e-03  1.30947e-02

 7.30469e-03  1.30950e-02
 7.30468e-03  1.30947e-02
 7.38152e-03  1.32251e-02
 7.23016e-03  1.32264e-02
 7.30468e-03  1.30947e-02

 7.79740e-03  1.30950e-02
 7.79739e-03  1.30947e-02
 7.87449e-03  1.32249e-02
 7.72313e-03  1.32266e-02
 7.79739e-03  1.30947e-02

 8.29010e-03  1.30950e-02
 8.29010e-03  1.30947e-02
 8.36708e-03  1.32250e-02
 8.21572e-03  1.32265e-02
 8.29010e-03  1.30947e-02

 8.78281e-03  1.30950e-02
 8.78281e-03  1.30947e-02
 8.85949e-03  1.32252e-02
 8.70812e-03  1.32263e-02
 8.78281e-03  1.30947e-02

 9.27552e-03  1.30950e-02
 9.27552e-03  1.30947e-02
 9.35179e-03  1.32254e-02
 9.20043e-03  1.32261e-02
 9.27552e-03  1.30947e-02

 9.76823e-03  1.30950e-02
 9.76823e-03  1.30947e-02
 9.84418e-03  1.32256e-02
 9.69281e-03  1.32259e-02
 9.76823e-03  1.30947e-02

 1.02609e-02  1.30950e-02
 1.02609e-02  1.30947e-02
 1.03364e-02  1.32259e-02
 1.01850e-02  1.32256e-02
 1.02609e-02  1.30947e-02

 1.07536e-02  1.30950e-02
 1.07536e-02  1.30947e-02
 1.08293e-02  1.32258e-02
 1.06780e-02  1.32258e-02
 1.07536e-02  1.30947e-02

 3.88594e-03  1.36650e-02
 3.88608e-03  1.36648e-02
 3.88440e-03  1.38161e-02
 3.75416e-03  1.37390e-02
 3.88608e-03  1.36648e-02

 4.37656e-03  1.36650e-02
 4.37668e-03  1.36647e-02
 4.39904e-03  1.38144e-02
 4.25821e-03  1.37589e-02
 4.37668e-03  1.36647e-02

 4.86719e-03  1.36650e-02
 4.86727e-03  1.36647e-02
 4.90952e-03  1.38100e-02
 4.76252e-03  1.37739e-02
 4.86727e-03  1.36647e-02

 5.35781e-03  1.36650e-02
 5.35786e-03  1.36647e-02
 5.41358e-03  1.38054e-02
 5.26383e-03  1.37833e-02
 5.35786e-03  1.36647e-02

 5.84844e-03  1.36650e-02
 5.84847e-03  1.36646e-02
 5.91257e-03  1.38018e-02
 5.76177e-03  1.37887e-02
 5.84847e-03  1.36646e-02

 6.33906e-03  1.36650e-02
 6.33908e-03  1.36646e-02
 6.40827e-03  1.37993e-02
 6.25708e-03  1.37919e-02
 6.33908e-03  1.36646e-02

 6.82969e-03  1.36650e-02
 6.82970e-03  1.36646e-02
 6.90190e-03  1.37977e-02
 6.75059e-03  1.37937e-02
 6.82970e-03  1.36646e-02

 7.32031e-03  1.36650e-02
 7.32032e-03  1.36646e-02
 7.39427e-03  1.37967e-02
 7.24292e-03  1.37947e-02
 7.32032e-03  1.36646e-02

 7.81094e-03  1.36650e-02
 7.81094e-03  1.36646e-02
 7.88587e-03  1.37962e-02
 7.73451e-03  1.37953e-02
 7.81094e-03  1.36646e-02

 8.30156e-03  1.36650e-02
 8.30156e-03  1.36646e-02
 8.37699e-03  1.37959e-02
 8.22562e-03  1.37956e-02
 8.30156e-03  1.36646e-02

 8.79219e-03  1.36650e-02
 8.79219e-03  1.36646e-02
 8.86781e-03  1.37958e-02
 8.71645e-03  1.37957e-02
 8.79219e-03  1.36646e-02

 9.28281e-03  1.36650e-02
 9.28281e-03  1.36646e-02
 9.35845e-03  1.37958e-02
 9.20709e-03  1.37957e-02
 9.28281e-03  1.36646e-02

 9.77344e-03  1.36650e-02
 9.77344e-03  1.36646e-02
 9.84906e-03  1.37958e-02
 9.69770e-03  1.37957e-02
 9.77344e-03  1.36646e-02

 1.02641e-02  1.36650e-02
 1.02641e-02  1.36647e-02
 1.03395e-02  1.37959e-02
 1.01882e-02  1.37956e-02
 1.02641e-02  1.36647e-02

 1.07547e-02  1.36650e-02
 1.07547e-02  1.36647e-02
 1.08304e-02  1.37957e-02
 1.06790e-02  1.37957e-02
 1.07547e-02  1.36647e-02

 3.91615e-03  1.42350e-02
 3.91622e-03  1.42347e-02
 3.95482e-03  1.43811e-02
 3.80876e-03  1.43413e-02
 3.91622e-03  1.42347e-02

 4.40469e-03  1.42350e-02
 4.40475e-03  1.42347e-02
 4.45130e-03  1.43787e-02
 4.30329e-03  1.43470e-02
 4.40475e-03  1.42347e-02

 4.89323e-03  1.42350e-02
 4.89328e-03  1.42347e-02
 4.94804e-03  1.43758e-02
 4.79845e-03  1.43526e-02
 4.89328e-03  1.42347e-02

 5.38177e-03  1.42350e-02
 5.38181e-03  1.42346e-02
 5.44293e-03  1.43731e-02
 5.29244e-03  1.43568e-02
 5.38181e-03  1.42346e-02

 5.87031e-03  1.42350e-02
 5.87034e-03  1.42346e-02
 5.93613e-03  1.43709e-02
 5.78517e-03  1.43598e-02
 5.87034e-03  1.42346e-02

 6.35885e-03  1.42350e-02
 6.35887e-03  1.42346e-02
 6.42798e-03  1.43693e-02
 6.27680e-03  1.43618e-02
 6.35887e-03  1.42346e-02

 6.84740e-03  1.42350e-02
 6.84741e-03  1.42346e-02
 6.91882e-03  1.43681e-02
 6.76753e-03  1.43632e-02
 6.84741e-03  1.42346e-02

 7.33594e-03  1.42350e-02
 7.33595e-03  1.42346e-02
 7.40893e-03  1.43672e-02
 7.25759e-03  1.43641e-02
 7.33595e-03  1.42346e-02

 7.82448e-03  1.42350e-02
 7.82448e-03  1.42346e-02
 7.89850e-03  1.43667e-02
 7.74715e-03  1.43647e-02
 7.82448e-03  1.42346e-02

 8.31302e-03  1.42350e-02
 8.31302e-03  1.42346e-02
 8.38770e-03  1.43663e-02
 8.23634e-03  1.43651e-02
 8.31302e-03  1.42346e-02

 8.80156e-03  1.42350e-02
 8.80156e-03  1.42346e-02
 8.87663e-03  1.43661e-02
 8.72527e-03  1.43654e-02
 8.80156e-03  1.42346e-02

 9.29010e-03  1.42350e-02
 9.29011e-03  1.42346e-02
 9.36538e-03  1.43659e-02
 9.21402e-03  1.43655e-02
 9.29011e-03  1.42346e-02

 9.77865e-03  1.42350e-02
 9.77865e-03  1.42346e-02
 9.85407e-03  1.43659e-02
 9.70270e-03  1.43656e-02
 9.77865e-03  1.42346e-02

 1.02672e-02  1.42350e-02
 1.02672e-02  1.42346e-02
 1.03426e-02  1.43659e-02
 1.01913e-02  1.43656e-02
 1.02672e-02  1.42346e-02

 1.07557e-02  1.42350e-02
 1.07557e-02  1.42346e-02
 1.08314e-02  1.43657e-02
 1.06800e-02  1.43657e-02
 1.07557e-02  1.42346e-02

 3.94635e-03  1.48050e-02
 3.94640e-03  1.48047e-02
 4.00274e-03  1.49452e-02
 3.85290e-03  1.49237e-02
 3.94640e-03  1.48047e-02

 4.43281e-03  1.48050e-02
 4.43286e-03  1.48047e-02
 4.49047e-03  1.49446e-02
 4.34044e-03  1.49245e-02
 4.43286e-03  1.48047e-02

 4.91927e-03  1.48050e-02
 4.91931e-03  1.48046e-02
 4.98026e-03  1.49432e-02
 4.82980e-03  1.49267e-02
 4.91931e-03  1.48046e-02

 5.40573e-03  1.48050e-02
 5.40576e-03  1.48046e-02
 5.47008e-03  1.49416e-02
 5.31925e-03  1.49288e-02
 5.40576e-03  1.48046e-02

 5.89219e-03  1.48050e-02
 5.89221e-03  1.48046e-02
 5.95946e-03  1.49402e-02
 5.80840e-03  1.49307e-02
 5.89221e-03  1.48046e-02

 6.37865e-03  1.48050e-02
 6.37866e-03  1.48046e-02
 6.44826e-03  1.49390e-02
 6.29705e-03  1.49321e-02
 6.37866e-03  1.48046e-02

 6.86510e-03  1.48050e-02
 6.86512e-03  1.48046e-02
 6.93651e-03  1.49381e-02
 6.78523e-03  1.49332e-02
 6.86512e-03  1.48046e-02

 7.35156e-03  1.48050e-02
 7.35157e-03  1.48046e-02
 7.42430e-03  1.49374e-02
 7.27297e-03  1.49340e-02
 7.35157e-03  1.48046e-02

 7.83802e-03  1.48050e-02
 7.83803e-03  1.48046e-02
 7.91171e-03  1.49368e-02
 7.76036e-03  1.49345e-02
 7.83803e-03  1.48046e-02

 8.32448e-03  1.48050e-02
 8.32448e-03  1.48046e-02
 8.39883e-03  1.49365e-02
 8.24747e-03  1.49349e-02
 8.32448e-03  1.48046e-02

 8.81094e-03  1.48050e-02
 8.81094e-03  1.48046e-02
 8.88574e-03  1.49362e-02
 8.73438e-03  1.49352e-02
 8.81094e-03  1.48046e-02

 9.29740e-03  1.48050e-02
 9.29740e-03  1.48046e-02
 9.37249e-03  1.49360e-02
 9.22113e-03  1.49354e-02
 9.29740e-03  1.48046e-02

 9.78385e-03  1.48050e-02
 9.78386e-03  1.48046e-02
 9.85918e-03  1.49359e-02
 9.70782e-03  1.49355e-02
 9.78386e-03  1.48046e-02

 1.02703e-02  1.48050e-02
 1.02703e-02  1.48046e-02
 1.03457e-02  1.49358e-02
 1.01944e-02  1.49356e-02
 1.02703e-02  1.48046e-02

 1.07568e-02  1.48050e-02
 1.07568e-02  1.48046e-02
 1.08325e-02  1.49357e-02
 1.06811e-02  1.49357e-02
 1.07568e-02  1.48046e-02

 3.97656e-03  1.53750e-02
 3.97659e-03  1.53746e-02
 4.04107e-03  1.55116e-02
 3.89024e-03  1.54990e-02
 3.97659e-03  1.53746e-02

 4.46094e-03  1.53750e-02
 4.46097e-03  1.53746e-02
 4.52543e-03  1.55116e-02
 4.37459e-03  1.54989e-02
 4.46097e-03  1.53746e-02

 4.94531e-03  1.53750e-02
 4.94534e-03  1.53746e-02
 5.01113e-03  1.55109e-02
 4.86018e-03  1.54998e-02
 4.94534e-03  1.53746e-02

 5.42969e-03  1.53750e-02
 5.42971e-03  1.53746e-02
 5.49717e-03  1.55101e-02
 5.34609e-03  1.55008e-02
 5.42971e-03  1.53746e-02

 5.91406e-03  1.53750e-02
 5.91408e-03  1.53746e-02
 5.98323e-03  1.55093e-02
 5.83204e-03  1.55018e-02
 5.91408e-03  1.53746e-02

 6.39844e-03  1.53750e-02
 6.39845e-03  1.53746e-02
 6.46911e-03  1.55085e-02
 6.31785e-03  1.55027e-02
 6.39845e-03  1.53746e-02

 6.88281e-03  1.53750e-02
 6.88282e-03  1.53746e-02
 6.95474e-03  1.55078e-02
 6.80344e-03  1.55035e-02
 6.88282e-03  1.53746e-02

 7.36719e-03  1.53750e-02
 7.36720e-03  1.53746e-02
 7.44012e-03  1.55072e-02
 7.28879e-03  1.55041e-02
 7.36720e-03  1.53746e-02

 7.85156e-03  1.53750e-02
 7.85157e-03  1.53746e-02
 7.92527e-03  1.55068e-02
 7.77392e-03  1.55045e-02
 7.85157e-03  1.53746e-02

 8.33594e-03  1.53750e-02
 8.33594e-03  1.53746e-02
 8.41022e-03  1.55065e-02
 8.25887e-03  1.55049e-02
 8.33594e-03  1.53746e-02

 8.82031e-03  1.53750e-02
 8.82032e-03  1.53746e-02
 8.89503e-03  1.55062e-02
 8.74367e-03  1.55051e-02
 8.82032e-03  1.53746e-02

 9.30469e-03  1.53750e-02
 9.30469e-03  1.53746e-02
 9.37971e-03  1.55061e-02
 9.22835e-03  1.55053e-02
 9.30469e-03  1.53746e-02

 9.78906e-03  1.53750e-02
 9.78906e-03  1.53746e-02
 9.86435e-03  1.55059e-02
 9.71298e-03  1.55055e-02
 9.78906e-03  1.53746e-02

 1.02734e-02  1.53750e-02
 1.02734e-02  1.53746e-02
 1.03489e-02  1.55058e-02
 1.01975e-02  1.55055e-02
 1.02734e-02  1.53746e-02

 1.07578e-02  1.53750e-02
 1.07578e-02  1.53746e-02
 1.08335e-02  1.55057e-02
 1.06821e-02  1.55057e-02
 1.07578e-02  1.53746e-02

 4.00677e-03  1.59450e-02
 4.00679e-03  1.59446e-02
 4.07524e-03  1.60796e-02
 3.92410e-03  1.60714e-02
 4.00679e-03  1.59446e-02

 4.48906e-03  1.59450e-02
 4.48908e-03  1.59446e-02
 4.55728e-03  1.60798e-02
 4.40615e-03  1.60712e-02
 4.48908e-03  1.59446e-02

 4.97135e-03  1.59450e-02
 4.97137e-03  1.59446e-02
 5.04014e-03  1.60795e-02
 4.88897e-03  1.60716e-02
 4.97137e-03  1.59446e-02

 5.45365e-03  1.59450e-02
 5.45366e-03  1.59446e-02
 5.52330e-03  1.60790e-02
 5.37209e-03  1.60721e-02
 5.45366e-03  1.59446e-02

 5.93594e-03  1.59450e-02
 5.93595e-03  1.59446e-02
 6.00660e-03  1.60785e-02
 5.85534e-03  1.60727e-02
 5.93595e-03  1.59446e-02

 6.41823e-03  1.59450e-02
 6.41824e-03  1.59446e-02
 6.48986e-03  1.60779e-02
 6.33857e-03  1.60733e-02
 6.41824e-03  1.59446e-02

 6.90052e-03  1.59450e-02
 6.90053e-03  1.59446e-02
 6.97303e-03  1.60775e-02
 6.82171e-03  1.60738e-02
 6.90053e-03  1.59446e-02

 7.38281e-03  1.59450e-02
 7.38282e-03  1.59446e-02
 7.45606e-03  1.60771e-02
 7.30472e-03  1.60742e-02
 7.38282e-03  1.59446e-02

 7.86510e-03  1.59450e-02
 7.86511e-03  1.59446e-02
 7.93896e-03  1.60767e-02
 7.78760e-03  1.60746e-02
 7.86511e-03  1.59446e-02

 8.34740e-03  1.59450e-02
 8.34740e-03  1.59446e-02
 8.42173e-03  1.60764e-02
 8.27037e-03  1.60749e-02
 8.34740e-03  1.59446e-02

 8.82969e-03  1.59450e-02
 8.82969e-03  1.59446e-02
 8.90441e-03  1.60762e-02
 8.75304e-03  1.60751e-02
 8.82969e-03  1.59446e-02

 9.31198e-03  1.59450e-02
 9.31198e-03  1.59446e-02
 9.38699e-03  1.60761e-02
 9.23563e-03  1.60753e-02
 9.31198e-03  1.59446e-02

 9.79427e-03  1.59450e-02
 9.79427e-03  1.59446e-02
 9.86955e-03  1.60759e-02
 9.71818e-03  1.60754e-02
 9.79427e-03  1.59446e-02

 1.02766e-02  1.59450e-02
 1.02766e-02  1.59446e-02
 1.03520e-02  1.60758e-02
 1.02006e-02  1.60755e-02
 1.02766e-02  1.59446e-02

 1.07589e-02  1.59450e-02
 1.07589e-02  1.59446e-02
 1.08345e-02  1.60757e-02
 1.06832e-02  1.60757e-02
 1.07589e-02  1.59446e-02

 4.03698e-03  1.65150e-02
 4.03699e-03  1.65146e-02
 4.10767e-03  1.66485e-02
 3.95642e-03  1.66427e-02
 4.03699e-03  1.65146e-02

 4.51719e-03  1.65150e-02
 4.51720e-03  1.65146e-02
 4.58767e-03  1.66486e-02
 4.43642e-03  1.66426e-02
 4.51720e-03  1.65146e-02

 4.99740e-03  1.65150e-02
 4.99741e-03  1.65146e-02
 5.06814e-03  1.66484e-02
 4.91688e-03  1.66428e-02
 4.99741e-03  1.65146e-02

 5.47760e-03  1.65150e-02
 5.47762e-03  1.65146e-02
 5.54882e-03  1.66482e-02
 5.39754e-03  1.66430e-02
 5.47762e-03  1.65146e-02

 5.95781e-03  1.65150e-02
 5.95782e-03  1.65146e-02
 6.02963e-03  1.66478e-02
 5.87833e-03  1.66434e-02
 5.95782e-03  1.65146e-02

 6.43802e-03  1.65150e-02
 6.43803e-03  1.65146e-02
 6.51047e-03  1.66475e-02
 6.35915e-03  1.66438e-02
 6.43803e-03  1.65146e-02

 6.91823e-03  1.65150e-02
 6.91824e-03  1.65146e-02
 6.99127e-03  1.66472e-02
 6.83993e-03  1.66441e-02
 6.91824e-03  1.65146e-02

 7.39844e-03  1.65150e-02
 7.39844e-03  1.65146e-02
 7.47201e-03  1.66469e-02
 7.32067e-03  1.66444e-02
 7.39844e-03  1.65146e-02

 7.87865e-03  1.65150e-02
 7.87865e-03  1.65146e-02
 7.95269e-03  1.66466e-02
 7.80133e-03  1.66447e-02
 7.87865e-03  1.65146e-02

 8.35885e-03  1.65150e-02
 8.35886e-03  1.65146e-02
 8.43329e-03  1.66464e-02
 8.28193e-03  1.66449e-02
 8.35886e-03  1.65146e-02

 8.83906e-03  1.65150e-02
 8.83907e-03  1.65146e-02
 8.91383e-03  1.66462e-02
 8.76247e-03  1.66451e-02
 8.83907e-03  1.65146e-02

 9.31927e-03  1.65150e-02
 9.31927e-03  1.65146e-02
 9.39431e-03  1.66460e-02
 9.24294e-03  1.66453e-02
 9.31927e-03  1.65146e-02

 9.79948e-03  1.65150e-02
 9.79948e-03  1.65146e-02
 9.87477e-03  1.66459e-02
 9.72341e-03  1.66454e-02
 9.79948e-03  1.65146e-02

 1.02797e-02  1.65150e-02
 1.02797e-02  1.65146e-02
 1.03551e-02  1.66458e-02
 1.02038e-02  1.66455e-02
 1.02797e-02  1.65146e-02

 1.07599e-02  1.65150e-02
 1.07599e-02  1.65146e-02
 1.08356e-02  1.66457e-02
 1.06842e-02  1.66457e-02
 1.07599e-02  1.65146e-02

 4.06719e-03  1.70850e-02
 4.06720e-03  1.70846e-02
 4.13916e-03  1.72178e-02
 3.98785e-03  1.72135e-02
 4.06720e-03  1.70846e-02

 4.54531e-03  1.70850e-02
 4.54532e-03  1.70846e-02
 4.61716e-03  1.72178e-02
 4.46586e-03  1.72134e-02
 4.54532e-03  1.70846e-02

 5.02344e-03  1.70850e-02
 5.02345e-03  1.70846e-02
 5.09542e-03  1.72178e-02
 4.94411e-03  1.72135e-02
 5.02345e-03  1.70846e-02

 5.50156e-03  1.70850e-02
 5.50157e-03  1.70846e-02
 5.57382e-03  1.72176e-02
 5.42251e-03  1.72137e-02
 5.50157e-03  1.70846e-02

 5.97969e-03  1.70850e-02
 5.97970e-03  1.70846e-02
 6.05233e-03  1.72174e-02
 5.90100e-03  1.72139e-02
 5.97970e-03  1.70846e-02

 6.45781e-03  1.70850e-02
 6.45782e-03  1.70846e-02
 6.53087e-03  1.72172e-02
 6.37953e-03  1.72141e-02
 6.45782e-03  1.70846e-02

 6.93594e-03  1.70850e-02
 6.93594e-03  1.70846e-02
 7.00941e-03  1.72169e-02
 6.85806e-03  1.72144e-02
 6.93594e-03  1.70846e-02

 7.41406e-03  1.70850e-02
 7.41407e-03  1.70846e-02
 7.48792e-03  1.72167e-02
 7.33657e-03  1.72146e-02
 7.41407e-03  1.70846e-02

 7.89219e-03  1.70850e-02
 7.89219e-03  1.70846e-02
 7.96641e-03  1.72165e-02
 7.81505e-03  1.72148e-02
 7.89219e-03  1.70846e-02

 8.37031e-03  1.70850e-02
 8.37032e-03  1.70846e-02
 8.44486e-03  1.72163e-02
 8.29349e-03  1.72150e-02
 8.37032e-03  1.70846e-02

 8.84844e-03  1.70850e-02
 8.84844e-03  1.70846e-02
 8.92327e-03  1.72162e-02
 8.77191e-03  1.72152e-02
 8.84844e-03  1.70846e-02

 9.32656e-03  1.70850e-02
 9.32656e-03  1.70846e-02
 9.40164e-03  1.72160e-02
 9.25028e-03  1.72153e-02
 9.32656e-03  1.70846e-02

 9.80469e-03  1.70850e-02
 9.80469e-03  1.70846e-02
 9.88001e-03  1.72159e-02
 9.72864e-03  1.72155e-02
 9.80469e-03  1.70846e-02

 1.02828e-02  1.70850e-02
 1.02828e-02  1.70846e-02
 1.03583e-02  1.72158e-02
 1.02069e-02  1.72156e-02
 1.02828e-02  1.70846e-02

 1.07609e-02  1.70850e-02
 1.07609e-02  1.70846e-02
 1.08366e-02  1.72157e-02
 1.06853e-02  1.72157e-02
 1.07609e-02  1.70846e-02

 4.09740e-03  1.76550e-02
 4.09740e-03  1.76546e-02
 4.17012e-03  1.77874e-02
 4.01879e-03  1.77840e-02
 4.09740e-03  1.76546e-02

 4.57344e-03  1.76550e-02
 4.57345e-03  1.76546e-02
 4.64613e-03  1.77874e-02
 4.49480e-03  1.77839e-02
 4.57345e-03  1.76546e-02

 5.04948e-03  1.76550e-02
 5.04949e-03  1.76546e-02
 5.12225e-03  1.77873e-02
 4.97092e-03  1.77840e-02
 5.04949e-03  1.76546e-02

 5.52552e-03  1.76550e-02
 5.52553e-03  1.76546e-02
 5.59848e-03  1.77872e-02
 5.44714e-03  1.77841e-02
 5.52553e-03  1.76546e-02

 6.00156e-03  1.76550e-02
 6.00157e-03  1.76546e-02
 6.07477e-03  1.77871e-02
 5.92343e-03  1.77842e-02
 6.00157e-03  1.76546e-02

 6.47760e-03  1.76550e-02
 6.47761e-03  1.76546e-02
 6.55110e-03  1.77869e-02
 6.39975e-03  1.77844e-02
 6.47761e-03  1.76546e-02

 6.95365e-03  1.76550e-02
 6.95365e-03  1.76546e-02
 7.02744e-03  1.77868e-02
 6.87609e-03  1.77846e-02
 6.95365e-03  1.76546e-02

 7.42969e-03  1.76550e-02
 7.42969e-03  1.76546e-02
 7.50378e-03  1.77866e-02
 7.35243e-03  1.77848e-02
 7.42969e-03  1.76546e-02

 7.90573e-03  1.76550e-02
 7.90573e-03  1.76546e-02
 7.98011e-03  1.77864e-02
 7.82875e-03  1.77849e-02
 7.90573e-03  1.76546e-02

 8.38177e-03  1.76550e-02
 8.38177e-03  1.76546e-02
 8.45642e-03  1.77863e-02
 8.30506e-03  1.77851e-02
 8.38177e-03  1.76546e-02

 8.85781e-03  1.76550e-02
 8.85781e-03  1.76546e-02
 8.93272e-03  1.77861e-02
 8.78136e-03  1.77852e-02
 8.85781e-03  1.76546e-02

 9.33385e-03  1.76550e-02
 9.33386e-03  1.76546e-02
 9.40899e-03  1.77860e-02
 9.25762e-03  1.77854e-02
 9.33386e-03  1.76546e-02

 9.80990e-03  1.76550e-02
 9.80990e-03  1.76546e-02
 9.88525e-03  1.77859e-02
 9.73388e-03  1.77855e-02
 9.80990e-03  1.76546e-02

 1.02859e-02  1.76550e-02
 1.02859e-02  1.76546e-02
 1.03614e-02  1.77858e-02
 1.02101e-02  1.77856e-02
 1.02859e-02  1.76546e-02

 1.07620e-02  1.76550e-02
 1.07620e-02  1.76546e-02
 1.08377e-02  1.77857e-02
 1.06863e-02  1.77857e-02
 1.07620e-02  1.76546e-02

 4.12760e-03  1.82250e-02
 4.12761e-03  1.82246e-02
 4.20077e-03  1.83571e-02
 4.04943e-03  1.83542e-02
 4.12761e-03  1.82246e-02

 4.60156e-03  1.82250e-02
 4.60157e-03  1.82246e-02
 4.67476e-03  1.83571e-02
 4.52342e-03  1.83542e-02
 4.60157e-03  1.82246e-02

 5.07552e-03  1.82250e-02
 5.07553e-03  1.82246e-02
 5.14879e-03  1.83571e-02
 4.99745e-03  1.83543e-02
 5.07553e-03  1.82246e-02

 5.54948e-03  1.82250e-02
 5.54949e-03  1.82246e-02
 5.62289e-03  1.83570e-02
 5.47154e-03  1.83544e-02
 5.54949e-03  1.82246e-02

 6.02344e-03  1.82250e-02
 6.02344e-03  1.82246e-02
 6.09703e-03  1.83569e-02
 5.94568e-03  1.83545e-02
 6.02344e-03  1.82246e-02

 6.49740e-03  1.82250e-02
 6.49740e-03  1.82246e-02
 6.57120e-03  1.83568e-02
 6.41985e-03  1.83546e-02
 6.49740e-03  1.82246e-02

 6.97135e-03  1.82250e-02
 6.97136e-03  1.82246e-02
 7.04539e-03  1.83566e-02
 6.89404e-03  1.83547e-02
 6.97136e-03  1.82246e-02

 7.44531e-03  1.82250e-02
 7.44532e-03  1.82246e-02
 7.51959e-03  1.83565e-02
 7.36823e-03  1.83549e-02
 7.44532e-03  1.82246e-02

 7.91927e-03  1.82250e-02
 7.91927e-03  1.82246e-02
 7.99379e-03  1.83564e-02
 7.84243e-03  1.83550e-02
 7.91927e-03  1.82246e-02

 8.39323e-03  1.82250e-02
 8.39323e-03  1.82246e-02
 8.46798e-03  1.83562e-02
 8.31662e-03  1.83551e-02
 8.39323e-03  1.82246e-02

 8.86719e-03  1.82250e-02
 8.86719e-03  1.82246e-02
 8.94217e-03  1.83561e-02
 8.79080e-03  1.83553e-02
 8.86719e-03  1.82246e-02

 9.34115e-03  1.82250e-02
 9.34115e-03  1.82246e-02
 9.41634e-03  1.83560e-02
 9.26497e-03  1.83554e-02
 9.34115e-03  1.82246e-02

 9.81510e-03  1.82250e-02
 9.81511e-03  1.82246e-02
 9.89050e-03  1.83559e-02
 9.73913e-03  1.83555e-02
 9.81511e-03  1.82246e-02

 1.02891e-02  1.82250e-02
 1.02891e-02  1.82246e-02
 1.03646e-02  1.83558e-02
 1.02132e-02  1.83556e-02
 1.02891e-02  1.82246e-02

 1.07630e-02  1.82250e-02
 1.07630e-02  1.82246e-02
 1.08387e-02  1.83557e-02
 1.06873e-02  1.83557e-02
 1.07630e-02  1.82246e-02

 4.15781e-03  1.87950e-02
 4.15782e-03  1.87946e-02
 4.23122e-03  1.89270e-02
 4.07987e-03  1.89244e-02
 4.15782e-03  1.87946e-02

 4.62969e-03  1.87950e-02
 4.62969e-03  1.87946e-02
 4.70318e-03  1.89269e-02
 4.55184e-03  1.89244e-02
 4.62969e-03  1.87946e-02

 5.10156e-03  1.87950e-02
 5.10157e-03  1.87946e-02
 5.17513e-03  1.89269e-02
 5.02379e-03  1.89245e-02
 5.10157e-03  1.87946e-02

 5.57344e-03  1.87950e-02
 5.57344e-03  1.87946e-02
 5.64713e-03  1.89268e-02
 5.49578e-03  1.89245e-02
 5.57344e-03  1.87946e-02

 6.04531e-03  1.87950e-02
 6.04532e-03  1.87946e-02
 6.11916e-03  1.89267e-02
 5.96780e-03  1.89246e-02
 6.04532e-03  1.87946e-02

 6.51719e-03  1.87950e-02
 6.51719e-03  1.87946e-02
 6.59120e-03  1.89266e-02
 6.43985e-03  1.89247e-02
 6.51719e-03  1.87946e-02

 6.98906e-03  1.87950e-02
 6.98907e-03  1.87946e-02
 7.06327e-03  1.89265e-02
 6.91191e-03  1.89248e-02
 6.98907e-03  1.87946e-02

 7.46094e-03  1.87950e-02
 7.46094e-03  1.87946e-02
 7.53535e-03  1.89264e-02
 7.38399e-03  1.89250e-02
 7.46094e-03  1.87946e-02

 7.93281e-03  1.87950e-02
 7.93282e-03  1.87946e-02
 8.00744e-03  1.89263e-02
 7.85607e-03  1.89251e-02
 7.93282e-03  1.87946e-02

 8.40469e-03  1.87950e-02
 8.40469e-03  1.87946e-02
 8.47953e-03  1.89262e-02
 8.32816e-03  1.89252e-02
 8.40469e-03  1.87946e-02

 8.87656e-03  1.87950e-02
 8.87656e-03  1.87946e-02
 8.95162e-03  1.89261e-02
 8.80025e-03  1.89253e-02
 8.87656e-03  1.87946e-02

 9.34844e-03  1.87950e-02
 9.34844e-03  1.87946e-02
 9.42369e-03  1.89259e-02
 9.27233e-03  1.89254e-02
 9.34844e-03  1.87946e-02

 9.82031e-03  1.87950e-02
 9.82031e-03  1.87946e-02
 9.89576e-03  1.89258e-02
 9.74439e-03  1.89256e-02
 9.82031e-03  1.87946e-02

 1.02922e-02  1.87950e-02
 1.02922e-02  1.87946e-02
 1.03678e-02  1.89258e-02
 1.02164e-02  1.89256e-02
 1.02922e-02  1.87946e-02

 1.07641e-02  1.87950e-02
 1.07641e-02  1.87946e-02
 1.08397e-02  1.89257e-02
 1.06884e-02  1.89257e-02
 1.07641e-02  1.87946e-02

 4.18802e-03  1.93650e-02
 4.18803e-03  1.93646e-02
 4.26153e-03  1.94969e-02
 4.11018e-03  1.94944e-02
 4.18803e-03  1.93646e-02

 4.65781e-03  1.93650e-02
 4.65782e-03  1.93646e-02
 4.73147e-03  1.94969e-02
 4.58012e-03  1.94945e-02
 4.65782e-03  1.93646e-02

 5.12760e-03  1.93650e-02
 5.12761e-03  1.93646e-02
 5.20134e-03  1.94968e-02
 5.04999e-03  1.94946e-02
 5.12761e-03  1.93646e-02

 5.59740e-03  1.93650e-02
 5.59740e-03  1.93646e-02
 5.67126e-03  1.94968e-02
 5.51991e-03  1.94947e-02
 5.59740e-03  1.93646e-02

 6.06719e-03  1.93650e-02
 6.06719e-03  1.93646e-02
 6.14118e-03  1.94967e-02
 5.98983e-03  1.94947e-02
 6.06719e-03  1.93646e-02

 6.53698e-03  1.93650e-02
 6.53698e-03  1.93646e-02
 6.61113e-03  1.94966e-02
 6.45977e-03  1.94948e-02
 6.53698e-03  1.93646e-02

 7.00677e-03  1.93650e-02
 7.00677e-03  1.93646e-02
 7.08109e-03  1.94965e-02
 6.92973e-03  1.94949e-02
 7.00677e-03  1.93646e-02

 7.47656e-03  1.93650e-02
 7.47657e-03  1.93646e-02
 7.55107e-03  1.94964e-02
 7.39971e-03  1.94950e-02
 7.47657e-03  1.93646e-02

 7.94635e-03  1.93650e-02
 7.94636e-03  1.93646e-02
 8.02106e-03  1.94963e-02
 7.86970e-03  1.94951e-02
 7.94636e-03  1.93646e-02

 8.41615e-03  1.93650e-02
 8.41615e-03  1.93646e-02
 8.49106e-03  1.94962e-02
 8.33970e-03  1.94953e-02
 8.41615e-03  1.93646e-02

 8.88594e-03  1.93650e-02
 8.88594e-03  1.93646e-02
 8.96107e-03  1.94960e-02
 8.80970e-03  1.94954e-02
 8.88594e-03  1.93646e-02

 9.35573e-03  1.93650e-02
 9.35573e-03  1.93646e-02
 9.43106e-03  1.94959e-02
 9.27970e-03  1.94955e-02
 9.35573e-03  1.93646e-02

 9.82552e-03  1.93650e-02
 9.82552e-03  1.93646e-02
 9.90103e-03  1.94958e-02
 9.74966e-03  1.94956e-02
 9.82552e-03  1.93646e-02

 1.02953e-02  1.93650e-02
 1.02953e-02  1.93646e-02
 1.03710e-02  1.94957e-02
 1.02196e-02  1.94957e-02
 1.02953e-02  1.93646e-02

 1.07651e-02  1.93650e-02
 1.07651e-02  1.93646e-02
 1.08408e-02  1.94957e-02
 1.06894e-02  1.94957e-02
 1.07651e-02  1.93646e-02

 4.21823e-03  1.99350e-02
 4.21823e-03  1.99347e-02
 4.29172e-03  2.00670e-02
 4.14037e-03  2.00645e-02
 4.21823e-03  1.99347e-02

 4.68594e-03  1.99350e-02
 4.68594e-03  1.99347e-02
 4.75963e-03  2.00669e-02
 4.60828e-03  2.00646e-02
 4.68594e-03  1.99347e-02

 5.15365e-03  1.99350e-02
 5.15365e-03  1.99347e-02
 5.22744e-03  2.00668e-02
 5.07608e-03  2.00646e-02
 5.15365e-03  1.99347e-02

 5.62135e-03  1.99350e-02
 5.62136e-03  1.99347e-02
 5.69528e-03  2.00667e-02
 5.54392e-03  2.00647e-02
 5.62136e-03  1.99347e-02

 6.08906e-03  1.99350e-02
 6.08907e-03  1.99347e-02
 6.16312e-03  2.00667e-02
 6.01176e-03  2.00648e-02
 6.08907e-03  1.99347e-02

 6.55677e-03  1.99350e-02
 6.55677e-03  1.99347e-02
 6.63098e-03  2.00666e-02
 6.47962e-03  2.00649e-02
 6.55677e-03  1.99347e-02

 7.02448e-03  1.99350e-02
 7.02448e-03  1.99347e-02
 7.09885e-03  2.00665e-02
 6.94749e-03  2.00650e-02
 7.02448e-03  1.99347e-02

 7.49219e-03  1.99350e-02
 7.49219e-03  1.99347e-02
 7.56675e-03  2.00664e-02
 7.41538e-03  2.00651e-02
 7.49219e-03  1.99347e-02

 7.95990e-03  1.99350e-02
 7.95990e-03  1.99347e-02
 8.03466e-03  2.00663e-02
 7.88330e-03  2.00652e-02
 7.95990e-03  1.99347e-02

 8.42760e-03  1.99350e-02
 8.42761e-03  1.99347e-02
 8.50258e-03  2.00661e-02
 8.35122e-03  2.00653e-02
 8.42761e-03  1.99347e-02

 8.89531e-03  1.99350e-02
 8.89531e-03  1.99347e-02
 8.97052e-03  2.00660e-02
 8.81915e-03  2.00655e-02
 8.89531e-03  1.99347e-02

 9.36302e-03  1.99350e-02
 9.36302e-03  1.99347e-02
 9.43844e-03  2.00659e-02
 9.28708e-03  2.00656e-02
 9.36302e-03  1.99347e-02

 9.83073e-03  1.99350e-02
 9.83073e-03  1.99347e-02
 9.90631e-03  2.00658e-02
 9.75494e-03  2.00657e-02
 9.83073e-03  1.99347e-02

 1.02984e-02  1.99350e-02
 1.02984e-02  1.99347e-02
 1.03742e-02  2.00657e-02
 1.02229e-02  2.00658e-02
 1.02984e-02  1.99347e-02

 1.07661e-02  1.99350e-02
 1.07661e-02  1.99347e-02
 1.08418e-02  2.00657e-02
 1.06905e-02  2.00657e-02
 1.07661e-02  1.99347e-02

 4.24844e-03  2.05050e-02
 4.24844e-03  2.05047e-02
 4.32189e-03  2.06370e-02
 4.17054e-03  2.06345e-02
 4.24844e-03  2.05047e-02

 4.71406e-03  2.05050e-02
 4.71407e-03  2.05047e-02
 4.78776e-03  2.06369e-02
 4.63641e-03  2.06346e-02
 4.71407e-03  2.05047e-02

 5.17969e-03  2.05050e-02
 5.17969e-03  2.05047e-02
 5.25349e-03  2.06368e-02
 5.10214e-03  2.06347e-02
 5.17969e-03  2.05047e-02

 5.64531e-03  2.05050e-02
 5.64532e-03  2.05047e-02
 5.71925e-03  2.06368e-02
 5.56790e-03  2.06348e-02
 5.64532e-03  2.05047e-02

 6.11094e-03  2.05050e-02
 6.11094e-03  2.05047e-02
 6.18502e-03  2.06367e-02
 6.03366e-03  2.06348e-02
 6.11094e-03  2.05047e-02

 6.57656e-03  2.05050e-02
 6.57657e-03  2.05047e-02
 6.65079e-03  2.06366e-02
 6.49944e-03  2.06349e-02
 6.57657e-03  2.05047e-02

 7.04219e-03  2.05050e-02
 7.04219e-03  2.05047e-02
 7.11659e-03  2.06365e-02
 6.96523e-03  2.06350e-02
 7.04219e-03  2.05047e-02

 7.50781e-03  2.05050e-02
 7.50782e-03  2.05047e-02
 7.58241e-03  2.06364e-02
 7.43105e-03  2.06351e-02
 7.50782e-03  2.05047e-02

 7.97344e-03  2.05050e-02
 7.97344e-03  2.05047e-02
 8.04826e-03  2.06363e-02
 7.89689e-03  2.06353e-02
 7.97344e-03  2.05047e-02

 8.43906e-03  2.05050e-02
 8.43906e-03  2.05047e-02
 8.51412e-03  2.06361e-02
 8.36276e-03  2.06354e-02
 8.43906e-03  2.05047e-02

 8.90469e-03  2.05050e-02
 8.90469e-03  2.05047e-02
 8.97999e-03  2.06360e-02
 8.82863e-03  2.06355e-02
 8.90469e-03  2.05047e-02

 9.37031e-03  2.05050e-02
 9.37031e-03  2.05047e-02
 9.44588e-03  2.06358e-02
 9.29451e-03  2.06357e-02
 9.37031e-03  2.05047e-02

 9.83594e-03  2.05050e-02
 9.83594e-03  2.05047e-02
 9.91164e-03  2.06358e-02
 9.76028e-03  2.06358e-02
 9.83594e-03  2.05047e-02

 1.03016e-02  2.05050e-02
 1.03016e-02  2.05047e-02
 1.03776e-02  2.06356e-02
 1.02262e-02  2.06360e-02
 1.03016e-02  2.05047e-02

 1.07672e-02  2.05050e-02
 1.07672e-02  2.05047e-02
 1.08429e-02  2.06358e-02
 1.06915e-02  2.06358e-02
 1.07672e-02  2.05047e-02

 4.27865e-03  2.10750e-02
 4.27865e-03  2.10748e-02
 4.35165e-03  2.12074e-02
 4.20032e-03  2.12043e-02
 4.27865e-03  2.10748e-02

 4.74219e-03  2.10750e-02
 4.74219e-03  2.10748e-02
 4.81553e-03  2.12072e-02
 4.66419e-03  2.12045e-02
 4.74219e-03  2.10748e-02

 5.20573e-03  2.10750e-02
 5.20573e-03  2.10748e-02
 5.27921e-03  2.12071e-02
 5.12787e-03  2.12046e-02
 5.20573e-03  2.10748e-02

 5.66927e-03  2.10750e-02
 5.66927e-03  2.10748e-02
 5.74293e-03  2.12070e-02
 5.59158e-03  2.12047e-02
 5.66927e-03  2.10748e-02

 6.13281e-03  2.10750e-02
 6.13282e-03  2.10748e-02
 6.20664e-03  2.12069e-02
 6.05529e-03  2.12048e-02
 6.13282e-03  2.10748e-02

 6.59635e-03  2.10750e-02
 6.59636e-03  2.10748e-02
 6.67037e-03  2.12068e-02
 6.51902e-03  2.12049e-02
 6.59636e-03  2.10748e-02

 7.05990e-03  2.10750e-02
 7.05990e-03  2.10748e-02
 7.13412e-03  2.12067e-02
 6.98277e-03  2.12050e-02
 7.05990e-03  2.10748e-02

 7.52344e-03  2.10750e-02
 7.52344e-03  2.10748e-02
 7.59791e-03  2.12065e-02
 7.44655e-03  2.12051e-02
 7.52344e-03  2.10748e-02

 7.98698e-03  2.10750e-02
 7.98698e-03  2.10748e-02
 8.06173e-03  2.12064e-02
 7.91037e-03  2.12053e-02
 7.98698e-03  2.10748e-02

 8.45052e-03  2.10750e-02
 8.45052e-03  2.10748e-02
 8.52558e-03  2.12062e-02
 8.37422e-03  2.12055e-02
 8.45052e-03  2.10748e-02

 8.91406e-03  2.10750e-02
 8.91406e-03  2.10748e-02
 8.98943e-03  2.12060e-02
 8.83806e-03  2.12057e-02
 8.91406e-03  2.10748e-02

 9.37760e-03  2.10750e-02
 9.37760e-03  2.10748e-02
 9.45332e-03  2.12058e-02
 9.30195e-03  2.12059e-02
 9.37760e-03  2.10748e-02

 9.84115e-03  2.10750e-02
 9.84115e-03  2.10748e-02
 9.91698e-03  2.12057e-02
 9.76562e-03  2.12059e-02
 9.84115e-03  2.10748e-02

 1.03047e-02  2.10750e-02
 1.03047e-02  2.10748e-02
 1.03810e-02  2.12055e-02
 1.02296e-02  2.12062e-02
 1.03047e-02  2.10748e-02

 1.07682e-02  2.10750e-02
 1.07682e-02  2.10748e-02
 1.08439e-02  2.12058e-02
 1.06925e-02  2.12058e-02
 1.07682e-02  2.10748e-02

 4.30885e-03  2.16450e-02
 4.30886e-03  2.16448e-02
 4.38228e-03  2.17771e-02
 4.23093e-03  2.17745e-02
 4.30886e-03  2.16448e-02

 4.77031e-03  2.16450e-02
 4.77032e-03  2.16448e-02
 4.84395e-03  2.17770e-02
 4.69260e-03  2.17747e-02
 4.77032e-03  2.16448e-02

 5.23177e-03  2.16450e-02
 5.23177e-03  2.16448e-02
 5.30552e-03  2.17769e-02
 5.15417e-03  2.17747e-02
 5.23177e-03  2.16448e-02

 5.69323e-03  2.16450e-02
 5.69323e-03  2.16448e-02
 5.76714e-03  2.17769e-02
 5.61578e-03  2.17748e-02
 5.69323e-03  2.16448e-02

 6.15469e-03  2.16450e-02
 6.15469e-03  2.16448e-02
 6.22875e-03  2.17768e-02
 6.07739e-03  2.17749e-02
 6.15469e-03  2.16448e-02

 6.61615e-03  2.16450e-02
 6.61615e-03  2.16448e-02
 6.69038e-03  2.17767e-02
 6.53902e-03  2.17750e-02
 6.61615e-03  2.16448e-02

 7.07760e-03  2.16450e-02
 7.07761e-03  2.16448e-02
 7.15204e-03  2.17766e-02
 7.00068e-03  2.17751e-02
 7.07761e-03  2.16448e-02

 7.53906e-03  2.16450e-02
 7.53906e-03  2.16448e-02
 7.61374e-03  2.17764e-02
 7.46237e-03  2.17753e-02
 7.53906e-03  2.16448e-02

 8.00052e-03  2.16450e-02
 8.00052e-03  2.16448e-02
 8.07547e-03  2.17763e-02
 7.92411e-03  2.17754e-02
 8.00052e-03  2.16448e-02

 8.46198e-03  2.16450e-02
 8.46198e-03  2.16448e-02
 8.53726e-03  2.17761e-02
 8.38589e-03  2.17756e-02
 8.46198e-03  2.16448e-02

 8.92344e-03  2.16450e-02
 8.92344e-03  2.16448e-02
 8.99903e-03  2.17759e-02
 8.84766e-03  2.17758e-02
 8.92344e-03  2.16448e-02

 9.38490e-03  2.16450e-02
 9.38490e-03  2.16448e-02
 9.46091e-03  2.17757e-02
 9.30954e-03  2.17760e-02
 9.38490e-03  2.16448e-02

 9.84635e-03  2.16450e-02
 9.84635e-03  2.16448e-02
 9.92245e-03  2.17756e-02
 9.77108e-03  2.17761e-02
 9.84635e-03  2.16448e-02

 1.03078e-02  2.16450e-02
 1.03078e-02  2.16448e-02
 1.03848e-02  2.17751e-02
 1.02334e-02  2.17766e-02
 1.03078e-02  2.16448e-02

 1.07693e-02  2.16450e-02
 1.07693e-02  2.16448e-02
 1.08450e-02  2.17759e-02
 1.06936e-02  2.17759e-02
 1.07693e-02  2.16448e-02

 4.33906e-03  2.22150e-02
 4.33907e-03  2.22150e-02
 4.20798e-03  2.22907e-02
 4.20798e-03  2.21393e-02
 4.33907e-03  2.22150e-02

 4.79844e-03  2.22150e-02
 4.79844e-03  2.22150e-02
 4.66735e-03  2.22907e-02
 4.66735e-03  2.21393e-02
 4.79844e-03  2.22150e-02

 5.25781e-03  2.22150e-02
 5.25782e-03  2.22150e-02
 5.12673e-03  2.22907e-02
 5.12673e-03  2.21393e-02
 5.25782e-03  2.22150e-02

 5.71719e-03  2.22150e-02
 5.71719e-03  2.22150e-02
 5.58610e-03  2.22907e-02
 5.58610e-03  2.21393e-02
 5.71719e-03  2.22150e-02

 6.17656e-03  2.22150e-02
 6.17656e-03  2.22150e-02
 6.04548e-03  2.22907e-02
 6.04548e-03  2.21393e-02
 6.17656e-03  2.22150e-02

 6.63594e-03  2.22150e-02
 6.63594e-03  2.22150e-02
 6.50485e-03  2.22907e-02
 6.50485e-03  2.21393e-02
 6.63594e-03  2.22150e-02

 7.09531e-03  2.22150e-02
 7.09531e-03  2.22150e-02
 6.96423e-03  2.22907e-02
 6.96423e-03  2.21393e-02
 7.09531e-03  2.22150e-02

 7.55469e-03  2.22150e-02
 7.55469e-03  2.22150e-02
 7.42360e-03  2.22907e-02
 7.42360e-03  2.21393e-02
 7.55469e-03  2.22150e-02

 8.01406e-03  2.22150e-02
 8.01406e-03  2.22150e-02
 7.88298e-03  2.22907e-02
 7.88298e-03  2.21393e-02
 8.01406e-03  2.22150e-02

 8.47344e-03  2.22150e-02
 8.47344e-03  2.22150e-02
 8.34235e-03  2.22907e-02
 8.34235e-03  2.21393e-02
 8.47344e-03  2.22150e-02

 8.93281e-03  2.22150e-02
 8.93281e-03  2.22150e-02
 9.06390e-03  2.21393e-02
 9.06390e-03  2.22907e-02
 8.93281e-03  2.22150e-02

 9.39219e-03  2.22150e-02
 9.39219e-03  2.22150e-02
 9.52327e-03  2.21393e-02
 9.52327e-03  2.22907e-02
 9.39219e-03  2.22150e-02

 9.85156e-03  2.22150e-02
 9.85156e-03  2.22150e-02
 9.98265e-03  2.21393e-02
 9.98265e-03  2.22907e-02
 9.85156e-03  2.22150e-02

 1.03109e-02  2.22150e-02
 1.03109e-02  2.22150e-02
 1.04420e-02  2.21393e-02
 1.04420e-02  2.22907e-02
 1.03109e-02  2.22150e-02

 1.07703e-02  2.22150e-02
 1.07703e-02  2.22150e-02
 1.06392e-02  2.22907e-02
 1.06392e-02  2.21393e-02
 1.07703e-02  2.22150e-02

