#[ Fluid velocity 2D plot data file: flw.dat ]
 1.95313e-04  1.13850e-02
 1.83821e-04  1.14045e-02
 1.85003e-04  1.12532e-02
 3.15496e-04  1.13299e-02
 1.83821e-04  1.14045e-02

 5.85937e-04  1.13850e-02
 4.73699e-04  1.14028e-02
 5.91328e-04  1.13075e-02
 6.15015e-04  1.14570e-02
 4.73699e-04  1.14028e-02

 9.76562e-04  1.13850e-02
 8.16643e-04  1.14025e-02
 9.38707e-04  1.13130e-02
 9.55195e-04  1.14635e-02
 8.16643e-04  1.14025e-02

 1.36719e-03  1.13850e-02
 1.13879e-03  1.14017e-02
 1.26401e-03  1.13167e-02
 1.27505e-03  1.14676e-02
 1.13879e-03  1.14017e-02

 1.75781e-03  1.13850e-02
 1.47479e-03  1.14009e-02
 1.60142e-03  1.13180e-02
 1.60993e-03  1.14691e-02
 1.47479e-03  1.14009e-02

 2.14844e-03  1.13850e-02
 1.80951e-03  1.13998e-02
 1.93716e-03  1.13185e-02
 1.94379e-03  1.14697e-02
 1.80951e-03  1.13998e-02

 2.53906e-03  1.13850e-02
 2.15095e-03  1.13986e-02
 2.27931e-03  1.13184e-02
 2.28461e-03  1.14696e-02
 2.15095e-03  1.13986e-02

 2.92969e-03  1.13850e-02
 2.49676e-03  1.13971e-02
 2.62568e-03  1.13178e-02
 2.62992e-03  1.14691e-02
 2.49676e-03  1.13971e-02

 3.32031e-03  1.13850e-02
 2.84902e-03  1.13955e-02
 2.97840e-03  1.13169e-02
 2.98176e-03  1.14682e-02
 2.84902e-03  1.13955e-02

 1.97049e-04  1.19550e-02
 1.79844e-04  1.21797e-02
 1.14389e-04  1.20432e-02
 2.65314e-04  1.20548e-02
 1.79844e-04  1.21797e-02

 5.91146e-04  1.19550e-02
 3.98864e-04  1.21644e-02
 4.31772e-04  1.20167e-02
 5.43270e-04  1.21190e-02
 3.98864e-04  1.21644e-02

 9.85243e-04  1.19550e-02
 7.07477e-04  1.21589e-02
 7.68362e-04  1.20203e-02
 8.57935e-04  1.21423e-02
 7.07477e-04  1.21589e-02

 1.37934e-03  1.19550e-02
 9.80496e-04  1.21499e-02
 1.06504e-03  1.20244e-02
 1.13150e-03  1.21604e-02
 9.80496e-04  1.21499e-02

 1.77344e-03  1.19550e-02
 1.27780e-03  1.21401e-02
 1.37412e-03  1.20234e-02
 1.42708e-03  1.21652e-02
 1.27780e-03  1.21401e-02

 2.16753e-03  1.19550e-02
 1.57362e-03  1.21273e-02
 1.67844e-03  1.20181e-02
 1.72061e-03  1.21635e-02
 1.57362e-03  1.21273e-02

 2.56163e-03  1.19550e-02
 1.88188e-03  1.21121e-02
 1.99256e-03  1.20089e-02
 2.02665e-03  1.21563e-02
 1.88188e-03  1.21121e-02

 2.95573e-03  1.19550e-02
 2.19852e-03  1.20945e-02
 2.31372e-03  1.19963e-02
 2.34114e-03  1.21452e-02
 2.19852e-03  1.20945e-02

 3.34983e-03  1.19550e-02
 2.52722e-03  1.20747e-02
 2.64604e-03  1.19809e-02
 2.66784e-03  1.21307e-02
 2.52722e-03  1.20747e-02

 1.98785e-04  1.25250e-02
 1.78687e-04  1.29126e-02
 1.09893e-04  1.27778e-02
 2.61057e-04  1.27856e-02
 1.78687e-04  1.29126e-02

 5.96354e-04  1.25250e-02
 3.69311e-04  1.29000e-02
 3.72453e-04  1.27487e-02
 5.01942e-04  1.28271e-02
 3.69311e-04  1.29000e-02

 9.93924e-04  1.25250e-02
 6.59335e-04  1.28889e-02
 6.92339e-04  1.27412e-02
 8.03770e-04  1.28437e-02
 6.59335e-04  1.28889e-02

 1.39149e-03  1.25250e-02
 9.09374e-04  1.28729e-02
 9.71381e-04  1.27349e-02
 1.05996e-03  1.28576e-02
 9.09374e-04  1.28729e-02

 1.78906e-03  1.25250e-02
 1.18788e-03  1.28527e-02
 1.26676e-03  1.27235e-02
 1.33920e-03  1.28564e-02
 1.18788e-03  1.28527e-02

 2.18663e-03  1.25250e-02
 1.46617e-03  1.28272e-02
 1.55777e-03  1.27067e-02
 1.61633e-03  1.28463e-02
 1.46617e-03  1.28272e-02

 2.58420e-03  1.25250e-02
 1.76024e-03  1.27970e-02
 1.86099e-03  1.26841e-02
 1.90844e-03  1.28278e-02
 1.76024e-03  1.27970e-02

 2.98177e-03  1.25250e-02
 2.06555e-03  1.27624e-02
 2.17346e-03  1.26562e-02
 2.21143e-03  1.28028e-02
 2.06555e-03  1.27624e-02

 3.37934e-03  1.25250e-02
 2.38630e-03  1.27238e-02
 2.49998e-03  1.26239e-02
 2.52969e-03  1.27723e-02
 2.38630e-03  1.27238e-02

 2.00521e-04  1.30950e-02
 1.79093e-04  1.37035e-02
 1.08069e-04  1.35698e-02
 2.59343e-04  1.35752e-02
 1.79093e-04  1.37035e-02

 6.01563e-04  1.30950e-02
 3.59527e-04  1.36962e-02
 3.38276e-04  1.35463e-02
 4.78691e-04  1.36029e-02
 3.59527e-04  1.36962e-02

 1.00260e-03  1.30950e-02
 6.43834e-04  1.36784e-02
 6.48038e-04  1.35271e-02
 7.76973e-04  1.36064e-02
 6.43834e-04  1.36784e-02

 1.40365e-03  1.30950e-02
 8.85645e-04  1.36531e-02
 9.19353e-04  1.35055e-02
 1.03030e-03  1.36085e-02
 8.85645e-04  1.36531e-02

 1.80469e-03  1.30950e-02
 1.15793e-03  1.36184e-02
 1.21221e-03  1.34772e-02
 1.30744e-03  1.35948e-02
 1.15793e-03  1.36184e-02

 2.20573e-03  1.30950e-02
 1.43065e-03  1.35756e-02
 1.50218e-03  1.34422e-02
 1.58195e-03  1.35708e-02
 1.43065e-03  1.35756e-02

 2.60677e-03  1.30950e-02
 1.72097e-03  1.35246e-02
 1.80589e-03  1.33993e-02
 1.87195e-03  1.35355e-02
 1.72097e-03  1.35246e-02

 3.00781e-03  1.30950e-02
 2.02415e-03  1.34667e-02
 2.12003e-03  1.33496e-02
 2.17353e-03  1.34912e-02
 2.02415e-03  1.34667e-02

 3.40885e-03  1.30950e-02
 2.34467e-03  1.34026e-02
 2.44958e-03  1.32935e-02
 2.49162e-03  1.34389e-02
 2.34467e-03  1.34026e-02

 2.02257e-04  1.36650e-02
 1.81289e-04  1.44741e-02
 1.09027e-04  1.43411e-02
 2.60343e-04  1.43450e-02
 1.81289e-04  1.44741e-02

 6.06771e-04  1.36650e-02
 3.69549e-04  1.44740e-02
 3.33810e-04  1.43269e-02
 4.79060e-04  1.43695e-02
 3.69549e-04  1.44740e-02

 1.01128e-03  1.36650e-02
 6.59122e-04  1.44504e-02
 6.43693e-04  1.42999e-02
 7.81812e-04  1.43618e-02
 6.59122e-04  1.44504e-02

 1.41580e-03  1.36650e-02
 9.06472e-04  1.44165e-02
 9.17363e-04  1.42656e-02
 1.04266e-03  1.43505e-02
 9.06472e-04  1.44165e-02

 1.82031e-03  1.36650e-02
 1.18406e-03  1.43675e-02
 1.21596e-03  1.42196e-02
 1.32816e-03  1.43212e-02
 1.18406e-03  1.43675e-02

 2.22483e-03  1.36650e-02
 1.46232e-03  1.43070e-02
 1.51384e-03  1.41647e-02
 1.61134e-03  1.42805e-02
 1.46232e-03  1.43070e-02

 2.62934e-03  1.36650e-02
 1.75853e-03  1.42351e-02
 1.82675e-03  1.41000e-02
 1.90966e-03  1.42266e-02
 1.75853e-03  1.42351e-02

 3.03385e-03  1.36650e-02
 2.06791e-03  1.41537e-02
 2.15071e-03  1.40270e-02
 2.21904e-03  1.41620e-02
 2.06791e-03  1.41537e-02

 3.43837e-03  1.36650e-02
 2.39507e-03  1.40642e-02
 2.49046e-03  1.39466e-02
 2.54455e-03  1.40880e-02
 2.39507e-03  1.40642e-02

 2.03993e-04  1.42350e-02
 1.84841e-04  1.52421e-02
 1.11663e-04  1.51096e-02
 2.63003e-04  1.51125e-02
 1.84841e-04  1.52421e-02

 6.11979e-04  1.42350e-02
 3.95328e-04  1.52488e-02
 3.48711e-04  1.51048e-02
 4.96736e-04  1.51364e-02
 3.95328e-04  1.52488e-02

 1.01997e-03  1.42350e-02
 6.98424e-04  1.52199e-02
 6.67162e-04  1.50718e-02
 8.11054e-04  1.51187e-02
 6.98424e-04  1.52199e-02

 1.42795e-03  1.42350e-02
 9.62332e-04  1.51774e-02
 9.52544e-04  1.50264e-02
 1.08825e-03  1.50934e-02
 9.62332e-04  1.51774e-02

 1.83594e-03  1.42350e-02
 1.25419e-03  1.51140e-02
 1.26342e-03  1.49629e-02
 1.38965e-03  1.50464e-02
 1.25419e-03  1.51140e-02

 2.24392e-03  1.42350e-02
 1.54670e-03  1.50356e-02
 1.57572e-03  1.48870e-02
 1.68986e-03  1.49864e-02
 1.54670e-03  1.50356e-02

 2.65191e-03  1.42350e-02
 1.85602e-03  1.49423e-02
 1.90373e-03  1.47987e-02
 2.00428e-03  1.49118e-02
 1.85602e-03  1.49423e-02

 3.05990e-03  1.42350e-02
 2.17773e-03  1.48371e-02
 2.24334e-03  1.47007e-02
 2.32867e-03  1.48257e-02
 2.17773e-03  1.48371e-02

 3.46788e-03  1.42350e-02
 2.51616e-03  1.47218e-02
 2.59841e-03  1.45947e-02
 2.66733e-03  1.47295e-02
 2.51616e-03  1.47218e-02

 2.05729e-04  1.48050e-02
 1.89592e-04  1.59790e-02
 1.15717e-04  1.58469e-02
 2.67070e-04  1.58490e-02
 1.89592e-04  1.59790e-02

 6.17187e-04  1.48050e-02
 4.34609e-04  1.59916e-02
 3.79742e-04  1.58505e-02
 5.29348e-04  1.58735e-02
 4.34609e-04  1.59916e-02

 1.02865e-03  1.48050e-02
 7.57858e-04  1.59583e-02
 7.14141e-04  1.58134e-02
 8.61501e-04  1.58480e-02
 7.57858e-04  1.59583e-02

 1.44010e-03  1.48050e-02
 1.04744e-03  1.59084e-02
 1.02009e-03  1.57595e-02
 1.16270e-03  1.58103e-02
 1.04744e-03  1.59084e-02

 1.85156e-03  1.48050e-02
 1.36085e-03  1.58323e-02
 1.34906e-03  1.56813e-02
 1.48564e-03  1.57466e-02
 1.36085e-03  1.58323e-02

 2.26302e-03  1.48050e-02
 1.67472e-03  1.57379e-02
 1.68063e-03  1.55866e-02
 1.80866e-03  1.56674e-02
 1.67472e-03  1.57379e-02

 2.67448e-03  1.48050e-02
 2.00307e-03  1.56254e-02
 2.02752e-03  1.54760e-02
 2.14466e-03  1.55719e-02
 2.00307e-03  1.56254e-02

 3.08594e-03  1.48050e-02
 2.34218e-03  1.54989e-02
 2.38641e-03  1.53541e-02
 2.48966e-03  1.54648e-02
 2.34218e-03  1.54989e-02

 3.49740e-03  1.48050e-02
 2.69568e-03  1.53605e-02
 2.76033e-03  1.52236e-02
 2.84654e-03  1.53480e-02
 2.69568e-03  1.53605e-02

 2.07465e-04  1.53750e-02
 1.95243e-04  1.66840e-02
 1.20787e-04  1.65522e-02
 2.72147e-04  1.65536e-02
 1.95243e-04  1.66840e-02

 6.22396e-04  1.53750e-02
 4.84168e-04  1.67011e-02
 4.22482e-04  1.65629e-02
 5.73033e-04  1.65786e-02
 4.84168e-04  1.67011e-02

 1.03733e-03  1.53750e-02
 8.32383e-04  1.66645e-02
 7.78214e-04  1.65232e-02
 9.27704e-04  1.65469e-02
 8.32383e-04  1.66645e-02

 1.45226e-03  1.53750e-02
 1.15454e-03  1.66084e-02
 1.11173e-03  1.64632e-02
 1.25887e-03  1.64987e-02
 1.15454e-03  1.66084e-02

 1.86719e-03  1.53750e-02
 1.49489e-03  1.65216e-02
 1.46338e-03  1.63736e-02
 1.60735e-03  1.64203e-02
 1.49489e-03  1.65216e-02

 2.28212e-03  1.53750e-02
 1.83548e-03  1.64137e-02
 1.81774e-03  1.62634e-02
 1.95679e-03  1.63232e-02
 1.83548e-03  1.64137e-02

 2.69705e-03  1.53750e-02
 2.18726e-03  1.62851e-02
 2.18529e-03  1.61337e-02
 2.31735e-03  1.62077e-02
 2.18726e-03  1.62851e-02

 3.11198e-03  1.53750e-02
 2.54738e-03  1.61404e-02
 2.56429e-03  1.59900e-02
 2.68610e-03  1.60798e-02
 2.54738e-03  1.61404e-02

 3.52691e-03  1.53750e-02
 2.91874e-03  1.59825e-02
 2.95800e-03  1.58363e-02
 3.06497e-03  1.59434e-02
 2.91874e-03  1.59825e-02

 2.09201e-04  1.59450e-02
 2.01557e-04  1.73462e-02
 1.26590e-04  1.72147e-02
 2.77955e-04  1.72155e-02
 2.01557e-04  1.73462e-02

 6.27604e-04  1.59450e-02
 5.41211e-04  1.73664e-02
 4.73620e-04  1.72310e-02
 6.24708e-04  1.72402e-02
 5.41211e-04  1.73664e-02

 1.04601e-03  1.59450e-02
 9.17807e-04  1.73277e-02
 8.54549e-04  1.71901e-02
 1.00527e-03  1.72041e-02
 9.17807e-04  1.73277e-02

 1.46441e-03  1.59450e-02
 1.27757e-03  1.72671e-02
 1.22097e-03  1.71267e-02
 1.37085e-03  1.71479e-02
 1.27757e-03  1.72671e-02

 1.88281e-03  1.59450e-02
 1.64878e-03  1.71725e-02
 1.59898e-03  1.70296e-02
 1.74767e-03  1.70579e-02
 1.64878e-03  1.71725e-02

 2.30122e-03  1.59450e-02
 2.02003e-03  1.70545e-02
 1.97887e-03  1.69089e-02
 2.12560e-03  1.69460e-02
 2.02003e-03  1.70545e-02

 2.71962e-03  1.59450e-02
 2.39846e-03  1.69137e-02
 2.36787e-03  1.67655e-02
 2.51155e-03  1.68131e-02
 2.39846e-03  1.69137e-02

 3.13802e-03  1.59450e-02
 2.78233e-03  1.67555e-02
 2.76571e-03  1.66050e-02
 2.90431e-03  1.66659e-02
 2.78233e-03  1.67555e-02

 3.55642e-03  1.59450e-02
 3.17356e-03  1.65829e-02
 3.17613e-03  1.64315e-02
 3.30591e-03  1.65094e-02
 3.17356e-03  1.65829e-02

 2.10937e-04  1.65150e-02
 2.08273e-04  1.79634e-02
 1.32831e-04  1.78322e-02
 2.84198e-04  1.78325e-02
 2.08273e-04  1.79634e-02

 6.32812e-04  1.65150e-02
 6.02826e-04  1.79852e-02
 5.29831e-04  1.78526e-02
 6.81167e-04  1.78557e-02
 6.02826e-04  1.79852e-02

 1.05469e-03  1.65150e-02
 1.00981e-03  1.79456e-02
 9.38273e-04  1.78122e-02
 1.08957e-03  1.78170e-02
 1.00981e-03  1.79456e-02

 1.47656e-03  1.65150e-02
 1.41034e-03  1.78824e-02
 1.34108e-03  1.77479e-02
 1.49227e-03  1.77552e-02
 1.41034e-03  1.78824e-02

 1.89844e-03  1.65150e-02
 1.81484e-03  1.77831e-02
 1.74794e-03  1.76473e-02
 1.89898e-03  1.76573e-02
 1.81484e-03  1.77831e-02

 2.32031e-03  1.65150e-02
 2.21926e-03  1.76589e-02
 2.15541e-03  1.75216e-02
 2.30619e-03  1.75350e-02
 2.21926e-03  1.76589e-02

 2.74219e-03  1.65150e-02
 2.62644e-03  1.75105e-02
 2.56640e-03  1.73716e-02
 2.71675e-03  1.73891e-02
 2.62644e-03  1.75105e-02

 3.16406e-03  1.65150e-02
 3.03582e-03  1.73437e-02
 2.98107e-03  1.72026e-02
 3.13066e-03  1.72258e-02
 3.03582e-03  1.73437e-02

 3.58594e-03  1.65150e-02
 3.44822e-03  1.71619e-02
 3.40149e-03  1.70180e-02
 3.54954e-03  1.70495e-02
 3.44822e-03  1.71619e-02

 2.12674e-04  1.70850e-02
 2.15158e-04  1.85328e-02
 1.39250e-04  1.84019e-02
 2.90617e-04  1.84016e-02
 2.15158e-04  1.85328e-02

 6.38021e-04  1.70850e-02
 6.66338e-04  1.85548e-02
 5.88143e-04  1.84252e-02
 7.39482e-04  1.84223e-02
 6.66338e-04  1.85548e-02

 1.06337e-03  1.70850e-02
 1.10453e-03  1.85155e-02
 1.02510e-03  1.83866e-02
 1.17641e-03  1.83823e-02
 1.10453e-03  1.85155e-02

 1.48872e-03  1.70850e-02
 1.54728e-03  1.84515e-02
 1.46605e-03  1.83238e-02
 1.61728e-03  1.83173e-02
 1.54728e-03  1.84515e-02

 1.91406e-03  1.70850e-02
 1.98620e-03  1.83507e-02
 1.90318e-03  1.82242e-02
 2.05430e-03  1.82155e-02
 1.98620e-03  1.83507e-02

 2.33941e-03  1.70850e-02
 2.42501e-03  1.82244e-02
 2.33972e-03  1.80994e-02
 2.49066e-03  1.80880e-02
 2.42501e-03  1.82244e-02

 2.76476e-03  1.70850e-02
 2.86193e-03  1.80734e-02
 2.77378e-03  1.79503e-02
 2.92442e-03  1.79355e-02
 2.86193e-03  1.80734e-02

 3.19010e-03  1.70850e-02
 3.29767e-03  1.79034e-02
 3.20555e-03  1.77833e-02
 3.35562e-03  1.77636e-02
 3.29767e-03  1.79034e-02

 3.61545e-03  1.70850e-02
 3.73185e-03  1.77185e-02
 3.63372e-03  1.76032e-02
 3.78259e-03  1.75759e-02
 3.73185e-03  1.77185e-02

 2.14410e-04  1.76550e-02
 2.21975e-04  1.90549e-02
 1.45584e-04  1.89242e-02
 2.96949e-04  1.89234e-02
 2.21975e-04  1.90549e-02

 6.43229e-04  1.76550e-02
 7.29077e-04  1.90757e-02
 6.45624e-04  1.89494e-02
 7.96716e-04  1.89402e-02
 7.29077e-04  1.90757e-02

 1.07205e-03  1.76550e-02
 1.19809e-03  1.90377e-02
 1.11082e-03  1.89140e-02
 1.26156e-03  1.89002e-02
 1.19809e-03  1.90377e-02

 1.50087e-03  1.76550e-02
 1.68280e-03  1.89747e-02
 1.58992e-03  1.88552e-02
 1.73987e-03  1.88345e-02
 1.68280e-03  1.89747e-02

 1.92969e-03  1.76550e-02
 2.15591e-03  1.88757e-02
 2.05760e-03  1.87606e-02
 2.20644e-03  1.87330e-02
 2.15591e-03  1.88757e-02

 2.35851e-03  1.76550e-02
 2.62894e-03  1.87514e-02
 2.52406e-03  1.86422e-02
 2.67103e-03  1.86060e-02
 2.62894e-03  1.87514e-02

 2.78733e-03  1.76550e-02
 3.09543e-03  1.86026e-02
 2.98293e-03  1.85014e-02
 3.12688e-03  1.84546e-02
 3.09543e-03  1.86026e-02

 3.21615e-03  1.76550e-02
 3.55735e-03  1.84354e-02
 3.43549e-03  1.83456e-02
 3.57418e-03  1.82849e-02
 3.55735e-03  1.84354e-02

 3.64497e-03  1.76550e-02
 4.01304e-03  1.82534e-02
 3.87990e-03  1.81814e-02
 4.00882e-03  1.81021e-02
 4.01304e-03  1.82534e-02

 2.16146e-04  1.82250e-02
 2.28510e-04  1.95325e-02
 1.51591e-04  1.94021e-02
 3.02951e-04  1.94007e-02
 2.28510e-04  1.95325e-02

 6.48438e-04  1.82250e-02
 7.88588e-04  1.95504e-02
 6.99539e-04  1.94280e-02
 8.50067e-04  1.94120e-02
 7.88588e-04  1.95504e-02

 1.08073e-03  1.82250e-02
 1.28697e-03  1.95146e-02
 1.19153e-03  1.93971e-02
 1.34100e-03  1.93732e-02
 1.28697e-03  1.95146e-02

 1.51302e-03  1.82250e-02
 1.81168e-03  1.94543e-02
 1.70719e-03  1.93448e-02
 1.85428e-03  1.93091e-02
 1.81168e-03  1.94543e-02

 1.94531e-03  1.82250e-02
 2.31742e-03  1.93602e-02
 2.20467e-03  1.92592e-02
 2.34850e-03  1.92120e-02
 2.31742e-03  1.93602e-02

 2.37760e-03  1.82250e-02
 2.82309e-03  1.92417e-02
 2.70116e-03  1.91520e-02
 2.83980e-03  1.90913e-02
 2.82309e-03  1.92417e-02

 2.80990e-03  1.82250e-02
 3.31773e-03  1.91002e-02
 3.18648e-03  1.90248e-02
 3.31740e-03  1.89488e-02
 3.31773e-03  1.91002e-02

 3.24219e-03  1.82250e-02
 3.80447e-03  1.89410e-02
 3.66399e-03  1.88847e-02
 3.78303e-03  1.87912e-02
 3.80447e-03  1.89410e-02

 3.67448e-03  1.82250e-02
 4.28044e-03  1.87680e-02
 4.13231e-03  1.87369e-02
 4.23333e-03  1.86242e-02
 4.28044e-03  1.87680e-02

 2.17882e-04  1.87950e-02
 2.34513e-04  1.99685e-02
 1.56980e-04  1.98385e-02
 3.08332e-04  1.98363e-02
 2.34513e-04  1.99685e-02

 6.53646e-04  1.87950e-02
 8.42105e-04  1.99819e-02
 7.46802e-04  1.98643e-02
 8.96296e-04  1.98406e-02
 8.42105e-04  1.99819e-02

 1.08941e-03  1.87950e-02
 1.36712e-03  1.99490e-02
 1.26286e-03  1.98393e-02
 1.41003e-03  1.98039e-02
 1.36712e-03  1.99490e-02

 1.52517e-03  1.87950e-02
 1.92798e-03  1.98932e-02
 1.81178e-03  1.97962e-02
 1.95389e-03  1.97440e-02
 1.92798e-03  1.98932e-02

 1.96094e-03  1.87950e-02
 2.46316e-03  1.98070e-02
 2.33709e-03  1.97233e-02
 2.47268e-03  1.96560e-02
 2.46316e-03  1.98070e-02

 2.39670e-03  1.87950e-02
 2.99822e-03  1.96984e-02
 2.86257e-03  1.96313e-02
 2.98857e-03  1.95474e-02
 2.99822e-03  1.96984e-02

 2.83247e-03  1.87950e-02
 3.51808e-03  1.95689e-02
 3.37451e-03  1.95210e-02
 3.48781e-03  1.94206e-02
 3.51808e-03  1.95689e-02

 3.26823e-03  1.87950e-02
 4.02696e-03  1.94234e-02
 3.87772e-03  1.93981e-02
 3.97427e-03  1.92815e-02
 4.02696e-03  1.94234e-02

 3.70399e-03  1.87950e-02
 4.52069e-03  1.92655e-02
 4.36933e-03  1.92656e-02
 4.44488e-03  1.91345e-02
 4.52069e-03  1.92655e-02

 2.19618e-04  1.93650e-02
 2.39788e-04  2.03720e-02
 1.61494e-04  2.02425e-02
 3.12831e-04  2.02395e-02
 2.39788e-04  2.03720e-02

 6.58854e-04  1.93650e-02
 8.87169e-04  2.03795e-02
 7.84549e-04  2.02682e-02
 9.32222e-04  2.02350e-02
 8.87169e-04  2.03795e-02

 1.09809e-03  1.93650e-02
 1.43483e-03  2.03501e-02
 1.32081e-03  2.02505e-02
 1.46404e-03  2.02016e-02
 1.43483e-03  2.03501e-02

 1.53733e-03  1.93650e-02
 2.02604e-03  2.02999e-02
 1.89824e-03  2.02188e-02
 2.03239e-03  2.01487e-02
 2.02604e-03  2.02999e-02

 1.97656e-03  1.93650e-02
 2.58585e-03  2.02242e-02
 2.44829e-03  2.01610e-02
 2.57176e-03  2.00734e-02
 2.58585e-03  2.02242e-02

 2.41580e-03  1.93650e-02
 3.14528e-03  2.01287e-02
 3.00001e-03  2.00862e-02
 3.10947e-03  1.99817e-02
 3.14528e-03  2.01287e-02

 2.85503e-03  1.93650e-02
 3.68581e-03  2.00153e-02
 3.53594e-03  1.99941e-02
 3.62923e-03  1.98749e-02
 3.68581e-03  2.00153e-02

 3.29427e-03  1.93650e-02
 4.21254e-03  1.98879e-02
 4.06117e-03  1.98888e-02
 4.13608e-03  1.97573e-02
 4.21254e-03  1.98879e-02

 3.73351e-03  1.93650e-02
 4.72050e-03  1.97501e-02
 4.57086e-03  1.97730e-02
 4.62589e-03  1.96320e-02
 4.72050e-03  1.97501e-02

 2.21354e-04  1.99350e-02
 2.43974e-04  2.07458e-02
 1.64664e-04  2.06169e-02
 3.15972e-04  2.06126e-02
 2.43974e-04  2.07458e-02

 6.64062e-04  1.99350e-02
 9.20069e-04  2.07461e-02
 8.08439e-04  2.06439e-02
 9.52787e-04  2.05983e-02
 9.20069e-04  2.07461e-02

 1.10677e-03  1.99350e-02
 1.48433e-03  2.07213e-02
 1.35936e-03  2.06359e-02
 1.49581e-03  2.05703e-02
 1.48433e-03  2.07213e-02

 1.54948e-03  1.99350e-02
 2.09734e-03  2.06786e-02
 1.95865e-03  2.06179e-02
 2.08051e-03  2.05282e-02
 2.09734e-03  2.06786e-02

 1.99219e-03  1.99350e-02
 2.67456e-03  2.06162e-02
 2.52832e-03  2.05772e-02
 2.63526e-03  2.04700e-02
 2.67456e-03  2.06162e-02

 2.43490e-03  1.99350e-02
 3.25099e-03  2.05376e-02
 3.10058e-03  2.05206e-02
 3.19049e-03  2.03988e-02
 3.25099e-03  2.05376e-02

 2.87760e-03  1.99350e-02
 3.80571e-03  2.04445e-02
 3.65438e-03  2.04478e-02
 3.72722e-03  2.03151e-02
 3.80571e-03  2.04445e-02

 3.32031e-03  1.99350e-02
 4.34446e-03  2.03402e-02
 4.19472e-03  2.03624e-02
 4.25042e-03  2.02216e-02
 4.34446e-03  2.03402e-02

 3.76302e-03  1.99350e-02
 4.86142e-03  2.02277e-02
 4.71526e-03  2.02671e-02
 4.75423e-03  2.01208e-02
 4.86142e-03  2.02277e-02

 2.23090e-04  2.05050e-02
 2.46937e-04  2.11120e-02
 1.66167e-04  2.09840e-02
 3.17417e-04  2.09781e-02
 2.46937e-04  2.11120e-02

 6.69271e-04  2.05050e-02
 9.38303e-04  2.11041e-02
 8.15559e-04  2.10155e-02
 9.53640e-04  2.09535e-02
 9.38303e-04  2.11041e-02

 1.11545e-03  2.05050e-02
 1.51122e-03  2.10842e-02
 1.37478e-03  2.10187e-02
 1.49976e-03  2.09333e-02
 1.51122e-03  2.10842e-02

 1.56163e-03  2.05050e-02
 2.13503e-03  2.10498e-02
 1.98786e-03  2.10144e-02
 2.09213e-03  2.09047e-02
 2.13503e-03  2.10498e-02

 2.00781e-03  2.05050e-02
 2.72040e-03  2.10020e-02
 2.56958e-03  2.09891e-02
 2.65618e-03  2.08650e-02
 2.72040e-03  2.10020e-02

 2.45399e-03  2.05050e-02
 3.30460e-03  2.09416e-02
 3.15342e-03  2.09491e-02
 3.22254e-03  2.08144e-02
 3.30460e-03  2.09416e-02

 2.90017e-03  2.05050e-02
 3.86521e-03  2.08705e-02
 3.71582e-03  2.08949e-02
 3.76943e-03  2.07533e-02
 3.86521e-03  2.08705e-02

 3.34635e-03  2.05050e-02
 4.40857e-03  2.07910e-02
 4.26232e-03  2.08300e-02
 4.30167e-03  2.06838e-02
 4.40857e-03  2.07910e-02

 3.79253e-03  2.05050e-02
 4.92847e-03  2.07055e-02
 4.78622e-03  2.07573e-02
 4.81253e-03  2.06082e-02
 4.92847e-03  2.07055e-02

 2.24826e-04  2.10750e-02
 2.47925e-04  2.14626e-02
 1.64578e-04  2.13363e-02
 3.15677e-04  2.13273e-02
 2.47925e-04  2.14626e-02

 6.74479e-04  2.10750e-02
 9.34951e-04  2.14489e-02
 7.97920e-04  2.13846e-02
 9.22121e-04  2.12981e-02
 9.34951e-04  2.14489e-02

 1.12413e-03  2.10750e-02
 1.50431e-03  2.14362e-02
 1.35715e-03  2.14008e-02
 1.46141e-03  2.12911e-02
 1.50431e-03  2.14362e-02

 1.57378e-03  2.10750e-02
 2.12344e-03  2.14128e-02
 1.97213e-03  2.14086e-02
 2.05138e-03  2.12797e-02
 2.12344e-03  2.14128e-02

 2.02344e-03  2.10750e-02
 2.70395e-03  2.13822e-02
 2.55333e-03  2.13973e-02
 2.61561e-03  2.12593e-02
 2.70395e-03  2.13822e-02

 2.47309e-03  2.10750e-02
 3.28336e-03  2.13430e-02
 3.13513e-03  2.13737e-02
 3.18267e-03  2.12300e-02
 3.28336e-03  2.13430e-02

 2.92274e-03  2.10750e-02
 3.83927e-03  2.12973e-02
 3.69404e-03  2.13400e-02
 3.72972e-03  2.11929e-02
 3.83927e-03  2.12973e-02

 3.37240e-03  2.10750e-02
 4.37823e-03  2.12461e-02
 4.23630e-03  2.12988e-02
 4.26169e-03  2.11495e-02
 4.37823e-03  2.12461e-02

 3.82205e-03  2.10750e-02
 4.89411e-03  2.11913e-02
 4.75562e-03  2.12524e-02
 4.77195e-03  2.11019e-02
 4.89411e-03  2.11913e-02

 2.26562e-04  2.16450e-02
 2.47173e-04  2.18560e-02
 1.59104e-04  2.17329e-02
 3.09754e-04  2.17182e-02
 2.47173e-04  2.18560e-02

 6.79687e-04  2.16450e-02
 9.08797e-04  2.18380e-02
 7.59781e-04  2.18114e-02
 8.57303e-04  2.16957e-02
 9.08797e-04  2.18380e-02

 1.13281e-03  2.16450e-02
 1.45964e-03  2.18317e-02
 1.30827e-03  2.18324e-02
 1.38337e-03  2.17010e-02
 1.45964e-03  2.18317e-02

 1.58594e-03  2.16450e-02
 2.05701e-03  2.18172e-02
 1.90790e-03  2.18433e-02
 1.95987e-03  2.17011e-02
 2.05701e-03  2.18172e-02

 2.03906e-03  2.16450e-02
 2.61846e-03  2.18004e-02
 2.47224e-03  2.18396e-02
 2.51146e-03  2.16934e-02
 2.61846e-03  2.18004e-02

 2.49219e-03  2.16450e-02
 3.17986e-03  2.17781e-02
 3.03677e-03  2.18275e-02
 3.06554e-03  2.16789e-02
 3.17986e-03  2.17781e-02

 2.94531e-03  2.16450e-02
 3.72008e-03  2.17525e-02
 3.57984e-03  2.18095e-02
 3.60065e-03  2.16595e-02
 3.72008e-03  2.17525e-02

 3.39844e-03  2.16450e-02
 4.24541e-03  2.17238e-02
 4.10788e-03  2.17870e-02
 4.12189e-03  2.16363e-02
 4.24541e-03  2.17238e-02

 3.85156e-03  2.16450e-02
 4.75038e-03  2.16932e-02
 4.61543e-03  2.17618e-02
 4.62353e-03  2.16106e-02
 4.75038e-03  2.16932e-02

 2.28299e-04  2.22150e-02
 2.42629e-04  2.22332e-02
 1.02056e-04  2.21771e-02
 2.20958e-04  2.20834e-02
 2.42629e-04  2.22332e-02

 6.84896e-04  2.22150e-02
 8.22935e-04  2.22311e-02
 6.83970e-04  2.22911e-02
 7.01485e-04  2.21407e-02
 8.22935e-04  2.22311e-02

 1.14149e-03  2.22150e-02
 1.33488e-03  2.22308e-02
 1.19805e-03  2.22956e-02
 1.21041e-03  2.21447e-02
 1.33488e-03  2.22308e-02

 1.59809e-03  2.22150e-02
 1.87524e-03  2.22295e-02
 1.74039e-03  2.22982e-02
 1.74827e-03  2.21470e-02
 1.87524e-03  2.22295e-02

 2.05469e-03  2.22150e-02
 2.39347e-03  2.22281e-02
 2.25956e-03  2.22986e-02
 2.26540e-03  2.21474e-02
 2.39347e-03  2.22281e-02

 2.51128e-03  2.22150e-02
 2.91195e-03  2.22261e-02
 2.77881e-03  2.22981e-02
 2.78300e-03  2.21468e-02
 2.91195e-03  2.22261e-02

 2.96788e-03  2.22150e-02
 3.41756e-03  2.22239e-02
 3.28500e-03  2.22970e-02
 3.28800e-03  2.21456e-02
 3.41756e-03  2.22239e-02

 3.42448e-03  2.22150e-02
 3.91436e-03  2.22214e-02
 3.78230e-03  2.22954e-02
 3.78428e-03  2.21440e-02
 3.91436e-03  2.22214e-02

 3.88108e-03  2.22150e-02
 4.39900e-03  2.22188e-02
 4.26737e-03  2.22935e-02
 4.26847e-03  2.21421e-02
 4.39900e-03  2.22188e-02

 3.76510e-03  1.13850e-02
 3.25795e-03  1.13934e-02
 3.38776e-03  1.13156e-02
 3.39027e-03  1.14669e-02
 3.25795e-03  1.13934e-02

 4.26406e-03  1.13850e-02
 3.72870e-03  1.13908e-02
 3.85895e-03  1.13137e-02
 3.86061e-03  1.14651e-02
 3.72870e-03  1.13908e-02

 4.76302e-03  1.13850e-02
 4.21206e-03  1.13881e-02
 4.34271e-03  1.13117e-02
 4.34358e-03  1.14631e-02
 4.21206e-03  1.13881e-02

 5.26198e-03  1.13850e-02
 4.70860e-03  1.13854e-02
 4.83964e-03  1.13096e-02
 4.83974e-03  1.14610e-02
 4.70860e-03  1.13854e-02

 5.76094e-03  1.13850e-02
 5.21838e-03  1.13826e-02
 5.34979e-03  1.13075e-02
 5.34913e-03  1.14589e-02
 5.21838e-03  1.13826e-02

 6.25990e-03  1.13850e-02
 5.74099e-03  1.13800e-02
 5.87280e-03  1.13056e-02
 5.87134e-03  1.14569e-02
 5.74099e-03  1.13800e-02

 6.75885e-03  1.13850e-02
 6.27569e-03  1.13776e-02
 6.40793e-03  1.13039e-02
 6.40560e-03  1.14553e-02
 6.27569e-03  1.13776e-02

 7.25781e-03  1.13850e-02
 6.82096e-03  1.13755e-02
 6.95367e-03  1.13027e-02
 6.95036e-03  1.14540e-02
 6.82096e-03  1.13755e-02

 7.75677e-03  1.13850e-02
 7.37544e-03  1.13738e-02
 7.50870e-03  1.13020e-02
 7.50424e-03  1.14533e-02
 7.37544e-03  1.13738e-02

 8.25573e-03  1.13850e-02
 7.93589e-03  1.13726e-02
 8.06981e-03  1.13020e-02
 8.06394e-03  1.14533e-02
 7.93589e-03  1.13726e-02

 8.75469e-03  1.13850e-02
 8.50156e-03  1.13720e-02
 8.63637e-03  1.13031e-02
 8.62859e-03  1.14543e-02
 8.50156e-03  1.13720e-02

 9.25365e-03  1.13850e-02
 9.06538e-03  1.13721e-02
 9.20134e-03  1.13055e-02
 9.19098e-03  1.14566e-02
 9.06538e-03  1.13721e-02

 9.75260e-03  1.13850e-02
 9.63202e-03  1.13728e-02
 9.77005e-03  1.13107e-02
 9.75484e-03  1.14613e-02
 9.63202e-03  1.13728e-02

 1.02516e-02  1.13850e-02
 1.01817e-02  1.13745e-02
 1.03226e-02  1.13191e-02
 1.03001e-02  1.14688e-02
 1.01817e-02  1.13745e-02

 1.07505e-02  1.13850e-02
 1.07434e-02  1.13768e-02
 1.08865e-02  1.14259e-02
 1.07724e-02  1.15253e-02
 1.07434e-02  1.13768e-02

 3.79531e-03  1.19550e-02
 2.91315e-03  1.20500e-02
 3.03538e-03  1.19607e-02
 3.05158e-03  1.21112e-02
 2.91315e-03  1.20500e-02

 4.29219e-03  1.19550e-02
 3.36423e-03  1.20199e-02
 3.48972e-03  1.19353e-02
 3.50028e-03  1.20863e-02
 3.36423e-03  1.20199e-02

 4.78906e-03  1.19550e-02
 3.83765e-03  1.19884e-02
 3.96600e-03  1.19081e-02
 3.97131e-03  1.20594e-02
 3.83765e-03  1.19884e-02

 5.28594e-03  1.19550e-02
 4.33399e-03  1.19561e-02
 4.46499e-03  1.18803e-02
 4.46517e-03  1.20317e-02
 4.33399e-03  1.19561e-02

 5.78281e-03  1.19550e-02
 4.85304e-03  1.19242e-02
 4.98656e-03  1.18529e-02
 4.98155e-03  1.20042e-02
 4.85304e-03  1.19242e-02

 6.27969e-03  1.19550e-02
 5.39412e-03  1.18936e-02
 5.53012e-03  1.18272e-02
 5.51966e-03  1.19782e-02
 5.39412e-03  1.18936e-02

 6.77656e-03  1.19550e-02
 5.95570e-03  1.18656e-02
 6.09421e-03  1.18045e-02
 6.07782e-03  1.19550e-02
 5.95570e-03  1.18656e-02

 7.27344e-03  1.19550e-02
 6.53515e-03  1.18413e-02
 6.67623e-03  1.17864e-02
 6.65318e-03  1.19360e-02
 6.53515e-03  1.18413e-02

 7.77031e-03  1.19550e-02
 7.12990e-03  1.18219e-02
 7.27365e-03  1.17744e-02
 7.24284e-03  1.19226e-02
 7.12990e-03  1.18219e-02

 8.26719e-03  1.19550e-02
 7.73449e-03  1.18085e-02
 7.88096e-03  1.17703e-02
 7.84081e-03  1.19162e-02
 7.73449e-03  1.18085e-02

 8.76406e-03  1.19550e-02
 8.34721e-03  1.18019e-02
 8.49635e-03  1.17761e-02
 8.44417e-03  1.19181e-02
 8.34721e-03  1.18019e-02

 9.26094e-03  1.19550e-02
 8.95621e-03  1.18034e-02
 9.10729e-03  1.17940e-02
 9.03987e-03  1.19295e-02
 8.95621e-03  1.18034e-02

 9.75781e-03  1.19550e-02
 9.56767e-03  1.18130e-02
 9.71799e-03  1.18308e-02
 9.62742e-03  1.19521e-02
 9.56767e-03  1.18130e-02

 1.02547e-02  1.19550e-02
 1.01494e-02  1.18333e-02
 1.02924e-02  1.18829e-02
 1.01779e-02  1.19820e-02
 1.01494e-02  1.18333e-02

 1.07516e-02  1.19550e-02
 1.07425e-02  1.18748e-02
 1.08324e-02  1.19965e-02
 1.06820e-02  1.20136e-02
 1.07425e-02  1.18748e-02

 3.82552e-03  1.25250e-02
 2.76459e-03  1.26767e-02
 2.88365e-03  1.25832e-02
 2.90507e-03  1.27331e-02
 2.76459e-03  1.26767e-02

 4.32031e-03  1.25250e-02
 3.20928e-03  1.26209e-02
 3.33337e-03  1.25342e-02
 3.34639e-03  1.26851e-02
 3.20928e-03  1.26209e-02

 4.81510e-03  1.25250e-02
 3.68084e-03  1.25630e-02
 3.80932e-03  1.24829e-02
 3.81438e-03  1.26342e-02
 3.68084e-03  1.25630e-02

 5.30990e-03  1.25250e-02
 4.17956e-03  1.25043e-02
 4.31201e-03  1.24310e-02
 4.30924e-03  1.25824e-02
 4.17956e-03  1.25043e-02

 5.80469e-03  1.25250e-02
 4.70516e-03  1.24467e-02
 4.84129e-03  1.23806e-02
 4.83054e-03  1.25315e-02
 4.70516e-03  1.24467e-02

 6.29948e-03  1.25250e-02
 5.25626e-03  1.23921e-02
 5.39586e-03  1.23336e-02
 5.37673e-03  1.24838e-02
 5.25626e-03  1.23921e-02

 6.79427e-03  1.25250e-02
 5.83097e-03  1.23425e-02
 5.97386e-03  1.22925e-02
 5.94568e-03  1.24412e-02
 5.83097e-03  1.23425e-02

 7.28906e-03  1.25250e-02
 6.42597e-03  1.22999e-02
 6.57191e-03  1.22597e-02
 6.53371e-03  1.24062e-02
 6.42597e-03  1.22999e-02

 7.78385e-03  1.25250e-02
 7.03812e-03  1.22664e-02
 7.18677e-03  1.22379e-02
 7.13718e-03  1.23809e-02
 7.03812e-03  1.22664e-02

 8.27865e-03  1.25250e-02
 7.66117e-03  1.22441e-02
 7.81183e-03  1.22295e-02
 7.74916e-03  1.23673e-02
 7.66117e-03  1.22441e-02

 8.77344e-03  1.25250e-02
 8.29262e-03  1.22349e-02
 8.44396e-03  1.22378e-02
 8.36576e-03  1.23674e-02
 8.29262e-03  1.22349e-02

 9.26823e-03  1.25250e-02
 8.91940e-03  1.22406e-02
 9.06883e-03  1.22648e-02
 8.97317e-03  1.23821e-02
 8.91940e-03  1.22406e-02

 9.76302e-03  1.25250e-02
 9.54697e-03  1.22632e-02
 9.68877e-03  1.23161e-02
 9.57202e-03  1.24125e-02
 9.54697e-03  1.22632e-02

 1.02578e-02  1.25250e-02
 1.01404e-02  1.23058e-02
 1.02690e-02  1.23856e-02
 1.01356e-02  1.24571e-02
 1.01404e-02  1.23058e-02

 1.07526e-02  1.25250e-02
 1.07425e-02  1.23871e-02
 1.08276e-02  1.25123e-02
 1.06766e-02  1.25234e-02
 1.07425e-02  1.23871e-02

 3.85573e-03  1.30950e-02
 2.72199e-03  1.33256e-02
 2.83536e-03  1.32253e-02
 2.86553e-03  1.33737e-02
 2.72199e-03  1.33256e-02

 4.34844e-03  1.30950e-02
 3.16520e-03  1.32358e-02
 3.28643e-03  1.31451e-02
 3.30431e-03  1.32954e-02
 3.16520e-03  1.32358e-02

 4.84115e-03  1.30950e-02
 3.63725e-03  1.31430e-02
 3.76522e-03  1.30622e-02
 3.77125e-03  1.32134e-02
 3.63725e-03  1.31430e-02

 5.33385e-03  1.30950e-02
 4.13806e-03  1.30498e-02
 4.27191e-03  1.29791e-02
 4.26619e-03  1.31304e-02
 4.13806e-03  1.30498e-02

 5.82656e-03  1.30950e-02
 4.66709e-03  1.29589e-02
 4.80611e-03  1.28990e-02
 4.78846e-03  1.30493e-02
 4.66709e-03  1.29589e-02

 6.31927e-03  1.30950e-02
 5.22262e-03  1.28731e-02
 5.36611e-03  1.28249e-02
 5.33609e-03  1.29733e-02
 5.22262e-03  1.28731e-02

 6.81198e-03  1.30950e-02
 5.80259e-03  1.27956e-02
 5.94978e-03  1.27604e-02
 5.90675e-03  1.29055e-02
 5.80259e-03  1.27956e-02

 7.30469e-03  1.30950e-02
 6.40330e-03  1.27297e-02
 6.55321e-03  1.27088e-02
 6.49636e-03  1.28491e-02
 6.40330e-03  1.27297e-02

 7.79740e-03  1.30950e-02
 7.02141e-03  1.26784e-02
 7.17271e-03  1.26737e-02
 7.10111e-03  1.28071e-02
 7.02141e-03  1.26784e-02

 8.29010e-03  1.30950e-02
 7.65022e-03  1.26449e-02
 7.80098e-03  1.26584e-02
 7.71389e-03  1.27822e-02
 7.65022e-03  1.26449e-02

 8.78281e-03  1.30950e-02
 8.28694e-03  1.26322e-02
 8.43442e-03  1.26664e-02
 8.33114e-03  1.27770e-02
 8.28694e-03  1.26322e-02

 9.27552e-03  1.30950e-02
 8.91811e-03  1.26434e-02
 9.05881e-03  1.26993e-02
 8.94012e-03  1.27932e-02
 8.91811e-03  1.26434e-02

 9.76823e-03  1.30950e-02
 9.54848e-03  1.26823e-02
 9.67689e-03  1.27624e-02
 9.54328e-03  1.28335e-02
 9.54848e-03  1.26823e-02

 1.02609e-02  1.30950e-02
 1.01430e-02  1.27520e-02
 1.02572e-02  1.28514e-02
 1.01141e-02  1.29006e-02
 1.01430e-02  1.27520e-02

 1.07536e-02  1.30950e-02
 1.07436e-02  1.28840e-02
 1.08254e-02  1.30114e-02
 1.06742e-02  1.30186e-02
 1.07436e-02  1.28840e-02

 3.88594e-03  1.36650e-02
 2.77725e-03  1.39580e-02
 2.88465e-03  1.38513e-02
 2.92332e-03  1.39977e-02
 2.77725e-03  1.39580e-02

 4.37656e-03  1.36650e-02
 3.22300e-03  1.38358e-02
 3.34158e-03  1.37418e-02
 3.36376e-03  1.38915e-02
 3.22300e-03  1.38358e-02

 4.86719e-03  1.36650e-02
 3.69689e-03  1.37106e-02
 3.82494e-03  1.36299e-02
 3.83083e-03  1.37811e-02
 3.69689e-03  1.37106e-02

 5.35781e-03  1.36650e-02
 4.19857e-03  1.35855e-02
 4.33452e-03  1.35190e-02
 4.32417e-03  1.36700e-02
 4.19857e-03  1.35855e-02

 5.84844e-03  1.36650e-02
 4.72741e-03  1.34643e-02
 4.86979e-03  1.34129e-02
 4.84311e-03  1.35619e-02
 4.72741e-03  1.34643e-02

 6.33906e-03  1.36650e-02
 5.28146e-03  1.33506e-02
 5.42868e-03  1.33154e-02
 5.38555e-03  1.34605e-02
 5.28146e-03  1.33506e-02

 6.82969e-03  1.36650e-02
 5.85859e-03  1.32485e-02
 6.00890e-03  1.32306e-02
 5.94924e-03  1.33698e-02
 5.85859e-03  1.32485e-02

 7.32031e-03  1.36650e-02
 6.45517e-03  1.31622e-02
 6.60654e-03  1.31626e-02
 6.53048e-03  1.32935e-02
 6.45517e-03  1.31622e-02

 7.81094e-03  1.36650e-02
 7.06788e-03  1.30958e-02
 7.21797e-03  1.31155e-02
 7.12593e-03  1.32356e-02
 7.06788e-03  1.30958e-02

 8.30156e-03  1.36650e-02
 7.69037e-03  1.30535e-02
 7.83656e-03  1.30927e-02
 7.72950e-03  1.31997e-02
 7.69037e-03  1.30535e-02

 8.79219e-03  1.36650e-02
 8.31974e-03  1.30395e-02
 8.45914e-03  1.30985e-02
 8.33836e-03  1.31897e-02
 8.31974e-03  1.30395e-02

 9.28281e-03  1.36650e-02
 8.94325e-03  1.30577e-02
 9.07328e-03  1.31352e-02
 8.94117e-03  1.32090e-02
 8.94325e-03  1.30577e-02

 9.77344e-03  1.36650e-02
 9.56519e-03  1.31138e-02
 9.68232e-03  1.32096e-02
 9.54072e-03  1.32631e-02
 9.56519e-03  1.31138e-02

 1.02641e-02  1.36650e-02
 1.01525e-02  1.32107e-02
 1.02573e-02  1.33200e-02
 1.01103e-02  1.33561e-02
 1.01525e-02  1.32107e-02

 1.07547e-02  1.36650e-02
 1.07452e-02  1.33894e-02
 1.08253e-02  1.35178e-02
 1.06741e-02  1.35230e-02
 1.07452e-02  1.33894e-02

 3.91615e-03  1.42350e-02
 2.90683e-03  1.45866e-02
 3.00572e-03  1.44720e-02
 3.05552e-03  1.46150e-02
 2.90683e-03  1.45866e-02

 4.40469e-03  1.42350e-02
 3.35708e-03  1.44328e-02
 3.47184e-03  1.43341e-02
 3.49993e-03  1.44829e-02
 3.35708e-03  1.44328e-02

 4.89323e-03  1.42350e-02
 3.83283e-03  1.42760e-02
 3.96090e-03  1.41953e-02
 3.96674e-03  1.43465e-02
 3.83283e-03  1.42760e-02

 5.38177e-03  1.42350e-02
 4.33363e-03  1.41201e-02
 4.47218e-03  1.40592e-02
 4.45569e-03  1.42096e-02
 4.33363e-03  1.41201e-02

 5.87031e-03  1.42350e-02
 4.85873e-03  1.39697e-02
 5.00473e-03  1.39297e-02
 4.96632e-03  1.40761e-02
 4.85873e-03  1.39697e-02

 6.35885e-03  1.42350e-02
 5.40630e-03  1.38293e-02
 5.55656e-03  1.38110e-02
 5.49725e-03  1.39503e-02
 5.40630e-03  1.38293e-02

 6.84740e-03  1.42350e-02
 5.97424e-03  1.37039e-02
 6.12556e-03  1.37073e-02
 6.04690e-03  1.38367e-02
 5.97424e-03  1.37039e-02

 7.33594e-03  1.42350e-02
 6.55927e-03  1.35984e-02
 6.70863e-03  1.36229e-02
 6.61268e-03  1.37400e-02
 6.55927e-03  1.35984e-02

 7.82448e-03  1.42350e-02
 7.15837e-03  1.35179e-02
 7.30304e-03  1.35625e-02
 7.19214e-03  1.36655e-02
 7.15837e-03  1.35179e-02

 8.31302e-03  1.42350e-02
 7.76584e-03  1.34675e-02
 7.90357e-03  1.35303e-02
 7.78032e-03  1.36182e-02
 7.76584e-03  1.34675e-02

 8.80156e-03  1.42350e-02
 8.37907e-03  1.34526e-02
 8.50795e-03  1.35320e-02
 8.37476e-03  1.36039e-02
 8.37907e-03  1.34526e-02

 9.29010e-03  1.42350e-02
 8.98675e-03  1.34778e-02
 9.10575e-03  1.35713e-02
 8.96524e-03  1.36276e-02
 8.98675e-03  1.34778e-02

 9.77865e-03  1.42350e-02
 9.59271e-03  1.35504e-02
 9.70010e-03  1.36570e-02
 9.55403e-03  1.36967e-02
 9.59271e-03  1.35504e-02

 1.02672e-02  1.42350e-02
 1.01676e-02  1.36730e-02
 1.02650e-02  1.37889e-02
 1.01159e-02  1.38153e-02
 1.01676e-02  1.36730e-02

 1.07557e-02  1.42350e-02
 1.07472e-02  1.38963e-02
 1.08262e-02  1.40254e-02
 1.06749e-02  1.40292e-02
 1.07472e-02  1.38963e-02

 3.94635e-03  1.48050e-02
 3.09756e-03  1.52000e-02
 3.18448e-03  1.50761e-02
 3.24834e-03  1.52133e-02
 3.09756e-03  1.52000e-02

 4.43281e-03  1.48050e-02
 3.55367e-03  1.50192e-02
 3.66312e-03  1.49146e-02
 3.69895e-03  1.50617e-02
 3.55367e-03  1.50192e-02

 4.91927e-03  1.48050e-02
 4.03105e-03  1.48356e-02
 4.15946e-03  1.47554e-02
 4.16466e-03  1.49067e-02
 4.03105e-03  1.48356e-02

 5.40573e-03  1.48050e-02
 4.52947e-03  1.46540e-02
 4.67150e-03  1.46016e-02
 4.64579e-03  1.47508e-02
 4.52947e-03  1.46540e-02

 5.89219e-03  1.48050e-02
 5.04786e-03  1.44794e-02
 5.19740e-03  1.44559e-02
 5.14294e-03  1.45972e-02
 5.04786e-03  1.44794e-02

 6.37865e-03  1.48050e-02
 5.58473e-03  1.43171e-02
 5.73604e-03  1.43213e-02
 5.65679e-03  1.44502e-02
 5.58473e-03  1.43171e-02

 6.86510e-03  1.48050e-02
 6.13826e-03  1.41728e-02
 6.28683e-03  1.42017e-02
 6.18749e-03  1.43159e-02
 6.13826e-03  1.41728e-02

 7.35156e-03  1.48050e-02
 6.70567e-03  1.40519e-02
 6.84846e-03  1.41021e-02
 6.73356e-03  1.42007e-02
 6.70567e-03  1.40519e-02

 7.83802e-03  1.48050e-02
 7.28441e-03  1.39604e-02
 7.41957e-03  1.40286e-02
 7.29298e-03  1.41116e-02
 7.28441e-03  1.39604e-02

 8.32448e-03  1.48050e-02
 7.86983e-03  1.39040e-02
 7.99645e-03  1.39869e-02
 7.86131e-03  1.40551e-02
 7.86983e-03  1.39040e-02

 8.81094e-03  1.48050e-02
 8.45978e-03  1.38890e-02
 8.57737e-03  1.39843e-02
 8.43604e-03  1.40385e-02
 8.45978e-03  1.38890e-02

 9.29740e-03  1.48050e-02
 9.04502e-03  1.39206e-02
 9.15377e-03  1.40259e-02
 9.00822e-03  1.40675e-02
 9.04502e-03  1.39206e-02

 9.78385e-03  1.48050e-02
 9.62885e-03  1.40077e-02
 9.72816e-03  1.41219e-02
 9.57957e-03  1.41508e-02
 9.62885e-03  1.40077e-02

 1.02703e-02  1.48050e-02
 1.01870e-02  1.41522e-02
 1.02787e-02  1.42727e-02
 1.01285e-02  1.42918e-02
 1.01870e-02  1.41522e-02

 1.07568e-02  1.48050e-02
 1.07497e-02  1.44130e-02
 1.08277e-02  1.45427e-02
 1.06764e-02  1.45454e-02
 1.07497e-02  1.44130e-02

 3.97656e-03  1.53750e-02
 3.33360e-03  1.58010e-02
 3.40108e-03  1.56655e-02
 3.48468e-03  1.57917e-02
 3.33360e-03  1.58010e-02

 4.46094e-03  1.53750e-02
 3.79625e-03  1.55984e-02
 3.89640e-03  1.54849e-02
 3.94461e-03  1.56283e-02
 3.79625e-03  1.55984e-02

 4.94531e-03  1.53750e-02
 4.27506e-03  1.53933e-02
 4.40403e-03  1.53141e-02
 4.40817e-03  1.54654e-02
 4.27506e-03  1.53933e-02

 5.42969e-03  1.53750e-02
 4.76961e-03  1.51913e-02
 4.91620e-03  1.51535e-02
 4.87560e-03  1.52993e-02
 4.76961e-03  1.51913e-02

 5.91406e-03  1.53750e-02
 5.27914e-03  1.49977e-02
 5.43049e-03  1.49996e-02
 5.35316e-03  1.51297e-02
 5.27914e-03  1.49977e-02

 6.39844e-03  1.53750e-02
 5.80236e-03  1.48183e-02
 5.94982e-03  1.48525e-02
 5.84651e-03  1.49631e-02
 5.80236e-03  1.48183e-02

 6.88281e-03  1.53750e-02
 6.33781e-03  1.46593e-02
 6.47744e-03  1.47178e-02
 6.35702e-03  1.48095e-02
 6.33781e-03  1.46593e-02

 7.36719e-03  1.53750e-02
 6.88336e-03  1.45267e-02
 7.01405e-03  1.46031e-02
 6.88256e-03  1.46781e-02
 6.88336e-03  1.45267e-02

 7.85156e-03  1.53750e-02
 7.43706e-03  1.44270e-02
 7.55892e-03  1.45168e-02
 7.42023e-03  1.45774e-02
 7.43706e-03  1.44270e-02

 8.33594e-03  1.53750e-02
 7.99550e-03  1.43661e-02
 8.10912e-03  1.44661e-02
 7.96570e-03  1.45145e-02
 7.99550e-03  1.43661e-02

 8.82031e-03  1.53750e-02
 8.55714e-03  1.43514e-02
 8.66308e-03  1.44595e-02
 8.51648e-03  1.44972e-02
 8.55714e-03  1.43514e-02

 9.30469e-03  1.53750e-02
 9.11521e-03  1.43882e-02
 9.21426e-03  1.45027e-02
 9.06561e-03  1.45312e-02
 9.11521e-03  1.43882e-02

 9.78906e-03  1.53750e-02
 9.67232e-03  1.44867e-02
 9.76444e-03  1.46068e-02
 9.61436e-03  1.46265e-02
 9.67232e-03  1.44867e-02

 1.02734e-02  1.53750e-02
 1.02105e-02  1.46482e-02
 1.02972e-02  1.47723e-02
 1.01464e-02  1.47853e-02
 1.02105e-02  1.46482e-02

 1.07578e-02  1.53750e-02
 1.07524e-02  1.49391e-02
 1.08297e-02  1.50693e-02
 1.06784e-02  1.50711e-02
 1.07524e-02  1.49391e-02

 4.00677e-03  1.59450e-02
 3.60273e-03  1.63863e-02
 3.63544e-03  1.62385e-02
 3.74708e-03  1.63407e-02
 3.60273e-03  1.63863e-02

 4.48906e-03  1.59450e-02
 4.07246e-03  1.61686e-02
 4.15218e-03  1.60399e-02
 4.22376e-03  1.61733e-02
 4.07246e-03  1.61686e-02

 4.97135e-03  1.59450e-02
 4.55250e-03  1.59490e-02
 4.68286e-03  1.58721e-02
 4.68430e-03  1.60234e-02
 4.55250e-03  1.59490e-02

 5.45365e-03  1.59450e-02
 5.04245e-03  1.57332e-02
 5.19364e-03  1.57259e-02
 5.12433e-03  1.58605e-02
 5.04245e-03  1.57332e-02

 5.93594e-03  1.59450e-02
 5.54168e-03  1.55271e-02
 5.68669e-03  1.55705e-02
 5.57658e-03  1.56744e-02
 5.54168e-03  1.55271e-02

 6.41823e-03  1.59450e-02
 6.04927e-03  1.53368e-02
 6.18197e-03  1.54096e-02
 6.05255e-03  1.54881e-02
 6.04927e-03  1.53368e-02

 6.90052e-03  1.59450e-02
 6.56417e-03  1.51686e-02
 6.68572e-03  1.52588e-02
 6.54683e-03  1.53189e-02
 6.56417e-03  1.51686e-02

 7.38281e-03  1.59450e-02
 7.08497e-03  1.50289e-02
 7.19747e-03  1.51301e-02
 7.05352e-03  1.51769e-02
 7.08497e-03  1.50289e-02

 7.86510e-03  1.59450e-02
 7.61040e-03  1.49243e-02
 7.71557e-03  1.50331e-02
 7.56870e-03  1.50698e-02
 7.61040e-03  1.49243e-02

 8.34740e-03  1.59450e-02
 8.13841e-03  1.48612e-02
 8.23755e-03  1.49756e-02
 8.08892e-03  1.50043e-02
 8.13841e-03  1.48612e-02

 8.82969e-03  1.59450e-02
 8.66807e-03  1.48472e-02
 8.76204e-03  1.49659e-02
 8.61228e-03  1.49879e-02
 8.66807e-03  1.48472e-02

 9.31198e-03  1.59450e-02
 9.19544e-03  1.48879e-02
 9.28503e-03  1.50099e-02
 9.13458e-03  1.50265e-02
 9.19544e-03  1.48879e-02

 9.79427e-03  1.59450e-02
 9.72217e-03  1.49942e-02
 9.80755e-03  1.51192e-02
 9.65662e-03  1.51306e-02
 9.72217e-03  1.49942e-02

 1.02766e-02  1.59450e-02
 1.02375e-02  1.51670e-02
 1.03197e-02  1.52942e-02
 1.01685e-02  1.53018e-02
 1.02375e-02  1.51670e-02

 1.07589e-02  1.59450e-02
 1.07555e-02  1.54785e-02
 1.08321e-02  1.56090e-02
 1.06808e-02  1.56101e-02
 1.07555e-02  1.54785e-02

 4.03698e-03  1.65150e-02
 3.89245e-03  1.69565e-02
 3.86130e-03  1.68084e-02
 4.00516e-03  1.68555e-02
 3.89245e-03  1.69565e-02

 4.51719e-03  1.65150e-02
 4.36951e-03  1.67309e-02
 4.38105e-03  1.65800e-02
 4.50598e-03  1.66654e-02
 4.36951e-03  1.67309e-02

 4.99740e-03  1.65150e-02
 4.85065e-03  1.65039e-02
 4.98706e-03  1.64383e-02
 4.97566e-03  1.65893e-02
 4.85065e-03  1.65039e-02

 5.47760e-03  1.65150e-02
 5.33554e-03  1.62815e-02
 5.46833e-03  1.63541e-02
 5.33901e-03  1.64328e-02
 5.33554e-03  1.62815e-02

 5.95781e-03  1.65150e-02
 5.82372e-03  1.60697e-02
 5.93399e-03  1.61734e-02
 5.78905e-03  1.62170e-02
 5.82372e-03  1.60697e-02

 6.43802e-03  1.65150e-02
 6.31462e-03  1.58746e-02
 6.41374e-03  1.59890e-02
 6.26511e-03  1.60177e-02
 6.31462e-03  1.58746e-02

 6.91823e-03  1.65150e-02
 6.80763e-03  1.57028e-02
 6.90031e-03  1.58225e-02
 6.75033e-03  1.58429e-02
 6.80763e-03  1.57028e-02

 7.39844e-03  1.65150e-02
 7.30212e-03  1.55607e-02
 7.39059e-03  1.56835e-02
 7.23999e-03  1.56987e-02
 7.30212e-03  1.55607e-02

 7.87865e-03  1.65150e-02
 7.79751e-03  1.54549e-02
 7.88298e-03  1.55798e-02
 7.73205e-03  1.55914e-02
 7.79751e-03  1.54549e-02

 8.35885e-03  1.65150e-02
 8.29315e-03  1.53918e-02
 8.37636e-03  1.55182e-02
 8.22525e-03  1.55271e-02
 8.29315e-03  1.53918e-02

 8.83906e-03  1.65150e-02
 8.78867e-03  1.53791e-02
 8.87009e-03  1.55067e-02
 8.71887e-03  1.55134e-02
 8.78867e-03  1.53791e-02

 9.31927e-03  1.65150e-02
 9.28316e-03  1.54223e-02
 9.36313e-03  1.55508e-02
 9.21184e-03  1.55558e-02
 9.28316e-03  1.54223e-02

 9.79948e-03  1.65150e-02
 9.77703e-03  1.55326e-02
 9.85569e-03  1.56620e-02
 9.70436e-03  1.56654e-02
 9.77703e-03  1.55326e-02

 1.02797e-02  1.65150e-02
 1.02676e-02  1.57108e-02
 1.03452e-02  1.58407e-02
 1.01939e-02  1.58430e-02
 1.02676e-02  1.57108e-02

 1.07599e-02  1.65150e-02
 1.07589e-02  1.60324e-02
 1.08348e-02  1.61634e-02
 1.06835e-02  1.61637e-02
 1.07589e-02  1.60324e-02

 4.06719e-03  1.70850e-02
 4.19132e-03  1.75111e-02
 4.08199e-03  1.74064e-02
 4.22731e-03  1.73641e-02
 4.19132e-03  1.75111e-02

 4.54531e-03  1.70850e-02
 4.67561e-03  1.72850e-02
 4.54065e-03  1.72165e-02
 4.66748e-03  1.71339e-02
 4.67561e-03  1.72850e-02

 5.02344e-03  1.70850e-02
 5.15770e-03  1.70582e-02
 5.04394e-03  1.71581e-02
 5.01435e-03  1.70096e-02
 5.15770e-03  1.70582e-02

 5.50156e-03  1.70850e-02
 5.63728e-03  1.68366e-02
 5.64085e-03  1.69879e-02
 5.50801e-03  1.69153e-02
 5.63728e-03  1.68366e-02

 5.97969e-03  1.70850e-02
 6.11408e-03  1.66262e-02
 6.14986e-03  1.67733e-02
 6.00460e-03  1.67307e-02
 6.11408e-03  1.66262e-02

 6.45781e-03  1.70850e-02
 6.58788e-03  1.64331e-02
 6.63645e-03  1.65765e-02
 6.48801e-03  1.65468e-02
 6.58788e-03  1.64331e-02

 6.93594e-03  1.70850e-02
 7.05857e-03  1.62637e-02
 7.11406e-03  1.64045e-02
 6.96436e-03  1.63822e-02
 7.05857e-03  1.62637e-02

 7.41406e-03  1.70850e-02
 7.52625e-03  1.61240e-02
 7.58622e-03  1.62630e-02
 7.43587e-03  1.62455e-02
 7.52625e-03  1.61240e-02

 7.89219e-03  1.70850e-02
 7.99104e-03  1.60209e-02
 8.05427e-03  1.61584e-02
 7.90355e-03  1.61444e-02
 7.99104e-03  1.60209e-02

 8.37031e-03  1.70850e-02
 8.45368e-03  1.59602e-02
 8.51947e-03  1.60965e-02
 8.36851e-03  1.60853e-02
 8.45368e-03  1.59602e-02

 8.84844e-03  1.70850e-02
 8.91432e-03  1.59494e-02
 8.98228e-03  1.60847e-02
 8.83117e-03  1.60759e-02
 8.91432e-03  1.59494e-02

 9.32656e-03  1.70850e-02
 9.37504e-03  1.59939e-02
 9.44483e-03  1.61283e-02
 9.29361e-03  1.61215e-02
 9.37504e-03  1.59939e-02

 9.80469e-03  1.70850e-02
 9.83490e-03  1.61047e-02
 9.90651e-03  1.62381e-02
 9.75521e-03  1.62334e-02
 9.83490e-03  1.61047e-02

 1.02828e-02  1.70850e-02
 1.02995e-02  1.62823e-02
 1.03725e-02  1.64149e-02
 1.02211e-02  1.64118e-02
 1.02995e-02  1.62823e-02

 1.07609e-02  1.70850e-02
 1.07624e-02  1.66029e-02
 1.08377e-02  1.67342e-02
 1.06863e-02  1.67337e-02
 1.07624e-02  1.66029e-02

 4.09740e-03  1.76550e-02
 4.48724e-03  1.80509e-02
 4.34134e-03  1.80106e-02
 4.44919e-03  1.79044e-02
 4.48724e-03  1.80509e-02

 4.57344e-03  1.76550e-02
 4.97819e-03  1.78320e-02
 4.82776e-03  1.78488e-02
 4.88839e-03  1.77101e-02
 4.97819e-03  1.78320e-02

 5.04948e-03  1.76550e-02
 5.46080e-03  1.76129e-02
 5.33810e-03  1.77015e-02
 5.32268e-03  1.75509e-02
 5.46080e-03  1.76129e-02

 5.52552e-03  1.76550e-02
 5.93481e-03  1.73994e-02
 5.86370e-03  1.75331e-02
 5.78353e-03  1.74047e-02
 5.93481e-03  1.73994e-02

 6.00156e-03  1.76550e-02
 6.40015e-03  1.71975e-02
 6.37111e-03  1.73460e-02
 6.25698e-03  1.72466e-02
 6.40015e-03  1.71975e-02

 6.47760e-03  1.76550e-02
 6.85698e-03  1.70129e-02
 6.85546e-03  1.71642e-02
 6.72514e-03  1.70872e-02
 6.85698e-03  1.70129e-02

 6.95365e-03  1.76550e-02
 7.30566e-03  1.68516e-02
 7.32237e-03  1.70021e-02
 7.18373e-03  1.69413e-02
 7.30566e-03  1.68516e-02

 7.42969e-03  1.76550e-02
 7.74704e-03  1.67195e-02
 7.77660e-03  1.68679e-02
 7.63325e-03  1.68193e-02
 7.74704e-03  1.67195e-02

 7.90573e-03  1.76550e-02
 8.18189e-03  1.66227e-02
 8.22113e-03  1.67689e-02
 8.07490e-03  1.67298e-02
 8.18189e-03  1.66227e-02

 8.38177e-03  1.76550e-02
 8.61232e-03  1.65668e-02
 8.65919e-03  1.67108e-02
 8.51111e-03  1.66794e-02
 8.61232e-03  1.65668e-02

 8.85781e-03  1.76550e-02
 9.03890e-03  1.65589e-02
 9.09220e-03  1.67005e-02
 8.94286e-03  1.66759e-02
 9.03890e-03  1.65589e-02

 9.33385e-03  1.76550e-02
 9.46657e-03  1.66037e-02
 9.52524e-03  1.67432e-02
 9.37507e-03  1.67243e-02
 9.46657e-03  1.66037e-02

 9.80990e-03  1.76550e-02
 9.89293e-03  1.67116e-02
 9.95683e-03  1.68488e-02
 9.80604e-03  1.68356e-02
 9.89293e-03  1.67116e-02

 1.02859e-02  1.76550e-02
 1.03318e-02  1.68827e-02
 1.03996e-02  1.70181e-02
 1.02485e-02  1.70091e-02
 1.03318e-02  1.68827e-02

 1.07620e-02  1.76550e-02
 1.07659e-02  1.71907e-02
 1.08405e-02  1.73224e-02
 1.06891e-02  1.73211e-02
 1.07659e-02  1.71907e-02

 4.12760e-03  1.82250e-02
 4.76797e-03  1.85771e-02
 4.61664e-03  1.85803e-02
 4.68957e-03  1.84477e-02
 4.76797e-03  1.85771e-02

 4.60156e-03  1.82250e-02
 5.26430e-03  1.83725e-02
 5.11990e-03  1.84179e-02
 5.15278e-03  1.82701e-02
 5.26430e-03  1.83725e-02

 5.07552e-03  1.82250e-02
 5.74659e-03  1.81682e-02
 5.62235e-03  1.82547e-02
 5.60959e-03  1.81039e-02
 5.74659e-03  1.81682e-02

 5.54948e-03  1.82250e-02
 6.21461e-03  1.79700e-02
 6.11931e-03  1.80876e-02
 6.06511e-03  1.79462e-02
 6.21461e-03  1.79700e-02

 6.02344e-03  1.82250e-02
 6.66851e-03  1.77831e-02
 6.60314e-03  1.79196e-02
 6.51759e-03  1.77948e-02
 6.66851e-03  1.77831e-02

 6.49740e-03  1.82250e-02
 7.10886e-03  1.76131e-02
 7.06973e-03  1.77593e-02
 6.96266e-03  1.76523e-02
 7.10886e-03  1.76131e-02

 6.97135e-03  1.82250e-02
 7.53647e-03  1.74654e-02
 7.51895e-03  1.76157e-02
 7.39750e-03  1.75254e-02
 7.53647e-03  1.74654e-02

 7.44531e-03  1.82250e-02
 7.95294e-03  1.73453e-02
 7.95298e-03  1.74966e-02
 7.82188e-03  1.74210e-02
 7.95294e-03  1.73453e-02

 7.91927e-03  1.82250e-02
 8.35973e-03  1.72583e-02
 8.37425e-03  1.74090e-02
 8.23650e-03  1.73462e-02
 8.35973e-03  1.72583e-02

 8.39323e-03  1.82250e-02
 8.76011e-03  1.72096e-02
 8.78675e-03  1.73586e-02
 8.64439e-03  1.73071e-02
 8.76011e-03  1.72096e-02

 8.86719e-03  1.82250e-02
 9.15510e-03  1.72051e-02
 9.19233e-03  1.73518e-02
 9.04665e-03  1.73107e-02
 9.15510e-03  1.72051e-02

 9.34115e-03  1.82250e-02
 9.55215e-03  1.72494e-02
 9.59841e-03  1.73935e-02
 9.45047e-03  1.73615e-02
 9.55215e-03  1.72494e-02

 9.81510e-03  1.82250e-02
 9.94744e-03  1.73514e-02
 1.00026e-02  1.74923e-02
 9.85298e-03  1.74697e-02
 9.94744e-03  1.73514e-02

 1.02891e-02  1.82250e-02
 1.03622e-02  1.75110e-02
 1.04242e-02  1.76491e-02
 1.02736e-02  1.76337e-02
 1.03622e-02  1.75110e-02

 1.07630e-02  1.82250e-02
 1.07693e-02  1.77954e-02
 1.08431e-02  1.79275e-02
 1.06917e-02  1.79253e-02
 1.07693e-02  1.77954e-02

 4.15781e-03  1.87950e-02
 5.01924e-03  1.90927e-02
 4.87062e-03  1.91214e-02
 4.92006e-03  1.89783e-02
 5.01924e-03  1.90927e-02

 4.62969e-03  1.87950e-02
 5.51897e-03  1.89090e-02
 5.37932e-03  1.89674e-02
 5.39857e-03  1.88173e-02
 5.51897e-03  1.89090e-02

 5.10156e-03  1.87950e-02
 5.99962e-03  1.87264e-02
 5.87468e-03  1.88118e-02
 5.86315e-03  1.86609e-02
 5.99962e-03  1.87264e-02

 5.57344e-03  1.87950e-02
 6.46105e-03  1.85498e-02
 6.35485e-03  1.86577e-02
 6.31455e-03  1.85118e-02
 6.46105e-03  1.85498e-02

 6.04531e-03  1.87950e-02
 6.90371e-03  1.83842e-02
 6.81814e-03  1.85091e-02
 6.75280e-03  1.83725e-02
 6.90371e-03  1.83842e-02

 6.51719e-03  1.87950e-02
 7.32851e-03  1.82343e-02
 7.26370e-03  1.83711e-02
 7.17764e-03  1.82466e-02
 7.32851e-03  1.82343e-02

 6.98906e-03  1.87950e-02
 7.73682e-03  1.81050e-02
 7.69181e-03  1.82495e-02
 7.58916e-03  1.81383e-02
 7.73682e-03  1.81050e-02

 7.46094e-03  1.87950e-02
 8.13090e-03  1.80008e-02
 8.10422e-03  1.81498e-02
 7.98852e-03  1.80522e-02
 8.13090e-03  1.80008e-02

 7.93281e-03  1.87950e-02
 8.51280e-03  1.79265e-02
 8.50294e-03  1.80775e-02
 8.37706e-03  1.79934e-02
 8.51280e-03  1.79265e-02

 8.40469e-03  1.87950e-02
 8.88691e-03  1.78865e-02
 8.89230e-03  1.80378e-02
 8.75860e-03  1.79668e-02
 8.88691e-03  1.78865e-02

 8.87656e-03  1.87950e-02
 9.25462e-03  1.78860e-02
 9.27416e-03  1.80361e-02
 9.13440e-03  1.79780e-02
 9.25462e-03  1.78860e-02

 9.34844e-03  1.87950e-02
 9.62542e-03  1.79289e-02
 9.65757e-03  1.80768e-02
 9.51340e-03  1.80307e-02
 9.62542e-03  1.79289e-02

 9.82031e-03  1.87950e-02
 9.99429e-03  1.80222e-02
 1.00393e-02  1.81667e-02
 9.89166e-03  1.81335e-02
 9.99429e-03  1.80222e-02

 1.02922e-02  1.87950e-02
 1.03885e-02  1.81658e-02
 1.04435e-02  1.83068e-02
 1.02938e-02  1.82839e-02
 1.03885e-02  1.81658e-02

 1.07641e-02  1.87950e-02
 1.07723e-02  1.84162e-02
 1.08451e-02  1.85489e-02
 1.06938e-02  1.85456e-02
 1.07723e-02  1.84162e-02

 4.18802e-03  1.93650e-02
 5.22655e-03  1.96007e-02
 5.08196e-03  1.96455e-02
 5.11546e-03  1.94978e-02
 5.22655e-03  1.96007e-02

 4.65781e-03  1.93650e-02
 5.72692e-03  1.94433e-02
 5.59065e-03  1.95092e-02
 5.60171e-03  1.93583e-02
 5.72692e-03  1.94433e-02

 5.12760e-03  1.93650e-02
 6.20413e-03  1.92876e-02
 6.07880e-03  1.93725e-02
 6.06795e-03  1.92215e-02
 6.20413e-03  1.92876e-02

 5.59740e-03  1.93650e-02
 6.65833e-03  1.91377e-02
 6.54600e-03  1.92392e-02
 6.51429e-03  1.90912e-02
 6.65833e-03  1.91377e-02

 6.06719e-03  1.93650e-02
 7.09005e-03  1.89980e-02
 6.99223e-03  1.91135e-02
 6.94110e-03  1.89710e-02
 7.09005e-03  1.89980e-02

 6.53698e-03  1.93650e-02
 7.50081e-03  1.88723e-02
 7.41853e-03  1.89994e-02
 7.34964e-03  1.88646e-02
 7.50081e-03  1.88723e-02

 7.00677e-03  1.93650e-02
 7.89227e-03  1.87647e-02
 7.82623e-03  1.89009e-02
 7.74129e-03  1.87756e-02
 7.89227e-03  1.87647e-02

 7.47656e-03  1.93650e-02
 8.26753e-03  1.86791e-02
 8.21808e-03  1.88221e-02
 8.11891e-03  1.87078e-02
 8.26753e-03  1.86791e-02

 7.94635e-03  1.93650e-02
 8.62906e-03  1.86192e-02
 8.59637e-03  1.87670e-02
 8.48472e-03  1.86648e-02
 8.62906e-03  1.86192e-02

 8.41615e-03  1.93650e-02
 8.98221e-03  1.85889e-02
 8.96611e-03  1.87394e-02
 8.84382e-03  1.86502e-02
 8.98221e-03  1.85889e-02

 8.88594e-03  1.93650e-02
 9.32870e-03  1.85923e-02
 9.32919e-03  1.87437e-02
 9.19786e-03  1.86685e-02
 9.32870e-03  1.85923e-02

 9.35573e-03  1.93650e-02
 9.67947e-03  1.86327e-02
 9.69569e-03  1.87832e-02
 9.55725e-03  1.87220e-02
 9.67947e-03  1.86327e-02

 9.82552e-03  1.93650e-02
 1.00287e-02  1.87150e-02
 1.00619e-02  1.88627e-02
 9.91740e-03  1.88175e-02
 1.00287e-02  1.87150e-02

 1.02953e-02  1.93650e-02
 1.04077e-02  1.88390e-02
 1.04543e-02  1.89830e-02
 1.03063e-02  1.89514e-02
 1.04077e-02  1.88390e-02

 1.07651e-02  1.93650e-02
 1.07748e-02  1.90483e-02
 1.08464e-02  1.91816e-02
 1.06951e-02  1.91770e-02
 1.07748e-02  1.90483e-02

 4.21823e-03  1.99350e-02
 5.37074e-03  2.01068e-02
 5.22992e-03  2.01623e-02
 5.25224e-03  2.00126e-02
 5.37074e-03  2.01068e-02

 4.68594e-03  1.99350e-02
 5.86857e-03  1.99808e-02
 5.73465e-03  2.00513e-02
 5.74051e-03  1.99001e-02
 5.86857e-03  1.99808e-02

 5.15365e-03  1.99350e-02
 6.34067e-03  1.98567e-02
 6.21484e-03  1.99408e-02
 6.20488e-03  1.97898e-02
 6.34067e-03  1.98567e-02

 5.62135e-03  1.99350e-02
 6.78726e-03  1.97380e-02
 6.67061e-03  1.98344e-02
 6.64539e-03  1.96852e-02
 6.78726e-03  1.97380e-02

 6.08906e-03  1.99350e-02
 7.20925e-03  1.96279e-02
 7.10284e-03  1.97356e-02
 7.06282e-03  1.95896e-02
 7.20925e-03  1.96279e-02

 6.55677e-03  1.99350e-02
 7.60854e-03  1.95297e-02
 7.51344e-03  1.96475e-02
 7.45901e-03  1.95062e-02
 7.60854e-03  1.95297e-02

 7.02448e-03  1.99350e-02
 7.98725e-03  1.94464e-02
 7.90461e-03  1.95732e-02
 7.83610e-03  1.94382e-02
 7.98725e-03  1.94464e-02

 7.49219e-03  1.99350e-02
 8.34885e-03  1.93809e-02
 8.27988e-03  1.95157e-02
 8.19767e-03  1.93886e-02
 8.34885e-03  1.93809e-02

 7.95990e-03  1.99350e-02
 8.69651e-03  1.93364e-02
 8.64251e-03  1.94778e-02
 8.54705e-03  1.93603e-02
 8.69651e-03  1.93364e-02

 8.42760e-03  1.99350e-02
 9.03596e-03  1.93157e-02
 8.99809e-03  1.94622e-02
 8.89011e-03  1.93562e-02
 9.03596e-03  1.93157e-02

 8.89531e-03  1.99350e-02
 9.36936e-03  1.93221e-02
 9.34903e-03  1.94721e-02
 9.22930e-03  1.93794e-02
 9.36936e-03  1.93221e-02

 9.36302e-03  1.99350e-02
 9.70836e-03  1.93582e-02
 9.70596e-03  1.95095e-02
 9.57609e-03  1.94318e-02
 9.70836e-03  1.93582e-02

 9.83073e-03  1.99350e-02
 1.00470e-02  1.94270e-02
 1.00653e-02  1.95773e-02
 9.92599e-03  1.95180e-02
 1.00470e-02  1.94270e-02

 1.02984e-02  1.99350e-02
 1.04177e-02  1.95286e-02
 1.04534e-02  1.96757e-02
 1.03082e-02  1.96331e-02
 1.04177e-02  1.95286e-02

 1.07661e-02  1.99350e-02
 1.07764e-02  1.96903e-02
 1.08465e-02  1.98245e-02
 1.06953e-02  1.98181e-02
 1.07764e-02  1.96903e-02

 4.24844e-03  2.05050e-02
 5.43606e-03  2.06147e-02
 5.29857e-03  2.06780e-02
 5.31249e-03  2.05273e-02
 5.43606e-03  2.06147e-02

 4.71406e-03  2.05050e-02
 5.92795e-03  2.05212e-02
 5.79586e-03  2.05951e-02
 5.79788e-03  2.04438e-02
 5.92795e-03  2.05212e-02

 5.17969e-03  2.05050e-02
 6.39320e-03  2.04297e-02
 6.26705e-03  2.05133e-02
 6.25767e-03  2.03623e-02
 6.39320e-03  2.04297e-02

 5.64531e-03  2.05050e-02
 6.83226e-03  2.03427e-02
 6.71263e-03  2.04355e-02
 6.69213e-03  2.02855e-02
 6.83226e-03  2.03427e-02

 6.11094e-03  2.05050e-02
 7.24649e-03  2.02627e-02
 7.13408e-03  2.03641e-02
 7.10250e-03  2.02161e-02
 7.24649e-03  2.02627e-02

 6.57656e-03  2.05050e-02
 7.63795e-03  2.01920e-02
 7.53362e-03  2.03016e-02
 7.49080e-03  2.01564e-02
 7.63795e-03  2.01920e-02

 7.04219e-03  2.05050e-02
 8.00912e-03  2.01325e-02
 7.91400e-03  2.02503e-02
 7.85959e-03  2.01090e-02
 8.00912e-03  2.01325e-02

 7.50781e-03  2.05050e-02
 8.36379e-03  2.00867e-02
 8.27925e-03  2.02122e-02
 8.21279e-03  2.00762e-02
 8.36379e-03  2.00867e-02

 7.97344e-03  2.05050e-02
 8.70527e-03  2.00564e-02
 8.63305e-03  2.01895e-02
 8.55395e-03  2.00604e-02
 8.70527e-03  2.00564e-02

 8.43906e-03  2.05050e-02
 9.03966e-03  2.00441e-02
 8.98174e-03  2.01840e-02
 8.88959e-03  2.00639e-02
 9.03966e-03  2.00441e-02

 8.90469e-03  2.05050e-02
 9.36944e-03  2.00520e-02
 9.32839e-03  2.01977e-02
 9.22274e-03  2.00893e-02
 9.36944e-03  2.00520e-02

 9.37031e-03  2.05050e-02
 9.70621e-03  2.00824e-02
 9.68390e-03  2.02321e-02
 9.56540e-03  2.01379e-02
 9.70621e-03  2.00824e-02

 9.83594e-03  2.05050e-02
 1.00446e-02  2.01363e-02
 1.00459e-02  2.02876e-02
 9.91417e-03  2.02131e-02
 1.00446e-02  2.01363e-02

 1.03016e-02  2.05050e-02
 1.04157e-02  2.02144e-02
 1.04382e-02  2.03641e-02
 1.02973e-02  2.03087e-02
 1.04157e-02  2.02144e-02

 1.07672e-02  2.05050e-02
 1.07770e-02  2.03297e-02
 1.08452e-02  2.04648e-02
 1.06941e-02  2.04564e-02
 1.07770e-02  2.03297e-02

 4.27865e-03  2.10750e-02
 5.39513e-03  2.11337e-02
 5.26025e-03  2.12024e-02
 5.26820e-03  2.10513e-02
 5.39513e-03  2.11337e-02

 4.74219e-03  2.10750e-02
 5.87842e-03  2.10752e-02
 5.74732e-03  2.11508e-02
 5.74735e-03  2.09995e-02
 5.87842e-03  2.10752e-02

 5.20573e-03  2.10750e-02
 6.33667e-03  2.10182e-02
 6.20954e-03  2.11004e-02
 6.20195e-03  2.09492e-02
 6.33667e-03  2.10182e-02

 5.66927e-03  2.10750e-02
 6.77054e-03  2.09645e-02
 6.64767e-03  2.10529e-02
 6.63255e-03  2.09023e-02
 6.77054e-03  2.09645e-02

 6.13281e-03  2.10750e-02
 7.18148e-03  2.09154e-02
 7.06327e-03  2.10100e-02
 7.04050e-03  2.08603e-02
 7.18148e-03  2.09154e-02

 6.59635e-03  2.10750e-02
 7.57169e-03  2.08723e-02
 7.45874e-03  2.09731e-02
 7.42794e-03  2.08249e-02
 7.57169e-03  2.08723e-02

 7.05990e-03  2.10750e-02
 7.94380e-03  2.08366e-02
 7.83695e-03  2.09438e-02
 7.79753e-03  2.07976e-02
 7.94380e-03  2.08366e-02

 7.52344e-03  2.10750e-02
 8.30131e-03  2.08094e-02
 8.20172e-03  2.09233e-02
 8.15280e-03  2.07801e-02
 8.30131e-03  2.08094e-02

 7.98698e-03  2.10750e-02
 8.64770e-03  2.07920e-02
 8.55699e-03  2.09132e-02
 8.49740e-03  2.07741e-02
 8.64770e-03  2.07920e-02

 8.45052e-03  2.10750e-02
 8.98862e-03  2.07862e-02
 8.90891e-03  2.09149e-02
 8.83733e-03  2.07815e-02
 8.98862e-03  2.07862e-02

 8.91406e-03  2.10750e-02
 9.32667e-03  2.07931e-02
 9.26112e-03  2.09296e-02
 9.17573e-03  2.08046e-02
 9.32667e-03  2.07931e-02

 9.37760e-03  2.10750e-02
 9.67265e-03  2.08148e-02
 9.62438e-03  2.09583e-02
 9.52427e-03  2.08448e-02
 9.67265e-03  2.08148e-02

 9.84115e-03  2.10750e-02
 1.00222e-02  2.08512e-02
 9.99860e-03  2.10007e-02
 9.88093e-03  2.09055e-02
 1.00222e-02  2.08512e-02

 1.03047e-02  2.10750e-02
 1.04028e-02  2.09038e-02
 1.04033e-02  2.10551e-02
 1.02720e-02  2.09799e-02
 1.04028e-02  2.09038e-02

 1.07682e-02  2.10750e-02
 1.07767e-02  2.09713e-02
 1.08415e-02  2.11081e-02
 1.06906e-02  2.10958e-02
 1.07767e-02  2.09713e-02

 4.30885e-03  2.16450e-02
 5.24014e-03  2.16616e-02
 5.10772e-03  2.17349e-02
 5.11042e-03  2.15836e-02
 5.24014e-03  2.16616e-02

 4.77031e-03  2.16450e-02
 5.71310e-03  2.16301e-02
 5.58323e-03  2.17079e-02
 5.58083e-03  2.15565e-02
 5.71310e-03  2.16301e-02

 5.23177e-03  2.16450e-02
 6.16502e-03  2.15998e-02
 6.03775e-03  2.16817e-02
 6.03042e-03  2.15305e-02
 6.16502e-03  2.15998e-02

 5.69323e-03  2.16450e-02
 6.59697e-03  2.15714e-02
 6.47246e-03  2.16575e-02
 6.46017e-03  2.15066e-02
 6.59697e-03  2.15714e-02

 6.15469e-03  2.16450e-02
 7.01021e-03  2.15457e-02
 6.88872e-03  2.16360e-02
 6.87128e-03  2.14857e-02
 7.01021e-03  2.15457e-02

 6.61615e-03  2.16450e-02
 7.40681e-03  2.15235e-02
 7.28874e-03  2.16182e-02
 7.26575e-03  2.14686e-02
 7.40681e-03  2.15235e-02

 7.07760e-03  2.16450e-02
 7.78907e-03  2.15053e-02
 7.67503e-03  2.16048e-02
 7.64586e-03  2.14563e-02
 7.78907e-03  2.15053e-02

 7.53906e-03  2.16450e-02
 8.16010e-03  2.14917e-02
 8.05096e-03  2.15966e-02
 8.01470e-03  2.14497e-02
 8.16010e-03  2.14917e-02

 8.00052e-03  2.16450e-02
 8.52271e-03  2.14836e-02
 8.41982e-03  2.15946e-02
 8.37512e-03  2.14500e-02
 8.52271e-03  2.14836e-02

 8.46198e-03  2.16450e-02
 8.88186e-03  2.14817e-02
 8.78713e-03  2.15997e-02
 8.73226e-03  2.14587e-02
 8.88186e-03  2.14817e-02

 8.92344e-03  2.16450e-02
 9.23982e-03  2.14866e-02
 9.15649e-03  2.16130e-02
 9.08873e-03  2.14776e-02
 9.23982e-03  2.14866e-02

 9.38490e-03  2.16450e-02
 9.60594e-03  2.14998e-02
 9.53794e-03  2.16350e-02
 9.45482e-03  2.15085e-02
 9.60594e-03  2.14998e-02

 9.84635e-03  2.16450e-02
 9.97737e-03  2.15204e-02
 9.93456e-03  2.16655e-02
 9.83023e-03  2.15559e-02
 9.97737e-03  2.15204e-02

 1.03078e-02  2.16450e-02
 1.03764e-02  2.15505e-02
 1.03607e-02  2.17010e-02
 1.02381e-02  2.16121e-02
 1.03764e-02  2.15505e-02

 1.07693e-02  2.16450e-02
 1.07750e-02  2.15862e-02
 1.08376e-02  2.17241e-02
 1.06869e-02  2.17093e-02
 1.07750e-02  2.15862e-02

 4.33906e-03  2.22150e-02
 4.87339e-03  2.22161e-02
 4.74215e-03  2.22915e-02
 4.74245e-03  2.21401e-02
 4.87339e-03  2.22161e-02

 4.79844e-03  2.22150e-02
 5.33711e-03  2.22134e-02
 5.20625e-03  2.22895e-02
 5.20580e-03  2.21381e-02
 5.33711e-03  2.22134e-02

 5.25781e-03  2.22150e-02
 5.78894e-03  2.22108e-02
 5.65845e-03  2.22875e-02
 5.65726e-03  2.21362e-02
 5.78894e-03  2.22108e-02

 5.71719e-03  2.22150e-02
 6.22949e-03  2.22084e-02
 6.09938e-03  2.22858e-02
 6.09744e-03  2.21344e-02
 6.22949e-03  2.22084e-02

 6.17656e-03  2.22150e-02
 6.65969e-03  2.22063e-02
 6.52999e-03  2.22843e-02
 6.52725e-03  2.21330e-02
 6.65969e-03  2.22063e-02

 6.63594e-03  2.22150e-02
 7.08074e-03  2.22044e-02
 6.95150e-03  2.22832e-02
 6.94789e-03  2.21319e-02
 7.08074e-03  2.22044e-02

 7.09531e-03  2.22150e-02
 7.49403e-03  2.22029e-02
 7.36530e-03  2.22825e-02
 7.36070e-03  2.21312e-02
 7.49403e-03  2.22029e-02

 7.55469e-03  2.22150e-02
 7.90139e-03  2.22018e-02
 7.77328e-03  2.22824e-02
 7.76750e-03  2.21311e-02
 7.90139e-03  2.22018e-02

 8.01406e-03  2.22150e-02
 8.30443e-03  2.22011e-02
 8.17712e-03  2.22830e-02
 8.16987e-03  2.21318e-02
 8.30443e-03  2.22011e-02

 8.47344e-03  2.22150e-02
 8.70598e-03  2.22009e-02
 8.57970e-03  2.22844e-02
 8.57057e-03  2.21333e-02
 8.70598e-03  2.22009e-02

 8.93281e-03  2.22150e-02
 9.10732e-03  2.22014e-02
 8.98252e-03  2.22870e-02
 8.97074e-03  2.21361e-02
 9.10732e-03  2.22014e-02

 9.39219e-03  2.22150e-02
 9.51367e-03  2.22025e-02
 9.39099e-03  2.22912e-02
 9.37554e-03  2.21406e-02
 9.51367e-03  2.22025e-02

 9.85156e-03  2.22150e-02
 9.92346e-03  2.22043e-02
 9.80500e-03  2.22985e-02
 9.78263e-03  2.21488e-02
 9.92346e-03  2.22043e-02

 1.03109e-02  2.22150e-02
 1.03488e-02  2.22070e-02
 1.02362e-02  2.23082e-02
 1.02048e-02  2.21601e-02
 1.03488e-02  2.22070e-02

 1.07703e-02  2.22150e-02
 1.07740e-02  2.22091e-02
 1.07691e-02  2.23603e-02
 1.06405e-02  2.22804e-02
 1.07740e-02  2.22091e-02

