#[ Fluid velocity 2D plot data file: flw.dat ]
 1.95313e-04  1.13850e-02
 1.95313e-04  1.13850e-02
 1.19629e-04  1.12539e-02
 2.70996e-04  1.12539e-02
 1.95313e-04  1.13850e-02

 5.85937e-04  1.13850e-02
 4.71489e-04  1.13850e-02
 6.02577e-04  1.13093e-02
 6.02577e-04  1.14607e-02
 4.71489e-04  1.13850e-02

 9.76562e-04  1.13850e-02
 8.12435e-04  1.13850e-02
 9.43523e-04  1.13093e-02
 9.43523e-04  1.14607e-02
 8.12435e-04  1.13850e-02

 1.36719e-03  1.13850e-02
 1.13121e-03  1.13850e-02
 1.26230e-03  1.13093e-02
 1.26230e-03  1.14607e-02
 1.13121e-03  1.13850e-02

 1.75781e-03  1.13850e-02
 1.46371e-03  1.13850e-02
 1.59479e-03  1.13093e-02
 1.59479e-03  1.14607e-02
 1.46371e-03  1.13850e-02

 2.14844e-03  1.13850e-02
 1.79410e-03  1.13850e-02
 1.92519e-03  1.13093e-02
 1.92519e-03  1.14607e-02
 1.79410e-03  1.13850e-02

 2.53906e-03  1.13850e-02
 2.13153e-03  1.13850e-02
 2.26262e-03  1.13093e-02
 2.26262e-03  1.14607e-02
 2.13153e-03  1.13850e-02

 2.92969e-03  1.13850e-02
 2.47385e-03  1.13850e-02
 2.60493e-03  1.13093e-02
 2.60493e-03  1.14607e-02
 2.47385e-03  1.13850e-02

 3.32031e-03  1.13850e-02
 2.82383e-03  1.13850e-02
 2.95492e-03  1.13093e-02
 2.95492e-03  1.14607e-02
 2.82383e-03  1.13850e-02

 1.97049e-04  1.19550e-02
 1.97049e-04  1.21901e-02
 1.21365e-04  1.20590e-02
 2.72732e-04  1.20590e-02
 1.97049e-04  1.21901e-02

 5.91146e-04  1.19550e-02
 4.01400e-04  1.21774e-02
 4.28895e-04  1.20286e-02
 5.44054e-04  1.21268e-02
 4.01400e-04  1.21774e-02

 9.85243e-04  1.19550e-02
 7.10005e-04  1.21738e-02
 7.65528e-04  1.20330e-02
 8.59717e-04  1.21515e-02
 7.10005e-04  1.21738e-02

 1.37934e-03  1.19550e-02
 9.82191e-04  1.21670e-02
 1.06220e-03  1.20385e-02
 1.13347e-03  1.21720e-02
 9.82191e-04  1.21670e-02

 1.77344e-03  1.19550e-02
 1.27773e-03  1.21586e-02
 1.37023e-03  1.20388e-02
 1.42774e-03  1.21788e-02
 1.27773e-03  1.21586e-02

 2.16753e-03  1.19550e-02
 1.57079e-03  1.21460e-02
 1.67258e-03  1.20339e-02
 1.71871e-03  1.21781e-02
 1.57079e-03  1.21460e-02

 2.56163e-03  1.19550e-02
 1.87631e-03  1.21292e-02
 1.98471e-03  1.20236e-02
 2.02200e-03  1.21703e-02
 1.87631e-03  1.21292e-02

 2.95573e-03  1.19550e-02
 2.19072e-03  1.21082e-02
 2.30439e-03  1.20083e-02
 2.33412e-03  1.21567e-02
 2.19072e-03  1.21082e-02

 3.34983e-03  1.19550e-02
 2.51837e-03  1.20837e-02
 2.63634e-03  1.19888e-02
 2.65949e-03  1.21384e-02
 2.51837e-03  1.20837e-02

 1.98785e-04  1.25250e-02
 1.98785e-04  1.29120e-02
 1.23101e-04  1.27810e-02
 2.74468e-04  1.27810e-02
 1.98785e-04  1.29120e-02

 5.96354e-04  1.25250e-02
 3.76373e-04  1.29028e-02
 3.76923e-04  1.27515e-02
 5.07734e-04  1.28276e-02
 3.76373e-04  1.29028e-02

 9.93924e-04  1.25250e-02
 6.69582e-04  1.28947e-02
 6.99135e-04  1.27463e-02
 8.12923e-04  1.28461e-02
 6.69582e-04  1.28947e-02

 1.39149e-03  1.25250e-02
 9.23171e-04  1.28822e-02
 9.81501e-04  1.27425e-02
 1.07330e-03  1.28629e-02
 9.23171e-04  1.28822e-02

 1.78906e-03  1.25250e-02
 1.20451e-03  1.28646e-02
 1.27984e-03  1.27333e-02
 1.35587e-03  1.28642e-02
 1.20451e-03  1.28646e-02

 2.18663e-03  1.25250e-02
 1.48502e-03  1.28401e-02
 1.57360e-03  1.27174e-02
 1.63561e-03  1.28554e-02
 1.48502e-03  1.28401e-02

 2.58420e-03  1.25250e-02
 1.78112e-03  1.28086e-02
 1.87953e-03  1.26936e-02
 1.92993e-03  1.28363e-02
 1.78112e-03  1.28086e-02

 2.98177e-03  1.25250e-02
 2.08840e-03  1.27703e-02
 2.19477e-03  1.26626e-02
 2.23485e-03  1.28086e-02
 2.08840e-03  1.27703e-02

 3.37934e-03  1.25250e-02
 2.41127e-03  1.27263e-02
 2.52420e-03  1.26255e-02
 2.55502e-03  1.27737e-02
 2.41127e-03  1.27263e-02

 2.00521e-04  1.30950e-02
 2.00521e-04  1.36965e-02
 1.24837e-04  1.35654e-02
 2.76204e-04  1.35654e-02
 2.00521e-04  1.36965e-02

 6.01563e-04  1.30950e-02
 3.70259e-04  1.36924e-02
 3.47009e-04  1.35429e-02
 4.88166e-04  1.35975e-02
 3.70259e-04  1.36924e-02

 1.00260e-03  1.30950e-02
 6.60318e-04  1.36780e-02
 6.61422e-04  1.35266e-02
 7.91954e-04  1.36033e-02
 6.60318e-04  1.36780e-02

 1.40365e-03  1.30950e-02
 9.09244e-04  1.36566e-02
 9.39052e-04  1.35082e-02
 1.05267e-03  1.36082e-02
 9.09244e-04  1.36566e-02

 1.80469e-03  1.30950e-02
 1.18811e-03  1.36250e-02
 1.23818e-03  1.34822e-02
 1.33685e-03  1.35970e-02
 1.18811e-03  1.36250e-02

 2.20573e-03  1.30950e-02
 1.46704e-03  1.35835e-02
 1.53463e-03  1.34481e-02
 1.61813e-03  1.35744e-02
 1.46704e-03  1.35835e-02

 2.60677e-03  1.30950e-02
 1.76320e-03  1.35315e-02
 1.84484e-03  1.34041e-02
 1.91441e-03  1.35385e-02
 1.76320e-03  1.35315e-02

 3.00781e-03  1.30950e-02
 2.07138e-03  1.34701e-02
 2.16492e-03  1.33511e-02
 2.22121e-03  1.34916e-02
 2.07138e-03  1.34701e-02

 3.40885e-03  1.30950e-02
 2.39621e-03  1.34009e-02
 2.49981e-03  1.32906e-02
 2.54358e-03  1.34355e-02
 2.39621e-03  1.34009e-02

 2.02257e-04  1.36650e-02
 2.02257e-04  1.44535e-02
 1.26573e-04  1.43224e-02
 2.77940e-04  1.43224e-02
 2.02257e-04  1.44535e-02

 6.06771e-04  1.36650e-02
 3.82468e-04  1.44558e-02
 3.45426e-04  1.43091e-02
 4.91049e-04  1.43504e-02
 3.82468e-04  1.44558e-02

 1.01128e-03  1.36650e-02
 6.79269e-04  1.44355e-02
 6.61637e-04  1.42852e-02
 8.00648e-04  1.43451e-02
 6.79269e-04  1.44355e-02

 1.41580e-03  1.36650e-02
 9.35875e-04  1.44055e-02
 9.43661e-04  1.42543e-02
 1.07068e-03  1.43366e-02
 9.35875e-04  1.44055e-02

 1.82031e-03  1.36650e-02
 1.22225e-03  1.43598e-02
 1.25041e-03  1.42111e-02
 1.36513e-03  1.43098e-02
 1.22225e-03  1.43598e-02

 2.22483e-03  1.36650e-02
 1.50907e-03  1.43014e-02
 1.55675e-03  1.41577e-02
 1.65733e-03  1.42708e-02
 1.50907e-03  1.43014e-02

 2.62934e-03  1.36650e-02
 1.81317e-03  1.42296e-02
 1.87792e-03  1.40928e-02
 1.96403e-03  1.42173e-02
 1.81317e-03  1.42296e-02

 3.03385e-03  1.36650e-02
 2.12929e-03  1.41465e-02
 2.20944e-03  1.40181e-02
 2.28056e-03  1.41517e-02
 2.12929e-03  1.41465e-02

 3.43837e-03  1.36650e-02
 2.46160e-03  1.40540e-02
 2.55538e-03  1.39352e-02
 2.61138e-03  1.40758e-02
 2.46160e-03  1.40540e-02

 2.03993e-04  1.42350e-02
 2.03993e-04  1.52097e-02
 1.28310e-04  1.50786e-02
 2.79677e-04  1.50786e-02
 2.03993e-04  1.52097e-02

 6.11979e-04  1.42350e-02
 4.08701e-04  1.52179e-02
 3.61135e-04  1.50742e-02
 5.09365e-04  1.51049e-02
 4.08701e-04  1.52179e-02

 1.01997e-03  1.42350e-02
 7.19267e-04  1.51919e-02
 6.86365e-04  1.50441e-02
 8.30769e-04  1.50895e-02
 7.19267e-04  1.51919e-02

 1.42795e-03  1.42350e-02
 9.92885e-04  1.51530e-02
 9.80636e-04  1.50021e-02
 1.11742e-03  1.50669e-02
 9.92885e-04  1.51530e-02

 1.83594e-03  1.42350e-02
 1.29389e-03  1.50930e-02
 1.29992e-03  1.49418e-02
 1.42789e-03  1.50226e-02
 1.29389e-03  1.50930e-02

 2.24392e-03  1.42350e-02
 1.59534e-03  1.50174e-02
 1.62073e-03  1.48682e-02
 1.73726e-03  1.49648e-02
 1.59534e-03  1.50174e-02

 2.65191e-03  1.42350e-02
 1.91282e-03  1.49257e-02
 1.95692e-03  1.47809e-02
 2.06027e-03  1.48915e-02
 1.91282e-03  1.49257e-02

 3.05990e-03  1.42350e-02
 2.24138e-03  1.48208e-02
 2.30393e-03  1.46830e-02
 2.39203e-03  1.48061e-02
 2.24138e-03  1.48208e-02

 3.46788e-03  1.42350e-02
 2.58496e-03  1.47051e-02
 2.66510e-03  1.45767e-02
 2.73624e-03  1.47103e-02
 2.58496e-03  1.47051e-02

 2.05729e-04  1.48050e-02
 2.05729e-04  1.59342e-02
 1.30046e-04  1.58031e-02
 2.81413e-04  1.58031e-02
 2.05729e-04  1.59342e-02

 6.17187e-04  1.48050e-02
 4.46991e-04  1.59473e-02
 3.91452e-04  1.58065e-02
 5.41166e-04  1.58288e-02
 4.46991e-04  1.59473e-02

 1.02865e-03  1.48050e-02
 7.77051e-04  1.59166e-02
 7.32174e-04  1.57720e-02
 8.79806e-04  1.58054e-02
 7.77051e-04  1.59166e-02

 1.44010e-03  1.48050e-02
 1.07559e-03  1.58701e-02
 1.04643e-03  1.57216e-02
 1.18964e-03  1.57706e-02
 1.07559e-03  1.58701e-02

 1.85156e-03  1.48050e-02
 1.39731e-03  1.57977e-02
 1.38304e-03  1.56470e-02
 1.52068e-03  1.57100e-02
 1.39731e-03  1.57977e-02

 2.26302e-03  1.48050e-02
 1.71930e-03  1.57069e-02
 1.72216e-03  1.55556e-02
 1.85179e-03  1.56337e-02
 1.71930e-03  1.57069e-02

 2.67448e-03  1.48050e-02
 2.05498e-03  1.55976e-02
 2.07608e-03  1.54477e-02
 2.19534e-03  1.55409e-02
 2.05498e-03  1.55976e-02

 3.08594e-03  1.48050e-02
 2.40017e-03  1.54735e-02
 2.44121e-03  1.53278e-02
 2.54687e-03  1.54362e-02
 2.40017e-03  1.54735e-02

 3.49740e-03  1.48050e-02
 2.75822e-03  1.53373e-02
 2.82036e-03  1.51993e-02
 2.90882e-03  1.53221e-02
 2.75822e-03  1.53373e-02

 2.07465e-04  1.53750e-02
 2.07465e-04  1.66291e-02
 1.31782e-04  1.64980e-02
 2.83149e-04  1.64980e-02
 2.07465e-04  1.66291e-02

 6.22396e-04  1.53750e-02
 4.94445e-04  1.66460e-02
 4.32272e-04  1.65080e-02
 5.82878e-04  1.65232e-02
 4.94445e-04  1.66460e-02

 1.03733e-03  1.53750e-02
 8.48216e-04  1.66117e-02
 7.93218e-04  1.64706e-02
 9.42845e-04  1.64935e-02
 8.48216e-04  1.66117e-02

 1.45226e-03  1.53750e-02
 1.17775e-03  1.65589e-02
 1.13363e-03  1.64141e-02
 1.28108e-03  1.64483e-02
 1.17775e-03  1.65589e-02

 1.86719e-03  1.53750e-02
 1.52485e-03  1.64762e-02
 1.49149e-03  1.63285e-02
 1.63604e-03  1.63735e-02
 1.52485e-03  1.64762e-02

 2.28212e-03  1.53750e-02
 1.87202e-03  1.63727e-02
 1.85185e-03  1.62227e-02
 1.99186e-03  1.62803e-02
 1.87202e-03  1.63727e-02

 2.69705e-03  1.53750e-02
 2.22970e-03  1.62485e-02
 2.22480e-03  1.60973e-02
 2.35827e-03  1.61687e-02
 2.22970e-03  1.62485e-02

 3.11198e-03  1.53750e-02
 2.59470e-03  1.61082e-02
 2.60843e-03  1.59574e-02
 2.73211e-03  1.60447e-02
 2.59470e-03  1.61082e-02

 3.52691e-03  1.53750e-02
 2.96969e-03  1.59546e-02
 3.00599e-03  1.58076e-02
 3.11510e-03  1.59125e-02
 2.96969e-03  1.59546e-02

 2.09201e-04  1.59450e-02
 2.09201e-04  1.72831e-02
 1.33518e-04  1.71520e-02
 2.84885e-04  1.71520e-02
 2.09201e-04  1.72831e-02

 6.27604e-04  1.59450e-02
 5.48697e-04  1.73028e-02
 4.80746e-04  1.71675e-02
 6.31858e-04  1.71763e-02
 5.48697e-04  1.73028e-02

 1.04601e-03  1.59450e-02
 9.29265e-04  1.72661e-02
 8.65415e-04  1.71288e-02
 1.01619e-03  1.71421e-02
 9.29265e-04  1.72661e-02

 1.46441e-03  1.59450e-02
 1.29441e-03  1.72088e-02
 1.23688e-03  1.70688e-02
 1.38689e-03  1.70890e-02
 1.29441e-03  1.72088e-02

 1.88281e-03  1.59450e-02
 1.67047e-03  1.71185e-02
 1.61934e-03  1.69761e-02
 1.76829e-03  1.70030e-02
 1.67047e-03  1.71185e-02

 2.30122e-03  1.59450e-02
 2.04650e-03  1.70058e-02
 2.00352e-03  1.68606e-02
 2.15070e-03  1.68960e-02
 2.04650e-03  1.70058e-02

 2.71962e-03  1.59450e-02
 2.42919e-03  1.68705e-02
 2.39623e-03  1.67227e-02
 2.54065e-03  1.67680e-02
 2.42919e-03  1.68705e-02

 3.13802e-03  1.59450e-02
 2.81659e-03  1.67179e-02
 2.79705e-03  1.65678e-02
 2.93681e-03  1.66259e-02
 2.81659e-03  1.67179e-02

 3.55642e-03  1.59450e-02
 3.21047e-03  1.65513e-02
 3.20970e-03  1.63999e-02
 3.34117e-03  1.64749e-02
 3.21047e-03  1.65513e-02

 2.10937e-04  1.65150e-02
 2.10937e-04  1.78951e-02
 1.35254e-04  1.77640e-02
 2.86621e-04  1.77640e-02
 2.10938e-04  1.78951e-02

 6.32812e-04  1.65150e-02
 6.07130e-04  1.79161e-02
 5.33862e-04  1.77836e-02
 6.85203e-04  1.77864e-02
 6.07130e-04  1.79161e-02

 1.05469e-03  1.65150e-02
 1.01637e-03  1.78784e-02
 9.44398e-04  1.77452e-02
 1.09571e-03  1.77495e-02
 1.01637e-03  1.78784e-02

 1.47656e-03  1.65150e-02
 1.42009e-03  1.78185e-02
 1.35015e-03  1.76843e-02
 1.50138e-03  1.76908e-02
 1.42009e-03  1.78185e-02

 1.89844e-03  1.65150e-02
 1.82745e-03  1.77237e-02
 1.75958e-03  1.75884e-02
 1.91069e-03  1.75973e-02
 1.82745e-03  1.77237e-02

 2.32031e-03  1.65150e-02
 2.23475e-03  1.76051e-02
 2.16956e-03  1.74685e-02
 2.32046e-03  1.74803e-02
 2.23475e-03  1.76051e-02

 2.74219e-03  1.65150e-02
 2.64448e-03  1.74629e-02
 2.58264e-03  1.73248e-02
 2.73321e-03  1.73403e-02
 2.64448e-03  1.74629e-02

 3.16406e-03  1.65150e-02
 3.05600e-03  1.73028e-02
 2.99883e-03  1.71626e-02
 3.14880e-03  1.71832e-02
 3.05600e-03  1.73028e-02

 3.58594e-03  1.65150e-02
 3.47001e-03  1.71281e-02
 3.42000e-03  1.69852e-02
 3.56873e-03  1.70133e-02
 3.47001e-03  1.71281e-02

 2.12674e-04  1.70850e-02
 2.12674e-04  1.84621e-02
 1.36990e-04  1.83310e-02
 2.88357e-04  1.83310e-02
 2.12674e-04  1.84621e-02

 6.38021e-04  1.70850e-02
 6.67330e-04  1.84831e-02
 5.88916e-04  1.83536e-02
 7.40249e-04  1.83505e-02
 6.67330e-04  1.84831e-02

 1.06337e-03  1.70850e-02
 1.10603e-03  1.84456e-02
 1.02628e-03  1.83169e-02
 1.17757e-03  1.83122e-02
 1.10603e-03  1.84456e-02

 1.48872e-03  1.70850e-02
 1.54975e-03  1.83848e-02
 1.46800e-03  1.82574e-02
 1.61920e-03  1.82503e-02
 1.54975e-03  1.83848e-02

 1.91406e-03  1.70850e-02
 1.98953e-03  1.82887e-02
 1.90579e-03  1.81626e-02
 2.05686e-03  1.81531e-02
 1.98953e-03  1.82887e-02

 2.33941e-03  1.70850e-02
 2.42934e-03  1.81681e-02
 2.34307e-03  1.80437e-02
 2.49391e-03  1.80312e-02
 2.42934e-03  1.81681e-02

 2.76476e-03  1.70850e-02
 2.86713e-03  1.80236e-02
 2.77768e-03  1.79015e-02
 2.92815e-03  1.78851e-02
 2.86713e-03  1.80236e-02

 3.19010e-03  1.70850e-02
 3.30362e-03  1.78609e-02
 3.20976e-03  1.77422e-02
 3.35953e-03  1.77202e-02
 3.30362e-03  1.78609e-02

 3.61545e-03  1.70850e-02
 3.73832e-03  1.76836e-02
 3.63782e-03  1.75705e-02
 3.78610e-03  1.75400e-02
 3.73832e-03  1.76836e-02

 2.14410e-04  1.76550e-02
 2.14410e-04  1.89846e-02
 1.38726e-04  1.88535e-02
 2.90093e-04  1.88535e-02
 2.14410e-04  1.89846e-02

 6.43229e-04  1.76550e-02
 7.26799e-04  1.90044e-02
 6.43157e-04  1.88782e-02
 7.94235e-04  1.88688e-02
 7.26799e-04  1.90044e-02

 1.07205e-03  1.76550e-02
 1.19464e-03  1.89680e-02
 1.10710e-03  1.88445e-02
 1.25781e-03  1.88304e-02
 1.19464e-03  1.89680e-02

 1.50087e-03  1.76550e-02
 1.67814e-03  1.89082e-02
 1.58484e-03  1.87890e-02
 1.73472e-03  1.87678e-02
 1.67814e-03  1.89082e-02

 1.92969e-03  1.76550e-02
 2.15016e-03  1.88137e-02
 2.05131e-03  1.86991e-02
 2.20001e-03  1.86708e-02
 2.15016e-03  1.88137e-02

 2.35851e-03  1.76550e-02
 2.62238e-03  1.86951e-02
 2.51678e-03  1.85867e-02
 2.66350e-03  1.85494e-02
 2.62238e-03  1.86951e-02

 2.78733e-03  1.76550e-02
 3.08810e-03  1.85531e-02
 2.97470e-03  1.84528e-02
 3.11824e-03  1.84047e-02
 3.08810e-03  1.85531e-02

 3.21615e-03  1.76550e-02
 3.54938e-03  1.83931e-02
 3.42646e-03  1.83048e-02
 3.56442e-03  1.82425e-02
 3.54938e-03  1.83931e-02

 3.64497e-03  1.76550e-02
 4.00449e-03  1.82190e-02
 3.87021e-03  1.81491e-02
 3.99785e-03  1.80678e-02
 4.00449e-03  1.82190e-02

 2.16146e-04  1.82250e-02
 2.16146e-04  1.94653e-02
 1.40462e-04  1.93342e-02
 2.91829e-04  1.93342e-02
 2.16146e-04  1.94653e-02

 6.48438e-04  1.82250e-02
 7.83207e-04  1.94823e-02
 6.93984e-04  1.93601e-02
 8.44489e-04  1.93439e-02
 7.83207e-04  1.94823e-02

 1.08073e-03  1.82250e-02
 1.27882e-03  1.94479e-02
 1.18315e-03  1.93306e-02
 1.33257e-03  1.93064e-02
 1.27882e-03  1.94479e-02

 1.51302e-03  1.82250e-02
 1.80029e-03  1.93906e-02
 1.69543e-03  1.92814e-02
 1.84240e-03  1.92452e-02
 1.80029e-03  1.93906e-02

 1.94531e-03  1.82250e-02
 2.30310e-03  1.93008e-02
 2.18991e-03  1.92003e-02
 2.33355e-03  1.91526e-02
 2.30310e-03  1.93008e-02

 2.37760e-03  1.82250e-02
 2.80623e-03  1.91878e-02
 2.68378e-03  1.90989e-02
 2.82206e-03  1.90373e-02
 2.80623e-03  1.91878e-02

 2.80990e-03  1.82250e-02
 3.29853e-03  1.90528e-02
 3.16672e-03  1.89783e-02
 3.29707e-03  1.89014e-02
 3.29853e-03  1.90528e-02

 3.24219e-03  1.82250e-02
 3.78331e-03  1.89008e-02
 3.64230e-03  1.88457e-02
 3.76045e-03  1.87511e-02
 3.78331e-03  1.89008e-02

 3.67448e-03  1.82250e-02
 4.25759e-03  1.87355e-02
 4.10911e-03  1.87061e-02
 4.20881e-03  1.85922e-02
 4.25759e-03  1.87355e-02

 2.17882e-04  1.87950e-02
 2.17882e-04  1.99069e-02
 1.42198e-04  1.97758e-02
 2.93565e-04  1.97758e-02
 2.17882e-04  1.99069e-02

 6.53646e-04  1.87950e-02
 8.33909e-04  1.99197e-02
 7.38433e-04  1.98022e-02
 8.87892e-04  1.97782e-02
 8.33909e-04  1.99197e-02

 1.08941e-03  1.87950e-02
 1.35471e-03  1.98880e-02
 1.25024e-03  1.97785e-02
 1.39734e-03  1.97428e-02
 1.35471e-03  1.98880e-02

 1.52517e-03  1.87950e-02
 1.91045e-03  1.98349e-02
 1.79394e-03  1.97383e-02
 1.93588e-03  1.96857e-02
 1.91045e-03  1.98349e-02

 1.96094e-03  1.87950e-02
 2.44103e-03  1.97527e-02
 2.31462e-03  1.96694e-02
 2.44994e-03  1.96016e-02
 2.44103e-03  1.97527e-02

 2.39670e-03  1.87950e-02
 2.97196e-03  1.96492e-02
 2.83596e-03  1.95827e-02
 2.96151e-03  1.94982e-02
 2.97196e-03  1.96492e-02

 2.83247e-03  1.87950e-02
 3.48806e-03  1.95257e-02
 3.34418e-03  1.94787e-02
 3.45685e-03  1.93776e-02
 3.48806e-03  1.95257e-02

 3.26823e-03  1.87950e-02
 3.99370e-03  1.93868e-02
 3.84428e-03  1.93626e-02
 3.93997e-03  1.92453e-02
 3.99370e-03  1.93868e-02

 3.70399e-03  1.87950e-02
 4.48482e-03  1.92361e-02
 4.33346e-03  1.92375e-02
 4.40791e-03  1.91057e-02
 4.48482e-03  1.92361e-02

 2.19618e-04  1.93650e-02
 2.19618e-04  2.03182e-02
 1.43935e-04  2.01871e-02
 2.95302e-04  2.01871e-02
 2.19618e-04  2.03182e-02

 6.58854e-04  1.93650e-02
 8.76558e-04  2.03252e-02
 7.73762e-04  2.02141e-02
 9.21382e-04  2.01806e-02
 8.76558e-04  2.03252e-02

 1.09809e-03  1.93650e-02
 1.41877e-03  2.02969e-02
 1.30455e-03  2.01976e-02
 1.44768e-03  2.01483e-02
 1.41877e-03  2.02969e-02

 1.53733e-03  1.93650e-02
 2.00323e-03  2.02491e-02
 1.87516e-03  2.01684e-02
 2.00907e-03  2.00978e-02
 2.00323e-03  2.02491e-02

 1.97656e-03  1.93650e-02
 2.55701e-03  2.01769e-02
 2.41920e-03  2.01142e-02
 2.54233e-03  2.00262e-02
 2.55701e-03  2.01769e-02

 2.41580e-03  1.93650e-02
 3.11097e-03  2.00859e-02
 2.96549e-03  2.00441e-02
 3.07446e-03  1.99390e-02
 3.11097e-03  2.00859e-02

 2.85503e-03  1.93650e-02
 3.64653e-03  1.99778e-02
 3.49655e-03  1.99574e-02
 3.58921e-03  1.98377e-02
 3.64653e-03  1.99778e-02

 3.29427e-03  1.93650e-02
 4.16902e-03  1.98564e-02
 4.01766e-03  1.98582e-02
 4.09180e-03  1.97262e-02
 4.16902e-03  1.98564e-02

 3.73351e-03  1.93650e-02
 4.67342e-03  1.97250e-02
 4.52393e-03  1.97488e-02
 4.57807e-03  1.96074e-02
 4.67342e-03  1.97250e-02

 2.21354e-04  1.99350e-02
 2.21354e-04  2.07017e-02
 1.45671e-04  2.05706e-02
 2.97038e-04  2.05706e-02
 2.21354e-04  2.07017e-02

 6.64062e-04  1.99350e-02
 9.07582e-04  2.07017e-02
 7.95769e-04  2.05997e-02
 9.40034e-04  2.05539e-02
 9.07582e-04  2.07017e-02

 1.10677e-03  1.99350e-02
 1.46545e-03  2.06779e-02
 1.34030e-03  2.05927e-02
 1.47661e-03  2.05269e-02
 1.46545e-03  2.06779e-02

 1.54948e-03  1.99350e-02
 2.07046e-03  2.06372e-02
 1.93157e-03  2.05770e-02
 2.05314e-03  2.04869e-02
 2.07046e-03  2.06372e-02

 1.99219e-03  1.99350e-02
 2.64058e-03  2.05778e-02
 2.49421e-03  2.05393e-02
 2.60078e-03  2.04318e-02
 2.64058e-03  2.05778e-02

 2.43490e-03  1.99350e-02
 3.21058e-03  2.05030e-02
 3.06010e-03  2.04866e-02
 3.14952e-03  2.03645e-02
 3.21058e-03  2.05030e-02

 2.87760e-03  1.99350e-02
 3.75939e-03  2.04144e-02
 3.60808e-03  2.04182e-02
 3.68037e-03  2.02853e-02
 3.75939e-03  2.04144e-02

 3.32031e-03  1.99350e-02
 4.29315e-03  2.03150e-02
 4.14351e-03  2.03378e-02
 4.19858e-03  2.01968e-02
 4.29315e-03  2.03150e-02

 3.76302e-03  1.99350e-02
 4.80601e-03  2.02078e-02
 4.66004e-03  2.02478e-02
 4.69834e-03  2.01014e-02
 4.80601e-03  2.02078e-02

 2.23090e-04  2.05050e-02
 2.23090e-04  2.10785e-02
 1.47407e-04  2.09474e-02
 2.98774e-04  2.09474e-02
 2.23090e-04  2.10785e-02

 6.69271e-04  2.05050e-02
 9.24733e-04  2.10706e-02
 8.01800e-04  2.09823e-02
 9.39749e-04  2.09200e-02
 9.24733e-04  2.10706e-02

 1.11545e-03  2.05050e-02
 1.49070e-03  2.10516e-02
 1.35411e-03  2.09864e-02
 1.47890e-03  2.09007e-02
 1.49070e-03  2.10516e-02

 1.56163e-03  2.05050e-02
 2.10584e-03  2.10188e-02
 1.95857e-03  2.09839e-02
 2.06248e-03  2.08738e-02
 2.10584e-03  2.10188e-02

 2.00781e-03  2.05050e-02
 2.68354e-03  2.09733e-02
 2.53268e-03  2.09608e-02
 2.61890e-03  2.08364e-02
 2.68354e-03  2.09733e-02

 2.45399e-03  2.05050e-02
 3.26070e-03  2.09158e-02
 3.10955e-03  2.09237e-02
 3.17823e-03  2.07888e-02
 3.26070e-03  2.09158e-02

 2.90017e-03  2.05050e-02
 3.81511e-03  2.08481e-02
 3.66580e-03  2.08729e-02
 3.71894e-03  2.07312e-02
 3.81511e-03  2.08481e-02

 3.34635e-03  2.05050e-02
 4.35317e-03  2.07724e-02
 4.20705e-03  2.08119e-02
 4.24590e-03  2.06656e-02
 4.35317e-03  2.07724e-02

 3.79253e-03  2.05050e-02
 4.86883e-03  2.06910e-02
 4.72677e-03  2.07432e-02
 4.75254e-03  2.05941e-02
 4.86883e-03  2.06910e-02

 2.24826e-04  2.10750e-02
 2.24826e-04  2.14407e-02
 1.49143e-04  2.13096e-02
 3.00510e-04  2.13096e-02
 2.24826e-04  2.14407e-02

 6.74479e-04  2.10750e-02
 9.21344e-04  2.14275e-02
 7.84154e-04  2.13635e-02
 9.08141e-04  2.12767e-02
 9.21344e-04  2.14275e-02

 1.12413e-03  2.10750e-02
 1.48389e-03  2.14154e-02
 1.33665e-03  2.13803e-02
 1.44068e-03  2.12703e-02
 1.48389e-03  2.14154e-02

 1.57378e-03  2.10750e-02
 2.09446e-03  2.13931e-02
 1.94314e-03  2.13893e-02
 2.02204e-03  2.12601e-02
 2.09446e-03  2.13931e-02

 2.02344e-03  2.10750e-02
 2.66746e-03  2.13640e-02
 2.51687e-03  2.13794e-02
 2.57885e-03  2.12413e-02
 2.66746e-03  2.13640e-02

 2.47309e-03  2.10750e-02
 3.24007e-03  2.13268e-02
 3.09191e-03  2.13578e-02
 3.13912e-03  2.12140e-02
 3.24007e-03  2.13268e-02

 2.92274e-03  2.10750e-02
 3.79000e-03  2.12833e-02
 3.64486e-03  2.13263e-02
 3.68021e-03  2.11791e-02
 3.79000e-03  2.12833e-02

 3.37240e-03  2.10750e-02
 4.32389e-03  2.12346e-02
 4.18208e-03  2.12876e-02
 4.20713e-03  2.11383e-02
 4.32389e-03  2.12346e-02

 3.82205e-03  2.10750e-02
 4.83583e-03  2.11825e-02
 4.69749e-03  2.12440e-02
 4.71345e-03  2.10934e-02
 4.83583e-03  2.11825e-02

 2.26562e-04  2.16450e-02
 2.26562e-04  2.18443e-02
 1.50879e-04  2.17132e-02
 3.02246e-04  2.17132e-02
 2.26563e-04  2.18443e-02

 6.79687e-04  2.16450e-02
 8.96725e-04  2.18270e-02
 7.47649e-04  2.18008e-02
 8.44908e-04  2.16848e-02
 8.96725e-04  2.18270e-02

 1.13281e-03  2.16450e-02
 1.44174e-03  2.18210e-02
 1.29037e-03  2.18219e-02
 1.36530e-03  2.16903e-02
 1.44174e-03  2.18210e-02

 1.58594e-03  2.16450e-02
 2.03180e-03  2.18070e-02
 1.88274e-03  2.18334e-02
 1.93444e-03  2.16911e-02
 2.03180e-03  2.18070e-02

 2.03906e-03  2.16450e-02
 2.58683e-03  2.17911e-02
 2.44067e-03  2.18304e-02
 2.47967e-03  2.16842e-02
 2.58683e-03  2.17911e-02

 2.49219e-03  2.16450e-02
 3.14252e-03  2.17697e-02
 2.99952e-03  2.18194e-02
 3.02804e-03  2.16707e-02
 3.14252e-03  2.17697e-02

 2.94531e-03  2.16450e-02
 3.67765e-03  2.17453e-02
 3.53750e-03  2.18025e-02
 3.55804e-03  2.16525e-02
 3.67765e-03  2.17453e-02

 3.39844e-03  2.16450e-02
 4.19894e-03  2.17178e-02
 4.06154e-03  2.17813e-02
 4.07525e-03  2.16306e-02
 4.19894e-03  2.17178e-02

 3.85156e-03  2.16450e-02
 4.70066e-03  2.16886e-02
 4.56586e-03  2.17575e-02
 4.57362e-03  2.16063e-02
 4.70066e-03  2.16886e-02

 2.28299e-04  2.22150e-02
 2.28299e-04  2.22150e-02
 3.03982e-04  2.23461e-02
 1.52615e-04  2.23461e-02
 2.28299e-04  2.22150e-02

 6.84896e-04  2.22150e-02
 8.16858e-04  2.22150e-02
 6.85770e-04  2.22907e-02
 6.85770e-04  2.21393e-02
 8.16858e-04  2.22150e-02

 1.14149e-03  2.22150e-02
 1.32564e-03  2.22150e-02
 1.19455e-03  2.22907e-02
 1.19455e-03  2.21393e-02
 1.32564e-03  2.22150e-02

 1.59809e-03  2.22150e-02
 1.86266e-03  2.22150e-02
 1.73157e-03  2.22907e-02
 1.73157e-03  2.21393e-02
 1.86266e-03  2.22150e-02

 2.05469e-03  2.22150e-02
 2.37752e-03  2.22150e-02
 2.24643e-03  2.22907e-02
 2.24643e-03  2.21393e-02
 2.37752e-03  2.22150e-02

 2.51128e-03  2.22150e-02
 2.89333e-03  2.22150e-02
 2.76224e-03  2.22907e-02
 2.76224e-03  2.21393e-02
 2.89333e-03  2.22150e-02

 2.96788e-03  2.22150e-02
 3.39642e-03  2.22150e-02
 3.26533e-03  2.22907e-02
 3.26533e-03  2.21393e-02
 3.39642e-03  2.22150e-02

 3.42448e-03  2.22150e-02
 3.89129e-03  2.22150e-02
 3.76020e-03  2.22907e-02
 3.76020e-03  2.21393e-02
 3.89129e-03  2.22150e-02

 3.88108e-03  2.22150e-02
 4.37443e-03  2.22150e-02
 4.24335e-03  2.22907e-02
 4.24335e-03  2.21393e-02
 4.37443e-03  2.22150e-02

 3.76510e-03  1.13850e-02
 3.23197e-03  1.13850e-02
 3.36305e-03  1.13093e-02
 3.36305e-03  1.14607e-02
 3.23197e-03  1.13850e-02

 4.26406e-03  1.13850e-02
 3.70435e-03  1.13850e-02
 3.83543e-03  1.13093e-02
 3.83543e-03  1.14607e-02
 3.70435e-03  1.13850e-02

 4.76302e-03  1.13850e-02
 4.19146e-03  1.13850e-02
 4.32255e-03  1.13093e-02
 4.32255e-03  1.14607e-02
 4.19146e-03  1.13850e-02

 5.26198e-03  1.13850e-02
 4.69309e-03  1.13850e-02
 4.82418e-03  1.13093e-02
 4.82418e-03  1.14607e-02
 4.69309e-03  1.13850e-02

 5.76094e-03  1.13850e-02
 5.20830e-03  1.13850e-02
 5.33939e-03  1.13093e-02
 5.33939e-03  1.14607e-02
 5.20830e-03  1.13850e-02

 6.25990e-03  1.13850e-02
 5.73589e-03  1.13850e-02
 5.86697e-03  1.13093e-02
 5.86697e-03  1.14607e-02
 5.73589e-03  1.13850e-02

 6.75885e-03  1.13850e-02
 6.27459e-03  1.13850e-02
 6.40568e-03  1.13093e-02
 6.40568e-03  1.14607e-02
 6.27459e-03  1.13850e-02

 7.25781e-03  1.13850e-02
 6.82261e-03  1.13850e-02
 6.95370e-03  1.13093e-02
 6.95370e-03  1.14607e-02
 6.82261e-03  1.13850e-02

 7.75677e-03  1.13850e-02
 7.37864e-03  1.13850e-02
 7.50973e-03  1.13093e-02
 7.50973e-03  1.14607e-02
 7.37864e-03  1.13850e-02

 8.25573e-03  1.13850e-02
 7.93951e-03  1.13850e-02
 8.07060e-03  1.13093e-02
 8.07060e-03  1.14607e-02
 7.93951e-03  1.13850e-02

 8.75469e-03  1.13850e-02
 8.50489e-03  1.13850e-02
 8.63597e-03  1.13093e-02
 8.63597e-03  1.14607e-02
 8.50489e-03  1.13850e-02

 9.25365e-03  1.13850e-02
 9.06771e-03  1.13850e-02
 9.19879e-03  1.13093e-02
 9.19879e-03  1.14607e-02
 9.06771e-03  1.13850e-02

 9.75260e-03  1.13850e-02
 9.63352e-03  1.13850e-02
 9.76461e-03  1.13093e-02
 9.76461e-03  1.14607e-02
 9.63352e-03  1.13850e-02

 1.02516e-02  1.13850e-02
 1.01818e-02  1.13850e-02
 1.03129e-02  1.13093e-02
 1.03129e-02  1.14607e-02
 1.01818e-02  1.13850e-02

 1.07505e-02  1.13850e-02
 1.07505e-02  1.13850e-02
 1.06194e-02  1.14607e-02
 1.06194e-02  1.13093e-02
 1.07505e-02  1.13850e-02

 3.79531e-03  1.19550e-02
 2.90505e-03  1.20528e-02
 3.02709e-03  1.19632e-02
 3.04361e-03  1.21137e-02
 2.90505e-03  1.20528e-02

 4.29219e-03  1.19550e-02
 3.35946e-03  1.20162e-02
 3.48532e-03  1.19321e-02
 3.49523e-03  1.20831e-02
 3.35946e-03  1.20162e-02

 4.78906e-03  1.19550e-02
 3.83825e-03  1.19797e-02
 3.96733e-03  1.19007e-02
 3.97126e-03  1.20520e-02
 3.83825e-03  1.19797e-02

 5.28594e-03  1.19550e-02
 4.34065e-03  1.19449e-02
 4.47254e-03  1.18706e-02
 4.47092e-03  1.20219e-02
 4.34065e-03  1.19449e-02

 5.78281e-03  1.19550e-02
 4.86568e-03  1.19125e-02
 5.00013e-03  1.18430e-02
 4.99313e-03  1.19942e-02
 4.86568e-03  1.19125e-02

 6.27969e-03  1.19550e-02
 5.41130e-03  1.18833e-02
 5.54816e-03  1.18187e-02
 5.53571e-03  1.19695e-02
 5.41130e-03  1.18833e-02

 6.77656e-03  1.19550e-02
 5.97576e-03  1.18577e-02
 6.11502e-03  1.17984e-02
 6.09675e-03  1.19486e-02
 5.97576e-03  1.18577e-02

 7.27344e-03  1.19550e-02
 6.55602e-03  1.18361e-02
 6.69772e-03  1.17829e-02
 6.67297e-03  1.19322e-02
 6.55602e-03  1.18361e-02

 7.77031e-03  1.19550e-02
 7.14989e-03  1.18193e-02
 7.29412e-03  1.17734e-02
 7.26178e-03  1.19213e-02
 7.14989e-03  1.18193e-02

 8.26719e-03  1.19550e-02
 7.75209e-03  1.18081e-02
 7.89890e-03  1.17713e-02
 7.85739e-03  1.19168e-02
 7.75209e-03  1.18081e-02

 8.76406e-03  1.19550e-02
 8.36143e-03  1.18031e-02
 8.51080e-03  1.17786e-02
 8.45737e-03  1.19202e-02
 8.36143e-03  1.18031e-02

 9.26094e-03  1.19550e-02
 8.96647e-03  1.18054e-02
 9.11762e-03  1.17973e-02
 9.04905e-03  1.19322e-02
 8.96647e-03  1.18054e-02

 9.75781e-03  1.19550e-02
 9.57405e-03  1.18151e-02
 9.72420e-03  1.18343e-02
 9.63253e-03  1.19548e-02
 9.57405e-03  1.18151e-02

 1.02547e-02  1.19550e-02
 1.01522e-02  1.18348e-02
 1.02948e-02  1.18854e-02
 1.01796e-02  1.19836e-02
 1.01522e-02  1.18348e-02

 1.07516e-02  1.19550e-02
 1.07516e-02  1.18744e-02
 1.08272e-02  1.20055e-02
 1.06759e-02  1.20055e-02
 1.07516e-02  1.18744e-02

 3.82552e-03  1.25250e-02
 2.79221e-03  1.26724e-02
 2.91130e-03  1.25790e-02
 2.93268e-03  1.27288e-02
 2.79221e-03  1.26724e-02

 4.32031e-03  1.25250e-02
 3.24016e-03  1.26100e-02
 3.36490e-03  1.25243e-02
 3.37678e-03  1.26752e-02
 3.24016e-03  1.26100e-02

 4.81510e-03  1.25250e-02
 3.71489e-03  1.25478e-02
 3.84439e-03  1.24694e-02
 3.84752e-03  1.26207e-02
 3.71489e-03  1.25478e-02

 5.30990e-03  1.25250e-02
 4.21627e-03  1.24879e-02
 4.34985e-03  1.24167e-02
 4.34472e-03  1.25680e-02
 4.21627e-03  1.24879e-02

 5.80469e-03  1.25250e-02
 4.74338e-03  1.24319e-02
 4.88058e-03  1.23680e-02
 4.86735e-03  1.25188e-02
 4.74338e-03  1.24319e-02

 6.29948e-03  1.25250e-02
 5.29471e-03  1.23809e-02
 5.43521e-03  1.23246e-02
 5.41372e-03  1.24744e-02
 5.29471e-03  1.23809e-02

 6.79427e-03  1.25250e-02
 5.86813e-03  1.23358e-02
 6.01172e-03  1.22879e-02
 5.98142e-03  1.24362e-02
 5.86813e-03  1.23358e-02

 7.28906e-03  1.25250e-02
 6.46040e-03  1.22979e-02
 6.60683e-03  1.22596e-02
 6.56683e-03  1.24056e-02
 6.46040e-03  1.22979e-02

 7.78385e-03  1.25250e-02
 7.06860e-03  1.22686e-02
 7.21754e-03  1.22416e-02
 7.16646e-03  1.23841e-02
 7.06860e-03  1.22686e-02

 8.27865e-03  1.25250e-02
 7.68666e-03  1.22496e-02
 7.83744e-03  1.22363e-02
 7.77360e-03  1.23735e-02
 7.68666e-03  1.22496e-02

 8.77344e-03  1.25250e-02
 8.31255e-03  1.22424e-02
 8.46386e-03  1.22464e-02
 8.38474e-03  1.23755e-02
 8.31255e-03  1.22424e-02

 9.26823e-03  1.25250e-02
 8.93353e-03  1.22489e-02
 9.08282e-03  1.22740e-02
 8.98650e-03  1.23907e-02
 8.93353e-03  1.22489e-02

 9.76302e-03  1.25250e-02
 9.55564e-03  1.22712e-02
 9.69719e-03  1.23248e-02
 9.57996e-03  1.24206e-02
 9.55564e-03  1.22712e-02

 1.02578e-02  1.25250e-02
 1.01444e-02  1.23120e-02
 1.02728e-02  1.23922e-02
 1.01392e-02  1.24633e-02
 1.01444e-02  1.23120e-02

 1.07526e-02  1.25250e-02
 1.07526e-02  1.23893e-02
 1.08283e-02  1.25204e-02
 1.06769e-02  1.25204e-02
 1.07526e-02  1.23893e-02

 3.85573e-03  1.30950e-02
 2.77709e-03  1.33175e-02
 2.89018e-03  1.32169e-02
 2.92076e-03  1.33652e-02
 2.77709e-03  1.33175e-02

 4.34844e-03  1.30950e-02
 3.22272e-03  1.32218e-02
 3.34452e-03  1.31319e-02
 3.36146e-03  1.32823e-02
 3.22272e-03  1.32218e-02

 4.84115e-03  1.30950e-02
 3.69560e-03  1.31258e-02
 3.82461e-03  1.30466e-02
 3.82868e-03  1.31979e-02
 3.69560e-03  1.31258e-02

 5.33385e-03  1.30950e-02
 4.19580e-03  1.30326e-02
 4.33083e-03  1.29643e-02
 4.32255e-03  1.31154e-02
 4.19580e-03  1.30326e-02

 5.82656e-03  1.30950e-02
 4.72287e-03  1.29447e-02
 4.86297e-03  1.28874e-02
 4.84255e-03  1.30374e-02
 4.72287e-03  1.29447e-02

 6.31927e-03  1.30950e-02
 5.27529e-03  1.28640e-02
 5.41964e-03  1.28184e-02
 5.38693e-03  1.29662e-02
 5.27529e-03  1.28640e-02

 6.81198e-03  1.30950e-02
 5.85103e-03  1.27925e-02
 5.99879e-03  1.27597e-02
 5.95334e-03  1.29041e-02
 5.85103e-03  1.27925e-02

 7.30469e-03  1.30950e-02
 6.44651e-03  1.27325e-02
 6.59672e-03  1.27138e-02
 6.53782e-03  1.28532e-02
 6.44651e-03  1.27325e-02

 7.79740e-03  1.30950e-02
 7.05854e-03  1.26865e-02
 7.20988e-03  1.26837e-02
 7.13664e-03  1.28161e-02
 7.05854e-03  1.26865e-02

 8.29010e-03  1.30950e-02
 7.68075e-03  1.26569e-02
 7.83137e-03  1.26720e-02
 7.74301e-03  1.27949e-02
 7.68075e-03  1.26569e-02

 8.78281e-03  1.30950e-02
 8.31053e-03  1.26467e-02
 8.45771e-03  1.26821e-02
 8.35351e-03  1.27919e-02
 8.31053e-03  1.26467e-02

 9.27552e-03  1.30950e-02
 8.93479e-03  1.26585e-02
 9.07512e-03  1.27153e-02
 8.95580e-03  1.28085e-02
 8.93479e-03  1.26585e-02

 9.76823e-03  1.30950e-02
 9.55870e-03  1.26963e-02
 9.68667e-03  1.27771e-02
 9.55268e-03  1.28475e-02
 9.55870e-03  1.26963e-02

 1.02609e-02  1.30950e-02
 1.01478e-02  1.27630e-02
 1.02617e-02  1.28626e-02
 1.01184e-02  1.29115e-02
 1.01478e-02  1.27630e-02

 1.07536e-02  1.30950e-02
 1.07536e-02  1.28880e-02
 1.08293e-02  1.30191e-02
 1.06780e-02  1.30191e-02
 1.07536e-02  1.28880e-02

 3.88594e-03  1.36650e-02
 2.84756e-03  1.39443e-02
 2.95449e-03  1.38371e-02
 2.99381e-03  1.39833e-02
 2.84756e-03  1.39443e-02

 4.37656e-03  1.36650e-02
 3.29497e-03  1.38194e-02
 3.41405e-03  1.37259e-02
 3.43544e-03  1.38758e-02
 3.29497e-03  1.38194e-02

 4.86719e-03  1.36650e-02
 3.76804e-03  1.36938e-02
 3.89710e-03  1.36147e-02
 3.90106e-03  1.37660e-02
 3.76804e-03  1.36938e-02

 5.35781e-03  1.36650e-02
 4.26714e-03  1.35712e-02
 4.40423e-03  1.35070e-02
 4.39126e-03  1.36578e-02
 4.26714e-03  1.35712e-02

 5.84844e-03  1.36650e-02
 4.79190e-03  1.34547e-02
 4.93523e-03  1.34061e-02
 4.90569e-03  1.35546e-02
 4.79190e-03  1.34547e-02

 6.33906e-03  1.36650e-02
 5.34087e-03  1.33475e-02
 5.48873e-03  1.33151e-02
 5.44285e-03  1.34593e-02
 5.34087e-03  1.33475e-02

 6.82969e-03  1.36650e-02
 5.91210e-03  1.32525e-02
 6.06270e-03  1.32372e-02
 6.00063e-03  1.33753e-02
 5.91210e-03  1.32525e-02

 7.32031e-03  1.36650e-02
 6.50225e-03  1.31729e-02
 6.65359e-03  1.31756e-02
 6.57557e-03  1.33054e-02
 6.50225e-03  1.31729e-02

 7.81094e-03  1.36650e-02
 7.10793e-03  1.31124e-02
 7.25776e-03  1.31339e-02
 7.16422e-03  1.32529e-02
 7.10793e-03  1.31124e-02

 8.30156e-03  1.36650e-02
 7.72307e-03  1.30743e-02
 7.86886e-03  1.31150e-02
 7.76072e-03  1.32209e-02
 7.72307e-03  1.30743e-02

 8.79219e-03  1.36650e-02
 8.34496e-03  1.30627e-02
 8.48387e-03  1.31229e-02
 8.36235e-03  1.32131e-02
 8.34496e-03  1.30627e-02

 9.28281e-03  1.36650e-02
 8.96114e-03  1.30811e-02
 9.09068e-03  1.31594e-02
 8.95810e-03  1.32325e-02
 8.96114e-03  1.30811e-02

 9.77344e-03  1.36650e-02
 9.57621e-03  1.31352e-02
 9.69287e-03  1.32317e-02
 9.55101e-03  1.32845e-02
 9.57621e-03  1.31352e-02

 1.02641e-02  1.36650e-02
 1.01578e-02  1.32276e-02
 1.02623e-02  1.33372e-02
 1.01152e-02  1.33729e-02
 1.01578e-02  1.32276e-02

 1.07547e-02  1.36650e-02
 1.07547e-02  1.33963e-02
 1.08304e-02  1.35274e-02
 1.06790e-02  1.35274e-02
 1.07547e-02  1.33963e-02

 3.91615e-03  1.42350e-02
 2.97903e-03  1.45694e-02
 3.07706e-03  1.44541e-02
 3.12793e-03  1.45966e-02
 2.97903e-03  1.45694e-02

 4.40469e-03  1.42350e-02
 3.43041e-03  1.44160e-02
 3.54547e-03  1.43177e-02
 3.57312e-03  1.44665e-02
 3.43041e-03  1.44160e-02

 4.89323e-03  1.42350e-02
 3.90480e-03  1.42615e-02
 4.03382e-03  1.41823e-02
 4.03787e-03  1.43336e-02
 3.90480e-03  1.42615e-02

 5.38177e-03  1.42350e-02
 4.40250e-03  1.41101e-02
 4.54211e-03  1.40516e-02
 4.52296e-03  1.42018e-02
 4.40250e-03  1.41101e-02

 5.87031e-03  1.42350e-02
 4.92306e-03  1.39659e-02
 5.06984e-03  1.39289e-02
 5.02848e-03  1.40746e-02
 4.92306e-03  1.39659e-02

 6.35885e-03  1.42350e-02
 5.46526e-03  1.38329e-02
 5.61586e-03  1.38177e-02
 5.55375e-03  1.39558e-02
 5.46526e-03  1.38329e-02

 6.84740e-03  1.42350e-02
 6.02721e-03  1.37153e-02
 6.17845e-03  1.37215e-02
 6.09743e-03  1.38493e-02
 6.02721e-03  1.37153e-02

 7.33594e-03  1.42350e-02
 6.60577e-03  1.36170e-02
 6.75472e-03  1.36440e-02
 6.65694e-03  1.37595e-02
 6.60577e-03  1.36170e-02

 7.82448e-03  1.42350e-02
 7.19798e-03  1.35428e-02
 7.34206e-03  1.35892e-02
 7.22983e-03  1.36908e-02
 7.19798e-03  1.35428e-02

 8.31302e-03  1.42350e-02
 7.79830e-03  1.34969e-02
 7.93536e-03  1.35611e-02
 7.81120e-03  1.36477e-02
 7.79830e-03  1.34969e-02

 8.80156e-03  1.42350e-02
 8.40425e-03  1.34843e-02
 8.53246e-03  1.35648e-02
 8.39868e-03  1.36356e-02
 8.40425e-03  1.34843e-02

 9.29010e-03  1.42350e-02
 9.00478e-03  1.35093e-02
 9.12318e-03  1.36036e-02
 8.98231e-03  1.36590e-02
 9.00478e-03  1.35093e-02

 9.77865e-03  1.42350e-02
 9.60392e-03  1.35791e-02
 9.71079e-03  1.36863e-02
 9.56453e-03  1.37252e-02
 9.60392e-03  1.35791e-02

 1.02672e-02  1.42350e-02
 1.01731e-02  1.36957e-02
 1.02702e-02  1.38119e-02
 1.01211e-02  1.38379e-02
 1.01731e-02  1.36957e-02

 1.07557e-02  1.42350e-02
 1.07557e-02  1.39060e-02
 1.08314e-02  1.40371e-02
 1.06800e-02  1.40371e-02
 1.07557e-02  1.39060e-02

 3.94635e-03  1.48050e-02
 3.16303e-03  1.51794e-02
 3.24867e-03  1.50546e-02
 3.31394e-03  1.51911e-02
 3.16303e-03  1.51794e-02

 4.43281e-03  1.48050e-02
 3.61997e-03  1.50021e-02
 3.72953e-03  1.48977e-02
 3.76520e-03  1.50448e-02
 3.61997e-03  1.50021e-02

 4.91927e-03  1.48050e-02
 4.09614e-03  1.48234e-02
 4.22550e-03  1.47448e-02
 4.22889e-03  1.48962e-02
 4.09614e-03  1.48234e-02

 5.40573e-03  1.48050e-02
 4.59168e-03  1.46482e-02
 4.73471e-03  1.45987e-02
 4.70609e-03  1.47473e-02
 4.59168e-03  1.46482e-02

 5.89219e-03  1.48050e-02
 5.10614e-03  1.44813e-02
 5.25617e-03  1.44612e-02
 5.19853e-03  1.46012e-02
 5.10614e-03  1.44813e-02

 6.37865e-03  1.48050e-02
 5.63827e-03  1.43273e-02
 5.78945e-03  1.43348e-02
 5.70739e-03  1.44620e-02
 5.63827e-03  1.43273e-02

 6.86510e-03  1.48050e-02
 6.18652e-03  1.41913e-02
 6.33451e-03  1.42231e-02
 6.23298e-03  1.43354e-02
 6.18652e-03  1.41913e-02

 7.35156e-03  1.48050e-02
 6.74822e-03  1.40782e-02
 6.89018e-03  1.41307e-02
 6.77372e-03  1.42274e-02
 6.74822e-03  1.40782e-02

 7.83802e-03  1.48050e-02
 7.32089e-03  1.39933e-02
 7.45516e-03  1.40632e-02
 7.32750e-03  1.41445e-02
 7.32089e-03  1.39933e-02

 8.32448e-03  1.48050e-02
 7.89995e-03  1.39416e-02
 8.02571e-03  1.40258e-02
 7.88987e-03  1.40926e-02
 7.89995e-03  1.39416e-02

 8.81094e-03  1.48050e-02
 8.48337e-03  1.39290e-02
 8.60017e-03  1.40252e-02
 8.45839e-03  1.40783e-02
 8.48337e-03  1.39290e-02

 9.29740e-03  1.48050e-02
 9.06213e-03  1.39601e-02
 9.17021e-03  1.40661e-02
 9.02439e-03  1.41067e-02
 9.06213e-03  1.39601e-02

 9.78385e-03  1.48050e-02
 9.63963e-03  1.40436e-02
 9.73839e-03  1.41583e-02
 9.58967e-03  1.41865e-02
 9.63963e-03  1.40436e-02

 1.02703e-02  1.48050e-02
 1.01925e-02  1.41809e-02
 1.02838e-02  1.43016e-02
 1.01336e-02  1.43204e-02
 1.01925e-02  1.41809e-02

 1.07568e-02  1.48050e-02
 1.07568e-02  1.44259e-02
 1.08325e-02  1.45570e-02
 1.06811e-02  1.45570e-02
 1.07568e-02  1.44259e-02

 3.97656e-03  1.53750e-02
 3.38693e-03  1.57780e-02
 3.45244e-03  1.56416e-02
 3.53786e-03  1.57666e-02
 3.38693e-03  1.57780e-02

 4.46094e-03  1.53750e-02
 3.85035e-03  1.55814e-02
 3.95030e-03  1.54677e-02
 3.99877e-03  1.56111e-02
 3.85035e-03  1.55814e-02

 4.94531e-03  1.53750e-02
 4.32830e-03  1.53833e-02
 4.45836e-03  1.53058e-02
 4.46039e-03  1.54572e-02
 4.32830e-03  1.53833e-02

 5.42969e-03  1.53750e-02
 4.82075e-03  1.51891e-02
 4.96823e-03  1.51550e-02
 4.92403e-03  1.52998e-02
 4.82075e-03  1.51891e-02

 5.91406e-03  1.53750e-02
 5.32727e-03  1.50042e-02
 5.47851e-03  1.50102e-02
 5.39765e-03  1.51382e-02
 5.32727e-03  1.50042e-02

 6.39844e-03  1.53750e-02
 5.84684e-03  1.48339e-02
 5.99342e-03  1.48716e-02
 5.88742e-03  1.49797e-02
 5.84684e-03  1.48339e-02

 6.88281e-03  1.53750e-02
 6.37816e-03  1.46837e-02
 6.51658e-03  1.47450e-02
 6.39433e-03  1.48342e-02
 6.37816e-03  1.46837e-02

 7.36719e-03  1.53750e-02
 6.91921e-03  1.45594e-02
 7.04865e-03  1.46378e-02
 6.91598e-03  1.47107e-02
 6.91921e-03  1.45594e-02

 7.85156e-03  1.53750e-02
 7.46808e-03  1.44665e-02
 7.58879e-03  1.45578e-02
 7.44933e-03  1.46167e-02
 7.46808e-03  1.44665e-02

 8.33594e-03  1.53750e-02
 8.02140e-03  1.44106e-02
 8.13401e-03  1.45118e-02
 7.99010e-03  1.45587e-02
 8.02140e-03  1.44106e-02

 8.82031e-03  1.53750e-02
 8.57767e-03  1.43984e-02
 8.68273e-03  1.45074e-02
 8.53583e-03  1.45438e-02
 8.57767e-03  1.43984e-02

 9.30469e-03  1.53750e-02
 9.13036e-03  1.44347e-02
 9.22867e-03  1.45498e-02
 9.07984e-03  1.45774e-02
 9.13036e-03  1.44347e-02

 9.78906e-03  1.53750e-02
 9.68202e-03  1.45291e-02
 9.77356e-03  1.46496e-02
 9.62339e-03  1.46686e-02
 9.68202e-03  1.45291e-02

 1.02734e-02  1.53750e-02
 1.02156e-02  1.46824e-02
 1.03019e-02  1.48067e-02
 1.01511e-02  1.48193e-02
 1.02156e-02  1.46824e-02

 1.07578e-02  1.53750e-02
 1.07578e-02  1.49550e-02
 1.08335e-02  1.50861e-02
 1.06821e-02  1.50861e-02
 1.07578e-02  1.49550e-02

 4.00677e-03  1.59450e-02
 3.64140e-03  1.63614e-02
 3.67096e-03  1.62130e-02
 3.78475e-03  1.63128e-02
 3.64140e-03  1.63614e-02

 4.48906e-03  1.59450e-02
 4.11177e-03  1.61515e-02
 4.19043e-03  1.60222e-02
 4.26310e-03  1.61549e-02
 4.11177e-03  1.61515e-02

 4.97135e-03  1.59450e-02
 4.59131e-03  1.59403e-02
 4.72332e-03  1.58662e-02
 4.72145e-03  1.60176e-02
 4.59131e-03  1.59403e-02

 5.45365e-03  1.59450e-02
 5.07988e-03  1.57336e-02
 5.23124e-03  1.57322e-02
 5.15671e-03  1.58640e-02
 5.07988e-03  1.57336e-02

 5.93594e-03  1.59450e-02
 5.57710e-03  1.55370e-02
 5.72050e-03  1.55854e-02
 5.60683e-03  1.56854e-02
 5.57710e-03  1.55370e-02

 6.41823e-03  1.59450e-02
 6.08220e-03  1.53563e-02
 6.21291e-03  1.54326e-02
 6.08145e-03  1.55076e-02
 6.08220e-03  1.53563e-02

 6.90052e-03  1.59450e-02
 6.59426e-03  1.51974e-02
 6.71399e-03  1.52900e-02
 6.57392e-03  1.53474e-02
 6.59426e-03  1.51974e-02

 7.38281e-03  1.59450e-02
 7.11195e-03  1.50662e-02
 7.22289e-03  1.51692e-02
 7.07824e-03  1.52138e-02
 7.11195e-03  1.50662e-02

 7.86510e-03  1.59450e-02
 7.63400e-03  1.49689e-02
 7.73785e-03  1.50790e-02
 7.59055e-03  1.51139e-02
 7.63400e-03  1.49689e-02

 8.34740e-03  1.59450e-02
 8.15838e-03  1.49111e-02
 8.25641e-03  1.50264e-02
 8.10751e-03  1.50536e-02
 8.15838e-03  1.49111e-02

 8.82969e-03  1.59450e-02
 8.68415e-03  1.48998e-02
 8.77719e-03  1.50192e-02
 8.62727e-03  1.50401e-02
 8.68415e-03  1.48998e-02

 9.31198e-03  1.59450e-02
 9.20755e-03  1.49400e-02
 9.29638e-03  1.50626e-02
 9.14582e-03  1.50782e-02
 9.20755e-03  1.49400e-02

 9.79427e-03  1.59450e-02
 9.73006e-03  1.50419e-02
 9.81485e-03  1.51673e-02
 9.66387e-03  1.51781e-02
 9.73006e-03  1.50419e-02

 1.02766e-02  1.59450e-02
 1.02419e-02  1.52059e-02
 1.03236e-02  1.53333e-02
 1.01724e-02  1.53404e-02
 1.02419e-02  1.52059e-02

 1.07589e-02  1.59450e-02
 1.07589e-02  1.54971e-02
 1.08345e-02  1.56282e-02
 1.06832e-02  1.56282e-02
 1.07589e-02  1.54971e-02

 4.03698e-03  1.65150e-02
 3.91530e-03  1.69306e-02
 3.87950e-03  1.67836e-02
 4.02477e-03  1.68261e-02
 3.91530e-03  1.69306e-02

 4.51719e-03  1.65150e-02
 4.39273e-03  1.67139e-02
 4.39812e-03  1.65626e-02
 4.52643e-03  1.66429e-02
 4.39273e-03  1.67139e-02

 4.99740e-03  1.65150e-02
 4.87359e-03  1.64962e-02
 5.01454e-03  1.64411e-02
 4.99186e-03  1.65907e-02
 4.87359e-03  1.64962e-02

 5.47760e-03  1.65150e-02
 5.35768e-03  1.62836e-02
 5.48519e-03  1.63651e-02
 5.35079e-03  1.64348e-02
 5.35768e-03  1.62836e-02

 5.95781e-03  1.65150e-02
 5.84470e-03  1.60817e-02
 5.95105e-03  1.61895e-02
 5.80459e-03  1.62277e-02
 5.84470e-03  1.60817e-02

 6.43802e-03  1.65150e-02
 6.33421e-03  1.58967e-02
 6.43055e-03  1.60135e-02
 6.28127e-03  1.60385e-02
 6.33421e-03  1.58967e-02

 6.91823e-03  1.65150e-02
 6.82566e-03  1.57346e-02
 6.91626e-03  1.58558e-02
 6.76594e-03  1.58736e-02
 6.82566e-03  1.57346e-02

 7.39844e-03  1.65150e-02
 7.31846e-03  1.56012e-02
 7.40529e-03  1.57252e-02
 7.25450e-03  1.57384e-02
 7.31846e-03  1.56012e-02

 7.87865e-03  1.65150e-02
 7.81203e-03  1.55028e-02
 7.89616e-03  1.56286e-02
 7.74512e-03  1.56386e-02
 7.81203e-03  1.55028e-02

 8.35885e-03  1.65150e-02
 8.30570e-03  1.54452e-02
 8.38780e-03  1.55724e-02
 8.23662e-03  1.55799e-02
 8.30570e-03  1.54452e-02

 8.83906e-03  1.65150e-02
 8.79903e-03  1.54353e-02
 8.87952e-03  1.55635e-02
 8.72826e-03  1.55691e-02
 8.79903e-03  1.54353e-02

 9.31927e-03  1.65150e-02
 9.29122e-03  1.54781e-02
 9.37042e-03  1.56071e-02
 9.21911e-03  1.56112e-02
 9.29122e-03  1.54781e-02

 9.79948e-03  1.65150e-02
 9.78244e-03  1.55842e-02
 9.86051e-03  1.57138e-02
 9.70917e-03  1.57166e-02
 9.78244e-03  1.55842e-02

 1.02797e-02  1.65150e-02
 1.02707e-02  1.57532e-02
 1.03480e-02  1.58834e-02
 1.01966e-02  1.58851e-02
 1.02707e-02  1.57532e-02

 1.07599e-02  1.65150e-02
 1.07599e-02  1.60532e-02
 1.08356e-02  1.61843e-02
 1.06842e-02  1.61843e-02
 1.07599e-02  1.60532e-02

 4.06719e-03  1.70850e-02
 4.19807e-03  1.74848e-02
 4.08536e-03  1.73838e-02
 4.22922e-03  1.73367e-02
 4.19807e-03  1.74848e-02

 4.54531e-03  1.70850e-02
 4.68235e-03  1.72683e-02
 4.54324e-03  1.72086e-02
 4.66446e-03  1.71180e-02
 4.68235e-03  1.72683e-02

 5.02344e-03  1.70850e-02
 5.16417e-03  1.70513e-02
 5.05434e-03  1.71554e-02
 5.01905e-03  1.70082e-02
 5.16417e-03  1.70513e-02

 5.50156e-03  1.70850e-02
 5.64333e-03  1.68397e-02
 5.64326e-03  1.69911e-02
 5.51221e-03  1.69153e-02
 5.64333e-03  1.68397e-02

 5.97969e-03  1.70850e-02
 6.11965e-03  1.66395e-02
 6.15257e-03  1.67872e-02
 6.00816e-03  1.67418e-02
 6.11965e-03  1.66395e-02

 6.45781e-03  1.70850e-02
 6.59300e-03  1.64565e-02
 6.63943e-03  1.66005e-02
 6.49144e-03  1.65687e-02
 6.59300e-03  1.64565e-02

 6.93594e-03  1.70850e-02
 7.06331e-03  1.62966e-02
 7.11711e-03  1.64381e-02
 6.96768e-03  1.64139e-02
 7.06331e-03  1.62966e-02

 7.41406e-03  1.70850e-02
 7.53069e-03  1.61658e-02
 7.58927e-03  1.63054e-02
 7.43911e-03  1.62863e-02
 7.53069e-03  1.61658e-02

 7.89219e-03  1.70850e-02
 7.99524e-03  1.60702e-02
 8.05729e-03  1.62082e-02
 7.90670e-03  1.61929e-02
 7.99524e-03  1.60702e-02

 8.37031e-03  1.70850e-02
 8.45765e-03  1.60151e-02
 8.52242e-03  1.61519e-02
 8.37155e-03  1.61396e-02
 8.45765e-03  1.60151e-02

 8.84844e-03  1.70850e-02
 8.91794e-03  1.60073e-02
 8.98503e-03  1.61430e-02
 8.83397e-03  1.61333e-02
 8.91794e-03  1.60073e-02

 9.32656e-03  1.70850e-02
 9.37821e-03  1.60516e-02
 9.44726e-03  1.61863e-02
 9.29608e-03  1.61788e-02
 9.37821e-03  1.60516e-02

 9.80469e-03  1.70850e-02
 9.83724e-03  1.61583e-02
 9.90828e-03  1.62920e-02
 9.75700e-03  1.62867e-02
 9.83724e-03  1.61583e-02

 1.02828e-02  1.70850e-02
 1.03011e-02  1.63267e-02
 1.03736e-02  1.64595e-02
 1.02223e-02  1.64559e-02
 1.03011e-02  1.63267e-02

 1.07609e-02  1.70850e-02
 1.07609e-02  1.66250e-02
 1.08366e-02  1.67561e-02
 1.06853e-02  1.67561e-02
 1.07609e-02  1.66250e-02

 4.09740e-03  1.76550e-02
 4.47814e-03  1.80253e-02
 4.33140e-03  1.79881e-02
 4.43692e-03  1.78796e-02
 4.47814e-03  1.80253e-02

 4.57344e-03  1.76550e-02
 4.96856e-03  1.78159e-02
 4.81861e-03  1.78365e-02
 4.87569e-03  1.76964e-02
 4.96856e-03  1.78159e-02

 5.04948e-03  1.76550e-02
 5.45077e-03  1.76066e-02
 5.32968e-03  1.76975e-02
 5.31156e-03  1.75472e-02
 5.45077e-03  1.76066e-02

 5.52552e-03  1.76550e-02
 5.92456e-03  1.74031e-02
 5.85410e-03  1.75371e-02
 5.77331e-03  1.74091e-02
 5.92456e-03  1.74031e-02

 6.00156e-03  1.76550e-02
 6.38995e-03  1.72112e-02
 6.36057e-03  1.73597e-02
 6.24666e-03  1.72600e-02
 6.38995e-03  1.72112e-02

 6.47760e-03  1.76550e-02
 6.84714e-03  1.70364e-02
 6.84488e-03  1.71878e-02
 6.71494e-03  1.71101e-02
 6.84714e-03  1.70364e-02

 6.95365e-03  1.76550e-02
 7.29651e-03  1.68845e-02
 7.31236e-03  1.70350e-02
 7.17407e-03  1.69735e-02
 7.29651e-03  1.68845e-02

 7.42969e-03  1.76550e-02
 7.73892e-03  1.67609e-02
 7.76760e-03  1.69095e-02
 7.62454e-03  1.68600e-02
 7.73892e-03  1.67609e-02

 7.90573e-03  1.76550e-02
 8.17507e-03  1.66713e-02
 8.21345e-03  1.68178e-02
 8.06746e-03  1.67778e-02
 8.17507e-03  1.66713e-02

 8.38177e-03  1.76550e-02
 8.60701e-03  1.66210e-02
 8.65306e-03  1.67652e-02
 8.50516e-03  1.67330e-02
 8.60701e-03  1.66210e-02

 8.85781e-03  1.76550e-02
 9.03513e-03  1.66161e-02
 9.08768e-03  1.67580e-02
 8.93847e-03  1.67326e-02
 9.03513e-03  1.66161e-02

 9.33385e-03  1.76550e-02
 9.46431e-03  1.66609e-02
 9.52229e-03  1.68007e-02
 9.37221e-03  1.67810e-02
 9.46431e-03  1.66609e-02

 9.80990e-03  1.76550e-02
 9.89179e-03  1.67650e-02
 9.95515e-03  1.69024e-02
 9.80442e-03  1.68886e-02
 9.89179e-03  1.67650e-02

 1.02859e-02  1.76550e-02
 1.03316e-02  1.69273e-02
 1.03989e-02  1.70629e-02
 1.02479e-02  1.70534e-02
 1.03316e-02  1.69273e-02

 1.07620e-02  1.76550e-02
 1.07620e-02  1.72133e-02
 1.08377e-02  1.73444e-02
 1.06863e-02  1.73444e-02
 1.07620e-02  1.72133e-02

 4.12760e-03  1.82250e-02
 4.74373e-03  1.85531e-02
 4.59245e-03  1.85583e-02
 4.66360e-03  1.84247e-02
 4.74373e-03  1.85531e-02

 4.60156e-03  1.82250e-02
 5.23898e-03  1.83576e-02
 5.09523e-03  1.84050e-02
 5.12606e-03  1.82568e-02
 5.23898e-03  1.83576e-02

 5.07552e-03  1.82250e-02
 5.72065e-03  1.81628e-02
 5.59744e-03  1.82507e-02
 5.58291e-03  1.81000e-02
 5.72065e-03  1.81628e-02

 5.54948e-03  1.82250e-02
 6.18857e-03  1.79740e-02
 6.09422e-03  1.80923e-02
 6.03888e-03  1.79515e-02
 6.18857e-03  1.79740e-02

 6.02344e-03  1.82250e-02
 6.64292e-03  1.77966e-02
 6.57816e-03  1.79334e-02
 6.49206e-03  1.78089e-02
 6.64292e-03  1.77966e-02

 6.49740e-03  1.82250e-02
 7.08432e-03  1.76358e-02
 7.04543e-03  1.77820e-02
 6.93819e-03  1.76752e-02
 7.08432e-03  1.76358e-02

 6.97135e-03  1.82250e-02
 7.51360e-03  1.74968e-02
 7.49601e-03  1.76471e-02
 7.37460e-03  1.75567e-02
 7.51360e-03  1.74968e-02

 7.44531e-03  1.82250e-02
 7.93234e-03  1.73846e-02
 7.93209e-03  1.75360e-02
 7.80113e-03  1.74601e-02
 7.93234e-03  1.73846e-02

 7.91927e-03  1.82250e-02
 8.34188e-03  1.73045e-02
 8.35597e-03  1.74552e-02
 8.21841e-03  1.73920e-02
 8.34188e-03  1.73045e-02

 8.39323e-03  1.82250e-02
 8.74544e-03  1.72609e-02
 8.77155e-03  1.74100e-02
 8.62938e-03  1.73580e-02
 8.74544e-03  1.72609e-02

 8.86719e-03  1.82250e-02
 9.14381e-03  1.72594e-02
 9.18046e-03  1.74063e-02
 9.03495e-03  1.73646e-02
 9.14381e-03  1.72594e-02

 9.34115e-03  1.82250e-02
 9.54428e-03  1.73038e-02
 9.58996e-03  1.74481e-02
 9.44214e-03  1.74155e-02
 9.54428e-03  1.73038e-02

 9.81510e-03  1.82250e-02
 9.94268e-03  1.74023e-02
 9.99738e-03  1.75435e-02
 9.84781e-03  1.75203e-02
 9.94268e-03  1.74023e-02

 1.02891e-02  1.82250e-02
 1.03602e-02  1.75538e-02
 1.04216e-02  1.76921e-02
 1.02711e-02  1.76762e-02
 1.03602e-02  1.75538e-02

 1.07630e-02  1.82250e-02
 1.07630e-02  1.78174e-02
 1.08387e-02  1.79484e-02
 1.06873e-02  1.79484e-02
 1.07630e-02  1.78174e-02

 4.15781e-03  1.87950e-02
 4.98110e-03  1.90712e-02
 4.83275e-03  1.91013e-02
 4.88089e-03  1.89577e-02
 4.98110e-03  1.90712e-02

 4.62969e-03  1.87950e-02
 5.47931e-03  1.88960e-02
 5.34021e-03  1.89557e-02
 5.35807e-03  1.88053e-02
 5.47931e-03  1.88960e-02

 5.10156e-03  1.87950e-02
 5.95913e-03  1.87220e-02
 5.83494e-03  1.88085e-02
 5.82209e-03  1.86577e-02
 5.95913e-03  1.87220e-02

 5.57344e-03  1.87950e-02
 6.42056e-03  1.85540e-02
 6.31519e-03  1.86627e-02
 6.27377e-03  1.85171e-02
 6.42056e-03  1.85540e-02

 6.04531e-03  1.87950e-02
 6.86398e-03  1.83969e-02
 6.77919e-03  1.85223e-02
 6.71300e-03  1.83862e-02
 6.86398e-03  1.83969e-02

 6.51719e-03  1.87950e-02
 7.29045e-03  1.82553e-02
 7.22627e-03  1.83924e-02
 7.13963e-03  1.82683e-02
 7.29045e-03  1.82553e-02

 6.98906e-03  1.87950e-02
 7.70130e-03  1.81337e-02
 7.65673e-03  1.82784e-02
 7.55374e-03  1.81675e-02
 7.70130e-03  1.81337e-02

 7.46094e-03  1.87950e-02
 8.09874e-03  1.80366e-02
 8.07230e-03  1.81856e-02
 7.95645e-03  1.80882e-02
 8.09874e-03  1.80366e-02

 7.93281e-03  1.87950e-02
 8.48474e-03  1.79683e-02
 8.47490e-03  1.81194e-02
 8.34901e-03  1.80353e-02
 8.48474e-03  1.79683e-02

 8.40469e-03  1.87950e-02
 8.86355e-03  1.79330e-02
 8.86876e-03  1.80842e-02
 8.73515e-03  1.80131e-02
 8.86355e-03  1.79330e-02

 8.87656e-03  1.87950e-02
 9.23631e-03  1.79352e-02
 9.25553e-03  1.80854e-02
 9.11589e-03  1.80270e-02
 9.23631e-03  1.79352e-02

 9.34844e-03  1.87950e-02
 9.61227e-03  1.79782e-02
 9.64400e-03  1.81262e-02
 9.49996e-03  1.80797e-02
 9.61227e-03  1.79782e-02

 9.82031e-03  1.87950e-02
 9.98608e-03  1.80685e-02
 1.00307e-02  1.82131e-02
 9.88313e-03  1.81795e-02
 9.98608e-03  1.80685e-02

 1.02922e-02  1.87950e-02
 1.03846e-02  1.82049e-02
 1.04391e-02  1.83461e-02
 1.02895e-02  1.83227e-02
 1.03846e-02  1.82049e-02

 1.07641e-02  1.87950e-02
 1.07641e-02  1.84365e-02
 1.08397e-02  1.85676e-02
 1.06884e-02  1.85676e-02
 1.07641e-02  1.84365e-02

 4.18802e-03  1.93650e-02
 5.17667e-03  1.95825e-02
 5.03239e-03  1.96282e-02
 5.06491e-03  1.94804e-02
 5.17667e-03  1.95825e-02

 4.65781e-03  1.93650e-02
 5.67507e-03  1.94325e-02
 5.53926e-03  1.94993e-02
 5.54929e-03  1.93483e-02
 5.67507e-03  1.94325e-02

 5.12760e-03  1.93650e-02
 6.15137e-03  1.92842e-02
 6.02665e-03  1.93700e-02
 6.01474e-03  1.92191e-02
 6.15137e-03  1.92842e-02

 5.59740e-03  1.93650e-02
 6.60558e-03  1.91418e-02
 6.49394e-03  1.92440e-02
 6.46123e-03  1.90963e-02
 6.60558e-03  1.91418e-02

 6.06719e-03  1.93650e-02
 7.03851e-03  1.90093e-02
 6.94144e-03  1.91255e-02
 6.88939e-03  1.89833e-02
 7.03851e-03  1.90093e-02

 6.53698e-03  1.93650e-02
 7.45146e-03  1.88907e-02
 7.36994e-03  1.90182e-02
 7.30025e-03  1.88838e-02
 7.45146e-03  1.88907e-02

 7.00677e-03  1.93650e-02
 7.84625e-03  1.87897e-02
 7.78091e-03  1.89262e-02
 7.69534e-03  1.88013e-02
 7.84625e-03  1.87897e-02

 7.47656e-03  1.93650e-02
 8.22579e-03  1.87100e-02
 8.17692e-03  1.88532e-02
 8.07729e-03  1.87393e-02
 8.22579e-03  1.87100e-02

 7.94635e-03  1.93650e-02
 8.59255e-03  1.86552e-02
 8.56027e-03  1.88031e-02
 8.44834e-03  1.87012e-02
 8.59255e-03  1.86552e-02

 8.41615e-03  1.93650e-02
 8.95164e-03  1.86288e-02
 8.93573e-03  1.87793e-02
 8.81332e-03  1.86903e-02
 8.95164e-03  1.86288e-02

 8.88594e-03  1.93650e-02
 9.30455e-03  1.86345e-02
 9.30504e-03  1.87859e-02
 9.17371e-03  1.87106e-02
 9.30455e-03  1.86345e-02

 9.35573e-03  1.93650e-02
 9.66191e-03  1.86750e-02
 9.67792e-03  1.88255e-02
 9.53957e-03  1.87641e-02
 9.66191e-03  1.86750e-02

 9.82552e-03  1.93650e-02
 1.00177e-02  1.87547e-02
 1.00505e-02  1.89024e-02
 9.90610e-03  1.88570e-02
 1.00177e-02  1.87547e-02

 1.02953e-02  1.93650e-02
 1.04022e-02  1.88726e-02
 1.04483e-02  1.90168e-02
 1.03004e-02  1.89847e-02
 1.04022e-02  1.88726e-02

 1.07651e-02  1.93650e-02
 1.07651e-02  1.90658e-02
 1.08408e-02  1.91969e-02
 1.06894e-02  1.91969e-02
 1.07651e-02  1.90658e-02

 4.21823e-03  1.99350e-02
 5.31216e-03  2.00926e-02
 5.17162e-03  2.01488e-02
 5.19320e-03  1.99990e-02
 5.31216e-03  2.00926e-02

 4.68594e-03  1.99350e-02
 5.80787e-03  1.99727e-02
 5.67432e-03  2.00439e-02
 5.67939e-03  1.98926e-02
 5.80787e-03  1.99727e-02

 5.15365e-03  1.99350e-02
 6.27906e-03  1.98546e-02
 6.15370e-03  1.99394e-02
 6.14291e-03  1.97885e-02
 6.27906e-03  1.98546e-02

 5.62135e-03  1.99350e-02
 6.72588e-03  1.97419e-02
 6.60979e-03  1.98390e-02
 6.58371e-03  1.96899e-02
 6.72588e-03  1.97419e-02

 6.08906e-03  1.99350e-02
 7.14939e-03  1.96376e-02
 7.04361e-03  1.97459e-02
 7.00273e-03  1.96001e-02
 7.14939e-03  1.96376e-02

 6.55677e-03  1.99350e-02
 7.55140e-03  1.95449e-02
 7.45700e-03  1.96632e-02
 7.40173e-03  1.95223e-02
 7.55140e-03  1.95449e-02

 7.02448e-03  1.99350e-02
 7.93404e-03  1.94668e-02
 7.85213e-03  1.95940e-02
 7.78285e-03  1.94595e-02
 7.93404e-03  1.94668e-02

 7.49219e-03  1.99350e-02
 8.30064e-03  1.94059e-02
 8.23239e-03  1.95411e-02
 8.14951e-03  1.94144e-02
 8.30064e-03  1.94059e-02

 7.95990e-03  1.99350e-02
 8.65430e-03  1.93653e-02
 8.60095e-03  1.95070e-02
 8.50495e-03  1.93900e-02
 8.65430e-03  1.93653e-02

 8.42760e-03  1.99350e-02
 9.00055e-03  1.93477e-02
 8.96319e-03  1.94944e-02
 8.85484e-03  1.93887e-02
 9.00055e-03  1.93477e-02

 8.89531e-03  1.99350e-02
 9.34131e-03  1.93558e-02
 9.32130e-03  1.95058e-02
 9.20137e-03  1.94135e-02
 9.34131e-03  1.93558e-02

 9.36302e-03  1.99350e-02
 9.68784e-03  1.93920e-02
 9.68549e-03  1.95434e-02
 9.55559e-03  1.94657e-02
 9.68784e-03  1.93920e-02

 9.83073e-03  1.99350e-02
 1.00339e-02  1.94587e-02
 1.00521e-02  1.96090e-02
 9.91288e-03  1.95496e-02
 1.00339e-02  1.94587e-02

 1.02984e-02  1.99350e-02
 1.04111e-02  1.95555e-02
 1.04464e-02  1.97027e-02
 1.03013e-02  1.96596e-02
 1.04111e-02  1.95555e-02

 1.07661e-02  1.99350e-02
 1.07661e-02  1.97045e-02
 1.08418e-02  1.98356e-02
 1.06905e-02  1.98356e-02
 1.07661e-02  1.97045e-02

 4.24844e-03  2.05050e-02
 5.37325e-03  2.06045e-02
 5.23600e-03  2.06683e-02
 5.24934e-03  2.05175e-02
 5.37325e-03  2.06045e-02

 4.71406e-03  2.05050e-02
 5.86309e-03  2.05155e-02
 5.73132e-03  2.05900e-02
 5.73270e-03  2.04386e-02
 5.86309e-03  2.05155e-02

 5.17969e-03  2.05050e-02
 6.32758e-03  2.04284e-02
 6.20182e-03  2.05127e-02
 6.19174e-03  2.03616e-02
 6.32758e-03  2.04284e-02

 5.64531e-03  2.05050e-02
 6.76717e-03  2.03458e-02
 6.64801e-03  2.04392e-02
 6.62675e-03  2.02893e-02
 6.76717e-03  2.03458e-02

 6.11094e-03  2.05050e-02
 7.18322e-03  2.02700e-02
 7.07137e-03  2.03720e-02
 7.03897e-03  2.02242e-02
 7.18322e-03  2.02700e-02

 6.57656e-03  2.05050e-02
 7.57770e-03  2.02032e-02
 7.47404e-03  2.03135e-02
 7.43035e-03  2.01686e-02
 7.57770e-03  2.02032e-02

 7.04219e-03  2.05050e-02
 7.95319e-03  2.01475e-02
 7.85881e-03  2.02658e-02
 7.80351e-03  2.01249e-02
 7.95319e-03  2.01475e-02

 7.50781e-03  2.05050e-02
 8.31316e-03  2.01049e-02
 8.22944e-03  2.02310e-02
 8.16209e-03  2.00954e-02
 8.31316e-03  2.01049e-02

 7.97344e-03  2.05050e-02
 8.66104e-03  2.00775e-02
 8.58968e-03  2.02110e-02
 8.50976e-03  2.00824e-02
 8.66104e-03  2.00775e-02

 8.43906e-03  2.05050e-02
 9.00256e-03  2.00673e-02
 8.94546e-03  2.02075e-02
 8.85261e-03  2.00880e-02
 9.00256e-03  2.00673e-02

 8.90469e-03  2.05050e-02
 9.34003e-03  2.00764e-02
 9.29972e-03  2.02223e-02
 9.19352e-03  2.01144e-02
 9.34003e-03  2.00764e-02

 9.37031e-03  2.05050e-02
 9.68464e-03  2.01068e-02
 9.66283e-03  2.02566e-02
 9.54401e-03  2.01628e-02
 9.68464e-03  2.01068e-02

 9.83594e-03  2.05050e-02
 1.00309e-02  2.01591e-02
 1.00325e-02  2.03104e-02
 9.90058e-03  2.02361e-02
 1.00309e-02  2.01591e-02

 1.03016e-02  2.05050e-02
 1.04086e-02  2.02336e-02
 1.04309e-02  2.03833e-02
 1.02901e-02  2.03278e-02
 1.04086e-02  2.02336e-02

 1.07672e-02  2.05050e-02
 1.07672e-02  2.03398e-02
 1.08429e-02  2.04708e-02
 1.06915e-02  2.04708e-02
 1.07672e-02  2.03398e-02

 4.27865e-03  2.10750e-02
 5.33398e-03  2.11277e-02
 5.19928e-03  2.11968e-02
 5.20683e-03  2.10456e-02
 5.33398e-03  2.11277e-02

 4.74219e-03  2.10750e-02
 5.81561e-03  2.10720e-02
 5.68473e-03  2.11481e-02
 5.68431e-03  2.09967e-02
 5.81561e-03  2.10720e-02

 5.20573e-03  2.10750e-02
 6.27340e-03  2.10179e-02
 6.14654e-03  2.11005e-02
 6.13845e-03  2.09493e-02
 6.27340e-03  2.10179e-02

 5.66927e-03  2.10750e-02
 6.70810e-03  2.09669e-02
 6.58556e-03  2.10557e-02
 6.56988e-03  2.09052e-02
 6.70810e-03  2.09669e-02

 6.13281e-03  2.10750e-02
 7.12101e-03  2.09204e-02
 7.00320e-03  2.10154e-02
 6.97980e-03  2.08659e-02
 7.12101e-03  2.09204e-02

 6.59635e-03  2.10750e-02
 7.51439e-03  2.08797e-02
 7.40192e-03  2.09810e-02
 7.37043e-03  2.08330e-02
 7.51439e-03  2.08797e-02

 7.05990e-03  2.10750e-02
 7.89075e-03  2.08462e-02
 7.78446e-03  2.09539e-02
 7.74427e-03  2.08080e-02
 7.89075e-03  2.08462e-02

 7.52344e-03  2.10750e-02
 8.25357e-03  2.08209e-02
 8.15464e-03  2.09355e-02
 8.10489e-03  2.07925e-02
 8.25357e-03  2.08209e-02

 7.98698e-03  2.10750e-02
 8.60605e-03  2.08053e-02
 8.51610e-03  2.09270e-02
 8.45564e-03  2.07883e-02
 8.60605e-03  2.08053e-02

 8.45052e-03  2.10750e-02
 8.95376e-03  2.08007e-02
 8.87489e-03  2.09299e-02
 8.80244e-03  2.07970e-02
 8.95376e-03  2.08007e-02

 8.91406e-03  2.10750e-02
 9.29910e-03  2.08083e-02
 9.23443e-03  2.09452e-02
 9.14825e-03  2.08207e-02
 9.29910e-03  2.08083e-02

 9.37760e-03  2.10750e-02
 9.65245e-03  2.08300e-02
 9.60495e-03  2.09737e-02
 9.50423e-03  2.08607e-02
 9.65245e-03  2.08300e-02

 9.84115e-03  2.10750e-02
 1.00094e-02  2.08653e-02
 9.98638e-03  2.10149e-02
 9.86831e-03  2.09202e-02
 1.00094e-02  2.08653e-02

 1.03047e-02  2.10750e-02
 1.03962e-02  2.09156e-02
 1.03966e-02  2.10670e-02
 1.02653e-02  2.09916e-02
 1.03962e-02  2.09156e-02

 1.07682e-02  2.10750e-02
 1.07682e-02  2.09776e-02
 1.08439e-02  2.11087e-02
 1.06925e-02  2.11087e-02
 1.07682e-02  2.09776e-02

 4.30885e-03  2.16450e-02
 5.18837e-03  2.16584e-02
 5.05615e-03  2.17321e-02
 5.05845e-03  2.15807e-02
 5.18837e-03  2.16584e-02

 4.77031e-03  2.16450e-02
 5.66012e-03  2.16283e-02
 5.53048e-03  2.17065e-02
 5.52764e-03  2.15551e-02
 5.66012e-03  2.16283e-02

 5.23177e-03  2.16450e-02
 6.11205e-03  2.15993e-02
 5.98506e-03  2.16817e-02
 5.97721e-03  2.15305e-02
 6.11205e-03  2.15993e-02

 5.69323e-03  2.16450e-02
 6.54490e-03  2.15723e-02
 6.42072e-03  2.16588e-02
 6.40784e-03  2.15080e-02
 6.54490e-03  2.15723e-02

 6.15469e-03  2.16450e-02
 6.96011e-03  2.15478e-02
 6.83903e-03  2.16387e-02
 6.82090e-03  2.14884e-02
 6.96011e-03  2.15478e-02

 6.61615e-03  2.16450e-02
 7.35954e-03  2.15267e-02
 7.24197e-03  2.16221e-02
 7.21819e-03  2.14726e-02
 7.35954e-03  2.15267e-02

 7.07760e-03  2.16450e-02
 7.74549e-03  2.15095e-02
 7.63206e-03  2.16098e-02
 7.60197e-03  2.14614e-02
 7.74549e-03  2.15095e-02

 7.53906e-03  2.16450e-02
 8.12097e-03  2.14970e-02
 8.01258e-03  2.16026e-02
 7.97527e-03  2.14560e-02
 8.12097e-03  2.14970e-02

 8.00052e-03  2.16450e-02
 8.48870e-03  2.14896e-02
 8.38674e-03  2.16015e-02
 8.34084e-03  2.14573e-02
 8.48870e-03  2.14896e-02

 8.46198e-03  2.16450e-02
 8.85348e-03  2.14883e-02
 8.75990e-03  2.16073e-02
 8.70366e-03  2.14668e-02
 8.85348e-03  2.14883e-02

 8.92344e-03  2.16450e-02
 9.21746e-03  2.14936e-02
 9.13556e-03  2.16209e-02
 9.06627e-03  2.14863e-02
 9.21746e-03  2.14936e-02

 9.38490e-03  2.16450e-02
 9.58960e-03  2.15068e-02
 9.52331e-03  2.16429e-02
 9.43860e-03  2.15174e-02
 9.58960e-03  2.15068e-02

 9.84635e-03  2.16450e-02
 9.96705e-03  2.15269e-02
 9.92631e-03  2.16726e-02
 9.82043e-03  2.15645e-02
 9.96705e-03  2.15269e-02

 1.03078e-02  2.16450e-02
 1.03710e-02  2.15558e-02
 1.03569e-02  2.17065e-02
 1.02335e-02  2.16190e-02
 1.03710e-02  2.15558e-02

 1.07693e-02  2.16450e-02
 1.07693e-02  2.15888e-02
 1.08450e-02  2.17199e-02
 1.06936e-02  2.17199e-02
 1.07693e-02  2.15888e-02

 4.33906e-03  2.22150e-02
 4.84787e-03  2.22150e-02
 4.71678e-03  2.22907e-02
 4.71678e-03  2.21393e-02
 4.84787e-03  2.22150e-02

 4.79844e-03  2.22150e-02
 5.31114e-03  2.22150e-02
 5.18005e-03  2.22907e-02
 5.18005e-03  2.21393e-02
 5.31114e-03  2.22150e-02

 5.25781e-03  2.22150e-02
 5.76302e-03  2.22150e-02
 5.63193e-03  2.22907e-02
 5.63193e-03  2.21393e-02
 5.76302e-03  2.22150e-02

 5.71719e-03  2.22150e-02
 6.20413e-03  2.22150e-02
 6.07305e-03  2.22907e-02
 6.07305e-03  2.21393e-02
 6.20413e-03  2.22150e-02

 6.17656e-03  2.22150e-02
 6.63534e-03  2.22150e-02
 6.50425e-03  2.22907e-02
 6.50425e-03  2.21393e-02
 6.63534e-03  2.22150e-02

 6.63594e-03  2.22150e-02
 7.05784e-03  2.22150e-02
 6.92675e-03  2.22907e-02
 6.92675e-03  2.21393e-02
 7.05784e-03  2.22150e-02

 7.09531e-03  2.22150e-02
 7.47296e-03  2.22150e-02
 7.34187e-03  2.22907e-02
 7.34187e-03  2.21393e-02
 7.47296e-03  2.22150e-02

 7.55469e-03  2.22150e-02
 7.88250e-03  2.22150e-02
 7.75141e-03  2.22907e-02
 7.75141e-03  2.21393e-02
 7.88250e-03  2.22150e-02

 8.01406e-03  2.22150e-02
 8.28803e-03  2.22150e-02
 8.15694e-03  2.22907e-02
 8.15694e-03  2.21393e-02
 8.28803e-03  2.22150e-02

 8.47344e-03  2.22150e-02
 8.69231e-03  2.22150e-02
 8.56123e-03  2.22907e-02
 8.56123e-03  2.21393e-02
 8.69231e-03  2.22150e-02

 8.93281e-03  2.22150e-02
 9.09655e-03  2.22150e-02
 8.96546e-03  2.22907e-02
 8.96546e-03  2.21393e-02
 9.09655e-03  2.22150e-02

 9.39219e-03  2.22150e-02
 9.50585e-03  2.22150e-02
 9.37476e-03  2.22907e-02
 9.37476e-03  2.21393e-02
 9.50585e-03  2.22150e-02

 9.85156e-03  2.22150e-02
 9.91848e-03  2.22150e-02
 9.78739e-03  2.22907e-02
 9.78739e-03  2.21393e-02
 9.91848e-03  2.22150e-02

 1.03109e-02  2.22150e-02
 1.03463e-02  2.22150e-02
 1.02152e-02  2.22907e-02
 1.02152e-02  2.21393e-02
 1.03463e-02  2.22150e-02

 1.07703e-02  2.22150e-02
 1.07703e-02  2.22150e-02
 1.06392e-02  2.22907e-02
 1.06392e-02  2.21393e-02
 1.07703e-02  2.22150e-02

