#[ Fluid velocity 2D plot data file: flw.dat ]
 1.95313e-04  1.13850e-02
 1.95313e-04  1.13850e-02
 1.19629e-04  1.12539e-02
 2.70996e-04  1.12539e-02
 1.95313e-04  1.13850e-02

 5.85937e-04  1.13850e-02
 2.74190e-04  1.13850e-02
 4.05277e-04  1.13093e-02
 4.05277e-04  1.14607e-02
 2.74190e-04  1.13850e-02

 9.76562e-04  1.13850e-02
 5.58706e-04  1.13850e-02
 6.89794e-04  1.13093e-02
 6.89794e-04  1.14607e-02
 5.58706e-04  1.13850e-02

 1.36719e-03  1.13850e-02
 7.67608e-04  1.13850e-02
 8.98696e-04  1.13093e-02
 8.98696e-04  1.14607e-02
 7.67608e-04  1.13850e-02

 1.75781e-03  1.13850e-02
 1.02473e-03  1.13850e-02
 1.15582e-03  1.13093e-02
 1.15582e-03  1.14607e-02
 1.02473e-03  1.13850e-02

 2.14844e-03  1.13850e-02
 1.28239e-03  1.13850e-02
 1.41348e-03  1.13093e-02
 1.41348e-03  1.14607e-02
 1.28239e-03  1.13850e-02

 2.53906e-03  1.13850e-02
 1.56577e-03  1.13850e-02
 1.69686e-03  1.13093e-02
 1.69686e-03  1.14607e-02
 1.56577e-03  1.13850e-02

 2.92969e-03  1.13850e-02
 1.86649e-03  1.13850e-02
 1.99757e-03  1.13093e-02
 1.99757e-03  1.14607e-02
 1.86649e-03  1.13850e-02

 3.32031e-03  1.13850e-02
 2.18983e-03  1.13850e-02
 2.32092e-03  1.13093e-02
 2.32092e-03  1.14607e-02
 2.18983e-03  1.13850e-02

 1.97049e-04  1.19550e-02
 1.97049e-04  1.25095e-02
 1.21365e-04  1.23784e-02
 2.72732e-04  1.23784e-02
 1.97049e-04  1.25095e-02

 5.91146e-04  1.19550e-02
 1.04183e-04  1.24716e-02
 1.39022e-04  1.23243e-02
 2.49171e-04  1.24282e-02
 1.04183e-04  1.24716e-02

 9.85243e-04  1.19550e-02
 3.15618e-04  1.24516e-02
 3.75826e-04  1.23127e-02
 4.65994e-04  1.24343e-02
 3.15618e-04  1.24516e-02

 1.37934e-03  1.19550e-02
 4.17252e-04  1.24169e-02
 5.02668e-04  1.22920e-02
 5.68182e-04  1.24284e-02
 4.17252e-04  1.24169e-02

 1.77344e-03  1.19550e-02
 5.95576e-04  1.23759e-02
 6.93552e-04  1.22605e-02
 7.44486e-04  1.24030e-02
 5.95576e-04  1.23759e-02

 2.16753e-03  1.19550e-02
 7.78516e-04  1.23250e-02
 8.85705e-04  1.22181e-02
 9.24668e-04  1.23644e-02
 7.78516e-04  1.23250e-02

 2.56163e-03  1.19550e-02
 1.00460e-03  1.22681e-02
 1.11819e-03  1.21681e-02
 1.14803e-03  1.23165e-02
 1.00460e-03  1.22681e-02

 2.95573e-03  1.19550e-02
 1.26050e-03  1.22067e-02
 1.37904e-03  1.21126e-02
 1.40128e-03  1.22623e-02
 1.26050e-03  1.22067e-02

 3.34983e-03  1.19550e-02
 1.55393e-03  1.21439e-02
 1.67638e-03  1.20549e-02
 1.69222e-03  1.22055e-02
 1.55393e-03  1.21439e-02

 1.98785e-04  1.25250e-02
 1.98785e-04  1.34368e-02
 1.23101e-04  1.33057e-02
 2.74468e-04  1.33057e-02
 1.98785e-04  1.34368e-02

 5.96354e-04  1.25250e-02
 5.05552e-05  1.34128e-02
 5.47315e-05  1.32615e-02
 1.83681e-04  1.33408e-02
 5.05552e-05  1.34128e-02

 9.93924e-04  1.25250e-02
 2.31413e-04  1.33671e-02
 2.63295e-04  1.32192e-02
 3.75501e-04  1.33208e-02
 2.31413e-04  1.33671e-02

 1.39149e-03  1.25250e-02
 2.93931e-04  1.33047e-02
 3.56968e-04  1.31671e-02
 4.44629e-04  1.32905e-02
 2.93931e-04  1.33047e-02

 1.78906e-03  1.25250e-02
 4.44167e-04  1.32235e-02
 5.25615e-04  1.30959e-02
 5.95384e-04  1.32303e-02
 4.44167e-04  1.32235e-02

 2.18663e-03  1.25250e-02
 6.02804e-04  1.31282e-02
 6.98372e-04  1.30108e-02
 7.52244e-04  1.31523e-02
 6.02804e-04  1.31282e-02

 2.58420e-03  1.25250e-02
 8.12073e-04  1.30223e-02
 9.17836e-04  1.29140e-02
 9.58734e-04  1.30598e-02
 8.12073e-04  1.30223e-02

 2.98177e-03  1.25250e-02
 1.05616e-03  1.29109e-02
 1.16982e-03  1.28109e-02
 1.19956e-03  1.29594e-02
 1.05616e-03  1.29109e-02

 3.37934e-03  1.25250e-02
 1.34338e-03  1.27985e-02
 1.46322e-03  1.27061e-02
 1.48338e-03  1.28561e-02
 1.34338e-03  1.27985e-02

 2.00521e-04  1.30950e-02
 2.00521e-04  1.45157e-02
 1.24837e-04  1.43846e-02
 2.76204e-04  1.43846e-02
 2.00521e-04  1.45157e-02

 6.01563e-04  1.30950e-02
 4.89823e-05  1.45029e-02
 2.64227e-05  1.43533e-02
 1.67326e-04  1.44086e-02
 4.89823e-05  1.45029e-02

 1.00260e-03  1.30950e-02
 2.28968e-04  1.44269e-02
 2.29366e-04  1.42755e-02
 3.60254e-04  1.43515e-02
 2.28968e-04  1.44269e-02

 1.40365e-03  1.30950e-02
 2.88526e-04  1.43263e-02
 3.20424e-04  1.41783e-02
 4.32619e-04  1.42799e-02
 2.88526e-04  1.43263e-02

 1.80469e-03  1.30950e-02
 4.38298e-04  1.41920e-02
 4.93135e-04  1.40509e-02
 5.87899e-04  1.41690e-02
 4.38298e-04  1.41920e-02

 2.20573e-03  1.30950e-02
 5.97077e-04  1.40373e-02
 6.71937e-04  1.39057e-02
 7.48441e-04  1.40363e-02
 5.97077e-04  1.40373e-02

 2.60677e-03  1.30950e-02
 8.08002e-04  1.38668e-02
 8.98625e-04  1.37456e-02
 9.58311e-04  1.38847e-02
 8.08002e-04  1.38668e-02

 3.00781e-03  1.30950e-02
 1.05450e-03  1.36895e-02
 1.15787e-03  1.35789e-02
 1.20194e-03  1.37237e-02
 1.05450e-03  1.36895e-02

 3.40885e-03  1.30950e-02
 1.34474e-03  1.35117e-02
 1.45826e-03  1.34116e-02
 1.48821e-03  1.35599e-02
 1.34474e-03  1.35117e-02

 2.02257e-04  1.36650e-02
 2.02257e-04  1.55061e-02
 1.26573e-04  1.53750e-02
 2.77940e-04  1.53750e-02
 2.02257e-04  1.55061e-02

 6.06771e-04  1.36650e-02
 9.57636e-05  1.55062e-02
 5.78931e-05  1.53597e-02
 2.03747e-04  1.54002e-02
 9.57636e-05  1.55062e-02

 1.01128e-03  1.36650e-02
 2.96757e-04  1.54046e-02
 2.76555e-04  1.52546e-02
 4.16571e-04  1.53121e-02
 2.96757e-04  1.54046e-02

 1.41580e-03  1.36650e-02
 3.83627e-04  1.52705e-02
 3.90856e-04  1.51193e-02
 5.18180e-04  1.52011e-02
 3.83627e-04  1.52705e-02

 1.82031e-03  1.36650e-02
 5.54809e-04  1.50886e-02
 5.85337e-04  1.49403e-02
 6.98467e-04  1.50409e-02
 5.54809e-04  1.50886e-02

 2.22483e-03  1.36650e-02
 7.33484e-04  1.48809e-02
 7.87257e-04  1.47394e-02
 8.82907e-04  1.48568e-02
 7.33484e-04  1.48809e-02

 2.62934e-03  1.36650e-02
 9.60822e-04  1.46535e-02
 1.03503e-03  1.45216e-02
 1.11218e-03  1.46518e-02
 9.60822e-04  1.46535e-02

 3.03385e-03  1.36650e-02
 1.22063e-03  1.44188e-02
 1.31262e-03  1.42986e-02
 1.37073e-03  1.44383e-02
 1.22063e-03  1.44188e-02

 3.43837e-03  1.36650e-02
 1.52115e-03  1.41846e-02
 1.62788e-03  1.40772e-02
 1.66747e-03  1.42233e-02
 1.52115e-03  1.41846e-02

 2.03993e-04  1.42350e-02
 2.03993e-04  1.64757e-02
 1.28310e-04  1.63446e-02
 2.79677e-04  1.63446e-02
 2.03993e-04  1.64757e-02

 6.11979e-04  1.42350e-02
 1.73552e-04  1.64848e-02
 1.24340e-04  1.63417e-02
 2.72912e-04  1.63707e-02
 1.73552e-04  1.64848e-02

 1.01997e-03  1.42350e-02
 4.08201e-04  1.63613e-02
 3.71714e-04  1.62143e-02
 5.17180e-04  1.62562e-02
 4.08201e-04  1.63613e-02

 1.42795e-03  1.42350e-02
 5.41547e-04  1.61966e-02
 5.26557e-04  1.60460e-02
 6.64495e-04  1.61083e-02
 5.41547e-04  1.61966e-02

 1.83594e-03  1.42350e-02
 7.47533e-04  1.59713e-02
 7.53030e-04  1.58201e-02
 8.81283e-04  1.59005e-02
 7.47533e-04  1.59713e-02

 2.24392e-03  1.42350e-02
 9.58137e-04  1.57149e-02
 9.86980e-04  1.55663e-02
 1.10124e-03  1.56656e-02
 9.58137e-04  1.57149e-02

 2.65191e-03  1.42350e-02
 1.21029e-03  1.54346e-02
 1.26265e-03  1.52926e-02
 1.35947e-03  1.54089e-02
 1.21029e-03  1.54346e-02

 3.05990e-03  1.42350e-02
 1.48984e-03  1.51461e-02
 1.56524e-03  1.50148e-02
 1.64121e-03  1.51457e-02
 1.48984e-03  1.51461e-02

 3.46788e-03  1.42350e-02
 1.80451e-03  1.48586e-02
 1.90069e-03  1.47417e-02
 1.95382e-03  1.48834e-02
 1.80451e-03  1.48586e-02

 2.05729e-04  1.48050e-02
 2.05729e-04  1.73567e-02
 1.30046e-04  1.72256e-02
 2.81413e-04  1.72256e-02
 2.05729e-04  1.73567e-02

 6.17187e-04  1.48050e-02
 2.74251e-04  1.73718e-02
 2.16593e-04  1.72318e-02
 3.66627e-04  1.72519e-02
 2.74251e-04  1.73718e-02

 1.02865e-03  1.48050e-02
 5.51098e-04  1.72329e-02
 5.02137e-04  1.70896e-02
 6.50658e-04  1.71188e-02
 5.51098e-04  1.72329e-02

 1.44010e-03  1.48050e-02
 7.45035e-04  1.70451e-02
 7.11599e-04  1.68975e-02
 8.56166e-04  1.69423e-02
 7.45035e-04  1.70451e-02

 1.85156e-03  1.48050e-02
 9.95355e-04  1.67864e-02
 9.77880e-04  1.66360e-02
 1.11683e-03  1.66961e-02
 9.95355e-04  1.67864e-02

 2.26302e-03  1.48050e-02
 1.24727e-03  1.64918e-02
 1.25006e-03  1.63404e-02
 1.37973e-03  1.64185e-02
 1.24727e-03  1.64918e-02

 2.67448e-03  1.48050e-02
 1.53105e-03  1.61695e-02
 1.55724e-03  1.60204e-02
 1.67326e-03  1.61176e-02
 1.53105e-03  1.61695e-02

 3.08594e-03  1.48050e-02
 1.83580e-03  1.58379e-02
 1.88865e-03  1.56961e-02
 1.98506e-03  1.58128e-02
 1.83580e-03  1.58379e-02

 3.49740e-03  1.48050e-02
 2.16839e-03  1.55072e-02
 2.24894e-03  1.53790e-02
 2.31965e-03  1.55129e-02
 2.16839e-03  1.55072e-02

 2.07465e-04  1.53750e-02
 2.07465e-04  1.81601e-02
 1.31782e-04  1.80290e-02
 2.83149e-04  1.80290e-02
 2.07465e-04  1.81601e-02

 6.22396e-04  1.53750e-02
 3.88284e-04  1.81780e-02
 3.23774e-04  1.80411e-02
 4.74616e-04  1.80537e-02
 3.88284e-04  1.81780e-02

 1.03733e-03  1.53750e-02
 7.11789e-04  1.80301e-02
 6.52621e-04  1.78908e-02
 8.02863e-04  1.79092e-02
 7.11789e-04  1.80301e-02

 1.45226e-03  1.53750e-02
 9.74800e-04  1.78265e-02
 9.25573e-04  1.76833e-02
 1.07415e-03  1.77123e-02
 9.74800e-04  1.78265e-02

 1.86719e-03  1.53750e-02
 1.27546e-03  1.75445e-02
 1.23694e-03  1.73982e-02
 1.38297e-03  1.74380e-02
 1.27546e-03  1.75445e-02

 2.28212e-03  1.53750e-02
 1.57476e-03  1.72221e-02
 1.55096e-03  1.70726e-02
 1.69232e-03  1.71268e-02
 1.57476e-03  1.72221e-02

 2.69705e-03  1.53750e-02
 1.89511e-03  1.68688e-02
 1.89043e-03  1.67175e-02
 2.02379e-03  1.67891e-02
 1.89511e-03  1.68688e-02

 3.11198e-03  1.53750e-02
 2.22906e-03  1.65042e-02
 2.25018e-03  1.63543e-02
 2.36942e-03  1.64475e-02
 2.22906e-03  1.65042e-02

 3.52691e-03  1.53750e-02
 2.58246e-03  1.61397e-02
 2.63671e-03  1.59984e-02
 2.73196e-03  1.61160e-02
 2.58246e-03  1.61397e-02

 2.09201e-04  1.59450e-02
 2.09201e-04  1.88679e-02
 1.33518e-04  1.87368e-02
 2.84885e-04  1.87368e-02
 2.09201e-04  1.88679e-02

 6.27604e-04  1.59450e-02
 5.09258e-04  1.88862e-02
 4.38906e-04  1.87522e-02
 5.90151e-04  1.87583e-02
 5.09258e-04  1.88862e-02

 1.04601e-03  1.59450e-02
 8.81585e-04  1.87358e-02
 8.13742e-04  1.86005e-02
 9.64847e-04  1.86094e-02
 8.81585e-04  1.87358e-02

 1.46441e-03  1.59450e-02
 1.21863e-03  1.85242e-02
 1.15572e-03  1.83865e-02
 1.30641e-03  1.84009e-02
 1.21863e-03  1.85242e-02

 1.88281e-03  1.59450e-02
 1.57346e-03  1.82300e-02
 1.51605e-03  1.80900e-02
 1.66605e-03  1.81103e-02
 1.57346e-03  1.82300e-02

 2.30122e-03  1.59450e-02
 1.92454e-03  1.78917e-02
 1.87514e-03  1.77486e-02
 2.02375e-03  1.77773e-02
 1.92454e-03  1.78917e-02

 2.71962e-03  1.59450e-02
 2.28522e-03  1.75194e-02
 2.24713e-03  1.73729e-02
 2.39304e-03  1.74132e-02
 2.28522e-03  1.75194e-02

 3.13802e-03  1.59450e-02
 2.65201e-03  1.71339e-02
 2.63156e-03  1.69839e-02
 2.77167e-03  1.70412e-02
 2.65201e-03  1.71339e-02

 3.55642e-03  1.59450e-02
 3.02917e-03  1.67472e-02
 3.03792e-03  1.65961e-02
 3.16441e-03  1.66792e-02
 3.02917e-03  1.67472e-02

 2.10937e-04  1.65150e-02
 2.10937e-04  1.94838e-02
 1.35254e-04  1.93527e-02
 2.86621e-04  1.93527e-02
 2.10938e-04  1.94838e-02

 6.32812e-04  1.65150e-02
 6.31336e-04  1.95007e-02
 5.55717e-04  1.93696e-02
 7.07084e-04  1.93697e-02
 6.31336e-04  1.95007e-02

 1.05469e-03  1.65150e-02
 1.05253e-03  1.93533e-02
 9.76945e-04  1.92221e-02
 1.12831e-03  1.92223e-02
 1.05253e-03  1.93533e-02

 1.47656e-03  1.65150e-02
 1.46528e-03  1.91410e-02
 1.39016e-03  1.90096e-02
 1.54152e-03  1.90102e-02
 1.46528e-03  1.91410e-02

 1.89844e-03  1.65150e-02
 1.87596e-03  1.88448e-02
 1.80155e-03  1.87130e-02
 1.95291e-03  1.87144e-02
 1.87596e-03  1.88448e-02

 2.32031e-03  1.65150e-02
 2.28126e-03  1.85016e-02
 2.20817e-03  1.83691e-02
 2.35950e-03  1.83720e-02
 2.28126e-03  1.85016e-02

 2.74219e-03  1.65150e-02
 2.68487e-03  1.81224e-02
 2.61391e-03  1.79887e-02
 2.76518e-03  1.79941e-02
 2.68487e-03  1.81224e-02

 3.16406e-03  1.65150e-02
 3.08713e-03  1.77278e-02
 3.01990e-03  1.75922e-02
 3.17096e-03  1.76018e-02
 3.08713e-03  1.77278e-02

 3.58594e-03  1.65150e-02
 3.49047e-03  1.73303e-02
 3.43055e-03  1.71913e-02
 3.58089e-03  1.72089e-02
 3.49047e-03  1.73303e-02

 2.12674e-04  1.70850e-02
 2.12674e-04  2.00079e-02
 1.36990e-04  1.98768e-02
 2.88357e-04  1.98768e-02
 2.12674e-04  2.00079e-02

 6.38021e-04  1.70850e-02
 7.50199e-04  2.00220e-02
 6.69567e-04  1.98939e-02
 8.20824e-04  1.98881e-02
 7.50199e-04  2.00220e-02

 1.06337e-03  1.70850e-02
 1.21887e-03  1.98819e-02
 1.13603e-03  1.97552e-02
 1.28716e-03  1.97468e-02
 1.21887e-03  1.98819e-02

 1.48872e-03  1.70850e-02
 1.70645e-03  1.96753e-02
 1.62005e-03  1.95510e-02
 1.77089e-03  1.95383e-02
 1.70645e-03  1.96753e-02

 1.91406e-03  1.70850e-02
 2.17300e-03  1.93862e-02
 2.08313e-03  1.92644e-02
 2.23355e-03  1.92474e-02
 2.17300e-03  1.93862e-02

 2.33941e-03  1.70850e-02
 2.63332e-03  1.90487e-02
 2.53907e-03  1.89302e-02
 2.68876e-03  1.89078e-02
 2.63332e-03  1.90487e-02

 2.76476e-03  1.70850e-02
 3.08126e-03  1.86741e-02
 2.98143e-03  1.85603e-02
 3.12988e-03  1.85307e-02
 3.08126e-03  1.86741e-02

 3.19010e-03  1.70850e-02
 3.52071e-03  1.82822e-02
 3.41286e-03  1.81759e-02
 3.55877e-03  1.81357e-02
 3.52071e-03  1.82822e-02

 3.61545e-03  1.70850e-02
 3.95203e-03  1.78857e-02
 3.83146e-03  1.77942e-02
 3.97100e-03  1.77356e-02
 3.95203e-03  1.78857e-02

 2.14410e-04  1.76550e-02
 2.14410e-04  2.04454e-02
 1.38726e-04  2.03144e-02
 2.90093e-04  2.03144e-02
 2.14410e-04  2.04454e-02

 6.43229e-04  1.76550e-02
 8.62007e-04  2.04555e-02
 7.76344e-04  2.03307e-02
 9.27251e-04  2.03189e-02
 8.62007e-04  2.04555e-02

 1.07205e-03  1.76550e-02
 1.37547e-03  2.03262e-02
 1.28548e-03  2.02045e-02
 1.43588e-03  2.01874e-02
 1.37547e-03  2.03262e-02

 1.50087e-03  1.76550e-02
 1.93460e-03  2.01305e-02
 1.83743e-03  2.00145e-02
 1.98653e-03  1.99883e-02
 1.93460e-03  2.01305e-02

 1.92969e-03  1.76550e-02
 2.45524e-03  1.98564e-02
 2.35119e-03  1.97465e-02
 2.49842e-03  1.97113e-02
 2.45524e-03  1.98564e-02

 2.35851e-03  1.76550e-02
 2.96955e-03  1.95341e-02
 2.85704e-03  1.94329e-02
 3.00099e-03  1.93861e-02
 2.96955e-03  1.95341e-02

 2.78733e-03  1.76550e-02
 3.46165e-03  1.91746e-02
 3.33930e-03  1.90855e-02
 3.47766e-03  1.90241e-02
 3.46165e-03  1.91746e-02

 3.21615e-03  1.76550e-02
 3.93867e-03  1.87968e-02
 3.80462e-03  1.87265e-02
 3.93253e-03  1.86456e-02
 3.93867e-03  1.87968e-02

 3.64497e-03  1.76550e-02
 4.39867e-03  1.84131e-02
 4.25257e-03  1.83735e-02
 4.35992e-03  1.82668e-02
 4.39867e-03  1.84131e-02

 2.16146e-04  1.82250e-02
 2.16146e-04  2.08061e-02
 1.40462e-04  2.06750e-02
 2.91829e-04  2.06750e-02
 2.16146e-04  2.08061e-02

 6.48438e-04  1.82250e-02
 9.63977e-04  2.08109e-02
 8.72973e-04  2.06899e-02
 1.02323e-03  2.06716e-02
 9.63977e-04  2.08109e-02

 1.08073e-03  1.82250e-02
 1.51864e-03  2.06942e-02
 1.42123e-03  2.05783e-02
 1.57027e-03  2.05519e-02
 1.51864e-03  2.06942e-02

 1.51302e-03  1.82250e-02
 2.14406e-03  2.05135e-02
 2.03626e-03  2.04073e-02
 2.18218e-03  2.03670e-02
 2.14406e-03  2.05135e-02

 1.94531e-03  1.82250e-02
 2.71539e-03  2.02608e-02
 2.59822e-03  2.01650e-02
 2.73980e-03  2.01114e-02
 2.71539e-03  2.02608e-02

 2.37760e-03  1.82250e-02
 3.28081e-03  1.99616e-02
 3.15318e-03  1.98802e-02
 3.28747e-03  1.98103e-02
 3.28081e-03  1.99616e-02

 2.80990e-03  1.82250e-02
 3.81520e-03  1.96267e-02
 3.67730e-03  1.95642e-02
 3.80030e-03  1.94760e-02
 3.81520e-03  1.96267e-02

 3.24219e-03  1.82250e-02
 4.32840e-03  1.92731e-02
 4.18151e-03  1.92365e-02
 4.28661e-03  1.91276e-02
 4.32840e-03  1.92731e-02

 3.67448e-03  1.82250e-02
 4.81616e-03  1.89130e-02
 4.66482e-03  1.89102e-02
 4.74295e-03  1.87805e-02
 4.81616e-03  1.89130e-02

 2.17882e-04  1.87950e-02
 2.17882e-04  2.10951e-02
 1.42198e-04  2.09640e-02
 2.93565e-04  2.09640e-02
 2.17882e-04  2.10951e-02

 6.53646e-04  1.87950e-02
 1.05282e-03  2.10934e-02
 9.55825e-04  2.09772e-02
 1.10496e-03  2.09513e-02
 1.05282e-03  2.10934e-02

 1.08941e-03  1.87950e-02
 1.64389e-03  2.09909e-02
 1.53842e-03  2.08823e-02
 1.68518e-03  2.08453e-02
 1.64389e-03  2.09909e-02

 1.52517e-03  1.87950e-02
 2.32795e-03  2.08287e-02
 2.20942e-03  2.07345e-02
 2.35021e-03  2.06790e-02
 2.32795e-03  2.08287e-02

 1.96094e-03  1.87950e-02
 2.94460e-03  2.06031e-02
 2.81547e-03  2.05241e-02
 2.94843e-03  2.04518e-02
 2.94460e-03  2.06031e-02

 2.39670e-03  1.87950e-02
 3.55572e-03  2.03345e-02
 3.41641e-03  2.02753e-02
 3.53734e-03  2.01842e-02
 3.55572e-03  2.03345e-02

 2.83247e-03  1.87950e-02
 4.12817e-03  2.00330e-02
 3.98110e-03  1.99972e-02
 4.08567e-03  1.98878e-02
 4.12817e-03  2.00330e-02

 3.26823e-03  1.87950e-02
 4.67397e-03  1.97139e-02
 4.52284e-03  1.97055e-02
 4.60566e-03  1.95788e-02
 4.67397e-03  1.97139e-02

 3.70399e-03  1.87950e-02
 5.18671e-03  1.93882e-02
 5.03689e-03  1.94098e-02
 5.09312e-03  1.92693e-02
 5.18671e-03  1.93882e-02

 2.19618e-04  1.93650e-02
 2.19618e-04  2.13328e-02
 1.43935e-04  2.12017e-02
 2.95302e-04  2.12017e-02
 2.19618e-04  2.13328e-02

 6.58854e-04  1.93650e-02
 1.12650e-03  2.13228e-02
 1.02243e-03  2.12129e-02
 1.16966e-03  2.11777e-02
 1.12650e-03  2.13228e-02

 1.09809e-03  1.93650e-02
 1.74832e-03  2.12348e-02
 1.63378e-03  2.11359e-02
 1.77675e-03  2.10862e-02
 1.74832e-03  2.12348e-02

 1.53733e-03  1.93650e-02
 2.48125e-03  2.10931e-02
 2.35199e-03  2.10143e-02
 2.48483e-03  2.09418e-02
 2.48125e-03  2.10931e-02

 1.97656e-03  1.93650e-02
 3.13558e-03  2.08984e-02
 2.99616e-03  2.08395e-02
 3.11691e-03  2.07482e-02
 3.13558e-03  2.08984e-02

 2.41580e-03  1.93650e-02
 3.78476e-03  2.06656e-02
 3.63760e-03  2.06302e-02
 3.74186e-03  2.05205e-02
 3.78476e-03  2.06656e-02

 2.85503e-03  1.93650e-02
 4.38853e-03  2.04045e-02
 4.23756e-03  2.03936e-02
 4.32249e-03  2.02683e-02
 4.38853e-03  2.04045e-02

 3.29427e-03  1.93650e-02
 4.96075e-03  2.01275e-02
 4.81005e-03  2.01418e-02
 4.87303e-03  2.00041e-02
 4.96075e-03  2.01275e-02

 3.73351e-03  1.93650e-02
 5.49307e-03  1.98450e-02
 5.34669e-03  1.98835e-02
 5.38652e-03  1.97375e-02
 5.49307e-03  1.98450e-02

 2.21354e-04  1.99350e-02
 2.21354e-04  2.15169e-02
 1.45671e-04  2.13858e-02
 2.97038e-04  2.13858e-02
 2.21354e-04  2.15169e-02

 6.64062e-04  1.99350e-02
 1.17932e-03  2.14978e-02
 1.06640e-03  2.13970e-02
 1.21015e-03  2.13496e-02
 1.17932e-03  2.14978e-02

 1.10677e-03  1.99350e-02
 1.82359e-03  2.14259e-02
 1.69858e-03  2.13405e-02
 1.83500e-03  2.12750e-02
 1.82359e-03  2.14259e-02

 1.54948e-03  1.99350e-02
 2.59134e-03  2.13082e-02
 2.45181e-03  2.12495e-02
 2.57240e-03  2.11580e-02
 2.59134e-03  2.13082e-02

 1.99219e-03  1.99350e-02
 3.27222e-03  2.11496e-02
 3.12504e-03  2.11143e-02
 3.22923e-03  2.10045e-02
 3.27222e-03  2.11496e-02

 2.43490e-03  1.99350e-02
 3.94766e-03  2.09596e-02
 3.79668e-03  2.09488e-02
 3.88156e-03  2.08234e-02
 3.94766e-03  2.09596e-02

 2.87760e-03  1.99350e-02
 4.57269e-03  2.07468e-02
 4.42177e-03  2.07584e-02
 4.48715e-03  2.06219e-02
 4.57269e-03  2.07468e-02

 3.32031e-03  1.99350e-02
 5.16222e-03  2.05211e-02
 5.01436e-03  2.05535e-02
 5.06025e-03  2.04092e-02
 5.16222e-03  2.05211e-02

 3.76302e-03  1.99350e-02
 5.70650e-03  2.02914e-02
 5.56391e-03  2.03422e-02
 5.59121e-03  2.01933e-02
 5.70650e-03  2.02914e-02

 2.23090e-04  2.05050e-02
 2.23090e-04  2.16956e-02
 1.47407e-04  2.15645e-02
 2.98774e-04  2.15645e-02
 2.23090e-04  2.16956e-02

 6.69271e-04  2.05050e-02
 1.20927e-03  2.16645e-02
 1.08532e-03  2.15776e-02
 1.22254e-03  2.15137e-02
 1.20927e-03  2.16645e-02

 1.11545e-03  2.05050e-02
 1.86536e-03  2.16089e-02
 1.72910e-03  2.15430e-02
 1.85430e-03  2.14580e-02
 1.86536e-03  2.16089e-02

 1.56163e-03  2.05050e-02
 2.65057e-03  2.15155e-02
 2.50300e-03  2.14818e-02
 2.60595e-03  2.13708e-02
 2.65057e-03  2.15155e-02

 2.00781e-03  2.05050e-02
 3.34355e-03  2.13941e-02
 3.19249e-03  2.13845e-02
 3.27636e-03  2.12585e-02
 3.34355e-03  2.13941e-02

 2.45399e-03  2.05050e-02
 4.03056e-03  2.12481e-02
 3.87971e-03  2.12607e-02
 3.94425e-03  2.11238e-02
 4.03056e-03  2.12481e-02

 2.90017e-03  2.05050e-02
 4.66345e-03  2.10857e-02
 4.51526e-03  2.11165e-02
 4.56261e-03  2.09728e-02
 4.66345e-03  2.10857e-02

 3.34635e-03  2.05050e-02
 5.25827e-03  2.09136e-02
 5.11426e-03  2.09603e-02
 5.14590e-03  2.08122e-02
 5.25827e-03  2.09136e-02

 3.79253e-03  2.05050e-02
 5.80443e-03  2.07394e-02
 5.66546e-03  2.07994e-02
 5.68298e-03  2.06491e-02
 5.80443e-03  2.07394e-02

 2.24826e-04  2.10750e-02
 2.24826e-04  2.18297e-02
 1.49143e-04  2.16986e-02
 3.00510e-04  2.16986e-02
 2.24826e-04  2.18297e-02

 6.74479e-04  2.10750e-02
 1.20039e-03  2.17925e-02
 1.06185e-03  2.17316e-02
 1.18394e-03  2.16421e-02
 1.20039e-03  2.17925e-02

 1.12413e-03  2.10750e-02
 1.84957e-03  2.17580e-02
 1.70224e-03  2.17232e-02
 1.80600e-03  2.16130e-02
 1.84957e-03  2.17580e-02

 1.57378e-03  2.10750e-02
 2.62518e-03  2.16956e-02
 2.47382e-03  2.16941e-02
 2.55076e-03  2.15638e-02
 2.62518e-03  2.16956e-02

 2.02344e-03  2.10750e-02
 3.30839e-03  2.16184e-02
 3.15818e-03  2.16370e-02
 3.21713e-03  2.14976e-02
 3.30839e-03  2.16184e-02

 2.47309e-03  2.10750e-02
 3.98570e-03  2.15246e-02
 3.83848e-03  2.15598e-02
 3.88161e-03  2.14147e-02
 3.98570e-03  2.15246e-02

 2.92274e-03  2.10750e-02
 4.60905e-03  2.14210e-02
 4.46542e-03  2.14688e-02
 4.49585e-03  2.13205e-02
 4.60905e-03  2.14210e-02

 3.37240e-03  2.10750e-02
 5.19485e-03  2.13116e-02
 5.05511e-03  2.13697e-02
 5.07460e-03  2.12196e-02
 5.19485e-03  2.13116e-02

 3.82205e-03  2.10750e-02
 5.73245e-03  2.12014e-02
 5.59665e-03  2.12683e-02
 5.60665e-03  2.11173e-02
 5.73245e-03  2.12014e-02

 2.26562e-04  2.16450e-02
 2.26562e-04  2.20697e-02
 1.50879e-04  2.19386e-02
 3.02246e-04  2.19386e-02
 2.26563e-04  2.20697e-02

 6.79687e-04  2.16450e-02
 1.15315e-03  2.20218e-02
 1.00345e-03  2.19994e-02
 1.09771e-03  2.18809e-02
 1.15315e-03  2.20218e-02

 1.13281e-03  2.16450e-02
 1.77040e-03  2.20070e-02
 1.61904e-03  2.20081e-02
 1.69377e-03  2.18765e-02
 1.77040e-03  2.20070e-02

 1.58594e-03  2.16450e-02
 2.50670e-03  2.19673e-02
 2.35797e-03  2.19954e-02
 2.40798e-03  2.18526e-02
 2.50670e-03  2.19673e-02

 2.03906e-03  2.16450e-02
 3.15562e-03  2.19246e-02
 3.01008e-03  2.19662e-02
 3.04684e-03  2.18193e-02
 3.15562e-03  2.19246e-02

 2.49219e-03  2.16450e-02
 3.80083e-03  2.18702e-02
 3.65881e-03  2.19225e-02
 3.68448e-03  2.17734e-02
 3.80083e-03  2.18702e-02

 2.94531e-03  2.16450e-02
 4.39586e-03  2.18115e-02
 4.25700e-03  2.18718e-02
 4.27426e-03  2.17214e-02
 4.39586e-03  2.18115e-02

 3.39844e-03  2.16450e-02
 4.95729e-03  2.17494e-02
 4.82144e-03  2.18161e-02
 4.83155e-03  2.16651e-02
 4.95729e-03  2.17494e-02

 3.85156e-03  2.16450e-02
 5.47520e-03  2.16876e-02
 5.34217e-03  2.17598e-02
 5.34614e-03  2.16085e-02
 5.47520e-03  2.16876e-02

 2.28299e-04  2.22150e-02
 2.28299e-04  2.22150e-02
 3.59386e-04  2.21393e-02
 3.59386e-04  2.22907e-02
 2.28299e-04  2.22150e-02

 6.84896e-04  2.22150e-02
 9.93624e-04  2.22150e-02
 8.62536e-04  2.22907e-02
 8.62536e-04  2.21393e-02
 9.93624e-04  2.22150e-02

 1.14149e-03  2.22150e-02
 1.54292e-03  2.22150e-02
 1.41183e-03  2.22907e-02
 1.41183e-03  2.21393e-02
 1.54292e-03  2.22150e-02

 1.59809e-03  2.22150e-02
 2.17638e-03  2.22150e-02
 2.04529e-03  2.22907e-02
 2.04529e-03  2.21393e-02
 2.17638e-03  2.22150e-02

 2.05469e-03  2.22150e-02
 2.75022e-03  2.22150e-02
 2.61913e-03  2.22907e-02
 2.61913e-03  2.21393e-02
 2.75022e-03  2.22150e-02

 2.51128e-03  2.22150e-02
 3.32344e-03  2.22150e-02
 3.19236e-03  2.22907e-02
 3.19236e-03  2.21393e-02
 3.32344e-03  2.22150e-02

 2.96788e-03  2.22150e-02
 3.86375e-03  2.22150e-02
 3.73266e-03  2.22907e-02
 3.73266e-03  2.21393e-02
 3.86375e-03  2.22150e-02

 3.42448e-03  2.22150e-02
 4.38324e-03  2.22150e-02
 4.25215e-03  2.22907e-02
 4.25215e-03  2.21393e-02
 4.38324e-03  2.22150e-02

 3.88108e-03  2.22150e-02
 4.87510e-03  2.22150e-02
 4.74402e-03  2.22907e-02
 4.74402e-03  2.21393e-02
 4.87510e-03  2.22150e-02

 3.76510e-03  1.13850e-02
 2.58217e-03  1.13850e-02
 2.71326e-03  1.13093e-02
 2.71326e-03  1.14607e-02
 2.58217e-03  1.13850e-02

 4.26406e-03  1.13850e-02
 3.05752e-03  1.13850e-02
 3.18860e-03  1.13093e-02
 3.18860e-03  1.14607e-02
 3.05752e-03  1.13850e-02

 4.76302e-03  1.13850e-02
 3.56442e-03  1.13850e-02
 3.69551e-03  1.13093e-02
 3.69551e-03  1.14607e-02
 3.56442e-03  1.13850e-02

 5.26198e-03  1.13850e-02
 4.09971e-03  1.13850e-02
 4.23080e-03  1.13093e-02
 4.23080e-03  1.14607e-02
 4.09971e-03  1.13850e-02

 5.76094e-03  1.13850e-02
 4.65982e-03  1.13850e-02
 4.79091e-03  1.13093e-02
 4.79091e-03  1.14607e-02
 4.65982e-03  1.13850e-02

 6.25990e-03  1.13850e-02
 5.24082e-03  1.13850e-02
 5.37191e-03  1.13093e-02
 5.37191e-03  1.14607e-02
 5.24082e-03  1.13850e-02

 6.75885e-03  1.13850e-02
 5.83915e-03  1.13850e-02
 5.97024e-03  1.13093e-02
 5.97024e-03  1.14607e-02
 5.83915e-03  1.13850e-02

 7.25781e-03  1.13850e-02
 6.45057e-03  1.13850e-02
 6.58166e-03  1.13093e-02
 6.58166e-03  1.14607e-02
 6.45057e-03  1.13850e-02

 7.75677e-03  1.13850e-02
 7.07167e-03  1.13850e-02
 7.20276e-03  1.13093e-02
 7.20276e-03  1.14607e-02
 7.07167e-03  1.13850e-02

 8.25573e-03  1.13850e-02
 7.69638e-03  1.13850e-02
 7.82747e-03  1.13093e-02
 7.82747e-03  1.14607e-02
 7.69638e-03  1.13850e-02

 8.75469e-03  1.13850e-02
 8.32392e-03  1.13850e-02
 8.45501e-03  1.13093e-02
 8.45501e-03  1.14607e-02
 8.32392e-03  1.13850e-02

 9.25365e-03  1.13850e-02
 8.94172e-03  1.13850e-02
 9.07280e-03  1.13093e-02
 9.07280e-03  1.14607e-02
 8.94172e-03  1.13850e-02

 9.75260e-03  1.13850e-02
 9.56156e-03  1.13850e-02
 9.69264e-03  1.13093e-02
 9.69264e-03  1.14607e-02
 9.56156e-03  1.13850e-02

 1.02516e-02  1.13850e-02
 1.01433e-02  1.13850e-02
 1.02744e-02  1.13093e-02
 1.02744e-02  1.14607e-02
 1.01433e-02  1.13850e-02

 1.07505e-02  1.13850e-02
 1.07505e-02  1.13850e-02
 1.06748e-02  1.12539e-02
 1.08262e-02  1.12539e-02
 1.07505e-02  1.13850e-02

 3.79531e-03  1.19550e-02
 1.92517e-03  1.20732e-02
 2.05123e-03  1.19894e-02
 2.06077e-03  1.21405e-02
 1.92517e-03  1.20732e-02

 4.29219e-03  1.19550e-02
 2.39223e-03  1.19976e-02
 2.52159e-03  1.19190e-02
 2.52498e-03  1.20703e-02
 2.39223e-03  1.19976e-02

 4.78906e-03  1.19550e-02
 2.90840e-03  1.19285e-02
 3.04055e-03  1.18546e-02
 3.03841e-03  1.20060e-02
 2.90840e-03  1.19285e-02

 5.28594e-03  1.19550e-02
 3.46810e-03  1.18671e-02
 3.60269e-03  1.17978e-02
 3.59537e-03  1.19490e-02
 3.46810e-03  1.18671e-02

 5.78281e-03  1.19550e-02
 4.06563e-03  1.18139e-02
 4.20247e-03  1.17492e-02
 4.19008e-03  1.19001e-02
 4.06563e-03  1.18139e-02

 6.27969e-03  1.19550e-02
 4.69518e-03  1.17692e-02
 4.83419e-03  1.17093e-02
 4.81656e-03  1.18597e-02
 4.69518e-03  1.17692e-02

 6.77656e-03  1.19550e-02
 5.35129e-03  1.17332e-02
 5.49246e-03  1.16786e-02
 5.46918e-03  1.18281e-02
 5.35129e-03  1.17332e-02

 7.27344e-03  1.19550e-02
 6.02731e-03  1.17062e-02
 6.17068e-03  1.16576e-02
 6.14104e-03  1.18061e-02
 6.02731e-03  1.17062e-02

 7.77031e-03  1.19550e-02
 6.71809e-03  1.16885e-02
 6.86374e-03  1.16473e-02
 6.82658e-03  1.17940e-02
 6.71809e-03  1.16885e-02

 8.26719e-03  1.19550e-02
 7.41431e-03  1.16808e-02
 7.56227e-03  1.16489e-02
 7.51595e-03  1.17930e-02
 7.41431e-03  1.16808e-02

 8.76406e-03  1.19550e-02
 8.11376e-03  1.16832e-02
 8.26389e-03  1.16639e-02
 8.20552e-03  1.18036e-02
 8.11376e-03  1.16832e-02

 9.26094e-03  1.19550e-02
 8.79805e-03  1.16966e-02
 8.94940e-03  1.16944e-02
 8.87563e-03  1.18266e-02
 8.79805e-03  1.16966e-02

 9.75781e-03  1.19550e-02
 9.48067e-03  1.17202e-02
 9.62962e-03  1.17472e-02
 9.53177e-03  1.18627e-02
 9.48067e-03  1.17202e-02

 1.02547e-02  1.19550e-02
 1.01067e-02  1.17588e-02
 1.02461e-02  1.18179e-02
 1.01252e-02  1.19090e-02
 1.01067e-02  1.17588e-02

 1.07516e-02  1.19550e-02
 1.07516e-02  1.18199e-02
 1.08272e-02  1.19510e-02
 1.06759e-02  1.19510e-02
 1.07516e-02  1.18199e-02

 3.82552e-03  1.25250e-02
 1.71017e-03  1.26756e-02
 1.83555e-03  1.25908e-02
 1.84630e-03  1.27418e-02
 1.71017e-03  1.26756e-02

 4.32031e-03  1.25250e-02
 2.17484e-03  1.25479e-02
 2.30511e-03  1.24709e-02
 2.30673e-03  1.26222e-02
 2.17484e-03  1.25479e-02

 4.81510e-03  1.25250e-02
 2.69317e-03  1.24320e-02
 2.82744e-03  1.23622e-02
 2.82082e-03  1.25134e-02
 2.69317e-03  1.24320e-02

 5.30990e-03  1.25250e-02
 3.25940e-03  1.23295e-02
 3.39708e-03  1.22666e-02
 3.38272e-03  1.24173e-02
 3.25940e-03  1.23295e-02

 5.80469e-03  1.25250e-02
 3.86795e-03  1.22411e-02
 4.00863e-03  1.21852e-02
 3.98667e-03  1.23350e-02
 3.86795e-03  1.22411e-02

 6.29948e-03  1.25250e-02
 4.51259e-03  1.21669e-02
 4.65600e-03  1.21184e-02
 4.62625e-03  1.22669e-02
 4.51259e-03  1.21669e-02

 6.79427e-03  1.25250e-02
 5.18736e-03  1.21075e-02
 5.33327e-03  1.20672e-02
 5.29520e-03  1.22137e-02
 5.18736e-03  1.21075e-02

 7.28906e-03  1.25250e-02
 5.88476e-03  1.20635e-02
 6.03292e-03  1.20325e-02
 5.98566e-03  1.21763e-02
 5.88476e-03  1.20635e-02

 7.78385e-03  1.25250e-02
 6.59888e-03  1.20359e-02
 6.74893e-03  1.20159e-02
 6.69117e-03  1.21558e-02
 6.59888e-03  1.20359e-02

 8.27865e-03  1.25250e-02
 7.31943e-03  1.20257e-02
 7.47066e-03  1.20191e-02
 7.40077e-03  1.21534e-02
 7.31943e-03  1.20257e-02

 8.77344e-03  1.25250e-02
 8.04331e-03  1.20342e-02
 8.19433e-03  1.20445e-02
 8.10988e-03  1.21701e-02
 8.04331e-03  1.20342e-02

 9.26823e-03  1.25250e-02
 8.75051e-03  1.20627e-02
 8.89870e-03  1.20935e-02
 8.79787e-03  1.22064e-02
 8.75051e-03  1.20627e-02

 9.76302e-03  1.25250e-02
 9.45374e-03  1.21130e-02
 9.59296e-03  1.21724e-02
 9.47190e-03  1.22632e-02
 9.45374e-03  1.21130e-02

 1.02578e-02  1.25250e-02
 1.00938e-02  1.21894e-02
 1.02193e-02  1.22740e-02
 1.00834e-02  1.23404e-02
 1.00938e-02  1.21894e-02

 1.07526e-02  1.25250e-02
 1.07526e-02  1.23080e-02
 1.08283e-02  1.24391e-02
 1.06769e-02  1.24391e-02
 1.07526e-02  1.23080e-02

 3.85573e-03  1.30950e-02
 1.71260e-03  1.33197e-02
 1.83508e-03  1.32308e-02
 1.85087e-03  1.33813e-02
 1.71260e-03  1.33197e-02

 4.34844e-03  1.30950e-02
 2.17549e-03  1.31214e-02
 2.30565e-03  1.30441e-02
 2.30749e-03  1.31955e-02
 2.17549e-03  1.31214e-02

 4.84115e-03  1.30950e-02
 2.69196e-03  1.29407e-02
 2.82813e-03  1.28746e-02
 2.81729e-03  1.30256e-02
 2.69196e-03  1.29407e-02

 5.33385e-03  1.30950e-02
 3.25665e-03  1.27801e-02
 3.39760e-03  1.27249e-02
 3.37491e-03  1.28746e-02
 3.25665e-03  1.27801e-02

 5.82656e-03  1.30950e-02
 3.86432e-03  1.26407e-02
 4.00910e-03  1.25966e-02
 3.97496e-03  1.27440e-02
 3.86432e-03  1.26407e-02

 6.31927e-03  1.30950e-02
 4.50892e-03  1.25235e-02
 4.65671e-03  1.24908e-02
 4.61115e-03  1.26351e-02
 4.50892e-03  1.25235e-02

 6.81198e-03  1.30950e-02
 5.18441e-03  1.24294e-02
 5.33439e-03  1.24090e-02
 5.27709e-03  1.25491e-02
 5.18441e-03  1.24294e-02

 7.30469e-03  1.30950e-02
 5.88320e-03  1.23598e-02
 6.03441e-03  1.23528e-02
 5.96487e-03  1.24872e-02
 5.88320e-03  1.23598e-02

 7.79740e-03  1.30950e-02
 6.59933e-03  1.23162e-02
 6.75048e-03  1.23242e-02
 6.66799e-03  1.24511e-02
 6.59933e-03  1.23162e-02

 8.29010e-03  1.30950e-02
 7.32211e-03  1.23005e-02
 7.47146e-03  1.23251e-02
 7.37542e-03  1.24421e-02
 7.32211e-03  1.23005e-02

 8.78281e-03  1.30950e-02
 8.04802e-03  1.23148e-02
 8.19299e-03  1.23583e-02
 8.08279e-03  1.24621e-02
 8.04802e-03  1.23148e-02

 9.27552e-03  1.30950e-02
 8.75687e-03  1.23612e-02
 8.89434e-03  1.24246e-02
 8.77073e-03  1.25120e-02
 8.75687e-03  1.23612e-02

 9.76823e-03  1.30950e-02
 9.46018e-03  1.24438e-02
 9.58465e-03  1.25299e-02
 9.44782e-03  1.25946e-02
 9.46018e-03  1.24438e-02

 1.02609e-02  1.30950e-02
 1.00996e-02  1.25668e-02
 1.02103e-02  1.26700e-02
 1.00655e-02  1.27143e-02
 1.00996e-02  1.25668e-02

 1.07536e-02  1.30950e-02
 1.07536e-02  1.27579e-02
 1.08293e-02  1.28890e-02
 1.06780e-02  1.28890e-02
 1.07536e-02  1.27579e-02

 3.88594e-03  1.36650e-02
 1.89448e-03  1.39345e-02
 2.01423e-03  1.38420e-02
 2.03453e-03  1.39920e-02
 1.89448e-03  1.39345e-02

 4.37656e-03  1.36650e-02
 2.35612e-03  1.36780e-02
 2.48672e-03  1.36014e-02
 2.48769e-03  1.37528e-02
 2.35612e-03  1.36780e-02

 4.86719e-03  1.36650e-02
 2.86695e-03  1.34438e-02
 3.00556e-03  1.33830e-02
 2.98892e-03  1.35334e-02
 2.86695e-03  1.34438e-02

 5.35781e-03  1.36650e-02
 3.42274e-03  1.32350e-02
 3.56712e-03  1.31895e-02
 3.53428e-03  1.33373e-02
 3.42274e-03  1.32350e-02

 5.84844e-03  1.36650e-02
 4.01871e-03  1.30533e-02
 4.16703e-03  1.30231e-02
 4.11904e-03  1.31666e-02
 4.01871e-03  1.30533e-02

 6.33906e-03  1.36650e-02
 4.64950e-03  1.29001e-02
 4.80014e-03  1.28853e-02
 4.73771e-03  1.30232e-02
 4.64950e-03  1.29001e-02

 6.82969e-03  1.36650e-02
 5.30951e-03  1.27772e-02
 5.46087e-03  1.27779e-02
 5.38454e-03  1.29086e-02
 5.30951e-03  1.27772e-02

 7.32031e-03  1.36650e-02
 5.99176e-03  1.26863e-02
 6.14220e-03  1.27031e-02
 6.05242e-03  1.28250e-02
 5.99176e-03  1.26863e-02

 7.81094e-03  1.36650e-02
 6.69052e-03  1.26300e-02
 6.83816e-03  1.26633e-02
 6.73545e-03  1.27745e-02
 6.69052e-03  1.26300e-02

 8.30156e-03  1.36650e-02
 7.39586e-03  1.26106e-02
 7.53868e-03  1.26607e-02
 7.42386e-03  1.27593e-02
 7.39586e-03  1.26106e-02

 8.79219e-03  1.36650e-02
 8.10441e-03  1.26315e-02
 8.24004e-03  1.26987e-02
 8.11403e-03  1.27826e-02
 8.10441e-03  1.26315e-02

 9.28281e-03  1.36650e-02
 8.79712e-03  1.26956e-02
 8.92351e-03  1.27789e-02
 8.78818e-03  1.28467e-02
 8.79712e-03  1.26956e-02

 9.77344e-03  1.36650e-02
 9.48469e-03  1.28092e-02
 9.59831e-03  1.29093e-02
 9.45489e-03  1.29577e-02
 9.48469e-03  1.28092e-02

 1.02641e-02  1.36650e-02
 1.01121e-02  1.29760e-02
 1.02142e-02  1.30877e-02
 1.00664e-02  1.31203e-02
 1.01121e-02  1.29760e-02

 1.07547e-02  1.36650e-02
 1.07547e-02  1.32306e-02
 1.08304e-02  1.33617e-02
 1.06790e-02  1.33617e-02
 1.07547e-02  1.32306e-02

 3.91615e-03  1.42350e-02
 2.18549e-03  1.45537e-02
 2.30070e-03  1.44555e-02
 2.32812e-03  1.46044e-02
 2.18549e-03  1.45537e-02

 4.40469e-03  1.42350e-02
 2.64580e-03  1.42419e-02
 2.77659e-03  1.41657e-02
 2.77719e-03  1.43171e-02
 2.64580e-03  1.42419e-02

 4.89323e-03  1.42350e-02
 3.14895e-03  1.39564e-02
 3.29034e-03  1.39023e-02
 3.26646e-03  1.40518e-02
 3.14895e-03  1.39564e-02

 5.38177e-03  1.42350e-02
 3.69153e-03  1.37008e-02
 3.83933e-03  1.36681e-02
 3.79372e-03  1.38124e-02
 3.69153e-03  1.37008e-02

 5.87031e-03  1.42350e-02
 4.26968e-03  1.34776e-02
 4.42055e-03  1.34653e-02
 4.35581e-03  1.36021e-02
 4.26968e-03  1.34776e-02

 6.35885e-03  1.42350e-02
 4.87871e-03  1.32891e-02
 5.02993e-03  1.32959e-02
 4.94842e-03  1.34235e-02
 4.87871e-03  1.32891e-02

 6.84740e-03  1.42350e-02
 5.51378e-03  1.31375e-02
 5.66309e-03  1.31624e-02
 5.56691e-03  1.32793e-02
 5.51378e-03  1.31375e-02

 7.33594e-03  1.42350e-02
 6.16875e-03  1.30254e-02
 6.31423e-03  1.30672e-02
 6.20531e-03  1.31723e-02
 6.16875e-03  1.30254e-02

 7.82448e-03  1.42350e-02
 6.83870e-03  1.29559e-02
 6.97867e-03  1.30136e-02
 6.85878e-03  1.31060e-02
 6.83870e-03  1.29559e-02

 8.31302e-03  1.42350e-02
 7.51486e-03  1.29322e-02
 7.64788e-03  1.30044e-02
 7.51881e-03  1.30835e-02
 7.51486e-03  1.29322e-02

 8.80156e-03  1.42350e-02
 8.19425e-03  1.29586e-02
 8.31891e-03  1.30445e-02
 8.18223e-03  1.31095e-02
 8.19425e-03  1.29586e-02

 9.29010e-03  1.42350e-02
 8.86018e-03  1.30386e-02
 8.97574e-03  1.31364e-02
 8.83329e-03  1.31876e-02
 8.86018e-03  1.30386e-02

 9.77865e-03  1.42350e-02
 9.52227e-03  1.31804e-02
 9.62678e-03  1.32899e-02
 9.47969e-03  1.33257e-02
 9.52227e-03  1.31804e-02

 1.02672e-02  1.42350e-02
 1.01317e-02  1.33872e-02
 1.02271e-02  1.35047e-02
 1.00776e-02  1.35286e-02
 1.01317e-02  1.33872e-02

 1.07557e-02  1.42350e-02
 1.07557e-02  1.37022e-02
 1.08314e-02  1.38333e-02
 1.06800e-02  1.38333e-02
 1.07557e-02  1.37022e-02

 3.94635e-03  1.48050e-02
 2.55938e-03  1.51585e-02
 2.66772e-03  1.50528e-02
 2.70510e-03  1.51994e-02
 2.55938e-03  1.51585e-02

 4.43281e-03  1.48050e-02
 3.01905e-03  1.48031e-02
 3.15024e-03  1.47276e-02
 3.15003e-03  1.48789e-02
 3.01905e-03  1.48031e-02

 4.91927e-03  1.48050e-02
 3.51345e-03  1.44766e-02
 3.65832e-03  1.44328e-02
 3.62389e-03  1.45802e-02
 3.51345e-03  1.44766e-02

 5.40573e-03  1.48050e-02
 4.04010e-03  1.41836e-02
 4.19076e-03  1.41690e-02
 4.12807e-03  1.43068e-02
 4.04010e-03  1.41836e-02

 5.89219e-03  1.48050e-02
 4.59596e-03  1.39271e-02
 4.74693e-03  1.39380e-02
 4.66206e-03  1.40633e-02
 4.59596e-03  1.39271e-02

 6.37865e-03  1.48050e-02
 5.17732e-03  1.37102e-02
 5.32519e-03  1.37425e-02
 5.22323e-03  1.38544e-02
 5.17732e-03  1.37102e-02

 6.86510e-03  1.48050e-02
 5.78026e-03  1.35355e-02
 5.92296e-03  1.35860e-02
 5.80788e-03  1.36843e-02
 5.78026e-03  1.35355e-02

 7.35156e-03  1.48050e-02
 6.39992e-03  1.34064e-02
 6.53623e-03  1.34722e-02
 6.41109e-03  1.35573e-02
 6.39992e-03  1.34064e-02

 7.83802e-03  1.48050e-02
 7.03207e-03  1.33263e-02
 7.16126e-03  1.34052e-02
 7.02835e-03  1.34776e-02
 7.03207e-03  1.33263e-02

 8.32448e-03  1.48050e-02
 7.66975e-03  1.32990e-02
 7.79142e-03  1.33890e-02
 7.65260e-03  1.34494e-02
 7.66975e-03  1.32990e-02

 8.81094e-03  1.48050e-02
 8.31074e-03  1.33296e-02
 8.42450e-03  1.34295e-02
 8.28115e-03  1.34781e-02
 8.31074e-03  1.33296e-02

 9.29740e-03  1.48050e-02
 8.94142e-03  1.34224e-02
 9.04740e-03  1.35305e-02
 8.90081e-03  1.35682e-02
 8.94142e-03  1.34224e-02

 9.78385e-03  1.48050e-02
 9.57012e-03  1.35873e-02
 9.66732e-03  1.37033e-02
 9.51823e-03  1.37295e-02
 9.57012e-03  1.35873e-02

 1.02703e-02  1.48050e-02
 1.01562e-02  1.38265e-02
 1.02465e-02  1.39479e-02
 1.00962e-02  1.39655e-02
 1.01562e-02  1.38265e-02

 1.07568e-02  1.48050e-02
 1.07568e-02  1.41909e-02
 1.08325e-02  1.43220e-02
 1.06811e-02  1.43220e-02
 1.07568e-02  1.41909e-02

 3.97656e-03  1.53750e-02
 2.98549e-03  1.57569e-02
 3.08060e-03  1.56391e-02
 3.13502e-03  1.57804e-02
 2.98549e-03  1.57569e-02

 4.46094e-03  1.53750e-02
 3.44564e-03  1.53678e-02
 3.57727e-03  1.52930e-02
 3.57619e-03  1.54444e-02
 3.44564e-03  1.53678e-02

 4.94531e-03  1.53750e-02
 3.93131e-03  1.50093e-02
 4.08029e-03  1.49826e-02
 4.02894e-03  1.51250e-02
 3.93131e-03  1.50093e-02

 5.42969e-03  1.53750e-02
 4.44096e-03  1.46866e-02
 4.59178e-03  1.46994e-02
 4.50530e-03  1.48236e-02
 4.44096e-03  1.46866e-02

 5.91406e-03  1.53750e-02
 4.97256e-03  1.44037e-02
 5.11814e-03  1.44451e-02
 5.00945e-03  1.45505e-02
 4.97256e-03  1.44037e-02

 6.39844e-03  1.53750e-02
 5.52331e-03  1.41639e-02
 5.66143e-03  1.42258e-02
 5.53874e-03  1.43145e-02
 5.52331e-03  1.41639e-02

 6.88281e-03  1.53750e-02
 6.09026e-03  1.39708e-02
 6.22060e-03  1.40478e-02
 6.08878e-03  1.41222e-02
 6.09026e-03  1.39708e-02

 7.36719e-03  1.53750e-02
 6.66979e-03  1.38280e-02
 6.79266e-03  1.39164e-02
 6.65466e-03  1.39786e-02
 6.66979e-03  1.38280e-02

 7.85156e-03  1.53750e-02
 7.25882e-03  1.37392e-02
 7.37464e-03  1.38366e-02
 7.23233e-03  1.38882e-02
 7.25882e-03  1.37392e-02

 8.33594e-03  1.53750e-02
 7.85234e-03  1.37084e-02
 7.96156e-03  1.38133e-02
 7.81619e-03  1.38554e-02
 7.85234e-03  1.37084e-02

 8.82031e-03  1.53750e-02
 8.44880e-03  1.37419e-02
 8.55167e-03  1.38529e-02
 8.40408e-03  1.38865e-02
 8.44880e-03  1.37419e-02

 9.30469e-03  1.53750e-02
 9.03842e-03  1.38435e-02
 9.13544e-03  1.39597e-02
 8.98631e-03  1.39857e-02
 9.03842e-03  1.38435e-02

 9.78906e-03  1.53750e-02
 9.62773e-03  1.40253e-02
 9.71844e-03  1.41465e-02
 9.56814e-03  1.41645e-02
 9.62773e-03  1.40253e-02

 1.02734e-02  1.53750e-02
 1.01864e-02  1.42886e-02
 1.02723e-02  1.44133e-02
 1.01214e-02  1.44254e-02
 1.01864e-02  1.42886e-02

 1.07578e-02  1.53750e-02
 1.07578e-02  1.46925e-02
 1.08335e-02  1.48236e-02
 1.06821e-02  1.48236e-02
 1.07578e-02  1.46925e-02

 4.00677e-03  1.59450e-02
 3.44645e-03  1.63424e-02
 3.50959e-03  1.62048e-02
 3.59716e-03  1.63283e-02
 3.44645e-03  1.63424e-02

 4.48906e-03  1.59450e-02
 3.90868e-03  1.59321e-02
 4.04141e-03  1.58594e-02
 4.03805e-03  1.60107e-02
 3.90868e-03  1.59321e-02

 4.97135e-03  1.59450e-02
 4.38656e-03  1.55531e-02
 4.53759e-03  1.55632e-02
 4.45332e-03  1.56889e-02
 4.38656e-03  1.55531e-02

 5.45365e-03  1.59450e-02
 4.87944e-03  1.52112e-02
 5.01982e-03  1.52678e-02
 4.90061e-03  1.53610e-02
 4.87944e-03  1.52112e-02

 5.93594e-03  1.59450e-02
 5.38610e-03  1.49110e-02
 5.51447e-03  1.49912e-02
 5.38083e-03  1.50623e-02
 5.38610e-03  1.49110e-02

 6.41823e-03  1.59450e-02
 5.90482e-03  1.46566e-02
 6.02365e-03  1.47503e-02
 5.88303e-03  1.48064e-02
 5.90482e-03  1.46566e-02

 6.90052e-03  1.59450e-02
 6.43364e-03  1.44517e-02
 6.54499e-03  1.45542e-02
 6.40052e-03  1.45994e-02
 6.43364e-03  1.44517e-02

 7.38281e-03  1.59450e-02
 6.97022e-03  1.42999e-02
 7.07552e-03  1.44087e-02
 6.92870e-03  1.44455e-02
 6.97022e-03  1.42999e-02

 7.86510e-03  1.59450e-02
 7.51265e-03  1.42057e-02
 7.61286e-03  1.43192e-02
 7.46451e-03  1.43492e-02
 7.51265e-03  1.42057e-02

 8.34740e-03  1.59450e-02
 8.05800e-03  1.41729e-02
 8.15383e-03  1.42900e-02
 8.00444e-03  1.43144e-02
 8.05800e-03  1.41729e-02

 8.82969e-03  1.59450e-02
 8.60546e-03  1.42078e-02
 8.69730e-03  1.43281e-02
 8.54718e-03  1.43475e-02
 8.60546e-03  1.42078e-02

 9.31198e-03  1.59450e-02
 9.14951e-03  1.43147e-02
 9.23782e-03  1.44376e-02
 9.08720e-03  1.44526e-02
 9.14951e-03  1.43147e-02

 9.79427e-03  1.59450e-02
 9.69438e-03  1.45067e-02
 9.77896e-03  1.46322e-02
 9.62796e-03  1.46427e-02
 9.69438e-03  1.45067e-02

 1.02766e-02  1.59450e-02
 1.02217e-02  1.47848e-02
 1.03035e-02  1.49122e-02
 1.01523e-02  1.49194e-02
 1.02217e-02  1.47848e-02

 1.07589e-02  1.59450e-02
 1.07589e-02  1.52147e-02
 1.08345e-02  1.53458e-02
 1.06832e-02  1.53458e-02
 1.07589e-02  1.52147e-02

 4.03698e-03  1.65150e-02
 3.92404e-03  1.69156e-02
 3.88677e-03  1.67689e-02
 4.03246e-03  1.68100e-02
 3.92404e-03  1.69156e-02

 4.51719e-03  1.65150e-02
 4.39014e-03  1.64963e-02
 4.53084e-03  1.64405e-02
 4.50883e-03  1.65903e-02
 4.39014e-03  1.64963e-02

 4.99740e-03  1.65150e-02
 4.86170e-03  1.61081e-02
 4.97496e-03  1.62085e-02
 4.83137e-03  1.62564e-02
 4.86170e-03  1.61081e-02

 5.47760e-03  1.65150e-02
 5.33879e-03  1.57573e-02
 5.43686e-03  1.58726e-02
 5.28797e-03  1.58999e-02
 5.33879e-03  1.57573e-02

 5.95781e-03  1.65150e-02
 5.82106e-03  1.54492e-02
 5.91281e-03  1.55696e-02
 5.76268e-03  1.55889e-02
 5.82106e-03  1.54492e-02

 6.43802e-03  1.65150e-02
 6.30773e-03  1.51882e-02
 6.39586e-03  1.53113e-02
 6.24522e-03  1.53260e-02
 6.30773e-03  1.51882e-02

 6.91823e-03  1.65150e-02
 6.79787e-03  1.49782e-02
 6.88356e-03  1.51030e-02
 6.73265e-03  1.51148e-02
 6.79787e-03  1.49782e-02

 7.39844e-03  1.65150e-02
 7.29050e-03  1.48230e-02
 7.37437e-03  1.49490e-02
 7.22331e-03  1.49587e-02
 7.29050e-03  1.48230e-02

 7.87865e-03  1.65150e-02
 7.78481e-03  1.47268e-02
 7.86726e-03  1.48537e-02
 7.71610e-03  1.48616e-02
 7.78481e-03  1.47268e-02

 8.35885e-03  1.65150e-02
 8.28005e-03  1.46932e-02
 8.36133e-03  1.48209e-02
 8.21010e-03  1.48275e-02
 8.28005e-03  1.46932e-02

 8.83906e-03  1.65150e-02
 8.77603e-03  1.47288e-02
 8.85629e-03  1.48571e-02
 8.70502e-03  1.48625e-02
 8.77603e-03  1.47288e-02

 9.31927e-03  1.65150e-02
 9.27176e-03  1.48376e-02
 9.35112e-03  1.49664e-02
 9.19981e-03  1.49707e-02
 9.27176e-03  1.48376e-02

 9.79948e-03  1.65150e-02
 9.76864e-03  1.50334e-02
 9.84704e-03  1.51629e-02
 9.69570e-03  1.51661e-02
 9.76864e-03  1.50334e-02

 1.02797e-02  1.65150e-02
 1.02619e-02  1.53169e-02
 1.03395e-02  1.54468e-02
 1.01882e-02  1.54491e-02
 1.02619e-02  1.53169e-02

 1.07599e-02  1.65150e-02
 1.07599e-02  1.57589e-02
 1.08356e-02  1.58900e-02
 1.06842e-02  1.58900e-02
 1.07599e-02  1.57589e-02

 4.06719e-03  1.70850e-02
 4.40346e-03  1.74734e-02
 4.26044e-03  1.74238e-02
 4.37488e-03  1.73247e-02
 4.40346e-03  1.74734e-02

 4.54531e-03  1.70850e-02
 4.87499e-03  1.70578e-02
 4.75057e-03  1.71440e-02
 4.73813e-03  1.69932e-02
 4.87499e-03  1.70578e-02

 5.02344e-03  1.70850e-02
 5.34171e-03  1.66723e-02
 5.32158e-03  1.68223e-02
 5.20172e-03  1.67299e-02
 5.34171e-03  1.66723e-02

 5.50156e-03  1.70850e-02
 5.80431e-03  1.63239e-02
 5.82619e-03  1.64736e-02
 5.68554e-03  1.64177e-02
 5.80431e-03  1.63239e-02

 5.97969e-03  1.70850e-02
 6.26321e-03  1.60181e-02
 6.30268e-03  1.61642e-02
 6.15639e-03  1.61253e-02
 6.26321e-03  1.60181e-02

 6.45781e-03  1.70850e-02
 6.71857e-03  1.57594e-02
 6.76753e-03  1.59026e-02
 6.61901e-03  1.58734e-02
 6.71857e-03  1.57594e-02

 6.93594e-03  1.70850e-02
 7.17050e-03  1.55519e-02
 7.22548e-03  1.56929e-02
 7.07586e-03  1.56700e-02
 7.17050e-03  1.55519e-02

 7.41406e-03  1.70850e-02
 7.61938e-03  1.53991e-02
 7.67867e-03  1.55384e-02
 7.52841e-03  1.55201e-02
 7.61938e-03  1.53991e-02

 7.89219e-03  1.70850e-02
 8.06553e-03  1.53049e-02
 8.12815e-03  1.54427e-02
 7.97750e-03  1.54281e-02
 8.06553e-03  1.53049e-02

 8.37031e-03  1.70850e-02
 8.51036e-03  1.52728e-02
 8.57572e-03  1.54094e-02
 8.42481e-03  1.53977e-02
 8.51036e-03  1.52728e-02

 8.84844e-03  1.70850e-02
 8.95418e-03  1.53089e-02
 9.02194e-03  1.54442e-02
 8.87084e-03  1.54352e-02
 8.95418e-03  1.53089e-02

 9.32656e-03  1.70850e-02
 9.40057e-03  1.54166e-02
 9.47037e-03  1.55509e-02
 9.31915e-03  1.55442e-02
 9.40057e-03  1.54166e-02

 9.80469e-03  1.70850e-02
 9.84773e-03  1.56102e-02
 9.91956e-03  1.57435e-02
 9.76825e-03  1.57391e-02
 9.84773e-03  1.56102e-02

 1.02828e-02  1.70850e-02
 1.03052e-02  1.58899e-02
 1.03784e-02  1.60224e-02
 1.02271e-02  1.60195e-02
 1.03052e-02  1.58899e-02

 1.07609e-02  1.70850e-02
 1.07609e-02  1.63289e-02
 1.08366e-02  1.64599e-02
 1.06853e-02  1.64599e-02
 1.07609e-02  1.63289e-02

 4.09740e-03  1.76550e-02
 4.86853e-03  1.80154e-02
 4.71773e-03  1.80284e-02
 4.78182e-03  1.78913e-02
 4.86853e-03  1.80154e-02

 4.57344e-03  1.76550e-02
 5.34632e-03  1.76160e-02
 5.21921e-03  1.76982e-02
 5.21158e-03  1.75470e-02
 5.34632e-03  1.76160e-02

 5.04948e-03  1.76550e-02
 5.80927e-03  1.72453e-02
 5.72981e-03  1.73741e-02
 5.65796e-03  1.72409e-02
 5.80927e-03  1.72453e-02

 5.52552e-03  1.76550e-02
 6.25853e-03  1.69103e-02
 6.22051e-03  1.70568e-02
 6.11264e-03  1.69507e-02
 6.25853e-03  1.69103e-02

 6.00156e-03  1.76550e-02
 6.69528e-03  1.66169e-02
 6.68537e-03  1.67680e-02
 6.55952e-03  1.66839e-02
 6.69528e-03  1.66169e-02

 6.47760e-03  1.76550e-02
 7.12063e-03  1.63695e-02
 7.12968e-03  1.65206e-02
 6.99430e-03  1.64529e-02
 7.12063e-03  1.63695e-02

 6.95365e-03  1.76550e-02
 7.53572e-03  1.61721e-02
 7.55827e-03  1.63217e-02
 7.41737e-03  1.62664e-02
 7.53572e-03  1.61721e-02

 7.42969e-03  1.76550e-02
 7.94235e-03  1.60277e-02
 7.97515e-03  1.61754e-02
 7.83078e-03  1.61299e-02
 7.94235e-03  1.60277e-02

 7.90573e-03  1.76550e-02
 8.34192e-03  1.59399e-02
 8.38296e-03  1.60856e-02
 8.23626e-03  1.60483e-02
 8.34192e-03  1.59399e-02

 8.38177e-03  1.76550e-02
 8.73793e-03  1.59114e-02
 8.78585e-03  1.60550e-02
 8.63754e-03  1.60247e-02
 8.73793e-03  1.59114e-02

 8.85781e-03  1.76550e-02
 9.13110e-03  1.59479e-02
 9.18511e-03  1.60893e-02
 9.03564e-03  1.60654e-02
 9.13110e-03  1.59479e-02

 9.33385e-03  1.76550e-02
 9.52939e-03  1.60523e-02
 9.58864e-03  1.61916e-02
 9.43839e-03  1.61733e-02
 9.52939e-03  1.60523e-02

 9.80990e-03  1.76550e-02
 9.92756e-03  1.62384e-02
 9.99213e-03  1.63753e-02
 9.84129e-03  1.63627e-02
 9.92756e-03  1.62384e-02

 1.02859e-02  1.76550e-02
 1.03494e-02  1.65057e-02
 1.04178e-02  1.66407e-02
 1.02666e-02  1.66324e-02
 1.03494e-02  1.65057e-02

 1.07620e-02  1.76550e-02
 1.07620e-02  1.69261e-02
 1.08377e-02  1.70572e-02
 1.06863e-02  1.70572e-02
 1.07620e-02  1.69261e-02

 4.12760e-03  1.82250e-02
 5.30373e-03  1.85413e-02
 5.15748e-03  1.85804e-02
 5.19679e-03  1.84342e-02
 5.30373e-03  1.85413e-02

 4.60156e-03  1.82250e-02
 5.78722e-03  1.81700e-02
 5.65978e-03  1.82517e-02
 5.65277e-03  1.81005e-02
 5.78722e-03  1.81700e-02

 5.07552e-03  1.82250e-02
 6.24642e-03  1.78254e-02
 6.14680e-03  1.79394e-02
 6.09791e-03  1.77961e-02
 6.24642e-03  1.78254e-02

 5.54948e-03  1.82250e-02
 6.68291e-03  1.75148e-02
 6.61202e-03  1.76485e-02
 6.53165e-03  1.75203e-02
 6.68291e-03  1.75148e-02

 6.02344e-03  1.82250e-02
 7.09860e-03  1.72436e-02
 7.05280e-03  1.73879e-02
 6.95075e-03  1.72761e-02
 7.09860e-03  1.72436e-02

 6.49740e-03  1.82250e-02
 7.49551e-03  1.70162e-02
 7.47041e-03  1.71655e-02
 7.35369e-03  1.70691e-02
 7.49551e-03  1.70162e-02

 6.97135e-03  1.82250e-02
 7.87585e-03  1.68359e-02
 7.86774e-03  1.69871e-02
 7.74089e-03  1.69045e-02
 7.87585e-03  1.68359e-02

 7.44531e-03  1.82250e-02
 8.24279e-03  1.67055e-02
 8.24889e-03  1.68567e-02
 8.11486e-03  1.67864e-02
 8.24279e-03  1.67055e-02

 7.91927e-03  1.82250e-02
 8.59892e-03  1.66279e-02
 8.61723e-03  1.67781e-02
 8.47795e-03  1.67188e-02
 8.59892e-03  1.66279e-02

 8.39323e-03  1.82250e-02
 8.94964e-03  1.66052e-02
 8.97863e-03  1.67538e-02
 8.83547e-03  1.67046e-02
 8.94964e-03  1.66052e-02

 8.86719e-03  1.82250e-02
 9.29602e-03  1.66423e-02
 9.33479e-03  1.67886e-02
 9.18869e-03  1.67490e-02
 9.29602e-03  1.66423e-02

 9.34115e-03  1.82250e-02
 9.64989e-03  1.67415e-02
 9.69727e-03  1.68853e-02
 9.54908e-03  1.68544e-02
 9.64989e-03  1.67415e-02

 9.81510e-03  1.82250e-02
 1.00027e-02  1.69151e-02
 1.00590e-02  1.70556e-02
 9.90920e-03  1.70341e-02
 1.00027e-02  1.69151e-02

 1.02891e-02  1.82250e-02
 1.03913e-02  1.71626e-02
 1.04541e-02  1.73004e-02
 1.03034e-02  1.72859e-02
 1.03913e-02  1.71626e-02

 1.07630e-02  1.82250e-02
 1.07630e-02  1.75499e-02
 1.08387e-02  1.76810e-02
 1.06873e-02  1.76810e-02
 1.07630e-02  1.75499e-02

 4.15781e-03  1.87950e-02
 5.68919e-03  1.90540e-02
 5.54732e-03  1.91068e-02
 5.57256e-03  1.89575e-02
 5.68919e-03  1.90540e-02

 4.62969e-03  1.87950e-02
 6.17666e-03  1.87222e-02
 6.04927e-03  1.88040e-02
 6.04216e-03  1.86528e-02
 6.17666e-03  1.87222e-02

 5.10156e-03  1.87950e-02
 6.63120e-03  1.84150e-02
 6.52223e-03  1.85200e-02
 6.48573e-03  1.83731e-02
 6.63120e-03  1.84150e-02

 5.57344e-03  1.87950e-02
 7.05502e-03  1.81390e-02
 6.96580e-03  1.82612e-02
 6.90451e-03  1.81228e-02
 7.05502e-03  1.81390e-02

 6.04531e-03  1.87950e-02
 7.45068e-03  1.78993e-02
 7.38081e-03  1.80336e-02
 7.29946e-03  1.79059e-02
 7.45068e-03  1.78993e-02

 6.51719e-03  1.87950e-02
 7.82121e-03  1.76997e-02
 7.76951e-03  1.78420e-02
 7.67216e-03  1.77261e-02
 7.82121e-03  1.76997e-02

 6.98906e-03  1.87950e-02
 8.16995e-03  1.75431e-02
 8.13506e-03  1.76904e-02
 8.02495e-03  1.75865e-02
 8.16995e-03  1.75431e-02

 7.46094e-03  1.87950e-02
 8.50151e-03  1.74316e-02
 8.48214e-03  1.75817e-02
 8.36182e-03  1.74899e-02
 8.50151e-03  1.74316e-02

 7.93281e-03  1.87950e-02
 8.81929e-03  1.73672e-02
 8.81444e-03  1.75185e-02
 8.68585e-03  1.74387e-02
 8.81929e-03  1.73672e-02

 8.40469e-03  1.87950e-02
 9.13062e-03  1.73519e-02
 9.13932e-03  1.75030e-02
 9.00410e-03  1.74350e-02
 9.13062e-03  1.73519e-02

 8.87656e-03  1.87950e-02
 9.43679e-03  1.73892e-02
 9.45857e-03  1.75390e-02
 9.31795e-03  1.74829e-02
 9.43679e-03  1.73892e-02

 9.34844e-03  1.87950e-02
 9.75276e-03  1.74813e-02
 9.78654e-03  1.76288e-02
 9.64187e-03  1.75843e-02
 9.75276e-03  1.74813e-02

 9.82031e-03  1.87950e-02
 1.00672e-02  1.76380e-02
 1.01138e-02  1.77820e-02
 9.96578e-03  1.77504e-02
 1.00672e-02  1.76380e-02

 1.02922e-02  1.87950e-02
 1.04275e-02  1.78592e-02
 1.04836e-02  1.79998e-02
 1.03338e-02  1.79782e-02
 1.04275e-02  1.78592e-02

 1.07641e-02  1.87950e-02
 1.07641e-02  1.81997e-02
 1.08397e-02  1.83308e-02
 1.06884e-02  1.83308e-02
 1.07641e-02  1.81997e-02

 4.18802e-03  1.93650e-02
 6.00571e-03  1.95571e-02
 5.86739e-03  1.96186e-02
 5.88331e-03  1.94681e-02
 6.00571e-03  1.95571e-02

 4.65781e-03  1.93650e-02
 6.49329e-03  1.92738e-02
 6.36612e-03  1.93559e-02
 6.35861e-03  1.92047e-02
 6.49329e-03  1.92738e-02

 5.12760e-03  1.93650e-02
 6.94106e-03  1.90125e-02
 6.82682e-03  1.91118e-02
 6.79793e-03  1.89632e-02
 6.94106e-03  1.90125e-02

 5.59740e-03  1.93650e-02
 7.35151e-03  1.87790e-02
 7.25116e-03  1.88924e-02
 7.20320e-03  1.87488e-02
 7.35151e-03  1.87790e-02

 6.06719e-03  1.93650e-02
 7.72814e-03  1.85778e-02
 7.64209e-03  1.87023e-02
 7.57727e-03  1.85656e-02
 7.72814e-03  1.85778e-02

 6.53698e-03  1.93650e-02
 8.07509e-03  1.84119e-02
 8.00353e-03  1.85453e-02
 7.92380e-03  1.84166e-02
 8.07509e-03  1.84119e-02

 7.00677e-03  1.93650e-02
 8.39662e-03  1.82834e-02
 8.33965e-03  1.84236e-02
 8.24669e-03  1.83042e-02
 8.39662e-03  1.82834e-02

 7.47656e-03  1.93650e-02
 8.69847e-03  1.81937e-02
 8.65621e-03  1.83391e-02
 8.55147e-03  1.82298e-02
 8.69847e-03  1.81937e-02

 7.94635e-03  1.93650e-02
 8.98511e-03  1.81445e-02
 8.95779e-03  1.82933e-02
 8.84251e-03  1.81952e-02
 8.98511e-03  1.81445e-02

 8.41615e-03  1.93650e-02
 9.26524e-03  1.81367e-02
 9.25295e-03  1.82876e-02
 9.12844e-03  1.82015e-02
 9.26524e-03  1.81367e-02

 8.88594e-03  1.93650e-02
 9.54043e-03  1.81735e-02
 9.54365e-03  1.83248e-02
 9.41099e-03  1.82520e-02
 9.54043e-03  1.81735e-02

 9.35573e-03  1.93650e-02
 9.82781e-03  1.82565e-02
 9.84608e-03  1.84068e-02
 9.70682e-03  1.83475e-02
 9.82781e-03  1.82565e-02

 9.82552e-03  1.93650e-02
 1.01140e-02  1.83928e-02
 1.01493e-02  1.85400e-02
 1.00042e-02  1.84969e-02
 1.01140e-02  1.83928e-02

 1.02953e-02  1.93650e-02
 1.04535e-02  1.85829e-02
 1.05017e-02  1.87264e-02
 1.03533e-02  1.86964e-02
 1.04535e-02  1.85829e-02

 1.07651e-02  1.93650e-02
 1.07651e-02  1.88670e-02
 1.08408e-02  1.89980e-02
 1.06894e-02  1.89980e-02
 1.07651e-02  1.88670e-02

 4.21823e-03  1.99350e-02
 6.22286e-03  2.00595e-02
 6.08733e-03  2.01269e-02
 6.09671e-03  1.99758e-02
 6.22286e-03  2.00595e-02

 4.68594e-03  1.99350e-02
 6.70608e-03  1.98336e-02
 6.57895e-03  1.99158e-02
 6.57136e-03  1.97646e-02
 6.70608e-03  1.98336e-02

 5.15365e-03  1.99350e-02
 7.14488e-03  1.96265e-02
 7.02692e-03  1.97214e-02
 7.00375e-03  1.95718e-02
 7.14488e-03  1.96265e-02

 5.62135e-03  1.99350e-02
 7.54228e-03  1.94429e-02
 7.43407e-03  1.95488e-02
 7.39651e-03  1.94021e-02
 7.54228e-03  1.94429e-02

 6.08906e-03  1.99350e-02
 7.90259e-03  1.92862e-02
 7.80466e-03  1.94016e-02
 7.75367e-03  1.92591e-02
 7.90259e-03  1.92862e-02

 6.55677e-03  1.99350e-02
 8.23066e-03  1.91585e-02
 8.14360e-03  1.92823e-02
 8.07990e-03  1.91450e-02
 8.23066e-03  1.91585e-02

 7.02448e-03  1.99350e-02
 8.53187e-03  1.90611e-02
 8.45642e-03  1.91923e-02
 8.38050e-03  1.90614e-02
 8.53187e-03  1.90611e-02

 7.49219e-03  1.99350e-02
 8.81279e-03  1.89949e-02
 8.74989e-03  1.91326e-02
 8.66210e-03  1.90093e-02
 8.81279e-03  1.89949e-02

 7.95990e-03  1.99350e-02
 9.07872e-03  1.89610e-02
 9.02955e-03  1.91041e-02
 8.93016e-03  1.89899e-02
 9.07872e-03  1.89610e-02

 8.42760e-03  1.99350e-02
 9.33898e-03  1.89600e-02
 9.30476e-03  1.91074e-02
 9.19418e-03  1.90041e-02
 9.33898e-03  1.89600e-02

 8.89531e-03  1.99350e-02
 9.59563e-03  1.89942e-02
 9.57807e-03  1.91445e-02
 9.45665e-03  1.90541e-02
 9.59563e-03  1.89942e-02

 9.36302e-03  1.99350e-02
 9.86672e-03  1.90652e-02
 9.86652e-03  1.92166e-02
 9.73554e-03  1.91408e-02
 9.86672e-03  1.90652e-02

 9.83073e-03  1.99350e-02
 1.01381e-02  1.91774e-02
 1.01589e-02  1.93273e-02
 1.00187e-02  1.92704e-02
 1.01381e-02  1.91774e-02

 1.02984e-02  1.99350e-02
 1.04669e-02  1.93323e-02
 1.05045e-02  1.94789e-02
 1.03587e-02  1.94382e-02
 1.04669e-02  1.93323e-02

 1.07661e-02  1.99350e-02
 1.07661e-02  1.95515e-02
 1.08418e-02  1.96826e-02
 1.06905e-02  1.96826e-02
 1.07661e-02  1.95515e-02

 4.24844e-03  2.05050e-02
 6.31641e-03  2.05656e-02
 6.18316e-03  2.06374e-02
 6.18760e-03  2.04861e-02
 6.31641e-03  2.05656e-02

 4.71406e-03  2.05050e-02
 6.78991e-03  2.03986e-02
 6.66287e-03  2.04809e-02
 6.65512e-03  2.03297e-02
 6.78991e-03  2.03986e-02

 5.17969e-03  2.05050e-02
 7.21731e-03  2.02468e-02
 7.09678e-03  2.03384e-02
 7.07775e-03  2.01882e-02
 7.21731e-03  2.02468e-02

 5.64531e-03  2.05050e-02
 7.60241e-03  2.01137e-02
 7.48871e-03  2.02136e-02
 7.45903e-03  2.00652e-02
 7.60241e-03  2.01137e-02

 6.11094e-03  2.05050e-02
 7.95005e-03  2.00014e-02
 7.84360e-03  2.01090e-02
 7.80362e-03  1.99630e-02
 7.95005e-03  2.00014e-02

 6.57656e-03  2.05050e-02
 8.26582e-03  1.99112e-02
 8.16724e-03  2.00261e-02
 8.11705e-03  1.98833e-02
 8.26582e-03  1.99112e-02

 7.04219e-03  2.05050e-02
 8.55571e-03  1.98439e-02
 8.46588e-03  1.99657e-02
 8.40528e-03  1.98270e-02
 8.55571e-03  1.98439e-02

 7.50781e-03  2.05050e-02
 8.82675e-03  1.97996e-02
 8.74684e-03  1.99282e-02
 8.67546e-03  1.97947e-02
 8.82675e-03  1.97996e-02

 7.97344e-03  2.05050e-02
 9.08447e-03  1.97790e-02
 9.01613e-03  1.99141e-02
 8.93333e-03  1.97874e-02
 9.08447e-03  1.97790e-02

 8.43906e-03  2.05050e-02
 9.33856e-03  1.97828e-02
 9.28373e-03  1.99239e-02
 9.18896e-03  1.98058e-02
 9.33856e-03  1.97828e-02

 8.90469e-03  2.05050e-02
 9.59126e-03  1.98122e-02
 9.55274e-03  1.99586e-02
 9.44523e-03  1.98520e-02
 9.59126e-03  1.98122e-02

 9.37031e-03  2.05050e-02
 9.86042e-03  1.98693e-02
 9.84032e-03  2.00193e-02
 9.72044e-03  1.99269e-02
 9.86042e-03  1.98693e-02

 9.83594e-03  2.05050e-02
 1.01327e-02  1.99555e-02
 1.01370e-02  2.01068e-02
 1.00038e-02  2.00349e-02
 1.01327e-02  1.99555e-02

 1.03016e-02  2.05050e-02
 1.04626e-02  2.00739e-02
 1.04876e-02  2.02232e-02
 1.03458e-02  2.01702e-02
 1.04626e-02  2.00739e-02

 1.07672e-02  2.05050e-02
 1.07672e-02  2.02300e-02
 1.08429e-02  2.03611e-02
 1.06915e-02  2.03611e-02
 1.07672e-02  2.02300e-02

 4.27865e-03  2.10750e-02
 6.23347e-03  2.10930e-02
 6.10169e-03  2.11675e-02
 6.10309e-03  2.10161e-02
 6.23347e-03  2.10930e-02

 4.74219e-03  2.10750e-02
 6.69490e-03  2.09905e-02
 6.56720e-03  2.10718e-02
 6.56066e-03  2.09205e-02
 6.69490e-03  2.09905e-02

 5.20573e-03  2.10750e-02
 7.11295e-03  2.08983e-02
 6.98941e-03  2.09857e-02
 6.97544e-03  2.08350e-02
 7.11295e-03  2.08983e-02

 5.66927e-03  2.10750e-02
 7.49173e-03  2.08184e-02
 7.37247e-03  2.09116e-02
 7.35137e-03  2.07617e-02
 7.49173e-03  2.08184e-02

 6.13281e-03  2.10750e-02
 7.83637e-03  2.07519e-02
 7.72168e-03  2.08507e-02
 7.69348e-03  2.07020e-02
 7.83637e-03  2.07519e-02

 6.59635e-03  2.10750e-02
 8.15263e-03  2.06994e-02
 8.04296e-03  2.08037e-02
 8.00745e-03  2.06565e-02
 8.15263e-03  2.06994e-02

 7.05990e-03  2.10750e-02
 8.44634e-03  2.06609e-02
 8.34239e-03  2.07710e-02
 8.29908e-03  2.06259e-02
 8.44634e-03  2.06609e-02

 7.52344e-03  2.10750e-02
 8.72438e-03  2.06367e-02
 8.62719e-03  2.07527e-02
 8.57529e-03  2.06105e-02
 8.72438e-03  2.06367e-02

 7.98698e-03  2.10750e-02
 8.99206e-03  2.06268e-02
 8.90316e-03  2.07493e-02
 8.84151e-03  2.06110e-02
 8.99206e-03  2.06268e-02

 8.45052e-03  2.10750e-02
 9.25829e-03  2.06318e-02
 9.17977e-03  2.07612e-02
 9.10696e-03  2.06285e-02
 9.25829e-03  2.06318e-02

 8.91406e-03  2.10750e-02
 9.52539e-03  2.06526e-02
 9.46056e-03  2.07894e-02
 9.37452e-03  2.06649e-02
 9.52539e-03  2.06526e-02

 9.37760e-03  2.10750e-02
 9.80973e-03  2.06914e-02
 9.76195e-03  2.08350e-02
 9.66146e-03  2.07218e-02
 9.80973e-03  2.06914e-02

 9.84115e-03  2.10750e-02
 1.00998e-02  2.07477e-02
 1.00779e-02  2.08975e-02
 9.95911e-03  2.08036e-02
 1.00998e-02  2.07477e-02

 1.03047e-02  2.10750e-02
 1.04441e-02  2.08263e-02
 1.04460e-02  2.09777e-02
 1.03139e-02  2.09037e-02
 1.04441e-02  2.08263e-02

 1.07682e-02  2.10750e-02
 1.07682e-02  2.09169e-02
 1.08439e-02  2.10480e-02
 1.06925e-02  2.10480e-02
 1.07682e-02  2.09169e-02

 4.30885e-03  2.16450e-02
 5.95853e-03  2.16280e-02
 5.82823e-03  2.17050e-02
 5.82667e-03  2.15537e-02
 5.95853e-03  2.16280e-02

 4.77031e-03  2.16450e-02
 6.40629e-03  2.15730e-02
 6.27865e-03  2.16544e-02
 6.27200e-03  2.15032e-02
 6.40629e-03  2.15730e-02

 5.23177e-03  2.16450e-02
 6.81802e-03  2.15243e-02
 6.69305e-03  2.16097e-02
 6.68157e-03  2.14588e-02
 6.81802e-03  2.15243e-02

 5.69323e-03  2.16450e-02
 7.19782e-03  2.14827e-02
 7.07560e-03  2.15720e-02
 7.05937e-03  2.14215e-02
 7.19782e-03  2.14827e-02

 6.15469e-03  2.16450e-02
 7.55059e-03  2.14486e-02
 7.43133e-03  2.15418e-02
 7.41024e-03  2.13919e-02
 7.55059e-03  2.14486e-02

 6.61615e-03  2.16450e-02
 7.88157e-03  2.14222e-02
 7.76560e-03  2.15194e-02
 7.73935e-03  2.13704e-02
 7.88157e-03  2.14222e-02

 7.07760e-03  2.16450e-02
 8.19568e-03  2.14034e-02
 8.08353e-03  2.15051e-02
 8.05156e-03  2.13571e-02
 8.19568e-03  2.14034e-02

 7.53906e-03  2.16450e-02
 8.49873e-03  2.13922e-02
 8.39124e-03  2.14988e-02
 8.35269e-03  2.13524e-02
 8.49873e-03  2.13922e-02

 8.00052e-03  2.16450e-02
 8.79505e-03  2.13886e-02
 8.69354e-03  2.15009e-02
 8.64705e-03  2.13568e-02
 8.79505e-03  2.13886e-02

 8.46198e-03  2.16450e-02
 9.09207e-03  2.13930e-02
 8.99845e-03  2.15120e-02
 8.94225e-03  2.13714e-02
 9.09207e-03  2.13930e-02

 8.92344e-03  2.16450e-02
 9.39170e-03  2.14056e-02
 9.30943e-03  2.15327e-02
 9.24053e-03  2.13979e-02
 9.39170e-03  2.14056e-02

 9.38490e-03  2.16450e-02
 9.70789e-03  2.14283e-02
 9.64119e-03  2.15642e-02
 9.55687e-03  2.14385e-02
 9.70789e-03  2.14283e-02

 9.84635e-03  2.16450e-02
 1.00321e-02  2.14595e-02
 9.99280e-03  2.16057e-02
 9.88585e-03  2.14986e-02
 1.00321e-02  2.14595e-02

 1.03078e-02  2.16450e-02
 1.04032e-02  2.15050e-02
 1.03919e-02  2.16559e-02
 1.02668e-02  2.15707e-02
 1.04032e-02  2.15050e-02

 1.07693e-02  2.16450e-02
 1.07693e-02  2.15516e-02
 1.08450e-02  2.16827e-02
 1.06936e-02  2.16827e-02
 1.07693e-02  2.15516e-02

 4.33906e-03  2.22150e-02
 5.34376e-03  2.22150e-02
 5.21267e-03  2.22907e-02
 5.21267e-03  2.21393e-02
 5.34376e-03  2.22150e-02

 4.79844e-03  2.22150e-02
 5.79004e-03  2.22150e-02
 5.65895e-03  2.22907e-02
 5.65895e-03  2.21393e-02
 5.79004e-03  2.22150e-02

 5.25781e-03  2.22150e-02
 6.21483e-03  2.22150e-02
 6.08374e-03  2.22907e-02
 6.08374e-03  2.21393e-02
 6.21483e-03  2.22150e-02

 5.71719e-03  2.22150e-02
 6.62100e-03  2.22150e-02
 6.48991e-03  2.22907e-02
 6.48991e-03  2.21393e-02
 6.62100e-03  2.22150e-02

 6.17656e-03  2.22150e-02
 7.01150e-03  2.22150e-02
 6.88041e-03  2.22907e-02
 6.88041e-03  2.21393e-02
 7.01150e-03  2.22150e-02

 6.63594e-03  2.22150e-02
 7.38971e-03  2.22150e-02
 7.25863e-03  2.22907e-02
 7.25863e-03  2.21393e-02
 7.38971e-03  2.22150e-02

 7.09531e-03  2.22150e-02
 7.75864e-03  2.22150e-02
 7.62755e-03  2.22907e-02
 7.62755e-03  2.21393e-02
 7.75864e-03  2.22150e-02

 7.55469e-03  2.22150e-02
 8.12175e-03  2.22150e-02
 7.99067e-03  2.22907e-02
 7.99067e-03  2.21393e-02
 8.12175e-03  2.22150e-02

 8.01406e-03  2.22150e-02
 8.48158e-03  2.22150e-02
 8.35049e-03  2.22907e-02
 8.35049e-03  2.21393e-02
 8.48158e-03  2.22150e-02

 8.47344e-03  2.22150e-02
 8.84258e-03  2.22150e-02
 8.71150e-03  2.22907e-02
 8.71150e-03  2.21393e-02
 8.84258e-03  2.22150e-02

 8.93281e-03  2.22150e-02
 9.20571e-03  2.22150e-02
 9.07462e-03  2.22907e-02
 9.07462e-03  2.21393e-02
 9.20571e-03  2.22150e-02

 9.39219e-03  2.22150e-02
 9.57959e-03  2.22150e-02
 9.44850e-03  2.22907e-02
 9.44850e-03  2.21393e-02
 9.57959e-03  2.22150e-02

 9.85156e-03  2.22150e-02
 9.95830e-03  2.22150e-02
 9.82721e-03  2.22907e-02
 9.82721e-03  2.21393e-02
 9.95830e-03  2.22150e-02

 1.03109e-02  2.22150e-02
 1.03661e-02  2.22150e-02
 1.02350e-02  2.22907e-02
 1.02350e-02  2.21393e-02
 1.03661e-02  2.22150e-02

 1.07703e-02  2.22150e-02
 1.07703e-02  2.22150e-02
 1.09014e-02  2.21393e-02
 1.09014e-02  2.22907e-02
 1.07703e-02  2.22150e-02

