#[ Fluid velocity 2D plot data file: flw.dat ]
 1.95313e-04  1.13850e-02
 1.95313e-04  1.13850e-02
 1.19629e-04  1.12539e-02
 2.70996e-04  1.12539e-02
 1.95313e-04  1.13850e-02

 5.85937e-04  1.13850e-02
 2.58629e-04  1.13850e-02
 3.89717e-04  1.13093e-02
 3.89717e-04  1.14607e-02
 2.58629e-04  1.13850e-02

 9.76562e-04  1.13850e-02
 5.39437e-04  1.13850e-02
 6.70525e-04  1.13093e-02
 6.70525e-04  1.14607e-02
 5.39437e-04  1.13850e-02

 1.36719e-03  1.13850e-02
 7.41368e-04  1.13850e-02
 8.72456e-04  1.13093e-02
 8.72456e-04  1.14607e-02
 7.41368e-04  1.13850e-02

 1.75781e-03  1.13850e-02
 9.95074e-04  1.13850e-02
 1.12616e-03  1.13093e-02
 1.12616e-03  1.14607e-02
 9.95074e-04  1.13850e-02

 2.14844e-03  1.13850e-02
 1.24954e-03  1.13850e-02
 1.38063e-03  1.13093e-02
 1.38063e-03  1.14607e-02
 1.24954e-03  1.13850e-02

 2.53906e-03  1.13850e-02
 1.53088e-03  1.13850e-02
 1.66197e-03  1.13093e-02
 1.66197e-03  1.14607e-02
 1.53088e-03  1.13850e-02

 2.92969e-03  1.13850e-02
 1.82910e-03  1.13850e-02
 1.96019e-03  1.13093e-02
 1.96019e-03  1.14607e-02
 1.82910e-03  1.13850e-02

 3.32031e-03  1.13850e-02
 2.14979e-03  1.13850e-02
 2.28088e-03  1.13093e-02
 2.28088e-03  1.14607e-02
 2.14979e-03  1.13850e-02

 1.97049e-04  1.19550e-02
 1.97049e-04  1.25349e-02
 1.21365e-04  1.24038e-02
 2.72732e-04  1.24038e-02
 1.97049e-04  1.25349e-02

 5.91146e-04  1.19550e-02
 7.61652e-05  1.24926e-02
 1.12190e-04  1.23456e-02
 2.21499e-04  1.24503e-02
 7.61652e-05  1.24926e-02

 9.85243e-04  1.19550e-02
 2.78927e-04  1.24693e-02
 3.40352e-04  1.23309e-02
 4.29448e-04  1.24533e-02
 2.78927e-04  1.24693e-02

 1.37934e-03  1.19550e-02
 3.66544e-04  1.24303e-02
 4.53056e-04  1.23061e-02
 5.17367e-04  1.24432e-02
 3.66544e-04  1.24303e-02

 1.77344e-03  1.19550e-02
 5.36997e-04  1.23858e-02
 6.35881e-04  1.22712e-02
 6.85688e-04  1.24142e-02
 5.36997e-04  1.23858e-02

 2.16753e-03  1.19550e-02
 7.12823e-04  1.23329e-02
 8.20673e-04  1.22266e-02
 8.58727e-04  1.23732e-02
 7.12823e-04  1.23329e-02

 2.56163e-03  1.19550e-02
 9.34513e-04  1.22759e-02
 1.04848e-03  1.21763e-02
 1.07777e-03  1.23248e-02
 9.34513e-04  1.22759e-02

 2.95573e-03  1.19550e-02
 1.18670e-03  1.22156e-02
 1.30536e-03  1.21216e-02
 1.32742e-03  1.22713e-02
 1.18670e-03  1.22156e-02

 3.34983e-03  1.19550e-02
 1.47734e-03  1.21518e-02
 1.59980e-03  1.20628e-02
 1.61562e-03  1.22133e-02
 1.47734e-03  1.21518e-02

 1.98785e-04  1.25250e-02
 1.98785e-04  1.34841e-02
 1.23101e-04  1.33530e-02
 2.74468e-04  1.33530e-02
 1.98785e-04  1.34841e-02

 5.96354e-04  1.25250e-02
 1.62328e-05  1.34555e-02
 2.13590e-05  1.33042e-02
 1.49808e-04  1.33843e-02
 1.62328e-05  1.34555e-02

 9.93924e-04  1.25250e-02
 1.84565e-04  1.34034e-02
 2.17734e-04  1.32557e-02
 3.29051e-04  1.33583e-02
 1.84565e-04  1.34034e-02

 1.39149e-03  1.25250e-02
 2.27708e-04  1.33332e-02
 2.92207e-04  1.31963e-02
 3.78549e-04  1.33206e-02
 2.27708e-04  1.33332e-02

 1.78906e-03  1.25250e-02
 3.65229e-04  1.32444e-02
 4.48097e-04  1.31178e-02
 5.16361e-04  1.32529e-02
 3.65229e-04  1.32444e-02

 2.18663e-03  1.25250e-02
 5.12211e-04  1.31428e-02
 6.08997e-04  1.30264e-02
 6.61392e-04  1.31684e-02
 5.12211e-04  1.31428e-02

 2.58420e-03  1.25250e-02
 7.13533e-04  1.30327e-02
 8.20223e-04  1.29253e-02
 8.59867e-04  1.30714e-02
 7.13533e-04  1.30327e-02

 2.98177e-03  1.25250e-02
 9.52091e-04  1.29188e-02
 1.06636e-03  1.28196e-02
 1.09520e-03  1.29682e-02
 9.52091e-04  1.29188e-02

 3.37934e-03  1.25250e-02
 1.23606e-03  1.28047e-02
 1.35625e-03  1.27127e-02
 1.37584e-03  1.28628e-02
 1.23606e-03  1.28047e-02

 2.00521e-04  1.30950e-02
 2.00521e-04  1.45950e-02
 1.24837e-04  1.44640e-02
 2.76204e-04  1.44640e-02
 2.00521e-04  1.45950e-02

 6.01563e-04  1.30950e-02
 1.14736e-05  1.45778e-02
-1.03759e-05  1.44280e-02
 1.30264e-04  1.44840e-02
 1.14736e-05  1.45778e-02

 1.00260e-03  1.30950e-02
 1.77049e-04  1.44923e-02
 1.78567e-04  1.43410e-02
 3.08889e-04  1.44180e-02
 1.77049e-04  1.44923e-02

 1.40365e-03  1.30950e-02
 2.14356e-04  1.43808e-02
 2.47807e-04  1.42332e-02
 3.58928e-04  1.43359e-02
 2.14356e-04  1.43808e-02

 1.80469e-03  1.30950e-02
 3.48537e-04  1.42348e-02
 4.05113e-04  1.40944e-02
 4.98412e-04  1.42136e-02
 3.48537e-04  1.42348e-02

 2.20573e-03  1.30950e-02
 4.92634e-04  1.40695e-02
 5.69154e-04  1.39389e-02
 6.43998e-04  1.40705e-02
 4.92634e-04  1.40695e-02

 2.60677e-03  1.30950e-02
 6.92887e-04  1.38906e-02
 7.84882e-04  1.37704e-02
 8.42984e-04  1.39102e-02
 6.92887e-04  1.38906e-02

 3.00781e-03  1.30950e-02
 9.31285e-04  1.37069e-02
 1.03563e-03  1.35973e-02
 1.07842e-03  1.37425e-02
 9.31285e-04  1.37069e-02

 3.40885e-03  1.30950e-02
 1.21646e-03  1.35241e-02
 1.33056e-03  1.34247e-02
 1.35964e-03  1.35732e-02
 1.21646e-03  1.35241e-02

 2.02257e-04  1.36650e-02
 2.02257e-04  1.56160e-02
 1.26573e-04  1.54850e-02
 2.77940e-04  1.54850e-02
 2.02257e-04  1.56160e-02

 6.06771e-04  1.36650e-02
 5.82246e-05  1.56125e-02
 2.09161e-05  1.54658e-02
 1.66614e-04  1.55068e-02
 5.82246e-05  1.56125e-02

 1.01128e-03  1.36650e-02
 2.44535e-04  1.54992e-02
 2.25267e-04  1.53491e-02
 3.64922e-04  1.54074e-02
 2.44535e-04  1.54992e-02

 1.41580e-03  1.36650e-02
 3.08247e-04  1.53513e-02
 3.16951e-04  1.52002e-02
 4.43470e-04  1.52833e-02
 3.08247e-04  1.53513e-02

 1.82031e-03  1.36650e-02
 4.62854e-04  1.51539e-02
 4.95243e-04  1.50061e-02
 6.07100e-04  1.51080e-02
 4.62854e-04  1.51539e-02

 2.22483e-03  1.36650e-02
 6.25559e-04  1.49316e-02
 6.81331e-04  1.47909e-02
 7.75310e-04  1.49096e-02
 6.25559e-04  1.49316e-02

 2.62934e-03  1.36650e-02
 8.40864e-04  1.46913e-02
 9.16895e-04  1.45604e-02
 9.92231e-04  1.46917e-02
 8.40864e-04  1.46913e-02

 3.03385e-03  1.36650e-02
 1.09136e-03  1.44459e-02
 1.18476e-03  1.43268e-02
 1.24122e-03  1.44672e-02
 1.09136e-03  1.44459e-02

 3.43837e-03  1.36650e-02
 1.38568e-03  1.42028e-02
 1.49331e-03  1.40964e-02
 1.53167e-03  1.42428e-02
 1.38568e-03  1.42028e-02

 2.03993e-04  1.42350e-02
 2.03993e-04  1.66156e-02
 1.28310e-04  1.64845e-02
 2.79677e-04  1.64845e-02
 2.03993e-04  1.66156e-02

 6.11979e-04  1.42350e-02
 1.38466e-04  1.66218e-02
 8.97376e-05  1.64785e-02
 2.38211e-04  1.65080e-02
 1.38466e-04  1.66218e-02

 1.01997e-03  1.42350e-02
 3.59249e-04  1.64848e-02
 3.23570e-04  1.63377e-02
 4.68803e-04  1.63803e-02
 3.59249e-04  1.64848e-02

 1.42795e-03  1.42350e-02
 4.70480e-04  1.63041e-02
 4.56846e-04  1.61534e-02
 5.94217e-04  1.62169e-02
 4.70480e-04  1.63041e-02

 1.83594e-03  1.42350e-02
 6.60270e-04  1.60600e-02
 6.67639e-04  1.59088e-02
 7.94887e-04  1.59907e-02
 6.60270e-04  1.60600e-02

 2.24392e-03  1.42350e-02
 8.55132e-04  1.57851e-02
 8.86238e-04  1.56369e-02
 9.98975e-04  1.57379e-02
 8.55132e-04  1.57851e-02

 2.65191e-03  1.42350e-02
 1.09502e-03  1.54877e-02
 1.14971e-03  1.53466e-02
 1.24460e-03  1.54645e-02
 1.09502e-03  1.54877e-02

 3.05990e-03  1.42350e-02
 1.36474e-03  1.51843e-02
 1.44213e-03  1.50542e-02
 1.51609e-03  1.51863e-02
 1.36474e-03  1.51843e-02

 3.46788e-03  1.42350e-02
 1.67267e-03  1.48838e-02
 1.77023e-03  1.47681e-02
 1.82168e-03  1.49104e-02
 1.67267e-03  1.48838e-02

 2.05729e-04  1.48050e-02
 2.05729e-04  1.75233e-02
 1.30046e-04  1.73922e-02
 2.81413e-04  1.73922e-02
 2.05729e-04  1.75233e-02

 6.17187e-04  1.48050e-02
 2.43591e-04  1.75361e-02
 1.86372e-04  1.73960e-02
 3.36343e-04  1.74165e-02
 2.43591e-04  1.75361e-02

 1.02865e-03  1.48050e-02
 5.08239e-04  1.73826e-02
 4.59995e-04  1.72391e-02
 6.08368e-04  1.72690e-02
 5.08239e-04  1.73826e-02

 1.44010e-03  1.48050e-02
 6.82361e-04  1.71768e-02
 6.50160e-04  1.70289e-02
 7.94348e-04  1.70750e-02
 6.82361e-04  1.71768e-02

 1.85156e-03  1.48050e-02
 9.17931e-04  1.68967e-02
 9.02251e-04  1.67461e-02
 1.04047e-03  1.68078e-02
 9.17931e-04  1.68967e-02

 2.26302e-03  1.48050e-02
 1.15517e-03  1.65804e-02
 1.16036e-03  1.64291e-02
 1.28877e-03  1.65092e-02
 1.15517e-03  1.65804e-02

 2.67448e-03  1.48050e-02
 1.42729e-03  1.62374e-02
 1.45629e-03  1.60888e-02
 1.57045e-03  1.61882e-02
 1.42729e-03  1.62374e-02

 3.08594e-03  1.48050e-02
 1.72242e-03  1.58872e-02
 1.77805e-03  1.57464e-02
 1.87215e-03  1.58650e-02
 1.72242e-03  1.58872e-02

 3.49740e-03  1.48050e-02
 2.04798e-03  1.55398e-02
 2.13068e-03  1.54130e-02
 2.19912e-03  1.55480e-02
 2.04798e-03  1.55398e-02

 2.07465e-04  1.53750e-02
 2.07465e-04  1.83491e-02
 1.31782e-04  1.82180e-02
 2.83149e-04  1.82180e-02
 2.07465e-04  1.83491e-02

 6.22396e-04  1.53750e-02
 3.63589e-04  1.83653e-02
 2.99490e-04  1.82282e-02
 4.50293e-04  1.82413e-02
 3.63589e-04  1.83653e-02

 1.03733e-03  1.53750e-02
 6.77118e-04  1.82021e-02
 6.18610e-04  1.80625e-02
 7.68763e-04  1.80816e-02
 6.77118e-04  1.82021e-02

 1.45226e-03  1.53750e-02
 9.23615e-04  1.79793e-02
 8.75522e-04  1.78358e-02
 1.02386e-03  1.78659e-02
 9.23615e-04  1.79793e-02

 1.86719e-03  1.53750e-02
 1.21165e-03  1.76740e-02
 1.17481e-03  1.75271e-02
 1.32038e-03  1.75687e-02
 1.21165e-03  1.76740e-02

 2.28212e-03  1.53750e-02
 1.49811e-03  1.73274e-02
 1.47673e-03  1.71776e-02
 1.61719e-03  1.72340e-02
 1.49811e-03  1.73274e-02

 2.69705e-03  1.53750e-02
 1.80784e-03  1.69504e-02
 1.80637e-03  1.67991e-02
 1.93819e-03  1.68735e-02
 1.80784e-03  1.69504e-02

 3.11198e-03  1.53750e-02
 2.13286e-03  1.65641e-02
 2.15776e-03  1.64148e-02
 2.27461e-03  1.65110e-02
 2.13286e-03  1.65641e-02

 3.52691e-03  1.53750e-02
 2.47937e-03  1.61799e-02
 2.53721e-03  1.60400e-02
 2.62943e-03  1.61600e-02
 2.47937e-03  1.61799e-02

 2.09201e-04  1.59450e-02
 2.09201e-04  1.90739e-02
 1.33518e-04  1.89428e-02
 2.84885e-04  1.89428e-02
 2.09201e-04  1.90739e-02

 6.27604e-04  1.59450e-02
 4.91730e-04  1.90912e-02
 4.21773e-04  1.89569e-02
 5.72999e-04  1.89635e-02
 4.91730e-04  1.90912e-02

 1.04601e-03  1.59450e-02
 8.56753e-04  1.89254e-02
 7.89529e-04  1.87898e-02
 9.40591e-04  1.87994e-02
 8.56753e-04  1.89254e-02

 1.46441e-03  1.59450e-02
 1.18136e-03  1.86941e-02
 1.11950e-03  1.85560e-02
 1.27007e-03  1.85715e-02
 1.18136e-03  1.86941e-02

 1.88281e-03  1.59450e-02
 1.52625e-03  1.83753e-02
 1.47040e-03  1.82346e-02
 1.62016e-03  1.82566e-02
 1.52625e-03  1.83753e-02

 2.30122e-03  1.59450e-02
 1.86691e-03  1.80112e-02
 1.81981e-03  1.78673e-02
 1.96794e-03  1.78984e-02
 1.86691e-03  1.80112e-02

 2.71962e-03  1.59450e-02
 2.21868e-03  1.76133e-02
 2.18389e-03  1.74660e-02
 2.32886e-03  1.75095e-02
 2.21868e-03  1.76133e-02

 3.13802e-03  1.59450e-02
 2.57760e-03  1.72037e-02
 2.56178e-03  1.70532e-02
 2.70006e-03  1.71147e-02
 2.57760e-03  1.72037e-02

 3.55642e-03  1.59450e-02
 2.94850e-03  1.67947e-02
 2.96323e-03  1.66440e-02
 3.08633e-03  1.67321e-02
 2.94850e-03  1.67947e-02

 2.10937e-04  1.65150e-02
 2.10937e-04  1.97008e-02
 1.35254e-04  1.95697e-02
 2.86621e-04  1.95697e-02
 2.10938e-04  1.97008e-02

 6.32812e-04  1.65150e-02
 6.21891e-04  1.97171e-02
 5.46655e-04  1.95857e-02
 6.98021e-04  1.95863e-02
 6.21891e-04  1.97171e-02

 1.05469e-03  1.65150e-02
 1.03883e-03  1.95548e-02
 9.63833e-04  1.94233e-02
 1.11520e-03  1.94241e-02
 1.03883e-03  1.95548e-02

 1.47656e-03  1.65150e-02
 1.44387e-03  1.93229e-02
 1.36972e-03  1.91910e-02
 1.52107e-03  1.91927e-02
 1.44387e-03  1.93229e-02

 1.89844e-03  1.65150e-02
 1.84786e-03  1.90018e-02
 1.77485e-03  1.88692e-02
 1.92619e-03  1.88723e-02
 1.84786e-03  1.90018e-02

 2.32031e-03  1.65150e-02
 2.24576e-03  1.86321e-02
 2.17474e-03  1.84984e-02
 2.32601e-03  1.85038e-02
 2.24576e-03  1.86321e-02

 2.74219e-03  1.65150e-02
 2.64266e-03  1.82261e-02
 2.57471e-03  1.80908e-02
 2.72582e-03  1.80996e-02
 2.64266e-03  1.82261e-02

 3.16406e-03  1.65150e-02
 3.03873e-03  1.78058e-02
 2.97607e-03  1.76680e-02
 3.12673e-03  1.76826e-02
 3.03873e-03  1.78058e-02

 3.58594e-03  1.65150e-02
 3.43695e-03  1.73842e-02
 3.38450e-03  1.72422e-02
 3.53369e-03  1.72678e-02
 3.43695e-03  1.73842e-02

 2.12674e-04  1.70850e-02
 2.12674e-04  2.02293e-02
 1.36990e-04  2.00983e-02
 2.88357e-04  2.00983e-02
 2.12674e-04  2.02293e-02

 6.38021e-04  1.70850e-02
 7.49465e-04  2.02431e-02
 6.69205e-04  2.01148e-02
 8.20478e-04  2.01094e-02
 7.49465e-04  2.02431e-02

 1.06337e-03  1.70850e-02
 1.21722e-03  2.00894e-02
 1.13493e-03  1.99624e-02
 1.28610e-03  1.99546e-02
 1.21722e-03  2.00894e-02

 1.48872e-03  1.70850e-02
 1.70236e-03  1.98639e-02
 1.61685e-03  1.97390e-02
 1.76777e-03  1.97274e-02
 1.70236e-03  1.98639e-02

 1.91406e-03  1.70850e-02
 2.16595e-03  1.95503e-02
 2.07734e-03  1.94276e-02
 2.22792e-03  1.94122e-02
 2.16595e-03  1.95503e-02

 2.33941e-03  1.70850e-02
 2.62250e-03  1.91864e-02
 2.52999e-03  1.90665e-02
 2.68000e-03  1.90463e-02
 2.62250e-03  1.91864e-02

 2.76476e-03  1.70850e-02
 3.06648e-03  1.87844e-02
 2.96905e-03  1.86686e-02
 3.11809e-03  1.86421e-02
 3.06648e-03  1.87844e-02

 3.19010e-03  1.70850e-02
 3.50203e-03  1.83660e-02
 3.39749e-03  1.82566e-02
 3.54455e-03  1.82207e-02
 3.50203e-03  1.83660e-02

 3.61545e-03  1.70850e-02
 3.92991e-03  1.79444e-02
 3.81379e-03  1.78473e-02
 3.95594e-03  1.77953e-02
 3.92991e-03  1.79444e-02

 2.14410e-04  1.76550e-02
 2.14410e-04  2.06643e-02
 1.38726e-04  2.05332e-02
 2.90093e-04  2.05332e-02
 2.14410e-04  2.06643e-02

 6.43229e-04  1.76550e-02
 8.70242e-04  2.06744e-02
 7.84943e-04  2.05493e-02
 9.35884e-04  2.05380e-02
 8.70242e-04  2.06744e-02

 1.07205e-03  1.76550e-02
 1.38627e-03  2.05328e-02
 1.29681e-03  2.04107e-02
 1.44728e-03  2.03943e-02
 1.38627e-03  2.05328e-02

 1.50087e-03  1.76550e-02
 1.94863e-03  2.03195e-02
 1.85227e-03  2.02028e-02
 2.00154e-03  2.01777e-02
 1.94863e-03  2.03195e-02

 1.92969e-03  1.76550e-02
 2.47048e-03  2.00222e-02
 2.36750e-03  1.99112e-02
 2.51506e-03  1.98775e-02
 2.47048e-03  2.00222e-02

 2.35851e-03  1.76550e-02
 2.98512e-03  1.96742e-02
 2.87399e-03  1.95715e-02
 3.01855e-03  1.95266e-02
 2.98512e-03  1.96742e-02

 2.78733e-03  1.76550e-02
 3.47661e-03  1.92879e-02
 3.35590e-03  1.91965e-02
 3.49535e-03  1.91377e-02
 3.47661e-03  1.92879e-02

 3.21615e-03  1.76550e-02
 3.95255e-03  1.88835e-02
 3.82023e-03  1.88100e-02
 3.95006e-03  1.87321e-02
 3.95255e-03  1.88835e-02

 3.64497e-03  1.76550e-02
 4.41134e-03  1.84741e-02
 4.26651e-03  1.84301e-02
 4.37704e-03  1.83267e-02
 4.41134e-03  1.84741e-02

 2.16146e-04  1.82250e-02
 2.16146e-04  2.10157e-02
 1.40462e-04  2.08846e-02
 2.91829e-04  2.08846e-02
 2.16146e-04  2.10157e-02

 6.48438e-04  1.82250e-02
 9.81127e-04  2.10206e-02
 8.90483e-04  2.08994e-02
 1.04079e-03  2.08815e-02
 9.81127e-04  2.10206e-02

 1.08073e-03  1.82250e-02
 1.54189e-03  2.08933e-02
 1.44499e-03  2.07770e-02
 1.59414e-03  2.07512e-02
 1.54189e-03  2.08933e-02

 1.51302e-03  1.82250e-02
 2.17638e-03  2.06966e-02
 2.06930e-03  2.05896e-02
 2.21550e-03  2.05504e-02
 2.17638e-03  2.06966e-02

 1.94531e-03  1.82250e-02
 2.75338e-03  2.04224e-02
 2.63711e-03  2.03255e-02
 2.77917e-03  2.02732e-02
 2.75338e-03  2.04224e-02

 2.37760e-03  1.82250e-02
 3.32365e-03  2.00990e-02
 3.19701e-03  2.00161e-02
 3.33213e-03  1.99479e-02
 3.32365e-03  2.00990e-02

 2.80990e-03  1.82250e-02
 3.86114e-03  1.97383e-02
 3.72419e-03  1.96738e-02
 3.84851e-03  1.95875e-02
 3.86114e-03  1.97383e-02

 3.24219e-03  1.82250e-02
 4.37653e-03  1.93589e-02
 4.23031e-03  1.93197e-02
 4.33733e-03  1.92127e-02
 4.37653e-03  1.93589e-02

 3.67448e-03  1.82250e-02
 4.86574e-03  1.89734e-02
 4.71448e-03  1.89678e-02
 4.79500e-03  1.88396e-02
 4.86574e-03  1.89734e-02

 2.17882e-04  1.87950e-02
 2.17882e-04  2.12882e-02
 1.42198e-04  2.11571e-02
 2.93565e-04  2.11571e-02
 2.17882e-04  2.12882e-02

 6.53646e-04  1.87950e-02
 1.07844e-03  2.12867e-02
 9.81804e-04  2.11701e-02
 1.13102e-03  2.11447e-02
 1.07844e-03  2.12867e-02

 1.08941e-03  1.87950e-02
 1.67905e-03  2.11752e-02
 1.57407e-03  2.10662e-02
 1.72099e-03  2.10298e-02
 1.67905e-03  2.11752e-02

 1.52517e-03  1.87950e-02
 2.37790e-03  2.09988e-02
 2.26001e-03  2.09039e-02
 2.40118e-03  2.08493e-02
 2.37790e-03  2.09988e-02

 1.96094e-03  1.87950e-02
 3.00476e-03  2.07539e-02
 2.87633e-03  2.06738e-02
 3.00991e-03  2.06026e-02
 3.00476e-03  2.07539e-02

 2.39670e-03  1.87950e-02
 3.62542e-03  2.04632e-02
 3.48674e-03  2.04026e-02
 3.60862e-03  2.03128e-02
 3.62542e-03  2.04632e-02

 2.83247e-03  1.87950e-02
 4.20499e-03  2.01379e-02
 4.05836e-03  2.01003e-02
 4.16422e-03  1.99922e-02
 4.20499e-03  2.01379e-02

 3.26823e-03  1.87950e-02
 4.75654e-03  1.97943e-02
 4.60552e-03  1.97841e-02
 4.68990e-03  1.96584e-02
 4.75654e-03  1.97943e-02

 3.70399e-03  1.87950e-02
 5.27352e-03  1.94446e-02
 5.12345e-03  1.94644e-02
 5.18134e-03  1.93245e-02
 5.27352e-03  1.94446e-02

 2.19618e-04  1.93650e-02
 2.19618e-04  2.15039e-02
 1.43935e-04  2.13728e-02
 2.95302e-04  2.13728e-02
 2.19618e-04  2.15039e-02

 6.58854e-04  1.93650e-02
 1.15993e-03  2.14938e-02
 1.05623e-03  2.13836e-02
 1.20357e-03  2.13489e-02
 1.15993e-03  2.14938e-02

 1.09809e-03  1.93650e-02
 1.79458e-03  2.13985e-02
 1.68050e-03  2.12990e-02
 1.82370e-03  2.12499e-02
 1.79458e-03  2.13985e-02

 1.53733e-03  1.93650e-02
 2.54778e-03  2.12444e-02
 2.41904e-03  2.11648e-02
 2.55236e-03  2.10932e-02
 2.54778e-03  2.12444e-02

 1.97656e-03  1.93650e-02
 3.21671e-03  2.10328e-02
 3.07776e-03  2.09728e-02
 3.19923e-03  2.08825e-02
 3.21671e-03  2.10328e-02

 2.41580e-03  1.93650e-02
 3.87982e-03  2.07804e-02
 3.73297e-03  2.07437e-02
 3.83818e-03  2.06349e-02
 3.87982e-03  2.07804e-02

 2.85503e-03  1.93650e-02
 4.49464e-03  2.04978e-02
 4.34377e-03  2.04856e-02
 4.42981e-03  2.03610e-02
 4.49464e-03  2.04978e-02

 3.29427e-03  1.93650e-02
 5.07594e-03  2.01987e-02
 4.92513e-03  2.02117e-02
 4.98928e-03  2.00746e-02
 5.07594e-03  2.01987e-02

 3.73351e-03  1.93650e-02
 5.61515e-03  1.98941e-02
 5.46847e-03  1.99315e-02
 5.50944e-03  1.97858e-02
 5.61515e-03  1.98941e-02

 2.21354e-04  1.99350e-02
 2.21354e-04  2.16589e-02
 1.45671e-04  2.15278e-02
 2.97038e-04  2.15278e-02
 2.21354e-04  2.16589e-02

 6.64062e-04  1.99350e-02
 1.21928e-03  2.16392e-02
 1.10672e-03  2.15380e-02
 1.25064e-03  2.14912e-02
 1.21928e-03  2.16392e-02

 1.10677e-03  1.99350e-02
 1.87920e-03  2.15615e-02
 1.75460e-03  2.14756e-02
 1.89133e-03  2.14106e-02
 1.87920e-03  2.15615e-02

 1.54948e-03  1.99350e-02
 2.67187e-03  2.14335e-02
 2.53270e-03  2.13740e-02
 2.65386e-03  2.12832e-02
 2.67187e-03  2.14335e-02

 1.99219e-03  1.99350e-02
 3.37106e-03  2.12610e-02
 3.22412e-03  2.12247e-02
 3.32904e-03  2.11156e-02
 3.37106e-03  2.12610e-02

 2.43490e-03  1.99350e-02
 4.06436e-03  2.10544e-02
 3.91346e-03  2.10425e-02
 3.99917e-03  2.09178e-02
 4.06436e-03  2.10544e-02

 2.87760e-03  1.99350e-02
 4.70354e-03  2.08234e-02
 4.55256e-03  2.08341e-02
 4.61878e-03  2.06980e-02
 4.70354e-03  2.08234e-02

 3.32031e-03  1.99350e-02
 5.30488e-03  2.05788e-02
 5.15684e-03  2.06103e-02
 5.20355e-03  2.04664e-02
 5.30488e-03  2.05788e-02

 3.76302e-03  1.99350e-02
 5.85802e-03  2.03302e-02
 5.71517e-03  2.03803e-02
 5.74323e-03  2.02315e-02
 5.85802e-03  2.03302e-02

 2.23090e-04  2.05050e-02
 2.23090e-04  2.18068e-02
 1.47407e-04  2.16757e-02
 2.98774e-04  2.16757e-02
 2.23090e-04  2.18068e-02

 6.69271e-04  2.05050e-02
 1.25422e-03  2.17740e-02
 1.13061e-03  2.16866e-02
 1.26808e-03  2.16233e-02
 1.25422e-03  2.17740e-02

 1.11545e-03  2.05050e-02
 1.92806e-03  2.17138e-02
 1.79212e-03  2.16472e-02
 1.91774e-03  2.15628e-02
 1.92806e-03  2.17138e-02

 1.56163e-03  2.05050e-02
 2.74161e-03  2.16121e-02
 2.59423e-03  2.15776e-02
 2.69780e-03  2.14672e-02
 2.74161e-03  2.16121e-02

 2.00781e-03  2.05050e-02
 3.45549e-03  2.14796e-02
 3.30448e-03  2.14692e-02
 3.38901e-03  2.13436e-02
 3.45549e-03  2.14796e-02

 2.45399e-03  2.05050e-02
 4.16285e-03  2.13204e-02
 4.01195e-03  2.13323e-02
 4.07713e-03  2.11957e-02
 4.16285e-03  2.13204e-02

 2.90017e-03  2.05050e-02
 4.81194e-03  2.11434e-02
 4.66363e-03  2.11736e-02
 4.71157e-03  2.10300e-02
 4.81194e-03  2.11434e-02

 3.34635e-03  2.05050e-02
 5.42001e-03  2.09562e-02
 5.27582e-03  2.10023e-02
 5.30801e-03  2.08544e-02
 5.42001e-03  2.09562e-02

 3.79253e-03  2.05050e-02
 5.97578e-03  2.07668e-02
 5.83661e-03  2.08264e-02
 5.85463e-03  2.06761e-02
 5.97578e-03  2.07668e-02

 2.24826e-04  2.10750e-02
 2.24826e-04  2.19021e-02
 1.49143e-04  2.17710e-02
 3.00510e-04  2.17710e-02
 2.24826e-04  2.19021e-02

 6.74479e-04  2.10750e-02
 1.24681e-03  2.18626e-02
 1.10853e-03  2.18010e-02
 1.23097e-03  2.17120e-02
 1.24681e-03  2.18626e-02

 1.12413e-03  2.10750e-02
 1.91412e-03  2.18251e-02
 1.76694e-03  2.17897e-02
 1.87116e-03  2.16799e-02
 1.91412e-03  2.18251e-02

 1.57378e-03  2.10750e-02
 2.71888e-03  2.17569e-02
 2.56752e-03  2.17549e-02
 2.64497e-03  2.16248e-02
 2.71888e-03  2.17569e-02

 2.02344e-03  2.10750e-02
 3.42335e-03  2.16723e-02
 3.27308e-03  2.16905e-02
 3.33249e-03  2.15513e-02
 3.42335e-03  2.16723e-02

 2.47309e-03  2.10750e-02
 4.12132e-03  2.15697e-02
 3.97401e-03  2.16045e-02
 4.01753e-03  2.14595e-02
 4.12132e-03  2.15697e-02

 2.92274e-03  2.10750e-02
 4.76087e-03  2.14564e-02
 4.61714e-03  2.15039e-02
 4.64789e-03  2.13557e-02
 4.76087e-03  2.14564e-02

 3.37240e-03  2.10750e-02
 5.35962e-03  2.13369e-02
 5.21976e-03  2.13948e-02
 5.23954e-03  2.12447e-02
 5.35962e-03  2.13369e-02

 3.82205e-03  2.10750e-02
 5.90614e-03  2.12168e-02
 5.77022e-03  2.12834e-02
 5.78050e-03  2.11324e-02
 5.90614e-03  2.12168e-02

 2.26562e-04  2.16450e-02
 2.26562e-04  2.21129e-02
 1.50879e-04  2.19818e-02
 3.02246e-04  2.19818e-02
 2.26563e-04  2.21129e-02

 6.79687e-04  2.16450e-02
 1.19709e-03  2.20612e-02
 1.04751e-03  2.20380e-02
 1.14239e-03  2.19201e-02
 1.19709e-03  2.20612e-02

 1.13281e-03  2.16450e-02
 1.83031e-03  2.20451e-02
 1.67895e-03  2.20455e-02
 1.75426e-03  2.19142e-02
 1.83031e-03  2.20451e-02

 1.58594e-03  2.16450e-02
 2.59328e-03  2.20015e-02
 2.44446e-03  2.20292e-02
 2.49496e-03  2.18865e-02
 2.59328e-03  2.20015e-02

 2.03906e-03  2.16450e-02
 3.26112e-03  2.19545e-02
 3.11547e-03  2.19957e-02
 3.15263e-03  2.18490e-02
 3.26112e-03  2.19545e-02

 2.49219e-03  2.16450e-02
 3.92450e-03  2.18947e-02
 3.78236e-03  2.19467e-02
 3.80835e-03  2.17976e-02
 3.92450e-03  2.18947e-02

 2.94531e-03  2.16450e-02
 4.53330e-03  2.18303e-02
 4.39433e-03  2.18902e-02
 4.41187e-03  2.17399e-02
 4.53330e-03  2.18303e-02

 3.39844e-03  2.16450e-02
 5.10533e-03  2.17621e-02
 4.96937e-03  2.18287e-02
 4.97973e-03  2.16777e-02
 5.10533e-03  2.17621e-02

 3.85156e-03  2.16450e-02
 5.62990e-03  2.16945e-02
 5.49675e-03  2.17665e-02
 5.50097e-03  2.16152e-02
 5.62990e-03  2.16945e-02

 2.28299e-04  2.22150e-02
 2.28299e-04  2.22150e-02
 3.59386e-04  2.21393e-02
 3.59386e-04  2.22907e-02
 2.28299e-04  2.22150e-02

 6.84896e-04  2.22150e-02
 1.02322e-03  2.22150e-02
 8.92136e-04  2.22907e-02
 8.92136e-04  2.21393e-02
 1.02322e-03  2.22150e-02

 1.14149e-03  2.22150e-02
 1.58193e-03  2.22150e-02
 1.45085e-03  2.22907e-02
 1.45085e-03  2.21393e-02
 1.58193e-03  2.22150e-02

 1.59809e-03  2.22150e-02
 2.23259e-03  2.22150e-02
 2.10150e-03  2.22907e-02
 2.10150e-03  2.21393e-02
 2.23259e-03  2.22150e-02

 2.05469e-03  2.22150e-02
 2.81811e-03  2.22150e-02
 2.68702e-03  2.22907e-02
 2.68702e-03  2.21393e-02
 2.81811e-03  2.22150e-02

 2.51128e-03  2.22150e-02
 3.40268e-03  2.22150e-02
 3.27160e-03  2.22907e-02
 3.27160e-03  2.21393e-02
 3.40268e-03  2.22150e-02

 2.96788e-03  2.22150e-02
 3.95116e-03  2.22150e-02
 3.82007e-03  2.22907e-02
 3.82007e-03  2.21393e-02
 3.95116e-03  2.22150e-02

 3.42448e-03  2.22150e-02
 4.47686e-03  2.22150e-02
 4.34577e-03  2.22907e-02
 4.34577e-03  2.21393e-02
 4.47686e-03  2.22150e-02

 3.88108e-03  2.22150e-02
 4.97228e-03  2.22150e-02
 4.84119e-03  2.22907e-02
 4.84119e-03  2.21393e-02
 4.97228e-03  2.22150e-02

 3.76510e-03  1.13850e-02
 2.53994e-03  1.13850e-02
 2.67103e-03  1.13093e-02
 2.67103e-03  1.14607e-02
 2.53994e-03  1.13850e-02

 4.26406e-03  1.13850e-02
 3.01438e-03  1.13850e-02
 3.14546e-03  1.13093e-02
 3.14546e-03  1.14607e-02
 3.01438e-03  1.13850e-02

 4.76302e-03  1.13850e-02
 3.52068e-03  1.13850e-02
 3.65176e-03  1.13093e-02
 3.65176e-03  1.14607e-02
 3.52068e-03  1.13850e-02

 5.26198e-03  1.13850e-02
 4.05574e-03  1.13850e-02
 4.18682e-03  1.13093e-02
 4.18682e-03  1.14607e-02
 4.05574e-03  1.13850e-02

 5.76094e-03  1.13850e-02
 4.61615e-03  1.13850e-02
 4.74724e-03  1.13093e-02
 4.74724e-03  1.14607e-02
 4.61615e-03  1.13850e-02

 6.25990e-03  1.13850e-02
 5.19881e-03  1.13850e-02
 5.32990e-03  1.13093e-02
 5.32990e-03  1.14607e-02
 5.19881e-03  1.13850e-02

 6.75885e-03  1.13850e-02
 5.80010e-03  1.13850e-02
 5.93118e-03  1.13093e-02
 5.93118e-03  1.14607e-02
 5.80010e-03  1.13850e-02

 7.25781e-03  1.13850e-02
 6.41568e-03  1.13850e-02
 6.54677e-03  1.13093e-02
 6.54677e-03  1.14607e-02
 6.41568e-03  1.13850e-02

 7.75677e-03  1.13850e-02
 7.04205e-03  1.13850e-02
 7.17314e-03  1.13093e-02
 7.17314e-03  1.14607e-02
 7.04205e-03  1.13850e-02

 8.25573e-03  1.13850e-02
 7.67260e-03  1.13850e-02
 7.80368e-03  1.13093e-02
 7.80368e-03  1.14607e-02
 7.67260e-03  1.13850e-02

 8.75469e-03  1.13850e-02
 8.30623e-03  1.13850e-02
 8.43732e-03  1.13093e-02
 8.43732e-03  1.14607e-02
 8.30623e-03  1.13850e-02

 9.25365e-03  1.13850e-02
 8.92958e-03  1.13850e-02
 9.06067e-03  1.13093e-02
 9.06067e-03  1.14607e-02
 8.92958e-03  1.13850e-02

 9.75260e-03  1.13850e-02
 9.55467e-03  1.13850e-02
 9.68576e-03  1.13093e-02
 9.68576e-03  1.14607e-02
 9.55467e-03  1.13850e-02

 1.02516e-02  1.13850e-02
 1.01397e-02  1.13850e-02
 1.02708e-02  1.13093e-02
 1.02708e-02  1.14607e-02
 1.01397e-02  1.13850e-02

 1.07505e-02  1.13850e-02
 1.07505e-02  1.13850e-02
 1.06194e-02  1.14607e-02
 1.06194e-02  1.13093e-02
 1.07505e-02  1.13850e-02

 3.79531e-03  1.19550e-02
 1.84601e-03  1.20765e-02
 1.97213e-03  1.19928e-02
 1.98155e-03  1.21439e-02
 1.84601e-03  1.20765e-02

 4.29219e-03  1.19550e-02
 2.31117e-03  1.19982e-02
 2.44058e-03  1.19197e-02
 2.44388e-03  1.20710e-02
 2.31117e-03  1.19982e-02

 4.78906e-03  1.19550e-02
 2.82644e-03  1.19283e-02
 2.95854e-03  1.18544e-02
 2.95649e-03  1.20058e-02
 2.82644e-03  1.19283e-02

 5.28594e-03  1.19550e-02
 3.38643e-03  1.18658e-02
 3.52093e-03  1.17964e-02
 3.51383e-03  1.19476e-02
 3.38643e-03  1.18658e-02

 5.78281e-03  1.19550e-02
 3.98616e-03  1.18106e-02
 4.12289e-03  1.17457e-02
 4.11077e-03  1.18966e-02
 3.98616e-03  1.18106e-02

 6.27969e-03  1.19550e-02
 4.62010e-03  1.17633e-02
 4.75901e-03  1.17031e-02
 4.74164e-03  1.18535e-02
 4.62010e-03  1.17633e-02

 6.77656e-03  1.19550e-02
 5.28257e-03  1.17244e-02
 5.42367e-03  1.16696e-02
 5.40058e-03  1.18192e-02
 5.28257e-03  1.17244e-02

 7.27344e-03  1.19550e-02
 5.96684e-03  1.16949e-02
 6.11018e-03  1.16463e-02
 6.08063e-03  1.17947e-02
 5.96684e-03  1.16949e-02

 7.77031e-03  1.19550e-02
 6.66738e-03  1.16754e-02
 6.81304e-03  1.16343e-02
 6.77585e-03  1.17810e-02
 6.66738e-03  1.16754e-02

 8.26719e-03  1.19550e-02
 7.37397e-03  1.16669e-02
 7.52196e-03  1.16351e-02
 7.47550e-03  1.17792e-02
 7.37397e-03  1.16669e-02

 8.76406e-03  1.19550e-02
 8.08409e-03  1.16694e-02
 8.23426e-03  1.16504e-02
 8.17565e-03  1.17900e-02
 8.08409e-03  1.16694e-02

 9.26094e-03  1.19550e-02
 8.77803e-03  1.16841e-02
 8.92939e-03  1.16823e-02
 8.85534e-03  1.18143e-02
 8.77803e-03  1.16841e-02

 9.75781e-03  1.19550e-02
 9.46955e-03  1.17096e-02
 9.61843e-03  1.17369e-02
 9.52031e-03  1.18522e-02
 9.46955e-03  1.17096e-02

 1.02547e-02  1.19550e-02
 1.01013e-02  1.17509e-02
 1.02405e-02  1.18102e-02
 1.01195e-02  1.19012e-02
 1.01013e-02  1.17509e-02

 1.07516e-02  1.19550e-02
 1.07516e-02  1.18147e-02
 1.08272e-02  1.19458e-02
 1.06759e-02  1.19458e-02
 1.07516e-02  1.18147e-02

 3.82552e-03  1.25250e-02
 1.60012e-03  1.26796e-02
 1.72565e-03  1.25950e-02
 1.73614e-03  1.27461e-02
 1.60012e-03  1.26796e-02

 4.32031e-03  1.25250e-02
 2.06283e-03  1.25499e-02
 2.19307e-03  1.24728e-02
 2.19474e-03  1.26242e-02
 2.06283e-03  1.25499e-02

 4.81510e-03  1.25250e-02
 2.58131e-03  1.24316e-02
 2.71544e-03  1.23614e-02
 2.70912e-03  1.25127e-02
 2.58131e-03  1.24316e-02

 5.30990e-03  1.25250e-02
 3.15019e-03  1.23254e-02
 3.28769e-03  1.22621e-02
 3.27376e-03  1.24128e-02
 3.15019e-03  1.23254e-02

 5.80469e-03  1.25250e-02
 3.76381e-03  1.22322e-02
 3.90431e-03  1.21759e-02
 3.88282e-03  1.23257e-02
 3.76381e-03  1.22322e-02

 6.29948e-03  1.25250e-02
 4.41579e-03  1.21529e-02
 4.55906e-03  1.21041e-02
 4.52973e-03  1.22526e-02
 4.41579e-03  1.21529e-02

 6.79427e-03  1.25250e-02
 5.09987e-03  1.20886e-02
 5.24569e-03  1.20480e-02
 5.20794e-03  1.21946e-02
 5.09987e-03  1.20886e-02

 7.28906e-03  1.25250e-02
 5.80824e-03  1.20406e-02
 5.95636e-03  1.20095e-02
 5.90930e-03  1.21533e-02
 5.80824e-03  1.20406e-02

 7.78385e-03  1.25250e-02
 6.53477e-03  1.20103e-02
 6.68481e-03  1.19903e-02
 6.62714e-03  1.21302e-02
 6.53477e-03  1.20103e-02

 8.27865e-03  1.25250e-02
 7.26820e-03  1.19991e-02
 7.41942e-03  1.19925e-02
 7.34954e-03  1.21268e-02
 7.26820e-03  1.19991e-02

 8.77344e-03  1.25250e-02
 8.00525e-03  1.20082e-02
 8.15626e-03  1.20186e-02
 8.07177e-03  1.21442e-02
 8.00525e-03  1.20082e-02

 9.26823e-03  1.25250e-02
 8.72441e-03  1.20393e-02
 8.87260e-03  1.20701e-02
 8.77176e-03  1.21830e-02
 8.72441e-03  1.20393e-02

 9.76302e-03  1.25250e-02
 9.43886e-03  1.20935e-02
 9.57811e-03  1.21528e-02
 9.45708e-03  1.22438e-02
 9.43886e-03  1.20935e-02

 1.02578e-02  1.25250e-02
 1.00863e-02  1.21754e-02
 1.02120e-02  1.22597e-02
 1.00761e-02  1.23264e-02
 1.00863e-02  1.21754e-02

 1.07526e-02  1.25250e-02
 1.07526e-02  1.22994e-02
 1.08283e-02  1.24305e-02
 1.06769e-02  1.24305e-02
 1.07526e-02  1.22994e-02

 3.85573e-03  1.30950e-02
 1.58084e-03  1.33270e-02
 1.70357e-03  1.32384e-02
 1.71893e-03  1.33890e-02
 1.58084e-03  1.33270e-02

 4.34844e-03  1.30950e-02
 2.04274e-03  1.31233e-02
 2.17289e-03  1.30460e-02
 2.17475e-03  1.31974e-02
 2.04274e-03  1.31233e-02

 4.84115e-03  1.30950e-02
 2.56095e-03  1.29368e-02
 2.69697e-03  1.28703e-02
 2.68649e-03  1.30214e-02
 2.56095e-03  1.29368e-02

 5.33385e-03  1.30950e-02
 3.13010e-03  1.27693e-02
 3.27085e-03  1.27136e-02
 3.24872e-03  1.28634e-02
 3.13010e-03  1.27693e-02

 5.82656e-03  1.30950e-02
 3.74459e-03  1.26225e-02
 3.88917e-03  1.25777e-02
 3.85567e-03  1.27253e-02
 3.74459e-03  1.26225e-02

 6.31927e-03  1.30950e-02
 4.39805e-03  1.24976e-02
 4.54569e-03  1.24643e-02
 4.50075e-03  1.26088e-02
 4.39805e-03  1.24976e-02

 6.81198e-03  1.30950e-02
 5.08428e-03  1.23965e-02
 5.23418e-03  1.23754e-02
 5.17744e-03  1.25158e-02
 5.08428e-03  1.23965e-02

 7.30469e-03  1.30950e-02
 5.79548e-03  1.23211e-02
 5.94666e-03  1.23135e-02
 5.87759e-03  1.24482e-02
 5.79548e-03  1.23211e-02

 7.79740e-03  1.30950e-02
 6.52523e-03  1.22735e-02
 6.67641e-03  1.22811e-02
 6.59430e-03  1.24082e-02
 6.52523e-03  1.22735e-02

 8.29010e-03  1.30950e-02
 7.26240e-03  1.22564e-02
 7.41181e-03  1.22806e-02
 7.31611e-03  1.23979e-02
 7.26240e-03  1.22564e-02

 8.78281e-03  1.30950e-02
 8.00305e-03  1.22718e-02
 8.14814e-03  1.23149e-02
 8.03825e-03  1.24190e-02
 8.00305e-03  1.22718e-02

 9.27552e-03  1.30950e-02
 8.72557e-03  1.23222e-02
 8.86324e-03  1.23851e-02
 8.73991e-03  1.24729e-02
 8.72557e-03  1.23222e-02

 9.76823e-03  1.30950e-02
 9.44197e-03  1.24110e-02
 9.56672e-03  1.24967e-02
 9.43010e-03  1.25619e-02
 9.44197e-03  1.24110e-02

 1.02609e-02  1.30950e-02
 1.00902e-02  1.25427e-02
 1.02012e-02  1.26455e-02
 1.00566e-02  1.26902e-02
 1.00902e-02  1.25427e-02

 1.07536e-02  1.30950e-02
 1.07536e-02  1.27433e-02
 1.08293e-02  1.28743e-02
 1.06780e-02  1.28743e-02
 1.07536e-02  1.27433e-02

 3.88594e-03  1.36650e-02
 1.75507e-03  1.39441e-02
 1.87522e-03  1.38520e-02
 1.89488e-03  1.40021e-02
 1.75507e-03  1.39441e-02

 4.37656e-03  1.36650e-02
 2.21572e-03  1.36786e-02
 2.34633e-03  1.36021e-02
 2.34729e-03  1.37535e-02
 2.21572e-03  1.36786e-02

 4.86719e-03  1.36650e-02
 2.72868e-03  1.34353e-02
 2.86709e-03  1.33741e-02
 2.85093e-03  1.35246e-02
 2.72868e-03  1.34353e-02

 5.35781e-03  1.36650e-02
 3.28916e-03  1.32169e-02
 3.43330e-03  1.31706e-02
 3.40125e-03  1.33186e-02
 3.28916e-03  1.32169e-02

 5.84844e-03  1.36650e-02
 3.89210e-03  1.30251e-02
 4.04022e-03  1.29939e-02
 3.99316e-03  1.31378e-02
 3.89210e-03  1.30251e-02

 6.33906e-03  1.36650e-02
 4.53182e-03  1.28621e-02
 4.68234e-03  1.28462e-02
 4.62089e-03  1.29845e-02
 4.53182e-03  1.28621e-02

 6.82969e-03  1.36650e-02
 5.20264e-03  1.27302e-02
 5.35401e-03  1.27298e-02
 5.27860e-03  1.28611e-02
 5.20264e-03  1.27302e-02

 7.32031e-03  1.36650e-02
 5.89739e-03  1.26320e-02
 6.04793e-03  1.26478e-02
 5.95901e-03  1.27703e-02
 5.89739e-03  1.26320e-02

 7.81094e-03  1.36650e-02
 6.61007e-03  1.25705e-02
 6.75793e-03  1.26029e-02
 6.65597e-03  1.27148e-02
 6.61007e-03  1.25705e-02

 8.30156e-03  1.36650e-02
 7.33017e-03  1.25491e-02
 7.47332e-03  1.25983e-02
 7.35915e-03  1.26977e-02
 7.33017e-03  1.25491e-02

 8.79219e-03  1.36650e-02
 8.05413e-03  1.25714e-02
 8.19019e-03  1.26377e-02
 8.06473e-03  1.27224e-02
 8.05413e-03  1.25714e-02

 9.28281e-03  1.36650e-02
 8.76140e-03  1.26406e-02
 8.88831e-03  1.27231e-02
 8.75341e-03  1.27918e-02
 8.76140e-03  1.26406e-02

 9.77344e-03  1.36650e-02
 9.46341e-03  1.27626e-02
 9.57758e-03  1.28620e-02
 9.43443e-03  1.29112e-02
 9.46341e-03  1.27626e-02

 1.02641e-02  1.36650e-02
 1.01008e-02  1.29412e-02
 1.02035e-02  1.30524e-02
 1.00558e-02  1.30857e-02
 1.01008e-02  1.29412e-02

 1.07547e-02  1.36650e-02
 1.07547e-02  1.32095e-02
 1.08304e-02  1.33406e-02
 1.06790e-02  1.33406e-02
 1.07547e-02  1.32095e-02

 3.91615e-03  1.42350e-02
 2.04911e-03  1.45663e-02
 2.16496e-03  1.44689e-02
 2.19140e-03  1.46179e-02
 2.04911e-03  1.45663e-02

 4.40469e-03  1.42350e-02
 2.50783e-03  1.42418e-02
 2.63865e-03  1.41657e-02
 2.63919e-03  1.43170e-02
 2.50783e-03  1.42418e-02

 4.89323e-03  1.42350e-02
 3.01234e-03  1.39438e-02
 3.15347e-03  1.38891e-02
 3.13031e-03  1.40387e-02
 3.01234e-03  1.39438e-02

 5.38177e-03  1.42350e-02
 3.55878e-03  1.36757e-02
 3.70630e-03  1.36418e-02
 3.66191e-03  1.37865e-02
 3.55878e-03  1.36757e-02

 5.87031e-03  1.42350e-02
 4.14299e-03  1.34400e-02
 4.29371e-03  1.34261e-02
 4.23043e-03  1.35636e-02
 4.14299e-03  1.34400e-02

 6.35885e-03  1.42350e-02
 4.76012e-03  1.32393e-02
 4.91140e-03  1.32444e-02
 4.83138e-03  1.33729e-02
 4.76012e-03  1.32393e-02

 6.84740e-03  1.42350e-02
 5.40517e-03  1.30767e-02
 5.55477e-03  1.30997e-02
 5.45998e-03  1.32178e-02
 5.40517e-03  1.30767e-02

 7.33594e-03  1.42350e-02
 6.07195e-03  1.29554e-02
 6.21791e-03  1.29955e-02
 6.11023e-03  1.31019e-02
 6.07195e-03  1.29554e-02

 7.82448e-03  1.42350e-02
 6.75515e-03  1.28794e-02
 6.89576e-03  1.29355e-02
 6.77691e-03  1.30292e-02
 6.75515e-03  1.28794e-02

 8.31302e-03  1.42350e-02
 7.44569e-03  1.28526e-02
 7.57947e-03  1.29235e-02
 7.45125e-03  1.30039e-02
 7.44569e-03  1.28526e-02

 8.80156e-03  1.42350e-02
 8.14048e-03  1.28802e-02
 8.26599e-03  1.29648e-02
 8.12995e-03  1.30312e-02
 8.14048e-03  1.28802e-02

 9.29010e-03  1.42350e-02
 8.82127e-03  1.29660e-02
 8.93769e-03  1.30627e-02
 8.79570e-03  1.31152e-02
 8.82127e-03  1.29660e-02

 9.77865e-03  1.42350e-02
 9.49859e-03  1.31181e-02
 9.60389e-03  1.32269e-02
 9.45707e-03  1.32637e-02
 9.49859e-03  1.31181e-02

 1.02672e-02  1.42350e-02
 1.01188e-02  1.33397e-02
 1.02149e-02  1.34566e-02
 1.00656e-02  1.34814e-02
 1.01188e-02  1.33397e-02

 1.07557e-02  1.42350e-02
 1.07557e-02  1.36732e-02
 1.08314e-02  1.38043e-02
 1.06800e-02  1.38043e-02
 1.07557e-02  1.36732e-02

 3.94635e-03  1.48050e-02
 2.43390e-03  1.51748e-02
 2.54326e-03  1.50702e-02
 2.57921e-03  1.52172e-02
 2.43390e-03  1.51748e-02

 4.43281e-03  1.48050e-02
 2.89114e-03  1.48033e-02
 3.02231e-03  1.47277e-02
 3.02214e-03  1.48791e-02
 2.89114e-03  1.48033e-02

 4.91927e-03  1.48050e-02
 3.38585e-03  1.44614e-02
 3.53031e-03  1.44162e-02
 3.49721e-03  1.45639e-02
 3.38585e-03  1.44614e-02

 5.40573e-03  1.48050e-02
 3.91514e-03  1.41531e-02
 4.06557e-03  1.41363e-02
 4.00492e-03  1.42749e-02
 3.91514e-03  1.41531e-02

 5.89219e-03  1.48050e-02
 4.47577e-03  1.38817e-02
 4.62692e-03  1.38898e-02
 4.54426e-03  1.40166e-02
 4.47577e-03  1.38817e-02

 6.37865e-03  1.48050e-02
 5.06387e-03  1.36502e-02
 5.21231e-03  1.36799e-02
 5.11242e-03  1.37936e-02
 5.06387e-03  1.36502e-02

 6.86510e-03  1.48050e-02
 5.67551e-03  1.34625e-02
 5.81909e-03  1.35104e-02
 5.70580e-03  1.36108e-02
 5.67551e-03  1.34625e-02

 7.35156e-03  1.48050e-02
 6.30547e-03  1.33221e-02
 6.44287e-03  1.33856e-02
 6.31919e-03  1.34729e-02
 6.30547e-03  1.33221e-02

 7.83802e-03  1.48050e-02
 6.94972e-03  1.32340e-02
 7.08013e-03  1.33108e-02
 6.94836e-03  1.33853e-02
 6.94972e-03  1.32340e-02

 8.32448e-03  1.48050e-02
 7.60072e-03  1.32024e-02
 7.72365e-03  1.32907e-02
 7.58570e-03  1.33530e-02
 7.60072e-03  1.32024e-02

 8.81094e-03  1.48050e-02
 8.25625e-03  1.32337e-02
 8.37125e-03  1.33322e-02
 8.22852e-03  1.33825e-02
 8.25625e-03  1.32337e-02

 9.29740e-03  1.48050e-02
 8.90128e-03  1.33325e-02
 9.00842e-03  1.34394e-02
 8.86225e-03  1.34788e-02
 8.90128e-03  1.33325e-02

 9.78385e-03  1.48050e-02
 9.54522e-03  1.35090e-02
 9.64339e-03  1.36242e-02
 9.49452e-03  1.36516e-02
 9.54522e-03  1.35090e-02

 1.02703e-02  1.48050e-02
 1.01424e-02  1.37656e-02
 1.02335e-02  1.38864e-02
 1.00833e-02  1.39049e-02
 1.01424e-02  1.37656e-02

 1.07568e-02  1.48050e-02
 1.07568e-02  1.41534e-02
 1.08325e-02  1.42844e-02
 1.06811e-02  1.42844e-02
 1.07568e-02  1.41534e-02

 3.97656e-03  1.53750e-02
 2.87711e-03  1.57777e-02
 2.97417e-03  1.56615e-02
 3.02623e-03  1.58037e-02
 2.87711e-03  1.57777e-02

 4.46094e-03  1.53750e-02
 3.33416e-03  1.53694e-02
 3.46562e-03  1.52944e-02
 3.46487e-03  1.54457e-02
 3.33416e-03  1.53694e-02

 4.94531e-03  1.53750e-02
 3.81922e-03  1.49927e-02
 3.96768e-03  1.49631e-02
 3.91901e-03  1.51065e-02
 3.81922e-03  1.49927e-02

 5.42969e-03  1.53750e-02
 4.33031e-03  1.46522e-02
 4.48142e-03  1.46610e-02
 4.39827e-03  1.47875e-02
 4.33031e-03  1.46522e-02

 5.91406e-03  1.53750e-02
 4.86532e-03  1.43520e-02
 5.01200e-03  1.43893e-02
 4.90631e-03  1.44977e-02
 4.86532e-03  1.43520e-02

 6.39844e-03  1.53750e-02
 5.42136e-03  1.40956e-02
 5.56108e-03  1.41539e-02
 5.44078e-03  1.42458e-02
 5.42136e-03  1.40956e-02

 6.88281e-03  1.53750e-02
 5.99535e-03  1.38873e-02
 6.12750e-03  1.39611e-02
 5.99751e-03  1.40386e-02
 5.99535e-03  1.38873e-02

 7.36719e-03  1.53750e-02
 6.58349e-03  1.37312e-02
 6.70822e-03  1.38170e-02
 6.57158e-03  1.38821e-02
 6.58349e-03  1.37312e-02

 7.85156e-03  1.53750e-02
 7.18280e-03  1.36326e-02
 7.30043e-03  1.37279e-02
 7.15912e-03  1.37821e-02
 7.18280e-03  1.36326e-02

 8.33594e-03  1.53750e-02
 7.78783e-03  1.35963e-02
 7.89876e-03  1.36993e-02
 7.75411e-03  1.37438e-02
 7.78783e-03  1.35963e-02

 8.82031e-03  1.53750e-02
 8.39717e-03  1.36294e-02
 8.50160e-03  1.37390e-02
 8.35450e-03  1.37747e-02
 8.39717e-03  1.36294e-02

 9.30469e-03  1.53750e-02
 8.99977e-03  1.37369e-02
 9.09816e-03  1.38519e-02
 8.94935e-03  1.38796e-02
 8.99977e-03  1.37369e-02

 9.78906e-03  1.53750e-02
 9.60334e-03  1.39313e-02
 9.69513e-03  1.40516e-02
 9.54500e-03  1.40709e-02
 9.60334e-03  1.39313e-02

 1.02734e-02  1.53750e-02
 1.01726e-02  1.42140e-02
 1.02593e-02  1.43381e-02
 1.01085e-02  1.43512e-02
 1.01726e-02  1.42140e-02

 1.07578e-02  1.53750e-02
 1.07578e-02  1.46460e-02
 1.08335e-02  1.47771e-02
 1.06821e-02  1.47771e-02
 1.07578e-02  1.46460e-02

 4.00677e-03  1.59450e-02
 3.36075e-03  1.63680e-02
 3.42896e-03  1.62329e-02
 3.51188e-03  1.63595e-02
 3.36075e-03  1.63680e-02

 4.48906e-03  1.59450e-02
 3.81970e-03  1.59359e-02
 3.95180e-03  1.58620e-02
 3.94975e-03  1.60134e-02
 3.81970e-03  1.59359e-02

 4.97135e-03  1.59450e-02
 4.29633e-03  1.55362e-02
 4.44766e-03  1.55394e-02
 4.36925e-03  1.56689e-02
 4.29633e-03  1.55362e-02

 5.45365e-03  1.59450e-02
 4.78976e-03  1.51744e-02
 4.93266e-03  1.52243e-02
 4.81798e-03  1.53231e-02
 4.78976e-03  1.51744e-02

 5.93594e-03  1.59450e-02
 5.29866e-03  1.48549e-02
 5.43015e-03  1.49298e-02
 5.29948e-03  1.50062e-02
 5.29866e-03  1.48549e-02

 6.41823e-03  1.59450e-02
 5.82115e-03  1.45819e-02
 5.94307e-03  1.46716e-02
 5.80442e-03  1.47323e-02
 5.82115e-03  1.45819e-02

 6.90052e-03  1.59450e-02
 6.35518e-03  1.43598e-02
 6.46939e-03  1.44591e-02
 6.32626e-03  1.45084e-02
 6.35518e-03  1.43598e-02

 7.38281e-03  1.59450e-02
 6.89834e-03  1.41933e-02
 7.00623e-03  1.42995e-02
 6.86034e-03  1.43398e-02
 6.89834e-03  1.41933e-02

 7.86510e-03  1.59450e-02
 7.44870e-03  1.40876e-02
 7.55123e-03  1.41989e-02
 7.40353e-03  1.42320e-02
 7.44870e-03  1.40876e-02

 8.34740e-03  1.59450e-02
 8.00309e-03  1.40477e-02
 8.10096e-03  1.41632e-02
 7.95203e-03  1.41902e-02
 8.00309e-03  1.40477e-02

 8.82969e-03  1.59450e-02
 8.56088e-03  1.40813e-02
 8.65450e-03  1.42002e-02
 8.50469e-03  1.42218e-02
 8.56088e-03  1.40813e-02

 9.31198e-03  1.59450e-02
 9.11558e-03  1.41934e-02
 9.20540e-03  1.43152e-02
 9.05497e-03  1.43321e-02
 9.11558e-03  1.41934e-02

 9.79427e-03  1.59450e-02
 9.67256e-03  1.43984e-02
 9.75830e-03  1.45232e-02
 9.60740e-03  1.45350e-02
 9.67256e-03  1.43984e-02

 1.02766e-02  1.59450e-02
 1.02092e-02  1.46974e-02
 1.02918e-02  1.48242e-02
 1.01407e-02  1.48323e-02
 1.02092e-02  1.46974e-02

 1.07589e-02  1.59450e-02
 1.07589e-02  1.51596e-02
 1.08345e-02  1.52907e-02
 1.06832e-02  1.52907e-02
 1.07589e-02  1.51596e-02

 4.03698e-03  1.65150e-02
 3.86624e-03  1.69456e-02
 3.84421e-03  1.67959e-02
 3.98492e-03  1.68516e-02
 3.86624e-03  1.69456e-02

 4.51719e-03  1.65150e-02
 4.32936e-03  1.65026e-02
 4.46517e-03  1.64357e-02
 4.45516e-03  1.65867e-02
 4.32936e-03  1.65026e-02

 4.99740e-03  1.65150e-02
 4.79949e-03  1.60917e-02
 4.92357e-03  1.61784e-02
 4.78645e-03  1.62425e-02
 4.79949e-03  1.60917e-02

 5.47760e-03  1.65150e-02
 5.27655e-03  1.57192e-02
 5.38204e-03  1.58277e-02
 5.23528e-03  1.58648e-02
 5.27655e-03  1.57192e-02

 5.95781e-03  1.65150e-02
 5.76004e-03  1.53901e-02
 5.85728e-03  1.55061e-02
 5.70820e-03  1.55323e-02
 5.76004e-03  1.53901e-02

 6.43802e-03  1.65150e-02
 6.24902e-03  1.51090e-02
 6.34150e-03  1.52289e-02
 6.19148e-03  1.52490e-02
 6.24902e-03  1.51090e-02

 6.91823e-03  1.65150e-02
 6.74246e-03  1.48805e-02
 6.83173e-03  1.50028e-02
 6.68123e-03  1.50190e-02
 6.74246e-03  1.48805e-02

 7.39844e-03  1.65150e-02
 7.23930e-03  1.47091e-02
 7.32620e-03  1.48331e-02
 7.17541e-03  1.48463e-02
 7.23930e-03  1.47091e-02

 7.87865e-03  1.65150e-02
 7.73873e-03  1.46001e-02
 7.82376e-03  1.47254e-02
 7.67280e-03  1.47364e-02
 7.73873e-03  1.46001e-02

 8.35885e-03  1.65150e-02
 8.23989e-03  1.45584e-02
 8.32339e-03  1.46846e-02
 8.17231e-03  1.46938e-02
 8.23989e-03  1.45584e-02

 8.83906e-03  1.65150e-02
 8.74283e-03  1.45917e-02
 8.82497e-03  1.47188e-02
 8.67379e-03  1.47264e-02
 8.74283e-03  1.45917e-02

 9.31927e-03  1.65150e-02
 9.24594e-03  1.47048e-02
 9.32687e-03  1.48327e-02
 9.17562e-03  1.48388e-02
 9.24594e-03  1.47048e-02

 9.79948e-03  1.65150e-02
 9.75165e-03  1.49135e-02
 9.83121e-03  1.50423e-02
 9.67991e-03  1.50468e-02
 9.75165e-03  1.49135e-02

 1.02797e-02  1.65150e-02
 1.02518e-02  1.52185e-02
 1.03303e-02  1.53480e-02
 1.01790e-02  1.53512e-02
 1.02518e-02  1.52185e-02

 1.07599e-02  1.65150e-02
 1.07599e-02  1.56963e-02
 1.08356e-02  1.58274e-02
 1.06842e-02  1.58274e-02
 1.07599e-02  1.56963e-02

 4.06719e-03  1.70850e-02
 4.37836e-03  1.75068e-02
 4.23964e-03  1.74463e-02
 4.36145e-03  1.73564e-02
 4.37836e-03  1.75068e-02

 4.54531e-03  1.70850e-02
 4.84769e-03  1.70661e-02
 4.72158e-03  1.71498e-02
 4.71214e-03  1.69987e-02
 4.84769e-03  1.70661e-02

 5.02344e-03  1.70850e-02
 5.31321e-03  1.66567e-02
 5.30244e-03  1.68077e-02
 5.17707e-03  1.67229e-02
 5.31321e-03  1.66567e-02

 5.50156e-03  1.70850e-02
 5.77545e-03  1.62853e-02
 5.80458e-03  1.64338e-02
 5.66138e-03  1.63847e-02
 5.77545e-03  1.62853e-02

 5.97969e-03  1.70850e-02
 6.23469e-03  1.59574e-02
 6.27959e-03  1.61019e-02
 6.13195e-03  1.60686e-02
 6.23469e-03  1.59574e-02

 6.45781e-03  1.70850e-02
 6.69091e-03  1.56777e-02
 6.74415e-03  1.58194e-02
 6.59482e-03  1.57947e-02
 6.69091e-03  1.56777e-02

 6.93594e-03  1.70850e-02
 7.14408e-03  1.54509e-02
 7.20260e-03  1.55905e-02
 7.05244e-03  1.55714e-02
 7.14408e-03  1.54509e-02

 7.41406e-03  1.70850e-02
 7.59453e-03  1.52813e-02
 7.65679e-03  1.54193e-02
 7.50617e-03  1.54042e-02
 7.59453e-03  1.52813e-02

 7.89219e-03  1.70850e-02
 8.04257e-03  1.51737e-02
 8.10774e-03  1.53103e-02
 7.95684e-03  1.52984e-02
 8.04257e-03  1.51737e-02

 8.37031e-03  1.70850e-02
 8.48964e-03  1.51326e-02
 8.55719e-03  1.52681e-02
 8.40610e-03  1.52588e-02
 8.48964e-03  1.51326e-02

 8.84844e-03  1.70850e-02
 8.93631e-03  1.51654e-02
 9.00592e-03  1.52999e-02
 8.85471e-03  1.52929e-02
 8.93631e-03  1.51654e-02

 9.32656e-03  1.70850e-02
 9.38600e-03  1.52768e-02
 9.45734e-03  1.54103e-02
 9.30605e-03  1.54053e-02
 9.38600e-03  1.52768e-02

 9.80469e-03  1.70850e-02
 9.83765e-03  1.54829e-02
 9.91062e-03  1.56155e-02
 9.75929e-03  1.56124e-02
 9.83765e-03  1.54829e-02

 1.02828e-02  1.70850e-02
 1.02989e-02  1.57841e-02
 1.03730e-02  1.59161e-02
 1.02216e-02  1.59142e-02
 1.02989e-02  1.57841e-02

 1.07609e-02  1.70850e-02
 1.07609e-02  1.62609e-02
 1.08366e-02  1.63920e-02
 1.06853e-02  1.63920e-02
 1.07609e-02  1.62609e-02

 4.09740e-03  1.76550e-02
 4.88004e-03  1.80505e-02
 4.72891e-03  1.80590e-02
 4.79718e-03  1.79239e-02
 4.88004e-03  1.80505e-02

 4.57344e-03  1.76550e-02
 5.35676e-03  1.76254e-02
 5.22862e-03  1.77060e-02
 5.22291e-03  1.75548e-02
 5.35676e-03  1.76254e-02

 5.04948e-03  1.76550e-02
 5.81903e-03  1.72302e-02
 5.74085e-03  1.73598e-02
 5.66769e-03  1.72273e-02
 5.81903e-03  1.72302e-02

 5.52552e-03  1.76550e-02
 6.26778e-03  1.68718e-02
 6.23254e-03  1.70190e-02
 6.12267e-03  1.69148e-02
 6.26778e-03  1.68718e-02

 6.00156e-03  1.76550e-02
 6.70403e-03  1.65560e-02
 6.69720e-03  1.67072e-02
 6.56966e-03  1.66257e-02
 6.70403e-03  1.65560e-02

 6.47760e-03  1.76550e-02
 7.12874e-03  1.62876e-02
 7.14071e-03  1.64385e-02
 7.00405e-03  1.63734e-02
 7.12874e-03  1.62876e-02

 6.95365e-03  1.76550e-02
 7.54286e-03  1.60709e-02
 7.56809e-03  1.62201e-02
 7.42622e-03  1.61673e-02
 7.54286e-03  1.60709e-02

 7.42969e-03  1.76550e-02
 7.94814e-03  1.59097e-02
 7.98336e-03  1.60569e-02
 7.83826e-03  1.60138e-02
 7.94814e-03  1.59097e-02

 7.90573e-03  1.76550e-02
 8.34601e-03  1.58084e-02
 8.38923e-03  1.59535e-02
 8.24199e-03  1.59184e-02
 8.34601e-03  1.58084e-02

 8.38177e-03  1.76550e-02
 8.74017e-03  1.57707e-02
 8.79003e-03  1.59136e-02
 8.64133e-03  1.58853e-02
 8.74017e-03  1.57707e-02

 8.85781e-03  1.76550e-02
 9.13157e-03  1.58036e-02
 9.18726e-03  1.59444e-02
 9.03752e-03  1.59222e-02
 9.13157e-03  1.58036e-02

 9.33385e-03  1.76550e-02
 9.52848e-03  1.59109e-02
 9.58916e-03  1.60495e-02
 9.43873e-03  1.60328e-02
 9.52848e-03  1.59109e-02

 9.80990e-03  1.76550e-02
 9.92605e-03  1.61086e-02
 9.99171e-03  1.62449e-02
 9.84077e-03  1.62336e-02
 9.92605e-03  1.61086e-02

 1.02859e-02  1.76550e-02
 1.03479e-02  1.63968e-02
 1.04171e-02  1.65314e-02
 1.02659e-02  1.65240e-02
 1.03479e-02  1.63968e-02

 1.07620e-02  1.76550e-02
 1.07620e-02  1.68556e-02
 1.08377e-02  1.69867e-02
 1.06863e-02  1.69867e-02
 1.07620e-02  1.68556e-02

 4.12760e-03  1.82250e-02
 5.35413e-03  1.85761e-02
 5.20728e-03  1.86128e-02
 5.24894e-03  1.84673e-02
 5.35413e-03  1.85761e-02

 4.60156e-03  1.82250e-02
 5.83815e-03  1.81793e-02
 5.70995e-03  1.82598e-02
 5.70436e-03  1.81085e-02
 5.83815e-03  1.81793e-02

 5.07552e-03  1.82250e-02
 6.29735e-03  1.78105e-02
 6.19753e-03  1.79243e-02
 6.14890e-03  1.77809e-02
 6.29735e-03  1.78105e-02

 5.54948e-03  1.82250e-02
 6.73317e-03  1.74768e-02
 6.66280e-03  1.76108e-02
 6.58192e-03  1.74828e-02
 6.73317e-03  1.74768e-02

 6.02344e-03  1.82250e-02
 7.14749e-03  1.71838e-02
 7.10275e-03  1.73284e-02
 6.99989e-03  1.72174e-02
 7.14749e-03  1.71838e-02

 6.49740e-03  1.82250e-02
 7.54205e-03  1.69361e-02
 7.51831e-03  1.70856e-02
 7.40072e-03  1.69903e-02
 7.54205e-03  1.69361e-02

 6.97135e-03  1.82250e-02
 7.91899e-03  1.67375e-02
 7.91238e-03  1.68887e-02
 7.78472e-03  1.68074e-02
 7.91899e-03  1.67375e-02

 7.44531e-03  1.82250e-02
 8.28146e-03  1.65912e-02
 8.28911e-03  1.67424e-02
 8.15437e-03  1.66734e-02
 8.28146e-03  1.65912e-02

 7.91927e-03  1.82250e-02
 8.63209e-03  1.65009e-02
 8.65194e-03  1.66510e-02
 8.51206e-03  1.65932e-02
 8.63209e-03  1.65009e-02

 8.39323e-03  1.82250e-02
 8.97663e-03  1.64694e-02
 9.00711e-03  1.66177e-02
 8.86347e-03  1.65700e-02
 8.97663e-03  1.64694e-02

 8.86719e-03  1.82250e-02
 9.31635e-03  1.65029e-02
 9.35650e-03  1.66488e-02
 9.21004e-03  1.66106e-02
 9.31635e-03  1.65029e-02

 9.34115e-03  1.82250e-02
 9.66391e-03  1.66045e-02
 9.71253e-03  1.67478e-02
 9.56408e-03  1.67182e-02
 9.66391e-03  1.66045e-02

 9.81510e-03  1.82250e-02
 1.00107e-02  1.67887e-02
 1.00680e-02  1.69288e-02
 9.91800e-03  1.69084e-02
 1.00107e-02  1.67887e-02

 1.02891e-02  1.82250e-02
 1.03952e-02  1.70556e-02
 1.04587e-02  1.71930e-02
 1.03080e-02  1.71793e-02
 1.03952e-02  1.70556e-02

 1.07630e-02  1.82250e-02
 1.07630e-02  1.74801e-02
 1.08387e-02  1.76112e-02
 1.06873e-02  1.76112e-02
 1.07630e-02  1.74801e-02

 4.15781e-03  1.87950e-02
 5.77910e-03  1.90860e-02
 5.63671e-03  1.91373e-02
 5.66345e-03  1.89883e-02
 5.77910e-03  1.90860e-02

 4.62969e-03  1.87950e-02
 6.26839e-03  1.87299e-02
 6.14040e-03  1.88108e-02
 6.13440e-03  1.86595e-02
 6.26839e-03  1.87299e-02

 5.10156e-03  1.87950e-02
 6.72354e-03  1.83997e-02
 6.61409e-03  1.85043e-02
 6.57826e-03  1.83572e-02
 6.72354e-03  1.83997e-02

 5.57344e-03  1.87950e-02
 7.14637e-03  1.81021e-02
 7.05691e-03  1.82242e-02
 6.99589e-03  1.80857e-02
 7.14637e-03  1.81021e-02

 6.04531e-03  1.87950e-02
 7.53953e-03  1.78423e-02
 7.46969e-03  1.79766e-02
 7.38831e-03  1.78490e-02
 7.53953e-03  1.78423e-02

 6.51719e-03  1.87950e-02
 7.90590e-03  1.76243e-02
 7.85446e-03  1.77666e-02
 7.75690e-03  1.76509e-02
 7.90590e-03  1.76243e-02

 6.98906e-03  1.87950e-02
 8.24866e-03  1.74511e-02
 8.21424e-03  1.75985e-02
 8.10380e-03  1.74950e-02
 8.24866e-03  1.74511e-02

 7.46094e-03  1.87950e-02
 8.57250e-03  1.73254e-02
 8.55379e-03  1.74756e-02
 8.43306e-03  1.73843e-02
 8.57250e-03  1.73254e-02

 7.93281e-03  1.87950e-02
 8.88098e-03  1.72498e-02
 8.87692e-03  1.74011e-02
 8.74791e-03  1.73219e-02
 8.88098e-03  1.72498e-02

 8.40469e-03  1.87950e-02
 9.18181e-03  1.72267e-02
 9.19142e-03  1.73777e-02
 9.05579e-03  1.73105e-02
 9.18181e-03  1.72267e-02

 8.87656e-03  1.87950e-02
 9.47657e-03  1.72607e-02
 9.49931e-03  1.74104e-02
 9.35834e-03  1.73553e-02
 9.47657e-03  1.72607e-02

 9.34844e-03  1.87950e-02
 9.78148e-03  1.73549e-02
 9.81621e-03  1.75022e-02
 9.67125e-03  1.74586e-02
 9.78148e-03  1.73549e-02

 9.82031e-03  1.87950e-02
 1.00845e-02  1.75211e-02
 1.01320e-02  1.76648e-02
 9.98381e-03  1.76341e-02
 1.00845e-02  1.75211e-02

 1.02922e-02  1.87950e-02
 1.04368e-02  1.77598e-02
 1.04936e-02  1.79001e-02
 1.03437e-02  1.78792e-02
 1.04368e-02  1.77598e-02

 1.07641e-02  1.87950e-02
 1.07641e-02  1.81345e-02
 1.08397e-02  1.82656e-02
 1.06884e-02  1.82656e-02
 1.07641e-02  1.81345e-02

 4.18802e-03  1.93650e-02
 6.13278e-03  1.95840e-02
 5.99405e-03  1.96445e-02
 6.01099e-03  1.94941e-02
 6.13278e-03  1.95840e-02

 4.65781e-03  1.93650e-02
 6.62331e-03  1.92787e-02
 6.49567e-03  1.93601e-02
 6.48903e-03  1.92088e-02
 6.62331e-03  1.92787e-02

 5.12760e-03  1.93650e-02
 7.07176e-03  1.89967e-02
 6.95705e-03  1.90955e-02
 6.92888e-03  1.89468e-02
 7.07176e-03  1.89967e-02

 5.59740e-03  1.93650e-02
 7.48078e-03  1.87441e-02
 7.37998e-03  1.88570e-02
 7.33259e-03  1.87133e-02
 7.48078e-03  1.87441e-02

 6.06719e-03  1.93650e-02
 7.85347e-03  1.85254e-02
 7.76703e-03  1.86496e-02
 7.70264e-03  1.85126e-02
 7.85347e-03  1.85254e-02

 6.53698e-03  1.93650e-02
 8.19407e-03  1.83436e-02
 8.12219e-03  1.84768e-02
 8.04276e-03  1.83479e-02
 8.19407e-03  1.83436e-02

 7.00677e-03  1.93650e-02
 8.50689e-03  1.82011e-02
 8.44972e-03  1.83412e-02
 8.35693e-03  1.82216e-02
 8.50689e-03  1.82011e-02

 7.47656e-03  1.93650e-02
 8.79784e-03  1.80996e-02
 8.75552e-03  1.82450e-02
 8.65082e-03  1.81357e-02
 8.79784e-03  1.80996e-02

 7.94635e-03  1.93650e-02
 9.07162e-03  1.80411e-02
 9.04438e-03  1.81900e-02
 8.92905e-03  1.80920e-02
 9.07162e-03  1.80411e-02

 8.41615e-03  1.93650e-02
 9.33744e-03  1.80271e-02
 9.32543e-03  1.81780e-02
 9.20076e-03  1.80922e-02
 9.33744e-03  1.80271e-02

 8.88594e-03  1.93650e-02
 9.59704e-03  1.80614e-02
 9.60071e-03  1.82127e-02
 9.46782e-03  1.81402e-02
 9.59704e-03  1.80614e-02

 9.35573e-03  1.93650e-02
 9.86921e-03  1.81462e-02
 9.88806e-03  1.82964e-02
 9.74857e-03  1.82376e-02
 9.86921e-03  1.81462e-02

 9.82552e-03  1.93650e-02
 1.01396e-02  1.82906e-02
 1.01754e-02  1.84377e-02
 1.00301e-02  1.83952e-02
 1.01396e-02  1.82906e-02

 1.02953e-02  1.93650e-02
 1.04675e-02  1.84958e-02
 1.05163e-02  1.86391e-02
 1.03678e-02  1.86097e-02
 1.04675e-02  1.84958e-02

 1.07651e-02  1.93650e-02
 1.07651e-02  1.88094e-02
 1.08408e-02  1.89405e-02
 1.06894e-02  1.89405e-02
 1.07651e-02  1.88094e-02

 4.21823e-03  1.99350e-02
 6.38058e-03  2.00794e-02
 6.24474e-03  2.01461e-02
 6.25483e-03  1.99951e-02
 6.38058e-03  2.00794e-02

 4.68594e-03  1.99350e-02
 6.86729e-03  1.98350e-02
 6.73980e-03  1.99166e-02
 6.73287e-03  1.97654e-02
 6.86729e-03  1.98350e-02

 5.15365e-03  1.99350e-02
 7.30646e-03  1.96108e-02
 7.18811e-03  1.97051e-02
 7.16557e-03  1.95555e-02
 7.30646e-03  1.96108e-02

 5.62135e-03  1.99350e-02
 7.70129e-03  1.94115e-02
 7.59264e-03  1.95169e-02
 7.55569e-03  1.93701e-02
 7.70129e-03  1.94115e-02

 6.08906e-03  1.99350e-02
 8.05600e-03  1.92407e-02
 7.95758e-03  1.93557e-02
 7.90720e-03  1.92130e-02
 8.05600e-03  1.92407e-02

 6.55677e-03  1.99350e-02
 8.37567e-03  1.91005e-02
 8.28808e-03  1.92240e-02
 8.22497e-03  1.90864e-02
 8.37567e-03  1.91005e-02

 7.02448e-03  1.99350e-02
 8.66568e-03  1.89924e-02
 8.58970e-03  1.91233e-02
 8.51431e-03  1.89920e-02
 8.66568e-03  1.89924e-02

 7.49219e-03  1.99350e-02
 8.93297e-03  1.89173e-02
 8.86957e-03  1.90547e-02
 8.78224e-03  1.89311e-02
 8.93297e-03  1.89173e-02

 7.95990e-03  1.99350e-02
 9.18309e-03  1.88764e-02
 9.13350e-03  1.90194e-02
 9.03444e-03  1.89050e-02
 9.18309e-03  1.88764e-02

 8.42760e-03  1.99350e-02
 9.42602e-03  1.88709e-02
 9.39152e-03  1.90183e-02
 9.28113e-03  1.89147e-02
 9.42602e-03  1.88709e-02

 8.89531e-03  1.99350e-02
 9.66411e-03  1.89034e-02
 9.64646e-03  1.90537e-02
 9.52509e-03  1.89632e-02
 9.66411e-03  1.89034e-02

 9.36302e-03  1.99350e-02
 9.91706e-03  1.89762e-02
 9.91700e-03  1.91276e-02
 9.78594e-03  1.90519e-02
 9.91706e-03  1.89762e-02

 9.83073e-03  1.99350e-02
 1.01694e-02  1.90950e-02
 1.01906e-02  1.92449e-02
 1.00502e-02  1.91883e-02
 1.01694e-02  1.90950e-02

 1.02984e-02  1.99350e-02
 1.04844e-02  1.92621e-02
 1.05224e-02  1.94086e-02
 1.03765e-02  1.93683e-02
 1.04844e-02  1.92621e-02

 1.07661e-02  1.99350e-02
 1.07661e-02  1.95049e-02
 1.08418e-02  1.96360e-02
 1.06905e-02  1.96360e-02
 1.07661e-02  1.95049e-02

 4.24844e-03  2.05050e-02
 6.49412e-03  2.05781e-02
 6.36064e-03  2.06495e-02
 6.36556e-03  2.04982e-02
 6.49412e-03  2.05781e-02

 4.71406e-03  2.05050e-02
 6.97049e-03  2.03968e-02
 6.84318e-03  2.04787e-02
 6.83593e-03  2.03275e-02
 6.97049e-03  2.03968e-02

 5.17969e-03  2.05050e-02
 7.39721e-03  2.02320e-02
 7.27636e-03  2.03231e-02
 7.25786e-03  2.01729e-02
 7.39721e-03  2.02320e-02

 5.64531e-03  2.05050e-02
 7.77822e-03  2.00872e-02
 7.66413e-03  2.01867e-02
 7.63503e-03  2.00381e-02
 7.77822e-03  2.00872e-02

 6.11094e-03  2.05050e-02
 8.11844e-03  1.99646e-02
 8.01153e-03  2.00718e-02
 7.97219e-03  1.99256e-02
 8.11844e-03  1.99646e-02

 6.57656e-03  2.05050e-02
 8.42392e-03  1.98655e-02
 8.32480e-03  1.99799e-02
 8.27529e-03  1.98369e-02
 8.42392e-03  1.98655e-02

 7.04219e-03  2.05050e-02
 8.70072e-03  1.97907e-02
 8.61026e-03  1.99121e-02
 8.55038e-03  1.97730e-02
 8.70072e-03  1.97907e-02

 7.50781e-03  2.05050e-02
 8.95632e-03  1.97404e-02
 8.87572e-03  1.98686e-02
 8.80506e-03  1.97347e-02
 8.95632e-03  1.97404e-02

 7.97344e-03  2.05050e-02
 9.19656e-03  1.97152e-02
 9.12749e-03  1.98499e-02
 9.04538e-03  1.97228e-02
 9.19656e-03  1.97152e-02

 8.43906e-03  2.05050e-02
 9.43180e-03  1.97161e-02
 9.37626e-03  1.98569e-02
 9.28209e-03  1.97384e-02
 9.43180e-03  1.97161e-02

 8.90469e-03  2.05050e-02
 9.66447e-03  1.97445e-02
 9.62536e-03  1.98908e-02
 9.51828e-03  1.97838e-02
 9.66447e-03  1.97445e-02

 9.37031e-03  2.05050e-02
 9.91424e-03  1.98032e-02
 9.89376e-03  1.99531e-02
 9.77412e-03  1.98604e-02
 9.91424e-03  1.98032e-02

 9.83594e-03  2.05050e-02
 1.01662e-02  1.98944e-02
 1.01704e-02  2.00457e-02
 1.00372e-02  1.99737e-02
 1.01662e-02  1.98944e-02

 1.03016e-02  2.05050e-02
 1.04813e-02  2.00221e-02
 1.05065e-02  2.01713e-02
 1.03646e-02  2.01185e-02
 1.04813e-02  2.00221e-02

 1.07672e-02  2.05050e-02
 1.07672e-02  2.01952e-02
 1.08429e-02  2.03263e-02
 1.06915e-02  2.03263e-02
 1.07672e-02  2.01952e-02

 4.27865e-03  2.10750e-02
 6.41254e-03  2.10988e-02
 6.28062e-03  2.11730e-02
 6.28230e-03  2.10216e-02
 6.41254e-03  2.10988e-02

 4.74219e-03  2.10750e-02
 6.87563e-03  2.09872e-02
 6.74776e-03  2.10682e-02
 6.74154e-03  2.09170e-02
 6.87563e-03  2.09872e-02

 5.20573e-03  2.10750e-02
 7.29164e-03  2.08869e-02
 7.16788e-03  2.09740e-02
 7.15429e-03  2.08233e-02
 7.29164e-03  2.08869e-02

 5.66927e-03  2.10750e-02
 7.66497e-03  2.07999e-02
 7.54544e-03  2.08928e-02
 7.52477e-03  2.07428e-02
 7.66497e-03  2.07999e-02

 6.13281e-03  2.10750e-02
 8.00106e-03  2.07273e-02
 7.88603e-03  2.08257e-02
 7.85834e-03  2.06769e-02
 8.00106e-03  2.07273e-02

 6.59635e-03  2.10750e-02
 8.30612e-03  2.06696e-02
 8.19603e-03  2.07735e-02
 8.16111e-03  2.06262e-02
 8.30612e-03  2.06696e-02

 7.05990e-03  2.10750e-02
 8.58628e-03  2.06270e-02
 8.48181e-03  2.07365e-02
 8.43918e-03  2.05913e-02
 8.58628e-03  2.06270e-02

 7.52344e-03  2.10750e-02
 8.84873e-03  2.05994e-02
 8.75091e-03  2.07149e-02
 8.69978e-03  2.05725e-02
 8.84873e-03  2.05994e-02

 7.98698e-03  2.10750e-02
 9.09907e-03  2.05870e-02
 9.00944e-03  2.07090e-02
 8.94862e-03  2.05704e-02
 9.09907e-03  2.05870e-02

 8.45052e-03  2.10750e-02
 9.34707e-03  2.05906e-02
 9.26772e-03  2.07195e-02
 9.19576e-03  2.05863e-02
 9.34707e-03  2.05906e-02

 8.91406e-03  2.10750e-02
 9.59490e-03  2.06110e-02
 9.52920e-03  2.07474e-02
 9.44395e-03  2.06223e-02
 9.59490e-03  2.06110e-02

 9.37760e-03  2.10750e-02
 9.86079e-03  2.06509e-02
 9.81219e-03  2.07943e-02
 9.71234e-03  2.06805e-02
 9.86079e-03  2.06509e-02

 9.84115e-03  2.10750e-02
 1.01315e-02  2.07105e-02
 1.01090e-02  2.08602e-02
 9.99063e-03  2.07659e-02
 1.01315e-02  2.07105e-02

 1.03047e-02  2.10750e-02
 1.04619e-02  2.07952e-02
 1.04637e-02  2.09465e-02
 1.03317e-02  2.08724e-02
 1.04619e-02  2.07952e-02

 1.07682e-02  2.10750e-02
 1.07682e-02  2.08958e-02
 1.08439e-02  2.10269e-02
 1.06925e-02  2.10269e-02
 1.07682e-02  2.08958e-02

 4.30885e-03  2.16450e-02
 6.11640e-03  2.16294e-02
 5.98597e-03  2.17062e-02
 5.98467e-03  2.15549e-02
 6.11640e-03  2.16294e-02

 4.77031e-03  2.16450e-02
 6.56394e-03  2.15695e-02
 6.43615e-03  2.16506e-02
 6.42978e-03  2.14994e-02
 6.56394e-03  2.15695e-02

 5.23177e-03  2.16450e-02
 6.97226e-03  2.15164e-02
 6.84711e-03  2.16015e-02
 6.83595e-03  2.14505e-02
 6.97226e-03  2.15164e-02

 5.69323e-03  2.16450e-02
 7.34593e-03  2.14710e-02
 7.22348e-03  2.15600e-02
 7.20764e-03  2.14095e-02
 7.34593e-03  2.14710e-02

 6.15469e-03  2.16450e-02
 7.69008e-03  2.14339e-02
 7.57052e-03  2.15267e-02
 7.54990e-03  2.13767e-02
 7.69008e-03  2.14339e-02

 6.61615e-03  2.16450e-02
 8.01039e-03  2.14050e-02
 7.89404e-03  2.15018e-02
 7.86836e-03  2.13526e-02
 8.01039e-03  2.14050e-02

 7.07760e-03  2.16450e-02
 8.31215e-03  2.13842e-02
 8.19954e-03  2.14853e-02
 8.16825e-03  2.13372e-02
 8.31215e-03  2.13842e-02

 7.53906e-03  2.16450e-02
 8.60151e-03  2.13714e-02
 8.49343e-03  2.14774e-02
 8.45569e-03  2.13308e-02
 8.60151e-03  2.13714e-02

 8.00052e-03  2.16450e-02
 8.88299e-03  2.13667e-02
 8.78074e-03  2.14783e-02
 8.73521e-03  2.13339e-02
 8.88299e-03  2.13667e-02

 8.46198e-03  2.16450e-02
 9.16458e-03  2.13705e-02
 9.07003e-03  2.14887e-02
 9.01494e-03  2.13477e-02
 9.16458e-03  2.13705e-02

 8.92344e-03  2.16450e-02
 9.44809e-03  2.13830e-02
 9.36463e-03  2.15092e-02
 9.29700e-03  2.13738e-02
 9.44809e-03  2.13830e-02

 9.38490e-03  2.16450e-02
 9.74902e-03  2.14064e-02
 9.68085e-03  2.15416e-02
 9.59789e-03  2.14149e-02
 9.74902e-03  2.14064e-02

 9.84635e-03  2.16450e-02
 1.00573e-02  2.14393e-02
 1.00163e-02  2.15850e-02
 9.91059e-03  2.14766e-02
 1.00573e-02  2.14393e-02

 1.03078e-02  2.16450e-02
 1.04172e-02  2.14882e-02
 1.04043e-02  2.16390e-02
 1.02802e-02  2.15524e-02
 1.04172e-02  2.14882e-02

 1.07693e-02  2.16450e-02
 1.07693e-02  2.15396e-02
 1.08450e-02  2.16707e-02
 1.06936e-02  2.16707e-02
 1.07693e-02  2.15396e-02

 4.33906e-03  2.22150e-02
 5.44222e-03  2.22150e-02
 5.31114e-03  2.22907e-02
 5.31114e-03  2.21393e-02
 5.44222e-03  2.22150e-02

 4.79844e-03  2.22150e-02
 5.88767e-03  2.22150e-02
 5.75659e-03  2.22907e-02
 5.75659e-03  2.21393e-02
 5.88767e-03  2.22150e-02

 5.25781e-03  2.22150e-02
 6.30974e-03  2.22150e-02
 6.17865e-03  2.22907e-02
 6.17865e-03  2.21393e-02
 6.30974e-03  2.22150e-02

 5.71719e-03  2.22150e-02
 6.71144e-03  2.22150e-02
 6.58035e-03  2.22907e-02
 6.58035e-03  2.21393e-02
 6.71144e-03  2.22150e-02

 6.17656e-03  2.22150e-02
 7.09619e-03  2.22150e-02
 6.96510e-03  2.22907e-02
 6.96510e-03  2.21393e-02
 7.09619e-03  2.22150e-02

 6.63594e-03  2.22150e-02
 7.46755e-03  2.22150e-02
 7.33646e-03  2.22907e-02
 7.33646e-03  2.21393e-02
 7.46755e-03  2.22150e-02

 7.09531e-03  2.22150e-02
 7.82871e-03  2.22150e-02
 7.69762e-03  2.22907e-02
 7.69762e-03  2.21393e-02
 7.82871e-03  2.22150e-02

 7.55469e-03  2.22150e-02
 8.18336e-03  2.22150e-02
 8.05227e-03  2.22907e-02
 8.05227e-03  2.21393e-02
 8.18336e-03  2.22150e-02

 8.01406e-03  2.22150e-02
 8.53415e-03  2.22150e-02
 8.40306e-03  2.22907e-02
 8.40306e-03  2.21393e-02
 8.53415e-03  2.22150e-02

 8.47344e-03  2.22150e-02
 8.88589e-03  2.22150e-02
 8.75480e-03  2.22907e-02
 8.75480e-03  2.21393e-02
 8.88589e-03  2.22150e-02

 8.93281e-03  2.22150e-02
 9.23938e-03  2.22150e-02
 9.10830e-03  2.22907e-02
 9.10830e-03  2.21393e-02
 9.23938e-03  2.22150e-02

 9.39219e-03  2.22150e-02
 9.60425e-03  2.22150e-02
 9.47316e-03  2.22907e-02
 9.47316e-03  2.21393e-02
 9.60425e-03  2.22150e-02

 9.85156e-03  2.22150e-02
 9.97344e-03  2.22150e-02
 9.84236e-03  2.22907e-02
 9.84236e-03  2.21393e-02
 9.97344e-03  2.22150e-02

 1.03109e-02  2.22150e-02
 1.03749e-02  2.22150e-02
 1.02438e-02  2.22907e-02
 1.02438e-02  2.21393e-02
 1.03749e-02  2.22150e-02

 1.07703e-02  2.22150e-02
 1.07703e-02  2.22150e-02
 1.06392e-02  2.22907e-02
 1.06392e-02  2.21393e-02
 1.07703e-02  2.22150e-02

