#[ Fluid velocity 2D plot data file: flw.dat ]
 1.95313e-04  1.13850e-02
 1.95313e-04  1.13850e-02
 6.42249e-05  1.14607e-02
 6.42249e-05  1.13093e-02
 1.95313e-04  1.13850e-02

 5.85937e-04  1.13850e-02
 3.06809e-04  1.13850e-02
 4.37897e-04  1.13093e-02
 4.37897e-04  1.14607e-02
 3.06809e-04  1.13850e-02

 9.76562e-04  1.13850e-02
 6.13221e-04  1.13850e-02
 7.44309e-04  1.13093e-02
 7.44309e-04  1.14607e-02
 6.13221e-04  1.13850e-02

 1.36719e-03  1.13850e-02
 8.40415e-04  1.13850e-02
 9.71503e-04  1.13093e-02
 9.71503e-04  1.14607e-02
 8.40415e-04  1.13850e-02

 1.75781e-03  1.13850e-02
 1.11593e-03  1.13850e-02
 1.24702e-03  1.13093e-02
 1.24702e-03  1.14607e-02
 1.11593e-03  1.13850e-02

 2.14844e-03  1.13850e-02
 1.38638e-03  1.13850e-02
 1.51747e-03  1.13093e-02
 1.51747e-03  1.14607e-02
 1.38638e-03  1.13850e-02

 2.53906e-03  1.13850e-02
 1.67756e-03  1.13850e-02
 1.80865e-03  1.13093e-02
 1.80865e-03  1.14607e-02
 1.67756e-03  1.13850e-02

 2.92969e-03  1.13850e-02
 1.97986e-03  1.13850e-02
 2.11095e-03  1.13093e-02
 2.11095e-03  1.14607e-02
 1.97986e-03  1.13850e-02

 3.32031e-03  1.13850e-02
 2.29889e-03  1.13850e-02
 2.42998e-03  1.13093e-02
 2.42998e-03  1.14607e-02
 2.29889e-03  1.13850e-02

 1.97049e-04  1.19550e-02
 1.97049e-04  1.24287e-02
 1.21365e-04  1.22977e-02
 2.72732e-04  1.22977e-02
 1.97049e-04  1.24287e-02

 5.91146e-04  1.19550e-02
 1.50358e-04  1.23838e-02
 1.91545e-04  1.22382e-02
 2.97093e-04  1.23466e-02
 1.50358e-04  1.23838e-02

 9.85243e-04  1.19550e-02
 3.91900e-04  1.23693e-02
 4.56051e-04  1.22322e-02
 5.42708e-04  1.23563e-02
 3.91900e-04  1.23693e-02

 1.37934e-03  1.19550e-02
 5.19727e-04  1.23409e-02
 6.08322e-04  1.22182e-02
 6.70313e-04  1.23563e-02
 5.19727e-04  1.23409e-02

 1.77344e-03  1.19550e-02
 7.22194e-04  1.23118e-02
 8.22005e-04  1.21980e-02
 8.70651e-04  1.23413e-02
 7.22194e-04  1.23118e-02

 2.16753e-03  1.19550e-02
 9.21104e-04  1.22759e-02
 1.02918e-03  1.21699e-02
 1.06692e-03  1.23165e-02
 9.21104e-04  1.22759e-02

 2.56163e-03  1.19550e-02
 1.15513e-03  1.22369e-02
 1.26879e-03  1.21369e-02
 1.29853e-03  1.22853e-02
 1.15513e-03  1.22369e-02

 2.95573e-03  1.19550e-02
 1.40974e-03  1.21946e-02
 1.52769e-03  1.20997e-02
 1.55087e-03  1.22493e-02
 1.40974e-03  1.21946e-02

 3.34983e-03  1.19550e-02
 1.69334e-03  1.21505e-02
 1.81466e-03  1.20599e-02
 1.83240e-03  1.22103e-02
 1.69334e-03  1.21505e-02

 1.98785e-04  1.25250e-02
 1.98785e-04  1.33320e-02
 1.23101e-04  1.32009e-02
 2.74468e-04  1.32009e-02
 1.98785e-04  1.33320e-02

 5.96354e-04  1.25250e-02
 8.03064e-05  1.32982e-02
 9.01284e-05  1.31471e-02
 2.16029e-04  1.32312e-02
 8.03064e-05  1.32982e-02

 9.93924e-04  1.25250e-02
 2.82643e-04  1.32610e-02
 3.19317e-04  1.31141e-02
 4.28162e-04  1.32193e-02
 2.82643e-04  1.32610e-02

 1.39149e-03  1.25250e-02
 3.58262e-04  1.32105e-02
 4.25651e-04  1.30750e-02
 5.09336e-04  1.32011e-02
 3.58262e-04  1.32105e-02

 1.78906e-03  1.25250e-02
 5.21289e-04  1.31495e-02
 6.05439e-04  1.30237e-02
 6.72327e-04  1.31595e-02
 5.21289e-04  1.31495e-02

 2.18663e-03  1.25250e-02
 6.84088e-04  1.30790e-02
 7.80902e-04  1.29626e-02
 8.33263e-04  1.31046e-02
 6.84088e-04  1.30790e-02

 2.58420e-03  1.25250e-02
 8.90708e-04  1.30016e-02
 9.96391e-04  1.28932e-02
 1.03740e-03  1.30389e-02
 8.90708e-04  1.30016e-02

 2.98177e-03  1.25250e-02
 1.12473e-03  1.29195e-02
 1.23723e-03  1.28182e-02
 1.26868e-03  1.29663e-02
 1.12473e-03  1.29195e-02

 3.37934e-03  1.25250e-02
 1.39537e-03  1.28346e-02
 1.51323e-03  1.27396e-02
 1.53656e-03  1.28891e-02
 1.39537e-03  1.28346e-02

 2.00521e-04  1.30950e-02
 2.00521e-04  1.43852e-02
 1.24837e-04  1.42541e-02
 2.76204e-04  1.42541e-02
 2.00521e-04  1.43852e-02

 6.01563e-04  1.30950e-02
 5.28195e-05  1.43617e-02
 3.54805e-05  1.42113e-02
 1.74375e-04  1.42715e-02
 5.28195e-05  1.43617e-02

 1.00260e-03  1.30950e-02
 2.42439e-04  1.42981e-02
 2.48480e-04  1.41468e-02
 3.76443e-04  1.42277e-02
 2.42439e-04  1.42981e-02

 1.40365e-03  1.30950e-02
 2.97305e-04  1.42163e-02
 3.35497e-04  1.40699e-02
 4.43247e-04  1.41762e-02
 2.97305e-04  1.42163e-02

 1.80469e-03  1.30950e-02
 4.46018e-04  1.41113e-02
 5.05657e-04  1.39722e-02
 5.96321e-04  1.40934e-02
 4.46018e-04  1.41113e-02

 2.20573e-03  1.30950e-02
 5.95866e-04  1.39916e-02
 6.73563e-04  1.38617e-02
 7.47215e-04  1.39940e-02
 5.95866e-04  1.39916e-02

 2.60677e-03  1.30950e-02
 7.94152e-04  1.38601e-02
 8.85491e-04  1.37394e-02
 9.44353e-04  1.38788e-02
 7.94152e-04  1.38601e-02

 3.00781e-03  1.30950e-02
 1.02316e-03  1.37217e-02
 1.12538e-03  1.36101e-02
 1.17096e-03  1.37544e-02
 1.02316e-03  1.37217e-02

 3.40885e-03  1.30950e-02
 1.29282e-03  1.35792e-02
 1.40372e-03  1.34762e-02
 1.43749e-03  1.36238e-02
 1.29282e-03  1.35792e-02

 2.02257e-04  1.36650e-02
 2.02257e-04  1.53826e-02
 1.26573e-04  1.52515e-02
 2.77940e-04  1.52515e-02
 2.02257e-04  1.53826e-02

 6.06771e-04  1.36650e-02
 7.13254e-05  1.53748e-02
 3.82753e-05  1.52271e-02
 1.82725e-04  1.52724e-02
 7.13254e-05  1.53748e-02

 1.01128e-03  1.36650e-02
 2.68868e-04  1.52875e-02
 2.54590e-04  1.51368e-02
 3.92232e-04  1.51998e-02
 2.68868e-04  1.52875e-02

 1.41580e-03  1.36650e-02
 3.32919e-04  1.51769e-02
 3.47723e-04  1.50262e-02
 4.70781e-04  1.51144e-02
 3.32919e-04  1.51769e-02

 1.82031e-03  1.36650e-02
 4.89721e-04  1.50290e-02
 5.27084e-04  1.48823e-02
 6.35434e-04  1.49880e-02
 4.89721e-04  1.50290e-02

 2.22483e-03  1.36650e-02
 6.47734e-04  1.48613e-02
 7.06433e-04  1.47218e-02
 7.97913e-04  1.48424e-02
 6.47734e-04  1.48613e-02

 2.62934e-03  1.36650e-02
 8.54487e-04  1.46770e-02
 9.30874e-04  1.45464e-02
 1.00585e-03  1.46779e-02
 8.54487e-04  1.46770e-02

 3.03385e-03  1.36650e-02
 1.09212e-03  1.44842e-02
 1.18348e-03  1.43635e-02
 1.24232e-03  1.45030e-02
 1.09212e-03  1.44842e-02

 3.43837e-03  1.36650e-02
 1.37054e-03  1.42867e-02
 1.47429e-03  1.41765e-02
 1.51787e-03  1.43215e-02
 1.37054e-03  1.42867e-02

 2.03993e-04  1.42350e-02
 2.03993e-04  1.63778e-02
 1.28310e-04  1.62467e-02
 2.79677e-04  1.62467e-02
 2.03993e-04  1.63778e-02

 6.11979e-04  1.42350e-02
 1.24721e-04  1.63835e-02
 7.99053e-05  1.62389e-02
 2.27524e-04  1.62724e-02
 1.24721e-04  1.63835e-02

 1.01997e-03  1.42350e-02
 3.44891e-04  1.62744e-02
 3.14235e-04  1.61262e-02
 4.57934e-04  1.61738e-02
 3.44891e-04  1.62744e-02

 1.42795e-03  1.42350e-02
 4.41039e-04  1.61356e-02
 4.34282e-04  1.59843e-02
 5.68618e-04  1.60541e-02
 4.41039e-04  1.61356e-02

 1.83594e-03  1.42350e-02
 6.22353e-04  1.59455e-02
 6.36480e-04  1.57948e-02
 7.59932e-04  1.58824e-02
 6.22353e-04  1.59455e-02

 2.24392e-03  1.42350e-02
 8.04121e-04  1.57301e-02
 8.40535e-04  1.55832e-02
 9.49566e-04  1.56882e-02
 8.04121e-04  1.57301e-02

 2.65191e-03  1.42350e-02
 1.03085e-03  1.54931e-02
 1.08800e-03  1.53529e-02
 1.18081e-03  1.54725e-02
 1.03085e-03  1.54931e-02

 3.05990e-03  1.42350e-02
 1.28610e-03  1.52457e-02
 1.36253e-03  1.51150e-02
 1.43747e-03  1.52465e-02
 1.28610e-03  1.52457e-02

 3.46788e-03  1.42350e-02
 1.57928e-03  1.49930e-02
 1.67274e-03  1.48740e-02
 1.72912e-03  1.50145e-02
 1.57928e-03  1.49930e-02

 2.05729e-04  1.48050e-02
 2.05729e-04  1.73043e-02
 1.30046e-04  1.71732e-02
 2.81413e-04  1.71732e-02
 2.05729e-04  1.73043e-02

 6.17187e-04  1.48050e-02
 2.07785e-04  1.73213e-02
 1.54135e-04  1.71798e-02
 3.03538e-04  1.72041e-02
 2.07785e-04  1.73213e-02

 1.02865e-03  1.48050e-02
 4.61981e-04  1.71954e-02
 4.18576e-04  1.70504e-02
 5.65861e-04  1.70853e-02
 4.61981e-04  1.71954e-02

 1.44010e-03  1.48050e-02
 6.09024e-04  1.70328e-02
 5.83931e-04  1.68835e-02
 7.25752e-04  1.69365e-02
 6.09024e-04  1.70328e-02

 1.85156e-03  1.48050e-02
 8.27944e-04  1.68069e-02
 8.20237e-04  1.66557e-02
 9.55008e-04  1.67246e-02
 8.27944e-04  1.68069e-02

 2.26302e-03  1.48050e-02
 1.04603e-03  1.65503e-02
 1.05893e-03  1.63994e-02
 1.18309e-03  1.64860e-02
 1.04603e-03  1.65503e-02

 2.67448e-03  1.48050e-02
 1.30226e-03  1.62673e-02
 1.33678e-03  1.61199e-02
 1.44715e-03  1.62235e-02
 1.30226e-03  1.62673e-02

 3.08594e-03  1.48050e-02
 1.58256e-03  1.59723e-02
 1.63969e-03  1.58321e-02
 1.73252e-03  1.59517e-02
 1.58256e-03  1.59723e-02

 3.49740e-03  1.48050e-02
 1.89525e-03  1.56715e-02
 1.97455e-03  1.55426e-02
 2.04656e-03  1.56757e-02
 1.89525e-03  1.56715e-02

 2.07465e-04  1.53750e-02
 2.07465e-04  1.81635e-02
 1.31782e-04  1.80324e-02
 2.83149e-04  1.80324e-02
 2.07465e-04  1.81635e-02

 6.22396e-04  1.53750e-02
 3.12578e-04  1.81886e-02
 2.51697e-04  1.80500e-02
 4.02155e-04  1.80666e-02
 3.12578e-04  1.81886e-02

 1.03733e-03  1.53750e-02
 6.08610e-04  1.80511e-02
 5.54615e-04  1.79097e-02
 7.04077e-04  1.79336e-02
 6.08610e-04  1.80511e-02

 1.45226e-03  1.53750e-02
 8.20398e-04  1.78702e-02
 7.79210e-04  1.77246e-02
 9.25945e-04  1.77617e-02
 8.20398e-04  1.78702e-02

 1.86719e-03  1.53750e-02
 1.08636e-03  1.76160e-02
 1.05802e-03  1.74673e-02
 1.20096e-03  1.75171e-02
 1.08636e-03  1.76160e-02

 2.28212e-03  1.53750e-02
 1.35030e-03  1.73259e-02
 1.33851e-03  1.71750e-02
 1.47509e-03  1.72402e-02
 1.35030e-03  1.73259e-02

 2.69705e-03  1.53750e-02
 1.64300e-03  1.70052e-02
 1.65062e-03  1.68540e-02
 1.77774e-03  1.69362e-02
 1.64300e-03  1.70052e-02

 3.11198e-03  1.53750e-02
 1.95387e-03  1.66705e-02
 1.98481e-03  1.65224e-02
 2.09766e-03  1.66233e-02
 1.95387e-03  1.66705e-02

 3.52691e-03  1.53750e-02
 2.28994e-03  1.63296e-02
 2.34748e-03  1.61896e-02
 2.43996e-03  1.63094e-02
 2.28994e-03  1.63296e-02

 2.09201e-04  1.59450e-02
 2.09201e-04  1.89323e-02
 1.33518e-04  1.88012e-02
 2.84885e-04  1.88012e-02
 2.09201e-04  1.89323e-02

 6.27604e-04  1.59450e-02
 4.32734e-04  1.89626e-02
 3.65656e-04  1.88269e-02
 5.16708e-04  1.88366e-02
 4.32734e-04  1.89626e-02

 1.04601e-03  1.59450e-02
 7.75976e-04  1.88195e-02
 7.12884e-04  1.86819e-02
 8.63588e-04  1.86961e-02
 7.75976e-04  1.88195e-02

 1.46441e-03  1.59450e-02
 1.06258e-03  1.86268e-02
 1.00715e-03  1.84860e-02
 1.15685e-03  1.85084e-02
 1.06258e-03  1.86268e-02

 1.88281e-03  1.59450e-02
 1.38274e-03  1.83539e-02
 1.33528e-03  1.82101e-02
 1.48349e-03  1.82409e-02
 1.38274e-03  1.83539e-02

 2.30122e-03  1.59450e-02
 1.69973e-03  1.80404e-02
 1.66315e-03  1.78935e-02
 1.80864e-03  1.79353e-02
 1.69973e-03  1.80404e-02

 2.71962e-03  1.59450e-02
 2.03471e-03  1.76927e-02
 2.01208e-03  1.75430e-02
 2.15301e-03  1.75982e-02
 2.03471e-03  1.76927e-02

 3.13802e-03  1.59450e-02
 2.38103e-03  1.73292e-02
 2.37753e-03  1.71778e-02
 2.51034e-03  1.72505e-02
 2.38103e-03  1.73292e-02

 3.55642e-03  1.59450e-02
 2.74396e-03  1.69584e-02
 2.76691e-03  1.68088e-02
 2.88501e-03  1.69035e-02
 2.74396e-03  1.69584e-02

 2.10937e-04  1.65150e-02
 2.10937e-04  1.96070e-02
 1.35254e-04  1.94760e-02
 2.86621e-04  1.94760e-02
 2.10938e-04  1.96070e-02

 6.32812e-04  1.65150e-02
 5.61734e-04  1.96397e-02
 4.89051e-04  1.95070e-02
 6.40379e-04  1.95104e-02
 5.61734e-04  1.96397e-02

 1.05469e-03  1.65150e-02
 9.55171e-04  1.94969e-02
 8.83902e-04  1.93633e-02
 1.03519e-03  1.93684e-02
 9.55171e-04  1.94969e-02

 1.47656e-03  1.65150e-02
 1.32290e-03  1.92992e-02
 1.25456e-03  1.91641e-02
 1.40569e-03  1.91725e-02
 1.32290e-03  1.92992e-02

 1.89844e-03  1.65150e-02
 1.70194e-03  1.90172e-02
 1.63675e-03  1.88806e-02
 1.78765e-03  1.88925e-02
 1.70194e-03  1.90172e-02

 2.32031e-03  1.65150e-02
 2.07719e-03  1.86911e-02
 2.01653e-03  1.85524e-02
 2.16696e-03  1.85692e-02
 2.07719e-03  1.86911e-02

 2.74219e-03  1.65150e-02
 2.45881e-03  1.83279e-02
 2.40428e-03  1.81867e-02
 2.55383e-03  1.82101e-02
 2.45881e-03  1.83279e-02

 3.16406e-03  1.65150e-02
 2.84456e-03  1.79469e-02
 2.79924e-03  1.78025e-02
 2.94698e-03  1.78355e-02
 2.84456e-03  1.79469e-02

 3.58594e-03  1.65150e-02
 3.23766e-03  1.75576e-02
 3.20741e-03  1.74093e-02
 3.35098e-03  1.74573e-02
 3.23766e-03  1.75576e-02

 2.12674e-04  1.70850e-02
 2.12674e-04  2.01830e-02
 1.36990e-04  2.00519e-02
 2.88357e-04  2.00519e-02
 2.12674e-04  2.01830e-02

 6.38021e-04  1.70850e-02
 6.93986e-04  2.02155e-02
 6.15971e-04  2.00858e-02
 7.67314e-04  2.00831e-02
 6.93986e-04  2.02155e-02

 1.06337e-03  1.70850e-02
 1.13870e-03  2.00780e-02
 1.05974e-03  1.99488e-02
 1.21106e-03  1.99450e-02
 1.13870e-03  2.00780e-02

 1.48872e-03  1.70850e-02
 1.59070e-03  1.98817e-02
 1.51029e-03  1.97535e-02
 1.66155e-03  1.97480e-02
 1.59070e-03  1.98817e-02

 1.91406e-03  1.70850e-02
 2.03133e-03  1.96004e-02
 1.94963e-03  1.94730e-02
 2.10083e-03  1.94659e-02
 2.03133e-03  1.96004e-02

 2.33941e-03  1.70850e-02
 2.46817e-03  1.92723e-02
 2.38491e-03  1.91459e-02
 2.53602e-03  1.91370e-02
 2.46817e-03  1.92723e-02

 2.76476e-03  1.70850e-02
 2.89965e-03  1.89054e-02
 2.81448e-03  1.87803e-02
 2.96544e-03  1.87691e-02
 2.89965e-03  1.89054e-02

 3.19010e-03  1.70850e-02
 3.32795e-03  1.85189e-02
 3.24007e-03  1.83957e-02
 3.39074e-03  1.83812e-02
 3.32795e-03  1.85189e-02

 3.61545e-03  1.70850e-02
 3.75396e-03  1.81229e-02
 3.66160e-03  1.80030e-02
 3.81164e-03  1.79830e-02
 3.75396e-03  1.81229e-02

 2.14410e-04  1.76550e-02
 2.14410e-04  2.06602e-02
 1.38726e-04  2.05292e-02
 2.90093e-04  2.05292e-02
 2.14410e-04  2.06602e-02

 6.43229e-04  1.76550e-02
 8.24029e-04  2.06902e-02
 7.40685e-04  2.05639e-02
 8.91784e-04  2.05549e-02
 8.24029e-04  2.06902e-02

 1.07205e-03  1.76550e-02
 1.31926e-03  2.05621e-02
 1.23274e-03  2.04379e-02
 1.38357e-03  2.04250e-02
 1.31926e-03  2.05621e-02

 1.50087e-03  1.76550e-02
 1.85541e-03  2.03732e-02
 1.76341e-03  2.02530e-02
 1.91351e-03  2.02335e-02
 1.85541e-03  2.03732e-02

 1.92969e-03  1.76550e-02
 2.35822e-03  2.01016e-02
 2.26106e-03  1.99856e-02
 2.41015e-03  1.99594e-02
 2.35822e-03  2.01016e-02

 2.35851e-03  1.76550e-02
 2.85787e-03  1.97820e-02
 2.75423e-03  1.96717e-02
 2.90159e-03  1.96371e-02
 2.85787e-03  1.97820e-02

 2.78733e-03  1.76550e-02
 3.34082e-03  1.94229e-02
 3.22943e-03  1.93204e-02
 3.37388e-03  1.92752e-02
 3.34082e-03  1.94229e-02

 3.21615e-03  1.76550e-02
 3.81351e-03  1.90429e-02
 3.69217e-03  1.89524e-02
 3.83120e-03  1.88926e-02
 3.81351e-03  1.90429e-02

 3.64497e-03  1.76550e-02
 4.27422e-03  1.86526e-02
 4.14027e-03  1.85821e-02
 4.26830e-03  1.85013e-02
 4.27422e-03  1.86526e-02

 2.16146e-04  1.82250e-02
 2.16146e-04  2.10465e-02
 1.40462e-04  2.09154e-02
 2.91829e-04  2.09154e-02
 2.16146e-04  2.10465e-02

 6.48438e-04  1.82250e-02
 9.47433e-04  2.10714e-02
 8.58469e-04  2.09489e-02
 1.00901e-03  2.09331e-02
 9.47433e-04  2.10714e-02

 1.08073e-03  1.82250e-02
 1.49102e-03  2.09553e-02
 1.39669e-03  2.08369e-02
 1.54638e-03  2.08144e-02
 1.49102e-03  2.09553e-02

 1.51302e-03  1.82250e-02
 2.10835e-03  2.07786e-02
 2.00488e-03  2.06681e-02
 2.15230e-03  2.06337e-02
 2.10835e-03  2.07786e-02

 1.94531e-03  1.82250e-02
 2.67186e-03  2.05240e-02
 2.56019e-03  2.04218e-02
 2.70452e-03  2.03762e-02
 2.67186e-03  2.05240e-02

 2.37760e-03  1.82250e-02
 3.23328e-03  2.02220e-02
 3.11209e-03  2.01313e-02
 3.25122e-03  2.00717e-02
 3.23328e-03  2.02220e-02

 2.80990e-03  1.82250e-02
 3.76744e-03  1.98813e-02
 3.63631e-03  1.98057e-02
 3.76735e-03  1.97299e-02
 3.76744e-03  1.98813e-02

 3.24219e-03  1.82250e-02
 4.28450e-03  1.95191e-02
 4.14333e-03  1.94645e-02
 4.26122e-03  1.93695e-02
 4.28450e-03  1.95191e-02

 3.67448e-03  1.82250e-02
 4.78006e-03  1.91462e-02
 4.63091e-03  1.91204e-02
 4.72780e-03  1.90042e-02
 4.78006e-03  1.91462e-02

 2.17882e-04  1.87950e-02
 2.17882e-04  2.13433e-02
 1.42198e-04  2.12122e-02
 2.93565e-04  2.12122e-02
 2.17882e-04  2.13433e-02

 6.53646e-04  1.87950e-02
 1.05910e-03  2.13608e-02
 9.63888e-04  2.12432e-02
 1.11340e-03  2.12195e-02
 1.05910e-03  2.13608e-02

 1.08941e-03  1.87950e-02
 1.64708e-03  2.12586e-02
 1.54433e-03  2.11475e-02
 1.69196e-03  2.11141e-02
 1.64708e-03  2.12586e-02

 1.52517e-03  1.87950e-02
 2.33915e-03  2.10981e-02
 2.22411e-03  2.09997e-02
 2.36683e-03  2.09493e-02
 2.33915e-03  2.10981e-02

 1.96094e-03  1.87950e-02
 2.95913e-03  2.08677e-02
 2.83406e-03  2.07825e-02
 2.97044e-03  2.07168e-02
 2.95913e-03  2.08677e-02

 2.39670e-03  1.87950e-02
 3.57835e-03  2.05923e-02
 3.44309e-03  2.05243e-02
 3.56957e-03  2.04411e-02
 3.57835e-03  2.05923e-02

 2.83247e-03  1.87950e-02
 4.16071e-03  2.02804e-02
 4.01691e-03  2.02332e-02
 4.12975e-03  2.01323e-02
 4.16071e-03  2.02804e-02

 3.26823e-03  1.87950e-02
 4.71954e-03  1.99480e-02
 4.56982e-03  1.99257e-02
 4.66397e-03  1.98072e-02
 4.71954e-03  1.99480e-02

 3.70399e-03  1.87950e-02
 5.24778e-03  1.96050e-02
 5.09654e-03  1.96111e-02
 5.16687e-03  1.94770e-02
 5.24778e-03  1.96050e-02

 2.19618e-04  1.93650e-02
 2.19618e-04  2.15738e-02
 1.43935e-04  2.14427e-02
 2.95302e-04  2.14427e-02
 2.19618e-04  2.15738e-02

 6.58854e-04  1.93650e-02
 1.15565e-03  2.15806e-02
 1.05312e-03  2.14693e-02
 1.20082e-03  2.14362e-02
 1.15565e-03  2.15806e-02

 1.09809e-03  1.93650e-02
 1.78278e-03  2.14930e-02
 1.67059e-03  2.13914e-02
 1.81468e-03  2.13450e-02
 1.78278e-03  2.14930e-02

 1.53733e-03  1.93650e-02
 2.54006e-03  2.13509e-02
 2.41341e-03  2.12680e-02
 2.54853e-03  2.11998e-02
 2.54006e-03  2.13509e-02

 1.97656e-03  1.93650e-02
 3.20952e-03  2.11494e-02
 3.07274e-03  2.10846e-02
 3.19727e-03  2.09985e-02
 3.20952e-03  2.11494e-02

 2.41580e-03  1.93650e-02
 3.87914e-03  2.09069e-02
 3.73400e-03  2.08639e-02
 3.84380e-03  2.07597e-02
 3.87914e-03  2.09069e-02

 2.85503e-03  1.93650e-02
 4.50335e-03  2.06322e-02
 4.35329e-03  2.06123e-02
 4.44555e-03  2.04923e-02
 4.50335e-03  2.06322e-02

 3.29427e-03  1.93650e-02
 5.09788e-03  2.03387e-02
 4.94658e-03  2.03430e-02
 5.01848e-03  2.02098e-02
 5.09788e-03  2.03387e-02

 3.73351e-03  1.93650e-02
 5.65322e-03  2.00359e-02
 5.50450e-03  2.00641e-02
 5.55444e-03  1.99212e-02
 5.65322e-03  2.00359e-02

 2.21354e-04  1.99350e-02
 2.21354e-04  2.17300e-02
 1.45671e-04  2.15989e-02
 2.97038e-04  2.15989e-02
 2.21354e-04  2.17300e-02

 6.64062e-04  1.99350e-02
 1.22912e-03  2.17241e-02
 1.11747e-03  2.16219e-02
 1.26181e-03  2.15763e-02
 1.22912e-03  2.17241e-02

 1.10677e-03  1.99350e-02
 1.88676e-03  2.16525e-02
 1.76365e-03  2.15644e-02
 1.90147e-03  2.15018e-02
 1.88676e-03  2.16525e-02

 1.54948e-03  1.99350e-02
 2.69366e-03  2.15331e-02
 2.55581e-03  2.14705e-02
 2.67889e-03  2.13824e-02
 2.69366e-03  2.15331e-02

 1.99219e-03  1.99350e-02
 3.40066e-03  2.13671e-02
 3.25478e-03  2.13267e-02
 3.36270e-03  2.12206e-02
 3.40066e-03  2.13671e-02

 2.43490e-03  1.99350e-02
 4.10795e-03  2.11662e-02
 3.95752e-03  2.11495e-02
 4.04723e-03  2.10276e-02
 4.10795e-03  2.11662e-02

 2.87760e-03  1.99350e-02
 4.76273e-03  2.09391e-02
 4.61145e-03  2.09443e-02
 4.68261e-03  2.08107e-02
 4.76273e-03  2.09391e-02

 3.32031e-03  1.99350e-02
 5.38261e-03  2.06961e-02
 5.23343e-03  2.07218e-02
 5.28584e-03  2.05798e-02
 5.38261e-03  2.06961e-02

 3.76302e-03  1.99350e-02
 5.95610e-03  2.04461e-02
 5.81126e-03  2.04901e-02
 5.84561e-03  2.03426e-02
 5.95610e-03  2.04461e-02

 2.23090e-04  2.05050e-02
 2.23090e-04  2.18742e-02
 1.47407e-04  2.17431e-02
 2.98774e-04  2.17431e-02
 2.23090e-04  2.18742e-02

 6.69271e-04  2.05050e-02
 1.27627e-03  2.18504e-02
 1.15337e-03  2.17621e-02
 1.29135e-03  2.16998e-02
 1.27627e-03  2.18504e-02

 1.11545e-03  2.05050e-02
 1.95243e-03  2.17951e-02
 1.81760e-03  2.17263e-02
 1.94458e-03  2.16439e-02
 1.95243e-03  2.17951e-02

 1.56163e-03  2.05050e-02
 2.78876e-03  2.16984e-02
 2.64202e-03  2.16612e-02
 2.74755e-03  2.15527e-02
 2.78876e-03  2.16984e-02

 2.00781e-03  2.05050e-02
 3.51656e-03  2.15694e-02
 3.36582e-03  2.15557e-02
 3.45308e-03  2.14320e-02
 3.51656e-03  2.15694e-02

 2.45399e-03  2.05050e-02
 4.24406e-03  2.14125e-02
 4.09292e-03  2.14207e-02
 4.16136e-03  2.12857e-02
 4.24406e-03  2.14125e-02

 2.90017e-03  2.05050e-02
 4.91343e-03  2.12360e-02
 4.76438e-03  2.12624e-02
 4.81604e-03  2.11201e-02
 4.91343e-03  2.12360e-02

 3.34635e-03  2.05050e-02
 5.54382e-03  2.10474e-02
 5.39842e-03  2.10895e-02
 5.43469e-03  2.09425e-02
 5.54382e-03  2.10474e-02

 3.79253e-03  2.05050e-02
 6.12237e-03  2.08544e-02
 5.98151e-03  2.09098e-02
 6.00396e-03  2.07601e-02
 6.12237e-03  2.08544e-02

 2.24826e-04  2.10750e-02
 2.24826e-04  2.19485e-02
 1.49143e-04  2.18174e-02
 3.00510e-04  2.18174e-02
 2.24826e-04  2.19485e-02

 6.74479e-04  2.10750e-02
 1.27600e-03  2.19139e-02
 1.13811e-03  2.18514e-02
 1.26112e-03  2.17632e-02
 1.27600e-03  2.19139e-02

 1.12413e-03  2.10750e-02
 1.94863e-03  2.18797e-02
 1.80195e-03  2.18423e-02
 1.90768e-03  2.17340e-02
 1.94863e-03  2.18797e-02

 1.57378e-03  2.10750e-02
 2.78071e-03  2.18143e-02
 2.62939e-03  2.18103e-02
 2.70845e-03  2.16812e-02
 2.78071e-03  2.18143e-02

 2.02344e-03  2.10750e-02
 3.50222e-03  2.17314e-02
 3.35170e-03  2.17474e-02
 3.41311e-03  2.16091e-02
 3.50222e-03  2.17314e-02

 2.47309e-03  2.10750e-02
 4.22312e-03  2.16295e-02
 4.07529e-03  2.16621e-02
 4.12102e-03  2.15178e-02
 4.22312e-03  2.16295e-02

 2.92274e-03  2.10750e-02
 4.88461e-03  2.15157e-02
 4.74012e-03  2.15608e-02
 4.77330e-03  2.14131e-02
 4.88461e-03  2.15157e-02

 3.37240e-03  2.10750e-02
 5.50629e-03  2.13943e-02
 5.36545e-03  2.14498e-02
 5.38785e-03  2.13001e-02
 5.50629e-03  2.13943e-02

 3.82205e-03  2.10750e-02
 6.07522e-03  2.12710e-02
 5.93807e-03  2.13350e-02
 5.95118e-03  2.11842e-02
 6.07522e-03  2.12710e-02

 2.26562e-04  2.16450e-02
 2.26562e-04  2.21485e-02
 1.50879e-04  2.20174e-02
 3.02246e-04  2.20174e-02
 2.26563e-04  2.21485e-02

 6.79687e-04  2.16450e-02
 1.22860e-03  2.20951e-02
 1.07924e-03  2.20705e-02
 1.17523e-03  2.19535e-02
 1.22860e-03  2.20951e-02

 1.13281e-03  2.16450e-02
 1.86634e-03  2.20823e-02
 1.71499e-03  2.20802e-02
 1.79250e-03  2.19501e-02
 1.86634e-03  2.20823e-02

 1.58594e-03  2.16450e-02
 2.65678e-03  2.20387e-02
 2.50763e-03  2.20645e-02
 2.55986e-03  2.19224e-02
 2.65678e-03  2.20387e-02

 2.03906e-03  2.16450e-02
 3.34089e-03  2.19921e-02
 3.19473e-03  2.20315e-02
 3.23373e-03  2.18852e-02
 3.34089e-03  2.19921e-02

 2.49219e-03  2.16450e-02
 4.02599e-03  2.19314e-02
 3.88324e-03  2.19818e-02
 3.91102e-03  2.18330e-02
 4.02599e-03  2.19314e-02

 2.94531e-03  2.16450e-02
 4.65462e-03  2.18655e-02
 4.51493e-03  2.19238e-02
 4.53430e-03  2.17737e-02
 4.65462e-03  2.18655e-02

 3.39844e-03  2.16450e-02
 5.24678e-03  2.17950e-02
 5.11000e-03  2.18599e-02
 5.12224e-03  2.17090e-02
 5.24678e-03  2.17950e-02

 3.85156e-03  2.16450e-02
 5.79004e-03  2.17242e-02
 5.65597e-03  2.17945e-02
 5.66216e-03  2.16433e-02
 5.79004e-03  2.17242e-02

 2.28299e-04  2.22150e-02
 2.28299e-04  2.22150e-02
 3.03982e-04  2.23461e-02
 1.52615e-04  2.23461e-02
 2.28299e-04  2.22150e-02

 6.84896e-04  2.22150e-02
 1.05427e-03  2.22150e-02
 9.23181e-04  2.22907e-02
 9.23181e-04  2.21393e-02
 1.05427e-03  2.22150e-02

 1.14149e-03  2.22150e-02
 1.61595e-03  2.22150e-02
 1.48487e-03  2.22907e-02
 1.48487e-03  2.21393e-02
 1.61595e-03  2.22150e-02

 1.59809e-03  2.22150e-02
 2.29100e-03  2.22150e-02
 2.15991e-03  2.22907e-02
 2.15991e-03  2.21393e-02
 2.29100e-03  2.22150e-02

 2.05469e-03  2.22150e-02
 2.88910e-03  2.22150e-02
 2.75801e-03  2.22907e-02
 2.75801e-03  2.21393e-02
 2.88910e-03  2.22150e-02

 2.51128e-03  2.22150e-02
 3.49086e-03  2.22150e-02
 3.35977e-03  2.22907e-02
 3.35977e-03  2.21393e-02
 3.49086e-03  2.22150e-02

 2.96788e-03  2.22150e-02
 4.05371e-03  2.22150e-02
 3.92263e-03  2.22907e-02
 3.92263e-03  2.21393e-02
 4.05371e-03  2.22150e-02

 3.42448e-03  2.22150e-02
 4.59341e-03  2.22150e-02
 4.46232e-03  2.22907e-02
 4.46232e-03  2.21393e-02
 4.59341e-03  2.22150e-02

 3.88108e-03  2.22150e-02
 5.10087e-03  2.22150e-02
 4.96978e-03  2.22907e-02
 4.96978e-03  2.21393e-02
 5.10087e-03  2.22150e-02

 3.76510e-03  1.13850e-02
 2.67927e-03  1.13850e-02
 2.81036e-03  1.13093e-02
 2.81036e-03  1.14607e-02
 2.67927e-03  1.13850e-02

 4.26406e-03  1.13850e-02
 3.13449e-03  1.13850e-02
 3.26557e-03  1.13093e-02
 3.26557e-03  1.14607e-02
 3.13449e-03  1.13850e-02

 4.76302e-03  1.13850e-02
 3.61649e-03  1.13850e-02
 3.74758e-03  1.13093e-02
 3.74758e-03  1.14607e-02
 3.61649e-03  1.13850e-02

 5.26198e-03  1.13850e-02
 4.12567e-03  1.13850e-02
 4.25676e-03  1.13093e-02
 4.25676e-03  1.14607e-02
 4.12567e-03  1.13850e-02

 5.76094e-03  1.13850e-02
 4.66111e-03  1.13850e-02
 4.79219e-03  1.13093e-02
 4.79219e-03  1.14607e-02
 4.66111e-03  1.13850e-02

 6.25990e-03  1.13850e-02
 5.22144e-03  1.13850e-02
 5.35253e-03  1.13093e-02
 5.35253e-03  1.14607e-02
 5.22144e-03  1.13850e-02

 6.75885e-03  1.13850e-02
 5.80464e-03  1.13850e-02
 5.93572e-03  1.13093e-02
 5.93572e-03  1.14607e-02
 5.80464e-03  1.13850e-02

 7.25781e-03  1.13850e-02
 6.40690e-03  1.13850e-02
 6.53799e-03  1.13093e-02
 6.53799e-03  1.14607e-02
 6.40690e-03  1.13850e-02

 7.75677e-03  1.13850e-02
 7.02536e-03  1.13850e-02
 7.15645e-03  1.13093e-02
 7.15645e-03  1.14607e-02
 7.02536e-03  1.13850e-02

 8.25573e-03  1.13850e-02
 7.65237e-03  1.13850e-02
 7.78346e-03  1.13093e-02
 7.78346e-03  1.14607e-02
 7.65237e-03  1.13850e-02

 8.75469e-03  1.13850e-02
 8.28705e-03  1.13850e-02
 8.41814e-03  1.13093e-02
 8.41814e-03  1.14607e-02
 8.28705e-03  1.13850e-02

 9.25365e-03  1.13850e-02
 8.91262e-03  1.13850e-02
 9.04370e-03  1.13093e-02
 9.04370e-03  1.14607e-02
 8.91262e-03  1.13850e-02

 9.75260e-03  1.13850e-02
 9.54360e-03  1.13850e-02
 9.67469e-03  1.13093e-02
 9.67469e-03  1.14607e-02
 9.54360e-03  1.13850e-02

 1.02516e-02  1.13850e-02
 1.01306e-02  1.13850e-02
 1.02617e-02  1.13093e-02
 1.02617e-02  1.14607e-02
 1.01306e-02  1.13850e-02

 1.07505e-02  1.13850e-02
 1.07505e-02  1.13850e-02
 1.06194e-02  1.14607e-02
 1.06194e-02  1.13093e-02
 1.07505e-02  1.13850e-02

 3.79531e-03  1.19550e-02
 2.04415e-03  1.20983e-02
 2.16863e-03  1.20122e-02
 2.18097e-03  1.21631e-02
 2.04415e-03  1.20983e-02

 4.29219e-03  1.19550e-02
 2.47949e-03  1.20382e-02
 2.60697e-03  1.19566e-02
 2.61391e-03  1.21078e-02
 2.47949e-03  1.20382e-02

 4.78906e-03  1.19550e-02
 2.95866e-03  1.19779e-02
 3.08879e-03  1.19006e-02
 3.09068e-03  1.20520e-02
 2.95866e-03  1.19779e-02

 5.28594e-03  1.19550e-02
 3.48058e-03  1.19185e-02
 3.61317e-03  1.18455e-02
 3.61012e-03  1.19968e-02
 3.48058e-03  1.19185e-02

 5.78281e-03  1.19550e-02
 4.04376e-03  1.18614e-02
 4.17873e-03  1.17928e-02
 4.17059e-03  1.19440e-02
 4.04376e-03  1.18614e-02

 6.27969e-03  1.19550e-02
 4.64545e-03  1.18081e-02
 4.78279e-03  1.17445e-02
 4.76924e-03  1.18952e-02
 4.64545e-03  1.18081e-02

 6.77656e-03  1.19550e-02
 5.28204e-03  1.17607e-02
 5.42179e-03  1.17026e-02
 5.40228e-03  1.18527e-02
 5.28204e-03  1.17607e-02

 7.27344e-03  1.19550e-02
 5.94784e-03  1.17213e-02
 6.09008e-03  1.16695e-02
 6.06380e-03  1.18186e-02
 5.94784e-03  1.17213e-02

 7.77031e-03  1.19550e-02
 6.63779e-03  1.16917e-02
 6.78260e-03  1.16477e-02
 6.74833e-03  1.17951e-02
 6.63779e-03  1.16917e-02

 8.26719e-03  1.19550e-02
 7.34067e-03  1.16744e-02
 7.48807e-03  1.16400e-02
 7.44419e-03  1.17848e-02
 7.34067e-03  1.16744e-02

 8.76406e-03  1.19550e-02
 8.05371e-03  1.16700e-02
 8.20355e-03  1.16486e-02
 8.14719e-03  1.17891e-02
 8.05371e-03  1.16700e-02

 9.26094e-03  1.19550e-02
 8.75280e-03  1.16809e-02
 8.90410e-03  1.16765e-02
 8.83224e-03  1.18098e-02
 8.75280e-03  1.16809e-02

 9.75781e-03  1.19550e-02
 9.45389e-03  1.17046e-02
 9.60319e-03  1.17296e-02
 9.50694e-03  1.18464e-02
 9.45389e-03  1.17046e-02

 1.02547e-02  1.19550e-02
 1.00905e-02  1.17477e-02
 1.02312e-02  1.18034e-02
 1.01125e-02  1.18974e-02
 1.00905e-02  1.17477e-02

 1.07516e-02  1.19550e-02
 1.07516e-02  1.18065e-02
 1.08272e-02  1.19376e-02
 1.06759e-02  1.19376e-02
 1.07516e-02  1.18065e-02

 3.82552e-03  1.25250e-02
 1.73711e-03  1.27372e-02
 1.85988e-03  1.26486e-02
 1.87518e-03  1.27992e-02
 1.73711e-03  1.27372e-02

 4.32031e-03  1.25250e-02
 2.16909e-03  1.26286e-02
 2.29638e-03  1.25467e-02
 2.30366e-03  1.26979e-02
 2.16909e-03  1.26286e-02

 4.81510e-03  1.25250e-02
 2.65268e-03  1.25212e-02
 2.78390e-03  1.24457e-02
 2.78363e-03  1.25971e-02
 2.65268e-03  1.25212e-02

 5.30990e-03  1.25250e-02
 3.18591e-03  1.24167e-02
 3.32069e-03  1.23478e-02
 3.31298e-03  1.24989e-02
 3.18591e-03  1.24167e-02

 5.80469e-03  1.25250e-02
 3.76638e-03  1.23173e-02
 3.90446e-03  1.22553e-02
 3.88912e-03  1.24059e-02
 3.76638e-03  1.23173e-02

 6.29948e-03  1.25250e-02
 4.39014e-03  1.22259e-02
 4.53136e-03  1.21714e-02
 4.50793e-03  1.23209e-02
 4.39014e-03  1.22259e-02

 6.79427e-03  1.25250e-02
 5.05295e-03  1.21453e-02
 5.19715e-03  1.20993e-02
 5.16490e-03  1.22472e-02
 5.05295e-03  1.21453e-02

 7.28906e-03  1.25250e-02
 5.74792e-03  1.20792e-02
 5.89488e-03  1.20429e-02
 5.85282e-03  1.21883e-02
 5.74792e-03  1.20792e-02

 7.78385e-03  1.25250e-02
 6.46931e-03  1.20309e-02
 6.61864e-03  1.20062e-02
 6.56539e-03  1.21479e-02
 6.46931e-03  1.20309e-02

 8.27865e-03  1.25250e-02
 7.20477e-03  1.20041e-02
 7.35575e-03  1.19932e-02
 7.28969e-03  1.21294e-02
 7.20477e-03  1.20041e-02

 8.77344e-03  1.25250e-02
 7.95083e-03  1.20013e-02
 8.10206e-03  1.20079e-02
 8.02077e-03  1.21356e-02
 7.95083e-03  1.20013e-02

 9.26823e-03  1.25250e-02
 8.68126e-03  1.20257e-02
 8.83015e-03  1.20530e-02
 8.73207e-03  1.21683e-02
 8.68126e-03  1.20257e-02

 9.76302e-03  1.25250e-02
 9.41199e-03  1.20778e-02
 9.55246e-03  1.21342e-02
 9.43339e-03  1.22276e-02
 9.41199e-03  1.20778e-02

 1.02578e-02  1.25250e-02
 1.00693e-02  1.21634e-02
 1.01970e-02  1.22446e-02
 1.00628e-02  1.23146e-02
 1.00693e-02  1.21634e-02

 1.07526e-02  1.25250e-02
 1.07526e-02  1.22840e-02
 1.08283e-02  1.24151e-02
 1.06769e-02  1.24151e-02
 1.07526e-02  1.22840e-02

 3.85573e-03  1.30950e-02
 1.63465e-03  1.34187e-02
 1.75345e-03  1.33249e-02
 1.77528e-03  1.34747e-02
 1.63465e-03  1.34187e-02

 4.34844e-03  1.30950e-02
 2.06764e-03  1.32421e-02
 2.19358e-03  1.31582e-02
 2.20333e-03  1.33092e-02
 2.06764e-03  1.32421e-02

 4.84115e-03  1.30950e-02
 2.55505e-03  1.30687e-02
 2.68700e-03  1.29946e-02
 2.68526e-03  1.31459e-02
 2.55505e-03  1.30687e-02

 5.33385e-03  1.30950e-02
 3.09408e-03  1.29014e-02
 3.23120e-03  1.28373e-02
 3.21816e-03  1.29881e-02
 3.09408e-03  1.29014e-02

 5.82656e-03  1.30950e-02
 3.68169e-03  1.27435e-02
 3.82330e-03  1.26900e-02
 3.79881e-03  1.28394e-02
 3.68169e-03  1.27435e-02

 6.31927e-03  1.30950e-02
 4.31358e-03  1.25989e-02
 4.45901e-03  1.25569e-02
 4.42266e-03  1.27039e-02
 4.31358e-03  1.25989e-02

 6.81198e-03  1.30950e-02
 4.98513e-03  1.24723e-02
 5.13363e-03  1.24430e-02
 5.08479e-03  1.25862e-02
 4.98513e-03  1.24723e-02

 7.30469e-03  1.30950e-02
 5.68945e-03  1.23688e-02
 5.84005e-03  1.23535e-02
 5.77797e-03  1.24916e-02
 5.68945e-03  1.23688e-02

 7.79740e-03  1.30950e-02
 6.42064e-03  1.22936e-02
 6.57200e-03  1.22941e-02
 6.49585e-03  1.24249e-02
 6.42064e-03  1.22936e-02

 8.29010e-03  1.30950e-02
 7.16636e-03  1.22522e-02
 7.31664e-03  1.22703e-02
 7.22582e-03  1.23914e-02
 7.16636e-03  1.22522e-02

 8.78281e-03  1.30950e-02
 7.92275e-03  1.22492e-02
 8.06928e-03  1.22872e-02
 7.96315e-03  1.23951e-02
 7.92275e-03  1.22492e-02

 9.27552e-03  1.30950e-02
 8.66318e-03  1.22894e-02
 8.80276e-03  1.23480e-02
 8.68226e-03  1.24396e-02
 8.66318e-03  1.22894e-02

 9.76823e-03  1.30950e-02
 9.40304e-03  1.23758e-02
 9.52987e-03  1.24584e-02
 9.39490e-03  1.25269e-02
 9.40304e-03  1.23758e-02

 1.02609e-02  1.30950e-02
 1.00666e-02  1.25142e-02
 1.01799e-02  1.26145e-02
 1.00364e-02  1.26625e-02
 1.00666e-02  1.25142e-02

 1.07536e-02  1.30950e-02
 1.07536e-02  1.27137e-02
 1.08293e-02  1.28448e-02
 1.06780e-02  1.28448e-02
 1.07536e-02  1.27137e-02

 3.88594e-03  1.36650e-02
 1.71965e-03  1.40675e-02
 1.83470e-03  1.39692e-02
 1.86236e-03  1.41180e-02
 1.71965e-03  1.40675e-02

 4.37656e-03  1.36650e-02
 2.15684e-03  1.38301e-02
 2.28196e-03  1.37449e-02
 2.29318e-03  1.38958e-02
 2.15684e-03  1.38301e-02

 4.86719e-03  1.36650e-02
 2.64610e-03  1.35986e-02
 2.77939e-03  1.35269e-02
 2.77487e-03  1.36782e-02
 2.64610e-03  1.35986e-02

 5.35781e-03  1.36650e-02
 3.18456e-03  1.33769e-02
 3.32446e-03  1.33191e-02
 3.30457e-03  1.34691e-02
 3.18456e-03  1.33769e-02

 5.84844e-03  1.36650e-02
 3.76881e-03  1.31688e-02
 3.91388e-03  1.31256e-02
 3.87875e-03  1.32729e-02
 3.76881e-03  1.31688e-02

 6.33906e-03  1.36650e-02
 4.39483e-03  1.29793e-02
 4.54363e-03  1.29516e-02
 4.49328e-03  1.30943e-02
 4.39483e-03  1.29793e-02

 6.82969e-03  1.36650e-02
 5.05809e-03  1.28139e-02
 5.20902e-03  1.28025e-02
 5.14348e-03  1.29389e-02
 5.05809e-03  1.28139e-02

 7.32031e-03  1.36650e-02
 5.75223e-03  1.26791e-02
 5.90349e-03  1.26848e-02
 5.82292e-03  1.28129e-02
 5.75223e-03  1.26791e-02

 7.81094e-03  1.36650e-02
 6.47210e-03  1.25815e-02
 6.62161e-03  1.26051e-02
 6.52639e-03  1.27228e-02
 6.47210e-03  1.25815e-02

 8.30156e-03  1.36650e-02
 7.20612e-03  1.25284e-02
 7.35158e-03  1.25703e-02
 7.24259e-03  1.26753e-02
 7.20612e-03  1.25284e-02

 8.79219e-03  1.36650e-02
 7.95134e-03  1.25265e-02
 8.09010e-03  1.25870e-02
 7.96834e-03  1.26769e-02
 7.95134e-03  1.25265e-02

 9.28281e-03  1.36650e-02
 8.68184e-03  1.25823e-02
 8.81163e-03  1.26602e-02
 8.67928e-03  1.27336e-02
 8.68184e-03  1.25823e-02

 9.77344e-03  1.36650e-02
 9.41336e-03  1.27019e-02
 9.53015e-03  1.27981e-02
 9.38837e-03  1.28511e-02
 9.41336e-03  1.27019e-02

 1.02641e-02  1.36650e-02
 1.00707e-02  1.28909e-02
 1.01759e-02  1.29997e-02
 1.00290e-02  1.30364e-02
 1.00707e-02  1.28909e-02

 1.07547e-02  1.36650e-02
 1.07547e-02  1.31635e-02
 1.08304e-02  1.32946e-02
 1.06790e-02  1.32946e-02
 1.07547e-02  1.31635e-02

 3.91615e-03  1.42350e-02
 1.93899e-03  1.47159e-02
 2.04848e-03  1.46114e-02
 2.08425e-03  1.47585e-02
 1.93899e-03  1.47159e-02

 4.40469e-03  1.42350e-02
 2.38023e-03  1.44187e-02
 2.50394e-03  1.43315e-02
 2.51762e-03  1.44823e-02
 2.38023e-03  1.44187e-02

 4.89323e-03  1.42350e-02
 2.86824e-03  1.41306e-02
 3.00305e-03  1.40618e-02
 2.99526e-03  1.42130e-02
 2.86824e-03  1.41306e-02

 5.38177e-03  1.42350e-02
 3.40023e-03  1.38558e-02
 3.54320e-03  1.38061e-02
 3.51475e-03  1.39548e-02
 3.40023e-03  1.38558e-02

 5.87031e-03  1.42350e-02
 3.97300e-03  1.35989e-02
 4.12135e-03  1.35689e-02
 4.07324e-03  1.37124e-02
 3.97300e-03  1.35989e-02

 6.35885e-03  1.42350e-02
 4.58294e-03  1.33655e-02
 4.73396e-03  1.33551e-02
 4.66739e-03  1.34911e-02
 4.58294e-03  1.33655e-02

 6.84740e-03  1.42350e-02
 5.22610e-03  1.31620e-02
 5.37719e-03  1.31713e-02
 5.29365e-03  1.32975e-02
 5.22610e-03  1.31620e-02

 7.33594e-03  1.42350e-02
 5.89719e-03  1.29959e-02
 6.04591e-03  1.30241e-02
 5.94713e-03  1.31388e-02
 5.89719e-03  1.29959e-02

 7.82448e-03  1.42350e-02
 6.59175e-03  1.28754e-02
 6.73587e-03  1.29217e-02
 6.62373e-03  1.30234e-02
 6.59175e-03  1.28754e-02

 8.31302e-03  1.42350e-02
 7.30007e-03  1.28092e-02
 7.43769e-03  1.28722e-02
 7.31430e-03  1.29599e-02
 7.30007e-03  1.28092e-02

 8.80156e-03  1.42350e-02
 8.01990e-03  1.28064e-02
 8.14922e-03  1.28851e-02
 8.01643e-03  1.29577e-02
 8.01990e-03  1.28064e-02

 9.29010e-03  1.42350e-02
 8.72782e-03  1.28750e-02
 8.84785e-03  1.29673e-02
 8.70797e-03  1.30251e-02
 8.72782e-03  1.28750e-02

 9.77865e-03  1.42350e-02
 9.43924e-03  1.30247e-02
 9.54751e-03  1.31305e-02
 9.40177e-03  1.31713e-02
 9.43924e-03  1.30247e-02

 1.02672e-02  1.42350e-02
 1.00832e-02  1.32607e-02
 1.01819e-02  1.33755e-02
 1.00332e-02  1.34036e-02
 1.00832e-02  1.32607e-02

 1.07557e-02  1.42350e-02
 1.07557e-02  1.36055e-02
 1.08314e-02  1.37366e-02
 1.06800e-02  1.37366e-02
 1.07557e-02  1.36055e-02

 3.94635e-03  1.48050e-02
 2.26853e-03  1.53448e-02
 2.37014e-03  1.52326e-02
 2.41650e-03  1.53767e-02
 2.26853e-03  1.53448e-02

 4.43281e-03  1.48050e-02
 2.71427e-03  1.49979e-02
 2.83609e-03  1.49081e-02
 2.85298e-03  1.50585e-02
 2.71427e-03  1.49979e-02

 4.91927e-03  1.48050e-02
 3.19906e-03  1.46629e-02
 3.33593e-03  1.45983e-02
 3.32347e-03  1.47491e-02
 3.19906e-03  1.46629e-02

 5.40573e-03  1.48050e-02
 3.72064e-03  1.43444e-02
 3.86704e-03  1.43060e-02
 3.82713e-03  1.44520e-02
 3.72064e-03  1.43444e-02

 5.89219e-03  1.48050e-02
 4.27612e-03  1.40476e-02
 4.42693e-03  1.40347e-02
 4.36270e-03  1.41717e-02
 4.27612e-03  1.40476e-02

 6.37865e-03  1.48050e-02
 4.86255e-03  1.37781e-02
 5.01353e-03  1.37890e-02
 4.92865e-03  1.39143e-02
 4.86255e-03  1.37781e-02

 6.86510e-03  1.48050e-02
 5.47677e-03  1.35432e-02
 5.62468e-03  1.35754e-02
 5.52287e-03  1.36874e-02
 5.47677e-03  1.35432e-02

 7.35156e-03  1.48050e-02
 6.11452e-03  1.33510e-02
 6.25710e-03  1.34018e-02
 6.14182e-03  1.34999e-02
 6.11452e-03  1.33510e-02

 7.83802e-03  1.48050e-02
 6.77270e-03  1.32109e-02
 6.90846e-03  1.32778e-02
 6.78261e-03  1.33619e-02
 6.77270e-03  1.32109e-02

 8.32448e-03  1.48050e-02
 7.44337e-03  1.31326e-02
 7.57143e-03  1.32133e-02
 7.43752e-03  1.32839e-02
 7.44337e-03  1.31326e-02

 8.81094e-03  1.48050e-02
 8.12565e-03  1.31276e-02
 8.24529e-03  1.32204e-02
 8.10516e-03  1.32776e-02
 8.12565e-03  1.31276e-02

 9.29740e-03  1.48050e-02
 8.79965e-03  1.32052e-02
 8.91086e-03  1.33079e-02
 8.76633e-03  1.33529e-02
 8.79965e-03  1.32052e-02

 9.78385e-03  1.48050e-02
 9.48001e-03  1.33789e-02
 9.58135e-03  1.34913e-02
 9.43330e-03  1.35229e-02
 9.48001e-03  1.33789e-02

 1.02703e-02  1.48050e-02
 1.01031e-02  1.36538e-02
 1.01969e-02  1.37726e-02
 1.00471e-02  1.37944e-02
 1.01031e-02  1.36538e-02

 1.07568e-02  1.48050e-02
 1.07568e-02  1.40614e-02
 1.08325e-02  1.41925e-02
 1.06811e-02  1.41925e-02
 1.07568e-02  1.40614e-02

 3.97656e-03  1.53750e-02
 2.67897e-03  1.59621e-02
 2.76720e-03  1.58391e-02
 2.82960e-03  1.59770e-02
 2.67897e-03  1.59621e-02

 4.46094e-03  1.53750e-02
 3.12974e-03  1.55750e-02
 3.24813e-03  1.54806e-02
 3.27062e-03  1.56303e-02
 3.12974e-03  1.55750e-02

 4.94531e-03  1.53750e-02
 3.61063e-03  1.52020e-02
 3.75036e-03  1.51438e-02
 3.73090e-03  1.52939e-02
 3.61063e-03  1.52020e-02

 5.42969e-03  1.53750e-02
 4.11968e-03  1.48482e-02
 4.26954e-03  1.48269e-02
 4.21307e-03  1.49673e-02
 4.11968e-03  1.48482e-02

 5.91406e-03  1.53750e-02
 4.65477e-03  1.45189e-02
 4.80572e-03  1.45300e-02
 4.72063e-03  1.46552e-02
 4.65477e-03  1.45189e-02

 6.39844e-03  1.53750e-02
 5.21339e-03  1.42204e-02
 5.36009e-03  1.42576e-02
 5.25446e-03  1.43661e-02
 5.21339e-03  1.42204e-02

 6.88281e-03  1.53750e-02
 5.79327e-03  1.39598e-02
 5.93321e-03  1.40175e-02
 5.81327e-03  1.41098e-02
 5.79327e-03  1.39598e-02

 7.36719e-03  1.53750e-02
 6.39132e-03  1.37458e-02
 6.52361e-03  1.38194e-02
 6.39376e-03  1.38972e-02
 6.39132e-03  1.37458e-02

 7.85156e-03  1.53750e-02
 7.00565e-03  1.35887e-02
 7.13015e-03  1.36748e-02
 6.99335e-03  1.37396e-02
 7.00565e-03  1.35887e-02

 8.33594e-03  1.53750e-02
 7.63054e-03  1.34990e-02
 7.74752e-03  1.35951e-02
 7.60583e-03  1.36484e-02
 7.63054e-03  1.34990e-02

 8.82031e-03  1.53750e-02
 8.26613e-03  1.34900e-02
 8.37571e-03  1.35944e-02
 8.23049e-03  1.36371e-02
 8.26613e-03  1.34900e-02

 9.30469e-03  1.53750e-02
 8.89722e-03  1.35720e-02
 8.99993e-03  1.36832e-02
 8.85229e-03  1.37165e-02
 8.89722e-03  1.35720e-02

 9.78906e-03  1.53750e-02
 9.53682e-03  1.37627e-02
 9.63185e-03  1.38805e-02
 9.48231e-03  1.39039e-02
 9.53682e-03  1.37627e-02

 1.02734e-02  1.53750e-02
 1.01324e-02  1.40670e-02
 1.02217e-02  1.41892e-02
 1.00712e-02  1.42054e-02
 1.01324e-02  1.40670e-02

 1.07578e-02  1.53750e-02
 1.07578e-02  1.45279e-02
 1.08335e-02  1.46590e-02
 1.06821e-02  1.46590e-02
 1.07578e-02  1.45279e-02

 4.00677e-03  1.59450e-02
 3.15132e-03  1.65616e-02
 3.21341e-03  1.64235e-02
 3.30192e-03  1.65463e-02
 3.15132e-03  1.65616e-02

 4.48906e-03  1.59450e-02
 3.60864e-03  1.61464e-02
 3.71955e-03  1.60434e-02
 3.75330e-03  1.61909e-02
 3.60864e-03  1.61464e-02

 4.97135e-03  1.59450e-02
 4.08616e-03  1.57470e-02
 4.23061e-03  1.57018e-02
 4.19757e-03  1.58495e-02
 4.08616e-03  1.57470e-02

 5.45365e-03  1.59450e-02
 4.58253e-03  1.53689e-02
 4.73362e-03  1.53781e-02
 4.65012e-03  1.55043e-02
 4.58253e-03  1.53689e-02

 5.93594e-03  1.59450e-02
 5.09593e-03  1.50176e-02
 5.24002e-03  1.50639e-02
 5.12783e-03  1.51655e-02
 5.09593e-03  1.50176e-02

 6.41823e-03  1.59450e-02
 5.62469e-03  1.46991e-02
 5.75894e-03  1.47690e-02
 5.63127e-03  1.48503e-02
 5.62469e-03  1.46991e-02

 6.90052e-03  1.59450e-02
 6.16716e-03  1.44211e-02
 6.29220e-03  1.45064e-02
 6.15580e-03  1.45721e-02
 6.16716e-03  1.44211e-02

 7.38281e-03  1.59450e-02
 6.72142e-03  1.41922e-02
 6.83851e-03  1.42881e-02
 6.69689e-03  1.43415e-02
 6.72142e-03  1.41922e-02

 7.86510e-03  1.59450e-02
 7.28651e-03  1.40228e-02
 7.39677e-03  1.41265e-02
 7.25182e-03  1.41701e-02
 7.28651e-03  1.40228e-02

 8.34740e-03  1.59450e-02
 7.85924e-03  1.39240e-02
 7.96358e-03  1.40337e-02
 7.81645e-03  1.40692e-02
 7.85924e-03  1.39240e-02

 8.82969e-03  1.59450e-02
 8.44058e-03  1.39102e-02
 8.53954e-03  1.40247e-02
 8.39087e-03  1.40531e-02
 8.44058e-03  1.39102e-02

 9.31198e-03  1.59450e-02
 9.02083e-03  1.39927e-02
 9.11502e-03  1.41112e-02
 8.96531e-03  1.41335e-02
 9.02083e-03  1.39927e-02

 9.79427e-03  1.59450e-02
 9.61038e-03  1.41929e-02
 9.69934e-03  1.43153e-02
 9.54880e-03  1.43311e-02
 9.61038e-03  1.41929e-02

 1.02766e-02  1.59450e-02
 1.01713e-02  1.45155e-02
 1.02564e-02  1.46407e-02
 1.01055e-02  1.46518e-02
 1.01713e-02  1.45155e-02

 1.07589e-02  1.59450e-02
 1.07589e-02  1.50158e-02
 1.08345e-02  1.51469e-02
 1.06832e-02  1.51469e-02
 1.07589e-02  1.50158e-02

 4.03698e-03  1.65150e-02
 3.66570e-03  1.71433e-02
 3.66723e-03  1.69919e-02
 3.79755e-03  1.70689e-02
 3.66570e-03  1.71433e-02

 4.51719e-03  1.65150e-02
 4.13153e-03  1.67124e-02
 4.21374e-03  1.65853e-02
 4.28271e-03  1.67200e-02
 4.13153e-03  1.67124e-02

 4.99740e-03  1.65150e-02
 4.60713e-03  1.62984e-02
 4.75847e-03  1.62959e-02
 4.68503e-03  1.64282e-02
 4.60713e-03  1.62984e-02

 5.47760e-03  1.65150e-02
 5.09148e-03  1.59071e-02
 5.22565e-03  1.59772e-02
 5.09788e-03  1.60583e-02
 5.09148e-03  1.59071e-02

 5.95781e-03  1.65150e-02
 5.58346e-03  1.55441e-02
 5.70124e-03  1.56392e-02
 5.56000e-03  1.56937e-02
 5.58346e-03  1.55441e-02

 6.43802e-03  1.65150e-02
 6.08183e-03  1.52156e-02
 6.18948e-03  1.53220e-02
 6.04350e-03  1.53620e-02
 6.08183e-03  1.52156e-02

 6.91823e-03  1.65150e-02
 6.58561e-03  1.49288e-02
 6.68658e-03  1.50416e-02
 6.53844e-03  1.50727e-02
 6.58561e-03  1.49288e-02

 7.39844e-03  1.65150e-02
 7.09393e-03  1.46922e-02
 7.19017e-03  1.48091e-02
 7.04088e-03  1.48340e-02
 7.09393e-03  1.46922e-02

 7.87865e-03  1.65150e-02
 7.60668e-03  1.45162e-02
 7.69934e-03  1.46359e-02
 7.54936e-03  1.46563e-02
 7.60668e-03  1.45162e-02

 8.35885e-03  1.65150e-02
 8.12315e-03  1.44116e-02
 8.21296e-03  1.45334e-02
 8.06253e-03  1.45503e-02
 8.12315e-03  1.44116e-02

 8.83906e-03  1.65150e-02
 8.64485e-03  1.43935e-02
 8.73217e-03  1.45172e-02
 8.58143e-03  1.45310e-02
 8.64485e-03  1.43935e-02

 9.31927e-03  1.65150e-02
 9.16821e-03  1.44734e-02
 9.25336e-03  1.45986e-02
 9.10241e-03  1.46098e-02
 9.16821e-03  1.44734e-02

 9.79948e-03  1.65150e-02
 9.69990e-03  1.46759e-02
 9.78256e-03  1.48027e-02
 9.63142e-03  1.48109e-02
 9.69990e-03  1.46759e-02

 1.02797e-02  1.65150e-02
 1.02201e-02  1.50056e-02
 1.03009e-02  1.51336e-02
 1.01496e-02  1.51396e-02
 1.02201e-02  1.50056e-02

 1.07599e-02  1.65150e-02
 1.07599e-02  1.55297e-02
 1.08356e-02  1.56608e-02
 1.06842e-02  1.56608e-02
 1.07599e-02  1.55297e-02

 4.06719e-03  1.70850e-02
 4.20495e-03  1.77037e-02
 4.10258e-03  1.75922e-02
 4.25033e-03  1.75593e-02
 4.20495e-03  1.77037e-02

 4.54531e-03  1.70850e-02
 4.68114e-03  1.72702e-02
 4.54258e-03  1.72092e-02
 4.66463e-03  1.71197e-02
 4.68114e-03  1.72702e-02

 5.02344e-03  1.70850e-02
 5.15634e-03  1.68542e-02
 5.15652e-03  1.70055e-02
 5.02534e-03  1.69300e-02
 5.15634e-03  1.68542e-02

 5.50156e-03  1.70850e-02
 5.62993e-03  1.64617e-02
 5.67761e-03  1.66054e-02
 5.52936e-03  1.65748e-02
 5.62993e-03  1.64617e-02

 5.97969e-03  1.70850e-02
 6.10120e-03  1.60985e-02
 6.16029e-03  1.62379e-02
 6.01006e-03  1.62194e-02
 6.10120e-03  1.60985e-02

 6.45781e-03  1.70850e-02
 6.56947e-03  1.57707e-02
 6.63378e-03  1.59077e-02
 6.48296e-03  1.58949e-02
 6.56947e-03  1.57707e-02

 6.93594e-03  1.70850e-02
 7.03427e-03  1.54851e-02
 7.10177e-03  1.56205e-02
 6.95069e-03  1.56112e-02
 7.03427e-03  1.54851e-02

 7.41406e-03  1.70850e-02
 7.49582e-03  1.52494e-02
 7.56560e-03  1.53838e-02
 7.41438e-03  1.53770e-02
 7.49582e-03  1.52494e-02

 7.89219e-03  1.70850e-02
 7.95474e-03  1.50738e-02
 8.02631e-03  1.52072e-02
 7.87502e-03  1.52025e-02
 7.95474e-03  1.50738e-02

 8.37031e-03  1.70850e-02
 8.41274e-03  1.49681e-02
 8.48579e-03  1.51007e-02
 8.33445e-03  1.50977e-02
 8.41274e-03  1.49681e-02

 8.84844e-03  1.70850e-02
 8.87157e-03  1.49475e-02
 8.94583e-03  1.50794e-02
 8.79447e-03  1.50777e-02
 8.87157e-03  1.49475e-02

 9.32656e-03  1.70850e-02
 9.33411e-03  1.50230e-02
 9.40932e-03  1.51544e-02
 9.25795e-03  1.51538e-02
 9.33411e-03  1.50230e-02

 9.80469e-03  1.70850e-02
 9.80228e-03  1.52214e-02
 9.87813e-03  1.53524e-02
 9.72677e-03  1.53526e-02
 9.80228e-03  1.52214e-02

 1.02828e-02  1.70850e-02
 1.02769e-02  1.55473e-02
 1.03531e-02  1.56781e-02
 1.02017e-02  1.56786e-02
 1.02769e-02  1.55473e-02

 1.07609e-02  1.70850e-02
 1.07609e-02  1.60766e-02
 1.08366e-02  1.62077e-02
 1.06853e-02  1.62077e-02
 1.07609e-02  1.60766e-02

 4.09740e-03  1.76550e-02
 4.74950e-03  1.82413e-02
 4.60142e-03  1.82099e-02
 4.70262e-03  1.80974e-02
 4.74950e-03  1.82413e-02

 4.57344e-03  1.76550e-02
 5.23725e-03  1.78185e-02
 5.09186e-03  1.78607e-02
 5.12807e-03  1.77137e-02
 5.23725e-03  1.78185e-02

 5.04948e-03  1.76550e-02
 5.71316e-03  1.74134e-02
 5.61586e-03  1.75294e-02
 5.56409e-03  1.73871e-02
 5.71316e-03  1.74134e-02

 5.52552e-03  1.76550e-02
 6.17692e-03  1.70322e-02
 6.13447e-03  1.71775e-02
 6.02987e-03  1.70681e-02
 6.17692e-03  1.70322e-02

 6.00156e-03  1.76550e-02
 6.62824e-03  1.66808e-02
 6.62098e-03  1.68320e-02
 6.49367e-03  1.67501e-02
 6.62824e-03  1.66808e-02

 6.47760e-03  1.76550e-02
 7.06700e-03  1.63647e-02
 7.08138e-03  1.65154e-02
 6.94370e-03  1.64525e-02
 7.06700e-03  1.63647e-02

 6.95365e-03  1.76550e-02
 7.49334e-03  1.60905e-02
 7.52214e-03  1.62391e-02
 7.37904e-03  1.61897e-02
 7.49334e-03  1.60905e-02

 7.42969e-03  1.76550e-02
 7.90852e-03  1.58650e-02
 7.94776e-03  1.60112e-02
 7.80153e-03  1.59721e-02
 7.90852e-03  1.58650e-02

 7.90573e-03  1.76550e-02
 8.31386e-03  1.56971e-02
 8.36120e-03  1.58408e-02
 8.21302e-03  1.58100e-02
 8.31386e-03  1.56971e-02

 8.38177e-03  1.76550e-02
 8.71345e-03  1.55957e-02
 8.76733e-03  1.57372e-02
 8.61789e-03  1.57131e-02
 8.71345e-03  1.55957e-02

 8.85781e-03  1.76550e-02
 9.10894e-03  1.55752e-02
 9.16836e-03  1.57144e-02
 9.01809e-03  1.56963e-02
 9.10894e-03  1.55752e-02

 9.33385e-03  1.76550e-02
 9.50968e-03  1.56458e-02
 9.57365e-03  1.57829e-02
 9.42286e-03  1.57697e-02
 9.50968e-03  1.56458e-02

 9.80990e-03  1.76550e-02
 9.91205e-03  1.58346e-02
 9.98027e-03  1.59697e-02
 9.82914e-03  1.59612e-02
 9.91205e-03  1.58346e-02

 1.02859e-02  1.76550e-02
 1.03389e-02  1.61463e-02
 1.04099e-02  1.62800e-02
 1.02587e-02  1.62747e-02
 1.03389e-02  1.61463e-02

 1.07620e-02  1.76550e-02
 1.07620e-02  1.66614e-02
 1.08377e-02  1.67924e-02
 1.06863e-02  1.67924e-02
 1.07620e-02  1.66614e-02

 4.12760e-03  1.82250e-02
 5.27943e-03  1.87554e-02
 5.12870e-03  1.87694e-02
 5.19202e-03  1.86319e-02
 5.27943e-03  1.87554e-02

 4.60156e-03  1.82250e-02
 5.77852e-03  1.83563e-02
 5.63985e-03  1.84170e-02
 5.65663e-03  1.82666e-02
 5.77852e-03  1.83563e-02

 5.07552e-03  1.82250e-02
 6.25497e-03  1.79748e-02
 6.14245e-03  1.80760e-02
 6.11103e-03  1.79279e-02
 6.25497e-03  1.79748e-02

 5.54948e-03  1.82250e-02
 6.70895e-03  1.76172e-02
 6.62799e-03  1.77451e-02
 6.55771e-03  1.76110e-02
 6.70895e-03  1.76172e-02

 6.02344e-03  1.82250e-02
 7.14053e-03  1.72892e-02
 7.08864e-03  1.74314e-02
 6.99144e-03  1.73153e-02
 7.14053e-03  1.72892e-02

 6.49740e-03  1.82250e-02
 7.55023e-03  1.69960e-02
 7.52242e-03  1.71448e-02
 7.40747e-03  1.70463e-02
 7.55023e-03  1.69960e-02

 6.97135e-03  1.82250e-02
 7.93904e-03  1.67432e-02
 7.93073e-03  1.68943e-02
 7.80400e-03  1.68116e-02
 7.93904e-03  1.67432e-02

 7.44531e-03  1.82250e-02
 8.30932e-03  1.65366e-02
 8.31697e-03  1.66878e-02
 8.18222e-03  1.66188e-02
 8.30932e-03  1.65366e-02

 7.91927e-03  1.82250e-02
 8.66305e-03  1.63837e-02
 8.68413e-03  1.65336e-02
 8.54378e-03  1.64769e-02
 8.66305e-03  1.63837e-02

 8.39323e-03  1.82250e-02
 9.00663e-03  1.62922e-02
 9.03911e-03  1.64400e-02
 8.89484e-03  1.63942e-02
 9.00663e-03  1.62922e-02

 8.86719e-03  1.82250e-02
 9.34143e-03  1.62748e-02
 9.38399e-03  1.64200e-02
 9.23691e-03  1.63843e-02
 9.34143e-03  1.62748e-02

 9.34115e-03  1.82250e-02
 9.68281e-03  1.63406e-02
 9.73389e-03  1.64830e-02
 9.58496e-03  1.64560e-02
 9.68281e-03  1.63406e-02

 9.81510e-03  1.82250e-02
 1.00213e-02  1.65155e-02
 1.00808e-02  1.66547e-02
 9.93050e-03  1.66365e-02
 1.00213e-02  1.65155e-02

 1.02891e-02  1.82250e-02
 1.04012e-02  1.68041e-02
 1.04664e-02  1.69408e-02
 1.03155e-02  1.69288e-02
 1.04012e-02  1.68041e-02

 1.07630e-02  1.82250e-02
 1.07630e-02  1.72851e-02
 1.08387e-02  1.74162e-02
 1.06873e-02  1.74162e-02
 1.07630e-02  1.72851e-02

 4.15781e-03  1.87950e-02
 5.76874e-03  1.92478e-02
 5.62206e-03  1.92852e-02
 5.66302e-03  1.91394e-02
 5.76874e-03  1.92478e-02

 4.62969e-03  1.87950e-02
 6.27694e-03  1.88857e-02
 6.14189e-03  1.89540e-02
 6.15021e-03  1.88029e-02
 6.27694e-03  1.88857e-02

 5.10156e-03  1.87950e-02
 6.75245e-03  1.85408e-02
 6.63440e-03  1.86355e-02
 6.61137e-03  1.84859e-02
 6.75245e-03  1.85408e-02

 5.57344e-03  1.87950e-02
 7.19556e-03  1.82193e-02
 7.09734e-03  1.83345e-02
 7.04671e-03  1.81918e-02
 7.19556e-03  1.82193e-02

 6.04531e-03  1.87950e-02
 7.60719e-03  1.79265e-02
 7.52941e-03  1.80563e-02
 7.45584e-03  1.79240e-02
 7.60719e-03  1.79265e-02

 6.51719e-03  1.87950e-02
 7.98870e-03  1.76667e-02
 7.93073e-03  1.78065e-02
 7.83862e-03  1.76864e-02
 7.98870e-03  1.76667e-02

 6.98906e-03  1.87950e-02
 8.34183e-03  1.74447e-02
 8.30252e-03  1.75909e-02
 8.19558e-03  1.74838e-02
 8.34183e-03  1.74447e-02

 7.46094e-03  1.87950e-02
 8.67028e-03  1.72651e-02
 8.64837e-03  1.74148e-02
 8.52962e-03  1.73210e-02
 8.67028e-03  1.72651e-02

 7.93281e-03  1.87950e-02
 8.97679e-03  1.71337e-02
 8.97112e-03  1.72850e-02
 8.84296e-03  1.72045e-02
 8.97679e-03  1.71337e-02

 8.40469e-03  1.87950e-02
 9.26975e-03  1.70569e-02
 9.27910e-03  1.72079e-02
 9.14359e-03  1.71405e-02
 9.26975e-03  1.70569e-02

 8.87656e-03  1.87950e-02
 9.55033e-03  1.70450e-02
 9.57386e-03  1.71946e-02
 9.43260e-03  1.71402e-02
 9.55033e-03  1.70450e-02

 9.34844e-03  1.87950e-02
 9.83894e-03  1.71064e-02
 9.87506e-03  1.72533e-02
 9.72970e-03  1.72111e-02
 9.83894e-03  1.71064e-02

 9.82031e-03  1.87950e-02
 1.01206e-02  1.72635e-02
 1.01697e-02  1.74067e-02
 1.00211e-02  1.73775e-02
 1.01206e-02  1.72635e-02

 1.02922e-02  1.87950e-02
 1.04585e-02  1.75214e-02
 1.05166e-02  1.76612e-02
 1.03665e-02  1.76416e-02
 1.04585e-02  1.75214e-02

 1.07641e-02  1.87950e-02
 1.07641e-02  1.79495e-02
 1.08397e-02  1.80806e-02
 1.06884e-02  1.80806e-02
 1.07641e-02  1.79495e-02

 4.18802e-03  1.93650e-02
 6.19045e-03  1.97231e-02
 6.04809e-03  1.97745e-02
 6.07473e-03  1.96255e-02
 6.19045e-03  1.97231e-02

 4.65781e-03  1.93650e-02
 6.70286e-03  1.94089e-02
 6.57017e-03  1.94818e-02
 6.57342e-03  1.93304e-02
 6.70286e-03  1.94089e-02

 5.12760e-03  1.93650e-02
 7.17371e-03  1.91114e-02
 7.05292e-03  1.92026e-02
 7.03431e-03  1.90524e-02
 7.17371e-03  1.91114e-02

 5.59740e-03  1.93650e-02
 7.60376e-03  1.88361e-02
 7.49630e-03  1.89427e-02
 7.45772e-03  1.87963e-02
 7.60376e-03  1.88361e-02

 6.06719e-03  1.93650e-02
 7.99477e-03  1.85876e-02
 7.90151e-03  1.87068e-02
 7.84489e-03  1.85664e-02
 7.99477e-03  1.85876e-02

 6.53698e-03  1.93650e-02
 8.34907e-03  1.83695e-02
 8.27062e-03  1.84990e-02
 8.19774e-03  1.83663e-02
 8.34907e-03  1.83695e-02

 7.00677e-03  1.93650e-02
 8.66939e-03  1.81853e-02
 8.60627e-03  1.83229e-02
 8.51868e-03  1.81995e-02
 8.66939e-03  1.81853e-02

 7.47656e-03  1.93650e-02
 8.96094e-03  1.80383e-02
 8.91364e-03  1.81821e-02
 8.81277e-03  1.80692e-02
 8.96094e-03  1.80383e-02

 7.94635e-03  1.93650e-02
 9.22715e-03  1.79327e-02
 9.19618e-03  1.80809e-02
 9.08335e-03  1.79800e-02
 9.22715e-03  1.79327e-02

 8.41615e-03  1.93650e-02
 9.47821e-03  1.78734e-02
 9.46383e-03  1.80240e-02
 9.34053e-03  1.79362e-02
 9.47821e-03  1.78734e-02

 8.88594e-03  1.93650e-02
 9.71497e-03  1.78686e-02
 9.71765e-03  1.80199e-02
 9.58524e-03  1.79466e-02
 9.71497e-03  1.78686e-02

 9.35573e-03  1.93650e-02
 9.96165e-03  1.79253e-02
 9.98056e-03  1.80755e-02
 9.84104e-03  1.80168e-02
 9.96165e-03  1.79253e-02

 9.82552e-03  1.93650e-02
 1.01988e-02  1.80617e-02
 1.02355e-02  1.82085e-02
 1.00900e-02  1.81668e-02
 1.01988e-02  1.80617e-02

 1.02953e-02  1.93650e-02
 1.05036e-02  1.82833e-02
 1.05531e-02  1.84264e-02
 1.04045e-02  1.83977e-02
 1.05036e-02  1.82833e-02

 1.07651e-02  1.93650e-02
 1.07651e-02  1.86440e-02
 1.08408e-02  1.87751e-02
 1.06894e-02  1.87751e-02
 1.07651e-02  1.86440e-02

 4.21823e-03  1.99350e-02
 6.50130e-03  2.01901e-02
 6.36261e-03  2.02508e-02
 6.37943e-03  2.01004e-02
 6.50130e-03  2.01901e-02

 4.68594e-03  1.99350e-02
 7.01146e-03  1.99361e-02
 6.88034e-03  2.00117e-02
 6.88041e-03  1.98603e-02
 7.01146e-03  1.99361e-02

 5.15365e-03  1.99350e-02
 7.47342e-03  1.96973e-02
 7.35073e-03  1.97859e-02
 7.33530e-03  1.96353e-02
 7.47342e-03  1.96973e-02

 5.62135e-03  1.99350e-02
 7.88860e-03  1.94784e-02
 7.77504e-03  1.95784e-02
 7.74515e-03  1.94301e-02
 7.88860e-03  1.94784e-02

 6.08906e-03  1.99350e-02
 8.25966e-03  1.92829e-02
 8.15589e-03  1.93931e-02
 8.11235e-03  1.92482e-02
 8.25966e-03  1.92829e-02

 6.55677e-03  1.99350e-02
 8.59016e-03  1.91136e-02
 8.49696e-03  1.92329e-02
 8.44027e-03  1.90925e-02
 8.59016e-03  1.91136e-02

 7.02448e-03  1.99350e-02
 8.88410e-03  1.89725e-02
 8.80247e-03  1.91000e-02
 8.73289e-03  1.89656e-02
 8.88410e-03  1.89725e-02

 7.49219e-03  1.99350e-02
 9.14746e-03  1.88617e-02
 9.07865e-03  1.89966e-02
 8.99630e-03  1.88695e-02
 9.14746e-03  1.88617e-02

 7.95990e-03  1.99350e-02
 9.38486e-03  1.87842e-02
 9.33043e-03  1.89255e-02
 9.23533e-03  1.88077e-02
 9.38486e-03  1.87842e-02

 8.42760e-03  1.99350e-02
 9.60728e-03  1.87433e-02
 9.56885e-03  1.88897e-02
 9.46127e-03  1.87832e-02
 9.60728e-03  1.87433e-02

 8.89531e-03  1.99350e-02
 9.81555e-03  1.87453e-02
 9.79521e-03  1.88953e-02
 9.67548e-03  1.88026e-02
 9.81555e-03  1.87453e-02

 9.36302e-03  1.99350e-02
 1.00360e-02  1.87960e-02
 1.00344e-02  1.89473e-02
 9.90413e-03  1.88703e-02
 1.00360e-02  1.87960e-02

 9.83073e-03  1.99350e-02
 1.02463e-02  1.89082e-02
 1.02673e-02  1.90581e-02
 1.01270e-02  1.90013e-02
 1.02463e-02  1.89082e-02

 1.02984e-02  1.99350e-02
 1.05314e-02  1.90887e-02
 1.05696e-02  1.92352e-02
 1.04237e-02  1.91950e-02
 1.05314e-02  1.90887e-02

 1.07661e-02  1.99350e-02
 1.07661e-02  1.93692e-02
 1.08418e-02  1.95003e-02
 1.06905e-02  1.95003e-02
 1.07661e-02  1.93692e-02

 4.24844e-03  2.05050e-02
 6.66433e-03  2.06592e-02
 6.52869e-03  2.07264e-02
 6.53833e-03  2.05754e-02
 6.66433e-03  2.06592e-02

 4.71406e-03  2.05050e-02
 7.16379e-03  2.04684e-02
 7.03384e-03  2.05461e-02
 7.03158e-03  2.03947e-02
 7.16379e-03  2.04684e-02

 5.17969e-03  2.05050e-02
 7.61162e-03  2.02910e-02
 7.48768e-03  2.03779e-02
 7.47441e-03  2.02271e-02
 7.61162e-03  2.02910e-02

 5.64531e-03  2.05050e-02
 8.01035e-03  2.01303e-02
 7.89271e-03  2.02256e-02
 7.86903e-03  2.00761e-02
 8.01035e-03  2.01303e-02

 6.11094e-03  2.05050e-02
 8.36358e-03  1.99889e-02
 8.25270e-03  2.00920e-02
 8.21890e-03  1.99444e-02
 8.36358e-03  1.99889e-02

 6.57656e-03  2.05050e-02
 8.67610e-03  1.98682e-02
 8.57262e-03  1.99787e-02
 8.52869e-03  1.98338e-02
 8.67610e-03  1.98682e-02

 7.04219e-03  2.05050e-02
 8.95259e-03  1.97694e-02
 8.85745e-03  1.98871e-02
 8.80306e-03  1.97459e-02
 8.95259e-03  1.97694e-02

 7.50781e-03  2.05050e-02
 9.20017e-03  1.96935e-02
 9.11469e-03  1.98184e-02
 9.04925e-03  1.96820e-02
 9.20017e-03  1.96935e-02

 7.97344e-03  2.05050e-02
 9.42361e-03  1.96421e-02
 9.34965e-03  1.97742e-02
 9.27225e-03  1.96441e-02
 9.42361e-03  1.96421e-02

 8.43906e-03  2.05050e-02
 9.63433e-03  1.96177e-02
 9.57419e-03  1.97566e-02
 9.48396e-03  1.96351e-02
 9.63433e-03  1.96177e-02

 8.90469e-03  2.05050e-02
 9.83325e-03  1.96243e-02
 9.79021e-03  1.97695e-02
 9.68605e-03  1.96596e-02
 9.83325e-03  1.96243e-02

 9.37031e-03  2.05050e-02
 1.00466e-02  1.96673e-02
 1.00232e-02  1.98168e-02
 9.90538e-03  1.97217e-02
 1.00466e-02  1.96673e-02

 9.83594e-03  2.05050e-02
 1.02521e-02  1.97536e-02
 1.02548e-02  1.99050e-02
 1.01224e-02  1.98316e-02
 1.02521e-02  1.97536e-02

 1.03016e-02  2.05050e-02
 1.05338e-02  1.98919e-02
 1.05582e-02  2.00413e-02
 1.04166e-02  1.99877e-02
 1.05338e-02  1.98919e-02

 1.07672e-02  2.05050e-02
 1.07672e-02  2.00917e-02
 1.08429e-02  2.02228e-02
 1.06915e-02  2.02228e-02
 1.07672e-02  2.00917e-02

 4.27865e-03  2.10750e-02
 6.60364e-03  2.11480e-02
 6.47024e-03  2.12195e-02
 6.47499e-03  2.10682e-02
 6.60364e-03  2.11480e-02

 4.74219e-03  2.10750e-02
 7.08709e-03  2.10298e-02
 6.95749e-03  2.11080e-02
 6.95457e-03  2.09566e-02
 7.08709e-03  2.10298e-02

 5.20573e-03  2.10750e-02
 7.52074e-03  2.09211e-02
 7.39496e-03  2.10054e-02
 7.38492e-03  2.08543e-02
 7.52074e-03  2.09211e-02

 5.66927e-03  2.10750e-02
 7.90784e-03  2.08242e-02
 7.78599e-03  2.09140e-02
 7.76914e-03  2.07636e-02
 7.90784e-03  2.08242e-02

 6.13281e-03  2.10750e-02
 8.25293e-03  2.07400e-02
 8.13526e-03  2.08353e-02
 8.11164e-03  2.06857e-02
 8.25293e-03  2.07400e-02

 6.59635e-03  2.10750e-02
 8.56125e-03  2.06694e-02
 8.44817e-03  2.07700e-02
 8.41757e-03  2.06218e-02
 8.56125e-03  2.06694e-02

 7.05990e-03  2.10750e-02
 8.83793e-03  2.06125e-02
 8.73011e-03  2.07188e-02
 8.69201e-03  2.05723e-02
 8.83793e-03  2.06125e-02

 7.52344e-03  2.10750e-02
 9.09001e-03  2.05698e-02
 8.98848e-03  2.06821e-02
 8.94202e-03  2.05380e-02
 9.09001e-03  2.05698e-02

 7.98698e-03  2.10750e-02
 9.32219e-03  2.05419e-02
 9.22850e-03  2.06608e-02
 9.17238e-03  2.05203e-02
 9.32219e-03  2.05419e-02

 8.45052e-03  2.10750e-02
 9.54521e-03  2.05305e-02
 9.46154e-03  2.06566e-02
 9.39413e-03  2.05211e-02
 9.54521e-03  2.05305e-02

 8.91406e-03  2.10750e-02
 9.75975e-03  2.05378e-02
 9.68968e-03  2.06720e-02
 9.60852e-03  2.05442e-02
 9.75975e-03  2.05378e-02

 9.37760e-03  2.10750e-02
 9.99013e-03  2.05683e-02
 9.93736e-03  2.07102e-02
 9.84088e-03  2.05936e-02
 9.99013e-03  2.05683e-02

 9.84115e-03  2.10750e-02
 1.02157e-02  2.06248e-02
 1.01901e-02  2.07740e-02
 1.00737e-02  2.06772e-02
 1.02157e-02  2.06248e-02

 1.03047e-02  2.10750e-02
 1.05139e-02  2.07168e-02
 1.05132e-02  2.08682e-02
 1.03825e-02  2.07918e-02
 1.05139e-02  2.07168e-02

 1.07682e-02  2.10750e-02
 1.07682e-02  2.08325e-02
 1.08439e-02  2.09636e-02
 1.06925e-02  2.09636e-02
 1.07682e-02  2.08325e-02

 4.30885e-03  2.16450e-02
 6.29411e-03  2.16552e-02
 6.16263e-03  2.17302e-02
 6.16341e-03  2.15788e-02
 6.29411e-03  2.16552e-02

 4.77031e-03  2.16450e-02
 6.75693e-03  2.15907e-02
 6.62796e-03  2.16699e-02
 6.62382e-03  2.15186e-02
 6.75693e-03  2.15907e-02

 5.23177e-03  2.16450e-02
 7.17774e-03  2.15323e-02
 7.05125e-03  2.16154e-02
 7.04250e-03  2.14643e-02
 7.17774e-03  2.15323e-02

 5.69323e-03  2.16450e-02
 7.56034e-03  2.14811e-02
 7.43638e-03  2.15679e-02
 7.42314e-03  2.14171e-02
 7.56034e-03  2.14811e-02

 6.15469e-03  2.16450e-02
 7.90941e-03  2.14374e-02
 7.78812e-03  2.15280e-02
 7.77034e-03  2.13776e-02
 7.90941e-03  2.14374e-02

 6.61615e-03  2.16450e-02
 8.22994e-03  2.14015e-02
 8.11162e-03  2.14958e-02
 8.08903e-03  2.13462e-02
 8.22994e-03  2.14015e-02

 7.07760e-03  2.16450e-02
 8.52672e-03  2.13732e-02
 8.41183e-03  2.14717e-02
 8.38392e-03  2.13230e-02
 8.52672e-03  2.13732e-02

 7.53906e-03  2.16450e-02
 8.80570e-03  2.13527e-02
 8.69499e-03  2.14559e-02
 8.66095e-03  2.13084e-02
 8.80570e-03  2.13527e-02

 8.00052e-03  2.16450e-02
 9.07069e-03  2.13400e-02
 8.96536e-03  2.14487e-02
 8.92387e-03  2.13031e-02
 9.07069e-03  2.13400e-02

 8.46198e-03  2.16450e-02
 9.33060e-03  2.13362e-02
 9.23243e-03  2.14515e-02
 9.18173e-03  2.13088e-02
 9.33060e-03  2.13362e-02

 8.92344e-03  2.16450e-02
 9.58567e-03  2.13421e-02
 9.49794e-03  2.14654e-02
 9.43498e-03  2.13278e-02
 9.58567e-03  2.13421e-02

 9.38490e-03  2.16450e-02
 9.85671e-03  2.13611e-02
 9.78340e-03  2.14936e-02
 9.70537e-03  2.13639e-02
 9.85671e-03  2.13611e-02

 9.84635e-03  2.16450e-02
 1.01270e-02  2.13923e-02
 1.00802e-02  2.15363e-02
 9.97890e-03  2.14238e-02
 1.01270e-02  2.13923e-02

 1.03078e-02  2.16450e-02
 1.04602e-02  2.14462e-02
 1.04405e-02  2.15963e-02
 1.03203e-02  2.15042e-02
 1.04602e-02  2.14462e-02

 1.07693e-02  2.16450e-02
 1.07693e-02  2.15029e-02
 1.08450e-02  2.16340e-02
 1.06936e-02  2.16340e-02
 1.07693e-02  2.15029e-02

 4.33906e-03  2.22150e-02
 5.58103e-03  2.22150e-02
 5.44994e-03  2.22907e-02
 5.44994e-03  2.21393e-02
 5.58103e-03  2.22150e-02

 4.79844e-03  2.22150e-02
 6.03473e-03  2.22150e-02
 5.90364e-03  2.22907e-02
 5.90364e-03  2.21393e-02
 6.03473e-03  2.22150e-02

 5.25781e-03  2.22150e-02
 6.46247e-03  2.22150e-02
 6.33138e-03  2.22907e-02
 6.33138e-03  2.21393e-02
 6.46247e-03  2.22150e-02

 5.71719e-03  2.22150e-02
 6.86727e-03  2.22150e-02
 6.73619e-03  2.22907e-02
 6.73619e-03  2.21393e-02
 6.86727e-03  2.22150e-02

 6.17656e-03  2.22150e-02
 7.25225e-03  2.22150e-02
 7.12116e-03  2.22907e-02
 7.12116e-03  2.21393e-02
 7.25225e-03  2.22150e-02

 6.63594e-03  2.22150e-02
 7.62081e-03  2.22150e-02
 7.48972e-03  2.22907e-02
 7.48972e-03  2.21393e-02
 7.62081e-03  2.22150e-02

 7.09531e-03  2.22150e-02
 7.97597e-03  2.22150e-02
 7.84488e-03  2.22907e-02
 7.84488e-03  2.21393e-02
 7.97597e-03  2.22150e-02

 7.55469e-03  2.22150e-02
 8.32151e-03  2.22150e-02
 8.19042e-03  2.22907e-02
 8.19042e-03  2.21393e-02
 8.32151e-03  2.22150e-02

 8.01406e-03  2.22150e-02
 8.65959e-03  2.22150e-02
 8.52850e-03  2.22907e-02
 8.52850e-03  2.21393e-02
 8.65959e-03  2.22150e-02

 8.47344e-03  2.22150e-02
 8.99596e-03  2.22150e-02
 8.86487e-03  2.22907e-02
 8.86487e-03  2.21393e-02
 8.99596e-03  2.22150e-02

 8.93281e-03  2.22150e-02
 9.33008e-03  2.22150e-02
 9.19899e-03  2.22907e-02
 9.19899e-03  2.21393e-02
 9.33008e-03  2.22150e-02

 9.39219e-03  2.22150e-02
 9.67552e-03  2.22150e-02
 9.54444e-03  2.22907e-02
 9.54444e-03  2.21393e-02
 9.67552e-03  2.22150e-02

 9.85156e-03  2.22150e-02
 1.00198e-02  2.22150e-02
 9.88873e-03  2.22907e-02
 9.88873e-03  2.21393e-02
 1.00198e-02  2.22150e-02

 1.03109e-02  2.22150e-02
 1.04049e-02  2.22150e-02
 1.02738e-02  2.22907e-02
 1.02738e-02  2.21393e-02
 1.04049e-02  2.22150e-02

 1.07703e-02  2.22150e-02
 1.07703e-02  2.22150e-02
 1.09014e-02  2.21393e-02
 1.09014e-02  2.22907e-02
 1.07703e-02  2.22150e-02

