#[ Fluid velocity 2D plot data file: flw.dat ]
 1.95313e-04  1.13850e-02
 1.72810e-04  1.14226e-02
 1.75269e-04  1.12712e-02
 3.05110e-04  1.13490e-02
 1.72810e-04  1.14226e-02

 5.85937e-04  1.13850e-02
 3.65880e-04  1.14189e-02
 4.83900e-04  1.13242e-02
 5.06972e-04  1.14738e-02
 3.65880e-04  1.14189e-02

 9.76562e-04  1.13850e-02
 6.64716e-04  1.14180e-02
 7.87120e-04  1.13289e-02
 8.03035e-04  1.14795e-02
 6.64716e-04  1.14180e-02

 1.36719e-03  1.13850e-02
 9.24205e-04  1.14158e-02
 1.04972e-03  1.13312e-02
 1.06023e-03  1.14822e-02
 9.24205e-04  1.14158e-02

 1.75781e-03  1.13850e-02
 1.21334e-03  1.14137e-02
 1.34025e-03  1.13313e-02
 1.34823e-03  1.14824e-02
 1.21334e-03  1.14137e-02

 2.14844e-03  1.13850e-02
 1.50183e-03  1.14111e-02
 1.62976e-03  1.13302e-02
 1.63586e-03  1.14814e-02
 1.50183e-03  1.14111e-02

 2.53906e-03  1.13850e-02
 1.80552e-03  1.14082e-02
 1.93415e-03  1.13284e-02
 1.93893e-03  1.14797e-02
 1.80552e-03  1.14082e-02

 2.92969e-03  1.13850e-02
 2.11904e-03  1.14050e-02
 2.24823e-03  1.13261e-02
 2.25195e-03  1.14774e-02
 2.11904e-03  1.14050e-02

 3.32031e-03  1.13850e-02
 2.44617e-03  1.14016e-02
 2.57580e-03  1.13234e-02
 2.57867e-03  1.14748e-02
 2.44617e-03  1.14016e-02

 1.97049e-04  1.19550e-02
 1.63005e-04  1.23876e-02
 9.78391e-05  1.22510e-02
 2.48740e-04  1.22629e-02
 1.63005e-04  1.23876e-02

 5.91146e-04  1.19550e-02
 2.11041e-04  1.23556e-02
 2.46372e-04  1.22084e-02
 3.56173e-04  1.23126e-02
 2.11041e-04  1.23556e-02

 9.85243e-04  1.19550e-02
 4.39157e-04  1.23394e-02
 5.02781e-04  1.22021e-02
 5.89914e-04  1.23259e-02
 4.39157e-04  1.23394e-02

 1.37934e-03  1.19550e-02
 6.00179e-04  1.23156e-02
 6.87357e-04  1.21919e-02
 7.50931e-04  1.23292e-02
 6.00179e-04  1.23156e-02

 1.77344e-03  1.19550e-02
 8.13998e-04  1.22895e-02
 9.12865e-04  1.21749e-02
 9.62694e-04  1.23178e-02
 8.13998e-04  1.22895e-02

 2.16753e-03  1.19550e-02
 1.02873e-03  1.22579e-02
 1.13596e-03  1.21511e-02
 1.17486e-03  1.22973e-02
 1.02873e-03  1.22579e-02

 2.56163e-03  1.19550e-02
 1.27199e-03  1.22229e-02
 1.38494e-03  1.21221e-02
 1.41572e-03  1.22703e-02
 1.27199e-03  1.22229e-02

 2.95573e-03  1.19550e-02
 1.53432e-03  1.21846e-02
 1.65166e-03  1.20890e-02
 1.67580e-03  1.22384e-02
 1.53432e-03  1.21846e-02

 3.34983e-03  1.19550e-02
 1.82200e-03  1.21440e-02
 1.94281e-03  1.20528e-02
 1.96139e-03  1.22031e-02
 1.82200e-03  1.21440e-02

 1.98785e-04  1.25250e-02
 1.58941e-04  1.32814e-02
 9.02580e-05  1.31465e-02
 2.41415e-04  1.31545e-02
 1.58941e-04  1.32814e-02

 5.96354e-04  1.25250e-02
 1.46545e-04  1.32527e-02
 1.51087e-04  1.31014e-02
 2.79845e-04  1.31810e-02
 1.46545e-04  1.32527e-02

 9.93924e-04  1.25250e-02
 3.35054e-04  1.32199e-02
 3.70325e-04  1.30727e-02
 4.80168e-04  1.31769e-02
 3.35054e-04  1.32199e-02

 1.39149e-03  1.25250e-02
 4.48401e-04  1.31757e-02
 5.13314e-04  1.30390e-02
 5.99279e-04  1.31636e-02
 4.48401e-04  1.31757e-02

 1.78906e-03  1.25250e-02
 6.24370e-04  1.31220e-02
 7.06500e-04  1.29949e-02
 7.75548e-04  1.31296e-02
 6.24370e-04  1.31220e-02

 2.18663e-03  1.25250e-02
 8.04652e-04  1.30592e-02
 8.99632e-04  1.29414e-02
 9.54211e-04  1.30826e-02
 8.04652e-04  1.30592e-02

 2.58420e-03  1.25250e-02
 1.02111e-03  1.29895e-02
 1.12521e-03  1.28796e-02
 1.16833e-03  1.30247e-02
 1.02111e-03  1.29895e-02

 2.98177e-03  1.25250e-02
 1.26285e-03  1.29145e-02
 1.37397e-03  1.28117e-02
 1.40742e-03  1.29593e-02
 1.26285e-03  1.29145e-02

 3.37934e-03  1.25250e-02
 1.53705e-03  1.28358e-02
 1.65372e-03  1.27394e-02
 1.67890e-03  1.28886e-02
 1.53705e-03  1.28358e-02

 2.00521e-04  1.30950e-02
 1.57977e-04  1.42847e-02
 8.70263e-05  1.41510e-02
 2.38297e-04  1.41564e-02
 1.57977e-04  1.42847e-02

 6.01563e-04  1.30950e-02
 1.21449e-04  1.42636e-02
 1.01259e-04  1.41136e-02
 2.41270e-04  1.41711e-02
 1.21449e-04  1.42636e-02

 1.00260e-03  1.30950e-02
 2.95509e-04  1.42104e-02
 3.01772e-04  1.40592e-02
 4.29616e-04  1.41402e-02
 2.95509e-04  1.42104e-02

 1.40365e-03  1.30950e-02
 3.89639e-04  1.41397e-02
 4.26634e-04  1.39929e-02
 5.35248e-04  1.40983e-02
 3.89639e-04  1.41397e-02

 1.80469e-03  1.30950e-02
 5.51218e-04  1.40488e-02
 6.09711e-04  1.39092e-02
 7.01369e-04  1.40296e-02
 5.51218e-04  1.40488e-02

 2.20573e-03  1.30950e-02
 7.18776e-04  1.39436e-02
 7.95112e-04  1.38129e-02
 8.70141e-04  1.39444e-02
 7.18776e-04  1.39436e-02

 2.60677e-03  1.30950e-02
 9.26598e-04  1.38268e-02
 1.01656e-03  1.37051e-02
 1.07700e-03  1.38438e-02
 9.26598e-04  1.38268e-02

 3.00781e-03  1.30950e-02
 1.16303e-03  1.37021e-02
 1.26389e-03  1.35892e-02
 1.31120e-03  1.37330e-02
 1.16303e-03  1.37021e-02

 3.40885e-03  1.30950e-02
 1.43563e-03  1.35721e-02
 1.54526e-03  1.34677e-02
 1.58084e-03  1.36149e-02
 1.43563e-03  1.35721e-02

 2.02257e-04  1.36650e-02
 1.60620e-04  1.52525e-02
 8.83999e-05  1.51195e-02
 2.39715e-04  1.51235e-02
 1.60620e-04  1.52525e-02

 6.06771e-04  1.36650e-02
 1.36095e-04  1.52426e-02
 1.01048e-04  1.50954e-02
 2.46097e-04  1.51386e-02
 1.36095e-04  1.52426e-02

 1.01128e-03  1.36650e-02
 3.17282e-04  1.51710e-02
 3.03409e-04  1.50203e-02
 4.40881e-04  1.50836e-02
 3.17282e-04  1.51710e-02

 1.41580e-03  1.36650e-02
 4.18669e-04  1.50751e-02
 4.32562e-04  1.49243e-02
 5.56150e-04  1.50117e-02
 4.18669e-04  1.50751e-02

 1.82031e-03  1.36650e-02
 5.86975e-04  1.49470e-02
 6.23316e-04  1.48001e-02
 7.32399e-04  1.49050e-02
 5.86975e-04  1.49470e-02

 2.22483e-03  1.36650e-02
 7.61486e-04  1.47994e-02
 8.18719e-04  1.46593e-02
 9.11459e-04  1.47789e-02
 7.61486e-04  1.47994e-02

 2.62934e-03  1.36650e-02
 9.76792e-04  1.46354e-02
 1.05151e-03  1.45038e-02
 1.12815e-03  1.46343e-02
 9.76792e-04  1.46354e-02

 3.03385e-03  1.36650e-02
 1.22101e-03  1.44613e-02
 1.31059e-03  1.43393e-02
 1.37147e-03  1.44779e-02
 1.22101e-03  1.44613e-02

 3.43837e-03  1.36650e-02
 1.50186e-03  1.42808e-02
 1.60384e-03  1.41690e-02
 1.64971e-03  1.43132e-02
 1.50186e-03  1.42808e-02

 2.03993e-04  1.42350e-02
 1.65956e-04  1.62134e-02
 9.28064e-05  1.60809e-02
 2.44145e-04  1.60838e-02
 1.65956e-04  1.62134e-02

 6.11979e-04  1.42350e-02
 1.82036e-04  1.62138e-02
 1.35911e-04  1.60697e-02
 2.83827e-04  1.61018e-02
 1.82036e-04  1.62138e-02

 1.01997e-03  1.42350e-02
 3.86245e-04  1.61253e-02
 3.56155e-04  1.59769e-02
 4.99671e-04  1.60250e-02
 3.86245e-04  1.61253e-02

 1.42795e-03  1.42350e-02
 5.15663e-04  1.60048e-02
 5.08454e-04  1.58536e-02
 6.42997e-04  1.59229e-02
 5.15663e-04  1.60048e-02

 1.83594e-03  1.42350e-02
 7.06816e-04  1.58402e-02
 7.20330e-04  1.56895e-02
 8.44137e-04  1.57766e-02
 7.06816e-04  1.58402e-02

 2.24392e-03  1.42350e-02
 9.03191e-04  1.56505e-02
 9.38388e-04  1.55033e-02
 1.04828e-03  1.56074e-02
 9.03191e-04  1.56505e-02

 2.65191e-03  1.42350e-02
 1.13741e-03  1.54394e-02
 1.19290e-03  1.52985e-02
 1.28712e-03  1.54170e-02
 1.13741e-03  1.54394e-02

 3.05990e-03  1.42350e-02
 1.39857e-03  1.52159e-02
 1.47297e-03  1.50841e-02
 1.54993e-03  1.52145e-02
 1.39857e-03  1.52159e-02

 3.46788e-03  1.42350e-02
 1.69386e-03  1.49850e-02
 1.78513e-03  1.48642e-02
 1.84407e-03  1.50037e-02
 1.69386e-03  1.49850e-02

 2.05729e-04  1.48050e-02
 1.73640e-04  1.71151e-02
 9.97847e-05  1.69830e-02
 2.51137e-04  1.69851e-02
 1.73640e-04  1.71151e-02

 6.17187e-04  1.48050e-02
 2.54376e-04  1.71242e-02
 1.99863e-04  1.69830e-02
 3.49411e-04  1.70064e-02
 2.54376e-04  1.71242e-02

 1.02865e-03  1.48050e-02
 4.94169e-04  1.70222e-02
 4.51313e-04  1.68770e-02
 5.98465e-04  1.69125e-02
 4.94169e-04  1.70222e-02

 1.44010e-03  1.48050e-02
 6.68663e-04  1.68810e-02
 6.43380e-04  1.67318e-02
 7.85268e-04  1.67845e-02
 6.68663e-04  1.68810e-02

 1.85156e-03  1.48050e-02
 8.95377e-04  1.66850e-02
 8.87346e-04  1.65338e-02
 1.02226e-03  1.66024e-02
 8.95377e-04  1.66850e-02

 2.26302e-03  1.48050e-02
 1.12573e-03  1.64583e-02
 1.13766e-03  1.63074e-02
 1.26237e-03  1.63932e-02
 1.12573e-03  1.64583e-02

 2.67448e-03  1.48050e-02
 1.38824e-03  1.62057e-02
 1.42115e-03  1.60580e-02
 1.53265e-03  1.61604e-02
 1.38824e-03  1.62057e-02

 3.08594e-03  1.48050e-02
 1.67368e-03  1.59388e-02
 1.72852e-03  1.57977e-02
 1.82329e-03  1.59158e-02
 1.67368e-03  1.59388e-02

 3.49740e-03  1.48050e-02
 1.98834e-03  1.56634e-02
 2.06487e-03  1.55328e-02
 2.13971e-03  1.56644e-02
 1.98834e-03  1.56634e-02

 2.07465e-04  1.53750e-02
 1.83051e-04  1.79538e-02
 1.08611e-04  1.78220e-02
 2.59972e-04  1.78235e-02
 1.83051e-04  1.79538e-02

 6.22396e-04  1.53750e-02
 3.46424e-04  1.79696e-02
 2.85030e-04  1.78312e-02
 4.35547e-04  1.78472e-02
 3.46424e-04  1.79696e-02

 1.03733e-03  1.53750e-02
 6.30740e-04  1.78582e-02
 5.77233e-04  1.77166e-02
 7.26610e-04  1.77410e-02
 6.30740e-04  1.78582e-02

 1.45226e-03  1.53750e-02
 8.63001e-04  1.77008e-02
 8.21830e-04  1.75551e-02
 9.68561e-04  1.75923e-02
 8.63001e-04  1.77008e-02

 1.86719e-03  1.53750e-02
 1.13471e-03  1.74797e-02
 1.10632e-03  1.73310e-02
 1.24927e-03  1.73808e-02
 1.13471e-03  1.74797e-02

 2.28212e-03  1.53750e-02
 1.40813e-03  1.72230e-02
 1.39575e-03  1.70721e-02
 1.53259e-03  1.71368e-02
 1.40813e-03  1.72230e-02

 2.69705e-03  1.53750e-02
 1.70597e-03  1.69362e-02
 1.71233e-03  1.67850e-02
 1.84013e-03  1.68661e-02
 1.70597e-03  1.69362e-02

 3.11198e-03  1.53750e-02
 2.02123e-03  1.66330e-02
 2.04992e-03  1.64844e-02
 2.16429e-03  1.65835e-02
 2.02123e-03  1.66330e-02

 3.52691e-03  1.53750e-02
 2.35919e-03  1.63204e-02
 2.41345e-03  1.61791e-02
 2.50870e-03  1.62967e-02
 2.35919e-03  1.63204e-02

 2.09201e-04  1.59450e-02
 1.93705e-04  1.87102e-02
 1.18758e-04  1.85787e-02
 2.70122e-04  1.85796e-02
 1.93705e-04  1.87102e-02

 6.27604e-04  1.59450e-02
 4.52510e-04  1.87305e-02
 3.85200e-04  1.85949e-02
 5.36269e-04  1.86044e-02
 4.52510e-04  1.87305e-02

 1.04601e-03  1.59450e-02
 7.87578e-04  1.86142e-02
 7.24880e-04  1.84764e-02
 8.75542e-04  1.84910e-02
 7.87578e-04  1.86142e-02

 1.46441e-03  1.59450e-02
 1.08684e-03  1.84462e-02
 1.03157e-03  1.83053e-02
 1.18124e-03  1.83279e-02
 1.08684e-03  1.84462e-02

 1.88281e-03  1.59450e-02
 1.41059e-03  1.82082e-02
 1.36327e-03  1.80645e-02
 1.51145e-03  1.80954e-02
 1.41059e-03  1.82082e-02

 2.30122e-03  1.59450e-02
 1.73401e-03  1.79302e-02
 1.69725e-03  1.77833e-02
 1.84279e-03  1.78249e-02
 1.73401e-03  1.79302e-02

 2.71962e-03  1.59450e-02
 2.07277e-03  1.76187e-02
 2.04943e-03  1.74692e-02
 2.19062e-03  1.75237e-02
 2.07277e-03  1.76187e-02

 3.13802e-03  1.59450e-02
 2.42256e-03  1.72888e-02
 2.41736e-03  1.71376e-02
 2.55097e-03  1.72087e-02
 2.42256e-03  1.72888e-02

 3.55642e-03  1.59450e-02
 2.78740e-03  1.69485e-02
 2.80707e-03  1.67984e-02
 2.92721e-03  1.68905e-02
 2.78740e-03  1.69485e-02

 2.10937e-04  1.65150e-02
 2.05089e-04  1.93795e-02
 1.29673e-04  1.92483e-02
 2.81040e-04  1.92486e-02
 2.05089e-04  1.93795e-02

 6.32812e-04  1.65150e-02
 5.66909e-04  1.94021e-02
 4.94237e-04  1.92693e-02
 6.45564e-04  1.92728e-02
 5.66909e-04  1.94021e-02

 1.05469e-03  1.65150e-02
 9.56329e-04  1.92855e-02
 8.85344e-04  1.91519e-02
 1.03662e-03  1.91572e-02
 9.56329e-04  1.92855e-02

 1.47656e-03  1.65150e-02
 1.32851e-03  1.91129e-02
 1.26041e-03  1.89777e-02
 1.41153e-03  1.89863e-02
 1.32851e-03  1.91129e-02

 1.89844e-03  1.65150e-02
 1.70895e-03  1.88664e-02
 1.64404e-03  1.87297e-02
 1.79492e-03  1.87418e-02
 1.70895e-03  1.88664e-02

 2.32031e-03  1.65150e-02
 2.08732e-03  1.85765e-02
 2.02684e-03  1.84377e-02
 2.17725e-03  1.84547e-02
 2.08732e-03  1.85765e-02

 2.74219e-03  1.65150e-02
 2.47125e-03  1.82506e-02
 2.41669e-03  1.81094e-02
 2.56625e-03  1.81327e-02
 2.47125e-03  1.82506e-02

 3.16406e-03  1.65150e-02
 2.85938e-03  1.79044e-02
 2.81353e-03  1.77601e-02
 2.96138e-03  1.77926e-02
 2.85938e-03  1.79044e-02

 3.58594e-03  1.65150e-02
 3.25416e-03  1.75468e-02
 3.22223e-03  1.73988e-02
 3.36634e-03  1.74452e-02
 3.25416e-03  1.75468e-02

 2.12674e-04  1.70850e-02
 2.16764e-04  1.99573e-02
 1.40894e-04  1.98264e-02
 2.92261e-04  1.98261e-02
 2.16764e-04  1.99573e-02

 6.38021e-04  1.70850e-02
 6.84586e-04  1.99803e-02
 6.06804e-04  1.98504e-02
 7.58152e-04  1.98480e-02
 6.84586e-04  1.99803e-02

 1.06337e-03  1.70850e-02
 1.12980e-03  1.98674e-02
 1.05101e-03  1.97382e-02
 1.20233e-03  1.97346e-02
 1.12980e-03  1.98674e-02

 1.48872e-03  1.70850e-02
 1.57787e-03  1.96958e-02
 1.49776e-03  1.95673e-02
 1.64904e-03  1.95622e-02
 1.57787e-03  1.96958e-02

 1.91406e-03  1.70850e-02
 2.01767e-03  1.94491e-02
 1.93632e-03  1.93215e-02
 2.08754e-03  1.93148e-02
 2.01767e-03  1.94491e-02

 2.33941e-03  1.70850e-02
 2.45409e-03  1.91569e-02
 2.37128e-03  1.90302e-02
 2.52242e-03  1.90218e-02
 2.45409e-03  1.91569e-02

 2.76476e-03  1.70850e-02
 2.88617e-03  1.88271e-02
 2.80155e-03  1.87016e-02
 2.95255e-03  1.86910e-02
 2.88617e-03  1.88271e-02

 3.19010e-03  1.70850e-02
 3.31549e-03  1.84755e-02
 3.22834e-03  1.83518e-02
 3.37909e-03  1.83382e-02
 3.31549e-03  1.84755e-02

 3.61545e-03  1.70850e-02
 3.74274e-03  1.81116e-02
 3.65150e-03  1.79909e-02
 3.80172e-03  1.79722e-02
 3.74274e-03  1.81116e-02

 2.14410e-04  1.76550e-02
 2.28294e-04  2.04436e-02
 1.51959e-04  2.03128e-02
 3.03324e-04  2.03121e-02
 2.28294e-04  2.04436e-02

 6.43229e-04  1.76550e-02
 8.00689e-04  2.04651e-02
 7.17790e-04  2.03384e-02
 8.68920e-04  2.03299e-02
 8.00689e-04  2.04651e-02

 1.07205e-03  1.76550e-02
 1.30105e-03  2.03592e-02
 1.21458e-03  2.02350e-02
 1.36540e-03  2.02222e-02
 1.30105e-03  2.03592e-02

 1.50087e-03  1.76550e-02
 1.82507e-03  2.01937e-02
 1.73339e-03  2.00733e-02
 1.88354e-03  2.00541e-02
 1.82507e-03  2.01937e-02

 1.92969e-03  1.76550e-02
 2.32479e-03  1.99548e-02
 2.22800e-03  1.98384e-02
 2.37718e-03  1.98128e-02
 2.32479e-03  1.99548e-02

 2.35851e-03  1.76550e-02
 2.82036e-03  1.96695e-02
 2.71730e-03  1.95587e-02
 2.86483e-03  1.95249e-02
 2.82036e-03  1.96695e-02

 2.78733e-03  1.76550e-02
 3.30198e-03  1.93462e-02
 3.19141e-03  1.92428e-02
 3.33622e-03  1.91988e-02
 3.30198e-03  1.93462e-02

 3.21615e-03  1.76550e-02
 3.77406e-03  1.90003e-02
 3.65393e-03  1.89082e-02
 3.79375e-03  1.88502e-02
 3.77406e-03  1.90003e-02

 3.64497e-03  1.76550e-02
 4.23530e-03  1.86414e-02
 4.10304e-03  1.85678e-02
 4.23293e-03  1.84900e-02
 4.23530e-03  1.86414e-02

 2.16146e-04  1.82250e-02
 2.39331e-04  2.08445e-02
 1.62490e-04  2.07141e-02
 3.13851e-04  2.07127e-02
 2.39331e-04  2.08445e-02

 6.48438e-04  1.82250e-02
 9.11127e-04  2.08624e-02
 8.22824e-04  2.07395e-02
 9.73446e-04  2.07245e-02
 9.11127e-04  2.08624e-02

 1.08073e-03  1.82250e-02
 1.46429e-03  2.07658e-02
 1.36989e-03  2.06474e-02
 1.51956e-03  2.06249e-02
 1.46429e-03  2.07658e-02

 1.51302e-03  1.82250e-02
 2.06165e-03  2.06105e-02
 1.95851e-03  2.04998e-02
 2.10603e-03  2.04658e-02
 2.06165e-03  2.06105e-02

 1.94531e-03  1.82250e-02
 2.61978e-03  2.03860e-02
 2.50848e-03  2.02834e-02
 2.65297e-03  2.02383e-02
 2.61978e-03  2.03860e-02

 2.37760e-03  1.82250e-02
 3.17342e-03  2.01160e-02
 3.05281e-03  2.00245e-02
 3.19232e-03  1.99658e-02
 3.17342e-03  2.01160e-02

 2.80990e-03  1.82250e-02
 3.70410e-03  1.98088e-02
 3.57374e-03  1.97319e-02
 3.70555e-03  1.96575e-02
 3.70410e-03  1.98088e-02

 3.24219e-03  1.82250e-02
 4.21873e-03  1.94789e-02
 4.07847e-03  1.94220e-02
 4.19790e-03  1.93290e-02
 4.21873e-03  1.94789e-02

 3.67448e-03  1.82250e-02
 4.71392e-03  1.91360e-02
 4.56545e-03  1.91065e-02
 4.66522e-03  1.89927e-02
 4.71392e-03  1.91360e-02

 2.17882e-04  1.87950e-02
 2.49453e-04  2.11628e-02
 1.72029e-04  2.10328e-02
 3.23382e-04  2.10307e-02
 2.49453e-04  2.11628e-02

 6.53646e-04  1.87950e-02
 1.01136e-03  2.11752e-02
 9.17038e-04  2.10568e-02
 1.06672e-03  2.10343e-02
 1.01136e-03  2.11752e-02

 1.08941e-03  1.87950e-02
 1.61300e-03  2.10893e-02
 1.51004e-03  2.09783e-02
 1.65762e-03  2.09446e-02
 1.61300e-03  2.10893e-02

 1.52517e-03  1.87950e-02
 2.27794e-03  2.09480e-02
 2.16324e-03  2.08492e-02
 2.30612e-03  2.07992e-02
 2.27794e-03  2.09480e-02

 1.96094e-03  1.87950e-02
 2.89033e-03  2.07440e-02
 2.76559e-03  2.06583e-02
 2.90222e-03  2.05931e-02
 2.89033e-03  2.07440e-02

 2.39670e-03  1.87950e-02
 3.49820e-03  2.04973e-02
 3.36344e-03  2.04283e-02
 3.49053e-03  2.03461e-02
 3.49820e-03  2.04973e-02

 2.83247e-03  1.87950e-02
 4.07489e-03  2.02157e-02
 3.93162e-03  2.01669e-02
 4.04556e-03  2.00672e-02
 4.07489e-03  2.02157e-02

 3.26823e-03  1.87950e-02
 4.62932e-03  1.99125e-02
 4.47998e-03  1.98879e-02
 4.57603e-03  1.97709e-02
 4.62932e-03  1.99125e-02

 3.70399e-03  1.87950e-02
 5.15613e-03  1.95970e-02
 5.00479e-03  1.95999e-02
 5.07797e-03  1.94674e-02
 5.15613e-03  1.95970e-02

 2.19618e-04  1.93650e-02
 2.58402e-04  2.14175e-02
 1.80255e-04  2.12878e-02
 3.31595e-04  2.12850e-02
 2.58402e-04  2.14175e-02

 6.58854e-04  1.93650e-02
 1.09785e-03  2.14214e-02
 9.96465e-04  2.13090e-02
 1.14450e-03  2.12774e-02
 1.09785e-03  2.14214e-02

 1.09809e-03  1.93650e-02
 1.74189e-03  2.13467e-02
 1.62941e-03  2.12454e-02
 1.77337e-03  2.11986e-02
 1.74189e-03  2.13467e-02

 1.53733e-03  1.93650e-02
 2.46558e-03  2.12216e-02
 2.33927e-03  2.11382e-02
 2.47466e-03  2.10705e-02
 2.46558e-03  2.12216e-02

 1.97656e-03  1.93650e-02
 3.12536e-03  2.10428e-02
 2.98886e-03  2.09774e-02
 3.11375e-03  2.08919e-02
 3.12536e-03  2.10428e-02

 2.41580e-03  1.93650e-02
 3.78022e-03  2.08254e-02
 3.63543e-03  2.07813e-02
 3.74603e-03  2.06779e-02
 3.78022e-03  2.08254e-02

 2.85503e-03  1.93650e-02
 4.39663e-03  2.05772e-02
 4.24680e-03  2.05557e-02
 4.34037e-03  2.04367e-02
 4.39663e-03  2.05772e-02

 3.29427e-03  1.93650e-02
 4.98496e-03  2.03095e-02
 4.83361e-03  2.03117e-02
 4.90744e-03  2.01795e-02
 4.98496e-03  2.03095e-02

 3.73351e-03  1.93650e-02
 5.53795e-03  2.00310e-02
 5.38877e-03  2.00566e-02
 5.44118e-03  1.99146e-02
 5.53795e-03  2.00310e-02

 2.21354e-04  1.99350e-02
 2.65495e-04  2.16062e-02
 1.86377e-04  2.14771e-02
 3.37691e-04  2.14731e-02
 2.65495e-04  2.16062e-02

 6.64062e-04  1.99350e-02
 1.16379e-03  2.15997e-02
 1.05361e-03  2.14959e-02
 1.19858e-03  2.14523e-02
 1.16379e-03  2.15997e-02

 1.10677e-03  1.99350e-02
 1.84048e-03  2.15377e-02
 1.71710e-03  2.14500e-02
 1.85473e-03  2.13870e-02
 1.84048e-03  2.15377e-02

 1.54948e-03  1.99350e-02
 2.60890e-03  2.14322e-02
 2.47140e-03  2.13689e-02
 2.59496e-03  2.12814e-02
 2.60890e-03  2.14322e-02

 1.99219e-03  1.99350e-02
 3.30431e-03  2.12842e-02
 3.15866e-03  2.12430e-02
 3.26718e-03  2.11375e-02
 3.30431e-03  2.12842e-02

 2.43490e-03  1.99350e-02
 3.99420e-03  2.11037e-02
 3.84392e-03  2.10856e-02
 3.93470e-03  2.09645e-02
 3.99420e-03  2.11037e-02

 2.87760e-03  1.99350e-02
 4.63944e-03  2.08979e-02
 4.48811e-03  2.09015e-02
 4.56071e-03  2.07686e-02
 4.63944e-03  2.08979e-02

 3.32031e-03  1.99350e-02
 5.25175e-03  2.06759e-02
 5.10226e-03  2.06996e-02
 5.15647e-03  2.05583e-02
 5.25175e-03  2.06759e-02

 3.76302e-03  1.99350e-02
 5.82222e-03  2.04454e-02
 5.67677e-03  2.04873e-02
 5.71319e-03  2.03404e-02
 5.82222e-03  2.04454e-02

 2.23090e-04  2.05050e-02
 2.70556e-04  2.17769e-02
 1.90036e-04  2.16487e-02
 3.41298e-04  2.16430e-02
 2.70556e-04  2.17769e-02

 6.69271e-04  2.05050e-02
 1.20470e-03  2.17570e-02
 1.08357e-03  2.16662e-02
 1.22274e-03  2.16067e-02
 1.20470e-03  2.17570e-02

 1.11545e-03  2.05050e-02
 1.90067e-03  2.17077e-02
 1.76563e-03  2.16393e-02
 1.89238e-03  2.15565e-02
 1.90067e-03  2.17077e-02

 1.56163e-03  2.05050e-02
 2.69469e-03  2.16226e-02
 2.54821e-03  2.15844e-02
 2.65451e-03  2.14767e-02
 2.69469e-03  2.16226e-02

 2.00781e-03  2.05050e-02
 3.40932e-03  2.15077e-02
 3.25867e-03  2.14929e-02
 3.34674e-03  2.13698e-02
 3.40932e-03  2.15077e-02

 2.45399e-03  2.05050e-02
 4.11736e-03  2.13668e-02
 3.96615e-03  2.13737e-02
 4.03579e-03  2.12393e-02
 4.11736e-03  2.13668e-02

 2.90017e-03  2.05050e-02
 4.77622e-03  2.12071e-02
 4.62692e-03  2.12320e-02
 4.67997e-03  2.10903e-02
 4.77622e-03  2.12071e-02

 3.34635e-03  2.05050e-02
 5.39844e-03  2.10350e-02
 5.25259e-03  2.10755e-02
 5.29044e-03  2.09289e-02
 5.39844e-03  2.10350e-02

 3.79253e-03  2.05050e-02
 5.97404e-03  2.08571e-02
 5.83256e-03  2.09110e-02
 5.85668e-03  2.07615e-02
 5.97404e-03  2.08571e-02

 2.24826e-04  2.10750e-02
 2.71766e-04  2.18984e-02
 1.88745e-04  2.17719e-02
 3.39866e-04  2.17633e-02
 2.71766e-04  2.18984e-02

 6.74479e-04  2.10750e-02
 1.20387e-03  2.18694e-02
 1.06819e-03  2.18023e-02
 1.19415e-03  2.17183e-02
 1.20387e-03  2.18694e-02

 1.12413e-03  2.10750e-02
 1.89557e-03  2.18371e-02
 1.74913e-03  2.17988e-02
 1.85551e-03  2.16912e-02
 1.89557e-03  2.18371e-02

 1.57378e-03  2.10750e-02
 2.68497e-03  2.17788e-02
 2.53373e-03  2.17726e-02
 2.61472e-03  2.16447e-02
 2.68497e-03  2.17788e-02

 2.02344e-03  2.10750e-02
 3.39323e-03  2.17035e-02
 3.24253e-03  2.17176e-02
 3.30565e-03  2.15801e-02
 3.39323e-03  2.17035e-02

 2.47309e-03  2.10750e-02
 4.09468e-03  2.16106e-02
 3.94648e-03  2.16413e-02
 3.99394e-03  2.14976e-02
 4.09468e-03  2.16106e-02

 2.92274e-03  2.10750e-02
 4.74588e-03  2.15058e-02
 4.60090e-03  2.15493e-02
 4.63571e-03  2.14020e-02
 4.74588e-03  2.15058e-02

 3.37240e-03  2.10750e-02
 5.35977e-03  2.13931e-02
 5.21837e-03  2.14471e-02
 5.24229e-03  2.12977e-02
 5.35977e-03  2.13931e-02

 3.82205e-03  2.10750e-02
 5.92643e-03  2.12774e-02
 5.78869e-03  2.13402e-02
 5.80319e-03  2.11896e-02
 5.92643e-03  2.12774e-02

 2.26562e-04  2.16450e-02
 2.69529e-04  2.21091e-02
 1.82084e-04  2.19856e-02
 3.32806e-04  2.19716e-02
 2.69529e-04  2.21091e-02

 6.79687e-04  2.16450e-02
 1.15667e-03  2.20717e-02
 1.00851e-03  2.20407e-02
 1.10942e-03  2.19279e-02
 1.15667e-03  2.20717e-02

 1.13281e-03  2.16450e-02
 1.81338e-03  2.20547e-02
 1.66204e-03  2.20519e-02
 1.74010e-03  2.19222e-02
 1.81338e-03  2.20547e-02

 1.58594e-03  2.16450e-02
 2.56278e-03  2.20181e-02
 2.41332e-03  2.20421e-02
 2.46733e-03  2.19007e-02
 2.56278e-03  2.20181e-02

 2.03906e-03  2.16450e-02
 3.23494e-03  2.19756e-02
 3.08842e-03  2.20136e-02
 3.12875e-03  2.18677e-02
 3.23494e-03  2.19756e-02

 2.49219e-03  2.16450e-02
 3.90194e-03  2.19215e-02
 3.75874e-03  2.19706e-02
 3.78787e-03  2.18220e-02
 3.90194e-03  2.19215e-02

 2.94531e-03  2.16450e-02
 4.52195e-03  2.18616e-02
 4.38178e-03  2.19187e-02
 4.40238e-03  2.17687e-02
 4.52195e-03  2.18616e-02

 3.39844e-03  2.16450e-02
 5.10805e-03  2.17971e-02
 4.97077e-03  2.18609e-02
 4.98419e-03  2.17101e-02
 5.10805e-03  2.17971e-02

 3.85156e-03  2.16450e-02
 5.65094e-03  2.17316e-02
 5.51636e-03  2.18009e-02
 5.52364e-03  2.16497e-02
 5.65094e-03  2.17316e-02

 2.28299e-04  2.22150e-02
 2.58642e-04  2.22552e-02
 1.19270e-04  2.21962e-02
 2.40100e-04  2.21050e-02
 2.58642e-04  2.22552e-02

 6.84896e-04  2.22150e-02
 9.76610e-04  2.22509e-02
 8.37267e-04  2.23100e-02
 8.55738e-04  2.21598e-02
 9.76610e-04  2.22509e-02

 1.14149e-03  2.22150e-02
 1.55061e-03  2.22500e-02
 1.41354e-03  2.23142e-02
 1.42645e-03  2.21634e-02
 1.55061e-03  2.22500e-02

 1.59809e-03  2.22150e-02
 2.18187e-03  2.22465e-02
 2.04689e-03  2.23150e-02
 2.05505e-03  2.21639e-02
 2.18187e-03  2.22465e-02

 2.05469e-03  2.22150e-02
 2.76474e-03  2.22430e-02
 2.63078e-03  2.23134e-02
 2.63674e-03  2.21622e-02
 2.76474e-03  2.22430e-02

 2.51128e-03  2.22150e-02
 3.34494e-03  2.22382e-02
 3.21180e-03  2.23102e-02
 3.21601e-03  2.21589e-02
 3.34494e-03  2.22382e-02

 2.96788e-03  2.22150e-02
 3.89614e-03  2.22330e-02
 3.76361e-03  2.23061e-02
 3.76655e-03  2.21548e-02
 3.89614e-03  2.22330e-02

 3.42448e-03  2.22150e-02
 4.42683e-03  2.22274e-02
 4.29482e-03  2.23015e-02
 4.29669e-03  2.21501e-02
 4.42683e-03  2.22274e-02

 3.88108e-03  2.22150e-02
 4.93126e-03  2.22218e-02
 4.79969e-03  2.22966e-02
 4.80066e-03  2.21452e-02
 4.93126e-03  2.22218e-02

 3.76510e-03  1.13850e-02
 2.83412e-03  1.13975e-02
 2.96418e-03  1.13201e-02
 2.96622e-03  1.14714e-02
 2.83412e-03  1.13975e-02

 4.26406e-03  1.13850e-02
 3.29206e-03  1.13927e-02
 3.42254e-03  1.13160e-02
 3.42375e-03  1.14674e-02
 3.29206e-03  1.13927e-02

 4.76302e-03  1.13850e-02
 3.77308e-03  1.13878e-02
 3.90395e-03  1.13118e-02
 3.90439e-03  1.14632e-02
 3.77308e-03  1.13878e-02

 5.26198e-03  1.13850e-02
 4.27749e-03  1.13830e-02
 4.40873e-03  1.13076e-02
 4.40842e-03  1.14589e-02
 4.27749e-03  1.13830e-02

 5.76094e-03  1.13850e-02
 4.80483e-03  1.13782e-02
 4.93645e-03  1.13035e-02
 4.93538e-03  1.14548e-02
 4.80483e-03  1.13782e-02

 6.25990e-03  1.13850e-02
 5.35404e-03  1.13737e-02
 5.48606e-03  1.12997e-02
 5.48418e-03  1.14510e-02
 5.35404e-03  1.13737e-02

 6.75885e-03  1.13850e-02
 5.92346e-03  1.13697e-02
 6.05591e-03  1.12964e-02
 6.05314e-03  1.14478e-02
 5.92346e-03  1.13697e-02

 7.25781e-03  1.13850e-02
 6.51011e-03  1.13663e-02
 6.64305e-03  1.12939e-02
 6.63927e-03  1.14452e-02
 6.51011e-03  1.13663e-02

 7.75677e-03  1.13850e-02
 7.11120e-03  1.13637e-02
 7.24471e-03  1.12924e-02
 7.23972e-03  1.14437e-02
 7.11120e-03  1.13637e-02

 8.25573e-03  1.13850e-02
 7.72082e-03  1.13621e-02
 7.85503e-03  1.12921e-02
 7.84855e-03  1.14433e-02
 7.72082e-03  1.13621e-02

 8.75469e-03  1.13850e-02
 8.33695e-03  1.13616e-02
 8.47207e-03  1.12933e-02
 8.46359e-03  1.14445e-02
 8.33695e-03  1.13616e-02

 9.25365e-03  1.13850e-02
 8.94763e-03  1.13623e-02
 9.08396e-03  1.12965e-02
 9.07277e-03  1.14475e-02
 8.94763e-03  1.13623e-02

 9.75260e-03  1.13850e-02
 9.55951e-03  1.13641e-02
 9.69798e-03  1.13030e-02
 9.68170e-03  1.14535e-02
 9.55951e-03  1.13641e-02

 1.02516e-02  1.13850e-02
 1.01417e-02  1.13675e-02
 1.02831e-02  1.13134e-02
 1.02593e-02  1.14629e-02
 1.01417e-02  1.13675e-02

 1.07505e-02  1.13850e-02
 1.07393e-02  1.13714e-02
 1.08812e-02  1.14241e-02
 1.07646e-02  1.15207e-02
 1.07393e-02  1.13714e-02

 3.79531e-03  1.19550e-02
 2.17561e-03  1.20957e-02
 2.29966e-03  1.20090e-02
 2.31276e-03  1.21598e-02
 2.17561e-03  1.20957e-02

 4.29219e-03  1.19550e-02
 2.60921e-03  1.20395e-02
 2.73634e-03  1.19574e-02
 2.74393e-03  1.21085e-02
 2.60921e-03  1.20395e-02

 4.78906e-03  1.19550e-02
 3.08316e-03  1.19825e-02
 3.21301e-03  1.19047e-02
 3.21545e-03  1.20561e-02
 3.08316e-03  1.19825e-02

 5.28594e-03  1.19550e-02
 3.59721e-03  1.19258e-02
 3.72959e-03  1.18524e-02
 3.72697e-03  1.20037e-02
 3.59721e-03  1.19258e-02

 5.78281e-03  1.19550e-02
 4.15017e-03  1.18707e-02
 4.28498e-03  1.18019e-02
 4.27718e-03  1.19531e-02
 4.15017e-03  1.18707e-02

 6.27969e-03  1.19550e-02
 4.73983e-03  1.18190e-02
 4.87707e-03  1.17552e-02
 4.86375e-03  1.19059e-02
 4.73983e-03  1.18190e-02

 6.77656e-03  1.19550e-02
 5.36317e-03  1.17725e-02
 5.50287e-03  1.17143e-02
 5.48349e-03  1.18644e-02
 5.36317e-03  1.17725e-02

 7.27344e-03  1.19550e-02
 6.01505e-03  1.17335e-02
 6.15727e-03  1.16817e-02
 6.13103e-03  1.18307e-02
 6.01505e-03  1.17335e-02

 7.77031e-03  1.19550e-02
 6.69054e-03  1.17038e-02
 6.83536e-03  1.16598e-02
 6.80107e-03  1.18072e-02
 6.69054e-03  1.17038e-02

 8.26719e-03  1.19550e-02
 7.37980e-03  1.16858e-02
 7.52721e-03  1.16514e-02
 7.48327e-03  1.17963e-02
 7.37980e-03  1.16858e-02

 8.76406e-03  1.19550e-02
 8.07884e-03  1.16805e-02
 8.22867e-03  1.16590e-02
 8.17237e-03  1.17995e-02
 8.07884e-03  1.16805e-02

 9.26094e-03  1.19550e-02
 8.76775e-03  1.16897e-02
 8.91905e-03  1.16851e-02
 8.84734e-03  1.18184e-02
 8.76775e-03  1.16897e-02

 9.75781e-03  1.19550e-02
 9.45511e-03  1.17123e-02
 9.60473e-03  1.17353e-02
 9.51005e-03  1.18534e-02
 9.45511e-03  1.17123e-02

 1.02547e-02  1.19550e-02
 1.00903e-02  1.17520e-02
 1.02316e-02  1.18063e-02
 1.01140e-02  1.19015e-02
 1.00903e-02  1.17520e-02

 1.07516e-02  1.19550e-02
 1.07375e-02  1.18229e-02
 1.08266e-02  1.19452e-02
 1.06761e-02  1.19613e-02
 1.07375e-02  1.18229e-02

 3.82552e-03  1.25250e-02
 1.88076e-03  1.27445e-02
 2.00253e-03  1.26546e-02
 2.01951e-03  1.28050e-02
 1.88076e-03  1.27445e-02

 4.32031e-03  1.25250e-02
 2.30933e-03  1.26413e-02
 2.43583e-03  1.25582e-02
 2.44456e-03  1.27093e-02
 2.30933e-03  1.26413e-02

 4.81510e-03  1.25250e-02
 2.78588e-03  1.25379e-02
 2.91648e-03  1.24614e-02
 2.91744e-03  1.26127e-02
 2.78588e-03  1.25379e-02

 5.30990e-03  1.25250e-02
 3.30951e-03  1.24362e-02
 3.44382e-03  1.23664e-02
 3.43711e-03  1.25176e-02
 3.30951e-03  1.24362e-02

 5.80469e-03  1.25250e-02
 3.87809e-03  1.23386e-02
 4.01586e-03  1.22758e-02
 4.00128e-03  1.24265e-02
 3.87809e-03  1.23386e-02

 6.29948e-03  1.25250e-02
 4.48860e-03  1.22477e-02
 4.62963e-03  1.21928e-02
 4.60672e-03  1.23424e-02
 4.48860e-03  1.22477e-02

 6.79427e-03  1.25250e-02
 5.13695e-03  1.21670e-02
 5.28107e-03  1.21207e-02
 5.24910e-03  1.22686e-02
 5.13695e-03  1.21670e-02

 7.28906e-03  1.25250e-02
 5.81732e-03  1.20998e-02
 5.96427e-03  1.20635e-02
 5.92225e-03  1.22089e-02
 5.81732e-03  1.20998e-02

 7.78385e-03  1.25250e-02
 6.52380e-03  1.20498e-02
 6.67316e-03  1.20252e-02
 6.61975e-03  1.21669e-02
 6.52380e-03  1.20498e-02

 8.27865e-03  1.25250e-02
 7.24542e-03  1.20207e-02
 7.39642e-03  1.20102e-02
 7.33002e-03  1.21462e-02
 7.24542e-03  1.20207e-02

 8.77344e-03  1.25250e-02
 7.97740e-03  1.20153e-02
 8.12861e-03  1.20222e-02
 8.04698e-03  1.21497e-02
 7.97740e-03  1.20153e-02

 9.26823e-03  1.25250e-02
 8.69770e-03  1.20366e-02
 8.84650e-03  1.20644e-02
 8.74807e-03  1.21794e-02
 8.69770e-03  1.20366e-02

 9.76302e-03  1.25250e-02
 9.41422e-03  1.20858e-02
 9.55501e-03  1.21414e-02
 9.43648e-03  1.22355e-02
 9.41422e-03  1.20858e-02

 1.02578e-02  1.25250e-02
 1.00711e-02  1.21669e-02
 1.01988e-02  1.22481e-02
 1.00646e-02  1.23181e-02
 1.00711e-02  1.21669e-02

 1.07526e-02  1.25250e-02
 1.07366e-02  1.23028e-02
 1.08215e-02  1.24281e-02
 1.06705e-02  1.24390e-02
 1.07366e-02  1.23028e-02

 3.85573e-03  1.30950e-02
 1.77875e-03  1.34237e-02
 1.89639e-03  1.33285e-02
 1.92006e-03  1.34780e-02
 1.77875e-03  1.34237e-02

 4.34844e-03  1.30950e-02
 2.20773e-03  1.32586e-02
 2.33267e-03  1.31731e-02
 2.34420e-03  1.33240e-02
 2.20773e-03  1.32586e-02

 4.84115e-03  1.30950e-02
 2.68750e-03  1.30944e-02
 2.81861e-03  1.30187e-02
 2.81856e-03  1.31701e-02
 2.68750e-03  1.30944e-02

 5.33385e-03  1.30950e-02
 3.21646e-03  1.29342e-02
 3.35290e-03  1.28687e-02
 3.34144e-03  1.30196e-02
 3.21646e-03  1.29342e-02

 5.82656e-03  1.30950e-02
 3.79196e-03  1.27815e-02
 3.93305e-03  1.27267e-02
 3.91000e-03  1.28763e-02
 3.79196e-03  1.27815e-02

 6.31927e-03  1.30950e-02
 4.41046e-03  1.26404e-02
 4.55551e-03  1.25971e-02
 4.52044e-03  1.27444e-02
 4.41046e-03  1.26404e-02

 6.81198e-03  1.30950e-02
 5.06770e-03  1.25155e-02
 5.21597e-03  1.24850e-02
 5.16824e-03  1.26286e-02
 5.06770e-03  1.25155e-02

 7.30469e-03  1.30950e-02
 5.75749e-03  1.24121e-02
 5.90798e-03  1.23958e-02
 5.84685e-03  1.25343e-02
 5.75749e-03  1.24121e-02

 7.79740e-03  1.30950e-02
 6.47399e-03  1.23357e-02
 6.62536e-03  1.23353e-02
 6.55003e-03  1.24666e-02
 6.47399e-03  1.23357e-02

 8.29010e-03  1.30950e-02
 7.20601e-03  1.22916e-02
 7.35640e-03  1.23089e-02
 7.26627e-03  1.24305e-02
 7.20601e-03  1.22916e-02

 8.78281e-03  1.30950e-02
 7.94855e-03  1.22850e-02
 8.09533e-03  1.23220e-02
 7.98989e-03  1.24306e-02
 7.94855e-03  1.22850e-02

 9.27552e-03  1.30950e-02
 8.67895e-03  1.23205e-02
 8.81890e-03  1.23781e-02
 8.69898e-03  1.24705e-02
 8.67895e-03  1.23205e-02

 9.76823e-03  1.30950e-02
 9.40461e-03  1.24014e-02
 9.53250e-03  1.24823e-02
 9.39844e-03  1.25526e-02
 9.40461e-03  1.24014e-02

 1.02609e-02  1.30950e-02
 1.00677e-02  1.25320e-02
 1.01818e-02  1.26314e-02
 1.00386e-02  1.26805e-02
 1.00677e-02  1.25320e-02

 1.07536e-02  1.30950e-02
 1.07372e-02  1.27530e-02
 1.08191e-02  1.28803e-02
 1.06679e-02  1.28875e-02
 1.07372e-02  1.27530e-02

 3.88594e-03  1.36650e-02
 1.85172e-03  1.40778e-02
 1.96513e-03  1.39776e-02
 1.99524e-03  1.41259e-02
 1.85172e-03  1.40778e-02

 4.37656e-03  1.36650e-02
 2.28467e-03  1.38550e-02
 2.40838e-03  1.37678e-02
 2.42207e-03  1.39185e-02
 2.28467e-03  1.38550e-02

 4.86719e-03  1.36650e-02
 2.76667e-03  1.36353e-02
 2.89881e-03  1.35615e-02
 2.89667e-03  1.37128e-02
 2.76667e-03  1.36353e-02

 5.35781e-03  1.36650e-02
 3.29559e-03  1.34224e-02
 3.43462e-03  1.33626e-02
 3.41694e-03  1.35129e-02
 3.29559e-03  1.34224e-02

 5.84844e-03  1.36650e-02
 3.86878e-03  1.32207e-02
 4.01326e-03  1.31756e-02
 3.98012e-03  1.33233e-02
 3.86878e-03  1.32207e-02

 6.33906e-03  1.36650e-02
 4.48255e-03  1.30352e-02
 4.63100e-03  1.30056e-02
 4.58237e-03  1.31490e-02
 4.48255e-03  1.30352e-02

 6.82969e-03  1.36650e-02
 5.13294e-03  1.28716e-02
 5.28374e-03  1.28586e-02
 5.21963e-03  1.29957e-02
 5.13294e-03  1.28716e-02

 7.32031e-03  1.36650e-02
 5.81406e-03  1.27366e-02
 5.96536e-03  1.27409e-02
 5.88594e-03  1.28698e-02
 5.81406e-03  1.27366e-02

 7.81094e-03  1.36650e-02
 6.52076e-03  1.26371e-02
 6.67045e-03  1.26596e-02
 6.57613e-03  1.27780e-02
 6.52076e-03  1.26371e-02

 8.30156e-03  1.36650e-02
 7.24268e-03  1.25804e-02
 7.38840e-03  1.26213e-02
 7.28009e-03  1.27270e-02
 7.24268e-03  1.25804e-02

 8.79219e-03  1.36650e-02
 7.97526e-03  1.25736e-02
 8.11440e-03  1.26332e-02
 7.99323e-03  1.27239e-02
 7.97526e-03  1.25736e-02

 9.28281e-03  1.36650e-02
 8.69683e-03  1.26232e-02
 8.82706e-03  1.27004e-02
 8.69513e-03  1.27746e-02
 8.69683e-03  1.26232e-02

 9.77344e-03  1.36650e-02
 9.41494e-03  1.27356e-02
 9.53273e-03  1.28307e-02
 9.39150e-03  1.28851e-02
 9.41494e-03  1.27356e-02

 1.02641e-02  1.36650e-02
 1.00724e-02  1.29145e-02
 1.01782e-02  1.30228e-02
 1.00315e-02  1.30603e-02
 1.00724e-02  1.29145e-02

 1.07547e-02  1.36650e-02
 1.07384e-02  1.32144e-02
 1.08187e-02  1.33427e-02
 1.06675e-02  1.33482e-02
 1.07384e-02  1.32144e-02

 3.91615e-03  1.42350e-02
 2.05426e-03  1.47283e-02
 2.16159e-03  1.46216e-02
 2.20036e-03  1.47679e-02
 2.05426e-03  1.47283e-02

 4.40469e-03  1.42350e-02
 2.49186e-03  1.44497e-02
 2.61369e-03  1.43599e-02
 2.63058e-03  1.45103e-02
 2.49186e-03  1.44497e-02

 4.89323e-03  1.42350e-02
 2.97367e-03  1.41764e-02
 3.10700e-03  1.41048e-02
 3.10239e-03  1.42561e-02
 2.97367e-03  1.41764e-02

 5.38177e-03  1.42350e-02
 3.49748e-03  1.39129e-02
 3.63944e-03  1.38604e-02
 3.61394e-03  1.40096e-02
 3.49748e-03  1.39129e-02

 5.87031e-03  1.42350e-02
 4.06072e-03  1.36642e-02
 4.20850e-03  1.36314e-02
 4.16297e-03  1.37758e-02
 4.06072e-03  1.36642e-02

 6.35885e-03  1.42350e-02
 4.66014e-03  1.34359e-02
 4.81097e-03  1.34232e-02
 4.74654e-03  1.35602e-02
 4.66014e-03  1.34359e-02

 6.84740e-03  1.42350e-02
 5.29233e-03  1.32350e-02
 5.44352e-03  1.32422e-02
 5.36165e-03  1.33696e-02
 5.29233e-03  1.32350e-02

 7.33594e-03  1.42350e-02
 5.95222e-03  1.30691e-02
 6.10123e-03  1.30957e-02
 6.00370e-03  1.32114e-02
 5.95222e-03  1.30691e-02

 7.82448e-03  1.42350e-02
 6.63542e-03  1.29466e-02
 6.77994e-03  1.29916e-02
 6.66871e-03  1.30943e-02
 6.63542e-03  1.29466e-02

 8.31302e-03  1.42350e-02
 7.33322e-03  1.28765e-02
 7.47129e-03  1.29385e-02
 7.34852e-03  1.30271e-02
 7.33322e-03  1.28765e-02

 8.80156e-03  1.42350e-02
 8.04193e-03  1.28680e-02
 8.17176e-03  1.29458e-02
 8.03945e-03  1.30194e-02
 8.04193e-03  1.28680e-02

 9.29010e-03  1.42350e-02
 8.74200e-03  1.29294e-02
 8.86253e-03  1.30210e-02
 8.72296e-03  1.30795e-02
 8.74200e-03  1.29294e-02

 9.77865e-03  1.42350e-02
 9.44105e-03  1.30702e-02
 9.55023e-03  1.31750e-02
 9.40485e-03  1.32171e-02
 9.44105e-03  1.30702e-02

 1.02672e-02  1.42350e-02
 1.00852e-02  1.32940e-02
 1.01844e-02  1.34084e-02
 1.00358e-02  1.34371e-02
 1.00852e-02  1.32940e-02

 1.07557e-02  1.42350e-02
 1.07402e-02  1.36725e-02
 1.08195e-02  1.38014e-02
 1.06682e-02  1.38056e-02
 1.07402e-02  1.36725e-02

 3.94635e-03  1.48050e-02
 2.36237e-03  1.53605e-02
 2.46103e-03  1.52457e-02
 2.51112e-03  1.53885e-02
 2.36237e-03  1.53605e-02

 4.43281e-03  1.48050e-02
 2.80539e-03  1.50348e-02
 2.92461e-03  1.49415e-02
 2.94577e-03  1.50914e-02
 2.80539e-03  1.50348e-02

 4.91927e-03  1.48050e-02
 3.28542e-03  1.47167e-02
 3.42040e-03  1.46482e-02
 3.41223e-03  1.47993e-02
 3.28542e-03  1.47167e-02

 5.40573e-03  1.48050e-02
 3.80048e-03  1.44110e-02
 3.94583e-03  1.43688e-02
 3.90975e-03  1.45158e-02
 3.80048e-03  1.44110e-02

 5.89219e-03  1.48050e-02
 4.34847e-03  1.41233e-02
 4.49896e-03  1.41070e-02
 4.43781e-03  1.42455e-02
 4.34847e-03  1.41233e-02

 6.37865e-03  1.48050e-02
 4.92651e-03  1.38597e-02
 5.07766e-03  1.38678e-02
 4.99508e-03  1.39947e-02
 4.92651e-03  1.38597e-02

 6.86510e-03  1.48050e-02
 5.53186e-03  1.36277e-02
 5.68022e-03  1.36577e-02
 5.58003e-03  1.37712e-02
 5.53186e-03  1.36277e-02

 7.35156e-03  1.48050e-02
 6.16068e-03  1.34357e-02
 6.30381e-03  1.34849e-02
 6.18960e-03  1.35842e-02
 6.16068e-03  1.34357e-02

 7.83802e-03  1.48050e-02
 6.80979e-03  1.32934e-02
 6.94609e-03  1.33592e-02
 6.82093e-03  1.34443e-02
 6.80979e-03  1.32934e-02

 8.32448e-03  1.48050e-02
 7.47198e-03  1.32109e-02
 7.60054e-03  1.32908e-02
 7.46706e-03  1.33622e-02
 7.47198e-03  1.32109e-02

 8.81094e-03  1.48050e-02
 8.14510e-03  1.31995e-02
 8.26523e-03  1.32916e-02
 8.12541e-03  1.33496e-02
 8.14510e-03  1.31995e-02

 9.29740e-03  1.48050e-02
 8.81262e-03  1.32692e-02
 8.92425e-03  1.33714e-02
 8.77990e-03  1.34169e-02
 8.81262e-03  1.32692e-02

 9.78385e-03  1.48050e-02
 9.48214e-03  1.34329e-02
 9.58421e-03  1.35447e-02
 9.43638e-03  1.35772e-02
 9.48214e-03  1.34329e-02

 1.02703e-02  1.48050e-02
 1.01056e-02  1.36943e-02
 1.01997e-02  1.38128e-02
 1.00500e-02  1.38350e-02
 1.01056e-02  1.36943e-02

 1.07568e-02  1.48050e-02
 1.07427e-02  1.41416e-02
 1.08211e-02  1.42711e-02
 1.06698e-02  1.42743e-02
 1.07427e-02  1.41416e-02

 3.97656e-03  1.53750e-02
 2.74928e-03  1.59794e-02
 2.83345e-03  1.58536e-02
 2.90032e-03  1.59894e-02
 2.74928e-03  1.59794e-02

 4.46094e-03  1.53750e-02
 3.19846e-03  1.56158e-02
 3.31305e-03  1.55169e-02
 3.34141e-03  1.56655e-02
 3.19846e-03  1.56158e-02

 4.94531e-03  1.53750e-02
 3.67602e-03  1.52615e-02
 3.81333e-03  1.51978e-02
 3.79985e-03  1.53486e-02
 3.67602e-03  1.52615e-02

 5.42969e-03  1.53750e-02
 4.18053e-03  1.49220e-02
 4.32957e-03  1.48955e-02
 4.27796e-03  1.50378e-02
 4.18053e-03  1.49220e-02

 5.91406e-03  1.53750e-02
 4.71009e-03  1.46030e-02
 4.86129e-03  1.46100e-02
 4.77958e-03  1.47374e-02
 4.71009e-03  1.46030e-02

 6.39844e-03  1.53750e-02
 5.26258e-03  1.43109e-02
 5.40999e-03  1.43453e-02
 5.30650e-03  1.44557e-02
 5.26258e-03  1.43109e-02

 6.88281e-03  1.53750e-02
 5.83596e-03  1.40536e-02
 5.97668e-03  1.41094e-02
 5.85804e-03  1.42034e-02
 5.83596e-03  1.40536e-02

 7.36719e-03  1.53750e-02
 6.42743e-03  1.38401e-02
 6.56042e-03  1.39124e-02
 6.43133e-03  1.39915e-02
 6.42743e-03  1.38401e-02

 7.85156e-03  1.53750e-02
 7.03494e-03  1.36809e-02
 7.16004e-03  1.37661e-02
 7.02368e-03  1.38318e-02
 7.03494e-03  1.36809e-02

 8.33594e-03  1.53750e-02
 7.65351e-03  1.35868e-02
 7.77096e-03  1.36823e-02
 7.62954e-03  1.37363e-02
 7.65351e-03  1.35868e-02

 8.82031e-03  1.53750e-02
 8.28215e-03  1.35711e-02
 8.39215e-03  1.36751e-02
 8.24710e-03  1.37183e-02
 8.28215e-03  1.35711e-02

 9.30469e-03  1.53750e-02
 8.90830e-03  1.36450e-02
 9.01135e-03  1.37558e-02
 8.86381e-03  1.37896e-02
 8.90830e-03  1.36450e-02

 9.78906e-03  1.53750e-02
 9.53910e-03  1.38250e-02
 9.63468e-03  1.39424e-02
 9.48525e-03  1.39665e-02
 9.53910e-03  1.38250e-02

 1.02734e-02  1.53750e-02
 1.01350e-02  1.41149e-02
 1.02245e-02  1.42370e-02
 1.00741e-02  1.42535e-02
 1.01350e-02  1.41149e-02

 1.07578e-02  1.53750e-02
 1.07459e-02  1.46212e-02
 1.08237e-02  1.47511e-02
 1.06723e-02  1.47535e-02
 1.07459e-02  1.46212e-02

 4.00677e-03  1.59450e-02
 3.19597e-03  1.65800e-02
 3.25251e-03  1.64396e-02
 3.34584e-03  1.65588e-02
 3.19597e-03  1.65800e-02

 4.48906e-03  1.59450e-02
 3.65284e-03  1.61899e-02
 3.75737e-03  1.60804e-02
 3.79991e-03  1.62256e-02
 3.65284e-03  1.61899e-02

 4.97135e-03  1.59450e-02
 4.12862e-03  1.58105e-02
 4.27000e-03  1.57564e-02
 4.24614e-03  1.59059e-02
 4.12862e-03  1.58105e-02

 5.45365e-03  1.59450e-02
 4.62219e-03  1.54476e-02
 4.77354e-03  1.54499e-02
 4.69583e-03  1.55798e-02
 4.62219e-03  1.54476e-02

 5.93594e-03  1.59450e-02
 5.13218e-03  1.51071e-02
 5.27754e-03  1.51493e-02
 5.16831e-03  1.52541e-02
 5.13218e-03  1.51071e-02

 6.41823e-03  1.59450e-02
 5.65708e-03  1.47957e-02
 5.79256e-03  1.48632e-02
 5.66636e-03  1.49468e-02
 5.65708e-03  1.47957e-02

 6.90052e-03  1.59450e-02
 6.19540e-03  1.45212e-02
 6.32140e-03  1.46051e-02
 6.18575e-03  1.46722e-02
 6.19540e-03  1.45212e-02

 7.38281e-03  1.59450e-02
 6.74549e-03  1.42928e-02
 6.86328e-03  1.43878e-02
 6.72205e-03  1.44423e-02
 6.74549e-03  1.42928e-02

 7.86510e-03  1.59450e-02
 7.30630e-03  1.41212e-02
 7.41707e-03  1.42243e-02
 7.27234e-03  1.42687e-02
 7.30630e-03  1.41212e-02

 8.34740e-03  1.59450e-02
 7.87508e-03  1.40179e-02
 7.97979e-03  1.41272e-02
 7.83278e-03  1.41633e-02
 7.87508e-03  1.40179e-02

 8.82969e-03  1.59450e-02
 8.45197e-03  1.39974e-02
 8.55122e-03  1.41117e-02
 8.40263e-03  1.41405e-02
 8.45197e-03  1.39974e-02

 9.31198e-03  1.59450e-02
 9.02909e-03  1.40718e-02
 9.12350e-03  1.41901e-02
 8.97383e-03  1.42127e-02
 9.02909e-03  1.40718e-02

 9.79427e-03  1.59450e-02
 9.61248e-03  1.42609e-02
 9.70179e-03  1.43831e-02
 9.55130e-03  1.43993e-02
 9.61248e-03  1.42609e-02

 1.02766e-02  1.59450e-02
 1.01738e-02  1.45691e-02
 1.02590e-02  1.46942e-02
 1.01081e-02  1.47054e-02
 1.01738e-02  1.45691e-02

 1.07589e-02  1.59450e-02
 1.07500e-02  1.51196e-02
 1.08271e-02  1.52499e-02
 1.06757e-02  1.52515e-02
 1.07500e-02  1.51196e-02

 4.03698e-03  1.65150e-02
 3.68354e-03  1.71619e-02
 3.67998e-03  1.70106e-02
 3.81281e-03  1.70832e-02
 3.68354e-03  1.71619e-02

 4.51719e-03  1.65150e-02
 4.14982e-03  1.67570e-02
 4.21765e-03  1.66217e-02
 4.30092e-03  1.67481e-02
 4.14982e-03  1.67570e-02

 4.99740e-03  1.65150e-02
 4.62506e-03  1.63639e-02
 4.77498e-03  1.63430e-02
 4.71805e-03  1.64833e-02
 4.62506e-03  1.63639e-02

 5.47760e-03  1.65150e-02
 5.10845e-03  1.59884e-02
 5.24567e-03  1.60523e-02
 5.12172e-03  1.61392e-02
 5.10845e-03  1.59884e-02

 5.95781e-03  1.65150e-02
 5.59903e-03  1.56367e-02
 5.71867e-03  1.57294e-02
 5.57854e-03  1.57867e-02
 5.59903e-03  1.56367e-02

 6.43802e-03  1.65150e-02
 6.09575e-03  1.53154e-02
 6.20450e-03  1.54207e-02
 6.05894e-03  1.54622e-02
 6.09575e-03  1.53154e-02

 6.91823e-03  1.65150e-02
 6.59778e-03  1.50323e-02
 6.69945e-03  1.51444e-02
 6.55149e-03  1.51764e-02
 6.59778e-03  1.50323e-02

 7.39844e-03  1.65150e-02
 7.10440e-03  1.47962e-02
 7.20110e-03  1.49127e-02
 7.05190e-03  1.49382e-02
 7.10440e-03  1.47962e-02

 7.87865e-03  1.65150e-02
 7.61549e-03  1.46180e-02
 7.70847e-03  1.47374e-02
 7.55854e-03  1.47582e-02
 7.61549e-03  1.46180e-02

 8.35885e-03  1.65150e-02
 8.13050e-03  1.45090e-02
 8.22053e-03  1.46307e-02
 8.07013e-03  1.46478e-02
 8.13050e-03  1.45090e-02

 8.83906e-03  1.65150e-02
 8.65049e-03  1.44842e-02
 8.73797e-03  1.46077e-02
 8.58725e-03  1.46217e-02
 8.65049e-03  1.44842e-02

 9.31927e-03  1.65150e-02
 9.17271e-03  1.45562e-02
 9.25796e-03  1.46812e-02
 9.10702e-03  1.46925e-02
 9.17271e-03  1.45562e-02

 9.79948e-03  1.65150e-02
 9.70141e-03  1.47476e-02
 9.78424e-03  1.48743e-02
 9.63310e-03  1.48827e-02
 9.70141e-03  1.47476e-02

 1.02797e-02  1.65150e-02
 1.02219e-02  1.50634e-02
 1.03028e-02  1.51914e-02
 1.01515e-02  1.51974e-02
 1.02219e-02  1.50634e-02

 1.07599e-02  1.65150e-02
 1.07549e-02  1.56410e-02
 1.08313e-02  1.57717e-02
 1.06799e-02  1.57725e-02
 1.07549e-02  1.56410e-02

 4.06719e-03  1.70850e-02
 4.19498e-03  1.77221e-02
 4.09499e-03  1.76085e-02
 4.24340e-03  1.75787e-02
 4.19498e-03  1.77221e-02

 4.54531e-03  1.70850e-02
 4.67235e-03  1.73149e-02
 4.54270e-03  1.72367e-02
 4.67518e-03  1.71635e-02
 4.67235e-03  1.73149e-02

 5.02344e-03  1.70850e-02
 5.14845e-03  1.69199e-02
 5.12966e-03  1.70701e-02
 5.00898e-03  1.69787e-02
 5.14845e-03  1.69199e-02

 5.50156e-03  1.70850e-02
 5.62275e-03  1.65435e-02
 5.66798e-03  1.66879e-02
 5.52026e-03  1.66549e-02
 5.62275e-03  1.65435e-02

 5.97969e-03  1.70850e-02
 6.09461e-03  1.61917e-02
 6.15295e-03  1.63314e-02
 6.00282e-03  1.63121e-02
 6.09461e-03  1.61917e-02

 6.45781e-03  1.70850e-02
 6.56346e-03  1.58710e-02
 6.62749e-03  1.60082e-02
 6.47670e-03  1.59951e-02
 6.56346e-03  1.58710e-02

 6.93594e-03  1.70850e-02
 7.02897e-03  1.55889e-02
 7.09637e-03  1.57244e-02
 6.94529e-03  1.57150e-02
 7.02897e-03  1.55889e-02

 7.41406e-03  1.70850e-02
 7.49137e-03  1.53537e-02
 7.56113e-03  1.54880e-02
 7.40992e-03  1.54812e-02
 7.49137e-03  1.53537e-02

 7.89219e-03  1.70850e-02
 7.95135e-03  1.51756e-02
 8.02294e-03  1.53090e-02
 7.87165e-03  1.53043e-02
 7.95135e-03  1.51756e-02

 8.37031e-03  1.70850e-02
 8.41051e-03  1.50655e-02
 8.48357e-03  1.51981e-02
 8.33223e-03  1.51951e-02
 8.41051e-03  1.50655e-02

 8.84844e-03  1.70850e-02
 8.87053e-03  1.50382e-02
 8.94480e-03  1.51701e-02
 8.79344e-03  1.51685e-02
 8.87053e-03  1.50382e-02

 9.32656e-03  1.70850e-02
 9.33406e-03  1.51063e-02
 9.40925e-03  1.52376e-02
 9.25788e-03  1.52371e-02
 9.33406e-03  1.51063e-02

 9.80469e-03  1.70850e-02
 9.80285e-03  1.52940e-02
 9.87867e-03  1.54250e-02
 9.72730e-03  1.54251e-02
 9.80285e-03  1.52940e-02

 1.02828e-02  1.70850e-02
 1.02778e-02  1.56065e-02
 1.03539e-02  1.57374e-02
 1.02026e-02  1.57379e-02
 1.02778e-02  1.56065e-02

 1.07609e-02  1.70850e-02
 1.07604e-02  1.61913e-02
 1.08362e-02  1.63224e-02
 1.06848e-02  1.63225e-02
 1.07604e-02  1.61913e-02

 4.09740e-03  1.76550e-02
 4.71154e-03  1.82593e-02
 4.56502e-03  1.82213e-02
 4.67118e-03  1.81134e-02
 4.71154e-03  1.82593e-02

 4.57344e-03  1.76550e-02
 5.20099e-03  1.78622e-02
 5.05278e-03  1.78930e-02
 5.10024e-03  1.77493e-02
 5.20099e-03  1.78622e-02

 5.04948e-03  1.76550e-02
 5.67890e-03  1.74777e-02
 5.57324e-03  1.75861e-02
 5.53221e-03  1.74404e-02
 5.67890e-03  1.74777e-02

 5.52552e-03  1.76550e-02
 6.14494e-03  1.71123e-02
 6.09623e-03  1.72556e-02
 5.99647e-03  1.71417e-02
 6.14494e-03  1.71123e-02

 6.00156e-03  1.76550e-02
 6.59881e-03  1.67718e-02
 6.58807e-03  1.69228e-02
 6.46268e-03  1.68380e-02
 6.59881e-03  1.67718e-02

 6.47760e-03  1.76550e-02
 7.04041e-03  1.64627e-02
 7.05289e-03  1.66135e-02
 6.91601e-03  1.65489e-02
 7.04041e-03  1.64627e-02

 6.95365e-03  1.76550e-02
 7.46992e-03  1.61916e-02
 7.49768e-03  1.63404e-02
 7.35494e-03  1.62900e-02
 7.46992e-03  1.61916e-02

 7.42969e-03  1.76550e-02
 7.88856e-03  1.59660e-02
 7.92723e-03  1.61124e-02
 7.78116e-03  1.60727e-02
 7.88856e-03  1.59660e-02

 7.90573e-03  1.76550e-02
 8.29773e-03  1.57955e-02
 8.34475e-03  1.59394e-02
 8.19664e-03  1.59082e-02
 8.29773e-03  1.57955e-02

 8.38177e-03  1.76550e-02
 8.70110e-03  1.56897e-02
 8.75478e-03  1.58313e-02
 8.60537e-03  1.58070e-02
 8.70110e-03  1.56897e-02

 8.85781e-03  1.76550e-02
 9.10076e-03  1.56626e-02
 9.16002e-03  1.58019e-02
 9.00976e-03  1.57836e-02
 9.10076e-03  1.56626e-02

 9.33385e-03  1.76550e-02
 9.50463e-03  1.57261e-02
 9.56845e-03  1.58633e-02
 9.41768e-03  1.58500e-02
 9.50463e-03  1.57261e-02

 9.80990e-03  1.76550e-02
 9.91143e-03  1.59048e-02
 9.97939e-03  1.60401e-02
 9.82828e-03  1.60313e-02
 9.91143e-03  1.59048e-02

 1.02859e-02  1.76550e-02
 1.03385e-02  1.62043e-02
 1.04094e-02  1.63380e-02
 1.02581e-02  1.63326e-02
 1.03385e-02  1.62043e-02

 1.07620e-02  1.76550e-02
 1.07664e-02  1.67746e-02
 1.08414e-02  1.69061e-02
 1.06901e-02  1.69054e-02
 1.07664e-02  1.67746e-02

 4.12760e-03  1.82250e-02
 5.21381e-03  1.87730e-02
 5.06269e-03  1.87815e-02
 5.13087e-03  1.86464e-02
 5.21381e-03  1.87730e-02

 4.60156e-03  1.82250e-02
 5.71487e-03  1.83983e-02
 5.57370e-03  1.84530e-02
 5.59698e-03  1.83034e-02
 5.71487e-03  1.83983e-02

 5.07552e-03  1.82250e-02
 6.19443e-03  1.80364e-02
 6.07774e-03  1.81328e-02
 6.05258e-03  1.79836e-02
 6.19443e-03  1.80364e-02

 5.54948e-03  1.82250e-02
 6.65219e-03  1.76937e-02
 6.56695e-03  1.78187e-02
 6.50124e-03  1.76824e-02
 6.65219e-03  1.76937e-02

 6.02344e-03  1.82250e-02
 7.08830e-03  1.73759e-02
 7.03299e-03  1.75168e-02
 6.93863e-03  1.73985e-02
 7.08830e-03  1.73759e-02

 6.49740e-03  1.82250e-02
 7.50315e-03  1.70889e-02
 7.47293e-03  1.72372e-02
 7.35959e-03  1.71369e-02
 7.50315e-03  1.70889e-02

 6.97135e-03  1.82250e-02
 7.89772e-03  1.68386e-02
 7.88782e-03  1.69897e-02
 7.76196e-03  1.69056e-02
 7.89772e-03  1.68386e-02

 7.44531e-03  1.82250e-02
 8.27405e-03  1.66316e-02
 8.28071e-03  1.67828e-02
 8.14642e-03  1.67129e-02
 8.27405e-03  1.66316e-02

 7.91927e-03  1.82250e-02
 8.63439e-03  1.64757e-02
 8.65484e-03  1.66257e-02
 8.51473e-03  1.65684e-02
 8.63439e-03  1.64757e-02

 8.39323e-03  1.82250e-02
 8.98435e-03  1.63796e-02
 9.01643e-03  1.65275e-02
 8.87228e-03  1.64814e-02
 8.98435e-03  1.63796e-02

 8.86719e-03  1.82250e-02
 9.32620e-03  1.63558e-02
 9.36844e-03  1.65012e-02
 9.22144e-03  1.64651e-02
 9.32620e-03  1.63558e-02

 9.34115e-03  1.82250e-02
 9.67277e-03  1.64149e-02
 9.72359e-03  1.65575e-02
 9.57470e-03  1.65302e-02
 9.67277e-03  1.64149e-02

 9.81510e-03  1.82250e-02
 1.00194e-02  1.65805e-02
 1.00784e-02  1.67199e-02
 9.92817e-03  1.67012e-02
 1.00194e-02  1.65805e-02

 1.02891e-02  1.82250e-02
 1.03994e-02  1.68580e-02
 1.04643e-02  1.69948e-02
 1.03134e-02  1.69826e-02
 1.03994e-02  1.68580e-02

 1.07630e-02  1.82250e-02
 1.07725e-02  1.73923e-02
 1.08467e-02  1.75242e-02
 1.06953e-02  1.75225e-02
 1.07725e-02  1.73923e-02

 4.15781e-03  1.87950e-02
 5.67708e-03  1.92651e-02
 5.52948e-03  1.92986e-02
 5.57422e-03  1.91540e-02
 5.67708e-03  1.92651e-02

 4.62969e-03  1.87950e-02
 6.18763e-03  1.89252e-02
 6.05070e-03  1.89897e-02
 6.06330e-03  1.88389e-02
 6.18763e-03  1.89252e-02

 5.10156e-03  1.87950e-02
 6.66708e-03  1.85980e-02
 6.54646e-03  1.86895e-02
 6.52756e-03  1.85393e-02
 6.66708e-03  1.85980e-02

 5.57344e-03  1.87950e-02
 7.11564e-03  1.82897e-02
 7.01463e-03  1.84025e-02
 6.96750e-03  1.82586e-02
 7.11564e-03  1.82897e-02

 6.04531e-03  1.87950e-02
 7.53378e-03  1.80058e-02
 7.45342e-03  1.81340e-02
 7.38251e-03  1.80003e-02
 7.53378e-03  1.80058e-02

 6.51719e-03  1.87950e-02
 7.92271e-03  1.77511e-02
 7.86259e-03  1.78900e-02
 7.77234e-03  1.77685e-02
 7.92271e-03  1.77511e-02

 6.98906e-03  1.87950e-02
 8.28401e-03  1.75308e-02
 8.24308e-03  1.76765e-02
 8.13734e-03  1.75682e-02
 8.28401e-03  1.75308e-02

 7.46094e-03  1.87950e-02
 8.62109e-03  1.73501e-02
 8.59803e-03  1.74997e-02
 8.48000e-03  1.74049e-02
 8.62109e-03  1.73501e-02

 7.93281e-03  1.87950e-02
 8.93683e-03  1.72154e-02
 8.93038e-03  1.73666e-02
 8.80264e-03  1.72854e-02
 8.93683e-03  1.72154e-02

 8.40469e-03  1.87950e-02
 9.23857e-03  1.71338e-02
 9.24740e-03  1.72849e-02
 9.11212e-03  1.72170e-02
 9.23857e-03  1.71338e-02

 8.87656e-03  1.87950e-02
 9.52883e-03  1.71159e-02
 9.55191e-03  1.72655e-02
 9.41081e-03  1.72107e-02
 9.52883e-03  1.71159e-02

 9.34844e-03  1.87950e-02
 9.82443e-03  1.71710e-02
 9.86019e-03  1.73181e-02
 9.71493e-03  1.72755e-02
 9.82443e-03  1.71710e-02

 9.82031e-03  1.87950e-02
 1.01175e-02  1.73197e-02
 1.01658e-02  1.74632e-02
 1.00175e-02  1.74333e-02
 1.01175e-02  1.73197e-02

 1.02922e-02  1.87950e-02
 1.04553e-02  1.75677e-02
 1.05130e-02  1.77076e-02
 1.03630e-02  1.76877e-02
 1.04553e-02  1.75677e-02

 1.07641e-02  1.87950e-02
 1.07781e-02  1.80446e-02
 1.08513e-02  1.81771e-02
 1.07000e-02  1.81743e-02
 1.07781e-02  1.80446e-02

 4.18802e-03  1.93650e-02
 6.07481e-03  1.97404e-02
 5.93147e-03  1.97890e-02
 5.96101e-03  1.96406e-02
 6.07481e-03  1.97404e-02

 4.65781e-03  1.93650e-02
 6.59009e-03  1.94455e-02
 6.45596e-03  1.95157e-02
 6.46227e-03  1.93645e-02
 6.59009e-03  1.94455e-02

 5.12760e-03  1.93650e-02
 7.06601e-03  1.91633e-02
 6.94346e-03  1.92521e-02
 6.92779e-03  1.91016e-02
 7.06601e-03  1.91633e-02

 5.59740e-03  1.93650e-02
 7.50311e-03  1.88992e-02
 7.39374e-03  1.90039e-02
 7.35780e-03  1.88568e-02
 7.50311e-03  1.88992e-02

 6.06719e-03  1.93650e-02
 7.90266e-03  1.86580e-02
 7.80754e-03  1.87757e-02
 7.75313e-03  1.86345e-02
 7.90266e-03  1.86580e-02

 6.53698e-03  1.93650e-02
 8.26672e-03  1.84437e-02
 8.18660e-03  1.85721e-02
 8.11545e-03  1.84385e-02
 8.26672e-03  1.84437e-02

 7.00677e-03  1.93650e-02
 8.59779e-03  1.82602e-02
 8.53328e-03  1.83972e-02
 8.44695e-03  1.82728e-02
 8.59779e-03  1.82602e-02

 7.47656e-03  1.93650e-02
 8.90040e-03  1.81115e-02
 8.85202e-03  1.82549e-02
 8.75199e-03  1.81413e-02
 8.90040e-03  1.81115e-02

 7.94635e-03  1.93650e-02
 9.17825e-03  1.80024e-02
 9.14648e-03  1.81504e-02
 9.03420e-03  1.80489e-02
 9.17825e-03  1.80024e-02

 8.41615e-03  1.93650e-02
 9.44022e-03  1.79384e-02
 9.42526e-03  1.80890e-02
 9.30229e-03  1.80007e-02
 9.44022e-03  1.79384e-02

 8.88594e-03  1.93650e-02
 9.68879e-03  1.79279e-02
 9.69093e-03  1.80793e-02
 9.55878e-03  1.80054e-02
 9.68879e-03  1.79279e-02

 9.35573e-03  1.93650e-02
 9.94390e-03  1.79789e-02
 9.96236e-03  1.81292e-02
 9.82302e-03  1.80700e-02
 9.94390e-03  1.79789e-02

 9.82552e-03  1.93650e-02
 1.01950e-02  1.81080e-02
 1.02306e-02  1.82552e-02
 1.00854e-02  1.82125e-02
 1.01950e-02  1.81080e-02

 1.02953e-02  1.93650e-02
 1.04995e-02  1.83207e-02
 1.05486e-02  1.84639e-02
 1.04000e-02  1.84348e-02
 1.04995e-02  1.83207e-02

 1.07651e-02  1.93650e-02
 1.07827e-02  1.87241e-02
 1.08547e-02  1.88572e-02
 1.07034e-02  1.88530e-02
 1.07827e-02  1.87241e-02

 4.21823e-03  1.99350e-02
 6.36703e-03  2.02071e-02
 6.22748e-03  2.02657e-02
 6.24649e-03  2.01156e-02
 6.36703e-03  2.02071e-02

 4.68594e-03  1.99350e-02
 6.88068e-03  1.99682e-02
 6.74847e-03  2.00418e-02
 6.75075e-03  1.98905e-02
 6.88068e-03  1.99682e-02

 5.15365e-03  1.99350e-02
 7.34884e-03  1.97410e-02
 7.22493e-03  1.98279e-02
 7.21160e-03  1.96771e-02
 7.34884e-03  1.97410e-02

 5.62135e-03  1.99350e-02
 7.77266e-03  1.95303e-02
 7.65782e-03  1.96289e-02
 7.62984e-03  1.94802e-02
 7.77266e-03  1.95303e-02

 6.08906e-03  1.99350e-02
 8.15424e-03  1.93398e-02
 8.04924e-03  1.94488e-02
 8.00732e-03  1.93034e-02
 8.15424e-03  1.93398e-02

 6.55677e-03  1.99350e-02
 8.49661e-03  1.91725e-02
 8.40230e-03  1.92909e-02
 8.34693e-03  1.91500e-02
 8.49661e-03  1.91725e-02

 7.02448e-03  1.99350e-02
 8.80327e-03  1.90310e-02
 8.72070e-03  1.91578e-02
 8.65212e-03  1.90229e-02
 8.80327e-03  1.90310e-02

 7.49219e-03  1.99350e-02
 9.07972e-03  1.89179e-02
 9.01018e-03  1.90523e-02
 8.92852e-03  1.89249e-02
 9.07972e-03  1.89179e-02

 7.95990e-03  1.99350e-02
 9.33045e-03  1.88368e-02
 9.27548e-03  1.89778e-02
 9.18082e-03  1.88597e-02
 9.33045e-03  1.88368e-02

 8.42760e-03  1.99350e-02
 9.56528e-03  1.87915e-02
 9.52648e-03  1.89378e-02
 9.41917e-03  1.88310e-02
 9.56528e-03  1.87915e-02

 8.89531e-03  1.99350e-02
 9.78671e-03  1.87885e-02
 9.76600e-03  1.89384e-02
 9.64650e-03  1.88455e-02
 9.78671e-03  1.87885e-02

 9.36302e-03  1.99350e-02
 1.00164e-02  1.88342e-02
 1.00146e-02  1.89855e-02
 9.88445e-03  1.89083e-02
 1.00164e-02  1.88342e-02

 9.83073e-03  1.99350e-02
 1.02421e-02  1.89406e-02
 1.02620e-02  1.90907e-02
 1.01221e-02  1.90328e-02
 1.02421e-02  1.89406e-02

 1.02984e-02  1.99350e-02
 1.05266e-02  1.91134e-02
 1.05645e-02  1.92599e-02
 1.04186e-02  1.92194e-02
 1.05266e-02  1.91134e-02

 1.07661e-02  1.99350e-02
 1.07858e-02  1.94286e-02
 1.08564e-02  1.95625e-02
 1.07051e-02  1.95567e-02
 1.07858e-02  1.94286e-02

 4.24844e-03  2.05050e-02
 6.51637e-03  2.06756e-02
 6.37997e-03  2.07412e-02
 6.39133e-03  2.05903e-02
 6.51637e-03  2.06756e-02

 4.71406e-03  2.05050e-02
 7.02052e-03  2.04961e-02
 6.88972e-03  2.05723e-02
 6.88914e-03  2.04209e-02
 7.02052e-03  2.04961e-02

 5.17969e-03  2.05050e-02
 7.47615e-03  2.03272e-02
 7.35130e-03  2.04127e-02
 7.33961e-03  2.02618e-02
 7.47615e-03  2.03272e-02

 5.64531e-03  2.05050e-02
 7.88532e-03  2.01722e-02
 7.76677e-03  2.02664e-02
 7.74453e-03  2.01166e-02
 7.88532e-03  2.01722e-02

 6.11094e-03  2.05050e-02
 8.25104e-03  2.00339e-02
 8.13929e-03  2.01360e-02
 8.10675e-03  1.99881e-02
 8.25104e-03  2.00339e-02

 6.57656e-03  2.05050e-02
 8.57726e-03  1.99140e-02
 8.47298e-03  2.00237e-02
 8.43010e-03  1.98786e-02
 8.57726e-03  1.99140e-02

 7.04219e-03  2.05050e-02
 8.86828e-03  1.98142e-02
 8.77245e-03  1.99313e-02
 8.71889e-03  1.97898e-02
 8.86828e-03  1.98142e-02

 7.50781e-03  2.05050e-02
 9.13031e-03  1.97359e-02
 9.04428e-03  1.98604e-02
 8.97944e-03  1.97237e-02
 9.13031e-03  1.97359e-02

 7.97344e-03  2.05050e-02
 9.36821e-03  1.96813e-02
 9.29382e-03  1.98131e-02
 9.21685e-03  1.96828e-02
 9.36821e-03  1.96813e-02

 8.43906e-03  2.05050e-02
 9.59225e-03  1.96531e-02
 9.53178e-03  1.97919e-02
 9.44184e-03  1.96701e-02
 9.59225e-03  1.96531e-02

 8.90469e-03  2.05050e-02
 9.80494e-03  1.96557e-02
 9.76153e-03  1.98007e-02
 9.65766e-03  1.96906e-02
 9.80494e-03  1.96557e-02

 9.37031e-03  2.05050e-02
 1.00279e-02  1.96944e-02
 1.00041e-02  1.98438e-02
 9.88657e-03  1.97485e-02
 1.00279e-02  1.96944e-02

 9.83594e-03  2.05050e-02
 1.02488e-02  1.97764e-02
 1.02500e-02  1.99277e-02
 1.01183e-02  1.98531e-02
 1.02488e-02  1.97764e-02

 1.03016e-02  2.05050e-02
 1.05301e-02  1.99077e-02
 1.05539e-02  2.00571e-02
 1.04125e-02  2.00030e-02
 1.05301e-02  1.99077e-02

 1.07672e-02  2.05050e-02
 1.07869e-02  2.01342e-02
 1.08555e-02  2.02692e-02
 1.07043e-02  2.02611e-02
 1.07869e-02  2.01342e-02

 4.27865e-03  2.10750e-02
 6.45614e-03  2.11610e-02
 6.32216e-03  2.12314e-02
 6.32813e-03  2.10802e-02
 6.45614e-03  2.11610e-02

 4.74219e-03  2.10750e-02
 6.94518e-03  2.10477e-02
 6.81504e-03  2.11250e-02
 6.81317e-03  2.09736e-02
 6.94518e-03  2.10477e-02

 5.20573e-03  2.10750e-02
 7.38761e-03  2.09422e-02
 7.26136e-03  2.10257e-02
 7.25216e-03  2.08746e-02
 7.38761e-03  2.09422e-02

 5.66927e-03  2.10750e-02
 7.78606e-03  2.08467e-02
 7.66385e-03  2.09360e-02
 7.64761e-03  2.07855e-02
 7.78606e-03  2.08467e-02

 6.13281e-03  2.10750e-02
 8.14425e-03  2.07625e-02
 8.02634e-03  2.08574e-02
 8.00310e-03  2.07079e-02
 8.14425e-03  2.07625e-02

 6.59635e-03  2.10750e-02
 8.46672e-03  2.06906e-02
 8.35355e-03  2.07912e-02
 8.32308e-03  2.06429e-02
 8.46672e-03  2.06906e-02

 7.05990e-03  2.10750e-02
 8.75808e-03  2.06317e-02
 8.65036e-03  2.07380e-02
 8.61213e-03  2.05916e-02
 8.75808e-03  2.06317e-02

 7.52344e-03  2.10750e-02
 9.02462e-03  2.05863e-02
 8.92340e-03  2.06989e-02
 8.87654e-03  2.05549e-02
 9.02462e-03  2.05863e-02

 7.98698e-03  2.10750e-02
 9.27095e-03  2.05556e-02
 9.17781e-03  2.06749e-02
 9.12105e-03  2.05346e-02
 9.27095e-03  2.05556e-02

 8.45052e-03  2.10750e-02
 9.50676e-03  2.05414e-02
 9.42389e-03  2.06680e-02
 9.35563e-03  2.05329e-02
 9.50676e-03  2.05414e-02

 8.91406e-03  2.10750e-02
 9.73424e-03  2.05461e-02
 9.66510e-03  2.06807e-02
 9.58306e-03  2.05535e-02
 9.73424e-03  2.05461e-02

 9.37760e-03  2.10750e-02
 9.97361e-03  2.05740e-02
 9.92196e-03  2.07163e-02
 9.82457e-03  2.06004e-02
 9.97361e-03  2.05740e-02

 9.84115e-03  2.10750e-02
 1.02132e-02  2.06285e-02
 1.01874e-02  2.07776e-02
 1.00711e-02  2.06807e-02
 1.02132e-02  2.06285e-02

 1.03047e-02  2.10750e-02
 1.05104e-02  2.07156e-02
 1.05110e-02  2.08670e-02
 1.03796e-02  2.07918e-02
 1.05104e-02  2.07156e-02

 1.07682e-02  2.10750e-02
 1.07861e-02  2.08492e-02
 1.08512e-02  2.09859e-02
 1.07003e-02  2.09739e-02
 1.07861e-02  2.08492e-02

 4.30885e-03  2.16450e-02
 6.15818e-03  2.16669e-02
 6.02621e-03  2.17410e-02
 6.02800e-03  2.15897e-02
 6.15818e-03  2.16669e-02

 4.77031e-03  2.16450e-02
 6.62811e-03  2.16055e-02
 6.49867e-03  2.16840e-02
 6.49545e-03  2.15326e-02
 6.62811e-03  2.16055e-02

 5.23177e-03  2.16450e-02
 7.05885e-03  2.15491e-02
 6.93190e-03  2.16316e-02
 6.92397e-03  2.14804e-02
 7.05885e-03  2.15491e-02

 5.69323e-03  2.16450e-02
 7.45348e-03  2.14988e-02
 7.32910e-03  2.15851e-02
 7.31657e-03  2.14343e-02
 7.45348e-03  2.14988e-02

 6.15469e-03  2.16450e-02
 7.81579e-03  2.14552e-02
 7.69414e-03  2.15453e-02
 7.67696e-03  2.13949e-02
 7.81579e-03  2.14552e-02

 6.61615e-03  2.16450e-02
 8.15017e-03  2.14186e-02
 8.03154e-03  2.15126e-02
 8.00944e-03  2.13628e-02
 8.15017e-03  2.14186e-02

 7.07760e-03  2.16450e-02
 8.46087e-03  2.13891e-02
 8.34574e-03  2.14873e-02
 8.31820e-03  2.13385e-02
 8.46087e-03  2.13891e-02

 7.53906e-03  2.16450e-02
 8.75325e-03  2.13670e-02
 8.64236e-03  2.14700e-02
 8.60858e-03  2.13225e-02
 8.75325e-03  2.13670e-02

 8.00052e-03  2.16450e-02
 9.03118e-03  2.13527e-02
 8.92571e-03  2.14613e-02
 8.88441e-03  2.13157e-02
 9.03118e-03  2.13527e-02

 8.46198e-03  2.16450e-02
 9.30260e-03  2.13472e-02
 9.20431e-03  2.14623e-02
 9.15376e-03  2.13196e-02
 9.30260e-03  2.13472e-02

 8.92344e-03  2.16450e-02
 9.56912e-03  2.13515e-02
 9.48110e-03  2.14747e-02
 9.41847e-03  2.13369e-02
 9.56912e-03  2.13515e-02

 9.38490e-03  2.16450e-02
 9.84794e-03  2.13686e-02
 9.77418e-03  2.15008e-02
 9.69659e-03  2.13708e-02
 9.84794e-03  2.13686e-02

 9.84635e-03  2.16450e-02
 1.01296e-02  2.13986e-02
 1.00803e-02  2.15418e-02
 9.98098e-03  2.14276e-02
 1.01296e-02  2.13986e-02

 1.03078e-02  2.16450e-02
 1.04622e-02  2.14475e-02
 1.04411e-02  2.15974e-02
 1.03219e-02  2.15042e-02
 1.04622e-02  2.14475e-02

 1.07693e-02  2.16450e-02
 1.07824e-02  2.15170e-02
 1.08443e-02  2.16551e-02
 1.06937e-02  2.16397e-02
 1.07824e-02  2.15170e-02

 4.33906e-03  2.22150e-02
 5.41286e-03  2.22162e-02
 5.28169e-03  2.22917e-02
 5.28186e-03  2.21404e-02
 5.41286e-03  2.22162e-02

 4.79844e-03  2.22150e-02
 5.87201e-03  2.22110e-02
 5.74120e-03  2.22872e-02
 5.74064e-03  2.21358e-02
 5.87201e-03  2.22110e-02

 5.25781e-03  2.22150e-02
 6.30868e-03  2.22063e-02
 6.17822e-03  2.22830e-02
 6.17697e-03  2.21317e-02
 6.30868e-03  2.22063e-02

 5.71719e-03  2.22150e-02
 6.72514e-03  2.22020e-02
 6.59504e-03  2.22794e-02
 6.59309e-03  2.21280e-02
 6.72514e-03  2.22020e-02

 6.17656e-03  2.22150e-02
 7.12374e-03  2.21984e-02
 6.99400e-03  2.22764e-02
 6.99135e-03  2.21250e-02
 7.12374e-03  2.21984e-02

 6.63594e-03  2.22150e-02
 7.50728e-03  2.21953e-02
 7.37794e-03  2.22739e-02
 7.37452e-03  2.21226e-02
 7.50728e-03  2.21953e-02

 7.09531e-03  2.22150e-02
 7.87818e-03  2.21929e-02
 7.74929e-03  2.22722e-02
 7.74501e-03  2.21209e-02
 7.87818e-03  2.21929e-02

 7.55469e-03  2.22150e-02
 8.23974e-03  2.21911e-02
 8.11138e-03  2.22713e-02
 8.10609e-03  2.21200e-02
 8.23974e-03  2.21911e-02

 8.01406e-03  2.22150e-02
 8.59406e-03  2.21899e-02
 8.46637e-03  2.22712e-02
 8.45982e-03  2.21199e-02
 8.59406e-03  2.21899e-02

 8.47344e-03  2.22150e-02
 8.94563e-03  2.21895e-02
 8.81882e-03  2.22721e-02
 8.81064e-03  2.21210e-02
 8.94563e-03  2.21895e-02

 8.93281e-03  2.22150e-02
 9.29523e-03  2.21898e-02
 9.16970e-03  2.22744e-02
 9.15921e-03  2.21234e-02
 9.29523e-03  2.21898e-02

 9.39219e-03  2.22150e-02
 9.65255e-03  2.21913e-02
 9.52886e-03  2.22786e-02
 9.51515e-03  2.21278e-02
 9.65255e-03  2.21913e-02

 9.85156e-03  2.22150e-02
 1.00117e-02  2.21938e-02
 9.89172e-03  2.22860e-02
 9.87186e-03  2.21360e-02
 1.00117e-02  2.21938e-02

 1.03109e-02  2.22150e-02
 1.03999e-02  2.21982e-02
 1.02851e-02  2.22969e-02
 1.02570e-02  2.21482e-02
 1.03999e-02  2.21982e-02

 1.07703e-02  2.22150e-02
 1.07791e-02  2.22020e-02
 1.07682e-02  2.23530e-02
 1.06429e-02  2.22680e-02
 1.07791e-02  2.22020e-02

