#[ Fluid velocity 2D plot data file: flw.dat ]
 1.95313e-04  1.13850e-02
 1.95313e-04  1.13850e-02
 6.42249e-05  1.14607e-02
 6.42249e-05  1.13093e-02
 1.95313e-04  1.13850e-02

 5.85937e-04  1.13850e-02
 3.95692e-04  1.13850e-02
 5.26780e-04  1.13093e-02
 5.26780e-04  1.14607e-02
 3.95692e-04  1.13850e-02

 9.76562e-04  1.13850e-02
 7.31439e-04  1.13850e-02
 8.62526e-04  1.13093e-02
 8.62526e-04  1.14607e-02
 7.31439e-04  1.13850e-02

 1.36719e-03  1.13850e-02
 1.00585e-03  1.13850e-02
 1.13694e-03  1.13093e-02
 1.13694e-03  1.14607e-02
 1.00585e-03  1.13850e-02

 1.75781e-03  1.13850e-02
 1.31645e-03  1.13850e-02
 1.44754e-03  1.13093e-02
 1.44754e-03  1.14607e-02
 1.31645e-03  1.13850e-02

 2.14844e-03  1.13850e-02
 1.61877e-03  1.13850e-02
 1.74986e-03  1.13093e-02
 1.74986e-03  1.14607e-02
 1.61877e-03  1.13850e-02

 2.53906e-03  1.13850e-02
 1.93488e-03  1.13850e-02
 2.06597e-03  1.13093e-02
 2.06597e-03  1.14607e-02
 1.93488e-03  1.13850e-02

 2.92969e-03  1.13850e-02
 2.25663e-03  1.13850e-02
 2.38771e-03  1.13093e-02
 2.38771e-03  1.14607e-02
 2.25663e-03  1.13850e-02

 3.32031e-03  1.13850e-02
 2.58905e-03  1.13850e-02
 2.72014e-03  1.13093e-02
 2.72014e-03  1.14607e-02
 2.58905e-03  1.13850e-02

 1.97049e-04  1.19550e-02
 1.97049e-04  1.22753e-02
 1.21365e-04  1.21443e-02
 2.72732e-04  1.21443e-02
 1.97049e-04  1.22753e-02

 5.91146e-04  1.19550e-02
 3.03155e-04  1.22455e-02
 3.41691e-04  1.20991e-02
 4.49191e-04  1.22057e-02
 3.03155e-04  1.22455e-02

 9.85243e-04  1.19550e-02
 6.00393e-04  1.22401e-02
 6.60683e-04  1.21012e-02
 7.50778e-04  1.22229e-02
 6.00393e-04  1.22401e-02

 1.37934e-03  1.19550e-02
 8.13652e-04  1.22251e-02
 8.99338e-04  1.21003e-02
 9.64557e-04  1.22369e-02
 8.13652e-04  1.22251e-02

 1.77344e-03  1.19550e-02
 1.07838e-03  1.22107e-02
 1.17527e-03  1.20944e-02
 1.22753e-03  1.22365e-02
 1.07838e-03  1.22107e-02

 2.16753e-03  1.19550e-02
 1.33418e-03  1.21915e-02
 1.43963e-03  1.20829e-02
 1.48095e-03  1.22285e-02
 1.33418e-03  1.21915e-02

 2.56163e-03  1.19550e-02
 1.61158e-03  1.21696e-02
 1.72277e-03  1.20669e-02
 1.75612e-03  1.22145e-02
 1.61158e-03  1.21696e-02

 2.95573e-03  1.19550e-02
 1.89972e-03  1.21444e-02
 2.01538e-03  1.20468e-02
 2.04211e-03  1.21958e-02
 1.89972e-03  1.21444e-02

 3.34983e-03  1.19550e-02
 2.20557e-03  1.21168e-02
 2.32477e-03  1.20235e-02
 2.34596e-03  1.21734e-02
 2.20557e-03  1.21168e-02

 1.98785e-04  1.25250e-02
 1.98785e-04  1.30544e-02
 1.23101e-04  1.29234e-02
 2.74468e-04  1.29234e-02
 1.98785e-04  1.30544e-02

 5.96354e-04  1.25250e-02
 2.59086e-04  1.30341e-02
 2.68388e-04  1.28830e-02
 3.94577e-04  1.29666e-02
 2.59086e-04  1.30341e-02

 9.93924e-04  1.25250e-02
 5.30824e-04  1.30174e-02
 5.65508e-04  1.28700e-02
 6.75766e-04  1.29737e-02
 5.30824e-04  1.30174e-02

 1.39149e-03  1.25250e-02
 7.09547e-04  1.29928e-02
 7.74838e-04  1.28562e-02
 8.60458e-04  1.29810e-02
 7.09547e-04  1.29928e-02

 1.78906e-03  1.25250e-02
 9.47538e-04  1.29625e-02
 1.02893e-03  1.28349e-02
 1.09876e-03  1.29692e-02
 9.47538e-04  1.29625e-02

 2.18663e-03  1.25250e-02
 1.17807e-03  1.29254e-02
 1.27199e-03  1.28067e-02
 1.32784e-03  1.29474e-02
 1.17807e-03  1.29254e-02

 2.58420e-03  1.25250e-02
 1.43548e-03  1.28824e-02
 1.53816e-03  1.27712e-02
 1.58313e-03  1.29157e-02
 1.43548e-03  1.28824e-02

 2.98177e-03  1.25250e-02
 1.70764e-03  1.28341e-02
 1.81719e-03  1.27297e-02
 1.85288e-03  1.28768e-02
 1.70764e-03  1.28341e-02

 3.37934e-03  1.25250e-02
 2.00251e-03  1.27814e-02
 2.11752e-03  1.26830e-02
 2.14524e-03  1.28318e-02
 2.00251e-03  1.27814e-02

 2.00521e-04  1.30950e-02
 2.00521e-04  1.39442e-02
 1.24837e-04  1.38132e-02
 2.76204e-04  1.38132e-02
 2.00521e-04  1.39442e-02

 6.01563e-04  1.30950e-02
 2.41544e-04  1.39326e-02
 2.23777e-04  1.37823e-02
 3.62842e-04  1.38420e-02
 2.41544e-04  1.39326e-02

 1.00260e-03  1.30950e-02
 5.05614e-04  1.39031e-02
 5.09821e-04  1.37518e-02
 6.38754e-04  1.38311e-02
 5.05614e-04  1.39031e-02

 1.40365e-03  1.30950e-02
 6.70417e-04  1.38638e-02
 7.06122e-04  1.37167e-02
 8.15658e-04  1.38212e-02
 6.70417e-04  1.38638e-02

 1.80469e-03  1.30950e-02
 8.98908e-04  1.38106e-02
 9.54846e-04  1.36700e-02
 1.04868e-03  1.37888e-02
 8.98908e-04  1.38106e-02

 2.20573e-03  1.30950e-02
 1.12020e-03  1.37469e-02
 1.19362e-03  1.36145e-02
 1.27155e-03  1.37443e-02
 1.12020e-03  1.37469e-02

 2.60677e-03  1.30950e-02
 1.37147e-03  1.36729e-02
 1.45813e-03  1.35488e-02
 1.52227e-03  1.36859e-02
 1.37147e-03  1.36729e-02

 3.00781e-03  1.30950e-02
 1.63961e-03  1.35906e-02
 1.73708e-03  1.34748e-02
 1.78863e-03  1.36171e-02
 1.63961e-03  1.35906e-02

 3.40885e-03  1.30950e-02
 1.93318e-03  1.35013e-02
 2.03947e-03  1.33935e-02
 2.07965e-03  1.35395e-02
 1.93318e-03  1.35013e-02

 2.02257e-04  1.36650e-02
 2.02257e-04  1.47906e-02
 1.26573e-04  1.46595e-02
 2.77940e-04  1.46595e-02
 2.02257e-04  1.47906e-02

 6.06771e-04  1.36650e-02
 2.54215e-04  1.47922e-02
 2.21115e-04  1.46445e-02
 3.65580e-04  1.46896e-02
 2.54215e-04  1.47922e-02

 1.01128e-03  1.36650e-02
 5.23906e-04  1.47513e-02
 5.08515e-04  1.46007e-02
 6.46619e-04  1.46627e-02
 5.23906e-04  1.47513e-02

 1.41580e-03  1.36650e-02
 6.95292e-04  1.46989e-02
 7.08147e-04  1.45481e-02
 8.32333e-04  1.46346e-02
 6.95292e-04  1.46989e-02

 1.82031e-03  1.36650e-02
 9.29821e-04  1.46235e-02
 9.63594e-04  1.44760e-02
 1.07449e-03  1.45790e-02
 9.29821e-04  1.46235e-02

 2.22483e-03  1.36650e-02
 1.15754e-03  1.45338e-02
 1.21142e-03  1.43924e-02
 1.30698e-03  1.45098e-02
 1.15754e-03  1.45338e-02

 2.62934e-03  1.36650e-02
 1.41553e-03  1.44293e-02
 1.48613e-03  1.42954e-02
 1.56678e-03  1.44235e-02
 1.41553e-03  1.44293e-02

 3.03385e-03  1.36650e-02
 1.69093e-03  1.43140e-02
 1.77602e-03  1.41888e-02
 1.84189e-03  1.43251e-02
 1.69093e-03  1.43140e-02

 3.43837e-03  1.36650e-02
 1.99213e-03  1.41895e-02
 2.08956e-03  1.40736e-02
 2.14117e-03  1.42159e-02
 1.99213e-03  1.41895e-02

 2.03993e-04  1.42350e-02
 2.03993e-04  1.56410e-02
 1.28310e-04  1.55100e-02
 2.79677e-04  1.55100e-02
 2.03993e-04  1.56410e-02

 6.11979e-04  1.42350e-02
 2.89893e-04  1.56544e-02
 2.45095e-04  1.55098e-02
 3.92709e-04  1.55433e-02
 2.89893e-04  1.56544e-02

 1.01997e-03  1.42350e-02
 5.75060e-04  1.56029e-02
 5.43633e-04  1.54548e-02
 6.87577e-04  1.55017e-02
 5.75060e-04  1.56029e-02

 1.42795e-03  1.42350e-02
 7.69028e-04  1.55374e-02
 7.60673e-04  1.53863e-02
 8.95738e-04  1.54546e-02
 7.69028e-04  1.55374e-02

 1.83594e-03  1.42350e-02
 1.02128e-03  1.54395e-02
 1.03203e-03  1.52885e-02
 1.15741e-03  1.53733e-02
 1.02128e-03  1.54395e-02

 2.24392e-03  1.42350e-02
 1.26715e-03  1.53233e-02
 1.29839e-03  1.51751e-02
 1.41104e-03  1.52763e-02
 1.26715e-03  1.53233e-02

 2.65191e-03  1.42350e-02
 1.54133e-03  1.51876e-02
 1.59156e-03  1.50448e-02
 1.69010e-03  1.51597e-02
 1.54133e-03  1.51876e-02

 3.05990e-03  1.42350e-02
 1.83163e-03  1.50383e-02
 1.89991e-03  1.49032e-02
 1.98276e-03  1.50299e-02
 1.83163e-03  1.50383e-02

 3.46788e-03  1.42350e-02
 2.14622e-03  1.48778e-02
 2.23101e-03  1.47524e-02
 2.29721e-03  1.48885e-02
 2.14622e-03  1.48778e-02

 2.05729e-04  1.48050e-02
 2.05729e-04  1.64444e-02
 1.30046e-04  1.63133e-02
 2.81413e-04  1.63133e-02
 2.05729e-04  1.64444e-02

 6.17187e-04  1.48050e-02
 3.45726e-04  1.64678e-02
 2.92152e-04  1.63263e-02
 4.41541e-04  1.63507e-02
 3.45726e-04  1.64678e-02

 1.02865e-03  1.48050e-02
 6.54119e-04  1.64081e-02
 6.10243e-04  1.62632e-02
 7.57641e-04  1.62976e-02
 6.54119e-04  1.64081e-02

 1.44010e-03  1.48050e-02
 8.84133e-04  1.63315e-02
 8.57882e-04  1.61824e-02
 1.00011e-03  1.62342e-02
 8.84133e-04  1.63315e-02

 1.85156e-03  1.48050e-02
 1.16380e-03  1.62142e-02
 1.15328e-03  1.60631e-02
 1.28931e-03  1.61295e-02
 1.16380e-03  1.62142e-02

 2.26302e-03  1.48050e-02
 1.43754e-03  1.60745e-02
 1.44555e-03  1.59234e-02
 1.57245e-03  1.60059e-02
 1.43754e-03  1.60745e-02

 2.67448e-03  1.48050e-02
 1.73555e-03  1.59114e-02
 1.76266e-03  1.57625e-02
 1.87807e-03  1.58604e-02
 1.73555e-03  1.59114e-02

 3.08594e-03  1.48050e-02
 2.04733e-03  1.57323e-02
 2.09471e-03  1.55885e-02
 2.19552e-03  1.57014e-02
 2.04733e-03  1.57323e-02

 3.49740e-03  1.48050e-02
 2.37993e-03  1.55401e-02
 2.44785e-03  1.54048e-02
 2.53104e-03  1.55313e-02
 2.37993e-03  1.55401e-02

 2.07465e-04  1.53750e-02
 2.07465e-04  1.72051e-02
 1.31782e-04  1.70740e-02
 2.83149e-04  1.70740e-02
 2.07465e-04  1.72051e-02

 6.22396e-04  1.53750e-02
 4.16575e-04  1.72362e-02
 3.55758e-04  1.70976e-02
 5.06208e-04  1.71142e-02
 4.16575e-04  1.72362e-02

 1.03733e-03  1.53750e-02
 7.53581e-04  1.71704e-02
 6.99289e-04  1.70291e-02
 8.48801e-04  1.70527e-02
 7.53581e-04  1.71704e-02

 1.45226e-03  1.53750e-02
 1.02969e-03  1.70847e-02
 9.87667e-04  1.69393e-02
 1.13461e-03  1.69756e-02
 1.02969e-03  1.70847e-02

 1.86719e-03  1.53750e-02
 1.34368e-03  1.69516e-02
 1.31316e-03  1.68033e-02
 1.45682e-03  1.68510e-02
 1.34368e-03  1.69516e-02

 2.28212e-03  1.53750e-02
 1.65258e-03  1.67926e-02
 1.63662e-03  1.66420e-02
 1.77496e-03  1.67035e-02
 1.65258e-03  1.67926e-02

 2.69705e-03  1.53750e-02
 1.98004e-03  1.66064e-02
 1.98059e-03  1.64551e-02
 2.11140e-03  1.65312e-02
 1.98004e-03  1.66064e-02

 3.11198e-03  1.53750e-02
 2.31798e-03  1.64022e-02
 2.33827e-03  1.62522e-02
 2.45803e-03  1.63447e-02
 2.31798e-03  1.64022e-02

 3.52691e-03  1.53750e-02
 2.67206e-03  1.61833e-02
 2.71532e-03  1.60382e-02
 2.81931e-03  1.61482e-02
 2.67206e-03  1.61833e-02

 2.09201e-04  1.59450e-02
 2.09201e-04  1.79054e-02
 1.33518e-04  1.77743e-02
 2.84885e-04  1.77743e-02
 2.09201e-04  1.79054e-02

 6.27604e-04  1.59450e-02
 4.98284e-04  1.79416e-02
 4.31231e-04  1.78059e-02
 5.82282e-04  1.78157e-02
 4.98284e-04  1.79416e-02

 1.04601e-03  1.59450e-02
 8.67659e-04  1.78725e-02
 8.04375e-04  1.77350e-02
 9.55098e-04  1.77489e-02
 8.67659e-04  1.78725e-02

 1.46441e-03  1.59450e-02
 1.19720e-03  1.77806e-02
 1.14119e-03  1.76399e-02
 1.29098e-03  1.76617e-02
 1.19720e-03  1.77806e-02

 1.88281e-03  1.59450e-02
 1.55061e-03  1.76364e-02
 1.50161e-03  1.74932e-02
 1.65014e-03  1.75223e-02
 1.55061e-03  1.76364e-02

 2.30122e-03  1.59450e-02
 1.90012e-03  1.74634e-02
 1.86043e-03  1.73173e-02
 2.00678e-03  1.73560e-02
 1.90012e-03  1.74634e-02

 2.71962e-03  1.59450e-02
 2.26139e-03  1.72605e-02
 2.23304e-03  1.71118e-02
 2.37598e-03  1.71616e-02
 2.26139e-03  1.72605e-02

 3.13802e-03  1.59450e-02
 2.62927e-03  1.70378e-02
 2.61598e-03  1.68870e-02
 2.75321e-03  1.69509e-02
 2.62927e-03  1.70378e-02

 3.55642e-03  1.59450e-02
 3.00764e-03  1.67992e-02
 3.01482e-03  1.66480e-02
 3.14217e-03  1.67298e-02
 3.00764e-03  1.67992e-02

 2.10937e-04  1.65150e-02
 2.10937e-04  1.85436e-02
 1.35254e-04  1.84125e-02
 2.86621e-04  1.84125e-02
 2.10938e-04  1.85436e-02

 6.32812e-04  1.65150e-02
 5.86412e-04  1.85823e-02
 5.13690e-04  1.84495e-02
 6.65018e-04  1.84529e-02
 5.86412e-04  1.85823e-02

 1.05469e-03  1.65150e-02
 9.90216e-04  1.85126e-02
 9.18800e-04  1.83791e-02
 1.07009e-03  1.83840e-02
 9.90216e-04  1.85126e-02

 1.47656e-03  1.65150e-02
 1.37777e-03  1.84175e-02
 1.30898e-03  1.82826e-02
 1.46015e-03  1.82905e-02
 1.37777e-03  1.84175e-02

 1.89844e-03  1.65150e-02
 1.77378e-03  1.82672e-02
 1.70759e-03  1.81311e-02
 1.85857e-03  1.81418e-02
 1.77378e-03  1.82672e-02

 2.32031e-03  1.65150e-02
 2.16748e-03  1.80860e-02
 2.10485e-03  1.79482e-02
 2.25550e-03  1.79629e-02
 2.16748e-03  1.80860e-02

 2.74219e-03  1.65150e-02
 2.56552e-03  1.78732e-02
 2.50738e-03  1.77335e-02
 2.65748e-03  1.77530e-02
 2.56552e-03  1.78732e-02

 3.16406e-03  1.65150e-02
 2.96598e-03  1.76391e-02
 2.91419e-03  1.74968e-02
 3.06326e-03  1.75231e-02
 2.96598e-03  1.76391e-02

 3.58594e-03  1.65150e-02
 3.37073e-03  1.73883e-02
 3.32861e-03  1.72429e-02
 3.47558e-03  1.72791e-02
 3.37073e-03  1.73883e-02

 2.12674e-04  1.70850e-02
 2.12674e-04  1.91157e-02
 1.36990e-04  1.89847e-02
 2.88357e-04  1.89847e-02
 2.12674e-04  1.91157e-02

 6.38021e-04  1.70850e-02
 6.77097e-04  1.91546e-02
 5.98952e-04  1.90249e-02
 7.50292e-04  1.90221e-02
 6.77097e-04  1.91546e-02

 1.06337e-03  1.70850e-02
 1.11609e-03  1.90866e-02
 1.03698e-03  1.89576e-02
 1.18829e-03  1.89536e-02
 1.11609e-03  1.90866e-02

 1.48872e-03  1.70850e-02
 1.56381e-03  1.89911e-02
 1.48302e-03  1.88631e-02
 1.63427e-03  1.88571e-02
 1.56381e-03  1.89911e-02

 1.91406e-03  1.70850e-02
 2.00402e-03  1.88399e-02
 1.92172e-03  1.87129e-02
 2.07289e-03  1.87052e-02
 2.00402e-03  1.88399e-02

 2.33941e-03  1.70850e-02
 2.44388e-03  1.86566e-02
 2.35967e-03  1.85308e-02
 2.51070e-03  1.85207e-02
 2.44388e-03  1.86566e-02

 2.76476e-03  1.70850e-02
 2.88041e-03  1.84407e-02
 2.79386e-03  1.83165e-02
 2.94468e-03  1.83037e-02
 2.88041e-03  1.84407e-02

 3.19010e-03  1.70850e-02
 3.31512e-03  1.82028e-02
 3.22533e-03  1.80810e-02
 3.37576e-03  1.80642e-02
 3.31512e-03  1.82028e-02

 3.61545e-03  1.70850e-02
 3.74766e-03  1.79479e-02
 3.65300e-03  1.78298e-02
 3.80262e-03  1.78069e-02
 3.74766e-03  1.79479e-02

 2.14410e-04  1.76550e-02
 2.14410e-04  1.96221e-02
 1.38726e-04  1.94910e-02
 2.90093e-04  1.94910e-02
 2.14410e-04  1.96221e-02

 6.43229e-04  1.76550e-02
 7.66495e-04  1.96586e-02
 6.82905e-04  1.95325e-02
 8.33986e-04  1.95232e-02
 7.66495e-04  1.96586e-02

 1.07205e-03  1.76550e-02
 1.24015e-03  1.95944e-02
 1.15343e-03  1.94703e-02
 1.30423e-03  1.94573e-02
 1.24015e-03  1.95944e-02

 1.50087e-03  1.76550e-02
 1.74776e-03  1.95014e-02
 1.65537e-03  1.93815e-02
 1.80540e-03  1.93614e-02
 1.74776e-03  1.95014e-02

 1.92969e-03  1.76550e-02
 2.23210e-03  1.93542e-02
 2.13462e-03  1.92384e-02
 2.28365e-03  1.92119e-02
 2.23210e-03  1.93542e-02

 2.35851e-03  1.76550e-02
 2.71831e-03  1.91746e-02
 2.61446e-03  1.90645e-02
 2.76175e-03  1.90296e-02
 2.71831e-03  1.91746e-02

 2.78733e-03  1.76550e-02
 3.19367e-03  1.89628e-02
 3.08250e-03  1.88601e-02
 3.22705e-03  1.88152e-02
 3.19367e-03  1.89628e-02

 3.21615e-03  1.76550e-02
 3.66304e-03  1.87290e-02
 3.54281e-03  1.86371e-02
 3.68256e-03  1.85789e-02
 3.66304e-03  1.87290e-02

 3.64497e-03  1.76550e-02
 4.12378e-03  1.84783e-02
 3.99246e-03  1.84030e-02
 4.12330e-03  1.83269e-02
 4.12378e-03  1.84783e-02

 2.16146e-04  1.82250e-02
 2.16146e-04  2.00676e-02
 1.40462e-04  1.99365e-02
 2.91829e-04  1.99365e-02
 2.16146e-04  2.00676e-02

 6.48438e-04  1.82250e-02
 8.51368e-04  2.00995e-02
 7.62015e-04  1.99773e-02
 9.12502e-04  1.99610e-02
 8.51368e-04  2.00995e-02

 1.08073e-03  1.82250e-02
 1.35813e-03  2.00403e-02
 1.26352e-03  1.99222e-02
 1.41315e-03  1.98993e-02
 1.35813e-03  2.00403e-02

 1.51302e-03  1.82250e-02
 1.92316e-03  1.99519e-02
 1.81924e-03  1.98419e-02
 1.96651e-03  1.98069e-02
 1.92316e-03  1.99519e-02

 1.94531e-03  1.82250e-02
 2.45002e-03  1.98131e-02
 2.33818e-03  1.97111e-02
 2.48244e-03  1.96652e-02
 2.45002e-03  1.98131e-02

 2.37760e-03  1.82250e-02
 2.98099e-03  1.96425e-02
 2.86001e-03  1.95515e-02
 2.99928e-03  1.94922e-02
 2.98099e-03  1.96425e-02

 2.80990e-03  1.82250e-02
 3.49398e-03  1.94413e-02
 3.36375e-03  1.93642e-02
 3.49568e-03  1.92900e-02
 3.49398e-03  1.94413e-02

 3.24219e-03  1.82250e-02
 3.99696e-03  1.92188e-02
 3.85740e-03  1.91602e-02
 3.97794e-03  1.90686e-02
 3.99696e-03  1.92188e-02

 3.67448e-03  1.82250e-02
 4.48497e-03  1.89801e-02
 4.33747e-03  1.89462e-02
 4.44066e-03  1.88354e-02
 4.48497e-03  1.89801e-02

 2.17882e-04  1.87950e-02
 2.17882e-04  2.04537e-02
 1.42198e-04  2.03226e-02
 2.93565e-04  2.03226e-02
 2.17882e-04  2.04537e-02

 6.53646e-04  1.87950e-02
 9.27892e-04  2.04786e-02
 8.32118e-04  2.03614e-02
 9.81516e-04  2.03370e-02
 9.27892e-04  2.04786e-02

 1.08941e-03  1.87950e-02
 1.46491e-03  2.04258e-02
 1.36174e-03  2.03150e-02
 1.50925e-03  2.02810e-02
 1.46491e-03  2.04258e-02

 1.52517e-03  1.87950e-02
 2.08223e-03  2.03444e-02
 1.96666e-03  2.02466e-02
 2.10910e-03  2.01954e-02
 2.08223e-03  2.03444e-02

 1.96094e-03  1.87950e-02
 2.64795e-03  2.02179e-02
 2.52280e-03  2.01328e-02
 2.65911e-03  2.00670e-02
 2.64795e-03  2.02179e-02

 2.39670e-03  1.87950e-02
 3.21983e-03  2.00619e-02
 3.08495e-03  1.99933e-02
 3.21188e-03  1.99108e-02
 3.21983e-03  2.00619e-02

 2.83247e-03  1.87950e-02
 3.76723e-03  1.98780e-02
 3.62429e-03  1.98282e-02
 3.73887e-03  1.97293e-02
 3.76723e-03  1.98780e-02

 3.26823e-03  1.87950e-02
 4.30078e-03  1.96744e-02
 4.15191e-03  1.96470e-02
 4.25005e-03  1.95318e-02
 4.30078e-03  1.96744e-02

 3.70399e-03  1.87950e-02
 4.81359e-03  1.94560e-02
 4.66224e-03  1.94539e-02
 4.73970e-03  1.93239e-02
 4.81359e-03  1.94560e-02

 2.19618e-04  1.93650e-02
 2.19618e-04  2.07965e-02
 1.43935e-04  2.06654e-02
 2.95302e-04  2.06654e-02
 2.19618e-04  2.07965e-02

 6.58854e-04  1.93650e-02
 9.93209e-04  2.08115e-02
 8.89947e-04  2.07008e-02
 1.03742e-03  2.06667e-02
 9.93209e-04  2.08115e-02

 1.09809e-03  1.93650e-02
 1.55654e-03  2.07655e-02
 1.44383e-03  2.06645e-02
 1.58769e-03  2.06174e-02
 1.55654e-03  2.07655e-02

 1.53733e-03  1.93650e-02
 2.21857e-03  2.06924e-02
 2.09138e-03  2.06103e-02
 2.22605e-03  2.05412e-02
 2.21857e-03  2.06924e-02

 1.97656e-03  1.93650e-02
 2.81748e-03  2.05815e-02
 2.68069e-03  2.05167e-02
 2.80520e-03  2.04307e-02
 2.81748e-03  2.05815e-02

 2.41580e-03  1.93650e-02
 3.42413e-03  2.04441e-02
 3.27933e-03  2.04000e-02
 3.38993e-03  2.02966e-02
 3.42413e-03  2.04441e-02

 2.85503e-03  1.93650e-02
 4.00043e-03  2.02825e-02
 3.85080e-03  2.02596e-02
 3.94543e-03  2.01415e-02
 4.00043e-03  2.02825e-02

 3.29427e-03  1.93650e-02
 4.55947e-03  2.01035e-02
 4.40811e-03  2.01028e-02
 4.48441e-03  1.99721e-02
 4.55947e-03  2.01035e-02

 3.73351e-03  1.93650e-02
 5.09225e-03  1.99120e-02
 4.94239e-03  1.99332e-02
 4.99891e-03  1.97928e-02
 5.09225e-03  1.99120e-02

 2.21354e-04  1.99350e-02
 2.21354e-04  2.10913e-02
 1.45671e-04  2.09602e-02
 2.97038e-04  2.09602e-02
 2.21354e-04  2.10913e-02

 6.64062e-04  1.99350e-02
 1.04149e-03  2.10947e-02
 9.28952e-04  2.09935e-02
 1.07289e-03  2.09466e-02
 1.04149e-03  2.10947e-02

 1.10677e-03  1.99350e-02
 1.62468e-03  2.10572e-02
 1.50103e-03  2.09699e-02
 1.63847e-03  2.09065e-02
 1.62468e-03  2.10572e-02

 1.54948e-03  1.99350e-02
 2.31956e-03  2.09949e-02
 2.18128e-03  2.09334e-02
 2.30374e-03  2.08444e-02
 2.31956e-03  2.09949e-02

 1.99219e-03  1.99350e-02
 2.94262e-03  2.09039e-02
 2.79680e-03  2.08633e-02
 2.90485e-03  2.07573e-02
 2.94262e-03  2.09039e-02

 2.43490e-03  1.99350e-02
 3.57416e-03  2.07906e-02
 3.42389e-03  2.07724e-02
 3.51479e-03  2.06514e-02
 3.57416e-03  2.07906e-02

 2.87760e-03  1.99350e-02
 4.17081e-03  2.06578e-02
 4.01946e-03  2.06599e-02
 4.09331e-03  2.05278e-02
 4.17081e-03  2.06578e-02

 3.32031e-03  1.99350e-02
 4.74725e-03  2.05108e-02
 4.59736e-03  2.05320e-02
 4.65401e-03  2.03916e-02
 4.74725e-03  2.05108e-02

 3.76302e-03  1.99350e-02
 5.29326e-03  2.03539e-02
 5.14685e-03  2.03923e-02
 5.18682e-03  2.02463e-02
 5.29326e-03  2.03539e-02

 2.23090e-04  2.05050e-02
 2.23090e-04  2.13816e-02
 1.47407e-04  2.12506e-02
 2.98774e-04  2.12506e-02
 2.23090e-04  2.13816e-02

 6.69271e-04  2.05050e-02
 1.07042e-03  2.13699e-02
 9.46603e-04  2.12828e-02
 1.08392e-03  2.12191e-02
 1.07042e-03  2.13699e-02

 1.11545e-03  2.05050e-02
 1.66466e-03  2.13413e-02
 1.52944e-03  2.12733e-02
 1.65597e-03  2.11902e-02
 1.66466e-03  2.13413e-02

 1.56163e-03  2.05050e-02
 2.37735e-03  2.12901e-02
 2.23042e-03  2.12537e-02
 2.33538e-03  2.11446e-02
 2.37735e-03  2.12901e-02

 2.00781e-03  2.05050e-02
 3.01259e-03  2.12198e-02
 2.86190e-03  2.12055e-02
 2.94964e-03  2.10822e-02
 3.01259e-03  2.12198e-02

 2.45399e-03  2.05050e-02
 3.65645e-03  2.11316e-02
 3.50523e-03  2.11381e-02
 3.57517e-03  2.10039e-02
 3.65645e-03  2.11316e-02

 2.90017e-03  2.05050e-02
 4.26225e-03  2.10290e-02
 4.11273e-03  2.10526e-02
 4.16708e-03  2.09113e-02
 4.26225e-03  2.10290e-02

 3.34635e-03  2.05050e-02
 4.84580e-03  2.09156e-02
 4.69937e-03  2.09540e-02
 4.73935e-03  2.08080e-02
 4.84580e-03  2.09156e-02

 3.79253e-03  2.05050e-02
 5.39604e-03  2.07952e-02
 5.25357e-03  2.08463e-02
 5.28053e-03  2.06974e-02
 5.39604e-03  2.07952e-02

 2.24826e-04  2.10750e-02
 2.24826e-04  2.16296e-02
 1.49143e-04  2.14985e-02
 3.00510e-04  2.14985e-02
 2.24826e-04  2.16296e-02

 6.74479e-04  2.10750e-02
 1.06652e-03  2.16086e-02
 9.27915e-04  2.15478e-02
 1.04990e-03  2.14582e-02
 1.06652e-03  2.16086e-02

 1.12413e-03  2.10750e-02
 1.65711e-03  2.15919e-02
 1.51032e-03  2.15549e-02
 1.61569e-03  2.14463e-02
 1.65711e-03  2.15919e-02

 1.57378e-03  2.10750e-02
 2.36415e-03  2.15571e-02
 2.21282e-03  2.15534e-02
 2.29164e-03  2.14242e-02
 2.36415e-03  2.15571e-02

 2.02344e-03  2.10750e-02
 2.99332e-03  2.15129e-02
 2.84270e-03  2.15279e-02
 2.90499e-03  2.13899e-02
 2.99332e-03  2.15129e-02

 2.47309e-03  2.10750e-02
 3.63105e-03  2.14562e-02
 3.48287e-03  2.14871e-02
 3.53020e-03  2.13434e-02
 3.63105e-03  2.14562e-02

 2.92274e-03  2.10750e-02
 4.23040e-03  2.13911e-02
 4.08520e-03  2.14338e-02
 4.12076e-03  2.12867e-02
 4.23040e-03  2.13911e-02

 3.37240e-03  2.10750e-02
 4.80773e-03  2.13189e-02
 4.66582e-03  2.13715e-02
 4.69118e-03  2.12223e-02
 4.80773e-03  2.13189e-02

 3.82205e-03  2.10750e-02
 5.35176e-03  2.12427e-02
 5.21321e-03  2.13036e-02
 5.22970e-03  2.11531e-02
 5.35176e-03  2.12427e-02

 2.26562e-04  2.16450e-02
 2.26562e-04  2.19650e-02
 1.50879e-04  2.18339e-02
 3.02246e-04  2.18339e-02
 2.26563e-04  2.19650e-02

 6.79687e-04  2.16450e-02
 1.03254e-03  2.19296e-02
 8.82988e-04  2.19062e-02
 9.78008e-04  2.17884e-02
 1.03254e-03  2.19296e-02

 1.13281e-03  2.16450e-02
 1.59830e-03  2.19251e-02
 1.44696e-03  2.19224e-02
 1.52500e-03  2.17927e-02
 1.59830e-03  2.19251e-02

 1.58594e-03  2.16450e-02
 2.27575e-03  2.19007e-02
 2.12653e-03  2.19261e-02
 2.17915e-03  2.17842e-02
 2.27575e-03  2.19007e-02

 2.03906e-03  2.16450e-02
 2.87869e-03  2.18762e-02
 2.73222e-03  2.19144e-02
 2.77240e-03  2.17684e-02
 2.87869e-03  2.18762e-02

 2.49219e-03  2.16450e-02
 3.49151e-03  2.18420e-02
 3.34826e-03  2.18909e-02
 3.37754e-03  2.17424e-02
 3.49151e-03  2.18420e-02

 2.94531e-03  2.16450e-02
 4.06838e-03  2.18039e-02
 3.92798e-03  2.18605e-02
 3.94919e-03  2.17106e-02
 4.06838e-03  2.18039e-02

 3.39844e-03  2.16450e-02
 4.62572e-03  2.17614e-02
 4.48807e-03  2.18244e-02
 4.50237e-03  2.16737e-02
 4.62572e-03  2.17614e-02

 3.85156e-03  2.16450e-02
 5.15271e-03  2.17170e-02
 5.01764e-03  2.17853e-02
 5.02601e-03  2.16342e-02
 5.15271e-03  2.17170e-02

 2.28299e-04  2.22150e-02
 2.28299e-04  2.22150e-02
 9.72110e-05  2.22907e-02
 9.72110e-05  2.21393e-02
 2.28299e-04  2.22150e-02

 6.84896e-04  2.22150e-02
 9.29316e-04  2.22150e-02
 7.98228e-04  2.22907e-02
 7.98228e-04  2.21393e-02
 9.29316e-04  2.22150e-02

 1.14149e-03  2.22150e-02
 1.44995e-03  2.22150e-02
 1.31886e-03  2.22907e-02
 1.31886e-03  2.21393e-02
 1.44995e-03  2.22150e-02

 1.59809e-03  2.22150e-02
 2.05722e-03  2.22150e-02
 1.92614e-03  2.22907e-02
 1.92614e-03  2.21393e-02
 2.05722e-03  2.22150e-02

 2.05469e-03  2.22150e-02
 2.60732e-03  2.22150e-02
 2.47623e-03  2.22907e-02
 2.47623e-03  2.21393e-02
 2.60732e-03  2.22150e-02

 2.51128e-03  2.22150e-02
 3.16748e-03  2.22150e-02
 3.03639e-03  2.22907e-02
 3.03639e-03  2.21393e-02
 3.16748e-03  2.22150e-02

 2.96788e-03  2.22150e-02
 3.70160e-03  2.22150e-02
 3.57052e-03  2.22907e-02
 3.57052e-03  2.21393e-02
 3.70160e-03  2.22150e-02

 3.42448e-03  2.22150e-02
 4.22332e-03  2.22150e-02
 4.09223e-03  2.22907e-02
 4.09223e-03  2.21393e-02
 4.22332e-03  2.22150e-02

 3.88108e-03  2.22150e-02
 4.72442e-03  2.22150e-02
 4.59333e-03  2.22907e-02
 4.59333e-03  2.21393e-02
 4.72442e-03  2.22150e-02

 3.76510e-03  1.13850e-02
 2.97837e-03  1.13850e-02
 3.10946e-03  1.13093e-02
 3.10946e-03  1.14607e-02
 2.97837e-03  1.13850e-02

 4.26406e-03  1.13850e-02
 3.43487e-03  1.13850e-02
 3.56596e-03  1.13093e-02
 3.56596e-03  1.14607e-02
 3.43487e-03  1.13850e-02

 4.76302e-03  1.13850e-02
 3.91037e-03  1.13850e-02
 4.04146e-03  1.13093e-02
 4.04146e-03  1.14607e-02
 3.91037e-03  1.13850e-02

 5.26198e-03  1.13850e-02
 4.40607e-03  1.13850e-02
 4.53716e-03  1.13093e-02
 4.53716e-03  1.14607e-02
 4.40607e-03  1.13850e-02

 5.76094e-03  1.13850e-02
 4.92199e-03  1.13850e-02
 5.05307e-03  1.13093e-02
 5.05307e-03  1.14607e-02
 4.92199e-03  1.13850e-02

 6.25990e-03  1.13850e-02
 5.45765e-03  1.13850e-02
 5.58874e-03  1.13093e-02
 5.58874e-03  1.14607e-02
 5.45765e-03  1.13850e-02

 6.75885e-03  1.13850e-02
 6.01221e-03  1.13850e-02
 6.14330e-03  1.13093e-02
 6.14330e-03  1.14607e-02
 6.01221e-03  1.13850e-02

 7.25781e-03  1.13850e-02
 6.58311e-03  1.13850e-02
 6.71420e-03  1.13093e-02
 6.71420e-03  1.14607e-02
 6.58311e-03  1.13850e-02

 7.75677e-03  1.13850e-02
 7.16885e-03  1.13850e-02
 7.29994e-03  1.13093e-02
 7.29994e-03  1.14607e-02
 7.16885e-03  1.13850e-02

 8.25573e-03  1.13850e-02
 7.76318e-03  1.13850e-02
 7.89427e-03  1.13093e-02
 7.89427e-03  1.14607e-02
 7.76318e-03  1.13850e-02

 8.75469e-03  1.13850e-02
 8.36714e-03  1.13850e-02
 8.49822e-03  1.13093e-02
 8.49822e-03  1.14607e-02
 8.36714e-03  1.13850e-02

 9.25365e-03  1.13850e-02
 8.96469e-03  1.13850e-02
 9.09577e-03  1.13093e-02
 9.09577e-03  1.14607e-02
 8.96469e-03  1.13850e-02

 9.75260e-03  1.13850e-02
 9.57256e-03  1.13850e-02
 9.70365e-03  1.13093e-02
 9.70365e-03  1.14607e-02
 9.57256e-03  1.13850e-02

 1.02516e-02  1.13850e-02
 1.01411e-02  1.13850e-02
 1.02722e-02  1.13093e-02
 1.02722e-02  1.14607e-02
 1.01411e-02  1.13850e-02

 1.07505e-02  1.13850e-02
 1.07505e-02  1.13850e-02
 1.06194e-02  1.14607e-02
 1.06194e-02  1.13093e-02
 1.07505e-02  1.13850e-02

 3.79531e-03  1.19550e-02
 2.57000e-03  1.20826e-02
 2.69254e-03  1.19938e-02
 2.70822e-03  1.21443e-02
 2.57000e-03  1.20826e-02

 4.29219e-03  1.19550e-02
 3.00602e-03  1.20412e-02
 3.13176e-03  1.19569e-02
 3.14188e-03  1.21080e-02
 3.00602e-03  1.20412e-02

 4.78906e-03  1.19550e-02
 3.47255e-03  1.19979e-02
 3.60110e-03  1.19180e-02
 3.60603e-03  1.20693e-02
 3.47255e-03  1.19979e-02

 5.28594e-03  1.19550e-02
 3.97018e-03  1.19536e-02
 4.10135e-03  1.18781e-02
 4.10119e-03  1.20294e-02
 3.97018e-03  1.19536e-02

 5.78281e-03  1.19550e-02
 4.49899e-03  1.19095e-02
 4.63268e-03  1.18385e-02
 4.62732e-03  1.19898e-02
 4.49899e-03  1.19095e-02

 6.27969e-03  1.19550e-02
 5.05778e-03  1.18670e-02
 5.19396e-03  1.18009e-02
 5.18309e-03  1.19519e-02
 5.05778e-03  1.18670e-02

 6.77656e-03  1.19550e-02
 5.64509e-03  1.18277e-02
 5.78382e-03  1.17672e-02
 5.76690e-03  1.19176e-02
 5.64509e-03  1.18277e-02

 7.27344e-03  1.19550e-02
 6.25701e-03  1.17935e-02
 6.39835e-03  1.17393e-02
 6.37460e-03  1.18888e-02
 6.25701e-03  1.17935e-02

 7.77031e-03  1.19550e-02
 6.89079e-03  1.17660e-02
 7.03485e-03  1.17196e-02
 7.00306e-03  1.18676e-02
 6.89079e-03  1.17660e-02

 8.26719e-03  1.19550e-02
 7.53755e-03  1.17474e-02
 7.68434e-03  1.17105e-02
 7.64292e-03  1.18561e-02
 7.53755e-03  1.17474e-02

 8.76406e-03  1.19550e-02
 8.19697e-03  1.17385e-02
 8.34643e-03  1.17145e-02
 8.29244e-03  1.18559e-02
 8.19697e-03  1.17385e-02

 9.26094e-03  1.19550e-02
 8.84768e-03  1.17417e-02
 8.99888e-03  1.17345e-02
 8.92945e-03  1.18690e-02
 8.84768e-03  1.17417e-02

 9.75781e-03  1.19550e-02
 9.50690e-03  1.17554e-02
 9.65660e-03  1.17778e-02
 9.56237e-03  1.18962e-02
 9.50690e-03  1.17554e-02

 1.02547e-02  1.19550e-02
 1.01125e-02  1.17856e-02
 1.02547e-02  1.18373e-02
 1.01388e-02  1.19346e-02
 1.01125e-02  1.17856e-02

 1.07516e-02  1.19550e-02
 1.07516e-02  1.18242e-02
 1.08272e-02  1.19552e-02
 1.06759e-02  1.19552e-02
 1.07516e-02  1.18242e-02

 3.82552e-03  1.25250e-02
 2.35749e-03  1.27180e-02
 2.47759e-03  1.26259e-02
 2.49732e-03  1.27760e-02
 2.35749e-03  1.27180e-02

 4.32031e-03  1.25250e-02
 2.78712e-03  1.26438e-02
 2.91197e-03  1.25582e-02
 2.92366e-03  1.27091e-02
 2.78712e-03  1.26438e-02

 4.81510e-03  1.25250e-02
 3.25315e-03  1.25670e-02
 3.38215e-03  1.24878e-02
 3.38622e-03  1.26392e-02
 3.25315e-03  1.25670e-02

 5.30990e-03  1.25250e-02
 3.75581e-03  1.24895e-02
 3.88860e-03  1.24168e-02
 3.88513e-03  1.25681e-02
 3.75581e-03  1.24895e-02

 5.80469e-03  1.25250e-02
 4.29473e-03  1.24131e-02
 4.43105e-03  1.23473e-02
 4.41986e-03  1.24982e-02
 4.29473e-03  1.24131e-02

 6.29948e-03  1.25250e-02
 4.86808e-03  1.23402e-02
 5.00778e-03  1.22819e-02
 4.98840e-03  1.24321e-02
 4.86808e-03  1.23402e-02

 6.79427e-03  1.25250e-02
 5.47359e-03  1.22736e-02
 5.61652e-03  1.22238e-02
 5.58822e-03  1.23724e-02
 5.47359e-03  1.22736e-02

 7.28906e-03  1.25250e-02
 6.10666e-03  1.22162e-02
 6.25262e-03  1.21761e-02
 6.21437e-03  1.23225e-02
 6.10666e-03  1.22162e-02

 7.78385e-03  1.25250e-02
 6.76372e-03  1.21710e-02
 6.91237e-03  1.21425e-02
 6.86275e-03  1.22855e-02
 6.76372e-03  1.21710e-02

 8.27865e-03  1.25250e-02
 7.43508e-03  1.21413e-02
 7.58574e-03  1.21267e-02
 7.52306e-03  1.22644e-02
 7.43508e-03  1.21413e-02

 8.77344e-03  1.25250e-02
 8.11969e-03  1.21297e-02
 8.27103e-03  1.21328e-02
 8.19270e-03  1.22623e-02
 8.11969e-03  1.21297e-02

 9.26823e-03  1.25250e-02
 8.79434e-03  1.21393e-02
 8.94378e-03  1.21634e-02
 8.84824e-03  1.22808e-02
 8.79434e-03  1.21393e-02

 9.76302e-03  1.25250e-02
 9.47615e-03  1.21718e-02
 9.61755e-03  1.22259e-02
 9.50006e-03  1.23213e-02
 9.47615e-03  1.21718e-02

 1.02578e-02  1.25250e-02
 1.00975e-02  1.22326e-02
 1.02269e-02  1.23112e-02
 1.00942e-02  1.23840e-02
 1.00975e-02  1.22326e-02

 1.07526e-02  1.25250e-02
 1.07526e-02  1.23171e-02
 1.08283e-02  1.24482e-02
 1.06769e-02  1.24482e-02
 1.07526e-02  1.23171e-02

 3.85573e-03  1.30950e-02
 2.28696e-03  1.33957e-02
 2.40146e-03  1.32967e-02
 2.42995e-03  1.34453e-02
 2.28696e-03  1.33957e-02

 4.34844e-03  1.30950e-02
 2.71549e-03  1.32737e-02
 2.83757e-03  1.31842e-02
 2.85403e-03  1.33347e-02
 2.71549e-03  1.32737e-02

 4.84115e-03  1.30950e-02
 3.18292e-03  1.31487e-02
 3.31149e-03  1.30688e-02
 3.31639e-03  1.32201e-02
 3.18292e-03  1.31487e-02

 5.33385e-03  1.30950e-02
 3.68903e-03  1.30232e-02
 3.82329e-03  1.29533e-02
 3.81669e-03  1.31045e-02
 3.68903e-03  1.30232e-02

 5.82656e-03  1.30950e-02
 4.23290e-03  1.29005e-02
 4.37219e-03  1.28412e-02
 4.35385e-03  1.29915e-02
 4.23290e-03  1.29005e-02

 6.31927e-03  1.30950e-02
 4.81241e-03  1.27842e-02
 4.95609e-03  1.27366e-02
 4.92551e-03  1.28848e-02
 4.81241e-03  1.27842e-02

 6.81198e-03  1.30950e-02
 5.42500e-03  1.26785e-02
 5.57232e-03  1.26437e-02
 5.52879e-03  1.27887e-02
 5.42500e-03  1.26785e-02

 7.30469e-03  1.30950e-02
 6.06582e-03  1.25879e-02
 6.21581e-03  1.25675e-02
 6.15847e-03  1.27076e-02
 6.06582e-03  1.25879e-02

 7.79740e-03  1.30950e-02
 6.73109e-03  1.25172e-02
 6.88240e-03  1.25131e-02
 6.81029e-03  1.26462e-02
 6.73109e-03  1.25172e-02

 8.29010e-03  1.30950e-02
 7.41074e-03  1.24712e-02
 7.56145e-03  1.24853e-02
 7.47387e-03  1.26088e-02
 7.41074e-03  1.24712e-02

 8.78281e-03  1.30950e-02
 8.10338e-03  1.24546e-02
 8.25068e-03  1.24894e-02
 8.14686e-03  1.25996e-02
 8.10338e-03  1.24546e-02

 9.27552e-03  1.30950e-02
 8.78537e-03  1.24719e-02
 8.92590e-03  1.25281e-02
 8.80693e-03  1.26217e-02
 8.78537e-03  1.24719e-02

 9.76823e-03  1.30950e-02
 9.47312e-03  1.25274e-02
 9.60074e-03  1.26088e-02
 9.46644e-03  1.26786e-02
 9.47312e-03  1.25274e-02

 1.02609e-02  1.30950e-02
 1.00981e-02  1.26267e-02
 1.02126e-02  1.27256e-02
 1.00697e-02  1.27753e-02
 1.00981e-02  1.26267e-02

 1.07536e-02  1.30950e-02
 1.07536e-02  1.27680e-02
 1.08293e-02  1.28991e-02
 1.06780e-02  1.28991e-02
 1.07536e-02  1.27680e-02

 3.88594e-03  1.36650e-02
 2.35214e-03  1.40444e-02
 2.46122e-03  1.39395e-02
 2.49756e-03  1.40864e-02
 2.35214e-03  1.40444e-02

 4.37656e-03  1.36650e-02
 2.78448e-03  1.38794e-02
 2.90430e-03  1.37869e-02
 2.92450e-03  1.39369e-02
 2.78448e-03  1.38794e-02

 4.86719e-03  1.36650e-02
 3.25452e-03  1.37114e-02
 3.38338e-03  1.36320e-02
 3.38774e-03  1.37833e-02
 3.25452e-03  1.37114e-02

 5.35781e-03  1.36650e-02
 3.76172e-03  1.35442e-02
 3.89815e-03  1.34786e-02
 3.88673e-03  1.36296e-02
 3.76172e-03  1.35442e-02

 5.84844e-03  1.36650e-02
 4.30487e-03  1.33818e-02
 4.44747e-03  1.33310e-02
 4.42015e-03  1.34799e-02
 4.30487e-03  1.33818e-02

 6.33906e-03  1.36650e-02
 4.88170e-03  1.32287e-02
 5.02899e-03  1.31938e-02
 4.98557e-03  1.33388e-02
 4.88170e-03  1.32287e-02

 6.82969e-03  1.36650e-02
 5.48964e-03  1.30902e-02
 5.63994e-03  1.30723e-02
 5.58027e-03  1.32114e-02
 5.48964e-03  1.30902e-02

 7.32031e-03  1.36650e-02
 6.12406e-03  1.29721e-02
 6.27543e-03  1.29723e-02
 6.19956e-03  1.31033e-02
 6.12406e-03  1.29721e-02

 7.81094e-03  1.36650e-02
 6.78149e-03  1.28806e-02
 6.93163e-03  1.28999e-02
 6.83989e-03  1.30203e-02
 6.78149e-03  1.28806e-02

 8.30156e-03  1.36650e-02
 7.45255e-03  1.28219e-02
 7.59889e-03  1.28606e-02
 7.49223e-03  1.29680e-02
 7.45255e-03  1.28219e-02

 8.79219e-03  1.36650e-02
 8.13587e-03  1.28027e-02
 8.27549e-03  1.28612e-02
 8.15504e-03  1.29529e-02
 8.13587e-03  1.28027e-02

 9.28281e-03  1.36650e-02
 8.80894e-03  1.28289e-02
 8.93942e-03  1.29056e-02
 8.80774e-03  1.29803e-02
 8.80894e-03  1.28289e-02

 9.77344e-03  1.36650e-02
 9.48776e-03  1.29079e-02
 9.60485e-03  1.30039e-02
 9.46323e-03  1.30573e-02
 9.48776e-03  1.29079e-02

 1.02641e-02  1.36650e-02
 1.01057e-02  1.30447e-02
 1.02115e-02  1.31530e-02
 1.00648e-02  1.31904e-02
 1.01057e-02  1.30447e-02

 1.07547e-02  1.36650e-02
 1.07547e-02  1.32394e-02
 1.08304e-02  1.33705e-02
 1.06790e-02  1.33705e-02
 1.07547e-02  1.32394e-02

 3.91615e-03  1.42350e-02
 2.51653e-03  1.46929e-02
 2.61759e-03  1.45802e-02
 2.66465e-03  1.47241e-02
 2.51653e-03  1.46929e-02

 4.40469e-03  1.42350e-02
 2.95437e-03  1.44850e-02
 3.07069e-03  1.43882e-02
 3.09640e-03  1.45373e-02
 2.95437e-03  1.44850e-02

 4.89323e-03  1.42350e-02
 3.42611e-03  1.42746e-02
 3.55510e-03  1.41954e-02
 3.55919e-03  1.43467e-02
 3.42611e-03  1.42746e-02

 5.38177e-03  1.42350e-02
 3.93122e-03  1.40662e-02
 4.07018e-03  1.40062e-02
 4.05268e-03  1.41565e-02
 3.93122e-03  1.40662e-02

 5.87031e-03  1.42350e-02
 4.46835e-03  1.38646e-02
 4.61442e-03  1.38249e-02
 4.57575e-03  1.39712e-02
 4.46835e-03  1.38646e-02

 6.35885e-03  1.42350e-02
 5.03545e-03  1.36753e-02
 5.18567e-03  1.36566e-02
 5.12670e-03  1.37960e-02
 5.03545e-03  1.36753e-02

 6.84740e-03  1.42350e-02
 5.63018e-03  1.35046e-02
 5.78152e-03  1.35071e-02
 5.70364e-03  1.36369e-02
 5.63018e-03  1.35046e-02

 7.33594e-03  1.42350e-02
 6.24844e-03  1.33593e-02
 6.39801e-03  1.33826e-02
 6.30308e-03  1.35005e-02
 6.24844e-03  1.33593e-02

 7.82448e-03  1.42350e-02
 6.88737e-03  1.32470e-02
 7.03249e-03  1.32901e-02
 6.92267e-03  1.33942e-02
 6.88737e-03  1.32470e-02

 8.31302e-03  1.42350e-02
 7.53855e-03  1.31754e-02
 7.67701e-03  1.32365e-02
 7.55480e-03  1.33258e-02
 7.53855e-03  1.31754e-02

 8.80156e-03  1.42350e-02
 8.20138e-03  1.31529e-02
 8.33114e-03  1.32308e-02
 8.19877e-03  1.33042e-02
 8.20138e-03  1.31529e-02

 9.29010e-03  1.42350e-02
 8.85533e-03  1.31866e-02
 8.97546e-03  1.32787e-02
 8.83564e-03  1.33367e-02
 8.85533e-03  1.31866e-02

 9.77865e-03  1.42350e-02
 9.51550e-03  1.32874e-02
 9.62350e-03  1.33934e-02
 9.47765e-03  1.34339e-02
 9.51550e-03  1.32874e-02

 1.02672e-02  1.42350e-02
 1.01206e-02  1.34592e-02
 1.02193e-02  1.35739e-02
 1.00705e-02  1.36020e-02
 1.01206e-02  1.34592e-02

 1.07557e-02  1.42350e-02
 1.07557e-02  1.37055e-02
 1.08314e-02  1.38366e-02
 1.06800e-02  1.38366e-02
 1.07557e-02  1.37055e-02

 3.94635e-03  1.48050e-02
 2.76388e-03  1.53212e-02
 2.85374e-03  1.51993e-02
 2.91429e-03  1.53381e-02
 2.76388e-03  1.53212e-02

 4.43281e-03  1.48050e-02
 3.20863e-03  1.50774e-02
 3.32015e-03  1.49751e-02
 3.35303e-03  1.51228e-02
 3.20863e-03  1.50774e-02

 4.91927e-03  1.48050e-02
 3.68169e-03  1.48319e-02
 3.81111e-03  1.47534e-02
 3.81439e-03  1.49047e-02
 3.68169e-03  1.48319e-02

 5.40573e-03  1.48050e-02
 4.18238e-03  1.45896e-02
 4.32461e-03  1.45378e-02
 4.29836e-03  1.46869e-02
 4.18238e-03  1.45896e-02

 5.89219e-03  1.48050e-02
 4.70956e-03  1.43561e-02
 4.85897e-03  1.43319e-02
 4.80526e-03  1.44734e-02
 4.70956e-03  1.43561e-02

 6.37865e-03  1.48050e-02
 5.26133e-03  1.41376e-02
 5.41268e-03  1.41398e-02
 5.33506e-03  1.42698e-02
 5.26133e-03  1.41376e-02

 6.86510e-03  1.48050e-02
 5.83596e-03  1.39408e-02
 5.98502e-03  1.39671e-02
 5.88768e-03  1.40830e-02
 5.83596e-03  1.39408e-02

 7.35156e-03  1.48050e-02
 6.43012e-03  1.37735e-02
 6.57389e-03  1.38209e-02
 6.46101e-03  1.39217e-02
 6.43012e-03  1.37735e-02

 7.83802e-03  1.48050e-02
 7.04153e-03  1.36442e-02
 7.17810e-03  1.37095e-02
 7.05329e-03  1.37952e-02
 7.04153e-03  1.36442e-02

 8.32448e-03  1.48050e-02
 7.66362e-03  1.35617e-02
 7.79198e-03  1.36420e-02
 7.65832e-03  1.37130e-02
 7.66362e-03  1.35617e-02

 8.81094e-03  1.48050e-02
 8.29616e-03  1.35363e-02
 8.41558e-03  1.36293e-02
 8.27532e-03  1.36862e-02
 8.29616e-03  1.35363e-02

 9.29740e-03  1.48050e-02
 8.92205e-03  1.35761e-02
 9.03272e-03  1.36793e-02
 8.88796e-03  1.37235e-02
 8.92205e-03  1.35761e-02

 9.78385e-03  1.48050e-02
 9.55492e-03  1.36947e-02
 9.65552e-03  1.38078e-02
 9.50727e-03  1.38384e-02
 9.55492e-03  1.36947e-02

 1.02703e-02  1.48050e-02
 1.01413e-02  1.38958e-02
 1.02347e-02  1.40150e-02
 1.00848e-02  1.40362e-02
 1.01413e-02  1.38958e-02

 1.07568e-02  1.48050e-02
 1.07568e-02  1.41862e-02
 1.08325e-02  1.43173e-02
 1.06811e-02  1.43173e-02
 1.07568e-02  1.41862e-02

 3.97656e-03  1.53750e-02
 3.07199e-03  1.59361e-02
 3.14349e-03  1.58027e-02
 3.22328e-03  1.59314e-02
 3.07199e-03  1.59361e-02

 4.46094e-03  1.53750e-02
 3.52451e-03  1.56634e-02
 3.62751e-03  1.55525e-02
 3.67206e-03  1.56971e-02
 3.52451e-03  1.56634e-02

 4.94531e-03  1.53750e-02
 3.99844e-03  1.53896e-02
 4.12835e-03  1.53119e-02
 4.13067e-03  1.54632e-02
 3.99844e-03  1.53896e-02

 5.42969e-03  1.53750e-02
 4.49326e-03  1.51202e-02
 4.63962e-03  1.50816e-02
 4.59987e-03  1.52276e-02
 4.49326e-03  1.51202e-02

 5.91406e-03  1.53750e-02
 5.00783e-03  1.48612e-02
 5.15919e-03  1.48600e-02
 5.08454e-03  1.49917e-02
 5.00783e-03  1.48612e-02

 6.39844e-03  1.53750e-02
 5.54094e-03  1.46192e-02
 5.68933e-03  1.46491e-02
 5.58924e-03  1.47626e-02
 5.54094e-03  1.46192e-02

 6.88281e-03  1.53750e-02
 6.09101e-03  1.44016e-02
 6.23244e-03  1.44555e-02
 6.11502e-03  1.45510e-02
 6.09101e-03  1.44016e-02

 7.36719e-03  1.53750e-02
 6.65586e-03  1.42164e-02
 6.78895e-03  1.42886e-02
 6.65995e-03  1.43677e-02
 6.65586e-03  1.42164e-02

 7.85156e-03  1.53750e-02
 7.23394e-03  1.40732e-02
 7.35851e-03  1.41592e-02
 7.22175e-03  1.42240e-02
 7.23394e-03  1.40732e-02

 8.33594e-03  1.53750e-02
 7.82049e-03  1.39812e-02
 7.93694e-03  1.40779e-02
 7.79497e-03  1.41304e-02
 7.82049e-03  1.39812e-02

 8.82031e-03  1.53750e-02
 8.41588e-03  1.39524e-02
 8.52452e-03  1.40578e-02
 8.37892e-03  1.40992e-02
 8.41588e-03  1.39524e-02

 9.30469e-03  1.53750e-02
 9.00713e-03  1.39955e-02
 9.10875e-03  1.41077e-02
 8.96079e-03  1.41396e-02
 9.00713e-03  1.39955e-02

 9.78906e-03  1.53750e-02
 9.60565e-03  1.41274e-02
 9.69960e-03  1.42460e-02
 9.54984e-03  1.42681e-02
 9.60565e-03  1.41274e-02

 1.02734e-02  1.53750e-02
 1.01688e-02  1.43506e-02
 1.02574e-02  1.44733e-02
 1.01068e-02  1.44887e-02
 1.01688e-02  1.43506e-02

 1.07578e-02  1.53750e-02
 1.07578e-02  1.46774e-02
 1.08335e-02  1.48085e-02
 1.06821e-02  1.48085e-02
 1.07578e-02  1.46774e-02

 4.00677e-03  1.59450e-02
 3.42541e-03  1.65319e-02
 3.46390e-03  1.63855e-02
 3.57143e-03  1.64920e-02
 3.42541e-03  1.65319e-02

 4.48906e-03  1.59450e-02
 3.88680e-03  1.62392e-02
 3.97136e-03  1.61137e-02
 4.03781e-03  1.62497e-02
 3.88680e-03  1.62392e-02

 4.97135e-03  1.59450e-02
 4.36195e-03  1.59462e-02
 4.49289e-03  1.58703e-02
 4.49319e-03  1.60216e-02
 4.36195e-03  1.59462e-02

 5.45365e-03  1.59450e-02
 4.85034e-03  1.56587e-02
 5.00121e-03  1.56465e-02
 4.93631e-03  1.57832e-02
 4.85034e-03  1.56587e-02

 5.93594e-03  1.59450e-02
 5.35123e-03  1.53828e-02
 5.49818e-03  1.54191e-02
 5.39327e-03  1.55282e-02
 5.35123e-03  1.53828e-02

 6.41823e-03  1.59450e-02
 5.86363e-03  1.51253e-02
 5.99977e-03  1.51915e-02
 5.87441e-03  1.52763e-02
 5.86363e-03  1.51253e-02

 6.90052e-03  1.59450e-02
 6.38662e-03  1.48941e-02
 6.51220e-03  1.49786e-02
 6.37622e-03  1.50451e-02
 6.38662e-03  1.48941e-02

 7.38281e-03  1.59450e-02
 6.91879e-03  1.46971e-02
 7.03542e-03  1.47936e-02
 6.89354e-03  1.48464e-02
 6.91879e-03  1.46971e-02

 7.86510e-03  1.59450e-02
 7.45943e-03  1.45444e-02
 7.56859e-03  1.46493e-02
 7.42320e-03  1.46914e-02
 7.45943e-03  1.45444e-02

 8.34740e-03  1.59450e-02
 8.00577e-03  1.44457e-02
 8.10868e-03  1.45567e-02
 7.96110e-03  1.45903e-02
 8.00577e-03  1.44457e-02

 8.82969e-03  1.59450e-02
 8.55857e-03  1.44138e-02
 8.65595e-03  1.45297e-02
 8.50691e-03  1.45561e-02
 8.55857e-03  1.44138e-02

 9.31198e-03  1.59450e-02
 9.10972e-03  1.44581e-02
 9.20238e-03  1.45778e-02
 9.05240e-03  1.45982e-02
 9.10972e-03  1.44581e-02

 9.79427e-03  1.59450e-02
 9.66756e-03  1.45978e-02
 9.75519e-03  1.47213e-02
 9.60449e-03  1.47354e-02
 9.66756e-03  1.45978e-02

 1.02766e-02  1.59450e-02
 1.02029e-02  1.48352e-02
 1.02871e-02  1.49610e-02
 1.01361e-02  1.49710e-02
 1.02029e-02  1.48352e-02

 1.07589e-02  1.59450e-02
 1.07589e-02  1.51879e-02
 1.08345e-02  1.53190e-02
 1.06832e-02  1.53190e-02
 1.07589e-02  1.51879e-02

 4.03698e-03  1.65150e-02
 3.80784e-03  1.71093e-02
 3.78438e-03  1.69598e-02
 3.92561e-03  1.70142e-02
 3.80784e-03  1.71093e-02

 4.51719e-03  1.65150e-02
 4.27906e-03  1.68061e-02
 4.30347e-03  1.66568e-02
 4.42063e-03  1.67526e-02
 4.27906e-03  1.68061e-02

 4.99740e-03  1.65150e-02
 4.75598e-03  1.65032e-02
 4.89062e-03  1.64340e-02
 4.88320e-03  1.65852e-02
 4.75598e-03  1.65032e-02

 5.47760e-03  1.65150e-02
 5.23819e-03  1.62064e-02
 5.37835e-03  1.62636e-02
 5.25876e-03  1.63564e-02
 5.23819e-03  1.62064e-02

 5.95781e-03  1.65150e-02
 5.72516e-03  1.59224e-02
 5.84351e-03  1.60167e-02
 5.70261e-03  1.60720e-02
 5.72516e-03  1.59224e-02

 6.43802e-03  1.65150e-02
 6.21627e-03  1.56577e-02
 6.32237e-03  1.57656e-02
 6.17582e-03  1.58035e-02
 6.21627e-03  1.56577e-02

 6.91823e-03  1.65150e-02
 6.71104e-03  1.54199e-02
 6.80977e-03  1.55347e-02
 6.66104e-03  1.55628e-02
 6.71104e-03  1.54199e-02

 7.39844e-03  1.65150e-02
 7.20896e-03  1.52176e-02
 7.30280e-03  1.53363e-02
 7.15302e-03  1.53582e-02
 7.20896e-03  1.52176e-02

 7.87865e-03  1.65150e-02
 7.70997e-03  1.50604e-02
 7.80025e-03  1.51819e-02
 7.64989e-03  1.51993e-02
 7.70997e-03  1.50604e-02

 8.35885e-03  1.65150e-02
 8.21338e-03  1.49580e-02
 8.30093e-03  1.50814e-02
 8.15022e-03  1.50955e-02
 8.21338e-03  1.49580e-02

 8.83906e-03  1.65150e-02
 8.72010e-03  1.49238e-02
 8.80535e-03  1.50489e-02
 8.65440e-03  1.50602e-02
 8.72010e-03  1.49238e-02

 9.31927e-03  1.65150e-02
 9.22735e-03  1.49673e-02
 9.31067e-03  1.50937e-02
 9.15957e-03  1.51027e-02
 9.22735e-03  1.49673e-02

 9.79948e-03  1.65150e-02
 9.73953e-03  1.51098e-02
 9.82074e-03  1.52375e-02
 9.66951e-03  1.52440e-02
 9.73953e-03  1.51098e-02

 1.02797e-02  1.65150e-02
 1.02434e-02  1.53529e-02
 1.03231e-02  1.54815e-02
 1.01718e-02  1.54863e-02
 1.02434e-02  1.53529e-02

 1.07599e-02  1.65150e-02
 1.07599e-02  1.57200e-02
 1.08356e-02  1.58511e-02
 1.06842e-02  1.58511e-02
 1.07599e-02  1.57200e-02

 4.06719e-03  1.70850e-02
 4.20508e-03  1.76663e-02
 4.10118e-03  1.75562e-02
 4.24846e-03  1.75213e-02
 4.20508e-03  1.76663e-02

 4.54531e-03  1.70850e-02
 4.68683e-03  1.73624e-02
 4.55983e-03  1.72800e-02
 4.69467e-03  1.72112e-02
 4.68683e-03  1.73624e-02

 5.02344e-03  1.70850e-02
 5.16616e-03  1.70592e-02
 5.05063e-03  1.71570e-02
 5.02370e-03  1.70080e-02
 5.16616e-03  1.70592e-02

 5.50156e-03  1.70850e-02
 5.64269e-03  1.67629e-02
 5.65940e-03  1.69134e-02
 5.52076e-03  1.68526e-02
 5.64269e-03  1.67629e-02

 5.97969e-03  1.70850e-02
 6.11607e-03  1.64799e-02
 6.16108e-03  1.66244e-02
 6.01342e-03  1.65911e-02
 6.11607e-03  1.64799e-02

 6.45781e-03  1.70850e-02
 6.58603e-03  1.62168e-02
 6.64175e-03  1.63575e-02
 6.49201e-03  1.63354e-02
 6.58603e-03  1.62168e-02

 6.93594e-03  1.70850e-02
 7.05249e-03  1.59808e-02
 7.11400e-03  1.61191e-02
 6.96346e-03  1.61032e-02
 7.05249e-03  1.59808e-02

 7.41406e-03  1.70850e-02
 7.51580e-03  1.57801e-02
 7.58107e-03  1.59166e-02
 7.43016e-03  1.59049e-02
 7.51580e-03  1.57801e-02

 7.89219e-03  1.70850e-02
 7.97644e-03  1.56240e-02
 8.04445e-03  1.57592e-02
 7.89333e-03  1.57505e-02
 7.97644e-03  1.56240e-02

 8.37031e-03  1.70850e-02
 8.43580e-03  1.55220e-02
 8.50593e-03  1.56561e-02
 8.35470e-03  1.56498e-02
 8.43580e-03  1.55220e-02

 8.84844e-03  1.70850e-02
 8.89468e-03  1.54872e-02
 8.96654e-03  1.56205e-02
 8.81524e-03  1.56161e-02
 8.89468e-03  1.54872e-02

 9.32656e-03  1.70850e-02
 9.35585e-03  1.55289e-02
 9.42905e-03  1.56614e-02
 9.27771e-03  1.56585e-02
 9.35585e-03  1.55289e-02

 9.80469e-03  1.70850e-02
 9.81913e-03  1.56695e-02
 9.89348e-03  1.58013e-02
 9.74212e-03  1.57998e-02
 9.81913e-03  1.56695e-02

 1.02828e-02  1.70850e-02
 1.02888e-02  1.59101e-02
 1.03638e-02  1.60416e-02
 1.02124e-02  1.60408e-02
 1.02888e-02  1.59101e-02

 1.07609e-02  1.70850e-02
 1.07609e-02  1.62787e-02
 1.08366e-02  1.64098e-02
 1.06853e-02  1.64098e-02
 1.07609e-02  1.62787e-02

 4.09740e-03  1.76550e-02
 4.60159e-03  1.82030e-02
 4.45714e-03  1.81578e-02
 4.56853e-03  1.80553e-02
 4.60159e-03  1.82030e-02

 4.57344e-03  1.76550e-02
 5.09397e-03  1.79082e-02
 4.94298e-03  1.79189e-02
 5.00918e-03  1.77828e-02
 5.09397e-03  1.79082e-02

 5.04948e-03  1.76550e-02
 5.57596e-03  1.76146e-02
 5.45105e-03  1.77001e-02
 5.43946e-03  1.75492e-02
 5.57596e-03  1.76146e-02

 5.52552e-03  1.76550e-02
 6.04718e-03  1.73284e-02
 5.97623e-03  1.74621e-02
 5.89591e-03  1.73338e-02
 6.04718e-03  1.73284e-02

 6.00156e-03  1.76550e-02
 6.50745e-03  1.70558e-02
 6.48072e-03  1.72048e-02
 6.36506e-03  1.71071e-02
 6.50745e-03  1.70558e-02

 6.47760e-03  1.76550e-02
 6.95687e-03  1.68030e-02
 6.95856e-03  1.69544e-02
 6.82664e-03  1.68802e-02
 6.95687e-03  1.68030e-02

 6.95365e-03  1.76550e-02
 7.39571e-03  1.65770e-02
 7.41599e-03  1.67270e-02
 7.27594e-03  1.66696e-02
 7.39571e-03  1.65770e-02

 7.42969e-03  1.76550e-02
 7.82517e-03  1.63851e-02
 7.85845e-03  1.65328e-02
 7.71393e-03  1.64878e-02
 7.82517e-03  1.63851e-02

 7.90573e-03  1.76550e-02
 8.24621e-03  1.62362e-02
 8.28921e-03  1.63813e-02
 8.14202e-03  1.63460e-02
 8.24621e-03  1.62362e-02

 8.38177e-03  1.76550e-02
 8.66217e-03  1.61388e-02
 8.71275e-03  1.62815e-02
 8.56391e-03  1.62540e-02
 8.66217e-03  1.61388e-02

 8.85781e-03  1.76550e-02
 9.07360e-03  1.61056e-02
 9.13048e-03  1.62459e-02
 8.98056e-03  1.62250e-02
 9.07360e-03  1.61056e-02

 9.33385e-03  1.76550e-02
 9.48874e-03  1.61452e-02
 9.55065e-03  1.62833e-02
 9.40007e-03  1.62679e-02
 9.48874e-03  1.61452e-02

 9.80990e-03  1.76550e-02
 9.90235e-03  1.62797e-02
 9.96907e-03  1.64155e-02
 9.81805e-03  1.64054e-02
 9.90235e-03  1.62797e-02

 1.02859e-02  1.76550e-02
 1.03369e-02  1.65103e-02
 1.04067e-02  1.66446e-02
 1.02555e-02  1.66379e-02
 1.03369e-02  1.65103e-02

 1.07620e-02  1.76550e-02
 1.07620e-02  1.68667e-02
 1.08377e-02  1.69978e-02
 1.06863e-02  1.69978e-02
 1.07620e-02  1.68667e-02

 4.12760e-03  1.82250e-02
 4.98207e-03  1.87200e-02
 4.83070e-03  1.87198e-02
 4.90658e-03  1.85888e-02
 4.98207e-03  1.87200e-02

 4.60156e-03  1.82250e-02
 5.48411e-03  1.84434e-02
 5.33868e-03  1.84854e-02
 5.37504e-03  1.83384e-02
 5.48411e-03  1.84434e-02

 5.07552e-03  1.82250e-02
 5.96821e-03  1.81687e-02
 5.84214e-03  1.82525e-02
 5.83262e-03  1.81014e-02
 5.96821e-03  1.81687e-02

 5.54948e-03  1.82250e-02
 6.43392e-03  1.79018e-02
 6.33677e-03  1.80179e-02
 6.28482e-03  1.78757e-02
 6.43392e-03  1.79018e-02

 6.02344e-03  1.82250e-02
 6.88139e-03  1.76485e-02
 6.81479e-03  1.77845e-02
 6.73037e-03  1.76588e-02
 6.88139e-03  1.76485e-02

 6.49740e-03  1.82250e-02
 7.31099e-03  1.74146e-02
 7.27153e-03  1.75607e-02
 7.16471e-03  1.74535e-02
 7.31099e-03  1.74146e-02

 6.97135e-03  1.82250e-02
 7.72337e-03  1.72064e-02
 7.70640e-03  1.73568e-02
 7.58462e-03  1.72669e-02
 7.72337e-03  1.72064e-02

 7.44531e-03  1.82250e-02
 8.12064e-03  1.70303e-02
 8.12202e-03  1.71816e-02
 7.99025e-03  1.71071e-02
 8.12064e-03  1.70303e-02

 7.91927e-03  1.82250e-02
 8.50420e-03  1.68942e-02
 8.52074e-03  1.70446e-02
 8.38217e-03  1.69837e-02
 8.50420e-03  1.68942e-02

 8.39323e-03  1.82250e-02
 8.87922e-03  1.68058e-02
 8.90836e-03  1.69543e-02
 8.76515e-03  1.69053e-02
 8.87922e-03  1.68058e-02

 8.86719e-03  1.82250e-02
 9.24586e-03  1.67765e-02
 9.28593e-03  1.69225e-02
 9.13948e-03  1.68842e-02
 9.24586e-03  1.67765e-02

 9.34115e-03  1.82250e-02
 9.61743e-03  1.68141e-02
 9.66651e-03  1.69573e-02
 9.51796e-03  1.69282e-02
 9.61743e-03  1.68141e-02

 9.81510e-03  1.82250e-02
 9.98359e-03  1.69393e-02
 1.00416e-02  1.70791e-02
 9.89152e-03  1.70594e-02
 9.98359e-03  1.69393e-02

 1.02891e-02  1.82250e-02
 1.03842e-02  1.71531e-02
 1.04480e-02  1.72904e-02
 1.02973e-02  1.72770e-02
 1.03842e-02  1.71531e-02

 1.07630e-02  1.82250e-02
 1.07630e-02  1.74842e-02
 1.08387e-02  1.76153e-02
 1.06873e-02  1.76153e-02
 1.07630e-02  1.74842e-02

 4.15781e-03  1.87950e-02
 5.32735e-03  1.92198e-02
 5.17830e-03  1.92462e-02
 5.22997e-03  1.91039e-02
 5.32735e-03  1.92198e-02

 4.62969e-03  1.87950e-02
 5.83676e-03  1.89706e-02
 5.69614e-03  1.90267e-02
 5.71794e-03  1.88769e-02
 5.83676e-03  1.89706e-02

 5.10156e-03  1.87950e-02
 6.32143e-03  1.87241e-02
 6.19495e-03  1.88072e-02
 6.18617e-03  1.86561e-02
 6.32143e-03  1.87241e-02

 5.57344e-03  1.87950e-02
 6.78097e-03  1.84855e-02
 6.67277e-03  1.85914e-02
 6.63519e-03  1.84447e-02
 6.78097e-03  1.84855e-02

 6.04531e-03  1.87950e-02
 7.21568e-03  1.82602e-02
 7.12791e-03  1.83835e-02
 7.06500e-03  1.82458e-02
 7.21568e-03  1.82602e-02

 6.51719e-03  1.87950e-02
 7.62640e-03  1.80532e-02
 7.55951e-03  1.81889e-02
 7.47537e-03  1.80631e-02
 7.62640e-03  1.80532e-02

 6.98906e-03  1.87950e-02
 8.01442e-03  1.78698e-02
 7.96780e-03  1.80139e-02
 7.86640e-03  1.79015e-02
 8.01442e-03  1.78698e-02

 7.46094e-03  1.87950e-02
 8.38246e-03  1.77158e-02
 8.35489e-03  1.78647e-02
 8.23978e-03  1.77664e-02
 8.38246e-03  1.77158e-02

 7.93281e-03  1.87950e-02
 8.73241e-03  1.75978e-02
 8.72254e-03  1.77488e-02
 8.59667e-03  1.76647e-02
 8.73241e-03  1.75978e-02

 8.40469e-03  1.87950e-02
 9.07112e-03  1.75222e-02
 9.07736e-03  1.76734e-02
 8.94326e-03  1.76032e-02
 9.07112e-03  1.75222e-02

 8.87656e-03  1.87950e-02
 9.39838e-03  1.74989e-02
 9.41963e-03  1.76488e-02
 9.27921e-03  1.75923e-02
 9.39838e-03  1.74989e-02

 9.34844e-03  1.87950e-02
 9.73174e-03  1.75348e-02
 9.76601e-03  1.76822e-02
 9.62119e-03  1.76382e-02
 9.73174e-03  1.75348e-02

 9.82031e-03  1.87950e-02
 1.00563e-02  1.76477e-02
 1.01040e-02  1.77914e-02
 9.95575e-03  1.77609e-02
 1.00563e-02  1.76477e-02

 1.02922e-02  1.87950e-02
 1.04270e-02  1.78392e-02
 1.04837e-02  1.79796e-02
 1.03338e-02  1.79584e-02
 1.04270e-02  1.78392e-02

 1.07641e-02  1.87950e-02
 1.07641e-02  1.81324e-02
 1.08397e-02  1.82634e-02
 1.06884e-02  1.82634e-02
 1.07641e-02  1.81324e-02

 4.18802e-03  1.93650e-02
 5.61821e-03  1.97065e-02
 5.47313e-03  1.97496e-02
 5.50828e-03  1.96024e-02
 5.61821e-03  1.97065e-02

 4.65781e-03  1.93650e-02
 6.13122e-03  1.94919e-02
 5.99412e-03  1.95560e-02
 6.00711e-03  1.94052e-02
 6.13122e-03  1.94919e-02

 5.12760e-03  1.93650e-02
 6.61380e-03  1.92804e-02
 6.48722e-03  1.93634e-02
 6.47862e-03  1.92123e-02
 6.61380e-03  1.92804e-02

 5.59740e-03  1.93650e-02
 7.06573e-03  1.90770e-02
 6.95166e-03  1.91765e-02
 6.92253e-03  1.90280e-02
 7.06573e-03  1.90770e-02

 6.06719e-03  1.93650e-02
 7.48754e-03  1.88860e-02
 7.38751e-03  1.89996e-02
 7.33914e-03  1.88562e-02
 7.48754e-03  1.88860e-02

 6.53698e-03  1.93650e-02
 7.88074e-03  1.87118e-02
 7.79593e-03  1.88372e-02
 7.72976e-03  1.87011e-02
 7.88074e-03  1.87118e-02

 7.00677e-03  1.93650e-02
 8.24692e-03  1.85587e-02
 8.17828e-03  1.86936e-02
 8.09577e-03  1.85667e-02
 8.24692e-03  1.85587e-02

 7.47656e-03  1.93650e-02
 8.58987e-03  1.84311e-02
 8.53807e-03  1.85734e-02
 8.44079e-03  1.84574e-02
 8.58987e-03  1.84311e-02

 7.94635e-03  1.93650e-02
 8.91185e-03  1.83346e-02
 8.87745e-03  1.84820e-02
 8.76699e-03  1.83785e-02
 8.91185e-03  1.83346e-02

 8.41615e-03  1.93650e-02
 9.22104e-03  1.82742e-02
 9.20410e-03  1.84247e-02
 9.08231e-03  1.83348e-02
 9.22104e-03  1.82742e-02

 8.88594e-03  1.93650e-02
 9.51696e-03  1.82582e-02
 9.51778e-03  1.84096e-02
 9.38629e-03  1.83346e-02
 9.51696e-03  1.82582e-02

 9.35573e-03  1.93650e-02
 9.82030e-03  1.82924e-02
 9.83765e-03  1.84428e-02
 9.69875e-03  1.83826e-02
 9.82030e-03  1.82924e-02

 9.82552e-03  1.93650e-02
 1.01127e-02  1.83907e-02
 1.01482e-02  1.85379e-02
 1.00031e-02  1.84951e-02
 1.01127e-02  1.83907e-02

 1.02953e-02  1.93650e-02
 1.04601e-02  1.85558e-02
 1.05081e-02  1.86993e-02
 1.03598e-02  1.86691e-02
 1.04601e-02  1.85558e-02

 1.07651e-02  1.93650e-02
 1.07651e-02  1.88015e-02
 1.08408e-02  1.89326e-02
 1.06894e-02  1.89326e-02
 1.07651e-02  1.88015e-02

 4.21823e-03  1.99350e-02
 5.82522e-03  2.01872e-02
 5.68398e-03  2.02416e-02
 5.70745e-03  2.00921e-02
 5.82522e-03  2.01872e-02

 4.68594e-03  1.99350e-02
 6.33720e-03  2.00149e-02
 6.20261e-03  2.00842e-02
 6.20992e-03  1.99330e-02
 6.33720e-03  2.00149e-02

 5.15365e-03  1.99350e-02
 6.81467e-03  1.98461e-02
 6.68782e-03  1.99287e-02
 6.67973e-03  1.97775e-02
 6.81467e-03  1.98461e-02

 5.62135e-03  1.99350e-02
 7.25778e-03  1.96848e-02
 7.13964e-03  1.97794e-02
 7.11676e-03  1.96298e-02
 7.25778e-03  1.96848e-02

 6.08906e-03  1.99350e-02
 7.66759e-03  1.95344e-02
 7.55915e-03  1.96400e-02
 7.52192e-03  1.94933e-02
 7.66759e-03  1.95344e-02

 6.55677e-03  1.99350e-02
 8.04599e-03  1.93983e-02
 7.94833e-03  1.95140e-02
 7.89701e-03  1.93716e-02
 8.04599e-03  1.93983e-02

 7.02448e-03  1.99350e-02
 8.39533e-03  1.92797e-02
 8.30970e-03  1.94046e-02
 8.24442e-03  1.92680e-02
 8.39533e-03  1.92797e-02

 7.49219e-03  1.99350e-02
 8.71985e-03  1.91820e-02
 8.64768e-03  1.93151e-02
 8.56854e-03  1.91860e-02
 8.71985e-03  1.91820e-02

 7.95990e-03  1.99350e-02
 9.02242e-03  1.91091e-02
 8.96536e-03  1.92493e-02
 8.87247e-03  1.91298e-02
 9.02242e-03  1.91091e-02

 8.42760e-03  1.99350e-02
 9.31189e-03  1.90653e-02
 9.27150e-03  1.92112e-02
 9.16536e-03  1.91033e-02
 9.31189e-03  1.90653e-02

 8.89531e-03  1.99350e-02
 9.58798e-03  1.90565e-02
 9.56624e-03  1.92063e-02
 9.44738e-03  1.91126e-02
 9.58798e-03  1.90565e-02

 9.36302e-03  1.99350e-02
 9.87288e-03  1.90881e-02
 9.87011e-03  1.92394e-02
 9.74043e-03  1.91614e-02
 9.87288e-03  1.90881e-02

 9.83073e-03  1.99350e-02
 1.01464e-02  1.91693e-02
 1.01664e-02  1.93193e-02
 1.00264e-02  1.92617e-02
 1.01464e-02  1.91693e-02

 1.02984e-02  1.99350e-02
 1.04801e-02  1.93044e-02
 1.05166e-02  1.94513e-02
 1.03711e-02  1.94094e-02
 1.04801e-02  1.93044e-02

 1.07661e-02  1.99350e-02
 1.07661e-02  1.94945e-02
 1.08418e-02  1.96255e-02
 1.06905e-02  1.96255e-02
 1.07661e-02  1.94945e-02

 4.24844e-03  2.05050e-02
 5.92649e-03  2.06686e-02
 5.78868e-03  2.07312e-02
 5.80337e-03  2.05806e-02
 5.92649e-03  2.06686e-02

 4.71406e-03  2.05050e-02
 6.43147e-03  2.05396e-02
 6.29889e-03  2.06126e-02
 6.30194e-03  2.04613e-02
 6.43147e-03  2.05396e-02

 5.17969e-03  2.05050e-02
 6.90043e-03  2.04142e-02
 6.77351e-03  2.04967e-02
 6.76553e-03  2.03456e-02
 6.90043e-03  2.04142e-02

 5.64531e-03  2.05050e-02
 7.33366e-03  2.02954e-02
 7.21289e-03  2.03867e-02
 7.19425e-03  2.02365e-02
 7.33366e-03  2.02954e-02

 6.11094e-03  2.05050e-02
 7.73291e-03  2.01857e-02
 7.61891e-03  2.02853e-02
 7.58967e-03  2.01368e-02
 7.73291e-03  2.01857e-02

 6.57656e-03  2.05050e-02
 8.10052e-03  2.00874e-02
 7.99410e-03  2.01950e-02
 7.95410e-03  2.00491e-02
 8.10052e-03  2.00874e-02

 7.04219e-03  2.05050e-02
 8.43923e-03  2.00027e-02
 8.34148e-03  2.01182e-02
 8.29026e-03  1.99758e-02
 8.43923e-03  2.00027e-02

 7.50781e-03  2.05050e-02
 8.75371e-03  1.99338e-02
 8.66609e-03  2.00573e-02
 8.60301e-03  1.99197e-02
 8.75371e-03  1.99338e-02

 7.97344e-03  2.05050e-02
 9.04731e-03  1.98835e-02
 8.97176e-03  2.00147e-02
 8.89594e-03  1.98837e-02
 9.04731e-03  1.98835e-02

 8.43906e-03  2.05050e-02
 9.32895e-03  1.98550e-02
 9.26773e-03  1.99934e-02
 9.17845e-03  1.98712e-02
 9.32895e-03  1.98550e-02

 8.90469e-03  2.05050e-02
 9.59868e-03  1.98522e-02
 9.55505e-03  1.99972e-02
 9.45134e-03  1.98869e-02
 9.59868e-03  1.98522e-02

 9.37031e-03  2.05050e-02
 9.87875e-03  1.98799e-02
 9.85474e-03  2.00294e-02
 9.73732e-03  1.99339e-02
 9.87875e-03  1.98799e-02

 9.83594e-03  2.05050e-02
 1.01493e-02  1.99429e-02
 1.01516e-02  2.00943e-02
 1.00194e-02  2.00206e-02
 1.01493e-02  1.99429e-02

 1.03016e-02  2.05050e-02
 1.04810e-02  2.00472e-02
 1.05036e-02  2.01968e-02
 1.03627e-02  2.01416e-02
 1.04810e-02  2.00472e-02

 1.07672e-02  2.05050e-02
 1.07672e-02  2.01815e-02
 1.08429e-02  2.03126e-02
 1.06915e-02  2.03126e-02
 1.07672e-02  2.01815e-02

 4.27865e-03  2.10750e-02
 5.87299e-03  2.11635e-02
 5.73791e-03  2.12318e-02
 5.74630e-03  2.10806e-02
 5.87299e-03  2.11635e-02

 4.74219e-03  2.10750e-02
 6.36688e-03  2.10839e-02
 6.23539e-03  2.11588e-02
 6.23621e-03  2.10075e-02
 6.36688e-03  2.10839e-02

 5.20573e-03  2.10750e-02
 6.82634e-03  2.10071e-02
 6.69853e-03  2.10882e-02
 6.69220e-03  2.09370e-02
 6.82634e-03  2.10071e-02

 5.66927e-03  2.10750e-02
 7.25227e-03  2.09350e-02
 7.12835e-03  2.10220e-02
 7.11502e-03  2.08712e-02
 7.25227e-03  2.09350e-02

 6.13281e-03  2.10750e-02
 7.64671e-03  2.08691e-02
 7.52702e-03  2.09617e-02
 7.50662e-03  2.08118e-02
 7.64671e-03  2.08691e-02

 6.59635e-03  2.10750e-02
 8.01232e-03  2.08105e-02
 7.89735e-03  2.09090e-02
 7.86956e-03  2.07602e-02
 8.01232e-03  2.08105e-02

 7.05990e-03  2.10750e-02
 8.35204e-03  2.07606e-02
 8.24256e-03  2.08651e-02
 8.20677e-03  2.07180e-02
 8.35204e-03  2.07606e-02

 7.52344e-03  2.10750e-02
 8.67050e-03  2.07205e-02
 8.56760e-03  2.08315e-02
 8.52291e-03  2.06869e-02
 8.67050e-03  2.07205e-02

 7.98698e-03  2.10750e-02
 8.97086e-03  2.06918e-02
 8.87618e-03  2.08099e-02
 8.82125e-03  2.06688e-02
 8.97086e-03  2.06918e-02

 8.45052e-03  2.10750e-02
 9.26177e-03  2.06766e-02
 9.17747e-03  2.08023e-02
 9.11075e-03  2.06664e-02
 9.26177e-03  2.06766e-02

 8.91406e-03  2.10750e-02
 9.54320e-03  2.06771e-02
 9.47286e-03  2.08112e-02
 9.39195e-03  2.06832e-02
 9.54320e-03  2.06771e-02

 9.37760e-03  2.10750e-02
 9.83588e-03  2.06975e-02
 9.78283e-03  2.08392e-02
 9.68658e-03  2.07224e-02
 9.83588e-03  2.06975e-02

 9.84115e-03  2.10750e-02
 1.01218e-02  2.07389e-02
 1.00959e-02  2.08880e-02
 9.97969e-03  2.07910e-02
 1.01218e-02  2.07389e-02

 1.03047e-02  2.10750e-02
 1.04654e-02  2.08089e-02
 1.04624e-02  2.09603e-02
 1.03329e-02  2.08820e-02
 1.04654e-02  2.08089e-02

 1.07682e-02  2.10750e-02
 1.07682e-02  2.08859e-02
 1.08439e-02  2.10170e-02
 1.06925e-02  2.10170e-02
 1.07682e-02  2.08859e-02

 4.30885e-03  2.16450e-02
 5.65708e-03  2.16718e-02
 5.52452e-03  2.17448e-02
 5.52752e-03  2.15935e-02
 5.65708e-03  2.16718e-02

 4.77031e-03  2.16450e-02
 6.13572e-03  2.16274e-02
 6.00561e-03  2.17048e-02
 6.00367e-03  2.15534e-02
 6.13572e-03  2.16274e-02

 5.23177e-03  2.16450e-02
 6.58537e-03  2.15852e-02
 6.45775e-03  2.16666e-02
 6.45107e-03  2.15153e-02
 6.58537e-03  2.15852e-02

 5.69323e-03  2.16450e-02
 7.00732e-03  2.15459e-02
 6.88229e-03  2.16313e-02
 6.87092e-03  2.14803e-02
 7.00732e-03  2.15459e-02

 6.15469e-03  2.16450e-02
 7.40362e-03  2.15105e-02
 7.28138e-03  2.15998e-02
 7.26518e-03  2.14493e-02
 7.40362e-03  2.15105e-02

 6.61615e-03  2.16450e-02
 7.77683e-03  2.14795e-02
 7.65774e-03  2.15729e-02
 7.63637e-03  2.14231e-02
 7.77683e-03  2.14795e-02

 7.07760e-03  2.16450e-02
 8.12968e-03  2.14535e-02
 8.01427e-03  2.15514e-02
 7.98716e-03  2.14025e-02
 8.12968e-03  2.14535e-02

 7.53906e-03  2.16450e-02
 8.46626e-03  2.14330e-02
 8.35534e-03  2.15360e-02
 8.32160e-03  2.13885e-02
 8.46626e-03  2.14330e-02

 8.00052e-03  2.16450e-02
 8.78899e-03  2.14189e-02
 8.68384e-03  2.15278e-02
 8.64212e-03  2.13823e-02
 8.78899e-03  2.14189e-02

 8.46198e-03  2.16450e-02
 9.10546e-03  2.14124e-02
 9.00792e-03  2.15281e-02
 8.95645e-03  2.13858e-02
 9.10546e-03  2.14124e-02

 8.92344e-03  2.16450e-02
 9.41542e-03  2.14142e-02
 9.32889e-03  2.15384e-02
 9.26460e-03  2.14013e-02
 9.41542e-03  2.14142e-02

 9.38490e-03  2.16450e-02
 9.73682e-03  2.14276e-02
 9.66508e-03  2.15609e-02
 9.58552e-03  2.14321e-02
 9.73682e-03  2.14276e-02

 9.84635e-03  2.16450e-02
 1.00555e-02  2.14509e-02
 1.00109e-02  2.15955e-02
 9.90789e-03  2.14846e-02
 1.00555e-02  2.14509e-02

 1.03078e-02  2.16450e-02
 1.04242e-02  2.14929e-02
 1.04046e-02  2.16430e-02
 1.02844e-02  2.15510e-02
 1.04242e-02  2.14929e-02

 1.07693e-02  2.16450e-02
 1.07693e-02  2.15297e-02
 1.08450e-02  2.16608e-02
 1.06936e-02  2.16608e-02
 1.07693e-02  2.15297e-02

 4.33906e-03  2.22150e-02
 5.20851e-03  2.22150e-02
 5.07743e-03  2.22907e-02
 5.07743e-03  2.21393e-02
 5.20851e-03  2.22150e-02

 4.79844e-03  2.22150e-02
 5.67500e-03  2.22150e-02
 5.54392e-03  2.22907e-02
 5.54392e-03  2.21393e-02
 5.67500e-03  2.22150e-02

 5.25781e-03  2.22150e-02
 6.12303e-03  2.22150e-02
 5.99194e-03  2.22907e-02
 5.99194e-03  2.21393e-02
 6.12303e-03  2.22150e-02

 5.71719e-03  2.22150e-02
 6.55364e-03  2.22150e-02
 6.42255e-03  2.22907e-02
 6.42255e-03  2.21393e-02
 6.55364e-03  2.22150e-02

 6.17656e-03  2.22150e-02
 6.96836e-03  2.22150e-02
 6.83728e-03  2.22907e-02
 6.83728e-03  2.21393e-02
 6.96836e-03  2.22150e-02

 6.63594e-03  2.22150e-02
 7.36902e-03  2.22150e-02
 7.23794e-03  2.22907e-02
 7.23794e-03  2.21393e-02
 7.36902e-03  2.22150e-02

 7.09531e-03  2.22150e-02
 7.75747e-03  2.22150e-02
 7.62638e-03  2.22907e-02
 7.62638e-03  2.21393e-02
 7.75747e-03  2.22150e-02

 7.55469e-03  2.22150e-02
 8.13644e-03  2.22150e-02
 8.00536e-03  2.22907e-02
 8.00536e-03  2.21393e-02
 8.13644e-03  2.22150e-02

 8.01406e-03  2.22150e-02
 8.50746e-03  2.22150e-02
 8.37637e-03  2.22907e-02
 8.37637e-03  2.21393e-02
 8.50746e-03  2.22150e-02

 8.47344e-03  2.22150e-02
 8.87550e-03  2.22150e-02
 8.74441e-03  2.22907e-02
 8.74441e-03  2.21393e-02
 8.87550e-03  2.22150e-02

 8.93281e-03  2.22150e-02
 9.23982e-03  2.22150e-02
 9.10873e-03  2.22907e-02
 9.10873e-03  2.21393e-02
 9.23982e-03  2.22150e-02

 9.39219e-03  2.22150e-02
 9.61275e-03  2.22150e-02
 9.48166e-03  2.22907e-02
 9.48166e-03  2.21393e-02
 9.61275e-03  2.22150e-02

 9.85156e-03  2.22150e-02
 9.98291e-03  2.22150e-02
 9.85182e-03  2.22907e-02
 9.85182e-03  2.21393e-02
 9.98291e-03  2.22150e-02

 1.03109e-02  2.22150e-02
 1.03871e-02  2.22150e-02
 1.02560e-02  2.22907e-02
 1.02560e-02  2.21393e-02
 1.03871e-02  2.22150e-02

 1.07703e-02  2.22150e-02
 1.07703e-02  2.22150e-02
 1.06392e-02  2.22907e-02
 1.06392e-02  2.21393e-02
 1.07703e-02  2.22150e-02

