#[ Fluid velocity 2D plot data file: flw.dat ]
 1.95313e-04  1.13850e-02
 1.95313e-04  1.13850e-02
 6.42249e-05  1.14607e-02
 6.42249e-05  1.13093e-02
 1.95313e-04  1.13850e-02

 5.85937e-04  1.13850e-02
 4.13758e-04  1.13850e-02
 5.44845e-04  1.13093e-02
 5.44845e-04  1.14607e-02
 4.13758e-04  1.13850e-02

 9.76562e-04  1.13850e-02
 7.52532e-04  1.13850e-02
 8.83619e-04  1.13093e-02
 8.83619e-04  1.14607e-02
 7.52532e-04  1.13850e-02

 1.36719e-03  1.13850e-02
 1.03930e-03  1.13850e-02
 1.17038e-03  1.13093e-02
 1.17038e-03  1.14607e-02
 1.03930e-03  1.13850e-02

 1.75781e-03  1.13850e-02
 1.35543e-03  1.13850e-02
 1.48651e-03  1.13093e-02
 1.48651e-03  1.14607e-02
 1.35543e-03  1.13850e-02

 2.14844e-03  1.13850e-02
 1.66603e-03  1.13850e-02
 1.79712e-03  1.13093e-02
 1.79712e-03  1.14607e-02
 1.66603e-03  1.13850e-02

 2.53906e-03  1.13850e-02
 1.98799e-03  1.13850e-02
 2.11908e-03  1.13093e-02
 2.11908e-03  1.14607e-02
 1.98799e-03  1.13850e-02

 2.92969e-03  1.13850e-02
 2.31545e-03  1.13850e-02
 2.44654e-03  1.13093e-02
 2.44654e-03  1.14607e-02
 2.31545e-03  1.13850e-02

 3.32031e-03  1.13850e-02
 2.65235e-03  1.13850e-02
 2.78343e-03  1.13093e-02
 2.78343e-03  1.14607e-02
 2.65235e-03  1.13850e-02

 1.97049e-04  1.19550e-02
 1.97049e-04  1.22492e-02
 1.21365e-04  1.21181e-02
 2.72732e-04  1.21181e-02
 1.97049e-04  1.22492e-02

 5.91146e-04  1.19550e-02
 3.23476e-04  1.22223e-02
 3.62756e-04  1.20761e-02
 4.69713e-04  1.21832e-02
 3.23476e-04  1.22223e-02

 9.85243e-04  1.19550e-02
 6.24566e-04  1.22174e-02
 6.86055e-04  1.20790e-02
 7.75095e-04  1.22015e-02
 6.24566e-04  1.22174e-02

 1.37934e-03  1.19550e-02
 8.51864e-04  1.22042e-02
 9.38063e-04  1.20798e-02
 1.00272e-03  1.22166e-02
 8.51864e-04  1.22042e-02

 1.77344e-03  1.19550e-02
 1.12282e-03  1.21914e-02
 1.22019e-03  1.20755e-02
 1.27187e-03  1.22177e-02
 1.12282e-03  1.21914e-02

 2.16753e-03  1.19550e-02
 1.38777e-03  1.21741e-02
 1.49350e-03  1.20658e-02
 1.53444e-03  1.22115e-02
 1.38777e-03  1.21741e-02

 2.56163e-03  1.19550e-02
 1.67137e-03  1.21543e-02
 1.78275e-03  1.20518e-02
 1.81582e-03  1.21995e-02
 1.67137e-03  1.21543e-02

 2.95573e-03  1.19550e-02
 1.96534e-03  1.21315e-02
 2.08111e-03  1.20340e-02
 2.10767e-03  1.21830e-02
 1.96534e-03  1.21315e-02

 3.34983e-03  1.19550e-02
 2.27558e-03  1.21063e-02
 2.39483e-03  1.20130e-02
 2.41593e-03  1.21629e-02
 2.27558e-03  1.21063e-02

 1.98785e-04  1.25250e-02
 1.98785e-04  1.30188e-02
 1.23101e-04  1.28877e-02
 2.74468e-04  1.28877e-02
 1.98785e-04  1.30188e-02

 5.96354e-04  1.25250e-02
 2.82366e-04  1.30001e-02
 2.91495e-04  1.28491e-02
 4.17780e-04  1.29325e-02
 2.82366e-04  1.30001e-02

 9.93924e-04  1.25250e-02
 5.59917e-04  1.29851e-02
 5.94804e-04  1.28379e-02
 7.04919e-04  1.29417e-02
 5.59917e-04  1.29851e-02

 1.39149e-03  1.25250e-02
 7.55139e-04  1.29631e-02
 8.20196e-04  1.28264e-02
 9.06030e-04  1.29511e-02
 7.55139e-04  1.29631e-02

 1.78906e-03  1.25250e-02
 1.00105e-03  1.29357e-02
 1.08231e-03  1.28080e-02
 1.15227e-03  1.29423e-02
 1.00105e-03  1.29357e-02

 2.18663e-03  1.25250e-02
 1.24240e-03  1.29019e-02
 1.33609e-03  1.27830e-02
 1.39221e-03  1.29236e-02
 1.24240e-03  1.29019e-02

 2.58420e-03  1.25250e-02
 1.50715e-03  1.28625e-02
 1.60961e-03  1.27511e-02
 1.65487e-03  1.28955e-02
 1.50715e-03  1.28625e-02

 2.98177e-03  1.25250e-02
 1.78605e-03  1.28180e-02
 1.89536e-03  1.27133e-02
 1.93138e-03  1.28603e-02
 1.78605e-03  1.28180e-02

 3.37934e-03  1.25250e-02
 2.08583e-03  1.27691e-02
 2.20062e-03  1.26704e-02
 2.22868e-03  1.28191e-02
 2.08583e-03  1.27691e-02

 2.00521e-04  1.30950e-02
 2.00521e-04  1.38860e-02
 1.24837e-04  1.37549e-02
 2.76204e-04  1.37549e-02
 2.00521e-04  1.38860e-02

 6.01563e-04  1.30950e-02
 2.66724e-04  1.38756e-02
 2.48846e-04  1.37253e-02
 3.87955e-04  1.37850e-02
 2.66724e-04  1.38756e-02

 1.00260e-03  1.30950e-02
 5.37204e-04  1.38494e-02
 5.41620e-04  1.36981e-02
 6.70444e-04  1.37775e-02
 5.37204e-04  1.38494e-02

 1.40365e-03  1.30950e-02
 7.19914e-04  1.38140e-02
 7.55401e-04  1.36669e-02
 8.65091e-04  1.37712e-02
 7.19914e-04  1.38140e-02

 1.80469e-03  1.30950e-02
 9.57033e-04  1.37660e-02
 1.01284e-03  1.36253e-02
 1.10679e-03  1.37440e-02
 9.57033e-04  1.37660e-02

 2.20573e-03  1.30950e-02
 1.19006e-03  1.37080e-02
 1.26318e-03  1.35754e-02
 1.34140e-03  1.37050e-02
 1.19006e-03  1.37080e-02

 2.60677e-03  1.30950e-02
 1.44919e-03  1.36401e-02
 1.53555e-03  1.35158e-02
 1.60003e-03  1.36527e-02
 1.44919e-03  1.36401e-02

 3.00781e-03  1.30950e-02
 1.72452e-03  1.35641e-02
 1.82166e-03  1.34480e-02
 1.87363e-03  1.35902e-02
 1.72452e-03  1.35641e-02

 3.40885e-03  1.30950e-02
 2.02324e-03  1.34813e-02
 2.12919e-03  1.33731e-02
 2.16984e-03  1.35190e-02
 2.02324e-03  1.34813e-02

 2.02257e-04  1.36650e-02
 2.02257e-04  1.47162e-02
 1.26573e-04  1.45852e-02
 2.77940e-04  1.45852e-02
 2.02257e-04  1.47162e-02

 6.06771e-04  1.36650e-02
 2.78872e-04  1.47178e-02
 2.45592e-04  1.45702e-02
 3.90112e-04  1.46152e-02
 2.78872e-04  1.47178e-02

 1.01128e-03  1.36650e-02
 5.54891e-04  1.46818e-02
 5.39523e-04  1.45312e-02
 6.77617e-04  1.45932e-02
 5.54891e-04  1.46818e-02

 1.41580e-03  1.36650e-02
 7.43994e-04  1.46345e-02
 7.56448e-04  1.44837e-02
 8.80864e-04  1.45699e-02
 7.43994e-04  1.46345e-02

 1.82031e-03  1.36650e-02
 9.87037e-04  1.45663e-02
 1.02045e-03  1.44187e-02
 1.13160e-03  1.45214e-02
 9.87037e-04  1.45663e-02

 2.22483e-03  1.36650e-02
 1.22633e-03  1.44843e-02
 1.27967e-03  1.43426e-02
 1.37568e-03  1.44596e-02
 1.22633e-03  1.44843e-02

 2.62934e-03  1.36650e-02
 1.49204e-03  1.43883e-02
 1.56205e-03  1.42541e-02
 1.64327e-03  1.43818e-02
 1.49204e-03  1.43883e-02

 3.03385e-03  1.36650e-02
 1.77448e-03  1.42815e-02
 1.85895e-03  1.41559e-02
 1.92549e-03  1.42918e-02
 1.77448e-03  1.42815e-02

 3.43837e-03  1.36650e-02
 2.08061e-03  1.41656e-02
 2.17742e-03  1.40492e-02
 2.22978e-03  1.41912e-02
 2.08061e-03  1.41656e-02

 2.03993e-04  1.42350e-02
 2.03993e-04  1.55481e-02
 1.28310e-04  1.54170e-02
 2.79677e-04  1.54170e-02
 2.03993e-04  1.55481e-02

 6.11979e-04  1.42350e-02
 3.12545e-04  1.55604e-02
 2.67608e-04  1.54159e-02
 4.15254e-04  1.54493e-02
 3.12545e-04  1.55604e-02

 1.01997e-03  1.42350e-02
 6.03464e-04  1.55153e-02
 5.72047e-04  1.53672e-02
 7.15989e-04  1.54140e-02
 6.03464e-04  1.55153e-02

 1.42795e-03  1.42350e-02
 8.13841e-04  1.54559e-02
 8.05132e-04  1.53048e-02
 9.40357e-04  1.53728e-02
 8.13841e-04  1.54559e-02

 1.83594e-03  1.42350e-02
 1.07403e-03  1.53675e-02
 1.08441e-03  1.52164e-02
 1.21000e-03  1.53009e-02
 1.07403e-03  1.53675e-02

 2.24392e-03  1.42350e-02
 1.33058e-03  1.52610e-02
 1.36121e-03  1.51127e-02
 1.47427e-03  1.52134e-02
 1.33058e-03  1.52610e-02

 2.65191e-03  1.42350e-02
 1.61194e-03  1.51362e-02
 1.66144e-03  1.49932e-02
 1.76057e-03  1.51076e-02
 1.61194e-03  1.51362e-02

 3.05990e-03  1.42350e-02
 1.90883e-03  1.49979e-02
 1.97628e-03  1.48624e-02
 2.05990e-03  1.49886e-02
 1.90883e-03  1.49979e-02

 3.46788e-03  1.42350e-02
 2.22796e-03  1.48484e-02
 2.31190e-03  1.47224e-02
 2.37901e-03  1.48581e-02
 2.22796e-03  1.48484e-02

 2.05729e-04  1.48050e-02
 2.05729e-04  1.63371e-02
 1.30046e-04  1.62060e-02
 2.81413e-04  1.62060e-02
 2.05729e-04  1.63371e-02

 6.17187e-04  1.48050e-02
 3.64904e-04  1.63586e-02
 3.11212e-04  1.62170e-02
 4.60621e-04  1.62413e-02
 3.64904e-04  1.63586e-02

 1.02865e-03  1.48050e-02
 6.78103e-04  1.63063e-02
 6.34209e-04  1.61614e-02
 7.81611e-04  1.61958e-02
 6.78103e-04  1.63063e-02

 1.44010e-03  1.48050e-02
 9.22179e-04  1.62367e-02
 8.95603e-04  1.60877e-02
 1.03794e-03  1.61392e-02
 9.22179e-04  1.62367e-02

 1.85156e-03  1.48050e-02
 1.20863e-03  1.61304e-02
 1.19775e-03  1.59795e-02
 1.33394e-03  1.60455e-02
 1.20863e-03  1.61304e-02

 2.26302e-03  1.48050e-02
 1.49173e-03  1.60025e-02
 1.49908e-03  1.58514e-02
 1.62634e-03  1.59333e-02
 1.49173e-03  1.60025e-02

 2.67448e-03  1.48050e-02
 1.79595e-03  1.58523e-02
 1.82221e-03  1.57032e-02
 1.93818e-03  1.58005e-02
 1.79595e-03  1.58523e-02

 3.08594e-03  1.48050e-02
 2.11356e-03  1.56862e-02
 2.15987e-03  1.55421e-02
 2.26151e-03  1.56542e-02
 2.11356e-03  1.56862e-02

 3.49740e-03  1.48050e-02
 2.45024e-03  1.55069e-02
 2.51699e-03  1.53710e-02
 2.60127e-03  1.54968e-02
 2.45024e-03  1.55069e-02

 2.07465e-04  1.53750e-02
 2.07465e-04  1.70854e-02
 1.31782e-04  1.69543e-02
 2.83149e-04  1.69543e-02
 2.07465e-04  1.70854e-02

 6.22396e-04  1.53750e-02
 4.31257e-04  1.71138e-02
 3.70350e-04  1.69753e-02
 5.20811e-04  1.69918e-02
 4.31257e-04  1.71138e-02

 1.03733e-03  1.53750e-02
 7.71920e-04  1.70562e-02
 7.17603e-04  1.69149e-02
 8.67118e-04  1.69386e-02
 7.71920e-04  1.70562e-02

 1.45226e-03  1.53750e-02
 1.05901e-03  1.69784e-02
 1.01673e-03  1.68330e-02
 1.16374e-03  1.68691e-02
 1.05901e-03  1.69784e-02

 1.86719e-03  1.53750e-02
 1.37839e-03  1.68576e-02
 1.34755e-03  1.67094e-02
 1.49131e-03  1.67568e-02
 1.37839e-03  1.68576e-02

 2.28212e-03  1.53750e-02
 1.69476e-03  1.67117e-02
 1.67821e-03  1.65613e-02
 1.81678e-03  1.66222e-02
 1.69476e-03  1.67117e-02

 2.69705e-03  1.53750e-02
 2.02737e-03  1.65402e-02
 2.02707e-03  1.63889e-02
 2.15831e-03  1.64643e-02
 2.02737e-03  1.65402e-02

 3.11198e-03  1.53750e-02
 2.37013e-03  1.63506e-02
 2.38923e-03  1.62004e-02
 2.50972e-03  1.62920e-02
 2.37013e-03  1.63506e-02

 3.52691e-03  1.53750e-02
 2.72769e-03  1.61463e-02
 2.76946e-03  1.60008e-02
 2.87457e-03  1.61097e-02
 2.72769e-03  1.61463e-02

 2.09201e-04  1.59450e-02
 2.09201e-04  1.77771e-02
 1.33518e-04  1.76461e-02
 2.84885e-04  1.76461e-02
 2.09201e-04  1.77771e-02

 6.27604e-04  1.59450e-02
 5.07722e-04  1.78103e-02
 4.40602e-04  1.76746e-02
 5.91657e-04  1.76843e-02
 5.07722e-04  1.78103e-02

 1.04601e-03  1.59450e-02
 8.79458e-04  1.77498e-02
 8.16140e-04  1.76123e-02
 9.66867e-04  1.76262e-02
 8.79458e-04  1.77498e-02

 1.46441e-03  1.59450e-02
 1.21633e-03  1.76661e-02
 1.16012e-03  1.75256e-02
 1.30994e-03  1.75472e-02
 1.21633e-03  1.76661e-02

 1.88281e-03  1.59450e-02
 1.57349e-03  1.75352e-02
 1.52423e-03  1.73921e-02
 1.67281e-03  1.74210e-02
 1.57349e-03  1.75352e-02

 2.30122e-03  1.59450e-02
 1.92825e-03  1.73763e-02
 1.88806e-03  1.72304e-02
 2.03454e-03  1.72686e-02
 1.92825e-03  1.73763e-02

 2.71962e-03  1.59450e-02
 2.29330e-03  1.71892e-02
 2.26420e-03  1.70406e-02
 2.40739e-03  1.70897e-02
 2.29330e-03  1.71892e-02

 3.13802e-03  1.59450e-02
 2.66477e-03  1.69822e-02
 2.65033e-03  1.68315e-02
 2.78804e-03  1.68943e-02
 2.66477e-03  1.69822e-02

 3.55642e-03  1.59450e-02
 3.04589e-03  1.67593e-02
 3.05140e-03  1.66080e-02
 3.17965e-03  1.66884e-02
 3.04589e-03  1.67593e-02

 2.10937e-04  1.65150e-02
 2.10937e-04  1.84106e-02
 1.35254e-04  1.82795e-02
 2.86621e-04  1.82795e-02
 2.10938e-04  1.84106e-02

 6.32812e-04  1.65150e-02
 5.90202e-04  1.84461e-02
 5.17429e-04  1.83133e-02
 6.68759e-04  1.83167e-02
 5.90202e-04  1.84461e-02

 1.05469e-03  1.65150e-02
 9.95028e-04  1.83849e-02
 9.23564e-04  1.82515e-02
 1.07485e-03  1.82563e-02
 9.95028e-04  1.83849e-02

 1.47656e-03  1.65150e-02
 1.38590e-03  1.82981e-02
 1.31697e-03  1.81633e-02
 1.46814e-03  1.81710e-02
 1.38590e-03  1.82981e-02

 1.89844e-03  1.65150e-02
 1.78388e-03  1.81615e-02
 1.71747e-03  1.80255e-02
 1.86848e-03  1.80360e-02
 1.78388e-03  1.81615e-02

 2.32031e-03  1.65150e-02
 2.18032e-03  1.79948e-02
 2.11732e-03  1.78572e-02
 2.26801e-03  1.78715e-02
 2.18032e-03  1.79948e-02

 2.74219e-03  1.65150e-02
 2.58056e-03  1.77983e-02
 2.52185e-03  1.76588e-02
 2.67203e-03  1.76777e-02
 2.58056e-03  1.77983e-02

 3.16406e-03  1.65150e-02
 2.98320e-03  1.75806e-02
 2.93052e-03  1.74387e-02
 3.07975e-03  1.74640e-02
 2.98320e-03  1.75806e-02

 3.58594e-03  1.65150e-02
 3.38976e-03  1.73462e-02
 3.34621e-03  1.72013e-02
 3.49353e-03  1.72360e-02
 3.38976e-03  1.73462e-02

 2.12674e-04  1.70850e-02
 2.12674e-04  1.89819e-02
 1.36990e-04  1.88508e-02
 2.88357e-04  1.88508e-02
 2.12674e-04  1.89819e-02

 6.38021e-04  1.70850e-02
 6.75083e-04  1.90174e-02
 5.96900e-04  1.88878e-02
 7.48239e-04  1.88849e-02
 6.75083e-04  1.90174e-02

 1.06337e-03  1.70850e-02
 1.11376e-03  1.89576e-02
 1.03457e-03  1.88286e-02
 1.18589e-03  1.88246e-02
 1.11376e-03  1.89576e-02

 1.48872e-03  1.70850e-02
 1.56059e-03  1.88704e-02
 1.47970e-03  1.87424e-02
 1.63094e-03  1.87363e-02
 1.56059e-03  1.88704e-02

 1.91406e-03  1.70850e-02
 2.00086e-03  1.87327e-02
 1.91838e-03  1.86058e-02
 2.06954e-03  1.85978e-02
 2.00086e-03  1.87327e-02

 2.33941e-03  1.70850e-02
 2.44077e-03  1.85639e-02
 2.35630e-03  1.84383e-02
 2.50731e-03  1.84280e-02
 2.44077e-03  1.85639e-02

 2.76476e-03  1.70850e-02
 2.87774e-03  1.83644e-02
 2.79082e-03  1.82405e-02
 2.94160e-03  1.82272e-02
 2.87774e-03  1.83644e-02

 3.19010e-03  1.70850e-02
 3.31300e-03  1.81432e-02
 3.22270e-03  1.80217e-02
 3.37305e-03  1.80043e-02
 3.31300e-03  1.81432e-02

 3.61545e-03  1.70850e-02
 3.74621e-03  1.79050e-02
 3.65083e-03  1.77875e-02
 3.80031e-03  1.77637e-02
 3.74621e-03  1.79050e-02

 2.14410e-04  1.76550e-02
 2.14410e-04  1.94915e-02
 1.38726e-04  1.93604e-02
 2.90093e-04  1.93604e-02
 2.14410e-04  1.94915e-02

 6.43229e-04  1.76550e-02
 7.58790e-04  1.95250e-02
 6.75165e-04  1.93988e-02
 8.26244e-04  1.93895e-02
 7.58790e-04  1.95250e-02

 1.07205e-03  1.76550e-02
 1.23083e-03  1.94682e-02
 1.14400e-03  1.93442e-02
 1.29479e-03  1.93310e-02
 1.23083e-03  1.94682e-02

 1.50087e-03  1.76550e-02
 1.73334e-03  1.93831e-02
 1.64085e-03  1.92633e-02
 1.79087e-03  1.92431e-02
 1.73334e-03  1.93831e-02

 1.92969e-03  1.76550e-02
 2.21577e-03  1.92487e-02
 2.11812e-03  1.91331e-02
 2.26710e-03  1.91063e-02
 2.21577e-03  1.92487e-02

 2.35851e-03  1.76550e-02
 2.69923e-03  1.90833e-02
 2.59519e-03  1.89734e-02
 2.74243e-03  1.89382e-02
 2.69923e-03  1.90833e-02

 2.78733e-03  1.76550e-02
 3.17312e-03  1.88874e-02
 3.06173e-03  1.87849e-02
 3.20618e-03  1.87397e-02
 3.17312e-03  1.88874e-02

 3.21615e-03  1.76550e-02
 3.64125e-03  1.86700e-02
 3.52080e-03  1.85783e-02
 3.66042e-03  1.85198e-02
 3.64125e-03  1.86700e-02

 3.64497e-03  1.76550e-02
 4.10133e-03  1.84358e-02
 3.96984e-03  1.83608e-02
 4.10052e-03  1.82844e-02
 4.10133e-03  1.84358e-02

 2.16146e-04  1.82250e-02
 2.16146e-04  1.99436e-02
 1.40462e-04  1.98125e-02
 2.91829e-04  1.98125e-02
 2.16146e-04  1.99436e-02

 6.48438e-04  1.82250e-02
 8.38237e-04  1.99728e-02
 7.48844e-04  1.98507e-02
 8.99326e-04  1.98343e-02
 8.38237e-04  1.99728e-02

 1.08073e-03  1.82250e-02
 1.34216e-03  1.99204e-02
 1.24738e-03  1.98024e-02
 1.39698e-03  1.97793e-02
 1.34216e-03  1.99204e-02

 1.51302e-03  1.82250e-02
 1.89796e-03  1.98394e-02
 1.79394e-03  1.97294e-02
 1.94118e-03  1.96943e-02
 1.89796e-03  1.98394e-02

 1.94531e-03  1.82250e-02
 2.42092e-03  1.97125e-02
 2.30891e-03  1.96107e-02
 2.45309e-03  1.95646e-02
 2.42092e-03  1.97125e-02

 2.37760e-03  1.82250e-02
 2.94631e-03  1.95553e-02
 2.82519e-03  1.94645e-02
 2.96437e-03  1.94050e-02
 2.94631e-03  1.95553e-02

 2.80990e-03  1.82250e-02
 3.45583e-03  1.93693e-02
 3.32548e-03  1.92923e-02
 3.45730e-03  1.92179e-02
 3.45583e-03  1.93693e-02

 3.24219e-03  1.82250e-02
 3.95568e-03  1.91624e-02
 3.81606e-03  1.91039e-02
 3.93651e-03  1.90123e-02
 3.95568e-03  1.91624e-02

 3.67448e-03  1.82250e-02
 4.44161e-03  1.89396e-02
 4.29410e-03  1.89057e-02
 4.39728e-03  1.87949e-02
 4.44161e-03  1.89396e-02

 2.17882e-04  1.87950e-02
 2.17882e-04  2.03405e-02
 1.42198e-04  2.02094e-02
 2.93565e-04  2.02094e-02
 2.17882e-04  2.03405e-02

 6.53646e-04  1.87950e-02
 9.09850e-04  2.03633e-02
 8.14022e-04  2.02461e-02
 9.63408e-04  2.02217e-02
 9.09850e-04  2.03633e-02

 1.08941e-03  1.87950e-02
 1.44287e-03  2.03162e-02
 1.33949e-03  2.02056e-02
 1.48692e-03  2.01713e-02
 1.44287e-03  2.03162e-02

 1.52517e-03  1.87950e-02
 2.04714e-03  2.02415e-02
 1.93146e-03  2.01439e-02
 2.07384e-03  2.00925e-02
 2.04714e-03  2.02415e-02

 1.96094e-03  1.87950e-02
 2.60705e-03  2.01259e-02
 2.48171e-03  2.00410e-02
 2.61788e-03  1.99749e-02
 2.60705e-03  2.01259e-02

 2.39670e-03  1.87950e-02
 3.17064e-03  1.99821e-02
 3.03565e-03  1.99136e-02
 3.16245e-03  1.98310e-02
 3.17064e-03  1.99821e-02

 2.83247e-03  1.87950e-02
 3.71259e-03  1.98121e-02
 3.56958e-03  1.97625e-02
 3.68404e-03  1.96635e-02
 3.71259e-03  1.98121e-02

 3.26823e-03  1.87950e-02
 4.24114e-03  1.96229e-02
 4.09226e-03  1.95956e-02
 4.19035e-03  1.94803e-02
 4.24114e-03  1.96229e-02

 3.70399e-03  1.87950e-02
 4.75032e-03  1.94193e-02
 4.59897e-03  1.94171e-02
 4.67652e-03  1.92871e-02
 4.75032e-03  1.94193e-02

 2.19618e-04  1.93650e-02
 2.19618e-04  2.06962e-02
 1.43935e-04  2.05651e-02
 2.95302e-04  2.05651e-02
 2.19618e-04  2.06962e-02

 6.58854e-04  1.93650e-02
 9.70776e-04  2.07099e-02
 8.67432e-04  2.05993e-02
 1.01489e-03  2.05651e-02
 9.70776e-04  2.07099e-02

 1.09809e-03  1.93650e-02
 1.52901e-03  2.06687e-02
 1.41601e-03  2.05680e-02
 1.55973e-03  2.05205e-02
 1.52901e-03  2.06687e-02

 1.53733e-03  1.93650e-02
 2.17455e-03  2.06017e-02
 2.04723e-03  2.05199e-02
 2.18179e-03  2.04505e-02
 2.17455e-03  2.06017e-02

 1.97656e-03  1.93650e-02
 2.76587e-03  2.05003e-02
 2.62889e-03  2.04358e-02
 2.75317e-03  2.03494e-02
 2.76587e-03  2.05003e-02

 2.41580e-03  1.93650e-02
 3.36177e-03  2.03739e-02
 3.21689e-03  2.03300e-02
 3.32731e-03  2.02265e-02
 3.36177e-03  2.03739e-02

 2.85503e-03  1.93650e-02
 3.93080e-03  2.02247e-02
 3.78115e-03  2.02020e-02
 3.87564e-03  2.00837e-02
 3.93080e-03  2.02247e-02

 3.29427e-03  1.93650e-02
 4.48311e-03  2.00587e-02
 4.33174e-03  2.00580e-02
 4.40803e-03  1.99273e-02
 4.48311e-03  2.00587e-02

 3.73351e-03  1.93650e-02
 5.01104e-03  1.98805e-02
 4.86116e-03  1.99016e-02
 4.91780e-03  1.97612e-02
 5.01104e-03  1.98805e-02

 2.21354e-04  1.99350e-02
 2.21354e-04  2.10088e-02
 1.45671e-04  2.08777e-02
 2.97038e-04  2.08777e-02
 2.21354e-04  2.10088e-02

 6.64062e-04  1.99350e-02
 1.01573e-03  2.10117e-02
 9.03092e-04  2.09106e-02
 1.04698e-03  2.08636e-02
 1.01573e-03  2.10117e-02

 1.10677e-03  1.99350e-02
 1.59292e-03  2.09778e-02
 1.46893e-03  2.08910e-02
 1.60613e-03  2.08271e-02
 1.59292e-03  2.09778e-02

 1.54948e-03  1.99350e-02
 2.26863e-03  2.09209e-02
 2.13024e-03  2.08596e-02
 2.25253e-03  2.07704e-02
 2.26863e-03  2.09209e-02

 1.99219e-03  1.99350e-02
 2.88268e-03  2.08377e-02
 2.73674e-03  2.07975e-02
 2.84450e-03  2.06912e-02
 2.88268e-03  2.08377e-02

 2.43490e-03  1.99350e-02
 3.50158e-03  2.07335e-02
 3.35128e-03  2.07155e-02
 3.44199e-03  2.05943e-02
 3.50158e-03  2.07335e-02

 2.87760e-03  1.99350e-02
 4.08952e-03  2.06111e-02
 3.93817e-03  2.06133e-02
 4.01191e-03  2.04811e-02
 4.08952e-03  2.06111e-02

 3.32031e-03  1.99350e-02
 4.65809e-03  2.04750e-02
 4.50821e-03  2.04961e-02
 4.56486e-03  2.03557e-02
 4.65809e-03  2.04750e-02

 3.76302e-03  1.99350e-02
 5.19828e-03  2.03292e-02
 5.05183e-03  2.03675e-02
 5.09192e-03  2.02215e-02
 5.19828e-03  2.03292e-02

 2.23090e-04  2.05050e-02
 2.23090e-04  2.13152e-02
 1.47407e-04  2.11841e-02
 2.98774e-04  2.11841e-02
 2.23090e-04  2.13152e-02

 6.69271e-04  2.05050e-02
 1.04210e-03  2.13046e-02
 9.18113e-04  2.12178e-02
 1.05530e-03  2.11538e-02
 1.04210e-03  2.13046e-02

 1.11545e-03  2.05050e-02
 1.62973e-03  2.12786e-02
 1.49413e-03  2.12114e-02
 1.62019e-03  2.11276e-02
 1.62973e-03  2.12786e-02

 1.56163e-03  2.05050e-02
 2.32149e-03  2.12321e-02
 2.17446e-03  2.11962e-02
 2.27911e-03  2.10868e-02
 2.32149e-03  2.12321e-02

 2.00781e-03  2.05050e-02
 2.94674e-03  2.11680e-02
 2.79600e-03  2.11542e-02
 2.88332e-03  2.10306e-02
 2.94674e-03  2.11680e-02

 2.45399e-03  2.05050e-02
 3.57683e-03  2.10874e-02
 3.42562e-03  2.10942e-02
 3.49531e-03  2.09598e-02
 3.57683e-03  2.10874e-02

 2.90017e-03  2.05050e-02
 4.17317e-03  2.09933e-02
 4.02367e-03  2.10170e-02
 4.07788e-03  2.08757e-02
 4.17317e-03  2.09933e-02

 3.34635e-03  2.05050e-02
 4.74824e-03  2.08888e-02
 4.60182e-03  2.09272e-02
 4.64179e-03  2.07812e-02
 4.74824e-03  2.08888e-02

 3.79253e-03  2.05050e-02
 5.29243e-03  2.07774e-02
 5.14993e-03  2.08284e-02
 5.17697e-03  2.06795e-02
 5.29243e-03  2.07774e-02

 2.24826e-04  2.10750e-02
 2.24826e-04  2.15869e-02
 1.49143e-04  2.14558e-02
 3.00510e-04  2.14558e-02
 2.24826e-04  2.15869e-02

 6.74479e-04  2.10750e-02
 1.03836e-03  2.15675e-02
 8.99588e-04  2.15070e-02
 1.02133e-03  2.14171e-02
 1.03836e-03  2.15675e-02

 1.12413e-03  2.10750e-02
 1.62242e-03  2.15522e-02
 1.47540e-03  2.15162e-02
 1.58009e-03  2.14069e-02
 1.62242e-03  2.15522e-02

 1.57378e-03  2.10750e-02
 2.30871e-03  2.15207e-02
 2.15738e-03  2.15174e-02
 2.23587e-03  2.13880e-02
 2.30871e-03  2.15207e-02

 2.02344e-03  2.10750e-02
 2.92823e-03  2.14804e-02
 2.77766e-03  2.14959e-02
 2.83955e-03  2.13578e-02
 2.92823e-03  2.14804e-02

 2.47309e-03  2.10750e-02
 3.55241e-03  2.14288e-02
 3.40427e-03  2.14599e-02
 3.45142e-03  2.13160e-02
 3.55241e-03  2.14288e-02

 2.92274e-03  2.10750e-02
 4.14276e-03  2.13690e-02
 3.99759e-03  2.14119e-02
 4.03305e-03  2.12647e-02
 4.14276e-03  2.13690e-02

 3.37240e-03  2.10750e-02
 4.71192e-03  2.13026e-02
 4.57000e-03  2.13553e-02
 4.59536e-03  2.12061e-02
 4.71192e-03  2.13026e-02

 3.82205e-03  2.10750e-02
 5.25042e-03  2.12322e-02
 5.11184e-03  2.12931e-02
 5.12840e-03  2.11426e-02
 5.25042e-03  2.12322e-02

 2.26562e-04  2.16450e-02
 2.26562e-04  2.19340e-02
 1.50879e-04  2.18029e-02
 3.02246e-04  2.18029e-02
 2.26563e-04  2.19340e-02

 6.79687e-04  2.16450e-02
 1.00549e-03  2.19022e-02
 8.55703e-04  2.18804e-02
 9.49486e-04  2.17615e-02
 1.00549e-03  2.19022e-02

 1.13281e-03  2.16450e-02
 1.56656e-03  2.18980e-02
 1.41520e-03  2.18973e-02
 1.49146e-03  2.17666e-02
 1.56656e-03  2.18980e-02

 1.58594e-03  2.16450e-02
 2.22459e-03  2.18765e-02
 2.07556e-03  2.19030e-02
 2.12715e-03  2.17607e-02
 2.22459e-03  2.18765e-02

 2.03906e-03  2.16450e-02
 2.81943e-03  2.18546e-02
 2.67320e-03  2.18937e-02
 2.71246e-03  2.17475e-02
 2.81943e-03  2.18546e-02

 2.49219e-03  2.16450e-02
 3.42014e-03  2.18240e-02
 3.27709e-03  2.18735e-02
 3.30577e-03  2.17249e-02
 3.42014e-03  2.18240e-02

 2.94531e-03  2.16450e-02
 3.98944e-03  2.17898e-02
 3.84920e-03  2.18468e-02
 3.86999e-03  2.16968e-02
 3.98944e-03  2.17898e-02

 3.39844e-03  2.16450e-02
 4.54005e-03  2.17515e-02
 4.40250e-03  2.18146e-02
 4.41655e-03  2.16639e-02
 4.54005e-03  2.17515e-02

 3.85156e-03  2.16450e-02
 5.06288e-03  2.17112e-02
 4.92785e-03  2.17796e-02
 4.93611e-03  2.16285e-02
 5.06288e-03  2.17112e-02

 2.28299e-04  2.22150e-02
 2.28299e-04  2.22150e-02
 3.59386e-04  2.21393e-02
 3.59386e-04  2.22907e-02
 2.28299e-04  2.22150e-02

 6.84896e-04  2.22150e-02
 9.03939e-04  2.22150e-02
 7.72851e-04  2.22907e-02
 7.72851e-04  2.21393e-02
 9.03939e-04  2.22150e-02

 1.14149e-03  2.22150e-02
 1.42117e-03  2.22150e-02
 1.29008e-03  2.22907e-02
 1.29008e-03  2.21393e-02
 1.42117e-03  2.22150e-02

 1.59809e-03  2.22150e-02
 2.01065e-03  2.22150e-02
 1.87956e-03  2.22907e-02
 1.87956e-03  2.21393e-02
 2.01065e-03  2.22150e-02

 2.05469e-03  2.22150e-02
 2.55393e-03  2.22150e-02
 2.42284e-03  2.22907e-02
 2.42284e-03  2.21393e-02
 2.55393e-03  2.22150e-02

 2.51128e-03  2.22150e-02
 3.10320e-03  2.22150e-02
 2.97211e-03  2.22907e-02
 2.97211e-03  2.21393e-02
 3.10320e-03  2.22150e-02

 2.96788e-03  2.22150e-02
 3.63077e-03  2.22150e-02
 3.49968e-03  2.22907e-02
 3.49968e-03  2.21393e-02
 3.63077e-03  2.22150e-02

 3.42448e-03  2.22150e-02
 4.14656e-03  2.22150e-02
 4.01547e-03  2.22907e-02
 4.01547e-03  2.21393e-02
 4.14656e-03  2.22150e-02

 3.88108e-03  2.22150e-02
 4.64404e-03  2.22150e-02
 4.51295e-03  2.22907e-02
 4.51295e-03  2.21393e-02
 4.64404e-03  2.22150e-02

 3.76510e-03  1.13850e-02
 3.04598e-03  1.13850e-02
 3.17707e-03  1.13093e-02
 3.17707e-03  1.14607e-02
 3.04598e-03  1.13850e-02

 4.26406e-03  1.13850e-02
 3.50549e-03  1.13850e-02
 3.63657e-03  1.13093e-02
 3.63657e-03  1.14607e-02
 3.50549e-03  1.13850e-02

 4.76302e-03  1.13850e-02
 3.98242e-03  1.13850e-02
 4.11351e-03  1.13093e-02
 4.11351e-03  1.14607e-02
 3.98242e-03  1.13850e-02

 5.26198e-03  1.13850e-02
 4.47797e-03  1.13850e-02
 4.60906e-03  1.13093e-02
 4.60906e-03  1.14607e-02
 4.47797e-03  1.13850e-02

 5.76094e-03  1.13850e-02
 4.99214e-03  1.13850e-02
 5.12323e-03  1.13093e-02
 5.12323e-03  1.14607e-02
 4.99214e-03  1.13850e-02

 6.25990e-03  1.13850e-02
 5.52452e-03  1.13850e-02
 5.65560e-03  1.13093e-02
 5.65560e-03  1.14607e-02
 5.52452e-03  1.13850e-02

 6.75885e-03  1.13850e-02
 6.07431e-03  1.13850e-02
 6.20540e-03  1.13093e-02
 6.20540e-03  1.14607e-02
 6.07431e-03  1.13850e-02

 7.25781e-03  1.13850e-02
 6.63930e-03  1.13850e-02
 6.77038e-03  1.13093e-02
 6.77038e-03  1.14607e-02
 6.63930e-03  1.13850e-02

 7.75677e-03  1.13850e-02
 7.21791e-03  1.13850e-02
 7.34900e-03  1.13093e-02
 7.34900e-03  1.14607e-02
 7.21791e-03  1.13850e-02

 8.25573e-03  1.13850e-02
 7.80481e-03  1.13850e-02
 7.93589e-03  1.13093e-02
 7.93589e-03  1.14607e-02
 7.80481e-03  1.13850e-02

 8.75469e-03  1.13850e-02
 8.40019e-03  1.13850e-02
 8.53127e-03  1.13093e-02
 8.53127e-03  1.14607e-02
 8.40019e-03  1.13850e-02

 9.25365e-03  1.13850e-02
 8.99066e-03  1.13850e-02
 9.12175e-03  1.13093e-02
 9.12175e-03  1.14607e-02
 8.99066e-03  1.13850e-02

 9.75260e-03  1.13850e-02
 9.58909e-03  1.13850e-02
 9.72018e-03  1.13093e-02
 9.72018e-03  1.14607e-02
 9.58909e-03  1.13850e-02

 1.02516e-02  1.13850e-02
 1.01542e-02  1.13850e-02
 1.02853e-02  1.13093e-02
 1.02853e-02  1.14607e-02
 1.01542e-02  1.13850e-02

 1.07505e-02  1.13850e-02
 1.07505e-02  1.13850e-02
 1.06194e-02  1.14607e-02
 1.06194e-02  1.13093e-02
 1.07505e-02  1.13850e-02

 3.79531e-03  1.19550e-02
 2.64394e-03  1.20749e-02
 2.76648e-03  1.19860e-02
 2.78216e-03  1.21366e-02
 2.64394e-03  1.20749e-02

 4.29219e-03  1.19550e-02
 3.08231e-03  1.20368e-02
 3.20800e-03  1.19524e-02
 3.21820e-03  1.21034e-02
 3.08231e-03  1.20368e-02

 4.78906e-03  1.19550e-02
 3.54952e-03  1.19968e-02
 3.67798e-03  1.19167e-02
 3.68308e-03  1.20680e-02
 3.54952e-03  1.19968e-02

 5.28594e-03  1.19550e-02
 4.04609e-03  1.19558e-02
 4.17713e-03  1.18800e-02
 4.17723e-03  1.20314e-02
 4.04609e-03  1.19558e-02

 5.78281e-03  1.19550e-02
 4.57218e-03  1.19149e-02
 4.70570e-03  1.18436e-02
 4.70069e-03  1.19949e-02
 4.57218e-03  1.19149e-02

 6.27969e-03  1.19550e-02
 5.12673e-03  1.18755e-02
 5.26271e-03  1.18090e-02
 5.25230e-03  1.19600e-02
 5.12673e-03  1.18755e-02

 6.77656e-03  1.19550e-02
 5.70829e-03  1.18390e-02
 5.84678e-03  1.17779e-02
 5.83044e-03  1.19284e-02
 5.70829e-03  1.18390e-02

 7.27344e-03  1.19550e-02
 6.31332e-03  1.18072e-02
 6.45440e-03  1.17523e-02
 6.43136e-03  1.19019e-02
 6.31332e-03  1.18072e-02

 7.77031e-03  1.19550e-02
 6.93901e-03  1.17815e-02
 7.08279e-03  1.17342e-02
 7.05186e-03  1.18823e-02
 6.93901e-03  1.17815e-02

 8.26719e-03  1.19550e-02
 7.57748e-03  1.17638e-02
 7.72402e-03  1.17259e-02
 7.68359e-03  1.18718e-02
 7.57748e-03  1.17638e-02

 8.76406e-03  1.19550e-02
 8.22767e-03  1.17552e-02
 8.37693e-03  1.17300e-02
 8.32409e-03  1.18719e-02
 8.22767e-03  1.17552e-02

 9.26094e-03  1.19550e-02
 8.87078e-03  1.17578e-02
 9.02192e-03  1.17494e-02
 8.95362e-03  1.18844e-02
 8.87078e-03  1.17578e-02

 9.75781e-03  1.19550e-02
 9.52078e-03  1.17704e-02
 9.67070e-03  1.17912e-02
 9.57769e-03  1.19106e-02
 9.52078e-03  1.17704e-02

 1.02547e-02  1.19550e-02
 1.01231e-02  1.17987e-02
 1.02654e-02  1.18503e-02
 1.01496e-02  1.19478e-02
 1.01231e-02  1.17987e-02

 1.07516e-02  1.19550e-02
 1.07516e-02  1.18397e-02
 1.08272e-02  1.19708e-02
 1.06759e-02  1.19708e-02
 1.07516e-02  1.18397e-02

 3.82552e-03  1.25250e-02
 2.44490e-03  1.27099e-02
 2.56478e-03  1.26175e-02
 2.58488e-03  1.27675e-02
 2.44490e-03  1.27099e-02

 4.32031e-03  1.25250e-02
 2.87665e-03  1.26404e-02
 3.00129e-03  1.25545e-02
 3.01335e-03  1.27054e-02
 2.87665e-03  1.26404e-02

 4.81510e-03  1.25250e-02
 3.34283e-03  1.25683e-02
 3.47164e-03  1.24888e-02
 3.47609e-03  1.26401e-02
 3.34283e-03  1.25683e-02

 5.30990e-03  1.25250e-02
 3.84368e-03  1.24952e-02
 3.97628e-03  1.24222e-02
 3.97320e-03  1.25735e-02
 3.84368e-03  1.24952e-02

 5.80469e-03  1.25250e-02
 4.37896e-03  1.24231e-02
 4.51511e-03  1.23570e-02
 4.50432e-03  1.25079e-02
 4.37896e-03  1.24231e-02

 6.29948e-03  1.25250e-02
 4.94694e-03  1.23543e-02
 5.08647e-03  1.22956e-02
 5.06752e-03  1.24458e-02
 4.94694e-03  1.23543e-02

 6.79427e-03  1.25250e-02
 5.54557e-03  1.22912e-02
 5.68835e-03  1.22409e-02
 5.66049e-03  1.23897e-02
 5.54557e-03  1.22912e-02

 7.28906e-03  1.25250e-02
 6.17061e-03  1.22367e-02
 6.31644e-03  1.21961e-02
 6.27866e-03  1.23427e-02
 6.17061e-03  1.22367e-02

 7.78385e-03  1.25250e-02
 6.81844e-03  1.21936e-02
 6.96699e-03  1.21646e-02
 6.91785e-03  1.23078e-02
 6.81844e-03  1.21936e-02

 8.27865e-03  1.25250e-02
 7.48034e-03  1.21650e-02
 7.63095e-03  1.21499e-02
 7.56872e-03  1.22879e-02
 7.48034e-03  1.21650e-02

 8.77344e-03  1.25250e-02
 8.15441e-03  1.21533e-02
 8.30575e-03  1.21559e-02
 8.22784e-03  1.22857e-02
 8.15441e-03  1.21533e-02

 9.26823e-03  1.25250e-02
 8.82027e-03  1.21616e-02
 8.96975e-03  1.21854e-02
 8.87439e-03  1.23030e-02
 8.82027e-03  1.21616e-02

 9.76302e-03  1.25250e-02
 9.49161e-03  1.21917e-02
 9.63307e-03  1.22455e-02
 9.51569e-03  1.23411e-02
 9.49161e-03  1.21917e-02

 1.02578e-02  1.25250e-02
 1.01088e-02  1.22488e-02
 1.02377e-02  1.23283e-02
 1.01044e-02  1.24001e-02
 1.01088e-02  1.22488e-02

 1.07526e-02  1.25250e-02
 1.07526e-02  1.23357e-02
 1.08283e-02  1.24667e-02
 1.06769e-02  1.24667e-02
 1.07526e-02  1.23357e-02

 3.85573e-03  1.30950e-02
 2.38111e-03  1.33827e-02
 2.49528e-03  1.32833e-02
 2.52427e-03  1.34319e-02
 2.38111e-03  1.33827e-02

 4.34844e-03  1.30950e-02
 2.81168e-03  1.32685e-02
 2.93345e-03  1.31786e-02
 2.95044e-03  1.33290e-02
 2.81168e-03  1.32685e-02

 4.84115e-03  1.30950e-02
 3.27904e-03  1.31509e-02
 3.40733e-03  1.30706e-02
 3.41275e-03  1.32219e-02
 3.27904e-03  1.31509e-02

 5.33385e-03  1.30950e-02
 3.78302e-03  1.30327e-02
 3.91704e-03  1.29624e-02
 3.91097e-03  1.31136e-02
 3.78302e-03  1.30327e-02

 5.82656e-03  1.30950e-02
 4.32288e-03  1.29169e-02
 4.46196e-03  1.28572e-02
 4.44416e-03  1.30075e-02
 4.32288e-03  1.29169e-02

 6.31927e-03  1.30950e-02
 4.89672e-03  1.28070e-02
 5.04022e-03  1.27589e-02
 5.01019e-03  1.29072e-02
 4.89672e-03  1.28070e-02

 6.81198e-03  1.30950e-02
 5.50197e-03  1.27070e-02
 5.64916e-03  1.26716e-02
 5.60617e-03  1.28168e-02
 5.50197e-03  1.27070e-02

 7.30469e-03  1.30950e-02
 6.13417e-03  1.26210e-02
 6.28408e-03  1.26001e-02
 6.22727e-03  1.27404e-02
 6.13417e-03  1.26210e-02

 7.79740e-03  1.30950e-02
 6.78959e-03  1.25537e-02
 6.94089e-03  1.25490e-02
 6.86926e-03  1.26824e-02
 6.78959e-03  1.25537e-02

 8.29010e-03  1.30950e-02
 7.45910e-03  1.25094e-02
 7.60985e-03  1.25231e-02
 7.52266e-03  1.26468e-02
 7.45910e-03  1.25094e-02

 8.78281e-03  1.30950e-02
 8.14054e-03  1.24927e-02
 8.28793e-03  1.25272e-02
 8.18439e-03  1.26376e-02
 8.14054e-03  1.24927e-02

 9.27552e-03  1.30950e-02
 8.81301e-03  1.25079e-02
 8.95358e-03  1.25640e-02
 8.83468e-03  1.26577e-02
 8.81301e-03  1.25079e-02

 9.76823e-03  1.30950e-02
 9.48954e-03  1.25593e-02
 9.61718e-03  1.26407e-02
 9.48290e-03  1.27106e-02
 9.48954e-03  1.25593e-02

 1.02609e-02  1.30950e-02
 1.01098e-02  1.26526e-02
 1.02238e-02  1.27522e-02
 1.00806e-02  1.28012e-02
 1.01098e-02  1.26526e-02

 1.07536e-02  1.30950e-02
 1.07536e-02  1.27968e-02
 1.08293e-02  1.29279e-02
 1.06780e-02  1.29279e-02
 1.07536e-02  1.27968e-02

 3.88594e-03  1.36650e-02
 2.44447e-03  1.40298e-02
 2.55298e-03  1.39243e-02
 2.59012e-03  1.40710e-02
 2.44447e-03  1.40298e-02

 4.37656e-03  1.36650e-02
 2.87864e-03  1.38747e-02
 2.99796e-03  1.37816e-02
 3.01895e-03  1.39315e-02
 2.87864e-03  1.38747e-02

 4.86719e-03  1.36650e-02
 3.34852e-03  1.37163e-02
 3.47698e-03  1.36363e-02
 3.48209e-03  1.37876e-02
 3.34852e-03  1.37163e-02

 5.35781e-03  1.36650e-02
 3.85360e-03  1.35582e-02
 3.98972e-03  1.34920e-02
 3.97900e-03  1.36430e-02
 3.85360e-03  1.35582e-02

 5.84844e-03  1.36650e-02
 4.39289e-03  1.34043e-02
 4.53527e-03  1.33529e-02
 4.50858e-03  1.35019e-02
 4.39289e-03  1.34043e-02

 6.33906e-03  1.36650e-02
 4.96435e-03  1.32591e-02
 5.11150e-03  1.32236e-02
 5.06864e-03  1.33688e-02
 4.96435e-03  1.32591e-02

 6.82969e-03  1.36650e-02
 5.56540e-03  1.31276e-02
 5.71564e-03  1.31092e-02
 5.65643e-03  1.32485e-02
 5.56540e-03  1.31276e-02

 7.32031e-03  1.36650e-02
 6.19180e-03  1.30152e-02
 6.34316e-03  1.30150e-02
 6.26763e-03  1.31462e-02
 6.19180e-03  1.30152e-02

 7.81094e-03  1.36650e-02
 6.83992e-03  1.29278e-02
 6.99009e-03  1.29468e-02
 6.89856e-03  1.30673e-02
 6.83992e-03  1.29278e-02

 8.30156e-03  1.36650e-02
 7.50113e-03  1.28712e-02
 7.64751e-03  1.29098e-02
 7.54092e-03  1.30173e-02
 7.50113e-03  1.28712e-02

 8.79219e-03  1.36650e-02
 8.17360e-03  1.28519e-02
 8.31321e-03  1.29104e-02
 8.19274e-03  1.30020e-02
 8.17360e-03  1.28519e-02

 9.28281e-03  1.36650e-02
 8.83729e-03  1.28752e-02
 8.96762e-03  1.29522e-02
 8.83578e-03  1.30266e-02
 8.83729e-03  1.28752e-02

 9.77344e-03  1.36650e-02
 9.50480e-03  1.29487e-02
 9.62169e-03  1.30448e-02
 9.47997e-03  1.30980e-02
 9.50480e-03  1.29487e-02

 1.02641e-02  1.36650e-02
 1.01178e-02  1.30773e-02
 1.02229e-02  1.31863e-02
 1.00760e-02  1.32228e-02
 1.01178e-02  1.30773e-02

 1.07547e-02  1.36650e-02
 1.07547e-02  1.32747e-02
 1.08304e-02  1.34058e-02
 1.06790e-02  1.34058e-02
 1.07547e-02  1.32747e-02

 3.91615e-03  1.42350e-02
 2.60190e-03  1.46753e-02
 2.70216e-03  1.45618e-02
 2.75024e-03  1.47054e-02
 2.60190e-03  1.46753e-02

 4.40469e-03  1.42350e-02
 3.04148e-03  1.44797e-02
 3.15713e-03  1.43821e-02
 3.18387e-03  1.45311e-02
 3.04148e-03  1.44797e-02

 4.89323e-03  1.42350e-02
 3.51337e-03  1.42811e-02
 3.64185e-03  1.42011e-02
 3.64691e-03  1.43524e-02
 3.51337e-03  1.42811e-02

 5.38177e-03  1.42350e-02
 4.01674e-03  1.40839e-02
 4.15536e-03  1.40231e-02
 4.13871e-03  1.41735e-02
 4.01674e-03  1.40839e-02

 5.87031e-03  1.42350e-02
 4.55070e-03  1.38927e-02
 4.69659e-03  1.38524e-02
 4.65858e-03  1.39989e-02
 4.55070e-03  1.38927e-02

 6.35885e-03  1.42350e-02
 5.11310e-03  1.37131e-02
 5.26325e-03  1.36940e-02
 5.20477e-03  1.38336e-02
 5.11310e-03  1.37131e-02

 6.84740e-03  1.42350e-02
 5.70185e-03  1.35510e-02
 5.85320e-03  1.35532e-02
 5.77560e-03  1.36832e-02
 5.70185e-03  1.35510e-02

 7.33594e-03  1.42350e-02
 6.31300e-03  1.34128e-02
 6.46259e-03  1.34359e-02
 6.36776e-03  1.35539e-02
 6.31300e-03  1.34128e-02

 7.82448e-03  1.42350e-02
 6.94360e-03  1.33058e-02
 7.08871e-03  1.33488e-02
 6.97886e-03  1.34530e-02
 6.94360e-03  1.33058e-02

 8.31302e-03  1.42350e-02
 7.58592e-03  1.32370e-02
 7.72428e-03  1.32983e-02
 7.60194e-03  1.33875e-02
 7.58592e-03  1.32370e-02

 8.80156e-03  1.42350e-02
 8.23857e-03  1.32146e-02
 8.36816e-03  1.32928e-02
 8.23563e-03  1.33659e-02
 8.23857e-03  1.32146e-02

 9.29010e-03  1.42350e-02
 8.88359e-03  1.32452e-02
 9.00340e-03  1.33377e-02
 8.86339e-03  1.33952e-02
 8.88359e-03  1.32452e-02

 9.77865e-03  1.42350e-02
 9.53275e-03  1.33391e-02
 9.64043e-03  1.34454e-02
 9.49446e-03  1.34855e-02
 9.53275e-03  1.33391e-02

 1.02672e-02  1.42350e-02
 1.01328e-02  1.35008e-02
 1.02308e-02  1.36162e-02
 1.00819e-02  1.36434e-02
 1.01328e-02  1.35008e-02

 1.07557e-02  1.42350e-02
 1.07557e-02  1.37496e-02
 1.08314e-02  1.38807e-02
 1.06800e-02  1.38807e-02
 1.07557e-02  1.37496e-02

 3.94635e-03  1.48050e-02
 2.83752e-03  1.53016e-02
 2.92622e-03  1.51789e-02
 2.98809e-03  1.53170e-02
 2.83752e-03  1.53016e-02

 4.43281e-03  1.48050e-02
 3.28401e-03  1.50720e-02
 3.39456e-03  1.49686e-02
 3.42883e-03  1.51160e-02
 3.28401e-03  1.50720e-02

 4.91927e-03  1.48050e-02
 3.75745e-03  1.48399e-02
 3.88621e-03  1.47603e-02
 3.89076e-03  1.49116e-02
 3.75745e-03  1.48399e-02

 5.40573e-03  1.48050e-02
 4.25701e-03  1.46104e-02
 4.39889e-03  1.45577e-02
 4.37361e-03  1.47069e-02
 4.25701e-03  1.46104e-02

 5.89219e-03  1.48050e-02
 4.78176e-03  1.43888e-02
 4.93107e-03  1.43639e-02
 4.87795e-03  1.45057e-02
 4.78176e-03  1.43888e-02

 6.37865e-03  1.48050e-02
 5.33005e-03  1.41812e-02
 5.48141e-03  1.41831e-02
 5.40401e-03  1.43132e-02
 5.33005e-03  1.41812e-02

 6.86510e-03  1.48050e-02
 5.89991e-03  1.39942e-02
 6.04897e-03  1.40206e-02
 5.95161e-03  1.41365e-02
 5.89991e-03  1.39942e-02

 7.35156e-03  1.48050e-02
 6.48832e-03  1.38351e-02
 6.63200e-03  1.38827e-02
 6.51894e-03  1.39834e-02
 6.48832e-03  1.38351e-02

 7.83802e-03  1.48050e-02
 7.09284e-03  1.37121e-02
 7.22922e-03  1.37777e-02
 7.10416e-03  1.38630e-02
 7.09284e-03  1.37121e-02

 8.32448e-03  1.48050e-02
 7.70741e-03  1.36333e-02
 7.83546e-03  1.37140e-02
 7.70153e-03  1.37845e-02
 7.70741e-03  1.36333e-02

 8.81094e-03  1.48050e-02
 8.33110e-03  1.36082e-02
 8.45013e-03  1.37017e-02
 8.30964e-03  1.37581e-02
 8.33110e-03  1.36082e-02

 9.29740e-03  1.48050e-02
 8.94900e-03  1.36448e-02
 9.05919e-03  1.37486e-02
 8.91422e-03  1.37922e-02
 8.94900e-03  1.36448e-02

 9.78385e-03  1.48050e-02
 9.57168e-03  1.37557e-02
 9.67184e-03  1.38692e-02
 9.52348e-03  1.38992e-02
 9.57168e-03  1.37557e-02

 1.02703e-02  1.48050e-02
 1.01532e-02  1.39452e-02
 1.02459e-02  1.40649e-02
 1.00959e-02  1.40853e-02
 1.01532e-02  1.39452e-02

 1.07568e-02  1.48050e-02
 1.07568e-02  1.42378e-02
 1.08325e-02  1.43689e-02
 1.06811e-02  1.43689e-02
 1.07568e-02  1.42378e-02

 3.97656e-03  1.53750e-02
 3.13050e-03  1.59143e-02
 3.20036e-03  1.57800e-02
 3.28172e-03  1.59077e-02
 3.13050e-03  1.59143e-02

 4.46094e-03  1.53750e-02
 3.58475e-03  1.56573e-02
 3.68631e-03  1.55451e-02
 3.73273e-03  1.56891e-02
 3.58475e-03  1.56573e-02

 4.94531e-03  1.53750e-02
 4.05936e-03  1.53983e-02
 4.18841e-03  1.53192e-02
 4.19240e-03  1.54705e-02
 4.05936e-03  1.53983e-02

 5.42969e-03  1.53750e-02
 4.55365e-03  1.51430e-02
 4.69975e-03  1.51034e-02
 4.66099e-03  1.52497e-02
 4.55365e-03  1.51430e-02

 5.91406e-03  1.53750e-02
 5.06686e-03  1.48971e-02
 5.21822e-03  1.48956e-02
 5.14386e-03  1.50275e-02
 5.06686e-03  1.48971e-02

 6.39844e-03  1.53750e-02
 5.59748e-03  1.46673e-02
 5.74583e-03  1.46973e-02
 5.64560e-03  1.48108e-02
 5.59748e-03  1.46673e-02

 6.88281e-03  1.53750e-02
 6.14430e-03  1.44605e-02
 6.28554e-03  1.45150e-02
 6.16778e-03  1.46101e-02
 6.14430e-03  1.44605e-02

 7.36719e-03  1.53750e-02
 6.70491e-03  1.42848e-02
 6.83765e-03  1.43575e-02
 6.70829e-03  1.44361e-02
 6.70491e-03  1.42848e-02

 7.85156e-03  1.53750e-02
 7.27775e-03  1.41488e-02
 7.40186e-03  1.42354e-02
 7.26476e-03  1.42996e-02
 7.27775e-03  1.41488e-02

 8.33594e-03  1.53750e-02
 7.85844e-03  1.40614e-02
 7.97436e-03  1.41588e-02
 7.83210e-03  1.42105e-02
 7.85844e-03  1.40614e-02

 8.82031e-03  1.53750e-02
 8.44668e-03  1.40337e-02
 8.55476e-03  1.41396e-02
 8.40895e-03  1.41803e-02
 8.44668e-03  1.40337e-02

 9.30469e-03  1.53750e-02
 9.03127e-03  1.40739e-02
 9.13229e-03  1.41866e-02
 8.98416e-03  1.42178e-02
 9.03127e-03  1.40739e-02

 9.78906e-03  1.53750e-02
 9.62095e-03  1.41974e-02
 9.71440e-03  1.43165e-02
 9.56456e-03  1.43379e-02
 9.62095e-03  1.41974e-02

 1.02734e-02  1.53750e-02
 1.01796e-02  1.44081e-02
 1.02676e-02  1.45313e-02
 1.01169e-02  1.45459e-02
 1.01796e-02  1.44081e-02

 1.07578e-02  1.53750e-02
 1.07578e-02  1.47367e-02
 1.08335e-02  1.48678e-02
 1.06821e-02  1.48678e-02
 1.07578e-02  1.47367e-02

 4.00677e-03  1.59450e-02
 3.46602e-03  1.65083e-02
 3.50221e-03  1.63613e-02
 3.61140e-03  1.64661e-02
 3.46602e-03  1.65083e-02

 4.48906e-03  1.59450e-02
 3.92900e-03  1.62324e-02
 4.01108e-03  1.61052e-02
 4.08019e-03  1.62399e-02
 3.92900e-03  1.62324e-02

 4.97135e-03  1.59450e-02
 4.40498e-03  1.59552e-02
 4.53469e-03  1.58772e-02
 4.53742e-03  1.60285e-02
 4.40498e-03  1.59552e-02

 5.45365e-03  1.59450e-02
 4.89346e-03  1.56826e-02
 5.04427e-03  1.56696e-02
 4.98006e-03  1.58067e-02
 4.89346e-03  1.56826e-02

 5.93594e-03  1.59450e-02
 5.39376e-03  1.54207e-02
 5.54060e-03  1.54574e-02
 5.43538e-03  1.55662e-02
 5.39376e-03  1.54207e-02

 6.41823e-03  1.59450e-02
 5.90491e-03  1.51762e-02
 6.04064e-03  1.52432e-02
 5.91476e-03  1.53273e-02
 5.90491e-03  1.51762e-02

 6.90052e-03  1.59450e-02
 6.42597e-03  1.49566e-02
 6.55094e-03  1.50421e-02
 6.41448e-03  1.51076e-02
 6.42597e-03  1.49566e-02

 7.38281e-03  1.59450e-02
 6.95557e-03  1.47700e-02
 7.07149e-03  1.48673e-02
 6.92924e-03  1.49191e-02
 6.95557e-03  1.47700e-02

 7.86510e-03  1.59450e-02
 7.49284e-03  1.46255e-02
 7.60127e-03  1.47311e-02
 7.45559e-03  1.47722e-02
 7.49284e-03  1.46255e-02

 8.34740e-03  1.59450e-02
 8.03525e-03  1.45322e-02
 8.13744e-03  1.46439e-02
 7.98963e-03  1.46765e-02
 8.03525e-03  1.45322e-02

 8.82969e-03  1.59450e-02
 8.58301e-03  1.45021e-02
 8.67970e-03  1.46186e-02
 8.53050e-03  1.46441e-02
 8.58301e-03  1.45021e-02

 9.31198e-03  1.59450e-02
 9.12923e-03  1.45439e-02
 9.22124e-03  1.46641e-02
 9.07114e-03  1.46837e-02
 9.12923e-03  1.45439e-02

 9.79427e-03  1.59450e-02
 9.68024e-03  1.46753e-02
 9.76734e-03  1.47991e-02
 9.61658e-03  1.48126e-02
 9.68024e-03  1.46753e-02

 1.02766e-02  1.59450e-02
 1.02118e-02  1.48996e-02
 1.02955e-02  1.50257e-02
 1.01444e-02  1.50351e-02
 1.02118e-02  1.48996e-02

 1.07589e-02  1.59450e-02
 1.07589e-02  1.52536e-02
 1.08345e-02  1.53847e-02
 1.06832e-02  1.53847e-02
 1.07589e-02  1.52536e-02

 4.03698e-03  1.65150e-02
 3.82851e-03  1.70843e-02
 3.80252e-03  1.69352e-02
 3.94465e-03  1.69872e-02
 3.82851e-03  1.70843e-02

 4.51719e-03  1.65150e-02
 4.30101e-03  1.67985e-02
 4.32031e-03  1.66484e-02
 4.44068e-03  1.67401e-02
 4.30101e-03  1.67985e-02

 4.99740e-03  1.65150e-02
 4.77880e-03  1.65119e-02
 4.91095e-03  1.64381e-02
 4.90880e-03  1.65894e-02
 4.77880e-03  1.65119e-02

 5.47760e-03  1.65150e-02
 5.26149e-03  1.62306e-02
 5.40106e-03  1.62892e-02
 5.28055e-03  1.63808e-02
 5.26149e-03  1.62306e-02

 5.95781e-03  1.65150e-02
 5.74858e-03  1.59610e-02
 5.86570e-03  1.60569e-02
 5.72410e-03  1.61104e-02
 5.74858e-03  1.59610e-02

 6.43802e-03  1.65150e-02
 6.23947e-03  1.57099e-02
 6.34434e-03  1.58190e-02
 6.19738e-03  1.58553e-02
 6.23947e-03  1.57099e-02

 6.91823e-03  1.65150e-02
 6.73368e-03  1.54845e-02
 6.83129e-03  1.56002e-02
 6.68229e-03  1.56269e-02
 6.73368e-03  1.54845e-02

 7.39844e-03  1.65150e-02
 7.23069e-03  1.52930e-02
 7.32350e-03  1.54126e-02
 7.17354e-03  1.54332e-02
 7.23069e-03  1.52930e-02

 7.87865e-03  1.65150e-02
 7.73030e-03  1.51445e-02
 7.81965e-03  1.52667e-02
 7.66916e-03  1.52830e-02
 7.73030e-03  1.51445e-02

 8.35885e-03  1.65150e-02
 8.23189e-03  1.50484e-02
 8.31860e-03  1.51725e-02
 8.16779e-03  1.51855e-02
 8.23189e-03  1.50484e-02

 8.83906e-03  1.65150e-02
 8.73600e-03  1.50168e-02
 8.82050e-03  1.51424e-02
 8.66949e-03  1.51527e-02
 8.73600e-03  1.50168e-02

 9.31927e-03  1.65150e-02
 9.24041e-03  1.50585e-02
 9.32307e-03  1.51854e-02
 9.17192e-03  1.51935e-02
 9.24041e-03  1.50585e-02

 9.79948e-03  1.65150e-02
 9.74834e-03  1.51929e-02
 9.82904e-03  1.53209e-02
 9.67778e-03  1.53268e-02
 9.74834e-03  1.51929e-02

 1.02797e-02  1.65150e-02
 1.02495e-02  1.54229e-02
 1.03288e-02  1.55518e-02
 1.01775e-02  1.55560e-02
 1.02495e-02  1.54229e-02

 1.07599e-02  1.65150e-02
 1.07599e-02  1.57908e-02
 1.08356e-02  1.59219e-02
 1.06842e-02  1.59219e-02
 1.07599e-02  1.57908e-02

 4.06719e-03  1.70850e-02
 4.20434e-03  1.76406e-02
 4.09944e-03  1.75314e-02
 4.24640e-03  1.74951e-02
 4.20434e-03  1.76406e-02

 4.54531e-03  1.70850e-02
 4.68685e-03  1.73541e-02
 4.55885e-03  1.72733e-02
 4.69282e-03  1.72029e-02
 4.68685e-03  1.73541e-02

 5.02344e-03  1.70850e-02
 5.16690e-03  1.70675e-02
 5.04594e-03  1.71585e-02
 5.02762e-03  1.70082e-02
 5.16690e-03  1.70675e-02

 5.50156e-03  1.70850e-02
 5.64413e-03  1.67868e-02
 5.65586e-03  1.69377e-02
 5.51930e-03  1.68725e-02
 5.64413e-03  1.67868e-02

 5.97969e-03  1.70850e-02
 6.11820e-03  1.65184e-02
 6.16058e-03  1.66638e-02
 6.01355e-03  1.66278e-02
 6.11820e-03  1.65184e-02

 6.45781e-03  1.70850e-02
 6.58887e-03  1.62689e-02
 6.64281e-03  1.64103e-02
 6.49336e-03  1.63863e-02
 6.58887e-03  1.62689e-02

 6.93594e-03  1.70850e-02
 7.05606e-03  1.60455e-02
 7.11620e-03  1.61844e-02
 6.96583e-03  1.61670e-02
 7.05606e-03  1.60455e-02

 7.41406e-03  1.70850e-02
 7.52009e-03  1.58558e-02
 7.58423e-03  1.59929e-02
 7.43342e-03  1.59799e-02
 7.52009e-03  1.58558e-02

 7.89219e-03  1.70850e-02
 7.98137e-03  1.57089e-02
 8.04841e-03  1.58446e-02
 7.89736e-03  1.58348e-02
 7.98137e-03  1.57089e-02

 8.37031e-03  1.70850e-02
 8.44114e-03  1.56136e-02
 8.51043e-03  1.57481e-02
 8.35924e-03  1.57409e-02
 8.44114e-03  1.56136e-02

 8.84844e-03  1.70850e-02
 8.90008e-03  1.55819e-02
 8.97122e-03  1.57155e-02
 8.81994e-03  1.57103e-02
 8.90008e-03  1.55819e-02

 9.32656e-03  1.70850e-02
 9.36083e-03  1.56226e-02
 9.43342e-03  1.57555e-02
 9.28210e-03  1.57519e-02
 9.36083e-03  1.56226e-02

 9.80469e-03  1.70850e-02
 9.82294e-03  1.57555e-02
 9.89682e-03  1.58876e-02
 9.74547e-03  1.58855e-02
 9.82294e-03  1.57555e-02

 1.02828e-02  1.70850e-02
 1.02913e-02  1.59835e-02
 1.03660e-02  1.61152e-02
 1.02146e-02  1.61140e-02
 1.02913e-02  1.59835e-02

 1.07609e-02  1.70850e-02
 1.07609e-02  1.63524e-02
 1.08366e-02  1.64835e-02
 1.06853e-02  1.64835e-02
 1.07609e-02  1.63524e-02

 4.09740e-03  1.76550e-02
 4.57877e-03  1.81775e-02
 4.43429e-03  1.81324e-02
 4.54561e-03  1.80298e-02
 4.57877e-03  1.81775e-02

 4.57344e-03  1.76550e-02
 5.07120e-03  1.78998e-02
 4.92017e-03  1.79098e-02
 4.98696e-03  1.77740e-02
 5.07120e-03  1.78998e-02

 5.04948e-03  1.76550e-02
 5.55358e-03  1.76225e-02
 5.42764e-03  1.77064e-02
 5.41789e-03  1.75554e-02
 5.55358e-03  1.76225e-02

 5.52552e-03  1.76550e-02
 6.02556e-03  1.73516e-02
 5.95275e-03  1.74843e-02
 5.87423e-03  1.73549e-02
 6.02556e-03  1.73516e-02

 6.00156e-03  1.76550e-02
 6.48698e-03  1.70933e-02
 6.45853e-03  1.72420e-02
 6.34400e-03  1.71430e-02
 6.48698e-03  1.70933e-02

 6.47760e-03  1.76550e-02
 6.93793e-03  1.68539e-02
 6.93824e-03  1.70053e-02
 6.80700e-03  1.69298e-02
 6.93793e-03  1.68539e-02

 6.95365e-03  1.76550e-02
 7.37873e-03  1.66401e-02
 7.39790e-03  1.67902e-02
 7.25828e-03  1.67318e-02
 7.37873e-03  1.66401e-02

 7.42969e-03  1.76550e-02
 7.81051e-03  1.64591e-02
 7.84285e-03  1.66070e-02
 7.69862e-03  1.65611e-02
 7.81051e-03  1.64591e-02

 7.90573e-03  1.76550e-02
 8.23421e-03  1.63193e-02
 8.27640e-03  1.64646e-02
 8.12941e-03  1.64285e-02
 8.23421e-03  1.63193e-02

 8.38177e-03  1.76550e-02
 8.65288e-03  1.62287e-02
 8.70276e-03  1.63716e-02
 8.55405e-03  1.63433e-02
 8.65288e-03  1.62287e-02

 8.85781e-03  1.76550e-02
 9.06718e-03  1.61992e-02
 9.12344e-03  1.63397e-02
 8.97361e-03  1.63181e-02
 9.06718e-03  1.61992e-02

 9.33385e-03  1.76550e-02
 9.48421e-03  1.62384e-02
 9.54563e-03  1.63767e-02
 9.39511e-03  1.63607e-02
 9.48421e-03  1.62384e-02

 9.80990e-03  1.76550e-02
 9.90016e-03  1.63657e-02
 9.96650e-03  1.65018e-02
 9.81550e-03  1.64912e-02
 9.90016e-03  1.63657e-02

 1.02859e-02  1.76550e-02
 1.03349e-02  1.65845e-02
 1.04045e-02  1.67189e-02
 1.02533e-02  1.67119e-02
 1.03349e-02  1.65845e-02

 1.07620e-02  1.76550e-02
 1.07620e-02  1.69489e-02
 1.08377e-02  1.70800e-02
 1.06863e-02  1.70800e-02
 1.07620e-02  1.69489e-02

 4.12760e-03  1.82250e-02
 4.93674e-03  1.86958e-02
 4.78537e-03  1.86953e-02
 4.86150e-03  1.85645e-02
 4.93674e-03  1.86958e-02

 4.60156e-03  1.82250e-02
 5.43802e-03  1.84356e-02
 5.29242e-03  1.84770e-02
 5.32938e-03  1.83302e-02
 5.43802e-03  1.84356e-02

 5.07552e-03  1.82250e-02
 5.92212e-03  1.81765e-02
 5.79557e-03  1.82596e-02
 5.78692e-03  1.81085e-02
 5.92212e-03  1.81765e-02

 5.54948e-03  1.82250e-02
 6.38858e-03  1.79243e-02
 6.29071e-03  1.80397e-02
 6.23965e-03  1.78973e-02
 6.38858e-03  1.79243e-02

 6.02344e-03  1.82250e-02
 6.83756e-03  1.76846e-02
 6.77020e-03  1.78202e-02
 6.68649e-03  1.76941e-02
 6.83756e-03  1.76846e-02

 6.49740e-03  1.82250e-02
 7.26952e-03  1.74634e-02
 7.22934e-03  1.76093e-02
 7.12304e-03  1.75016e-02
 7.26952e-03  1.74634e-02

 6.97135e-03  1.82250e-02
 7.68507e-03  1.72666e-02
 7.66748e-03  1.74170e-02
 7.54608e-03  1.73266e-02
 7.68507e-03  1.72666e-02

 7.44531e-03  1.82250e-02
 8.08623e-03  1.71008e-02
 8.08706e-03  1.72522e-02
 7.95556e-03  1.71772e-02
 8.08623e-03  1.71008e-02

 7.91927e-03  1.82250e-02
 8.47446e-03  1.69733e-02
 8.49050e-03  1.71238e-02
 8.35213e-03  1.70624e-02
 8.47446e-03  1.69733e-02

 8.39323e-03  1.82250e-02
 8.85441e-03  1.68915e-02
 8.88309e-03  1.70401e-02
 8.74004e-03  1.69906e-02
 8.85441e-03  1.68915e-02

 8.86719e-03  1.82250e-02
 9.22677e-03  1.68656e-02
 9.26642e-03  1.70117e-02
 9.12009e-03  1.69729e-02
 9.22677e-03  1.68656e-02

 9.34115e-03  1.82250e-02
 9.60295e-03  1.69033e-02
 9.65172e-03  1.70466e-02
 9.50324e-03  1.70171e-02
 9.60295e-03  1.69033e-02

 9.81510e-03  1.82250e-02
 9.97503e-03  1.70221e-02
 1.00328e-02  1.71620e-02
 9.88273e-03  1.71421e-02
 9.97503e-03  1.70221e-02

 1.02891e-02  1.82250e-02
 1.03775e-02  1.72253e-02
 1.04413e-02  1.73625e-02
 1.02906e-02  1.73492e-02
 1.03775e-02  1.72253e-02

 1.07630e-02  1.82250e-02
 1.07630e-02  1.75638e-02
 1.08387e-02  1.76949e-02
 1.06873e-02  1.76949e-02
 1.07630e-02  1.75638e-02

 4.15781e-03  1.87950e-02
 5.26082e-03  1.91981e-02
 5.11172e-03  1.92242e-02
 5.16368e-03  1.90820e-02
 5.26082e-03  1.91981e-02

 4.62969e-03  1.87950e-02
 5.76872e-03  1.89641e-02
 5.62794e-03  1.90197e-02
 5.65017e-03  1.88700e-02
 5.76872e-03  1.89641e-02

 5.10156e-03  1.87950e-02
 6.25301e-03  1.87319e-02
 6.12626e-03  1.88146e-02
 6.11798e-03  1.86635e-02
 6.25301e-03  1.87319e-02

 5.57344e-03  1.87950e-02
 6.71331e-03  1.85067e-02
 6.60478e-03  1.86122e-02
 6.56766e-03  1.84654e-02
 6.71331e-03  1.85067e-02

 6.04531e-03  1.87950e-02
 7.14999e-03  1.82937e-02
 7.06189e-03  1.84168e-02
 6.99934e-03  1.82790e-02
 7.14999e-03  1.82937e-02

 6.51719e-03  1.87950e-02
 7.56389e-03  1.80981e-02
 7.49672e-03  1.82337e-02
 7.41283e-03  1.81077e-02
 7.56389e-03  1.80981e-02

 6.98906e-03  1.87950e-02
 7.95622e-03  1.79251e-02
 7.90937e-03  1.80690e-02
 7.80815e-03  1.79565e-02
 7.95622e-03  1.79251e-02

 7.46094e-03  1.87950e-02
 8.32963e-03  1.77802e-02
 8.30188e-03  1.79290e-02
 8.18689e-03  1.78306e-02
 8.32963e-03  1.77802e-02

 7.93281e-03  1.87950e-02
 8.68614e-03  1.76698e-02
 8.67610e-03  1.78208e-02
 8.55032e-03  1.77366e-02
 8.68614e-03  1.76698e-02

 8.40469e-03  1.87950e-02
 9.03185e-03  1.76001e-02
 9.03794e-03  1.77514e-02
 8.90392e-03  1.76810e-02
 9.03185e-03  1.76001e-02

 8.87656e-03  1.87950e-02
 9.36745e-03  1.75800e-02
 9.38851e-03  1.77299e-02
 9.24817e-03  1.76732e-02
 9.36745e-03  1.75800e-02

 9.34844e-03  1.87950e-02
 9.70778e-03  1.76161e-02
 9.74195e-03  1.77635e-02
 9.59716e-03  1.77194e-02
 9.70778e-03  1.76161e-02

 9.82031e-03  1.87950e-02
 1.00416e-02  1.77236e-02
 1.00892e-02  1.78673e-02
 9.94095e-03  1.78367e-02
 1.00416e-02  1.77236e-02

 1.02922e-02  1.87950e-02
 1.04157e-02  1.79058e-02
 1.04726e-02  1.80460e-02
 1.03227e-02  1.80252e-02
 1.04157e-02  1.79058e-02

 1.07641e-02  1.87950e-02
 1.07641e-02  1.82056e-02
 1.08397e-02  1.83367e-02
 1.06884e-02  1.83367e-02
 1.07641e-02  1.82056e-02

 4.18802e-03  1.93650e-02
 5.53261e-03  1.96885e-02
 5.38746e-03  1.97314e-02
 5.42286e-03  1.95842e-02
 5.53261e-03  1.96885e-02

 4.65781e-03  1.93650e-02
 6.04350e-03  1.94874e-02
 5.90626e-03  1.95512e-02
 5.91958e-03  1.94004e-02
 6.04350e-03  1.94874e-02

 5.12760e-03  1.93650e-02
 6.52548e-03  1.92887e-02
 6.39871e-03  1.93714e-02
 6.39046e-03  1.92202e-02
 6.52548e-03  1.92887e-02

 5.59740e-03  1.93650e-02
 6.97839e-03  1.90970e-02
 6.86412e-03  1.91963e-02
 6.83529e-03  1.90477e-02
 6.97839e-03  1.90970e-02

 6.06719e-03  1.93650e-02
 7.40277e-03  1.89168e-02
 7.30257e-03  1.90303e-02
 7.25442e-03  1.88868e-02
 7.40277e-03  1.89168e-02

 6.53698e-03  1.93650e-02
 7.79991e-03  1.87524e-02
 7.71499e-03  1.88777e-02
 7.64893e-03  1.87415e-02
 7.79991e-03  1.87524e-02

 7.00677e-03  1.93650e-02
 8.17162e-03  1.86081e-02
 8.10293e-03  1.87430e-02
 8.02046e-03  1.86161e-02
 8.17162e-03  1.86081e-02

 7.47656e-03  1.93650e-02
 8.52137e-03  1.84883e-02
 8.46960e-03  1.86305e-02
 8.37231e-03  1.85146e-02
 8.52137e-03  1.84883e-02

 7.94635e-03  1.93650e-02
 8.85160e-03  1.83981e-02
 8.81726e-03  1.85455e-02
 8.70676e-03  1.84420e-02
 8.85160e-03  1.83981e-02

 8.41615e-03  1.93650e-02
 9.16962e-03  1.83427e-02
 9.15277e-03  1.84932e-02
 9.03092e-03  1.84034e-02
 9.16962e-03  1.83427e-02

 8.88594e-03  1.93650e-02
 9.47607e-03  1.83293e-02
 9.47693e-03  1.84807e-02
 9.34542e-03  1.84058e-02
 9.47607e-03  1.83293e-02

 9.35573e-03  1.93650e-02
 9.78840e-03  1.83638e-02
 9.80587e-03  1.85141e-02
 9.66692e-03  1.84541e-02
 9.78840e-03  1.83638e-02

 9.82552e-03  1.93650e-02
 1.00928e-02  1.84577e-02
 1.01284e-02  1.86048e-02
 9.98317e-03  1.85621e-02
 1.00928e-02  1.84577e-02

 1.02953e-02  1.93650e-02
 1.04450e-02  1.86148e-02
 1.04935e-02  1.87581e-02
 1.03451e-02  1.87285e-02
 1.04450e-02  1.86148e-02

 1.07651e-02  1.93650e-02
 1.07651e-02  1.88664e-02
 1.08408e-02  1.89975e-02
 1.06894e-02  1.89975e-02
 1.07651e-02  1.88664e-02

 4.21823e-03  1.99350e-02
 5.72524e-03  2.01736e-02
 5.58393e-03  2.02279e-02
 5.60760e-03  2.00784e-02
 5.72524e-03  2.01736e-02

 4.68594e-03  1.99350e-02
 6.23480e-03  2.00124e-02
 6.10010e-03  2.00814e-02
 6.10765e-03  1.99303e-02
 6.23480e-03  2.00124e-02

 5.15365e-03  1.99350e-02
 6.71174e-03  1.98540e-02
 6.58476e-03  1.99363e-02
 6.57690e-03  1.97852e-02
 6.71174e-03  1.98540e-02

 5.62135e-03  1.99350e-02
 7.15622e-03  1.97021e-02
 7.03796e-03  1.97966e-02
 7.01526e-03  1.96470e-02
 7.15622e-03  1.97021e-02

 6.08906e-03  1.99350e-02
 7.56913e-03  1.95604e-02
 7.46062e-03  1.96659e-02
 7.42348e-03  1.95191e-02
 7.56913e-03  1.95604e-02

 6.55677e-03  1.99350e-02
 7.95237e-03  1.94319e-02
 7.85472e-03  1.95476e-02
 7.80339e-03  1.94052e-02
 7.95237e-03  1.94319e-02

 7.02448e-03  1.99350e-02
 8.30822e-03  1.93202e-02
 8.22269e-03  1.94451e-02
 8.15730e-03  1.93085e-02
 8.30822e-03  1.93202e-02

 7.49219e-03  1.99350e-02
 8.64061e-03  1.92284e-02
 8.56863e-03  1.93615e-02
 8.48930e-03  1.92326e-02
 8.64061e-03  1.92284e-02

 7.95990e-03  1.99350e-02
 8.95264e-03  1.91604e-02
 8.89585e-03  1.93007e-02
 8.80273e-03  1.91814e-02
 8.95264e-03  1.91604e-02

 8.42760e-03  1.99350e-02
 9.25225e-03  1.91203e-02
 9.21219e-03  1.92662e-02
 9.10581e-03  1.91586e-02
 9.25225e-03  1.91203e-02

 8.89531e-03  1.99350e-02
 9.54026e-03  1.91135e-02
 9.51884e-03  1.92634e-02
 9.39978e-03  1.91699e-02
 9.54026e-03  1.91135e-02

 9.36302e-03  1.99350e-02
 9.83548e-03  1.91452e-02
 9.83314e-03  1.92965e-02
 9.70324e-03  1.92188e-02
 9.83548e-03  1.91452e-02

 9.83073e-03  1.99350e-02
 1.01228e-02  1.92231e-02
 1.01431e-02  1.93731e-02
 1.00030e-02  1.93157e-02
 1.01228e-02  1.92231e-02

 1.02984e-02  1.99350e-02
 1.04623e-02  1.93516e-02
 1.04997e-02  1.94983e-02
 1.03540e-02  1.94573e-02
 1.04623e-02  1.93516e-02

 1.07661e-02  1.99350e-02
 1.07661e-02  1.95468e-02
 1.08418e-02  1.96779e-02
 1.06905e-02  1.96779e-02
 1.07661e-02  1.95468e-02

 4.24844e-03  2.05050e-02
 5.81758e-03  2.06598e-02
 5.67970e-03  2.07223e-02
 5.69456e-03  2.05717e-02
 5.81758e-03  2.06598e-02

 4.71406e-03  2.05050e-02
 6.32060e-03  2.05397e-02
 6.18790e-03  2.06126e-02
 6.19117e-03  2.04612e-02
 6.32060e-03  2.05397e-02

 5.17969e-03  2.05050e-02
 6.78940e-03  2.04226e-02
 6.66235e-03  2.05048e-02
 6.65461e-03  2.03537e-02
 6.78940e-03  2.04226e-02

 5.64531e-03  2.05050e-02
 7.22468e-03  2.03112e-02
 7.10378e-03  2.04023e-02
 7.08534e-03  2.02520e-02
 7.22468e-03  2.03112e-02

 6.11094e-03  2.05050e-02
 7.62779e-03  2.02081e-02
 7.51368e-03  2.03075e-02
 7.48460e-03  2.01590e-02
 7.62779e-03  2.02081e-02

 6.57656e-03  2.05050e-02
 8.00100e-03  2.01156e-02
 7.89451e-03  2.02232e-02
 7.85460e-03  2.00771e-02
 8.00100e-03  2.01156e-02

 7.04219e-03  2.05050e-02
 8.34697e-03  2.00359e-02
 8.24922e-03  2.01515e-02
 8.19801e-03  2.00090e-02
 8.34697e-03  2.00359e-02

 7.50781e-03  2.05050e-02
 8.67016e-03  1.99713e-02
 8.58261e-03  2.00948e-02
 8.51945e-03  1.99572e-02
 8.67016e-03  1.99713e-02

 7.97344e-03  2.05050e-02
 8.97390e-03  1.99245e-02
 8.89849e-03  2.00558e-02
 8.82253e-03  1.99249e-02
 8.97390e-03  1.99245e-02

 8.43906e-03  2.05050e-02
 9.26628e-03  1.98986e-02
 9.20531e-03  2.00371e-02
 9.11581e-03  1.99151e-02
 9.26628e-03  1.98986e-02

 8.90469e-03  2.05050e-02
 9.54860e-03  1.98972e-02
 9.50522e-03  2.00422e-02
 9.40132e-03  1.99322e-02
 9.54860e-03  1.98972e-02

 9.37031e-03  2.05050e-02
 9.83957e-03  1.99248e-02
 9.81598e-03  2.00743e-02
 9.69829e-03  1.99791e-02
 9.83957e-03  1.99248e-02

 9.83594e-03  2.05050e-02
 1.01245e-02  1.99854e-02
 1.01270e-02  2.01367e-02
 9.99472e-03  2.00632e-02
 1.01245e-02  1.99854e-02

 1.03016e-02  2.05050e-02
 1.04624e-02  2.00844e-02
 1.04863e-02  2.02338e-02
 1.03449e-02  2.01798e-02
 1.04624e-02  2.00844e-02

 1.07672e-02  2.05050e-02
 1.07672e-02  2.02233e-02
 1.08429e-02  2.03544e-02
 1.06915e-02  2.03544e-02
 1.07672e-02  2.02233e-02

 4.27865e-03  2.10750e-02
 5.76719e-03  2.11586e-02
 5.63206e-03  2.12268e-02
 5.64055e-03  2.10757e-02
 5.76719e-03  2.11586e-02

 4.74219e-03  2.10750e-02
 6.25949e-03  2.10845e-02
 6.12793e-03  2.11593e-02
 6.12888e-03  2.10080e-02
 6.25949e-03  2.10845e-02

 5.20573e-03  2.10750e-02
 6.71947e-03  2.10128e-02
 6.59161e-03  2.10938e-02
 6.58539e-03  2.09425e-02
 6.71947e-03  2.10128e-02

 5.66927e-03  2.10750e-02
 7.14790e-03  2.09452e-02
 7.02393e-03  2.10320e-02
 7.01069e-03  2.08812e-02
 7.14790e-03  2.09452e-02

 6.13281e-03  2.10750e-02
 7.54650e-03  2.08831e-02
 7.42679e-03  2.09757e-02
 7.40643e-03  2.08257e-02
 7.54650e-03  2.08831e-02

 6.59635e-03  2.10750e-02
 7.91786e-03  2.08279e-02
 7.80292e-03  2.09264e-02
 7.77510e-03  2.07776e-02
 7.91786e-03  2.08279e-02

 7.05990e-03  2.10750e-02
 8.26470e-03  2.07808e-02
 8.15531e-03  2.08855e-02
 8.11940e-03  2.07384e-02
 8.26470e-03  2.07808e-02

 7.52344e-03  2.10750e-02
 8.59156e-03  2.07432e-02
 8.48883e-03  2.08543e-02
 8.44392e-03  2.07098e-02
 8.59156e-03  2.07432e-02

 7.98698e-03  2.10750e-02
 8.90154e-03  2.07164e-02
 8.80712e-03  2.08347e-02
 8.75187e-03  2.06938e-02
 8.90154e-03  2.07164e-02

 8.45052e-03  2.10750e-02
 9.20253e-03  2.07027e-02
 9.11863e-03  2.08287e-02
 9.05147e-03  2.06930e-02
 9.20253e-03  2.07027e-02

 8.91406e-03  2.10750e-02
 9.49567e-03  2.07041e-02
 9.42584e-03  2.08384e-02
 9.34445e-03  2.07107e-02
 9.49567e-03  2.07041e-02

 9.37760e-03  2.10750e-02
 9.79851e-03  2.07242e-02
 9.74626e-03  2.08663e-02
 9.64936e-03  2.07500e-02
 9.79851e-03  2.07242e-02

 9.84115e-03  2.10750e-02
 1.00979e-02  2.07643e-02
 1.00727e-02  2.09136e-02
 9.95607e-03  2.08172e-02
 1.00979e-02  2.07643e-02

 1.03047e-02  2.10750e-02
 1.04475e-02  2.08308e-02
 1.04467e-02  2.09821e-02
 1.03160e-02  2.09057e-02
 1.04475e-02  2.08308e-02

 1.07682e-02  2.10750e-02
 1.07682e-02  2.09113e-02
 1.08439e-02  2.10424e-02
 1.06925e-02  2.10424e-02
 1.07682e-02  2.09113e-02

 4.30885e-03  2.16450e-02
 5.56376e-03  2.16699e-02
 5.43120e-03  2.17430e-02
 5.43420e-03  2.15916e-02
 5.56376e-03  2.16699e-02

 4.77031e-03  2.16450e-02
 6.04195e-03  2.16296e-02
 5.91179e-03  2.17068e-02
 5.90995e-03  2.15555e-02
 6.04195e-03  2.16296e-02

 5.23177e-03  2.16450e-02
 6.49296e-03  2.15909e-02
 6.36524e-03  2.16721e-02
 6.35875e-03  2.15209e-02
 6.49296e-03  2.15909e-02

 5.69323e-03  2.16450e-02
 6.91786e-03  2.15549e-02
 6.79268e-03  2.16400e-02
 6.78158e-03  2.14890e-02
 6.91786e-03  2.15549e-02

 6.15469e-03  2.16450e-02
 7.31840e-03  2.15222e-02
 7.19597e-03  2.16112e-02
 7.18009e-03  2.14607e-02
 7.31840e-03  2.15222e-02

 6.61615e-03  2.16450e-02
 7.69713e-03  2.14936e-02
 7.57781e-03  2.15867e-02
 7.55681e-03  2.14368e-02
 7.69713e-03  2.14936e-02

 7.07760e-03  2.16450e-02
 8.05657e-03  2.14695e-02
 7.94090e-03  2.15671e-02
 7.91418e-03  2.14181e-02
 8.05657e-03  2.14695e-02

 7.53906e-03  2.16450e-02
 8.40049e-03  2.14506e-02
 8.28928e-03  2.15533e-02
 8.25596e-03  2.14056e-02
 8.40049e-03  2.14506e-02

 8.00052e-03  2.16450e-02
 8.73164e-03  2.14377e-02
 8.62617e-03  2.15462e-02
 8.58488e-03  2.14006e-02
 8.73164e-03  2.14377e-02

 8.46198e-03  2.16450e-02
 9.05665e-03  2.14319e-02
 8.95877e-03  2.15474e-02
 8.90771e-03  2.14049e-02
 9.05665e-03  2.14319e-02

 8.92344e-03  2.16450e-02
 9.37652e-03  2.14341e-02
 9.28961e-03  2.15581e-02
 9.22574e-03  2.14208e-02
 9.37652e-03  2.14341e-02

 9.38490e-03  2.16450e-02
 9.70642e-03  2.14471e-02
 9.63447e-03  2.15802e-02
 9.55512e-03  2.14513e-02
 9.70642e-03  2.14471e-02

 9.84635e-03  2.16450e-02
 1.00362e-02  2.14696e-02
 9.99129e-03  2.16142e-02
 9.88858e-03  2.15030e-02
 1.00362e-02  2.14696e-02

 1.03078e-02  2.16450e-02
 1.04097e-02  2.15089e-02
 1.03917e-02  2.16592e-02
 1.02705e-02  2.15685e-02
 1.04097e-02  2.15089e-02

 1.07693e-02  2.16450e-02
 1.07693e-02  2.15489e-02
 1.08450e-02  2.16800e-02
 1.06936e-02  2.16800e-02
 1.07693e-02  2.15489e-02

 4.33906e-03  2.22150e-02
 5.11769e-03  2.22150e-02
 4.98661e-03  2.22907e-02
 4.98661e-03  2.21393e-02
 5.11769e-03  2.22150e-02

 4.79844e-03  2.22150e-02
 5.58396e-03  2.22150e-02
 5.45287e-03  2.22907e-02
 5.45287e-03  2.21393e-02
 5.58396e-03  2.22150e-02

 5.25781e-03  2.22150e-02
 6.03334e-03  2.22150e-02
 5.90225e-03  2.22907e-02
 5.90225e-03  2.21393e-02
 6.03334e-03  2.22150e-02

 5.71719e-03  2.22150e-02
 6.46699e-03  2.22150e-02
 6.33590e-03  2.22907e-02
 6.33590e-03  2.21393e-02
 6.46699e-03  2.22150e-02

 6.17656e-03  2.22150e-02
 6.88608e-03  2.22150e-02
 6.75499e-03  2.22907e-02
 6.75499e-03  2.21393e-02
 6.88608e-03  2.22150e-02

 6.63594e-03  2.22150e-02
 7.29229e-03  2.22150e-02
 7.16120e-03  2.22907e-02
 7.16120e-03  2.21393e-02
 7.29229e-03  2.22150e-02

 7.09531e-03  2.22150e-02
 7.68727e-03  2.22150e-02
 7.55618e-03  2.22907e-02
 7.55618e-03  2.21393e-02
 7.68727e-03  2.22150e-02

 7.55469e-03  2.22150e-02
 8.07350e-03  2.22150e-02
 7.94241e-03  2.22907e-02
 7.94241e-03  2.21393e-02
 8.07350e-03  2.22150e-02

 8.01406e-03  2.22150e-02
 8.45262e-03  2.22150e-02
 8.32153e-03  2.22907e-02
 8.32153e-03  2.21393e-02
 8.45262e-03  2.22150e-02

 8.47344e-03  2.22150e-02
 8.82885e-03  2.22150e-02
 8.69776e-03  2.22907e-02
 8.69776e-03  2.21393e-02
 8.82885e-03  2.22150e-02

 8.93281e-03  2.22150e-02
 9.20247e-03  2.22150e-02
 9.07139e-03  2.22907e-02
 9.07139e-03  2.21393e-02
 9.20247e-03  2.22150e-02

 9.39219e-03  2.22150e-02
 9.58332e-03  2.22150e-02
 9.45223e-03  2.22907e-02
 9.45223e-03  2.21393e-02
 9.58332e-03  2.22150e-02

 9.85156e-03  2.22150e-02
 9.96388e-03  2.22150e-02
 9.83280e-03  2.22907e-02
 9.83280e-03  2.21393e-02
 9.96388e-03  2.22150e-02

 1.03109e-02  2.22150e-02
 1.03725e-02  2.22150e-02
 1.02414e-02  2.22907e-02
 1.02414e-02  2.21393e-02
 1.03725e-02  2.22150e-02

 1.07703e-02  2.22150e-02
 1.07703e-02  2.22150e-02
 1.07612e-02  2.20639e-02
 1.08966e-02  2.21316e-02
 1.07703e-02  2.22150e-02

