#[ Fluid velocity 2D plot data file: flw.dat ]
 1.95313e-04  1.13850e-02
 1.95313e-04  1.13850e-02
 6.42249e-05  1.14607e-02
 6.42249e-05  1.13093e-02
 1.95313e-04  1.13850e-02

 5.85937e-04  1.13850e-02
 4.27161e-04  1.13850e-02
 5.58249e-04  1.13093e-02
 5.58249e-04  1.14607e-02
 4.27161e-04  1.13850e-02

 9.76562e-04  1.13850e-02
 7.65474e-04  1.13850e-02
 8.96561e-04  1.13093e-02
 8.96561e-04  1.14607e-02
 7.65474e-04  1.13850e-02

 1.36719e-03  1.13850e-02
 1.06224e-03  1.13850e-02
 1.19332e-03  1.13093e-02
 1.19332e-03  1.14607e-02
 1.06224e-03  1.13850e-02

 1.75781e-03  1.13850e-02
 1.38170e-03  1.13850e-02
 1.51279e-03  1.13093e-02
 1.51279e-03  1.14607e-02
 1.38170e-03  1.13850e-02

 2.14844e-03  1.13850e-02
 1.69795e-03  1.13850e-02
 1.82903e-03  1.13093e-02
 1.82903e-03  1.14607e-02
 1.69795e-03  1.13850e-02

 2.53906e-03  1.13850e-02
 2.02400e-03  1.13850e-02
 2.15509e-03  1.13093e-02
 2.15509e-03  1.14607e-02
 2.02400e-03  1.13850e-02

 2.92969e-03  1.13850e-02
 2.35539e-03  1.13850e-02
 2.48647e-03  1.13093e-02
 2.48647e-03  1.14607e-02
 2.35539e-03  1.13850e-02

 3.32031e-03  1.13850e-02
 2.69535e-03  1.13850e-02
 2.82644e-03  1.13093e-02
 2.82644e-03  1.14607e-02
 2.69535e-03  1.13850e-02

 1.97049e-04  1.19550e-02
 1.97049e-04  1.22350e-02
 1.21365e-04  1.21039e-02
 2.72732e-04  1.21039e-02
 1.97049e-04  1.22350e-02

 5.91146e-04  1.19550e-02
 3.35676e-04  1.22109e-02
 3.74717e-04  1.20647e-02
 4.81849e-04  1.21716e-02
 3.35676e-04  1.22109e-02

 9.85243e-04  1.19550e-02
 6.35071e-04  1.22054e-02
 6.97677e-04  1.20676e-02
 7.85723e-04  1.21907e-02
 6.35071e-04  1.22054e-02

 1.37934e-03  1.19550e-02
 8.72057e-04  1.21934e-02
 9.58508e-04  1.20691e-02
 1.02289e-03  1.22061e-02
 8.72057e-04  1.21934e-02

 1.77344e-03  1.19550e-02
 1.14529e-03  1.21811e-02
 1.24300e-03  1.20655e-02
 1.29427e-03  1.22079e-02
 1.14529e-03  1.21811e-02

 2.16753e-03  1.19550e-02
 1.41513e-03  1.21648e-02
 1.52107e-03  1.20567e-02
 1.56173e-03  1.22025e-02
 1.41513e-03  1.21648e-02

 2.56163e-03  1.19550e-02
 1.70194e-03  1.21460e-02
 1.81350e-03  1.20437e-02
 1.84632e-03  1.21914e-02
 1.70194e-03  1.21460e-02

 2.95573e-03  1.19550e-02
 1.99894e-03  1.21242e-02
 2.11484e-03  1.20269e-02
 2.14120e-03  1.21759e-02
 1.99894e-03  1.21242e-02

 3.34983e-03  1.19550e-02
 2.31137e-03  1.21002e-02
 2.43072e-03  1.20071e-02
 2.45168e-03  1.21570e-02
 2.31137e-03  1.21002e-02

 1.98785e-04  1.25250e-02
 1.98785e-04  1.30029e-02
 1.23101e-04  1.28718e-02
 2.74468e-04  1.28718e-02
 1.98785e-04  1.30029e-02

 5.96354e-04  1.25250e-02
 2.95898e-04  1.29854e-02
 3.04157e-04  1.28343e-02
 4.30920e-04  1.29170e-02
 2.95898e-04  1.29854e-02

 9.93924e-04  1.25250e-02
 5.72556e-04  1.29709e-02
 6.07586e-04  1.28236e-02
 7.17600e-04  1.29276e-02
 5.72556e-04  1.29709e-02

 1.39149e-03  1.25250e-02
 7.78964e-04  1.29500e-02
 8.43525e-04  1.28131e-02
 9.29810e-04  1.29374e-02
 7.78964e-04  1.29500e-02

 1.78906e-03  1.25250e-02
 1.02784e-03  1.29238e-02
 1.10883e-03  1.27959e-02
 1.17908e-03  1.29300e-02
 1.02784e-03  1.29238e-02

 2.18663e-03  1.25250e-02
 1.27495e-03  1.28914e-02
 1.36836e-03  1.27723e-02
 1.42480e-03  1.29128e-02
 1.27495e-03  1.28914e-02

 2.58420e-03  1.25250e-02
 1.54348e-03  1.28535e-02
 1.64570e-03  1.27419e-02
 1.69127e-03  1.28862e-02
 1.54348e-03  1.28535e-02

 2.98177e-03  1.25250e-02
 1.82586e-03  1.28106e-02
 1.93497e-03  1.27056e-02
 1.97127e-03  1.28526e-02
 1.82586e-03  1.28106e-02

 3.37934e-03  1.25250e-02
 2.12799e-03  1.27633e-02
 2.24260e-03  1.26645e-02
 2.27092e-03  1.28132e-02
 2.12799e-03  1.27633e-02

 2.00521e-04  1.30950e-02
 2.00521e-04  1.38588e-02
 1.24837e-04  1.37277e-02
 2.76204e-04  1.37277e-02
 2.00521e-04  1.38588e-02

 6.01563e-04  1.30950e-02
 2.81293e-04  1.38490e-02
 2.62884e-04  1.36987e-02
 4.02203e-04  1.37579e-02
 2.81293e-04  1.38490e-02

 1.00260e-03  1.30950e-02
 5.50827e-04  1.38243e-02
 5.55524e-04  1.36730e-02
 6.84200e-04  1.37527e-02
 5.50827e-04  1.38243e-02

 1.40365e-03  1.30950e-02
 7.45563e-04  1.37906e-02
 7.80678e-04  1.36433e-02
 8.90632e-04  1.37474e-02
 7.45563e-04  1.37906e-02

 1.80469e-03  1.30950e-02
 9.85868e-04  1.37448e-02
 1.04150e-03  1.36040e-02
 1.13560e-03  1.37226e-02
 9.85868e-04  1.37448e-02

 2.20573e-03  1.30950e-02
 1.22510e-03  1.36892e-02
 1.29799e-03  1.35565e-02
 1.37643e-03  1.36860e-02
 1.22510e-03  1.36892e-02

 2.60677e-03  1.30950e-02
 1.48824e-03  1.36240e-02
 1.57439e-03  1.34996e-02
 1.63911e-03  1.36364e-02
 1.48824e-03  1.36240e-02

 3.00781e-03  1.30950e-02
 1.76728e-03  1.35509e-02
 1.86422e-03  1.34346e-02
 1.91643e-03  1.35767e-02
 1.76728e-03  1.35509e-02

 3.40885e-03  1.30950e-02
 2.06850e-03  1.34709e-02
 2.17428e-03  1.33626e-02
 2.21516e-03  1.35084e-02
 2.06850e-03  1.34709e-02

 2.02257e-04  1.36650e-02
 2.02257e-04  1.46833e-02
 1.26573e-04  1.45522e-02
 2.77940e-04  1.45522e-02
 2.02257e-04  1.46833e-02

 6.06771e-04  1.36650e-02
 2.93002e-04  1.46842e-02
 2.59238e-04  1.45367e-02
 4.03905e-04  1.45812e-02
 2.93002e-04  1.46842e-02

 1.01128e-03  1.36650e-02
 5.68075e-04  1.46508e-02
 5.52802e-04  1.45002e-02
 6.90857e-04  1.45623e-02
 5.68075e-04  1.46508e-02

 1.41580e-03  1.36650e-02
 7.68985e-04  1.46054e-02
 7.80917e-04  1.44545e-02
 9.05631e-04  1.45403e-02
 7.68985e-04  1.46054e-02

 1.82031e-03  1.36650e-02
 1.01512e-03  1.45403e-02
 1.04817e-03  1.43926e-02
 1.15957e-03  1.44950e-02
 1.01512e-03  1.45403e-02

 2.22483e-03  1.36650e-02
 1.26047e-03  1.44616e-02
 1.31334e-03  1.43197e-02
 1.40973e-03  1.44364e-02
 1.26047e-03  1.44616e-02

 2.62934e-03  1.36650e-02
 1.53004e-03  1.43692e-02
 1.59960e-03  1.42347e-02
 1.68124e-03  1.43622e-02
 1.53004e-03  1.43692e-02

 3.03385e-03  1.36650e-02
 1.81603e-03  1.42661e-02
 1.90008e-03  1.41402e-02
 1.96708e-03  1.42759e-02
 1.81603e-03  1.42661e-02

 3.43837e-03  1.36650e-02
 2.12458e-03  1.41540e-02
 2.22103e-03  1.40373e-02
 2.27383e-03  1.41792e-02
 2.12458e-03  1.41540e-02

 2.03993e-04  1.42350e-02
 2.03993e-04  1.55066e-02
 1.28310e-04  1.53755e-02
 2.79677e-04  1.53755e-02
 2.03993e-04  1.55066e-02

 6.11979e-04  1.42350e-02
 3.25457e-04  1.55173e-02
 2.80180e-04  1.53729e-02
 4.27904e-04  1.54059e-02
 3.25457e-04  1.55173e-02

 1.01997e-03  1.42350e-02
 6.15430e-04  1.54757e-02
 5.84111e-04  1.53276e-02
 7.28021e-04  1.53745e-02
 6.15430e-04  1.54757e-02

 1.42795e-03  1.42350e-02
 8.36674e-04  1.54186e-02
 8.27551e-04  1.52675e-02
 9.62962e-04  1.53352e-02
 8.36674e-04  1.54186e-02

 1.83594e-03  1.42350e-02
 1.09967e-03  1.53342e-02
 1.10974e-03  1.51832e-02
 1.23550e-03  1.52674e-02
 1.09967e-03  1.53342e-02

 2.24392e-03  1.42350e-02
 1.36183e-03  1.52320e-02
 1.39201e-03  1.50837e-02
 1.50538e-03  1.51840e-02
 1.36183e-03  1.52320e-02

 2.65191e-03  1.42350e-02
 1.64676e-03  1.51119e-02
 1.69578e-03  1.49687e-02
 1.79529e-03  1.50828e-02
 1.64676e-03  1.51119e-02

 3.05990e-03  1.42350e-02
 1.94697e-03  1.49785e-02
 2.01393e-03  1.48428e-02
 2.09801e-03  1.49686e-02
 1.94697e-03  1.49785e-02

 3.46788e-03  1.42350e-02
 2.26837e-03  1.48339e-02
 2.35185e-03  1.47076e-02
 2.41946e-03  1.48430e-02
 2.26837e-03  1.48339e-02

 2.05729e-04  1.48050e-02
 2.05729e-04  1.62892e-02
 1.30046e-04  1.61581e-02
 2.81413e-04  1.61581e-02
 2.05729e-04  1.62892e-02

 6.17187e-04  1.48050e-02
 3.75765e-04  1.63083e-02
 3.21824e-04  1.61669e-02
 4.71276e-04  1.61909e-02
 3.75765e-04  1.63083e-02

 1.02865e-03  1.48050e-02
 6.88078e-04  1.62602e-02
 6.44257e-04  1.61154e-02
 7.91641e-04  1.61498e-02
 6.88078e-04  1.62602e-02

 1.44010e-03  1.48050e-02
 9.41403e-04  1.61933e-02
 9.14493e-04  1.60443e-02
 1.05695e-03  1.60955e-02
 9.41403e-04  1.61933e-02

 1.85156e-03  1.48050e-02
 1.23025e-03  1.60919e-02
 1.21908e-03  1.59410e-02
 1.35540e-03  1.60068e-02
 1.23025e-03  1.60919e-02

 2.26302e-03  1.48050e-02
 1.51811e-03  1.59690e-02
 1.52502e-03  1.58178e-02
 1.65251e-03  1.58994e-02
 1.51811e-03  1.59690e-02

 2.67448e-03  1.48050e-02
 1.82546e-03  1.58245e-02
 1.85119e-03  1.56753e-02
 1.96751e-03  1.57722e-02
 1.82546e-03  1.58245e-02

 3.08594e-03  1.48050e-02
 2.14595e-03  1.56640e-02
 2.19166e-03  1.55197e-02
 2.29377e-03  1.56314e-02
 2.14595e-03  1.56640e-02

 3.49740e-03  1.48050e-02
 2.48468e-03  1.54905e-02
 2.55081e-03  1.53543e-02
 2.63566e-03  1.54797e-02
 2.48468e-03  1.54905e-02

 2.07465e-04  1.53750e-02
 2.07465e-04  1.70318e-02
 1.31782e-04  1.69007e-02
 2.83149e-04  1.69007e-02
 2.07465e-04  1.70318e-02

 6.22396e-04  1.53750e-02
 4.39499e-04  1.70572e-02
 3.78428e-04  1.69187e-02
 5.28908e-04  1.69351e-02
 4.39499e-04  1.70572e-02

 1.03733e-03  1.53750e-02
 7.79450e-04  1.70045e-02
 7.25188e-04  1.68632e-02
 8.74694e-04  1.68868e-02
 7.79450e-04  1.70045e-02

 1.45226e-03  1.53750e-02
 1.07367e-03  1.69293e-02
 1.03115e-03  1.67840e-02
 1.17822e-03  1.68199e-02
 1.07367e-03  1.69293e-02

 1.86719e-03  1.53750e-02
 1.39494e-03  1.68141e-02
 1.36390e-03  1.66660e-02
 1.50772e-03  1.67132e-02
 1.39494e-03  1.68141e-02

 2.28212e-03  1.53750e-02
 1.71509e-03  1.66740e-02
 1.69817e-03  1.65235e-02
 1.83690e-03  1.65841e-02
 1.71509e-03  1.66740e-02

 2.69705e-03  1.53750e-02
 2.05020e-03  1.65088e-02
 2.04942e-03  1.63574e-02
 2.18089e-03  1.64325e-02
 2.05020e-03  1.65088e-02

 3.11198e-03  1.53750e-02
 2.39533e-03  1.63257e-02
 2.41381e-03  1.61754e-02
 2.53468e-03  1.62665e-02
 2.39533e-03  1.63257e-02

 3.52691e-03  1.53750e-02
 2.75464e-03  1.61279e-02
 2.79567e-03  1.59822e-02
 2.90133e-03  1.60905e-02
 2.75464e-03  1.61279e-02

 2.09201e-04  1.59450e-02
 2.09201e-04  1.77197e-02
 1.33518e-04  1.75886e-02
 2.84885e-04  1.75886e-02
 2.09201e-04  1.77197e-02

 6.27604e-04  1.59450e-02
 5.12944e-04  1.77494e-02
 4.45726e-04  1.76138e-02
 5.96788e-04  1.76234e-02
 5.12944e-04  1.77494e-02

 1.04601e-03  1.59450e-02
 8.84211e-04  1.76940e-02
 8.20924e-04  1.75565e-02
 9.71648e-04  1.75704e-02
 8.84211e-04  1.76940e-02

 1.46441e-03  1.59450e-02
 1.22573e-03  1.76133e-02
 1.16937e-03  1.74728e-02
 1.31921e-03  1.74942e-02
 1.22573e-03  1.76133e-02

 1.88281e-03  1.59450e-02
 1.58421e-03  1.74883e-02
 1.53481e-03  1.73452e-02
 1.68342e-03  1.73739e-02
 1.58421e-03  1.74883e-02

 2.30122e-03  1.59450e-02
 1.94156e-03  1.73355e-02
 1.90111e-03  1.71896e-02
 2.04766e-03  1.72275e-02
 1.94156e-03  1.73355e-02

 2.71962e-03  1.59450e-02
 2.30840e-03  1.71552e-02
 2.27892e-03  1.70067e-02
 2.42223e-03  1.70554e-02
 2.30840e-03  1.71552e-02

 3.13802e-03  1.59450e-02
 2.68161e-03  1.69552e-02
 2.66661e-03  1.68046e-02
 2.80455e-03  1.68669e-02
 2.68161e-03  1.69552e-02

 3.55642e-03  1.59450e-02
 3.06403e-03  1.67394e-02
 3.06876e-03  1.65881e-02
 3.19742e-03  1.66678e-02
 3.06403e-03  1.67394e-02

 2.10937e-04  1.65150e-02
 2.10937e-04  1.83509e-02
 1.35254e-04  1.82198e-02
 2.86621e-04  1.82198e-02
 2.10938e-04  1.83509e-02

 6.32812e-04  1.65150e-02
 5.92167e-04  1.83828e-02
 5.19354e-04  1.82501e-02
 6.70685e-04  1.82534e-02
 5.92167e-04  1.83828e-02

 1.05469e-03  1.65150e-02
 9.96855e-04  1.83266e-02
 9.25392e-04  1.81932e-02
 1.07668e-03  1.81980e-02
 9.96855e-04  1.83266e-02

 1.47656e-03  1.65150e-02
 1.38966e-03  1.82429e-02
 1.32066e-03  1.81081e-02
 1.47184e-03  1.81157e-02
 1.38966e-03  1.82429e-02

 1.89844e-03  1.65150e-02
 1.78835e-03  1.81123e-02
 1.72186e-03  1.79763e-02
 1.87287e-03  1.79867e-02
 1.78835e-03  1.81123e-02

 2.32031e-03  1.65150e-02
 2.18608e-03  1.79520e-02
 2.12292e-03  1.78144e-02
 2.27363e-03  1.78285e-02
 2.18608e-03  1.79520e-02

 2.74219e-03  1.65150e-02
 2.58732e-03  1.77626e-02
 2.52836e-03  1.76232e-02
 2.67857e-03  1.76419e-02
 2.58732e-03  1.77626e-02

 3.16406e-03  1.65150e-02
 2.99097e-03  1.75523e-02
 2.93789e-03  1.74106e-02
 3.08719e-03  1.74355e-02
 2.99097e-03  1.75523e-02

 3.58594e-03  1.65150e-02
 3.39836e-03  1.73253e-02
 3.35419e-03  1.71806e-02
 3.50165e-03  1.72147e-02
 3.39836e-03  1.73253e-02

 2.12674e-04  1.70850e-02
 2.12674e-04  1.89218e-02
 1.36990e-04  1.87908e-02
 2.88357e-04  1.87908e-02
 2.12674e-04  1.89218e-02

 6.38021e-04  1.70850e-02
 6.73707e-04  1.89539e-02
 5.95535e-04  1.88242e-02
 7.46874e-04  1.88213e-02
 6.73707e-04  1.89539e-02

 1.06337e-03  1.70850e-02
 1.11262e-03  1.88988e-02
 1.03341e-03  1.87698e-02
 1.18472e-03  1.87657e-02
 1.11262e-03  1.88988e-02

 1.48872e-03  1.70850e-02
 1.55857e-03  1.88146e-02
 1.47766e-03  1.86867e-02
 1.62890e-03  1.86806e-02
 1.55857e-03  1.88146e-02

 1.91406e-03  1.70850e-02
 1.99890e-03  1.86829e-02
 1.91637e-03  1.85560e-02
 2.06752e-03  1.85480e-02
 1.99890e-03  1.86829e-02

 2.33941e-03  1.70850e-02
 2.43869e-03  1.85204e-02
 2.35414e-03  1.83949e-02
 2.50515e-03  1.83844e-02
 2.43869e-03  1.85204e-02

 2.76476e-03  1.70850e-02
 2.87579e-03  1.83282e-02
 2.78875e-03  1.82043e-02
 2.93951e-03  1.81909e-02
 2.87579e-03  1.83282e-02

 3.19010e-03  1.70850e-02
 3.31124e-03  1.81144e-02
 3.22076e-03  1.79930e-02
 3.37109e-03  1.79753e-02
 3.31124e-03  1.81144e-02

 3.61545e-03  1.70850e-02
 3.74471e-03  1.78837e-02
 3.64906e-03  1.77664e-02
 3.79848e-03  1.77422e-02
 3.74471e-03  1.78837e-02

 2.14410e-04  1.76550e-02
 2.14410e-04  1.94330e-02
 1.38726e-04  1.93019e-02
 2.90093e-04  1.93019e-02
 2.14410e-04  1.94330e-02

 6.43229e-04  1.76550e-02
 7.54136e-04  1.94632e-02
 6.70569e-04  1.93369e-02
 8.21652e-04  1.93277e-02
 7.54136e-04  1.94632e-02

 1.07205e-03  1.76550e-02
 1.22683e-03  1.94108e-02
 1.13993e-03  1.92868e-02
 1.29071e-03  1.92736e-02
 1.22683e-03  1.94108e-02

 1.50087e-03  1.76550e-02
 1.72563e-03  1.93285e-02
 1.63317e-03  1.92087e-02
 1.78319e-03  1.91885e-02
 1.72563e-03  1.93285e-02

 1.92969e-03  1.76550e-02
 2.20745e-03  1.91999e-02
 2.10977e-03  1.90843e-02
 2.25875e-03  1.90575e-02
 2.20745e-03  1.91999e-02

 2.35851e-03  1.76550e-02
 2.68935e-03  1.90406e-02
 2.58529e-03  1.89307e-02
 2.73252e-03  1.88955e-02
 2.68935e-03  1.90406e-02

 2.78733e-03  1.76550e-02
 3.16244e-03  1.88518e-02
 3.05101e-03  1.87493e-02
 3.19545e-03  1.87041e-02
 3.16244e-03  1.88518e-02

 3.21615e-03  1.76550e-02
 3.62986e-03  1.86416e-02
 3.50937e-03  1.85500e-02
 3.64896e-03  1.84915e-02
 3.62986e-03  1.86416e-02

 3.64497e-03  1.76550e-02
 4.08957e-03  1.84148e-02
 3.95804e-03  1.83399e-02
 4.08868e-03  1.82634e-02
 4.08957e-03  1.84148e-02

 2.16146e-04  1.82250e-02
 2.16146e-04  1.98883e-02
 1.40462e-04  1.97572e-02
 2.91829e-04  1.97572e-02
 2.16146e-04  1.98883e-02

 6.48438e-04  1.82250e-02
 8.30449e-04  1.99145e-02
 7.41160e-04  1.97923e-02
 8.91656e-04  1.97760e-02
 8.30449e-04  1.99145e-02

 1.08073e-03  1.82250e-02
 1.33540e-03  1.98660e-02
 1.24051e-03  1.97480e-02
 1.39008e-03  1.97248e-02
 1.33540e-03  1.98660e-02

 1.51302e-03  1.82250e-02
 1.88477e-03  1.97877e-02
 1.78080e-03  1.96777e-02
 1.92806e-03  1.96427e-02
 1.88477e-03  1.97877e-02

 1.94531e-03  1.82250e-02
 2.40643e-03  1.96661e-02
 2.29440e-03  1.95643e-02
 2.43856e-03  1.95182e-02
 2.40643e-03  1.96661e-02

 2.37760e-03  1.82250e-02
 2.92881e-03  1.95147e-02
 2.80770e-03  1.94239e-02
 2.94689e-03  1.93644e-02
 2.92881e-03  1.95147e-02

 2.80990e-03  1.82250e-02
 3.43655e-03  1.93354e-02
 3.30621e-03  1.92584e-02
 3.43804e-03  1.91840e-02
 3.43655e-03  1.93354e-02

 3.24219e-03  1.82250e-02
 3.93475e-03  1.91355e-02
 3.79515e-03  1.90770e-02
 3.91563e-03  1.89853e-02
 3.93475e-03  1.91355e-02

 3.67448e-03  1.82250e-02
 4.41962e-03  1.89198e-02
 4.27213e-03  1.88857e-02
 4.37536e-03  1.87750e-02
 4.41962e-03  1.89198e-02

 2.17882e-04  1.87950e-02
 2.17882e-04  2.02902e-02
 1.42198e-04  2.01591e-02
 2.93565e-04  2.01591e-02
 2.17882e-04  2.02902e-02

 6.53646e-04  1.87950e-02
 8.99239e-04  2.03105e-02
 8.03560e-04  2.01932e-02
 9.52978e-04  2.01690e-02
 8.99239e-04  2.03105e-02

 1.08941e-03  1.87950e-02
 1.43361e-03  2.02667e-02
 1.33006e-03  2.01563e-02
 1.47745e-03  2.01218e-02
 1.43361e-03  2.02667e-02

 1.52517e-03  1.87950e-02
 2.02894e-03  2.01945e-02
 1.91333e-03  2.00968e-02
 2.05575e-03  2.00456e-02
 2.02894e-03  2.01945e-02

 1.96094e-03  1.87950e-02
 2.58687e-03  2.00836e-02
 2.46152e-03  1.99987e-02
 2.59767e-03  1.99326e-02
 2.58687e-03  2.00836e-02

 2.39670e-03  1.87950e-02
 3.14608e-03  1.99452e-02
 3.01111e-03  1.98766e-02
 3.13793e-03  1.97940e-02
 3.14608e-03  1.99452e-02

 2.83247e-03  1.87950e-02
 3.68527e-03  1.97812e-02
 3.54228e-03  1.97316e-02
 3.65677e-03  1.96326e-02
 3.68527e-03  1.97812e-02

 3.26823e-03  1.87950e-02
 4.21132e-03  1.95985e-02
 4.06245e-03  1.95711e-02
 4.16062e-03  1.94558e-02
 4.21132e-03  1.95985e-02

 3.70399e-03  1.87950e-02
 4.71876e-03  1.94014e-02
 4.56741e-03  1.93991e-02
 4.64505e-03  1.92692e-02
 4.71876e-03  1.94014e-02

 2.19618e-04  1.93650e-02
 2.19618e-04  2.06515e-02
 1.43935e-04  2.05204e-02
 2.95302e-04  2.05204e-02
 2.19618e-04  2.06515e-02

 6.58854e-04  1.93650e-02
 9.57637e-04  2.06634e-02
 8.54485e-04  2.05526e-02
 1.00200e-03  2.05187e-02
 9.57637e-04  2.06634e-02

 1.09809e-03  1.93650e-02
 1.51741e-03  2.06249e-02
 1.40421e-03  2.05244e-02
 1.54783e-03  2.04766e-02
 1.51741e-03  2.06249e-02

 1.53733e-03  1.93650e-02
 2.15180e-03  2.05603e-02
 2.02456e-03  2.04784e-02
 2.15918e-03  2.04092e-02
 2.15180e-03  2.05603e-02

 1.97656e-03  1.93650e-02
 2.74051e-03  2.04630e-02
 2.60352e-03  2.03986e-02
 2.72777e-03  2.03122e-02
 2.74051e-03  2.04630e-02

 2.41580e-03  1.93650e-02
 3.33074e-03  2.03414e-02
 3.18588e-03  2.02975e-02
 3.29633e-03  2.01940e-02
 3.33074e-03  2.03414e-02

 2.85503e-03  1.93650e-02
 3.89614e-03  2.01977e-02
 3.74649e-03  2.01749e-02
 3.84104e-03  2.00567e-02
 3.89614e-03  2.01977e-02

 3.29427e-03  1.93650e-02
 4.44511e-03  2.00375e-02
 4.29375e-03  2.00367e-02
 4.37012e-03  1.99060e-02
 4.44511e-03  2.00375e-02

 3.73351e-03  1.93650e-02
 4.97070e-03  1.98652e-02
 4.82081e-03  1.98862e-02
 4.87754e-03  1.97459e-02
 4.97070e-03  1.98652e-02

 2.21354e-04  1.99350e-02
 2.21354e-04  2.09721e-02
 1.45671e-04  2.08410e-02
 2.97038e-04  2.08410e-02
 2.21354e-04  2.09721e-02

 6.64062e-04  1.99350e-02
 1.00073e-03  2.09741e-02
 8.88324e-04  2.08728e-02
 1.03232e-03  2.08261e-02
 1.00073e-03  2.09741e-02

 1.10677e-03  1.99350e-02
 1.57953e-03  2.09421e-02
 1.45531e-03  2.08556e-02
 1.59234e-03  2.07913e-02
 1.57953e-03  2.09421e-02

 1.54948e-03  1.99350e-02
 2.24242e-03  2.08874e-02
 2.10410e-03  2.08259e-02
 2.22650e-03  2.07369e-02
 2.24242e-03  2.08874e-02

 1.99219e-03  1.99350e-02
 2.85324e-03  2.08075e-02
 2.70729e-03  2.07673e-02
 2.81503e-03  2.06610e-02
 2.85324e-03  2.08075e-02

 2.43490e-03  1.99350e-02
 3.46555e-03  2.07073e-02
 3.31527e-03  2.06892e-02
 3.40603e-03  2.05681e-02
 3.46555e-03  2.07073e-02

 2.87760e-03  1.99350e-02
 4.04934e-03  2.05894e-02
 3.89798e-03  2.05915e-02
 3.97179e-03  2.04594e-02
 4.04934e-03  2.05894e-02

 3.32031e-03  1.99350e-02
 4.61382e-03  2.04581e-02
 4.46392e-03  2.04791e-02
 4.52067e-03  2.03388e-02
 4.61382e-03  2.04581e-02

 3.76302e-03  1.99350e-02
 5.15128e-03  2.03173e-02
 5.00481e-03  2.03554e-02
 5.04499e-03  2.02095e-02
 5.15128e-03  2.03173e-02

 2.23090e-04  2.05050e-02
 2.23090e-04  2.12845e-02
 1.47407e-04  2.11534e-02
 2.98774e-04  2.11534e-02
 2.23090e-04  2.12845e-02

 6.69271e-04  2.05050e-02
 1.02563e-03  2.12744e-02
 9.01859e-04  2.11873e-02
 1.03921e-03  2.11236e-02
 1.02563e-03  2.12744e-02

 1.11545e-03  2.05050e-02
 1.61483e-03  2.12495e-02
 1.47895e-03  2.11828e-02
 1.60466e-03  2.10985e-02
 1.61483e-03  2.12495e-02

 1.56163e-03  2.05050e-02
 2.29264e-03  2.12052e-02
 2.14562e-03  2.11692e-02
 2.25033e-03  2.10599e-02
 2.29264e-03  2.12052e-02

 2.00781e-03  2.05050e-02
 2.91435e-03  2.11439e-02
 2.76360e-03  2.11302e-02
 2.85079e-03  2.10065e-02
 2.91435e-03  2.11439e-02

 2.45399e-03  2.05050e-02
 3.53717e-03  2.10666e-02
 3.38596e-03  2.10735e-02
 3.45564e-03  2.09391e-02
 3.53717e-03  2.10666e-02

 2.90017e-03  2.05050e-02
 4.12897e-03  2.09763e-02
 3.97947e-03  2.10000e-02
 4.03368e-03  2.08587e-02
 4.12897e-03  2.09763e-02

 3.34635e-03  2.05050e-02
 4.69973e-03  2.08759e-02
 4.55330e-03  2.09143e-02
 4.59331e-03  2.07683e-02
 4.69973e-03  2.08759e-02

 3.79253e-03  2.05050e-02
 5.24104e-03  2.07687e-02
 5.09852e-03  2.08197e-02
 5.12563e-03  2.06708e-02
 5.24104e-03  2.07687e-02

 2.24826e-04  2.10750e-02
 2.24826e-04  2.15673e-02
 1.49143e-04  2.14362e-02
 3.00510e-04  2.14362e-02
 2.24826e-04  2.15673e-02

 6.74479e-04  2.10750e-02
 1.02208e-03  2.15488e-02
 8.83515e-04  2.14879e-02
 1.00556e-03  2.13983e-02
 1.02208e-03  2.15488e-02

 1.12413e-03  2.10750e-02
 1.60764e-03  2.15338e-02
 1.46046e-03  2.14985e-02
 1.56465e-03  2.13887e-02
 1.60764e-03  2.15338e-02

 1.57378e-03  2.10750e-02
 2.28020e-03  2.15039e-02
 2.12887e-03  2.15006e-02
 2.20743e-03  2.13712e-02
 2.28020e-03  2.15039e-02

 2.02344e-03  2.10750e-02
 2.89622e-03  2.14653e-02
 2.74566e-03  2.14809e-02
 2.80745e-03  2.13427e-02
 2.89622e-03  2.14653e-02

 2.47309e-03  2.10750e-02
 3.51344e-03  2.14159e-02
 3.36530e-03  2.14470e-02
 3.41243e-03  2.13031e-02
 3.51344e-03  2.14159e-02

 2.92274e-03  2.10750e-02
 4.09932e-03  2.13585e-02
 3.95415e-03  2.14014e-02
 3.98961e-03  2.12542e-02
 4.09932e-03  2.13585e-02

 3.37240e-03  2.10750e-02
 4.66446e-03  2.12947e-02
 4.52254e-03  2.13473e-02
 4.54792e-03  2.11981e-02
 4.66446e-03  2.12947e-02

 3.82205e-03  2.10750e-02
 5.20024e-03  2.12269e-02
 5.06166e-03  2.12878e-02
 5.07824e-03  2.11373e-02
 5.20024e-03  2.12269e-02

 2.26562e-04  2.16450e-02
 2.26562e-04  2.19179e-02
 1.50879e-04  2.17868e-02
 3.02246e-04  2.17868e-02
 2.26563e-04  2.19179e-02

 6.79687e-04  2.16450e-02
 9.89543e-04  2.18896e-02
 8.39756e-04  2.18678e-02
 9.33537e-04  2.17489e-02
 9.89543e-04  2.18896e-02

 1.13281e-03  2.16450e-02
 1.55304e-03  2.18844e-02
 1.40168e-03  2.18853e-02
 1.47661e-03  2.17538e-02
 1.55304e-03  2.18844e-02

 1.58594e-03  2.16450e-02
 2.19818e-03  2.18649e-02
 2.04923e-03  2.18918e-02
 2.10038e-03  2.17493e-02
 2.19818e-03  2.18649e-02

 2.03906e-03  2.16450e-02
 2.79024e-03  2.18439e-02
 2.64415e-03  2.18835e-02
 2.68290e-03  2.17372e-02
 2.79024e-03  2.18439e-02

 2.49219e-03  2.16450e-02
 3.38465e-03  2.18152e-02
 3.24170e-03  2.18650e-02
 3.27006e-03  2.17163e-02
 3.38465e-03  2.18152e-02

 2.94531e-03  2.16450e-02
 3.95024e-03  2.17829e-02
 3.81008e-03  2.18400e-02
 3.83066e-03  2.16901e-02
 3.95024e-03  2.17829e-02

 3.39844e-03  2.16450e-02
 4.49744e-03  2.17466e-02
 4.35994e-03  2.18099e-02
 4.37387e-03  2.16592e-02
 4.49744e-03  2.17466e-02

 3.85156e-03  2.16450e-02
 5.01830e-03  2.17084e-02
 4.88330e-03  2.17769e-02
 4.89151e-03  2.16258e-02
 5.01830e-03  2.17084e-02

 2.28299e-04  2.22150e-02
 2.28299e-04  2.22150e-02
 9.72110e-05  2.22907e-02
 9.72110e-05  2.21393e-02
 2.28299e-04  2.22150e-02

 6.84896e-04  2.22150e-02
 8.85714e-04  2.22150e-02
 7.54627e-04  2.22907e-02
 7.54627e-04  2.21393e-02
 8.85714e-04  2.22150e-02

 1.14149e-03  2.22150e-02
 1.40421e-03  2.22150e-02
 1.27313e-03  2.22907e-02
 1.27313e-03  2.21393e-02
 1.40421e-03  2.22150e-02

 1.59809e-03  2.22150e-02
 1.97998e-03  2.22150e-02
 1.84889e-03  2.22907e-02
 1.84889e-03  2.21393e-02
 1.97998e-03  2.22150e-02

 2.05469e-03  2.22150e-02
 2.51951e-03  2.22150e-02
 2.38843e-03  2.22907e-02
 2.38843e-03  2.21393e-02
 2.51951e-03  2.22150e-02

 2.51128e-03  2.22150e-02
 3.06173e-03  2.22150e-02
 2.93064e-03  2.22907e-02
 2.93064e-03  2.21393e-02
 3.06173e-03  2.22150e-02

 2.96788e-03  2.22150e-02
 3.58502e-03  2.22150e-02
 3.45393e-03  2.22907e-02
 3.45393e-03  2.21393e-02
 3.58502e-03  2.22150e-02

 3.42448e-03  2.22150e-02
 4.09696e-03  2.22150e-02
 3.96588e-03  2.22907e-02
 3.96588e-03  2.21393e-02
 4.09696e-03  2.22150e-02

 3.88108e-03  2.22150e-02
 4.59212e-03  2.22150e-02
 4.46103e-03  2.22907e-02
 4.46103e-03  2.21393e-02
 4.59212e-03  2.22150e-02

 3.76510e-03  1.13850e-02
 3.09201e-03  1.13850e-02
 3.22309e-03  1.13093e-02
 3.22309e-03  1.14607e-02
 3.09201e-03  1.13850e-02

 4.26406e-03  1.13850e-02
 3.55342e-03  1.13850e-02
 3.68451e-03  1.13093e-02
 3.68451e-03  1.14607e-02
 3.55342e-03  1.13850e-02

 4.76302e-03  1.13850e-02
 4.03140e-03  1.13850e-02
 4.16249e-03  1.13093e-02
 4.16249e-03  1.14607e-02
 4.03140e-03  1.13850e-02

 5.26198e-03  1.13850e-02
 4.52674e-03  1.13850e-02
 4.65783e-03  1.13093e-02
 4.65783e-03  1.14607e-02
 4.52674e-03  1.13850e-02

 5.76094e-03  1.13850e-02
 5.03966e-03  1.13850e-02
 5.17075e-03  1.13093e-02
 5.17075e-03  1.14607e-02
 5.03966e-03  1.13850e-02

 6.25990e-03  1.13850e-02
 5.56978e-03  1.13850e-02
 5.70086e-03  1.13093e-02
 5.70086e-03  1.14607e-02
 5.56978e-03  1.13850e-02

 6.75885e-03  1.13850e-02
 6.11635e-03  1.13850e-02
 6.24743e-03  1.13093e-02
 6.24743e-03  1.14607e-02
 6.11635e-03  1.13850e-02

 7.25781e-03  1.13850e-02
 6.67738e-03  1.13850e-02
 6.80847e-03  1.13093e-02
 6.80847e-03  1.14607e-02
 6.67738e-03  1.13850e-02

 7.75677e-03  1.13850e-02
 7.25130e-03  1.13850e-02
 7.38238e-03  1.13093e-02
 7.38238e-03  1.14607e-02
 7.25130e-03  1.13850e-02

 8.25573e-03  1.13850e-02
 7.83334e-03  1.13850e-02
 7.96443e-03  1.13093e-02
 7.96443e-03  1.14607e-02
 7.83334e-03  1.13850e-02

 8.75469e-03  1.13850e-02
 8.42303e-03  1.13850e-02
 8.55412e-03  1.13093e-02
 8.55412e-03  1.14607e-02
 8.42303e-03  1.13850e-02

 9.25365e-03  1.13850e-02
 9.00916e-03  1.13850e-02
 9.14025e-03  1.13093e-02
 9.14025e-03  1.14607e-02
 9.00916e-03  1.13850e-02

 9.75260e-03  1.13850e-02
 9.60116e-03  1.13850e-02
 9.73225e-03  1.13093e-02
 9.73225e-03  1.14607e-02
 9.60116e-03  1.13850e-02

 1.02516e-02  1.13850e-02
 1.01639e-02  1.13850e-02
 1.02950e-02  1.13093e-02
 1.02950e-02  1.14607e-02
 1.01639e-02  1.13850e-02

 1.07505e-02  1.13850e-02
 1.07505e-02  1.13850e-02
 1.08262e-02  1.15161e-02
 1.06748e-02  1.15161e-02
 1.07505e-02  1.13850e-02

 3.79531e-03  1.19550e-02
 2.68178e-03  1.20702e-02
 2.80439e-03  1.19814e-02
 2.81996e-03  1.21320e-02
 2.68178e-03  1.20702e-02

 4.29219e-03  1.19550e-02
 3.12121e-03  1.20337e-02
 3.24693e-03  1.19494e-02
 3.25708e-03  1.21005e-02
 3.12121e-03  1.20337e-02

 4.78906e-03  1.19550e-02
 3.58872e-03  1.19955e-02
 3.71718e-03  1.19154e-02
 3.72229e-03  1.20667e-02
 3.58872e-03  1.19955e-02

 5.28594e-03  1.19550e-02
 4.08469e-03  1.19563e-02
 4.21570e-03  1.18805e-02
 4.21586e-03  1.20318e-02
 4.08469e-03  1.19563e-02

 5.78281e-03  1.19550e-02
 4.60926e-03  1.19172e-02
 4.74272e-03  1.18458e-02
 4.73785e-03  1.19971e-02
 4.60926e-03  1.19172e-02

 6.27969e-03  1.19550e-02
 5.16162e-03  1.18795e-02
 5.29750e-03  1.18128e-02
 5.28731e-03  1.19639e-02
 5.16162e-03  1.18795e-02

 6.77656e-03  1.19550e-02
 5.74023e-03  1.18446e-02
 5.87859e-03  1.17832e-02
 5.86256e-03  1.19338e-02
 5.74023e-03  1.18446e-02

 7.27344e-03  1.19550e-02
 6.34177e-03  1.18141e-02
 6.48270e-03  1.17589e-02
 6.46007e-03  1.19086e-02
 6.34177e-03  1.18141e-02

 7.77031e-03  1.19550e-02
 6.96353e-03  1.17895e-02
 7.10715e-03  1.17417e-02
 7.07674e-03  1.18900e-02
 6.96353e-03  1.17895e-02

 8.26719e-03  1.19550e-02
 7.59796e-03  1.17726e-02
 7.74434e-03  1.17341e-02
 7.70454e-03  1.18801e-02
 7.59796e-03  1.17726e-02

 8.76406e-03  1.19550e-02
 8.24349e-03  1.17643e-02
 8.39261e-03  1.17383e-02
 8.34054e-03  1.18804e-02
 8.24349e-03  1.17643e-02

 9.26094e-03  1.19550e-02
 8.88329e-03  1.17666e-02
 9.03438e-03  1.17574e-02
 8.96680e-03  1.18928e-02
 8.88329e-03  1.17666e-02

 9.75781e-03  1.19550e-02
 9.52839e-03  1.17788e-02
 9.67845e-03  1.17986e-02
 9.58626e-03  1.19187e-02
 9.52839e-03  1.17788e-02

 1.02547e-02  1.19550e-02
 1.01294e-02  1.18060e-02
 1.02717e-02  1.18576e-02
 1.01558e-02  1.19550e-02
 1.01294e-02  1.18060e-02

 1.07516e-02  1.19550e-02
 1.07516e-02  1.18510e-02
 1.08272e-02  1.19821e-02
 1.06759e-02  1.19821e-02
 1.07516e-02  1.18510e-02

 3.82552e-03  1.25250e-02
 2.48925e-03  1.27061e-02
 2.60899e-03  1.26135e-02
 2.62932e-03  1.27635e-02
 2.48925e-03  1.27061e-02

 4.32031e-03  1.25250e-02
 2.92198e-03  1.26387e-02
 3.04651e-03  1.25526e-02
 3.05877e-03  1.27035e-02
 2.92198e-03  1.26387e-02

 4.81510e-03  1.25250e-02
 3.38817e-03  1.25687e-02
 3.51688e-03  1.24890e-02
 3.52151e-03  1.26403e-02
 3.38817e-03  1.25687e-02

 5.30990e-03  1.25250e-02
 3.88811e-03  1.24977e-02
 4.02062e-03  1.24246e-02
 4.01772e-03  1.25759e-02
 3.88811e-03  1.24977e-02

 5.80469e-03  1.25250e-02
 4.42142e-03  1.24278e-02
 4.55749e-03  1.23615e-02
 4.54688e-03  1.25124e-02
 4.42142e-03  1.24278e-02

 6.29948e-03  1.25250e-02
 4.98667e-03  1.23609e-02
 5.12614e-03  1.23021e-02
 5.10736e-03  1.24523e-02
 4.98667e-03  1.23609e-02

 6.79427e-03  1.25250e-02
 5.58182e-03  1.22996e-02
 5.72453e-03  1.22492e-02
 5.69687e-03  1.23980e-02
 5.58182e-03  1.22996e-02

 7.28906e-03  1.25250e-02
 6.20278e-03  1.22467e-02
 6.34855e-03  1.22059e-02
 6.31098e-03  1.23525e-02
 6.20278e-03  1.22467e-02

 7.78385e-03  1.25250e-02
 6.84606e-03  1.22048e-02
 6.99457e-03  1.21755e-02
 6.94566e-03  1.23188e-02
 6.84606e-03  1.22048e-02

 8.27865e-03  1.25250e-02
 7.50334e-03  1.21768e-02
 7.65393e-03  1.21614e-02
 7.59192e-03  1.22995e-02
 7.50334e-03  1.21768e-02

 8.77344e-03  1.25250e-02
 8.17214e-03  1.21653e-02
 8.32349e-03  1.21676e-02
 8.24577e-03  1.22975e-02
 8.17214e-03  1.21653e-02

 9.26823e-03  1.25250e-02
 8.83417e-03  1.21730e-02
 8.98366e-03  1.21968e-02
 8.88831e-03  1.23143e-02
 8.83417e-03  1.21730e-02

 9.76302e-03  1.25250e-02
 9.49997e-03  1.22021e-02
 9.64144e-03  1.22559e-02
 9.52408e-03  1.23515e-02
 9.49997e-03  1.22021e-02

 1.02578e-02  1.25250e-02
 1.01156e-02  1.22572e-02
 1.02439e-02  1.23375e-02
 1.01102e-02  1.24085e-02
 1.01156e-02  1.22572e-02

 1.07526e-02  1.25250e-02
 1.07526e-02  1.23491e-02
 1.08283e-02  1.24802e-02
 1.06769e-02  1.24802e-02
 1.07526e-02  1.23491e-02

 3.85573e-03  1.30950e-02
 2.42857e-03  1.33756e-02
 2.54259e-03  1.32761e-02
 2.57179e-03  1.34246e-02
 2.42857e-03  1.33756e-02

 4.34844e-03  1.30950e-02
 2.86012e-03  1.32651e-02
 2.98177e-03  1.31750e-02
 2.99895e-03  1.33254e-02
 2.86012e-03  1.32651e-02

 4.84115e-03  1.30950e-02
 3.32740e-03  1.31512e-02
 3.45559e-03  1.30707e-02
 3.46120e-03  1.32219e-02
 3.32740e-03  1.31512e-02

 5.33385e-03  1.30950e-02
 3.83033e-03  1.30365e-02
 3.96426e-03  1.29660e-02
 3.95837e-03  1.31172e-02
 3.83033e-03  1.30365e-02

 5.82656e-03  1.30950e-02
 4.36807e-03  1.29242e-02
 4.50707e-03  1.28643e-02
 4.48946e-03  1.30146e-02
 4.36807e-03  1.29242e-02

 6.31927e-03  1.30950e-02
 4.93896e-03  1.28176e-02
 5.08238e-03  1.27692e-02
 5.05256e-03  1.29176e-02
 4.93896e-03  1.28176e-02

 6.81198e-03  1.30950e-02
 5.54050e-03  1.27206e-02
 5.68763e-03  1.26850e-02
 5.64487e-03  1.28302e-02
 5.54050e-03  1.27206e-02

 7.30469e-03  1.30950e-02
 6.16845e-03  1.26372e-02
 6.31833e-03  1.26160e-02
 6.26175e-03  1.27564e-02
 6.16845e-03  1.26372e-02

 7.79740e-03  1.30950e-02
 6.81896e-03  1.25717e-02
 6.97025e-03  1.25668e-02
 6.89886e-03  1.27003e-02
 6.81896e-03  1.25717e-02

 8.29010e-03  1.30950e-02
 7.48347e-03  1.25286e-02
 7.63424e-03  1.25420e-02
 7.54726e-03  1.26659e-02
 7.48347e-03  1.25286e-02

 8.78281e-03  1.30950e-02
 8.15927e-03  1.25122e-02
 8.30672e-03  1.25464e-02
 8.20336e-03  1.26570e-02
 8.15927e-03  1.25122e-02

 9.27552e-03  1.30950e-02
 8.82751e-03  1.25265e-02
 8.96809e-03  1.25826e-02
 8.84921e-03  1.26763e-02
 8.82751e-03  1.25265e-02

 9.76823e-03  1.30950e-02
 9.49811e-03  1.25761e-02
 9.62577e-03  1.26575e-02
 9.49151e-03  1.27274e-02
 9.49811e-03  1.25761e-02

 1.02609e-02  1.30950e-02
 1.01166e-02  1.26662e-02
 1.02301e-02  1.27663e-02
 1.00867e-02  1.28146e-02
 1.01166e-02  1.26662e-02

 1.07536e-02  1.30950e-02
 1.07536e-02  1.28174e-02
 1.08293e-02  1.29485e-02
 1.06780e-02  1.29485e-02
 1.07536e-02  1.28174e-02

 3.88594e-03  1.36650e-02
 2.49049e-03  1.40224e-02
 2.59870e-03  1.39165e-02
 2.63625e-03  1.40632e-02
 2.49049e-03  1.40224e-02

 4.37656e-03  1.36650e-02
 2.92548e-03  1.38718e-02
 3.04458e-03  1.37784e-02
 3.06594e-03  1.39282e-02
 2.92548e-03  1.38718e-02

 4.86719e-03  1.36650e-02
 3.39530e-03  1.37179e-02
 3.52358e-03  1.36375e-02
 3.52902e-03  1.37888e-02
 3.39530e-03  1.37179e-02

 5.35781e-03  1.36650e-02
 3.89932e-03  1.35641e-02
 4.03532e-03  1.34976e-02
 4.02487e-03  1.36486e-02
 3.89932e-03  1.35641e-02

 5.84844e-03  1.36650e-02
 4.43664e-03  1.34143e-02
 4.57894e-03  1.33627e-02
 4.55247e-03  1.35117e-02
 4.43664e-03  1.34143e-02

 6.33906e-03  1.36650e-02
 5.00529e-03  1.32730e-02
 5.15240e-03  1.32373e-02
 5.10972e-03  1.33825e-02
 5.00529e-03  1.32730e-02

 6.82969e-03  1.36650e-02
 5.60293e-03  1.31450e-02
 5.75316e-03  1.31265e-02
 5.69409e-03  1.32658e-02
 5.60293e-03  1.31450e-02

 7.32031e-03  1.36650e-02
 6.22525e-03  1.30356e-02
 6.37661e-03  1.30353e-02
 6.30119e-03  1.31665e-02
 6.22525e-03  1.30356e-02

 7.81094e-03  1.36650e-02
 6.86875e-03  1.29505e-02
 7.01894e-03  1.29694e-02
 6.92747e-03  1.30900e-02
 6.86875e-03  1.29505e-02

 8.30156e-03  1.36650e-02
 7.52535e-03  1.28952e-02
 7.67172e-03  1.29338e-02
 7.56514e-03  1.30413e-02
 7.52535e-03  1.28952e-02

 8.79219e-03  1.36650e-02
 8.19234e-03  1.28761e-02
 8.33193e-03  1.29346e-02
 8.21144e-03  1.30262e-02
 8.19234e-03  1.28761e-02

 9.28281e-03  1.36650e-02
 8.85192e-03  1.28983e-02
 8.98212e-03  1.29755e-02
 8.85017e-03  1.30497e-02
 8.85192e-03  1.28983e-02

 9.77344e-03  1.36650e-02
 9.51353e-03  1.29692e-02
 9.63030e-03  1.30655e-02
 9.48850e-03  1.31185e-02
 9.51353e-03  1.29692e-02

 1.02641e-02  1.36650e-02
 1.01247e-02  1.30935e-02
 1.02293e-02  1.32030e-02
 1.00823e-02  1.32388e-02
 1.01247e-02  1.30935e-02

 1.07547e-02  1.36650e-02
 1.07547e-02  1.32994e-02
 1.08304e-02  1.34305e-02
 1.06790e-02  1.34305e-02
 1.07547e-02  1.32994e-02

 3.91615e-03  1.42350e-02
 2.64421e-03  1.46660e-02
 2.74407e-03  1.45523e-02
 2.79265e-03  1.46956e-02
 2.64421e-03  1.46660e-02

 4.40469e-03  1.42350e-02
 3.08462e-03  1.44762e-02
 3.19997e-03  1.43782e-02
 3.22717e-03  1.45271e-02
 3.08462e-03  1.44762e-02

 4.89323e-03  1.42350e-02
 3.55643e-03  1.42832e-02
 3.68471e-03  1.42028e-02
 3.69016e-03  1.43541e-02
 3.55643e-03  1.42832e-02

 5.38177e-03  1.42350e-02
 4.05898e-03  1.40913e-02
 4.19747e-03  1.40302e-02
 4.18112e-03  1.41807e-02
 4.05898e-03  1.40913e-02

 5.87031e-03  1.42350e-02
 4.59119e-03  1.39053e-02
 4.73702e-03  1.38647e-02
 4.69923e-03  1.40113e-02
 4.59119e-03  1.39053e-02

 6.35885e-03  1.42350e-02
 5.15132e-03  1.37305e-02
 5.30146e-03  1.37112e-02
 5.24310e-03  1.38508e-02
 5.15132e-03  1.37305e-02

 6.84740e-03  1.42350e-02
 5.73704e-03  1.35727e-02
 5.88840e-03  1.35749e-02
 5.81086e-03  1.37049e-02
 5.73704e-03  1.35727e-02

 7.33594e-03  1.42350e-02
 6.34471e-03  1.34383e-02
 6.49430e-03  1.34614e-02
 6.39947e-03  1.35794e-02
 6.34471e-03  1.34383e-02

 7.82448e-03  1.42350e-02
 6.97115e-03  1.33341e-02
 7.11624e-03  1.33773e-02
 7.00635e-03  1.34814e-02
 6.97115e-03  1.33341e-02

 8.31302e-03  1.42350e-02
 7.60925e-03  1.32671e-02
 7.74755e-03  1.33286e-02
 7.62512e-03  1.34176e-02
 7.60925e-03  1.32671e-02

 8.80156e-03  1.42350e-02
 8.25686e-03  1.32451e-02
 8.38636e-03  1.33234e-02
 8.25375e-03  1.33964e-02
 8.25686e-03  1.32451e-02

 9.29010e-03  1.42350e-02
 8.89798e-03  1.32745e-02
 9.01760e-03  1.33673e-02
 8.87746e-03  1.34245e-02
 8.89798e-03  1.32745e-02

 9.77865e-03  1.42350e-02
 9.54145e-03  1.33651e-02
 9.64896e-03  1.34717e-02
 9.50292e-03  1.35115e-02
 9.54145e-03  1.33651e-02

 1.02672e-02  1.42350e-02
 1.01396e-02  1.35215e-02
 1.02372e-02  1.36372e-02
 1.00881e-02  1.36638e-02
 1.01396e-02  1.35215e-02

 1.07557e-02  1.42350e-02
 1.07557e-02  1.37802e-02
 1.08314e-02  1.39113e-02
 1.06800e-02  1.39113e-02
 1.07557e-02  1.37802e-02

 3.94635e-03  1.48050e-02
 2.87362e-03  1.52913e-02
 2.96176e-03  1.51682e-02
 3.02426e-03  1.53061e-02
 2.87362e-03  1.52913e-02

 4.43281e-03  1.48050e-02
 3.32095e-03  1.50683e-02
 3.43107e-03  1.49644e-02
 3.46595e-03  1.51117e-02
 3.32095e-03  1.50683e-02

 4.91927e-03  1.48050e-02
 3.79439e-03  1.48426e-02
 3.92288e-03  1.47625e-02
 3.92793e-03  1.49138e-02
 3.79439e-03  1.48426e-02

 5.40573e-03  1.48050e-02
 4.29341e-03  1.46191e-02
 4.43518e-03  1.45661e-02
 4.41023e-03  1.47153e-02
 4.29341e-03  1.46191e-02

 5.89219e-03  1.48050e-02
 4.81703e-03  1.44033e-02
 4.96631e-03  1.43783e-02
 4.91334e-03  1.45201e-02
 4.81703e-03  1.44033e-02

 6.37865e-03  1.48050e-02
 5.36350e-03  1.42011e-02
 5.51486e-03  1.42031e-02
 5.43747e-03  1.43332e-02
 5.36350e-03  1.42011e-02

 6.86510e-03  1.48050e-02
 5.93102e-03  1.40192e-02
 6.08005e-03  1.40457e-02
 5.98261e-03  1.41615e-02
 5.93102e-03  1.40192e-02

 7.35156e-03  1.48050e-02
 6.51662e-03  1.38644e-02
 6.66025e-03  1.39122e-02
 6.54704e-03  1.40127e-02
 6.51662e-03  1.38644e-02

 7.83802e-03  1.48050e-02
 7.11777e-03  1.37448e-02
 7.25404e-03  1.38107e-02
 7.12883e-03  1.38957e-02
 7.11777e-03  1.37448e-02

 8.32448e-03  1.48050e-02
 7.72877e-03  1.36681e-02
 7.85665e-03  1.37491e-02
 7.72258e-03  1.38193e-02
 7.72877e-03  1.36681e-02

 8.81094e-03  1.48050e-02
 8.34813e-03  1.36436e-02
 8.46697e-03  1.37374e-02
 8.32635e-03  1.37934e-02
 8.34813e-03  1.36436e-02

 9.29740e-03  1.48050e-02
 8.96256e-03  1.36790e-02
 9.07246e-03  1.37831e-02
 8.92738e-03  1.38262e-02
 8.96256e-03  1.36790e-02

 9.78385e-03  1.48050e-02
 9.58005e-03  1.37862e-02
 9.67997e-03  1.38999e-02
 9.53155e-03  1.39296e-02
 9.58005e-03  1.37862e-02

 1.02703e-02  1.48050e-02
 1.01597e-02  1.39695e-02
 1.02519e-02  1.40895e-02
 1.01019e-02  1.41094e-02
 1.01597e-02  1.39695e-02

 1.07568e-02  1.48050e-02
 1.07568e-02  1.42734e-02
 1.08325e-02  1.44045e-02
 1.06811e-02  1.44045e-02
 1.07568e-02  1.42734e-02

 3.97656e-03  1.53750e-02
 3.15888e-03  1.59028e-02
 3.22797e-03  1.57681e-02
 3.31006e-03  1.58953e-02
 3.15888e-03  1.59028e-02

 4.46094e-03  1.53750e-02
 3.61396e-03  1.56531e-02
 3.71490e-03  1.55403e-02
 3.76212e-03  1.56841e-02
 3.61396e-03  1.56531e-02

 4.94531e-03  1.53750e-02
 4.08880e-03  1.54011e-02
 4.21752e-03  1.53215e-02
 4.22214e-03  1.54728e-02
 4.08880e-03  1.54011e-02

 5.42969e-03  1.53750e-02
 4.58287e-03  1.51525e-02
 4.72888e-03  1.51126e-02
 4.69042e-03  1.52590e-02
 4.58287e-03  1.51525e-02

 5.91406e-03  1.53750e-02
 5.09532e-03  1.49131e-02
 5.24668e-03  1.49116e-02
 5.17230e-03  1.50434e-02
 5.09532e-03  1.49131e-02

 6.39844e-03  1.53750e-02
 5.62480e-03  1.46893e-02
 5.77310e-03  1.47196e-02
 5.67270e-03  1.48329e-02
 5.62480e-03  1.46893e-02

 6.88281e-03  1.53750e-02
 6.16995e-03  1.44881e-02
 6.31107e-03  1.45429e-02
 6.19309e-03  1.46377e-02
 6.16995e-03  1.44881e-02

 7.36719e-03  1.53750e-02
 6.72855e-03  1.43173e-02
 6.86109e-03  1.43904e-02
 6.73152e-03  1.44687e-02
 6.72855e-03  1.43173e-02

 7.85156e-03  1.53750e-02
 7.29888e-03  1.41853e-02
 7.42275e-03  1.42723e-02
 7.28547e-03  1.43360e-02
 7.29888e-03  1.41853e-02

 8.33594e-03  1.53750e-02
 7.87683e-03  1.41006e-02
 7.99247e-03  1.41982e-02
 7.85006e-03  1.42495e-02
 7.87683e-03  1.41006e-02

 8.82031e-03  1.53750e-02
 8.46160e-03  1.40736e-02
 8.56939e-03  1.41799e-02
 8.42347e-03  1.42201e-02
 8.46160e-03  1.40736e-02

 9.30469e-03  1.53750e-02
 9.04328e-03  1.41128e-02
 9.14398e-03  1.42258e-02
 8.99576e-03  1.42565e-02
 9.04328e-03  1.41128e-02

 9.78906e-03  1.53750e-02
 9.62854e-03  1.42324e-02
 9.72172e-03  1.43517e-02
 9.57183e-03  1.43727e-02
 9.62854e-03  1.42324e-02

 1.02734e-02  1.53750e-02
 1.01854e-02  1.44364e-02
 1.02730e-02  1.45598e-02
 1.01223e-02  1.45740e-02
 1.01854e-02  1.44364e-02

 1.07578e-02  1.53750e-02
 1.07578e-02  1.47772e-02
 1.08335e-02  1.49083e-02
 1.06821e-02  1.49083e-02
 1.07578e-02  1.47772e-02

 4.00677e-03  1.59450e-02
 3.48530e-03  1.64958e-02
 3.52046e-03  1.63486e-02
 3.63039e-03  1.64527e-02
 3.48530e-03  1.64958e-02

 4.48906e-03  1.59450e-02
 3.94905e-03  1.62278e-02
 4.03007e-03  1.60999e-02
 4.10028e-03  1.62340e-02
 3.94905e-03  1.62278e-02

 4.97135e-03  1.59450e-02
 4.42543e-03  1.59580e-02
 4.55467e-03  1.58792e-02
 4.55828e-03  1.60306e-02
 4.42543e-03  1.59580e-02

 5.45365e-03  1.59450e-02
 4.91395e-03  1.56925e-02
 5.06475e-03  1.56795e-02
 5.00062e-03  1.58166e-02
 4.91395e-03  1.56925e-02

 5.93594e-03  1.59450e-02
 5.41396e-03  1.54375e-02
 5.56071e-03  1.54746e-02
 5.45519e-03  1.55832e-02
 5.41396e-03  1.54375e-02

 6.41823e-03  1.59450e-02
 5.92452e-03  1.51996e-02
 6.06001e-03  1.52671e-02
 5.93381e-03  1.53506e-02
 5.92452e-03  1.51996e-02

 6.90052e-03  1.59450e-02
 6.44469e-03  1.49860e-02
 6.56932e-03  1.50719e-02
 6.43261e-03  1.51369e-02
 6.44469e-03  1.49860e-02

 7.38281e-03  1.59450e-02
 6.97310e-03  1.48047e-02
 7.08865e-03  1.49025e-02
 6.94620e-03  1.49536e-02
 6.97310e-03  1.48047e-02

 7.86510e-03  1.59450e-02
 7.50880e-03  1.46645e-02
 7.61686e-03  1.47705e-02
 7.47103e-03  1.48111e-02
 7.50880e-03  1.46645e-02

 8.34740e-03  1.59450e-02
 8.04941e-03  1.45744e-02
 8.15121e-03  1.46864e-02
 8.00330e-03  1.47185e-02
 8.04941e-03  1.45744e-02

 8.82969e-03  1.59450e-02
 8.59476e-03  1.45455e-02
 8.69110e-03  1.46622e-02
 8.54182e-03  1.46873e-02
 8.59476e-03  1.45455e-02

 9.31198e-03  1.59450e-02
 9.13885e-03  1.45866e-02
 9.23049e-03  1.47070e-02
 9.08034e-03  1.47262e-02
 9.13885e-03  1.45866e-02

 9.79427e-03  1.59450e-02
 9.68646e-03  1.47139e-02
 9.77329e-03  1.48378e-02
 9.62250e-03  1.48510e-02
 9.68646e-03  1.47139e-02

 1.02766e-02  1.59450e-02
 1.02165e-02  1.49311e-02
 1.02998e-02  1.50575e-02
 1.01487e-02  1.50664e-02
 1.02165e-02  1.49311e-02

 1.07589e-02  1.59450e-02
 1.07589e-02  1.52981e-02
 1.08345e-02  1.54292e-02
 1.06832e-02  1.54292e-02
 1.07589e-02  1.52981e-02

 4.03698e-03  1.65150e-02
 3.83788e-03  1.70711e-02
 3.81081e-03  1.69222e-02
 3.95332e-03  1.69732e-02
 3.83788e-03  1.70711e-02

 4.51719e-03  1.65150e-02
 4.31098e-03  1.67934e-02
 4.32820e-03  1.66430e-02
 4.44983e-03  1.67331e-02
 4.31098e-03  1.67934e-02

 4.99740e-03  1.65150e-02
 4.78921e-03  1.65145e-02
 4.92048e-03  1.64391e-02
 4.92012e-03  1.65905e-02
 4.78921e-03  1.65145e-02

 5.47760e-03  1.65150e-02
 5.27216e-03  1.62407e-02
 5.41132e-03  1.63002e-02
 5.29016e-03  1.63910e-02
 5.27216e-03  1.62407e-02

 5.95781e-03  1.65150e-02
 5.75936e-03  1.59782e-02
 5.87580e-03  1.60749e-02
 5.73382e-03  1.61274e-02
 5.75936e-03  1.59782e-02

 6.43802e-03  1.65150e-02
 6.25020e-03  1.57337e-02
 6.35443e-03  1.58435e-02
 6.20726e-03  1.58789e-02
 6.25020e-03  1.57337e-02

 6.91823e-03  1.65150e-02
 6.74421e-03  1.55147e-02
 6.84124e-03  1.56309e-02
 6.69211e-03  1.56568e-02
 6.74421e-03  1.55147e-02

 7.39844e-03  1.65150e-02
 7.24085e-03  1.53288e-02
 7.33314e-03  1.54488e-02
 7.18309e-03  1.54687e-02
 7.24085e-03  1.53288e-02

 7.87865e-03  1.65150e-02
 7.73986e-03  1.51851e-02
 7.82874e-03  1.53076e-02
 7.67819e-03  1.53233e-02
 7.73986e-03  1.51851e-02

 8.35885e-03  1.65150e-02
 8.24065e-03  1.50925e-02
 8.32693e-03  1.52168e-02
 8.17608e-03  1.52294e-02
 8.24065e-03  1.50925e-02

 8.83906e-03  1.65150e-02
 8.74354e-03  1.50623e-02
 8.82766e-03  1.51882e-02
 8.67662e-03  1.51981e-02
 8.74354e-03  1.50623e-02

 9.31927e-03  1.65150e-02
 9.24672e-03  1.51037e-02
 9.32904e-03  1.52308e-02
 9.17787e-03  1.52385e-02
 9.24672e-03  1.51037e-02

 9.79948e-03  1.65150e-02
 9.75261e-03  1.52341e-02
 9.83304e-03  1.53624e-02
 9.68177e-03  1.53679e-02
 9.75261e-03  1.52341e-02

 1.02797e-02  1.65150e-02
 1.02526e-02  1.54570e-02
 1.03316e-02  1.55861e-02
 1.01803e-02  1.55900e-02
 1.02526e-02  1.54570e-02

 1.07599e-02  1.65150e-02
 1.07599e-02  1.58383e-02
 1.08356e-02  1.59694e-02
 1.06842e-02  1.59694e-02
 1.07599e-02  1.58383e-02

 4.06719e-03  1.70850e-02
 4.20315e-03  1.76271e-02
 4.09785e-03  1.75183e-02
 4.24467e-03  1.74815e-02
 4.20315e-03  1.76271e-02

 4.54531e-03  1.70850e-02
 4.68603e-03  1.73487e-02
 4.55755e-03  1.72687e-02
 4.69110e-03  1.71975e-02
 4.68603e-03  1.73487e-02

 5.02344e-03  1.70850e-02
 5.16646e-03  1.70699e-02
 5.04403e-03  1.71589e-02
 5.02815e-03  1.70084e-02
 5.16646e-03  1.70699e-02

 5.50156e-03  1.70850e-02
 5.64407e-03  1.67967e-02
 5.65383e-03  1.69478e-02
 5.51814e-03  1.68807e-02
 5.64407e-03  1.67967e-02

 5.97969e-03  1.70850e-02
 6.11855e-03  1.65355e-02
 6.15981e-03  1.66811e-02
 6.01306e-03  1.66440e-02
 6.11855e-03  1.65355e-02

 6.45781e-03  1.70850e-02
 6.58965e-03  1.62927e-02
 6.64279e-03  1.64345e-02
 6.49348e-03  1.64096e-02
 6.58965e-03  1.62927e-02

 6.93594e-03  1.70850e-02
 7.05730e-03  1.60757e-02
 7.11680e-03  1.62149e-02
 6.96651e-03  1.61968e-02
 7.05730e-03  1.60757e-02

 7.41406e-03  1.70850e-02
 7.52177e-03  1.58918e-02
 7.58536e-03  1.60291e-02
 7.43461e-03  1.60155e-02
 7.52177e-03  1.58918e-02

 7.89219e-03  1.70850e-02
 7.98343e-03  1.57497e-02
 8.05000e-03  1.58857e-02
 7.89899e-03  1.58753e-02
 7.98343e-03  1.57497e-02

 8.37031e-03  1.70850e-02
 8.44346e-03  1.56581e-02
 8.51234e-03  1.57929e-02
 8.36117e-03  1.57851e-02
 8.44346e-03  1.56581e-02

 8.84844e-03  1.70850e-02
 8.90252e-03  1.56282e-02
 8.97329e-03  1.57620e-02
 8.82202e-03  1.57564e-02
 8.90252e-03  1.56282e-02

 9.32656e-03  1.70850e-02
 9.36306e-03  1.56689e-02
 9.43534e-03  1.58019e-02
 9.28403e-03  1.57980e-02
 9.36306e-03  1.56689e-02

 9.80469e-03  1.70850e-02
 9.82471e-03  1.57981e-02
 9.89835e-03  1.59303e-02
 9.74700e-03  1.59280e-02
 9.82471e-03  1.57981e-02

 1.02828e-02  1.70850e-02
 1.02925e-02  1.60191e-02
 1.03670e-02  1.61509e-02
 1.02156e-02  1.61495e-02
 1.02925e-02  1.60191e-02

 1.07609e-02  1.70850e-02
 1.07609e-02  1.64014e-02
 1.08366e-02  1.65324e-02
 1.06853e-02  1.65324e-02
 1.07609e-02  1.64014e-02

 4.09740e-03  1.76550e-02
 4.56677e-03  1.81642e-02
 4.42227e-03  1.81191e-02
 4.53357e-03  1.80165e-02
 4.56677e-03  1.81642e-02

 4.57344e-03  1.76550e-02
 5.05924e-03  1.78944e-02
 4.90820e-03  1.79043e-02
 4.97511e-03  1.77686e-02
 5.05924e-03  1.78944e-02

 5.04948e-03  1.76550e-02
 5.54185e-03  1.76247e-02
 5.41566e-03  1.77083e-02
 5.40636e-03  1.75572e-02
 5.54185e-03  1.76247e-02

 5.52552e-03  1.76550e-02
 6.01428e-03  1.73611e-02
 5.94093e-03  1.74936e-02
 5.86293e-03  1.73638e-02
 6.01428e-03  1.73611e-02

 6.00156e-03  1.76550e-02
 6.47635e-03  1.71098e-02
 6.44733e-03  1.72584e-02
 6.33318e-03  1.71590e-02
 6.47635e-03  1.71098e-02

 6.47760e-03  1.76550e-02
 6.92816e-03  1.68770e-02
 6.92795e-03  1.70284e-02
 6.79697e-03  1.69526e-02
 6.92816e-03  1.68770e-02

 6.95365e-03  1.76550e-02
 7.37002e-03  1.66694e-02
 7.38872e-03  1.68197e-02
 7.24929e-03  1.67607e-02
 7.37002e-03  1.66694e-02

 7.42969e-03  1.76550e-02
 7.80301e-03  1.64941e-02
 7.83493e-03  1.66421e-02
 7.69083e-03  1.65957e-02
 7.80301e-03  1.64941e-02

 7.90573e-03  1.76550e-02
 8.22810e-03  1.63590e-02
 8.26990e-03  1.65045e-02
 8.12301e-03  1.64679e-02
 8.22810e-03  1.63590e-02

 8.38177e-03  1.76550e-02
 8.64809e-03  1.62722e-02
 8.69762e-03  1.64152e-02
 8.54898e-03  1.63866e-02
 8.64809e-03  1.62722e-02

 8.85781e-03  1.76550e-02
 9.06388e-03  1.62444e-02
 9.11982e-03  1.63851e-02
 8.97004e-03  1.63632e-02
 9.06388e-03  1.62444e-02

 9.33385e-03  1.76550e-02
 9.48207e-03  1.62838e-02
 9.54322e-03  1.64222e-02
 9.39273e-03  1.64060e-02
 9.48207e-03  1.62838e-02

 9.80990e-03  1.76550e-02
 9.89918e-03  1.64080e-02
 9.96531e-03  1.65441e-02
 9.81433e-03  1.65333e-02
 9.89918e-03  1.64080e-02

 1.02859e-02  1.76550e-02
 1.03341e-02  1.66203e-02
 1.04036e-02  1.67547e-02
 1.02524e-02  1.67477e-02
 1.03341e-02  1.66203e-02

 1.07620e-02  1.76550e-02
 1.07620e-02  1.69895e-02
 1.08377e-02  1.71206e-02
 1.06863e-02  1.71206e-02
 1.07620e-02  1.69895e-02

 4.12760e-03  1.82250e-02
 4.91433e-03  1.86833e-02
 4.76297e-03  1.86827e-02
 4.83916e-03  1.85519e-02
 4.91433e-03  1.86833e-02

 4.60156e-03  1.82250e-02
 5.41531e-03  1.84306e-02
 5.26968e-03  1.84719e-02
 5.30676e-03  1.83251e-02
 5.41531e-03  1.84306e-02

 5.07552e-03  1.82250e-02
 5.89941e-03  1.81787e-02
 5.77278e-03  1.82616e-02
 5.76428e-03  1.81105e-02
 5.89941e-03  1.81787e-02

 5.54948e-03  1.82250e-02
 6.36633e-03  1.79333e-02
 6.26833e-03  1.80487e-02
 6.21743e-03  1.79061e-02
 6.36633e-03  1.79333e-02

 6.02344e-03  1.82250e-02
 6.81622e-03  1.77002e-02
 6.74869e-03  1.78357e-02
 6.66514e-03  1.77095e-02
 6.81622e-03  1.77002e-02

 6.49740e-03  1.82250e-02
 7.24938e-03  1.74851e-02
 7.20902e-03  1.76310e-02
 7.10286e-03  1.75231e-02
 7.24938e-03  1.74851e-02

 6.97135e-03  1.82250e-02
 7.66661e-03  1.72942e-02
 7.64880e-03  1.74445e-02
 7.52753e-03  1.73539e-02
 7.66661e-03  1.72942e-02

 7.44531e-03  1.82250e-02
 8.06976e-03  1.71336e-02
 8.07035e-03  1.72849e-02
 7.93897e-03  1.72098e-02
 8.06976e-03  1.71336e-02

 7.91927e-03  1.82250e-02
 8.46034e-03  1.70106e-02
 8.47612e-03  1.71611e-02
 8.33786e-03  1.70995e-02
 8.46034e-03  1.70106e-02

 8.39323e-03  1.82250e-02
 8.84272e-03  1.69323e-02
 8.87116e-03  1.70809e-02
 8.72818e-03  1.70312e-02
 8.84272e-03  1.69323e-02

 8.86719e-03  1.82250e-02
 9.21787e-03  1.69085e-02
 9.25726e-03  1.70546e-02
 9.11099e-03  1.70157e-02
 9.21787e-03  1.69085e-02

 9.34115e-03  1.82250e-02
 9.59620e-03  1.69465e-02
 9.64477e-03  1.70898e-02
 9.49633e-03  1.70602e-02
 9.59620e-03  1.69465e-02

 9.81510e-03  1.82250e-02
 9.97113e-03  1.70625e-02
 1.00287e-02  1.72025e-02
 9.87868e-03  1.71824e-02
 9.97113e-03  1.70625e-02

 1.02891e-02  1.82250e-02
 1.03746e-02  1.72597e-02
 1.04384e-02  1.73970e-02
 1.02877e-02  1.73836e-02
 1.03746e-02  1.72597e-02

 1.07630e-02  1.82250e-02
 1.07630e-02  1.76027e-02
 1.08387e-02  1.77338e-02
 1.06873e-02  1.77338e-02
 1.07630e-02  1.76027e-02

 4.15781e-03  1.87950e-02
 5.22836e-03  1.91870e-02
 5.07924e-03  1.92130e-02
 5.13128e-03  1.90709e-02
 5.22836e-03  1.91870e-02

 4.62969e-03  1.87950e-02
 5.73557e-03  1.89598e-02
 5.59476e-03  1.90154e-02
 5.61708e-03  1.88657e-02
 5.73557e-03  1.89598e-02

 5.10156e-03  1.87950e-02
 6.21971e-03  1.87342e-02
 6.09293e-03  1.88168e-02
 6.08470e-03  1.86657e-02
 6.21971e-03  1.87342e-02

 5.57344e-03  1.87950e-02
 6.68054e-03  1.85152e-02
 6.57199e-03  1.86207e-02
 6.53490e-03  1.84739e-02
 6.68054e-03  1.85152e-02

 6.04531e-03  1.87950e-02
 7.11828e-03  1.83081e-02
 7.03018e-03  1.84312e-02
 6.96763e-03  1.82934e-02
 7.11828e-03  1.83081e-02

 6.51719e-03  1.87950e-02
 7.53384e-03  1.81180e-02
 7.46668e-03  1.82537e-02
 7.38279e-03  1.81277e-02
 7.53384e-03  1.81180e-02

 6.98906e-03  1.87950e-02
 7.92837e-03  1.79501e-02
 7.88152e-03  1.80941e-02
 7.78029e-03  1.79815e-02
 7.92837e-03  1.79501e-02

 7.46094e-03  1.87950e-02
 8.30451e-03  1.78099e-02
 8.27673e-03  1.79587e-02
 8.16176e-03  1.78602e-02
 8.30451e-03  1.78099e-02

 7.93281e-03  1.87950e-02
 8.66428e-03  1.77035e-02
 8.65417e-03  1.78545e-02
 8.52843e-03  1.77703e-02
 8.66428e-03  1.77035e-02

 8.40469e-03  1.87950e-02
 9.01345e-03  1.76370e-02
 9.01944e-03  1.77882e-02
 8.88546e-03  1.77178e-02
 9.01345e-03  1.76370e-02

 8.87656e-03  1.87950e-02
 9.35304e-03  1.76187e-02
 9.37397e-03  1.77686e-02
 9.23368e-03  1.77118e-02
 9.35304e-03  1.76187e-02

 9.34844e-03  1.87950e-02
 9.69663e-03  1.76553e-02
 9.73071e-03  1.78028e-02
 9.58595e-03  1.77585e-02
 9.69663e-03  1.76553e-02

 9.82031e-03  1.87950e-02
 1.00348e-02  1.77604e-02
 1.00823e-02  1.79041e-02
 9.93412e-03  1.78734e-02
 1.00348e-02  1.77604e-02

 1.02922e-02  1.87950e-02
 1.04108e-02  1.79373e-02
 1.04678e-02  1.80775e-02
 1.03179e-02  1.80568e-02
 1.04108e-02  1.79373e-02

 1.07641e-02  1.87950e-02
 1.07641e-02  1.82411e-02
 1.08397e-02  1.83722e-02
 1.06884e-02  1.83722e-02
 1.07641e-02  1.82411e-02

 4.18802e-03  1.93650e-02
 5.49099e-03  1.96793e-02
 5.34581e-03  1.97221e-02
 5.38130e-03  1.95750e-02
 5.49099e-03  1.96793e-02

 4.65781e-03  1.93650e-02
 6.00104e-03  1.94842e-02
 5.86378e-03  1.95480e-02
 5.87716e-03  1.93972e-02
 6.00104e-03  1.94842e-02

 5.12760e-03  1.93650e-02
 6.48279e-03  1.92913e-02
 6.35601e-03  1.93740e-02
 6.34779e-03  1.92228e-02
 6.48279e-03  1.92913e-02

 5.59740e-03  1.93650e-02
 6.93631e-03  1.91051e-02
 6.82205e-03  1.92043e-02
 6.79320e-03  1.90557e-02
 6.93631e-03  1.91051e-02

 6.06719e-03  1.93650e-02
 7.36198e-03  1.89300e-02
 7.26182e-03  1.90435e-02
 7.21361e-03  1.89000e-02
 7.36198e-03  1.89300e-02

 6.53698e-03  1.93650e-02
 7.76124e-03  1.87703e-02
 7.67639e-03  1.88956e-02
 7.61025e-03  1.87595e-02
 7.76124e-03  1.87703e-02

 7.00677e-03  1.93650e-02
 8.13582e-03  1.86303e-02
 8.06723e-03  1.87652e-02
 7.98466e-03  1.86383e-02
 8.13582e-03  1.86303e-02

 7.47656e-03  1.93650e-02
 8.48890e-03  1.85143e-02
 8.43724e-03  1.86566e-02
 8.33986e-03  1.85407e-02
 8.48890e-03  1.85143e-02

 7.94635e-03  1.93650e-02
 8.82322e-03  1.84275e-02
 8.78895e-03  1.85749e-02
 8.67840e-03  1.84715e-02
 8.82322e-03  1.84275e-02

 8.41615e-03  1.93650e-02
 9.14555e-03  1.83748e-02
 9.12875e-03  1.85252e-02
 9.00687e-03  1.84354e-02
 9.14555e-03  1.83748e-02

 8.88594e-03  1.93650e-02
 9.45705e-03  1.83630e-02
 9.45789e-03  1.85144e-02
 9.32639e-03  1.84394e-02
 9.45705e-03  1.83630e-02

 9.35573e-03  1.93650e-02
 9.77356e-03  1.83978e-02
 9.79106e-03  1.85481e-02
 9.65210e-03  1.84881e-02
 9.77356e-03  1.83978e-02

 9.82552e-03  1.93650e-02
 1.00837e-02  1.84898e-02
 1.01192e-02  1.86369e-02
 9.97401e-03  1.85941e-02
 1.00837e-02  1.84898e-02

 1.02953e-02  1.93650e-02
 1.04384e-02  1.86423e-02
 1.04872e-02  1.87856e-02
 1.03387e-02  1.87562e-02
 1.04384e-02  1.86423e-02

 1.07651e-02  1.93650e-02
 1.07651e-02  1.88975e-02
 1.08408e-02  1.90285e-02
 1.06894e-02  1.90285e-02
 1.07651e-02  1.88975e-02

 4.21823e-03  1.99350e-02
 5.67688e-03  2.01667e-02
 5.53554e-03  2.02209e-02
 5.55929e-03  2.00714e-02
 5.67688e-03  2.01667e-02

 4.68594e-03  1.99350e-02
 6.18530e-03  2.00104e-02
 6.05058e-03  2.00794e-02
 6.05818e-03  1.99282e-02
 6.18530e-03  2.00104e-02

 5.15365e-03  1.99350e-02
 6.66217e-03  1.98566e-02
 6.53518e-03  1.99390e-02
 6.52733e-03  1.97878e-02
 6.66217e-03  1.98566e-02

 5.62135e-03  1.99350e-02
 7.10732e-03  1.97091e-02
 6.98910e-03  1.98036e-02
 6.96635e-03  1.96540e-02
 7.10732e-03  1.97091e-02

 6.08906e-03  1.99350e-02
 7.52198e-03  1.95714e-02
 7.41353e-03  1.96770e-02
 7.37630e-03  1.95302e-02
 7.52198e-03  1.95714e-02

 6.55677e-03  1.99350e-02
 7.90765e-03  1.94466e-02
 7.81010e-03  1.95624e-02
 7.75863e-03  1.94200e-02
 7.90765e-03  1.94466e-02

 7.02448e-03  1.99350e-02
 8.26675e-03  1.93382e-02
 8.18136e-03  1.94632e-02
 8.11581e-03  1.93267e-02
 8.26675e-03  1.93382e-02

 7.49219e-03  1.99350e-02
 8.60315e-03  1.92493e-02
 8.53134e-03  1.93826e-02
 8.45184e-03  1.92538e-02
 8.60315e-03  1.92493e-02

 7.95990e-03  1.99350e-02
 8.91979e-03  1.91839e-02
 8.86319e-03  1.93243e-02
 8.76991e-03  1.92050e-02
 8.91979e-03  1.91839e-02

 8.42760e-03  1.99350e-02
 9.22432e-03  1.91458e-02
 9.18446e-03  1.92918e-02
 9.07793e-03  1.91843e-02
 9.22432e-03  1.91458e-02

 8.89531e-03  1.99350e-02
 9.51809e-03  1.91403e-02
 9.49680e-03  1.92902e-02
 9.37766e-03  1.91968e-02
 9.51809e-03  1.91403e-02

 9.36302e-03  1.99350e-02
 9.81812e-03  1.91722e-02
 9.81595e-03  1.93235e-02
 9.68596e-03  1.92460e-02
 9.81812e-03  1.91722e-02

 9.83073e-03  1.99350e-02
 1.01120e-02  1.92487e-02
 1.01323e-02  1.93987e-02
 9.99225e-03  1.93413e-02
 1.01120e-02  1.92487e-02

 1.02984e-02  1.99350e-02
 1.04546e-02  1.93735e-02
 1.04924e-02  1.95200e-02
 1.03465e-02  1.94795e-02
 1.04546e-02  1.93735e-02

 1.07661e-02  1.99350e-02
 1.07661e-02  1.95716e-02
 1.08418e-02  1.97027e-02
 1.06905e-02  1.97027e-02
 1.07661e-02  1.95716e-02

 4.24844e-03  2.05050e-02
 5.76498e-03  2.06554e-02
 5.62707e-03  2.07178e-02
 5.64200e-03  2.05671e-02
 5.76498e-03  2.06554e-02

 4.71406e-03  2.05050e-02
 6.26701e-03  2.05392e-02
 6.13429e-03  2.06120e-02
 6.13762e-03  2.04606e-02
 6.26701e-03  2.05392e-02

 5.17969e-03  2.05050e-02
 6.73597e-03  2.04257e-02
 6.60890e-03  2.05079e-02
 6.60120e-03  2.03568e-02
 6.73597e-03  2.04257e-02

 5.64531e-03  2.05050e-02
 7.17238e-03  2.03177e-02
 7.05148e-03  2.04088e-02
 7.03305e-03  2.02585e-02
 7.17238e-03  2.03177e-02

 6.11094e-03  2.05050e-02
 7.57746e-03  2.02177e-02
 7.46337e-03  2.03171e-02
 7.43426e-03  2.01686e-02
 7.57746e-03  2.02177e-02

 6.57656e-03  2.05050e-02
 7.95355e-03  2.01279e-02
 7.84710e-03  2.02355e-02
 7.80713e-03  2.00895e-02
 7.95355e-03  2.01279e-02

 7.04219e-03  2.05050e-02
 8.30323e-03  2.00507e-02
 8.20555e-03  2.01663e-02
 8.15424e-03  2.00239e-02
 8.30323e-03  2.00507e-02

 7.50781e-03  2.05050e-02
 8.63065e-03  1.99883e-02
 8.54321e-03  2.01118e-02
 8.47993e-03  1.99743e-02
 8.63065e-03  1.99883e-02

 7.97344e-03  2.05050e-02
 8.93939e-03  1.99433e-02
 8.86411e-03  2.00746e-02
 8.78802e-03  1.99438e-02
 8.93939e-03  1.99433e-02

 8.43906e-03  2.05050e-02
 9.23707e-03  1.99188e-02
 9.17623e-03  2.00574e-02
 9.08662e-03  1.99354e-02
 9.23707e-03  1.99188e-02

 8.90469e-03  2.05050e-02
 9.52535e-03  1.99182e-02
 9.48209e-03  2.00633e-02
 9.37810e-03  1.99533e-02
 9.52535e-03  1.99182e-02

 9.37031e-03  2.05050e-02
 9.82141e-03  1.99458e-02
 9.79801e-03  2.00954e-02
 9.68020e-03  2.00003e-02
 9.82141e-03  1.99458e-02

 9.83594e-03  2.05050e-02
 1.01132e-02  2.00054e-02
 1.01157e-02  2.01567e-02
 9.98339e-03  2.00833e-02
 1.01132e-02  2.00054e-02

 1.03016e-02  2.05050e-02
 1.04544e-02  2.01014e-02
 1.04788e-02  2.02508e-02
 1.03372e-02  2.01972e-02
 1.04544e-02  2.01014e-02

 1.07672e-02  2.05050e-02
 1.07672e-02  2.02429e-02
 1.08429e-02  2.03740e-02
 1.06915e-02  2.03740e-02
 1.07672e-02  2.02429e-02

 4.27865e-03  2.10750e-02
 5.71595e-03  2.11560e-02
 5.58081e-03  2.12242e-02
 5.58933e-03  2.10731e-02
 5.71595e-03  2.11560e-02

 4.74219e-03  2.10750e-02
 6.20765e-03  2.10843e-02
 6.07608e-03  2.11591e-02
 6.07704e-03  2.10078e-02
 6.20765e-03  2.10843e-02

 5.20573e-03  2.10750e-02
 6.66793e-03  2.10148e-02
 6.54007e-03  2.10958e-02
 6.53384e-03  2.09445e-02
 6.66793e-03  2.10148e-02

 5.66927e-03  2.10750e-02
 7.09765e-03  2.09491e-02
 6.97371e-03  2.10360e-02
 6.96042e-03  2.08852e-02
 7.09765e-03  2.09491e-02

 6.13281e-03  2.10750e-02
 7.49845e-03  2.08888e-02
 7.37878e-03  2.09815e-02
 7.35834e-03  2.08316e-02
 7.49845e-03  2.08888e-02

 6.59635e-03  2.10750e-02
 7.87276e-03  2.08352e-02
 7.75789e-03  2.09338e-02
 7.72995e-03  2.07850e-02
 7.87276e-03  2.08352e-02

 7.05990e-03  2.10750e-02
 8.22330e-03  2.07895e-02
 8.11403e-03  2.08943e-02
 8.07795e-03  2.07473e-02
 8.22330e-03  2.07895e-02

 7.52344e-03  2.10750e-02
 8.55425e-03  2.07531e-02
 8.45168e-03  2.08644e-02
 8.40656e-03  2.07199e-02
 8.55425e-03  2.07531e-02

 7.98698e-03  2.10750e-02
 8.86899e-03  2.07273e-02
 8.77479e-03  2.08458e-02
 8.71928e-03  2.07050e-02
 8.86899e-03  2.07273e-02

 8.45052e-03  2.10750e-02
 9.17489e-03  2.07144e-02
 9.09128e-03  2.08405e-02
 9.02382e-03  2.07050e-02
 9.17489e-03  2.07144e-02

 8.91406e-03  2.10750e-02
 9.47364e-03  2.07163e-02
 9.40413e-03  2.08507e-02
 9.32244e-03  2.07233e-02
 9.47364e-03  2.07163e-02

 9.37760e-03  2.10750e-02
 9.78122e-03  2.07364e-02
 9.72944e-03  2.08786e-02
 9.63215e-03  2.07627e-02
 9.78122e-03  2.07364e-02

 9.84115e-03  2.10750e-02
 1.00870e-02  2.07760e-02
 1.00622e-02  2.09253e-02
 9.94526e-03  2.08292e-02
 1.00870e-02  2.07760e-02

 1.03047e-02  2.10750e-02
 1.04398e-02  2.08404e-02
 1.04399e-02  2.09918e-02
 1.03088e-02  2.09163e-02
 1.04398e-02  2.08404e-02

 1.07682e-02  2.10750e-02
 1.07682e-02  2.09228e-02
 1.08439e-02  2.10539e-02
 1.06925e-02  2.10539e-02
 1.07682e-02  2.09228e-02

 4.30885e-03  2.16450e-02
 5.51896e-03  2.16692e-02
 5.38638e-03  2.17423e-02
 5.38941e-03  2.15910e-02
 5.51896e-03  2.16692e-02

 4.77031e-03  2.16450e-02
 5.99699e-03  2.16305e-02
 5.86680e-03  2.17077e-02
 5.86502e-03  2.15564e-02
 5.99699e-03  2.16305e-02

 5.23177e-03  2.16450e-02
 6.44876e-03  2.15934e-02
 6.32100e-03  2.16745e-02
 6.31458e-03  2.15233e-02
 6.44876e-03  2.15934e-02

 5.69323e-03  2.16450e-02
 6.87518e-03  2.15587e-02
 6.74995e-03  2.16437e-02
 6.73893e-03  2.14928e-02
 6.87518e-03  2.15587e-02

 6.15469e-03  2.16450e-02
 7.27798e-03  2.15272e-02
 7.15550e-03  2.16161e-02
 7.13971e-03  2.14656e-02
 7.27798e-03  2.15272e-02

 6.61615e-03  2.16450e-02
 7.65952e-03  2.14995e-02
 7.54014e-03  2.15926e-02
 7.51924e-03  2.14427e-02
 7.65952e-03  2.14995e-02

 7.07760e-03  2.16450e-02
 8.02229e-03  2.14763e-02
 7.90654e-03  2.15739e-02
 7.87993e-03  2.14248e-02
 8.02229e-03  2.14763e-02

 7.53906e-03  2.16450e-02
 8.36992e-03  2.14582e-02
 8.25862e-03  2.15608e-02
 8.22542e-03  2.14131e-02
 8.36992e-03  2.14582e-02

 8.00052e-03  2.16450e-02
 8.70513e-03  2.14458e-02
 8.59957e-03  2.15543e-02
 8.55839e-03  2.14087e-02
 8.70513e-03  2.14458e-02

 8.46198e-03  2.16450e-02
 9.03430e-03  2.14405e-02
 8.93633e-03  2.15558e-02
 8.88539e-03  2.14133e-02
 9.03430e-03  2.14405e-02

 8.92344e-03  2.16450e-02
 9.35887e-03  2.14429e-02
 9.27184e-03  2.15667e-02
 9.20811e-03  2.14294e-02
 9.35887e-03  2.14429e-02

 9.38490e-03  2.16450e-02
 9.69272e-03  2.14556e-02
 9.62074e-03  2.15888e-02
 9.54142e-03  2.14598e-02
 9.69272e-03  2.14556e-02

 9.84635e-03  2.16450e-02
 1.00277e-02  2.14779e-02
 9.98258e-03  2.16224e-02
 9.87999e-03  2.15111e-02
 1.00277e-02  2.14779e-02

 1.03078e-02  2.16450e-02
 1.04038e-02  2.15156e-02
 1.03865e-02  2.16659e-02
 1.02649e-02  2.15758e-02
 1.04038e-02  2.15156e-02

 1.07693e-02  2.16450e-02
 1.07693e-02  2.15573e-02
 1.08450e-02  2.16884e-02
 1.06936e-02  2.16884e-02
 1.07693e-02  2.15573e-02

 4.33906e-03  2.22150e-02
 5.07305e-03  2.22150e-02
 4.94196e-03  2.22907e-02
 4.94196e-03  2.21393e-02
 5.07305e-03  2.22150e-02

 4.79844e-03  2.22150e-02
 5.53930e-03  2.22150e-02
 5.40822e-03  2.22907e-02
 5.40822e-03  2.21393e-02
 5.53930e-03  2.22150e-02

 5.25781e-03  2.22150e-02
 5.98963e-03  2.22150e-02
 5.85855e-03  2.22907e-02
 5.85855e-03  2.21393e-02
 5.98963e-03  2.22150e-02

 5.71719e-03  2.22150e-02
 6.42497e-03  2.22150e-02
 6.29388e-03  2.22907e-02
 6.29388e-03  2.21393e-02
 6.42497e-03  2.22150e-02

 6.17656e-03  2.22150e-02
 6.84646e-03  2.22150e-02
 6.71537e-03  2.22907e-02
 6.71537e-03  2.21393e-02
 6.84646e-03  2.22150e-02

 6.63594e-03  2.22150e-02
 7.25563e-03  2.22150e-02
 7.12454e-03  2.22907e-02
 7.12454e-03  2.21393e-02
 7.25563e-03  2.22150e-02

 7.09531e-03  2.22150e-02
 7.65405e-03  2.22150e-02
 7.52297e-03  2.22907e-02
 7.52297e-03  2.21393e-02
 7.65405e-03  2.22150e-02

 7.55469e-03  2.22150e-02
 8.04403e-03  2.22150e-02
 7.91294e-03  2.22907e-02
 7.91294e-03  2.21393e-02
 8.04403e-03  2.22150e-02

 8.01406e-03  2.22150e-02
 8.42721e-03  2.22150e-02
 8.29612e-03  2.22907e-02
 8.29612e-03  2.21393e-02
 8.42721e-03  2.22150e-02

 8.47344e-03  2.22150e-02
 8.80750e-03  2.22150e-02
 8.67642e-03  2.22907e-02
 8.67642e-03  2.21393e-02
 8.80750e-03  2.22150e-02

 8.93281e-03  2.22150e-02
 9.18559e-03  2.22150e-02
 9.05450e-03  2.22907e-02
 9.05450e-03  2.21393e-02
 9.18559e-03  2.22150e-02

 9.39219e-03  2.22150e-02
 9.57013e-03  2.22150e-02
 9.43904e-03  2.22907e-02
 9.43904e-03  2.21393e-02
 9.57013e-03  2.22150e-02

 9.85156e-03  2.22150e-02
 9.95537e-03  2.22150e-02
 9.82428e-03  2.22907e-02
 9.82428e-03  2.21393e-02
 9.95537e-03  2.22150e-02

 1.03109e-02  2.22150e-02
 1.03665e-02  2.22150e-02
 1.02354e-02  2.22907e-02
 1.02354e-02  2.21393e-02
 1.03665e-02  2.22150e-02

 1.07703e-02  2.22150e-02
 1.07703e-02  2.22150e-02
 1.06392e-02  2.22907e-02
 1.06392e-02  2.21393e-02
 1.07703e-02  2.22150e-02

