#[ Fluid velocity 2D plot data file: flw.dat ]
 1.95313e-04  1.13850e-02
 1.95313e-04  1.13850e-02
 3.26400e-04  1.13093e-02
 3.26400e-04  1.14607e-02
 1.95312e-04  1.13850e-02

 5.85937e-04  1.13850e-02
 4.48163e-04  1.13850e-02
 5.79251e-04  1.13093e-02
 5.79251e-04  1.14607e-02
 4.48163e-04  1.13850e-02

 9.76562e-04  1.13850e-02
 7.96163e-04  1.13850e-02
 9.27251e-04  1.13093e-02
 9.27251e-04  1.14607e-02
 7.96163e-04  1.13850e-02

 1.36719e-03  1.13850e-02
 1.10385e-03  1.13850e-02
 1.23494e-03  1.13093e-02
 1.23494e-03  1.14607e-02
 1.10385e-03  1.13850e-02

 1.75781e-03  1.13850e-02
 1.43363e-03  1.13850e-02
 1.56472e-03  1.13093e-02
 1.56472e-03  1.14607e-02
 1.43363e-03  1.13850e-02

 2.14844e-03  1.13850e-02
 1.75939e-03  1.13850e-02
 1.89047e-03  1.13093e-02
 1.89047e-03  1.14607e-02
 1.75939e-03  1.13850e-02

 2.53906e-03  1.13850e-02
 2.09379e-03  1.13850e-02
 2.22487e-03  1.13093e-02
 2.22487e-03  1.14607e-02
 2.09379e-03  1.13850e-02

 2.92969e-03  1.13850e-02
 2.43258e-03  1.13850e-02
 2.56366e-03  1.13093e-02
 2.56366e-03  1.14607e-02
 2.43258e-03  1.13850e-02

 3.32031e-03  1.13850e-02
 2.77880e-03  1.13850e-02
 2.90989e-03  1.13093e-02
 2.90989e-03  1.14607e-02
 2.77880e-03  1.13850e-02

 1.97049e-04  1.19550e-02
 1.97049e-04  1.21935e-02
 1.21365e-04  1.20624e-02
 2.72732e-04  1.20624e-02
 1.97049e-04  1.21935e-02

 5.91146e-04  1.19550e-02
 3.75175e-04  1.21723e-02
 4.13913e-04  1.20259e-02
 5.21266e-04  1.21327e-02
 3.75175e-04  1.21723e-02

 9.85243e-04  1.19550e-02
 6.92689e-04  1.21687e-02
 7.53908e-04  1.20302e-02
 8.43186e-04  1.21525e-02
 6.92689e-04  1.21687e-02

 1.37934e-03  1.19550e-02
 9.52130e-04  1.21588e-02
 1.03787e-03  1.20340e-02
 1.10303e-03  1.21706e-02
 9.52130e-04  1.21588e-02

 1.77344e-03  1.19550e-02
 1.24490e-03  1.21490e-02
 1.34188e-03  1.20328e-02
 1.39404e-03  1.21749e-02
 1.24490e-03  1.21490e-02

 2.16753e-03  1.19550e-02
 1.53320e-03  1.21357e-02
 1.63854e-03  1.20270e-02
 1.68001e-03  1.21726e-02
 1.53320e-03  1.21357e-02

 2.56163e-03  1.19550e-02
 1.83587e-03  1.21202e-02
 1.94689e-03  1.20173e-02
 1.98049e-03  1.21649e-02
 1.83587e-03  1.21202e-02

 2.95573e-03  1.19550e-02
 2.14682e-03  1.21021e-02
 2.26226e-03  1.20042e-02
 2.28934e-03  1.21531e-02
 2.14682e-03  1.21021e-02

 3.34983e-03  1.19550e-02
 2.47069e-03  1.20818e-02
 2.58963e-03  1.19882e-02
 2.61124e-03  1.21380e-02
 2.47069e-03  1.20818e-02

 1.98785e-04  1.25250e-02
 1.98785e-04  1.29259e-02
 1.23101e-04  1.27948e-02
 2.74468e-04  1.27948e-02
 1.98785e-04  1.29259e-02

 5.96354e-04  1.25250e-02
 3.43102e-04  1.29112e-02
 3.51689e-04  1.27601e-02
 4.78272e-04  1.28431e-02
 3.43102e-04  1.29112e-02

 9.93924e-04  1.25250e-02
 6.42268e-04  1.29002e-02
 6.76686e-04  1.27528e-02
 7.87131e-04  1.28563e-02
 6.42268e-04  1.29002e-02

 1.39149e-03  1.25250e-02
 8.76475e-04  1.28837e-02
 9.40796e-04  1.27466e-02
 1.02730e-03  1.28709e-02
 8.76475e-04  1.28837e-02

 1.78906e-03  1.25250e-02
 1.14942e-03  1.28629e-02
 1.22999e-03  1.27347e-02
 1.30068e-03  1.28686e-02
 1.14942e-03  1.28629e-02

 2.18663e-03  1.25250e-02
 1.41897e-03  1.28367e-02
 1.51196e-03  1.27173e-02
 1.56890e-03  1.28575e-02
 1.41897e-03  1.28367e-02

 2.58420e-03  1.25250e-02
 1.70658e-03  1.28057e-02
 1.80837e-03  1.26937e-02
 1.85449e-03  1.28379e-02
 1.70658e-03  1.28057e-02

 2.98177e-03  1.25250e-02
 2.00553e-03  1.27702e-02
 2.11423e-03  1.26649e-02
 2.15110e-03  1.28117e-02
 2.00553e-03  1.27702e-02

 3.37934e-03  1.25250e-02
 2.32098e-03  1.27307e-02
 2.43522e-03  1.26314e-02
 2.46410e-03  1.27800e-02
 2.32098e-03  1.27307e-02

 2.00521e-04  1.30950e-02
 2.00521e-04  1.37366e-02
 1.24837e-04  1.36055e-02
 2.76204e-04  1.36055e-02
 2.00521e-04  1.37366e-02

 6.01563e-04  1.30950e-02
 3.31751e-04  1.37288e-02
 3.13462e-04  1.35785e-02
 4.52734e-04  1.36378e-02
 3.31751e-04  1.37288e-02

 1.00260e-03  1.30950e-02
 6.25806e-04  1.37096e-02
 6.29800e-04  1.35583e-02
 7.58845e-04  1.36374e-02
 6.25806e-04  1.37096e-02

 1.40365e-03  1.30950e-02
 8.50680e-04  1.36831e-02
 8.85339e-04  1.35357e-02
 9.95614e-04  1.36394e-02
 8.50680e-04  1.36831e-02

 1.80469e-03  1.30950e-02
 1.11705e-03  1.36466e-02
 1.17195e-03  1.35055e-02
 1.26666e-03  1.36236e-02
 1.11705e-03  1.36466e-02

 2.20573e-03  1.30950e-02
 1.38048e-03  1.36016e-02
 1.45260e-03  1.34685e-02
 1.53179e-03  1.35975e-02
 1.38048e-03  1.36016e-02

 2.60677e-03  1.30950e-02
 1.66406e-03  1.35482e-02
 1.74941e-03  1.34232e-02
 1.81499e-03  1.35596e-02
 1.66406e-03  1.35482e-02

 3.00781e-03  1.30950e-02
 1.96050e-03  1.34876e-02
 2.05668e-03  1.33708e-02
 2.10982e-03  1.35125e-02
 1.96050e-03  1.34876e-02

 3.40885e-03  1.30950e-02
 2.27565e-03  1.34207e-02
 2.38072e-03  1.33118e-02
 2.42254e-03  1.34573e-02
 2.27565e-03  1.34207e-02

 2.02257e-04  1.36650e-02
 2.02257e-04  1.45177e-02
 1.26573e-04  1.43866e-02
 2.77940e-04  1.43866e-02
 2.02257e-04  1.45177e-02

 6.06771e-04  1.36650e-02
 3.42598e-04  1.45196e-02
 3.09003e-04  1.43720e-02
 4.53619e-04  1.44167e-02
 3.42598e-04  1.45196e-02

 1.01128e-03  1.36650e-02
 6.41836e-04  1.44934e-02
 6.26106e-04  1.43429e-02
 7.64349e-04  1.44045e-02
 6.41836e-04  1.44934e-02

 1.41580e-03  1.36650e-02
 8.72611e-04  1.44580e-02
 8.84250e-04  1.43071e-02
 1.00913e-03  1.43926e-02
 8.72611e-04  1.44580e-02

 1.82031e-03  1.36650e-02
 1.14451e-03  1.44061e-02
 1.17692e-03  1.42582e-02
 1.28876e-03  1.43602e-02
 1.14451e-03  1.44061e-02

 2.22483e-03  1.36650e-02
 1.41373e-03  1.43425e-02
 1.46582e-03  1.42004e-02
 1.56285e-03  1.43165e-02
 1.41373e-03  1.43425e-02

 2.62934e-03  1.36650e-02
 1.70343e-03  1.42669e-02
 1.77209e-03  1.41320e-02
 1.85458e-03  1.42589e-02
 1.70343e-03  1.42669e-02

 3.03385e-03  1.36650e-02
 2.00645e-03  1.41815e-02
 2.08957e-03  1.40550e-02
 2.15757e-03  1.41903e-02
 2.00645e-03  1.41815e-02

 3.43837e-03  1.36650e-02
 2.32839e-03  1.40878e-02
 2.42396e-03  1.39704e-02
 2.47784e-03  1.41118e-02
 2.32839e-03  1.40878e-02

 2.03993e-04  1.42350e-02
 2.03993e-04  1.52997e-02
 1.28310e-04  1.51686e-02
 2.79677e-04  1.51686e-02
 2.03993e-04  1.52997e-02

 6.11979e-04  1.42350e-02
 3.70746e-04  1.53104e-02
 3.25590e-04  1.51659e-02
 4.73287e-04  1.51990e-02
 3.70746e-04  1.53104e-02

 1.01997e-03  1.42350e-02
 6.82788e-04  1.52777e-02
 6.51110e-04  1.51297e-02
 7.95133e-04  1.51762e-02
 6.82788e-04  1.52777e-02

 1.42795e-03  1.42350e-02
 9.31483e-04  1.52333e-02
 9.22091e-04  1.50822e-02
 1.05762e-03  1.51496e-02
 9.31483e-04  1.52333e-02

 1.83594e-03  1.42350e-02
 1.21818e-03  1.51658e-02
 1.22761e-03  1.50147e-02
 1.35373e-03  1.50984e-02
 1.21818e-03  1.51658e-02

 2.24392e-03  1.42350e-02
 1.50240e-03  1.50830e-02
 1.53171e-03  1.49345e-02
 1.64566e-03  1.50342e-02
 1.50240e-03  1.50830e-02

 2.65191e-03  1.42350e-02
 1.80577e-03  1.49846e-02
 1.85370e-03  1.48411e-02
 1.95408e-03  1.49544e-02
 1.80577e-03  1.49846e-02

 3.05990e-03  1.42350e-02
 2.12172e-03  1.48740e-02
 2.18746e-03  1.47376e-02
 2.27267e-03  1.48627e-02
 2.12172e-03  1.48740e-02

 3.46788e-03  1.42350e-02
 2.45546e-03  1.47528e-02
 2.53771e-03  1.46257e-02
 2.60664e-03  1.47605e-02
 2.45546e-03  1.47528e-02

 2.05729e-04  1.48050e-02
 2.05729e-04  1.60470e-02
 1.30046e-04  1.59159e-02
 2.81413e-04  1.59159e-02
 2.05729e-04  1.60470e-02

 6.17187e-04  1.48050e-02
 4.13924e-04  1.60653e-02
 3.60079e-04  1.59238e-02
 5.09515e-04  1.59479e-02
 4.13924e-04  1.60653e-02

 1.02865e-03  1.48050e-02
 7.44818e-04  1.60273e-02
 7.00747e-04  1.58825e-02
 8.48191e-04  1.59167e-02
 7.44818e-04  1.60273e-02

 1.44010e-03  1.48050e-02
 1.02151e-03  1.59751e-02
 9.94400e-04  1.58262e-02
 1.13692e-03  1.58772e-02
 1.02151e-03  1.59751e-02

 1.85156e-03  1.48050e-02
 1.33056e-03  1.58939e-02
 1.31886e-03  1.57430e-02
 1.45541e-03  1.58083e-02
 1.33056e-03  1.58939e-02

 2.26302e-03  1.48050e-02
 1.63738e-03  1.57943e-02
 1.64348e-03  1.56430e-02
 1.77141e-03  1.57239e-02
 1.63738e-03  1.57943e-02

 2.67448e-03  1.48050e-02
 1.96069e-03  1.56756e-02
 1.98527e-03  1.55262e-02
 2.10233e-03  1.56222e-02
 1.96069e-03  1.56756e-02

 3.08594e-03  1.48050e-02
 2.29474e-03  1.55423e-02
 2.33904e-03  1.53976e-02
 2.44224e-03  1.55083e-02
 2.29474e-03  1.55423e-02

 3.49740e-03  1.48050e-02
 2.64429e-03  1.53968e-02
 2.70887e-03  1.52599e-02
 2.79514e-03  1.53842e-02
 2.64429e-03  1.53968e-02

 2.07465e-04  1.53750e-02
 2.07465e-04  1.67612e-02
 1.31782e-04  1.66301e-02
 2.83149e-04  1.66301e-02
 2.07465e-04  1.67612e-02

 6.22396e-04  1.53750e-02
 4.68448e-04  1.67854e-02
 4.07436e-04  1.66468e-02
 5.57909e-04  1.66633e-02
 4.68448e-04  1.67854e-02

 1.03733e-03  1.53750e-02
 8.22499e-04  1.67434e-02
 7.68062e-04  1.66021e-02
 9.17598e-04  1.66256e-02
 8.22499e-04  1.67434e-02

 1.45226e-03  1.53750e-02
 1.13473e-03  1.66848e-02
 1.09207e-03  1.65395e-02
 1.23917e-03  1.65752e-02
 1.13473e-03  1.66848e-02

 1.86719e-03  1.53750e-02
 1.47171e-03  1.65921e-02
 1.44024e-03  1.64441e-02
 1.58420e-03  1.64909e-02
 1.47171e-03  1.65921e-02

 2.28212e-03  1.53750e-02
 1.80678e-03  1.64782e-02
 1.78914e-03  1.63279e-02
 1.92816e-03  1.63878e-02
 1.80678e-03  1.64782e-02

 2.69705e-03  1.53750e-02
 2.15458e-03  1.63423e-02
 2.15269e-03  1.61910e-02
 2.28471e-03  1.62650e-02
 2.15458e-03  1.63423e-02

 3.11198e-03  1.53750e-02
 2.51070e-03  1.61899e-02
 2.52764e-03  1.60395e-02
 2.64943e-03  1.61293e-02
 2.51070e-03  1.61899e-02

 3.52691e-03  1.53750e-02
 2.87885e-03  1.60236e-02
 2.91796e-03  1.58774e-02
 3.02504e-03  1.59844e-02
 2.87885e-03  1.60236e-02

 2.09201e-04  1.59450e-02
 2.09201e-04  1.74295e-02
 1.33518e-04  1.72984e-02
 2.84885e-04  1.72984e-02
 2.09201e-04  1.74295e-02

 6.27604e-04  1.59450e-02
 5.31267e-04  1.74575e-02
 4.64069e-04  1.73219e-02
 6.15130e-04  1.73315e-02
 5.31267e-04  1.74575e-02

 1.04601e-03  1.59450e-02
 9.11495e-04  1.74132e-02
 8.48087e-04  1.72757e-02
 9.98822e-04  1.72895e-02
 9.11495e-04  1.74132e-02

 1.46441e-03  1.59450e-02
 1.26483e-03  1.73499e-02
 1.20834e-03  1.72095e-02
 1.35820e-03  1.72308e-02
 1.26483e-03  1.73499e-02

 1.88281e-03  1.59450e-02
 1.63375e-03  1.72490e-02
 1.58401e-03  1.71061e-02
 1.73269e-03  1.71345e-02
 1.63375e-03  1.72490e-02

 2.30122e-03  1.59450e-02
 2.00129e-03  1.71245e-02
 1.96024e-03  1.69788e-02
 2.10694e-03  1.70161e-02
 2.00129e-03  1.71245e-02

 2.71962e-03  1.59450e-02
 2.37698e-03  1.69758e-02
 2.34651e-03  1.68275e-02
 2.49015e-03  1.68753e-02
 2.37698e-03  1.69758e-02

 3.13802e-03  1.59450e-02
 2.75805e-03  1.68091e-02
 2.74154e-03  1.66586e-02
 2.88010e-03  1.67195e-02
 2.75805e-03  1.68091e-02

 3.55642e-03  1.59450e-02
 3.14698e-03  1.66274e-02
 3.14953e-03  1.64760e-02
 3.27933e-03  1.65539e-02
 3.14698e-03  1.66274e-02

 2.10937e-04  1.65150e-02
 2.10937e-04  1.80502e-02
 1.35254e-04  1.79191e-02
 2.86621e-04  1.79191e-02
 2.10938e-04  1.80502e-02

 6.32812e-04  1.65150e-02
 5.99101e-04  1.80802e-02
 5.26258e-04  1.79475e-02
 6.77589e-04  1.79508e-02
 5.99101e-04  1.80802e-02

 1.05469e-03  1.65150e-02
 1.00724e-03  1.80350e-02
 9.35687e-04  1.79016e-02
 1.08698e-03  1.79063e-02
 1.00724e-03  1.80350e-02

 1.47656e-03  1.65150e-02
 1.40515e-03  1.79690e-02
 1.33599e-03  1.78344e-02
 1.48717e-03  1.78418e-02
 1.40515e-03  1.79690e-02

 1.89844e-03  1.65150e-02
 1.80853e-03  1.78632e-02
 1.74174e-03  1.77274e-02
 1.89277e-03  1.77375e-02
 1.80853e-03  1.78632e-02

 2.32031e-03  1.65150e-02
 2.21121e-03  1.77322e-02
 2.14754e-03  1.75949e-02
 2.29830e-03  1.76084e-02
 2.21121e-03  1.77322e-02

 2.74219e-03  1.65150e-02
 2.61699e-03  1.75756e-02
 2.55720e-03  1.74365e-02
 2.70752e-03  1.74542e-02
 2.61699e-03  1.75756e-02

 3.16406e-03  1.65150e-02
 3.02493e-03  1.73999e-02
 2.97052e-03  1.72586e-02
 3.12005e-03  1.72822e-02
 3.02493e-03  1.73999e-02

 3.58594e-03  1.65150e-02
 3.43607e-03  1.72086e-02
 3.38978e-03  1.70644e-02
 3.53773e-03  1.70964e-02
 3.43607e-03  1.72086e-02

 2.12674e-04  1.70850e-02
 2.12674e-04  1.86200e-02
 1.36990e-04  1.84889e-02
 2.88357e-04  1.84889e-02
 2.12674e-04  1.86200e-02

 6.38021e-04  1.70850e-02
 6.69025e-04  1.86502e-02
 5.90761e-04  1.85206e-02
 7.42098e-04  1.85176e-02
 6.69025e-04  1.86502e-02

 1.06337e-03  1.70850e-02
 1.10577e-03  1.86056e-02
 1.02647e-03  1.84766e-02
 1.17777e-03  1.84724e-02
 1.10577e-03  1.86056e-02

 1.48872e-03  1.70850e-02
 1.54987e-03  1.85388e-02
 1.46874e-03  1.84110e-02
 1.61997e-03  1.84047e-02
 1.54987e-03  1.85388e-02

 1.91406e-03  1.70850e-02
 1.98889e-03  1.84317e-02
 1.90605e-03  1.83050e-02
 2.05718e-03  1.82966e-02
 1.98889e-03  1.84317e-02

 2.33941e-03  1.70850e-02
 2.42805e-03  1.82985e-02
 2.34302e-03  1.81733e-02
 2.49398e-03  1.81623e-02
 2.42805e-03  1.82985e-02

 2.76476e-03  1.70850e-02
 2.86503e-03  1.81391e-02
 2.77727e-03  1.80158e-02
 2.92796e-03  1.80015e-02
 2.86503e-03  1.81391e-02

 3.19010e-03  1.70850e-02
 3.30080e-03  1.79603e-02
 3.20927e-03  1.78397e-02
 3.35944e-03  1.78207e-02
 3.30080e-03  1.79603e-02

 3.61545e-03  1.70850e-02
 3.73490e-03  1.77656e-02
 3.63769e-03  1.76496e-02
 3.78678e-03  1.76234e-02
 3.73490e-03  1.77656e-02

 2.14410e-04  1.76550e-02
 2.14410e-04  1.91395e-02
 1.38726e-04  1.90084e-02
 2.90093e-04  1.90084e-02
 2.14410e-04  1.91395e-02

 6.43229e-04  1.76550e-02
 7.38091e-04  1.91681e-02
 6.54353e-04  1.90420e-02
 8.05424e-04  1.90325e-02
 7.38091e-04  1.91681e-02

 1.07205e-03  1.76550e-02
 1.20309e-03  1.91252e-02
 1.11606e-03  1.90013e-02
 1.26683e-03  1.89879e-02
 1.20309e-03  1.91252e-02

 1.50087e-03  1.76550e-02
 1.69309e-03  1.90596e-02
 1.60033e-03  1.89400e-02
 1.75030e-03  1.89195e-02
 1.69309e-03  1.90596e-02

 1.92969e-03  1.76550e-02
 2.16754e-03  1.89546e-02
 2.06949e-03  1.88392e-02
 2.21838e-03  1.88120e-02
 2.16754e-03  1.89546e-02

 2.35851e-03  1.76550e-02
 2.64308e-03  1.88236e-02
 2.53853e-03  1.87141e-02
 2.68560e-03  1.86783e-02
 2.64308e-03  1.88236e-02

 2.78733e-03  1.76550e-02
 3.11116e-03  1.86668e-02
 2.99912e-03  1.85650e-02
 3.14328e-03  1.85189e-02
 3.11116e-03  1.86668e-02

 3.21615e-03  1.76550e-02
 3.57467e-03  1.84908e-02
 3.45344e-03  1.84001e-02
 3.59255e-03  1.83405e-02
 3.57467e-03  1.84908e-02

 3.64497e-03  1.76550e-02
 4.03156e-03  1.82993e-02
 3.89922e-03  1.82259e-02
 4.02901e-03  1.81480e-02
 4.03156e-03  1.82993e-02

 2.16146e-04  1.82250e-02
 2.16146e-04  1.96121e-02
 1.40462e-04  1.94810e-02
 2.91829e-04  1.94810e-02
 2.16146e-04  1.96121e-02

 6.48438e-04  1.82250e-02
 8.03642e-04  1.96369e-02
 7.14087e-04  1.95148e-02
 8.64548e-04  1.94983e-02
 8.03642e-04  1.96369e-02

 1.08073e-03  1.82250e-02
 1.29562e-03  1.95968e-02
 1.20056e-03  1.94790e-02
 1.35010e-03  1.94555e-02
 1.29562e-03  1.95968e-02

 1.51302e-03  1.82250e-02
 1.82949e-03  1.95340e-02
 1.72512e-03  1.94244e-02
 1.87225e-03  1.93888e-02
 1.82949e-03  1.95340e-02

 1.94531e-03  1.82250e-02
 2.33781e-03  1.94343e-02
 2.22536e-03  1.93330e-02
 2.36933e-03  1.92863e-02
 2.33781e-03  1.94343e-02

 2.37760e-03  1.82250e-02
 2.84817e-03  1.93097e-02
 2.72656e-03  1.92196e-02
 2.86543e-03  1.91593e-02
 2.84817e-03  1.93097e-02

 2.80990e-03  1.82250e-02
 3.34596e-03  1.91605e-02
 3.21512e-03  1.90844e-02
 3.34646e-03  1.90092e-02
 3.34596e-03  1.91605e-02

 3.24219e-03  1.82250e-02
 3.83590e-03  1.89931e-02
 3.69585e-03  1.89357e-02
 3.81561e-03  1.88431e-02
 3.83590e-03  1.89931e-02

 3.67448e-03  1.82250e-02
 4.31436e-03  1.88112e-02
 4.16658e-03  1.87784e-02
 4.26882e-03  1.86668e-02
 4.31436e-03  1.88112e-02

 2.17882e-04  1.87950e-02
 2.17882e-04  2.00398e-02
 1.42198e-04  1.99087e-02
 2.93565e-04  1.99087e-02
 2.17882e-04  2.00398e-02

 6.53646e-04  1.87950e-02
 8.62631e-04  2.00591e-02
 7.66579e-04  1.99421e-02
 9.15918e-04  1.99174e-02
 8.62631e-04  2.00591e-02

 1.08941e-03  1.87950e-02
 1.37919e-03  2.00227e-02
 1.27542e-03  1.99125e-02
 1.42274e-03  1.98777e-02
 1.37919e-03  2.00227e-02

 1.52517e-03  1.87950e-02
 1.95276e-03  1.99645e-02
 1.83667e-03  1.98674e-02
 1.97883e-03  1.98154e-02
 1.95276e-03  1.99645e-02

 1.96094e-03  1.87950e-02
 2.49177e-03  1.98734e-02
 2.36598e-03  1.97892e-02
 2.50178e-03  1.97224e-02
 2.49177e-03  1.98734e-02

 2.39670e-03  1.87950e-02
 3.03356e-03  1.97593e-02
 2.89817e-03  1.96916e-02
 3.02447e-03  1.96082e-02
 3.03356e-03  1.97593e-02

 2.83247e-03  1.87950e-02
 3.55809e-03  1.96230e-02
 3.41477e-03  1.95743e-02
 3.52861e-03  1.94745e-02
 3.55809e-03  1.96230e-02

 3.26823e-03  1.87950e-02
 4.07168e-03  1.94700e-02
 3.92263e-03  1.94436e-02
 4.02000e-03  1.93277e-02
 4.07168e-03  1.94700e-02

 3.70399e-03  1.87950e-02
 4.56921e-03  1.93040e-02
 4.41784e-03  1.93027e-02
 4.49459e-03  1.91723e-02
 4.56921e-03  1.93040e-02

 2.19618e-04  1.93650e-02
 2.19618e-04  2.04338e-02
 1.43935e-04  2.03027e-02
 2.95302e-04  2.03027e-02
 2.19618e-04  2.04338e-02

 6.58854e-04  1.93650e-02
 9.12507e-04  2.04454e-02
 8.08865e-04  2.03351e-02
 9.56225e-04  2.03005e-02
 9.12507e-04  2.04454e-02

 1.09809e-03  1.93650e-02
 1.45022e-03  2.04134e-02
 1.33673e-03  2.03132e-02
 1.48022e-03  2.02650e-02
 1.45022e-03  2.04134e-02

 1.53733e-03  1.93650e-02
 2.05729e-03  2.03610e-02
 1.92954e-03  2.02798e-02
 2.06372e-03  2.02098e-02
 2.05729e-03  2.03610e-02

 1.97656e-03  1.93650e-02
 2.62212e-03  2.02811e-02
 2.48474e-03  2.02175e-02
 2.60847e-03  2.01303e-02
 2.62212e-03  2.02811e-02

 2.41580e-03  1.93650e-02
 3.19012e-03  2.01807e-02
 3.04498e-03  2.01377e-02
 3.15476e-03  2.00335e-02
 3.19012e-03  2.01807e-02

 2.85503e-03  1.93650e-02
 3.73675e-03  2.00613e-02
 3.58697e-03  2.00395e-02
 3.68078e-03  1.99207e-02
 3.73675e-03  2.00613e-02

 3.29427e-03  1.93650e-02
 4.26960e-03  1.99275e-02
 4.11824e-03  1.99276e-02
 4.19386e-03  1.97964e-02
 4.26960e-03  1.99275e-02

 3.73351e-03  1.93650e-02
 4.78240e-03  1.97826e-02
 4.63262e-03  1.98044e-02
 4.68861e-03  1.96638e-02
 4.78240e-03  1.97826e-02

 2.21354e-04  1.99350e-02
 2.21354e-04  2.07943e-02
 1.45671e-04  2.06632e-02
 2.97038e-04  2.06632e-02
 2.21354e-04  2.07943e-02

 6.64062e-04  1.99350e-02
 9.48965e-04  2.07970e-02
 8.35966e-04  2.06962e-02
 9.79686e-04  2.06487e-02
 9.48965e-04  2.07970e-02

 1.10677e-03  1.99350e-02
 1.50241e-03  2.07704e-02
 1.37790e-03  2.06843e-02
 1.51470e-03  2.06195e-02
 1.50241e-03  2.07704e-02

 1.54948e-03  1.99350e-02
 2.13366e-03  2.07259e-02
 1.99490e-03  2.06654e-02
 2.11665e-03  2.05755e-02
 2.13366e-03  2.07259e-02

 1.99219e-03  1.99350e-02
 2.71687e-03  2.06604e-02
 2.57068e-03  2.06211e-02
 2.67776e-03  2.05141e-02
 2.71687e-03  2.06604e-02

 2.43490e-03  1.99350e-02
 3.30336e-03  2.05779e-02
 3.15297e-03  2.05607e-02
 3.24303e-03  2.04390e-02
 3.30336e-03  2.05779e-02

 2.87760e-03  1.99350e-02
 3.86520e-03  2.04802e-02
 3.71386e-03  2.04831e-02
 3.78701e-03  2.03506e-02
 3.86520e-03  2.04802e-02

 3.32031e-03  1.99350e-02
 4.41106e-03  2.03708e-02
 4.26125e-03  2.03924e-02
 4.31741e-03  2.02519e-02
 4.41106e-03  2.03708e-02

 3.76302e-03  1.99350e-02
 4.93369e-03  2.02527e-02
 4.78736e-03  2.02914e-02
 4.82700e-03  2.01453e-02
 4.93369e-03  2.02527e-02

 2.23090e-04  2.05050e-02
 2.23090e-04  2.11496e-02
 1.47407e-04  2.10185e-02
 2.98774e-04  2.10185e-02
 2.23090e-04  2.11496e-02

 6.69271e-04  2.05050e-02
 9.69757e-04  2.11412e-02
 8.45337e-04  2.10550e-02
 9.82204e-04  2.09903e-02
 9.69757e-04  2.11412e-02

 1.11545e-03  2.05050e-02
 1.53167e-03  2.11208e-02
 1.39555e-03  2.10546e-02
 1.52096e-03  2.09698e-02
 1.53167e-03  2.11208e-02

 1.56163e-03  2.05050e-02
 2.17530e-03  2.10846e-02
 2.02804e-03  2.10496e-02
 2.13197e-03  2.09395e-02
 2.17530e-03  2.10846e-02

 2.00781e-03  2.05050e-02
 2.76737e-03  2.10344e-02
 2.61655e-03  2.10215e-02
 2.70310e-03  2.08974e-02
 2.76737e-03  2.10344e-02

 2.45399e-03  2.05050e-02
 3.36250e-03  2.09709e-02
 3.21132e-03  2.09784e-02
 3.28038e-03  2.08437e-02
 3.36250e-03  2.09709e-02

 2.90017e-03  2.05050e-02
 3.93091e-03  2.08962e-02
 3.78149e-03  2.09205e-02
 3.83521e-03  2.07789e-02
 3.93091e-03  2.08962e-02

 3.34635e-03  2.05050e-02
 4.48198e-03  2.08127e-02
 4.33567e-03  2.08515e-02
 4.37525e-03  2.07054e-02
 4.48198e-03  2.08127e-02

 3.79253e-03  2.05050e-02
 5.00786e-03  2.07229e-02
 4.86547e-03  2.07743e-02
 4.89219e-03  2.06253e-02
 5.00786e-03  2.07229e-02

 2.24826e-04  2.10750e-02
 2.24826e-04  2.14808e-02
 1.49143e-04  2.13497e-02
 3.00510e-04  2.13497e-02
 2.24826e-04  2.14808e-02

 6.74479e-04  2.10750e-02
 9.66231e-04  2.14651e-02
 8.27109e-04  2.14054e-02
 9.48321e-04  2.13148e-02
 9.66231e-04  2.14651e-02

 1.12413e-03  2.10750e-02
 1.52513e-03  2.14531e-02
 1.37783e-03  2.14183e-02
 1.48168e-03  2.13081e-02
 1.52513e-03  2.14531e-02

 1.57378e-03  2.10750e-02
 2.16390e-03  2.14287e-02
 2.01255e-03  2.14262e-02
 2.09037e-03  2.12964e-02
 2.16390e-03  2.14287e-02

 2.02344e-03  2.10750e-02
 2.75101e-03  2.13974e-02
 2.60050e-03  2.14134e-02
 2.66181e-03  2.12751e-02
 2.75101e-03  2.13974e-02

 2.47309e-03  2.10750e-02
 3.34126e-03  2.13569e-02
 3.19320e-03  2.13884e-02
 3.23995e-03  2.12444e-02
 3.34126e-03  2.13569e-02

 2.92274e-03  2.10750e-02
 3.90474e-03  2.13097e-02
 3.75964e-03  2.13529e-02
 3.79484e-03  2.12057e-02
 3.90474e-03  2.13097e-02

 3.37240e-03  2.10750e-02
 4.45111e-03  2.12569e-02
 4.30926e-03  2.13098e-02
 4.33444e-03  2.11605e-02
 4.45111e-03  2.12569e-02

 3.82205e-03  2.10750e-02
 4.97274e-03  2.12004e-02
 4.83422e-03  2.12614e-02
 4.85062e-03  2.11110e-02
 4.97274e-03  2.12004e-02

 2.26562e-04  2.16450e-02
 2.26562e-04  2.18701e-02
 1.50879e-04  2.17390e-02
 3.02246e-04  2.17390e-02
 2.26563e-04  2.18701e-02

 6.79687e-04  2.16450e-02
 9.39062e-04  2.18449e-02
 7.89033e-04  2.18248e-02
 8.81434e-04  2.17049e-02
 9.39062e-04  2.18449e-02

 1.13281e-03  2.16450e-02
 1.47950e-03  2.18417e-02
 1.32813e-03  2.18428e-02
 1.40282e-03  2.17112e-02
 1.47950e-03  2.18417e-02

 1.58594e-03  2.16450e-02
 2.09514e-03  2.18252e-02
 1.94631e-03  2.18529e-02
 1.99682e-03  2.17102e-02
 2.09514e-03  2.18252e-02

 2.03906e-03  2.16450e-02
 2.66236e-03  2.18084e-02
 2.51637e-03  2.18484e-02
 2.55475e-03  2.17020e-02
 2.66236e-03  2.18084e-02

 2.49219e-03  2.16450e-02
 3.23364e-03  2.17848e-02
 3.09080e-03  2.18349e-02
 3.11885e-03  2.16861e-02
 3.23364e-03  2.17848e-02

 2.94531e-03  2.16450e-02
 3.78040e-03  2.17581e-02
 3.64034e-03  2.18155e-02
 3.66066e-03  2.16655e-02
 3.78040e-03  2.17581e-02

 3.39844e-03  2.16450e-02
 4.31224e-03  2.17280e-02
 4.17484e-03  2.17915e-02
 4.18853e-03  2.16408e-02
 4.31224e-03  2.17280e-02

 3.85156e-03  2.16450e-02
 4.82190e-03  2.16961e-02
 4.68702e-03  2.17647e-02
 4.69497e-03  2.16136e-02
 4.82190e-03  2.16961e-02

 2.28299e-04  2.22150e-02
 2.28299e-04  2.22150e-02
 9.72110e-05  2.22907e-02
 9.72110e-05  2.21393e-02
 2.28299e-04  2.22150e-02

 6.84896e-04  2.22150e-02
 8.56644e-04  2.22150e-02
 7.25557e-04  2.22907e-02
 7.25557e-04  2.21393e-02
 8.56644e-04  2.22150e-02

 1.14149e-03  2.22150e-02
 1.36188e-03  2.22150e-02
 1.23080e-03  2.22907e-02
 1.23080e-03  2.21393e-02
 1.36188e-03  2.22150e-02

 1.59809e-03  2.22150e-02
 1.92204e-03  2.22150e-02
 1.79095e-03  2.22907e-02
 1.79095e-03  2.21393e-02
 1.92204e-03  2.22150e-02

 2.05469e-03  2.22150e-02
 2.44763e-03  2.22150e-02
 2.31654e-03  2.22907e-02
 2.31654e-03  2.21393e-02
 2.44763e-03  2.22150e-02

 2.51128e-03  2.22150e-02
 2.97734e-03  2.22150e-02
 2.84626e-03  2.22907e-02
 2.84626e-03  2.21393e-02
 2.97734e-03  2.22150e-02

 2.96788e-03  2.22150e-02
 3.49048e-03  2.22150e-02
 3.35939e-03  2.22907e-02
 3.35939e-03  2.21393e-02
 3.49048e-03  2.22150e-02

 3.42448e-03  2.22150e-02
 3.99433e-03  2.22150e-02
 3.86324e-03  2.22907e-02
 3.86324e-03  2.21393e-02
 3.99433e-03  2.22150e-02

 3.88108e-03  2.22150e-02
 4.48377e-03  2.22150e-02
 4.35268e-03  2.22907e-02
 4.35268e-03  2.21393e-02
 4.48377e-03  2.22150e-02

 3.76510e-03  1.13850e-02
 3.18119e-03  1.13850e-02
 3.31228e-03  1.13093e-02
 3.31228e-03  1.14607e-02
 3.18119e-03  1.13850e-02

 4.26406e-03  1.13850e-02
 3.64707e-03  1.13850e-02
 3.77816e-03  1.13093e-02
 3.77816e-03  1.14607e-02
 3.64707e-03  1.13850e-02

 4.76302e-03  1.13850e-02
 4.12729e-03  1.13850e-02
 4.25838e-03  1.13093e-02
 4.25838e-03  1.14607e-02
 4.12729e-03  1.13850e-02

 5.26198e-03  1.13850e-02
 4.62268e-03  1.13850e-02
 4.75377e-03  1.13093e-02
 4.75377e-03  1.14607e-02
 4.62268e-03  1.13850e-02

 5.76094e-03  1.13850e-02
 5.13339e-03  1.13850e-02
 5.26448e-03  1.13093e-02
 5.26448e-03  1.14607e-02
 5.13339e-03  1.13850e-02

 6.25990e-03  1.13850e-02
 5.65905e-03  1.13850e-02
 5.79014e-03  1.13093e-02
 5.79014e-03  1.14607e-02
 5.65905e-03  1.13850e-02

 6.75885e-03  1.13850e-02
 6.19899e-03  1.13850e-02
 6.33008e-03  1.13093e-02
 6.33008e-03  1.14607e-02
 6.19899e-03  1.13850e-02

 7.25781e-03  1.13850e-02
 6.75138e-03  1.13850e-02
 6.88246e-03  1.13093e-02
 6.88246e-03  1.14607e-02
 6.75138e-03  1.13850e-02

 7.75677e-03  1.13850e-02
 7.31495e-03  1.13850e-02
 7.44603e-03  1.13093e-02
 7.44603e-03  1.14607e-02
 7.31495e-03  1.13850e-02

 8.25573e-03  1.13850e-02
 7.88543e-03  1.13850e-02
 8.01652e-03  1.13093e-02
 8.01652e-03  1.14607e-02
 7.88543e-03  1.13850e-02

 8.75469e-03  1.13850e-02
 8.46296e-03  1.13850e-02
 8.59405e-03  1.13093e-02
 8.59405e-03  1.14607e-02
 8.46296e-03  1.13850e-02

 9.25365e-03  1.13850e-02
 9.03694e-03  1.13850e-02
 9.16803e-03  1.13093e-02
 9.16803e-03  1.14607e-02
 9.03694e-03  1.13850e-02

 9.75260e-03  1.13850e-02
 9.61757e-03  1.13850e-02
 9.74866e-03  1.13093e-02
 9.74866e-03  1.14607e-02
 9.61757e-03  1.13850e-02

 1.02516e-02  1.13850e-02
 1.01716e-02  1.13850e-02
 1.03027e-02  1.13093e-02
 1.03027e-02  1.14607e-02
 1.01716e-02  1.13850e-02

 1.07505e-02  1.13850e-02
 1.07505e-02  1.13850e-02
 1.06748e-02  1.12539e-02
 1.08262e-02  1.12539e-02
 1.07505e-02  1.13850e-02

 3.79531e-03  1.19550e-02
 2.85124e-03  1.20564e-02
 2.97349e-03  1.19671e-02
 2.98966e-03  1.21176e-02
 2.85124e-03  1.20564e-02

 4.29219e-03  1.19550e-02
 3.29824e-03  1.20253e-02
 3.42366e-03  1.19405e-02
 3.43433e-03  1.20915e-02
 3.29824e-03  1.20253e-02

 4.78906e-03  1.19550e-02
 3.76908e-03  1.19925e-02
 3.89730e-03  1.19120e-02
 3.90285e-03  1.20633e-02
 3.76908e-03  1.19925e-02

 5.28594e-03  1.19550e-02
 4.26421e-03  1.19588e-02
 4.39502e-03  1.18826e-02
 4.39558e-03  1.20340e-02
 4.26421e-03  1.19588e-02

 5.78281e-03  1.19550e-02
 4.78394e-03  1.19253e-02
 4.91722e-03  1.18535e-02
 4.91272e-03  1.20048e-02
 4.78394e-03  1.19253e-02

 6.27969e-03  1.19550e-02
 5.32729e-03  1.18929e-02
 5.46302e-03  1.18259e-02
 5.45318e-03  1.19770e-02
 5.32729e-03  1.18929e-02

 6.77656e-03  1.19550e-02
 5.89311e-03  1.18630e-02
 6.03133e-03  1.18013e-02
 6.01566e-03  1.19519e-02
 5.89311e-03  1.18630e-02

 7.27344e-03  1.19550e-02
 6.47838e-03  1.18369e-02
 6.61917e-03  1.17813e-02
 6.59693e-03  1.19310e-02
 6.47838e-03  1.18369e-02

 7.77031e-03  1.19550e-02
 7.08081e-03  1.18157e-02
 7.22429e-03  1.17675e-02
 7.19432e-03  1.19158e-02
 7.08081e-03  1.18157e-02

 8.26719e-03  1.19550e-02
 7.69400e-03  1.18009e-02
 7.84024e-03  1.17619e-02
 7.80094e-03  1.19080e-02
 7.69400e-03  1.18009e-02

 8.76406e-03  1.19550e-02
 8.31710e-03  1.17933e-02
 8.46612e-03  1.17667e-02
 8.41461e-03  1.19090e-02
 8.31710e-03  1.17933e-02

 9.26094e-03  1.19550e-02
 8.93499e-03  1.17945e-02
 9.08603e-03  1.17845e-02
 9.01916e-03  1.19203e-02
 8.93499e-03  1.17945e-02

 9.75781e-03  1.19550e-02
 9.55903e-03  1.18040e-02
 9.70920e-03  1.18231e-02
 9.61766e-03  1.19436e-02
 9.55903e-03  1.18040e-02

 1.02547e-02  1.19550e-02
 1.01445e-02  1.18266e-02
 1.02873e-02  1.18768e-02
 1.01724e-02  1.19753e-02
 1.01445e-02  1.18266e-02

 1.07516e-02  1.19550e-02
 1.07516e-02  1.18618e-02
 1.08272e-02  1.19929e-02
 1.06759e-02  1.19929e-02
 1.07516e-02  1.18618e-02

 3.82552e-03  1.25250e-02
 2.69360e-03  1.26825e-02
 2.81300e-03  1.25895e-02
 2.83387e-03  1.27394e-02
 2.69360e-03  1.26825e-02

 4.32031e-03  1.25250e-02
 3.13413e-03  1.26253e-02
 3.25837e-03  1.25389e-02
 3.27113e-03  1.26897e-02
 3.13413e-03  1.26253e-02

 4.81510e-03  1.25250e-02
 3.60326e-03  1.25657e-02
 3.73173e-03  1.24857e-02
 3.73682e-03  1.26370e-02
 3.60326e-03  1.25657e-02

 5.30990e-03  1.25250e-02
 4.10123e-03  1.25052e-02
 4.23354e-03  1.24317e-02
 4.23106e-03  1.25830e-02
 4.10123e-03  1.25052e-02

 5.80469e-03  1.25250e-02
 4.62781e-03  1.24455e-02
 4.76370e-03  1.23788e-02
 4.75350e-03  1.25298e-02
 4.62781e-03  1.24455e-02

 6.29948e-03  1.25250e-02
 5.18186e-03  1.23885e-02
 5.32116e-03  1.23293e-02
 5.30281e-03  1.24795e-02
 5.18186e-03  1.23885e-02

 6.79427e-03  1.25250e-02
 5.76134e-03  1.23363e-02
 5.90390e-03  1.22854e-02
 5.87670e-03  1.24343e-02
 5.76134e-03  1.23363e-02

 7.28906e-03  1.25250e-02
 6.36292e-03  1.22912e-02
 6.50855e-03  1.22499e-02
 6.47150e-03  1.23966e-02
 6.36292e-03  1.22912e-02

 7.78385e-03  1.25250e-02
 6.98350e-03  1.22553e-02
 7.13189e-03  1.22255e-02
 7.08356e-03  1.23689e-02
 6.98350e-03  1.22553e-02

 8.27865e-03  1.25250e-02
 7.61592e-03  1.22311e-02
 7.76643e-03  1.22150e-02
 7.70506e-03  1.23534e-02
 7.61592e-03  1.22311e-02

 8.77344e-03  1.25250e-02
 8.25859e-03  1.22204e-02
 8.40994e-03  1.22220e-02
 8.33288e-03  1.23523e-02
 8.25859e-03  1.22204e-02

 9.26823e-03  1.25250e-02
 8.89504e-03  1.22258e-02
 9.04466e-03  1.22488e-02
 8.94998e-03  1.23669e-02
 8.89504e-03  1.22258e-02

 9.76302e-03  1.25250e-02
 9.53625e-03  1.22492e-02
 9.67796e-03  1.23024e-02
 9.56104e-03  1.23985e-02
 9.53625e-03  1.22492e-02

 1.02578e-02  1.25250e-02
 1.01336e-02  1.22949e-02
 1.02624e-02  1.23743e-02
 1.01292e-02  1.24462e-02
 1.01336e-02  1.22949e-02

 1.07526e-02  1.25250e-02
 1.07526e-02  1.23689e-02
 1.08283e-02  1.25000e-02
 1.06769e-02  1.25000e-02
 1.07526e-02  1.23689e-02

 3.85573e-03  1.30950e-02
 2.64714e-03  1.33403e-02
 2.76055e-03  1.32401e-02
 2.79066e-03  1.33884e-02
 2.64714e-03  1.33403e-02

 4.34844e-03  1.30950e-02
 3.08626e-03  1.32464e-02
 3.20741e-03  1.31556e-02
 3.22543e-03  1.33059e-02
 3.08626e-03  1.32464e-02

 4.84115e-03  1.30950e-02
 3.55596e-03  1.31491e-02
 3.68375e-03  1.30680e-02
 3.69012e-03  1.32192e-02
 3.55596e-03  1.31491e-02

 5.33385e-03  1.30950e-02
 4.05624e-03  1.30510e-02
 4.18985e-03  1.29799e-02
 4.18465e-03  1.31312e-02
 4.05624e-03  1.30510e-02

 5.82656e-03  1.30950e-02
 4.58649e-03  1.29549e-02
 4.72524e-03  1.28944e-02
 4.70825e-03  1.30448e-02
 4.58649e-03  1.29549e-02

 6.31927e-03  1.30950e-02
 5.14527e-03  1.28637e-02
 5.28851e-03  1.28148e-02
 5.25925e-03  1.29633e-02
 5.14527e-03  1.28637e-02

 6.81198e-03  1.30950e-02
 5.73031e-03  1.27807e-02
 5.87731e-03  1.27446e-02
 5.83508e-03  1.28900e-02
 5.73031e-03  1.27807e-02

 7.30469e-03  1.30950e-02
 6.33783e-03  1.27095e-02
 6.48763e-03  1.26877e-02
 6.43156e-03  1.28283e-02
 6.33783e-03  1.27095e-02

 7.79740e-03  1.30950e-02
 6.96465e-03  1.26534e-02
 7.11592e-03  1.26479e-02
 7.04500e-03  1.27817e-02
 6.96465e-03  1.26534e-02

 8.29010e-03  1.30950e-02
 7.60322e-03  1.26160e-02
 7.75403e-03  1.26289e-02
 7.66745e-03  1.27531e-02
 7.60322e-03  1.26160e-02

 8.78281e-03  1.30950e-02
 8.25153e-03  1.26009e-02
 8.39906e-03  1.26348e-02
 8.29599e-03  1.27456e-02
 8.25153e-03  1.26009e-02

 9.27552e-03  1.30950e-02
 8.89280e-03  1.26115e-02
 9.03350e-03  1.26673e-02
 8.91481e-03  1.27612e-02
 8.89280e-03  1.26115e-02

 9.76823e-03  1.30950e-02
 9.53723e-03  1.26520e-02
 9.66494e-03  1.27332e-02
 9.53073e-03  1.28032e-02
 9.53723e-03  1.26520e-02

 1.02609e-02  1.30950e-02
 1.01361e-02  1.27269e-02
 1.02499e-02  1.28267e-02
 1.01066e-02  1.28753e-02
 1.01361e-02  1.27269e-02

 1.07536e-02  1.30950e-02
 1.07536e-02  1.28494e-02
 1.08293e-02  1.29805e-02
 1.06780e-02  1.29805e-02
 1.07536e-02  1.28494e-02

 3.88594e-03  1.36650e-02
 2.70528e-03  1.39767e-02
 2.81270e-03  1.38701e-02
 2.85134e-03  1.40164e-02
 2.70528e-03  1.39767e-02

 4.37656e-03  1.36650e-02
 3.14731e-03  1.38488e-02
 3.26577e-03  1.37546e-02
 3.28815e-03  1.39043e-02
 3.14731e-03  1.38488e-02

 4.86719e-03  1.36650e-02
 3.61917e-03  1.37174e-02
 3.74697e-03  1.36363e-02
 3.75331e-03  1.37875e-02
 3.61917e-03  1.37174e-02

 5.35781e-03  1.36650e-02
 4.12046e-03  1.35857e-02
 4.25612e-03  1.35186e-02
 4.24644e-03  1.36696e-02
 4.12046e-03  1.35857e-02

 5.84844e-03  1.36650e-02
 4.65052e-03  1.34575e-02
 4.79260e-03  1.34053e-02
 4.76677e-03  1.35544e-02
 4.65052e-03  1.34575e-02

 6.33906e-03  1.36650e-02
 5.20767e-03  1.33366e-02
 5.35466e-03  1.33005e-02
 5.31246e-03  1.34458e-02
 5.20767e-03  1.33366e-02

 6.82969e-03  1.36650e-02
 5.78957e-03  1.32273e-02
 5.93975e-03  1.32084e-02
 5.88104e-03  1.33479e-02
 5.78957e-03  1.32273e-02

 7.32031e-03  1.36650e-02
 6.39251e-03  1.31340e-02
 6.54387e-03  1.31334e-02
 6.46868e-03  1.32648e-02
 6.39251e-03  1.31340e-02

 7.81094e-03  1.36650e-02
 7.01339e-03  1.30613e-02
 7.16358e-03  1.30801e-02
 7.07223e-03  1.32008e-02
 7.01339e-03  1.30613e-02

 8.30156e-03  1.36650e-02
 7.64493e-03  1.30139e-02
 7.79130e-03  1.30525e-02
 7.68472e-03  1.31600e-02
 7.64493e-03  1.30139e-02

 8.79219e-03  1.36650e-02
 8.28524e-03  1.29967e-02
 8.42476e-03  1.30554e-02
 8.30417e-03  1.31469e-02
 8.28524e-03  1.29967e-02

 9.28281e-03  1.36650e-02
 8.91832e-03  1.30141e-02
 9.04840e-03  1.30915e-02
 8.91633e-03  1.31654e-02
 8.91832e-03  1.30141e-02

 9.77344e-03  1.36650e-02
 9.55377e-03  1.30726e-02
 9.67030e-03  1.31692e-02
 9.52838e-03  1.32218e-02
 9.55377e-03  1.30726e-02

 1.02641e-02  1.36650e-02
 1.01453e-02  1.31764e-02
 1.02498e-02  1.32859e-02
 1.01027e-02  1.33217e-02
 1.01453e-02  1.31764e-02

 1.07547e-02  1.36650e-02
 1.07547e-02  1.33437e-02
 1.08304e-02  1.34748e-02
 1.06790e-02  1.34748e-02
 1.07547e-02  1.33437e-02

 3.91615e-03  1.42350e-02
 2.84129e-03  1.46110e-02
 2.94004e-03  1.44963e-02
 2.99001e-03  1.46391e-02
 2.84129e-03  1.46110e-02

 4.40469e-03  1.42350e-02
 3.28813e-03  1.44494e-02
 3.40259e-03  1.43503e-02
 3.43114e-03  1.44990e-02
 3.28813e-03  1.44494e-02

 4.89323e-03  1.42350e-02
 3.76206e-03  1.42843e-02
 3.88973e-03  1.42029e-02
 3.89632e-03  1.43542e-02
 3.76206e-03  1.42843e-02

 5.38177e-03  1.42350e-02
 4.26249e-03  1.41197e-02
 4.40064e-03  1.40579e-02
 4.38513e-03  1.42084e-02
 4.26249e-03  1.41197e-02

 5.87031e-03  1.42350e-02
 4.78864e-03  1.39602e-02
 4.93433e-03  1.39191e-02
 4.89706e-03  1.40658e-02
 4.78864e-03  1.39602e-02

 6.35885e-03  1.42350e-02
 5.33879e-03  1.38105e-02
 5.48890e-03  1.37910e-02
 5.43074e-03  1.39307e-02
 5.33879e-03  1.38105e-02

 6.84740e-03  1.42350e-02
 5.91089e-03  1.36757e-02
 6.06224e-03  1.36779e-02
 5.98463e-03  1.38079e-02
 5.91089e-03  1.36757e-02

 7.33594e-03  1.42350e-02
 6.50145e-03  1.35612e-02
 6.65099e-03  1.35847e-02
 6.55590e-03  1.37025e-02
 6.50145e-03  1.35612e-02

 7.82448e-03  1.42350e-02
 7.10776e-03  1.34727e-02
 7.25269e-03  1.35164e-02
 7.14241e-03  1.36201e-02
 7.10776e-03  1.34727e-02

 8.31302e-03  1.42350e-02
 7.72333e-03  1.34157e-02
 7.86133e-03  1.34779e-02
 7.73848e-03  1.35663e-02
 7.72333e-03  1.34157e-02

 8.80156e-03  1.42350e-02
 8.34645e-03  1.33967e-02
 8.47550e-03  1.34758e-02
 8.34248e-03  1.35480e-02
 8.34645e-03  1.33967e-02

 9.29010e-03  1.42350e-02
 8.96290e-03  1.34206e-02
 9.08200e-03  1.35140e-02
 8.94154e-03  1.35704e-02
 8.96290e-03  1.34206e-02

 9.77865e-03  1.42350e-02
 9.58135e-03  1.34962e-02
 9.68830e-03  1.36033e-02
 9.54205e-03  1.36424e-02
 9.58135e-03  1.34962e-02

 1.02672e-02  1.42350e-02
 1.01604e-02  1.36273e-02
 1.02576e-02  1.37433e-02
 1.01085e-02  1.37695e-02
 1.01604e-02  1.36273e-02

 1.07557e-02  1.42350e-02
 1.07557e-02  1.38373e-02
 1.08314e-02  1.39684e-02
 1.06800e-02  1.39684e-02
 1.07557e-02  1.38373e-02

 3.94635e-03  1.48050e-02
 3.04209e-03  1.52282e-02
 3.12874e-03  1.51041e-02
 3.19290e-03  1.52412e-02
 3.04209e-03  1.52282e-02

 4.43281e-03  1.48050e-02
 3.49525e-03  1.50381e-02
 3.60420e-03  1.49330e-02
 3.64072e-03  1.50799e-02
 3.49525e-03  1.50381e-02

 4.91927e-03  1.48050e-02
 3.97103e-03  1.48448e-02
 4.09883e-03  1.47637e-02
 4.10518e-03  1.49149e-02
 3.97103e-03  1.48448e-02

 5.40573e-03  1.48050e-02
 4.46884e-03  1.46529e-02
 4.61036e-03  1.45992e-02
 4.58611e-03  1.47487e-02
 4.46884e-03  1.46529e-02

 5.89219e-03  1.48050e-02
 4.98800e-03  1.44677e-02
 5.13727e-03  1.44426e-02
 5.08437e-03  1.45845e-02
 4.98800e-03  1.44677e-02

 6.37865e-03  1.48050e-02
 5.52683e-03  1.42946e-02
 5.67818e-03  1.42970e-02
 5.60037e-03  1.44269e-02
 5.52683e-03  1.42946e-02

 6.86510e-03  1.48050e-02
 6.08360e-03  1.41393e-02
 6.23246e-03  1.41667e-02
 6.13431e-03  1.42819e-02
 6.08360e-03  1.41393e-02

 7.35156e-03  1.48050e-02
 6.65542e-03  1.40078e-02
 6.79865e-03  1.40568e-02
 6.68464e-03  1.41563e-02
 6.65542e-03  1.40078e-02

 7.83802e-03  1.48050e-02
 7.24000e-03  1.39069e-02
 7.37565e-03  1.39740e-02
 7.24966e-03  1.40579e-02
 7.24000e-03  1.39069e-02

 8.32448e-03  1.48050e-02
 7.83210e-03  1.38426e-02
 7.95918e-03  1.39248e-02
 7.82443e-03  1.39938e-02
 7.83210e-03  1.38426e-02

 8.81094e-03  1.48050e-02
 8.43039e-03  1.38225e-02
 8.54831e-03  1.39174e-02
 8.40716e-03  1.39721e-02
 8.43039e-03  1.38225e-02

 9.29740e-03  1.48050e-02
 9.02317e-03  1.38524e-02
 9.13216e-03  1.39574e-02
 8.98670e-03  1.39993e-02
 9.02317e-03  1.38524e-02

 9.78385e-03  1.48050e-02
 9.61793e-03  1.39429e-02
 9.71702e-03  1.40573e-02
 9.56838e-03  1.40859e-02
 9.61793e-03  1.39429e-02

 1.02703e-02  1.48050e-02
 1.01800e-02  1.40970e-02
 1.02716e-02  1.42175e-02
 1.01215e-02  1.42366e-02
 1.01800e-02  1.40970e-02

 1.07568e-02  1.48050e-02
 1.07568e-02  1.43430e-02
 1.08325e-02  1.44741e-02
 1.06811e-02  1.44741e-02
 1.07568e-02  1.43430e-02

 3.97656e-03  1.53750e-02
 3.29043e-03  1.58329e-02
 3.35746e-03  1.56972e-02
 3.44148e-03  1.58231e-02
 3.29043e-03  1.58329e-02

 4.46094e-03  1.53750e-02
 3.75069e-03  1.56197e-02
 3.84998e-03  1.55054e-02
 3.89928e-03  1.56486e-02
 3.75069e-03  1.56197e-02

 4.94531e-03  1.53750e-02
 4.22803e-03  1.54036e-02
 4.35599e-03  1.53228e-02
 4.36203e-03  1.54740e-02
 4.22803e-03  1.54036e-02

 5.42969e-03  1.53750e-02
 4.72196e-03  1.51900e-02
 4.86793e-03  1.51500e-02
 4.82965e-03  1.52964e-02
 4.72196e-03  1.51900e-02

 5.91406e-03  1.53750e-02
 5.23178e-03  1.49845e-02
 5.38315e-03  1.49839e-02
 5.30795e-03  1.51153e-02
 5.23178e-03  1.49845e-02

 6.39844e-03  1.53750e-02
 5.75623e-03  1.47928e-02
 5.90418e-03  1.48248e-02
 5.80252e-03  1.49369e-02
 5.75623e-03  1.47928e-02

 6.88281e-03  1.53750e-02
 6.29387e-03  1.46215e-02
 6.43423e-03  1.46782e-02
 6.31497e-03  1.47714e-02
 6.29387e-03  1.46215e-02

 7.36719e-03  1.53750e-02
 6.84258e-03  1.44769e-02
 6.97405e-03  1.45520e-02
 6.84335e-03  1.46283e-02
 6.84258e-03  1.44769e-02

 7.85156e-03  1.53750e-02
 7.40059e-03  1.43663e-02
 7.52318e-03  1.44551e-02
 7.38500e-03  1.45169e-02
 7.40059e-03  1.43663e-02

 8.33594e-03  1.53750e-02
 7.96407e-03  1.42964e-02
 8.07835e-03  1.43956e-02
 7.93525e-03  1.44450e-02
 7.96407e-03  1.42964e-02

 8.82031e-03  1.53750e-02
 8.53218e-03  1.42755e-02
 8.63862e-03  1.43832e-02
 8.49220e-03  1.44215e-02
 8.53218e-03  1.42755e-02

 9.30469e-03  1.53750e-02
 9.09631e-03  1.43101e-02
 9.19576e-03  1.44242e-02
 9.04721e-03  1.44532e-02
 9.09631e-03  1.43101e-02

 9.78906e-03  1.53750e-02
 9.66231e-03  1.44120e-02
 9.75445e-03  1.45321e-02
 9.60438e-03  1.45518e-02
 9.66231e-03  1.44120e-02

 1.02734e-02  1.53750e-02
 1.02040e-02  1.45840e-02
 1.02909e-02  1.47079e-02
 1.01401e-02  1.47212e-02
 1.02040e-02  1.45840e-02

 1.07578e-02  1.53750e-02
 1.07578e-02  1.48589e-02
 1.08335e-02  1.49900e-02
 1.06821e-02  1.49900e-02
 1.07578e-02  1.48589e-02

 4.00677e-03  1.59450e-02
 3.57383e-03  1.64207e-02
 3.60609e-03  1.62728e-02
 3.71804e-03  1.63747e-02
 3.57383e-03  1.64207e-02

 4.48906e-03  1.59450e-02
 4.04178e-03  1.61916e-02
 4.12004e-03  1.60620e-02
 4.19312e-03  1.61946e-02
 4.04178e-03  1.61916e-02

 4.97135e-03  1.59450e-02
 4.52061e-03  1.59601e-02
 4.64908e-03  1.58801e-02
 4.65416e-03  1.60314e-02
 4.52061e-03  1.59601e-02

 5.45365e-03  1.59450e-02
 5.00990e-03  1.57320e-02
 5.16083e-03  1.57205e-02
 5.09531e-03  1.58569e-02
 5.00990e-03  1.57320e-02

 5.93594e-03  1.59450e-02
 5.50906e-03  1.55130e-02
 5.65503e-03  1.55530e-02
 5.54736e-03  1.56594e-02
 5.50906e-03  1.55130e-02

 6.41823e-03  1.59450e-02
 6.01715e-03  1.53095e-02
 6.15112e-03  1.53799e-02
 6.02311e-03  1.54607e-02
 6.01715e-03  1.53095e-02

 6.90052e-03  1.59450e-02
 6.53320e-03  1.51280e-02
 6.65598e-03  1.52165e-02
 6.51792e-03  1.52786e-02
 6.53320e-03  1.51280e-02

 7.38281e-03  1.59450e-02
 7.05580e-03  1.49753e-02
 7.16940e-03  1.50753e-02
 7.02597e-03  1.51237e-02
 7.05580e-03  1.49753e-02

 7.86510e-03  1.59450e-02
 7.58384e-03  1.48589e-02
 7.68997e-03  1.49668e-02
 7.54344e-03  1.50047e-02
 7.58384e-03  1.48589e-02

 8.34740e-03  1.59450e-02
 8.11506e-03  1.47857e-02
 8.21502e-03  1.48993e-02
 8.06661e-03  1.49291e-02
 8.11506e-03  1.47857e-02

 8.82969e-03  1.59450e-02
 8.64902e-03  1.47647e-02
 8.74366e-03  1.48828e-02
 8.59404e-03  1.49057e-02
 8.64902e-03  1.47647e-02

 9.31198e-03  1.59450e-02
 9.18063e-03  1.48023e-02
 9.27079e-03  1.49239e-02
 9.12041e-03  1.49412e-02
 9.18063e-03  1.48023e-02

 9.79427e-03  1.59450e-02
 9.71371e-03  1.49120e-02
 9.79936e-03  1.50368e-02
 9.64845e-03  1.50486e-02
 9.71371e-03  1.49120e-02

 1.02766e-02  1.59450e-02
 1.02320e-02  1.50957e-02
 1.03145e-02  1.52226e-02
 1.01633e-02  1.52306e-02
 1.02320e-02  1.50957e-02

 1.07589e-02  1.59450e-02
 1.07589e-02  1.53905e-02
 1.08345e-02  1.55216e-02
 1.06832e-02  1.55216e-02
 1.07589e-02  1.53905e-02

 4.03698e-03  1.65150e-02
 3.87903e-03  1.69926e-02
 3.84833e-03  1.68444e-02
 3.99205e-03  1.68919e-02
 3.87903e-03  1.69926e-02

 4.51719e-03  1.65150e-02
 4.35501e-03  1.67551e-02
 4.36566e-03  1.66041e-02
 4.49110e-03  1.66888e-02
 4.35501e-03  1.67551e-02

 4.99740e-03  1.65150e-02
 4.83534e-03  1.65158e-02
 4.96606e-03  1.64395e-02
 4.96680e-03  1.65908e-02
 4.83534e-03  1.65158e-02

 5.47760e-03  1.65150e-02
 5.31965e-03  1.62805e-02
 5.45565e-03  1.63469e-02
 5.33011e-03  1.64315e-02
 5.31965e-03  1.62805e-02

 5.95781e-03  1.65150e-02
 5.80747e-03  1.60553e-02
 5.92015e-03  1.61564e-02
 5.77628e-03  1.62034e-02
 5.80747e-03  1.60553e-02

 6.43802e-03  1.65150e-02
 6.29825e-03  1.58466e-02
 6.39916e-03  1.59594e-02
 6.25100e-03  1.59904e-02
 6.29825e-03  1.58466e-02

 6.91823e-03  1.65150e-02
 6.79141e-03  1.56609e-02
 6.88553e-03  1.57795e-02
 6.73580e-03  1.58017e-02
 6.79141e-03  1.56609e-02

 7.39844e-03  1.65150e-02
 7.28635e-03  1.55052e-02
 7.37603e-03  1.56271e-02
 7.22559e-03  1.56438e-02
 7.28635e-03  1.55052e-02

 7.87865e-03  1.65150e-02
 7.78260e-03  1.53868e-02
 7.86913e-03  1.55110e-02
 7.71831e-03  1.55238e-02
 7.78260e-03  1.53868e-02

 8.35885e-03  1.65150e-02
 8.27950e-03  1.53128e-02
 8.36365e-03  1.54387e-02
 8.21262e-03  1.54486e-02
 8.27950e-03  1.53128e-02

 8.83906e-03  1.65150e-02
 8.77694e-03  1.52925e-02
 8.85918e-03  1.54196e-02
 8.70801e-03  1.54272e-02
 8.77694e-03  1.52925e-02

 9.31927e-03  1.65150e-02
 9.27361e-03  1.53318e-02
 9.35429e-03  1.54599e-02
 9.20304e-03  1.54657e-02
 9.27361e-03  1.53318e-02

 9.79948e-03  1.65150e-02
 9.77085e-03  1.54453e-02
 9.85001e-03  1.55743e-02
 9.69870e-03  1.55784e-02
 9.77085e-03  1.54453e-02

 1.02797e-02  1.65150e-02
 1.02636e-02  1.56343e-02
 1.03417e-02  1.57640e-02
 1.01903e-02  1.57668e-02
 1.02636e-02  1.56343e-02

 1.07599e-02  1.65150e-02
 1.07599e-02  1.59391e-02
 1.08356e-02  1.60702e-02
 1.06842e-02  1.60702e-02
 1.07599e-02  1.59391e-02

 4.06719e-03  1.70850e-02
 4.19426e-03  1.75475e-02
 4.08655e-03  1.74412e-02
 4.23251e-03  1.74011e-02
 4.19426e-03  1.75475e-02

 4.54531e-03  1.70850e-02
 4.67832e-03  1.73096e-02
 4.54640e-03  1.72354e-02
 4.67665e-03  1.71582e-02
 4.67832e-03  1.73096e-02

 5.02344e-03  1.70850e-02
 5.16010e-03  1.70704e-02
 5.03779e-03  1.71596e-02
 5.02172e-03  1.70091e-02
 5.16010e-03  1.70704e-02

 5.50156e-03  1.70850e-02
 5.63928e-03  1.68359e-02
 5.64210e-03  1.69872e-02
 5.50962e-03  1.69140e-02
 5.63928e-03  1.68359e-02

 5.97969e-03  1.70850e-02
 6.11555e-03  1.66121e-02
 6.15210e-03  1.67589e-02
 6.00661e-03  1.67172e-02
 6.11555e-03  1.66121e-02

 6.45781e-03  1.70850e-02
 6.58870e-03  1.64052e-02
 6.63823e-03  1.65482e-02
 6.48960e-03  1.65196e-02
 6.58870e-03  1.64052e-02

 6.93594e-03  1.70850e-02
 7.05860e-03  1.62218e-02
 7.11509e-03  1.63623e-02
 6.96522e-03  1.63410e-02
 7.05860e-03  1.62218e-02

 7.41406e-03  1.70850e-02
 7.52542e-03  1.60685e-02
 7.58637e-03  1.62070e-02
 7.43591e-03  1.61906e-02
 7.52542e-03  1.60685e-02

 7.89219e-03  1.70850e-02
 7.98930e-03  1.59525e-02
 8.05351e-03  1.60895e-02
 7.90270e-03  1.60766e-02
 7.98930e-03  1.59525e-02

 8.37031e-03  1.70850e-02
 8.45118e-03  1.58806e-02
 8.51791e-03  1.60165e-02
 8.36688e-03  1.60064e-02
 8.45118e-03  1.58806e-02

 8.84844e-03  1.70850e-02
 8.91120e-03  1.58617e-02
 8.98007e-03  1.59965e-02
 8.82890e-03  1.59888e-02
 8.91120e-03  1.58617e-02

 9.32656e-03  1.70850e-02
 9.37185e-03  1.59019e-02
 9.44246e-03  1.60358e-02
 9.29120e-03  1.60300e-02
 9.37185e-03  1.59019e-02

 9.80469e-03  1.70850e-02
 9.83171e-03  1.60154e-02
 9.90406e-03  1.61483e-02
 9.75274e-03  1.61445e-02
 9.83171e-03  1.60154e-02

 1.02828e-02  1.70850e-02
 1.02975e-02  1.62034e-02
 1.03710e-02  1.63358e-02
 1.02197e-02  1.63332e-02
 1.02975e-02  1.62034e-02

 1.07609e-02  1.70850e-02
 1.07609e-02  1.65075e-02
 1.08366e-02  1.66386e-02
 1.06853e-02  1.66386e-02
 1.07609e-02  1.65075e-02

 4.09740e-03  1.76550e-02
 4.50687e-03  1.80865e-02
 4.36174e-03  1.80435e-02
 4.47153e-03  1.79393e-02
 4.50687e-03  1.80865e-02

 4.57344e-03  1.76550e-02
 4.99850e-03  1.78560e-02
 4.84764e-03  1.78684e-02
 4.91235e-03  1.77315e-02
 4.99850e-03  1.78560e-02

 5.04948e-03  1.76550e-02
 5.48142e-03  1.76249e-02
 5.35591e-03  1.77095e-02
 5.34539e-03  1.75585e-02
 5.48142e-03  1.76249e-02

 5.52552e-03  1.76550e-02
 5.95531e-03  1.73990e-02
 5.88143e-03  1.75311e-02
 5.80396e-03  1.74010e-02
 5.95531e-03  1.73990e-02

 6.00156e-03  1.76550e-02
 6.42006e-03  1.71840e-02
 6.38956e-03  1.73323e-02
 6.27641e-03  1.72318e-02
 6.42006e-03  1.71840e-02

 6.47760e-03  1.76550e-02
 6.87580e-03  1.69861e-02
 6.87378e-03  1.71374e-02
 6.74371e-03  1.70600e-02
 6.87580e-03  1.69861e-02

 6.95365e-03  1.76550e-02
 7.32281e-03  1.68113e-02
 7.33960e-03  1.69617e-02
 7.20093e-03  1.69010e-02
 7.32281e-03  1.68113e-02

 7.42969e-03  1.76550e-02
 7.76207e-03  1.66658e-02
 7.79206e-03  1.68142e-02
 7.64858e-03  1.67660e-02
 7.76207e-03  1.66658e-02

 7.90573e-03  1.76550e-02
 8.19430e-03  1.65565e-02
 8.23420e-03  1.67025e-02
 8.08780e-03  1.66640e-02
 8.19430e-03  1.65565e-02

 8.38177e-03  1.76550e-02
 8.62194e-03  1.64896e-02
 8.66961e-03  1.66332e-02
 8.52135e-03  1.66027e-02
 8.62194e-03  1.64896e-02

 8.85781e-03  1.76550e-02
 9.04531e-03  1.64734e-02
 9.09952e-03  1.66147e-02
 8.95002e-03  1.65910e-02
 9.04531e-03  1.64734e-02

 9.33385e-03  1.76550e-02
 9.47054e-03  1.65135e-02
 9.53010e-03  1.66527e-02
 9.37981e-03  1.66347e-02
 9.47054e-03  1.65135e-02

 9.80990e-03  1.76550e-02
 9.89333e-03  1.66236e-02
 9.95820e-03  1.67603e-02
 9.80732e-03  1.67481e-02
 9.89333e-03  1.66236e-02

 1.02859e-02  1.76550e-02
 1.03322e-02  1.68046e-02
 1.04007e-02  1.69396e-02
 1.02495e-02  1.69314e-02
 1.03322e-02  1.68046e-02

 1.07620e-02  1.76550e-02
 1.07620e-02  1.70970e-02
 1.08377e-02  1.72281e-02
 1.06863e-02  1.72281e-02
 1.07620e-02  1.70970e-02

 4.12760e-03  1.82250e-02
 4.80426e-03  1.86104e-02
 4.65290e-03  1.86113e-02
 4.72781e-03  1.84798e-02
 4.80426e-03  1.86104e-02

 4.60156e-03  1.82250e-02
 5.30222e-03  1.83949e-02
 5.15699e-03  1.84376e-02
 5.19266e-03  1.82905e-02
 5.30222e-03  1.83949e-02

 5.07552e-03  1.82250e-02
 5.78545e-03  1.81794e-02
 5.65948e-03  1.82633e-02
 5.64978e-03  1.81123e-02
 5.78545e-03  1.81794e-02

 5.54948e-03  1.82250e-02
 6.25367e-03  1.79694e-02
 6.15626e-03  1.80853e-02
 6.10463e-03  1.79430e-02
 6.25367e-03  1.79694e-02

 6.02344e-03  1.82250e-02
 6.70693e-03  1.77705e-02
 6.63969e-03  1.79061e-02
 6.55587e-03  1.77801e-02
 6.70693e-03  1.77705e-02

 6.49740e-03  1.82250e-02
 7.14577e-03  1.75880e-02
 7.10530e-03  1.77339e-02
 6.99922e-03  1.76259e-02
 7.14577e-03  1.75880e-02

 6.97135e-03  1.82250e-02
 7.57091e-03  1.74278e-02
 7.55261e-03  1.75780e-02
 7.43163e-03  1.74870e-02
 7.57091e-03  1.74278e-02

 7.44531e-03  1.82250e-02
 7.98407e-03  1.72951e-02
 7.98384e-03  1.74464e-02
 7.85286e-03  1.73706e-02
 7.98407e-03  1.72951e-02

 7.91927e-03  1.82250e-02
 8.38653e-03  1.71964e-02
 8.40122e-03  1.73470e-02
 8.26341e-03  1.72844e-02
 8.38653e-03  1.71964e-02

 8.39323e-03  1.82250e-02
 8.78216e-03  1.71371e-02
 8.80930e-03  1.72860e-02
 8.66677e-03  1.72350e-02
 8.78216e-03  1.71371e-02

 8.86719e-03  1.82250e-02
 9.17140e-03  1.71248e-02
 9.20941e-03  1.72713e-02
 9.06352e-03  1.72310e-02
 9.17140e-03  1.71248e-02

 9.34115e-03  1.82250e-02
 9.56363e-03  1.71644e-02
 9.61079e-03  1.73082e-02
 9.46265e-03  1.72771e-02
 9.56363e-03  1.71644e-02

 9.81510e-03  1.82250e-02
 9.95180e-03  1.72681e-02
 1.00082e-02  1.74085e-02
 9.85834e-03  1.73871e-02
 9.95180e-03  1.72681e-02

 1.02891e-02  1.82250e-02
 1.03653e-02  1.74368e-02
 1.04280e-02  1.75745e-02
 1.02773e-02  1.75600e-02
 1.03653e-02  1.74368e-02

 1.07630e-02  1.82250e-02
 1.07630e-02  1.77070e-02
 1.08387e-02  1.78381e-02
 1.06873e-02  1.78381e-02
 1.07630e-02  1.77070e-02

 4.15781e-03  1.87950e-02
 5.07124e-03  1.91223e-02
 4.92230e-03  1.91493e-02
 4.97336e-03  1.90068e-02
 5.07124e-03  1.91223e-02

 4.62969e-03  1.87950e-02
 5.57354e-03  1.89289e-02
 5.43312e-03  1.89855e-02
 5.45438e-03  1.88356e-02
 5.57354e-03  1.89289e-02

 5.10156e-03  1.87950e-02
 6.05570e-03  1.87363e-02
 5.92951e-03  1.88199e-02
 5.92021e-03  1.86688e-02
 6.05570e-03  1.87363e-02

 5.57344e-03  1.87950e-02
 6.51759e-03  1.85493e-02
 6.40979e-03  1.86556e-02
 6.37167e-03  1.85091e-02
 6.51759e-03  1.85493e-02

 6.04531e-03  1.87950e-02
 6.95957e-03  1.83729e-02
 6.87227e-03  1.84966e-02
 6.80883e-03  1.83592e-02
 6.95957e-03  1.83729e-02

 6.51719e-03  1.87950e-02
 7.38248e-03  1.82120e-02
 7.31605e-03  1.83480e-02
 7.23147e-03  1.82225e-02
 7.38248e-03  1.82120e-02

 6.98906e-03  1.87950e-02
 7.78752e-03  1.80715e-02
 7.74120e-03  1.82156e-02
 7.63956e-03  1.81034e-02
 7.78752e-03  1.80715e-02

 7.46094e-03  1.87950e-02
 8.17716e-03  1.79562e-02
 8.14959e-03  1.81050e-02
 8.03448e-03  1.80067e-02
 8.17716e-03  1.79562e-02

 7.93281e-03  1.87950e-02
 8.55322e-03  1.78714e-02
 8.54295e-03  1.80225e-02
 8.41730e-03  1.79380e-02
 8.55322e-03  1.78714e-02

 8.40469e-03  1.87950e-02
 8.92077e-03  1.78220e-02
 8.92620e-03  1.79733e-02
 8.79248e-03  1.79024e-02
 8.92077e-03  1.78220e-02

 8.87656e-03  1.87950e-02
 9.28039e-03  1.78144e-02
 9.30045e-03  1.79644e-02
 9.16049e-03  1.79068e-02
 9.28039e-03  1.78144e-02

 9.34844e-03  1.87950e-02
 9.64418e-03  1.78528e-02
 9.67713e-03  1.80006e-02
 9.53271e-03  1.79552e-02
 9.64418e-03  1.78528e-02

 9.82031e-03  1.87950e-02
 1.00026e-02  1.79474e-02
 1.00491e-02  1.80915e-02
 9.90109e-03  1.80597e-02
 1.00026e-02  1.79474e-02

 1.02922e-02  1.87950e-02
 1.03942e-02  1.80992e-02
 1.04501e-02  1.82398e-02
 1.03003e-02  1.82179e-02
 1.03942e-02  1.80992e-02

 1.07641e-02  1.87950e-02
 1.07641e-02  1.83374e-02
 1.08397e-02  1.84685e-02
 1.06884e-02  1.84685e-02
 1.07641e-02  1.83374e-02

 4.18802e-03  1.93650e-02
 5.29292e-03  1.96254e-02
 5.14797e-03  1.96690e-02
 5.18269e-03  1.95217e-02
 5.29292e-03  1.96254e-02

 4.65781e-03  1.93650e-02
 5.79647e-03  1.94597e-02
 5.65956e-03  1.95243e-02
 5.67211e-03  1.93734e-02
 5.79647e-03  1.94597e-02

 5.12760e-03  1.93650e-02
 6.27565e-03  1.92954e-02
 6.14938e-03  1.93789e-02
 6.14022e-03  1.92278e-02
 6.27565e-03  1.92954e-02

 5.59740e-03  1.93650e-02
 6.73038e-03  1.91367e-02
 6.61683e-03  1.92368e-02
 6.58692e-03  1.90884e-02
 6.73038e-03  1.91367e-02

 6.06719e-03  1.93650e-02
 7.16127e-03  1.89878e-02
 7.06201e-03  1.91021e-02
 7.01267e-03  1.89590e-02
 7.16127e-03  1.89878e-02

 6.53698e-03  1.93650e-02
 7.56960e-03  1.88529e-02
 7.48579e-03  1.89789e-02
 7.41854e-03  1.88433e-02
 7.56960e-03  1.88529e-02

 7.00677e-03  1.93650e-02
 7.95713e-03  1.87359e-02
 7.88960e-03  1.88714e-02
 7.80604e-03  1.87452e-02
 7.95713e-03  1.87359e-02

 7.47656e-03  1.93650e-02
 8.32687e-03  1.86409e-02
 8.27613e-03  1.87835e-02
 8.17799e-03  1.86683e-02
 8.32687e-03  1.86409e-02

 7.94635e-03  1.93650e-02
 8.68120e-03  1.85722e-02
 8.64759e-03  1.87198e-02
 8.53658e-03  1.86169e-02
 8.68120e-03  1.85722e-02

 8.41615e-03  1.93650e-02
 9.02618e-03  1.85339e-02
 9.00963e-03  1.86844e-02
 8.88761e-03  1.85948e-02
 9.02618e-03  1.85339e-02

 8.88594e-03  1.93650e-02
 9.36262e-03  1.85312e-02
 9.36327e-03  1.86826e-02
 9.23186e-03  1.86074e-02
 9.36262e-03  1.85312e-02

 9.35573e-03  1.93650e-02
 9.70449e-03  1.85678e-02
 9.72129e-03  1.87182e-02
 9.58262e-03  1.86575e-02
 9.70449e-03  1.85678e-02

 9.82552e-03  1.93650e-02
 1.00407e-02  1.86510e-02
 1.00753e-02  1.87984e-02
 9.93040e-03  1.87547e-02
 1.00407e-02  1.86510e-02

 1.02953e-02  1.93650e-02
 1.04157e-02  1.87823e-02
 1.04633e-02  1.89260e-02
 1.03150e-02  1.88954e-02
 1.04157e-02  1.87823e-02

 1.07651e-02  1.93650e-02
 1.07651e-02  1.89814e-02
 1.08408e-02  1.91125e-02
 1.06894e-02  1.91125e-02
 1.07651e-02  1.89814e-02

 4.21823e-03  1.99350e-02
 5.44809e-03  2.01258e-02
 5.30694e-03  2.01805e-02
 5.33015e-03  2.00309e-02
 5.44809e-03  2.01258e-02

 4.68594e-03  1.99350e-02
 5.94947e-03  1.99934e-02
 5.81503e-03  2.00629e-02
 5.82202e-03  1.99117e-02
 5.94947e-03  1.99934e-02

 5.15365e-03  1.99350e-02
 6.42369e-03  1.98627e-02
 6.29711e-03  1.99457e-02
 6.28851e-03  1.97946e-02
 6.42369e-03  1.98627e-02

 5.62135e-03  1.99350e-02
 6.87074e-03  1.97372e-02
 6.75309e-03  1.98325e-02
 6.72943e-03  1.96830e-02
 6.87074e-03  1.97372e-02

 6.08906e-03  1.99350e-02
 7.29167e-03  1.96203e-02
 7.18402e-03  1.97267e-02
 7.14570e-03  1.95803e-02
 7.29167e-03  1.96203e-02

 6.55677e-03  1.99350e-02
 7.68809e-03  1.95150e-02
 7.59153e-03  1.96316e-02
 7.53886e-03  1.94897e-02
 7.68809e-03  1.95150e-02

 7.02448e-03  1.99350e-02
 8.06218e-03  1.94246e-02
 7.97795e-03  1.95503e-02
 7.91114e-03  1.94145e-02
 8.06218e-03  1.94246e-02

 7.49219e-03  1.99350e-02
 8.41749e-03  1.93520e-02
 8.34693e-03  1.94859e-02
 8.26624e-03  1.93578e-02
 8.41749e-03  1.93520e-02

 7.95990e-03  1.99350e-02
 8.75692e-03  1.93006e-02
 8.70149e-03  1.94414e-02
 8.60722e-03  1.93230e-02
 8.75692e-03  1.93006e-02

 8.42760e-03  1.99350e-02
 9.08711e-03  1.92737e-02
 9.04814e-03  1.94199e-02
 8.94096e-03  1.93130e-02
 9.08711e-03  1.92737e-02

 8.89531e-03  1.99350e-02
 9.40912e-03  1.92751e-02
 9.38830e-03  1.94251e-02
 9.26887e-03  1.93321e-02
 9.40912e-03  1.92751e-02

 9.36302e-03  1.99350e-02
 9.73791e-03  1.93083e-02
 9.73556e-03  1.94597e-02
 9.60566e-03  1.93820e-02
 9.73791e-03  1.93083e-02

 9.83073e-03  1.99350e-02
 1.00617e-02  1.93778e-02
 1.00814e-02  1.95278e-02
 9.94160e-03  1.94699e-02
 1.00617e-02  1.93778e-02

 1.02984e-02  1.99350e-02
 1.04276e-02  1.94855e-02
 1.04641e-02  1.96324e-02
 1.03187e-02  1.95906e-02
 1.04276e-02  1.94855e-02

 1.07661e-02  1.99350e-02
 1.07661e-02  1.96394e-02
 1.08418e-02  1.97705e-02
 1.06905e-02  1.97705e-02
 1.07661e-02  1.96394e-02

 4.24844e-03  2.05050e-02
 5.52068e-03  2.06276e-02
 5.38294e-03  2.06903e-02
 5.39745e-03  2.05397e-02
 5.52068e-03  2.06276e-02

 4.71406e-03  2.05050e-02
 6.01605e-03  2.05293e-02
 5.88357e-03  2.06025e-02
 5.88639e-03  2.04511e-02
 6.01605e-03  2.05293e-02

 5.17969e-03  2.05050e-02
 6.48311e-03  2.04329e-02
 6.35640e-03  2.05157e-02
 6.34804e-03  2.03646e-02
 6.48311e-03  2.04329e-02

 5.64531e-03  2.05050e-02
 6.92240e-03  2.03410e-02
 6.80201e-03  2.04328e-02
 6.78274e-03  2.02826e-02
 6.92240e-03  2.03410e-02

 6.11094e-03  2.05050e-02
 7.33504e-03  2.02560e-02
 7.22167e-03  2.03563e-02
 7.19150e-03  2.02080e-02
 7.33504e-03  2.02560e-02

 6.57656e-03  2.05050e-02
 7.72309e-03  2.01802e-02
 7.61759e-03  2.02888e-02
 7.57634e-03  2.01431e-02
 7.72309e-03  2.01802e-02

 7.04219e-03  2.05050e-02
 8.08904e-03  2.01157e-02
 7.99255e-03  2.02324e-02
 7.93980e-03  2.00905e-02
 8.08904e-03  2.01157e-02

 7.50781e-03  2.05050e-02
 8.43675e-03  2.00648e-02
 8.35070e-03  2.01893e-02
 8.28588e-03  2.00525e-02
 8.43675e-03  2.00648e-02

 7.97344e-03  2.05050e-02
 8.76940e-03  2.00297e-02
 8.69566e-03  2.01619e-02
 8.61805e-03  2.00319e-02
 8.76940e-03  2.00297e-02

 8.43906e-03  2.05050e-02
 9.09386e-03  2.00130e-02
 9.03453e-03  2.01522e-02
 8.94360e-03  2.00312e-02
 9.09386e-03  2.00130e-02

 8.90469e-03  2.05050e-02
 9.41158e-03  2.00173e-02
 9.36958e-03  2.01627e-02
 9.26464e-03  2.00537e-02
 9.41158e-03  2.00173e-02

 9.37031e-03  2.05050e-02
 9.73747e-03  2.00457e-02
 9.71473e-03  2.01954e-02
 9.59650e-03  2.01008e-02
 9.73747e-03  2.00457e-02

 9.83594e-03  2.05050e-02
 1.00605e-02  2.01000e-02
 1.00631e-02  2.02513e-02
 9.93072e-03  2.01780e-02
 1.00605e-02  2.01000e-02

 1.03016e-02  2.05050e-02
 1.04259e-02  2.01834e-02
 1.04492e-02  2.03329e-02
 1.03080e-02  2.02784e-02
 1.04259e-02  2.01834e-02

 1.07672e-02  2.05050e-02
 1.07672e-02  2.02927e-02
 1.08429e-02  2.04238e-02
 1.06915e-02  2.04238e-02
 1.07672e-02  2.02927e-02

 4.27865e-03  2.10750e-02
 5.47846e-03  2.11410e-02
 5.34341e-03  2.12093e-02
 5.35172e-03  2.10582e-02
 5.47846e-03  2.11410e-02

 4.74219e-03  2.10750e-02
 5.96485e-03  2.10805e-02
 5.83343e-03  2.11556e-02
 5.83411e-03  2.10042e-02
 5.96485e-03  2.10805e-02

 5.20573e-03  2.10750e-02
 6.42454e-03  2.10216e-02
 6.29689e-03  2.11029e-02
 6.29026e-03  2.09517e-02
 6.42454e-03  2.10216e-02

 5.66927e-03  2.10750e-02
 6.85818e-03  2.09658e-02
 6.73457e-03  2.10532e-02
 6.72072e-03  2.09024e-02
 6.85818e-03  2.09658e-02

 6.13281e-03  2.10750e-02
 7.26723e-03  2.09146e-02
 7.14803e-03  2.10079e-02
 7.12684e-03  2.08580e-02
 7.26723e-03  2.09146e-02

 6.59635e-03  2.10750e-02
 7.65388e-03  2.08693e-02
 7.53965e-03  2.09686e-02
 7.51075e-03  2.08200e-02
 7.65388e-03  2.08693e-02

 7.05990e-03  2.10750e-02
 8.02062e-03  2.08311e-02
 7.91219e-03  2.09367e-02
 7.87494e-03  2.07900e-02
 8.02062e-03  2.08311e-02

 7.52344e-03  2.10750e-02
 8.37132e-03  2.08014e-02
 8.26981e-03  2.09136e-02
 8.22332e-03  2.07696e-02
 8.37132e-03  2.08014e-02

 7.98698e-03  2.10750e-02
 8.70912e-03  2.07814e-02
 8.61619e-03  2.09009e-02
 8.55918e-03  2.07607e-02
 8.70912e-03  2.07814e-02

 8.45052e-03  2.10750e-02
 9.04047e-03  2.07730e-02
 8.95828e-03  2.09001e-02
 8.88930e-03  2.07653e-02
 9.04047e-03  2.07730e-02

 8.91406e-03  2.10750e-02
 9.36703e-03  2.07777e-02
 9.29897e-03  2.09129e-02
 9.21591e-03  2.07863e-02
 9.36703e-03  2.07777e-02

 9.37760e-03  2.10750e-02
 9.70263e-03  2.07980e-02
 9.65194e-03  2.09407e-02
 9.55377e-03  2.08255e-02
 9.70263e-03  2.07980e-02

 9.84115e-03  2.10750e-02
 1.00378e-02  2.08342e-02
 1.00135e-02  2.09836e-02
 9.89623e-03  2.08878e-02
 1.00378e-02  2.08342e-02

 1.03047e-02  2.10750e-02
 1.04129e-02  2.08903e-02
 1.04119e-02  2.10417e-02
 1.02813e-02  2.09651e-02
 1.04129e-02  2.08903e-02

 1.07682e-02  2.10750e-02
 1.07682e-02  2.09535e-02
 1.08439e-02  2.10846e-02
 1.06925e-02  2.10846e-02
 1.07682e-02  2.09535e-02

 4.30885e-03  2.16450e-02
 5.31537e-03  2.16630e-02
 5.18295e-03  2.17364e-02
 5.18566e-03  2.15850e-02
 5.31537e-03  2.16630e-02

 4.77031e-03  2.16450e-02
 5.79030e-03  2.16302e-02
 5.66032e-03  2.17078e-02
 5.65813e-03  2.15564e-02
 5.79030e-03  2.16302e-02

 5.23177e-03  2.16450e-02
 6.24283e-03  2.15985e-02
 6.11535e-03  2.16802e-02
 6.10840e-03  2.15289e-02
 6.24283e-03  2.15985e-02

 5.69323e-03  2.16450e-02
 6.67386e-03  2.15689e-02
 6.54902e-03  2.16545e-02
 6.53731e-03  2.15036e-02
 6.67386e-03  2.15689e-02

 6.15469e-03  2.16450e-02
 7.08469e-03  2.15419e-02
 6.96273e-03  2.16316e-02
 6.94606e-03  2.14811e-02
 7.08469e-03  2.15419e-02

 6.61615e-03  2.16450e-02
 7.47750e-03  2.15184e-02
 7.35881e-03  2.16123e-02
 7.33680e-03  2.14626e-02
 7.47750e-03  2.15184e-02

 7.07760e-03  2.16450e-02
 7.85457e-03  2.14988e-02
 7.73974e-03  2.15974e-02
 7.71175e-03  2.14487e-02
 7.85457e-03  2.14988e-02

 7.53906e-03  2.16450e-02
 8.21906e-03  2.14840e-02
 8.10895e-03  2.15878e-02
 8.07406e-03  2.14405e-02
 8.21906e-03  2.14840e-02

 8.00052e-03  2.16450e-02
 8.57376e-03  2.14744e-02
 8.46970e-03  2.15844e-02
 8.42653e-03  2.14393e-02
 8.57376e-03  2.14744e-02

 8.46198e-03  2.16450e-02
 8.92423e-03  2.14713e-02
 8.82815e-03  2.15882e-02
 8.77490e-03  2.14465e-02
 8.92423e-03  2.14713e-02

 8.92344e-03  2.16450e-02
 9.27195e-03  2.14751e-02
 9.18729e-03  2.16006e-02
 9.12096e-03  2.14645e-02
 9.27195e-03  2.14751e-02

 9.38490e-03  2.16450e-02
 9.62891e-03  2.14879e-02
 9.55965e-03  2.16225e-02
 9.47772e-03  2.14952e-02
 9.62891e-03  2.14879e-02

 9.84635e-03  2.16450e-02
 9.98822e-03  2.15084e-02
 9.94627e-03  2.16539e-02
 9.84129e-03  2.15448e-02
 9.98822e-03  2.15084e-02

 1.03078e-02  2.16450e-02
 1.03823e-02  2.15418e-02
 1.03669e-02  2.16924e-02
 1.02442e-02  2.16038e-02
 1.03823e-02  2.15418e-02

 1.07693e-02  2.16450e-02
 1.07693e-02  2.15736e-02
 1.08450e-02  2.17046e-02
 1.06936e-02  2.17046e-02
 1.07693e-02  2.15736e-02

 4.33906e-03  2.22150e-02
 4.96124e-03  2.22150e-02
 4.83015e-03  2.22907e-02
 4.83015e-03  2.21393e-02
 4.96124e-03  2.22150e-02

 4.79844e-03  2.22150e-02
 5.42627e-03  2.22150e-02
 5.29518e-03  2.22907e-02
 5.29518e-03  2.21393e-02
 5.42627e-03  2.22150e-02

 5.25781e-03  2.22150e-02
 5.87749e-03  2.22150e-02
 5.74641e-03  2.22907e-02
 5.74641e-03  2.21393e-02
 5.87749e-03  2.22150e-02

 5.71719e-03  2.22150e-02
 6.31568e-03  2.22150e-02
 6.18459e-03  2.22907e-02
 6.18459e-03  2.21393e-02
 6.31568e-03  2.22150e-02

 6.17656e-03  2.22150e-02
 6.74181e-03  2.22150e-02
 6.61072e-03  2.22907e-02
 6.61072e-03  2.21393e-02
 6.74181e-03  2.22150e-02

 6.63594e-03  2.22150e-02
 7.15727e-03  2.22150e-02
 7.02618e-03  2.22907e-02
 7.02618e-03  2.21393e-02
 7.15727e-03  2.22150e-02

 7.09531e-03  2.22150e-02
 7.56351e-03  2.22150e-02
 7.43243e-03  2.22907e-02
 7.43243e-03  2.21393e-02
 7.56351e-03  2.22150e-02

 7.55469e-03  2.22150e-02
 7.96268e-03  2.22150e-02
 7.83159e-03  2.22907e-02
 7.83159e-03  2.21393e-02
 7.96268e-03  2.22150e-02

 8.01406e-03  2.22150e-02
 8.35638e-03  2.22150e-02
 8.22529e-03  2.22907e-02
 8.22529e-03  2.21393e-02
 8.35638e-03  2.22150e-02

 8.47344e-03  2.22150e-02
 8.74818e-03  2.22150e-02
 8.61709e-03  2.22907e-02
 8.61709e-03  2.21393e-02
 8.74818e-03  2.22150e-02

 8.93281e-03  2.22150e-02
 9.13876e-03  2.22150e-02
 9.00767e-03  2.22907e-02
 9.00767e-03  2.21393e-02
 9.13876e-03  2.22150e-02

 9.39219e-03  2.22150e-02
 9.53582e-03  2.22150e-02
 9.40473e-03  2.22907e-02
 9.40473e-03  2.21393e-02
 9.53582e-03  2.22150e-02

 9.85156e-03  2.22150e-02
 9.93435e-03  2.22150e-02
 9.80326e-03  2.22907e-02
 9.80326e-03  2.21393e-02
 9.93435e-03  2.22150e-02

 1.03109e-02  2.22150e-02
 1.03550e-02  2.22150e-02
 1.02239e-02  2.22907e-02
 1.02239e-02  2.21393e-02
 1.03550e-02  2.22150e-02

 1.07703e-02  2.22150e-02
 1.07703e-02  2.22150e-02
 1.06392e-02  2.22907e-02
 1.06392e-02  2.21393e-02
 1.07703e-02  2.22150e-02

