#[ Fluid velocity 2D plot data file: flw.dat ]
 1.95313e-04  1.13850e-02
 1.95313e-04  1.13850e-02
 6.42249e-05  1.14607e-02
 6.42249e-05  1.13093e-02
 1.95313e-04  1.13850e-02

 5.85937e-04  1.13850e-02
 4.53007e-04  1.13850e-02
 5.84095e-04  1.13093e-02
 5.84095e-04  1.14607e-02
 4.53007e-04  1.13850e-02

 9.76562e-04  1.13850e-02
 8.04912e-04  1.13850e-02
 9.36000e-04  1.13093e-02
 9.36000e-04  1.14607e-02
 8.04912e-04  1.13850e-02

 1.36719e-03  1.13850e-02
 1.11379e-03  1.13850e-02
 1.24488e-03  1.13093e-02
 1.24488e-03  1.14607e-02
 1.11379e-03  1.13850e-02

 1.75781e-03  1.13850e-02
 1.44747e-03  1.13850e-02
 1.57856e-03  1.13093e-02
 1.57856e-03  1.14607e-02
 1.44747e-03  1.13850e-02

 2.14844e-03  1.13850e-02
 1.77513e-03  1.13850e-02
 1.90622e-03  1.13093e-02
 1.90622e-03  1.14607e-02
 1.77513e-03  1.13850e-02

 2.53906e-03  1.13850e-02
 2.11207e-03  1.13850e-02
 2.24316e-03  1.13093e-02
 2.24316e-03  1.14607e-02
 2.11207e-03  1.13850e-02

 2.92969e-03  1.13850e-02
 2.45281e-03  1.13850e-02
 2.58390e-03  1.13093e-02
 2.58390e-03  1.14607e-02
 2.45281e-03  1.13850e-02

 3.32031e-03  1.13850e-02
 2.80091e-03  1.13850e-02
 2.93200e-03  1.13093e-02
 2.93200e-03  1.14607e-02
 2.80091e-03  1.13850e-02

 1.97049e-04  1.19550e-02
 1.97049e-04  1.21810e-02
 1.21365e-04  1.20499e-02
 2.72732e-04  1.20499e-02
 1.97049e-04  1.21810e-02

 5.91146e-04  1.19550e-02
 3.90850e-04  1.21605e-02
 4.28150e-04  1.20138e-02
 5.36545e-04  1.21194e-02
 3.90850e-04  1.21605e-02

 9.85243e-04  1.19550e-02
 7.17028e-04  1.21576e-02
 7.76017e-04  1.20182e-02
 8.67246e-04  1.21390e-02
 7.17028e-04  1.21576e-02

 1.37934e-03  1.19550e-02
 9.84333e-04  1.21481e-02
 1.06887e-03  1.20225e-02
 1.13534e-03  1.21585e-02
 9.84333e-04  1.21481e-02

 1.77344e-03  1.19550e-02
 1.28660e-03  1.21391e-02
 1.38244e-03  1.20219e-02
 1.43598e-03  1.21635e-02
 1.28660e-03  1.21391e-02

 2.16753e-03  1.19550e-02
 1.58215e-03  1.21266e-02
 1.68665e-03  1.20171e-02
 1.72923e-03  1.21623e-02
 1.58215e-03  1.21266e-02

 2.56163e-03  1.19550e-02
 1.89208e-03  1.21120e-02
 2.00243e-03  1.20084e-02
 2.03699e-03  1.21558e-02
 1.89208e-03  1.21120e-02

 2.95573e-03  1.19550e-02
 2.20915e-03  1.20949e-02
 2.32405e-03  1.19964e-02
 2.35193e-03  1.21451e-02
 2.20915e-03  1.20949e-02

 3.34983e-03  1.19550e-02
 2.53842e-03  1.20757e-02
 2.65694e-03  1.19816e-02
 2.67922e-03  1.21313e-02
 2.53842e-03  1.20757e-02

 1.98785e-04  1.25250e-02
 1.98785e-04  1.28955e-02
 1.23101e-04  1.27644e-02
 2.74468e-04  1.27644e-02
 1.98785e-04  1.28955e-02

 5.96354e-04  1.25250e-02
 3.62303e-04  1.28819e-02
 3.70900e-04  1.27308e-02
 4.97477e-04  1.28138e-02
 3.62303e-04  1.28819e-02

 9.93924e-04  1.25250e-02
 6.71845e-04  1.28721e-02
 7.05530e-04  1.27245e-02
 8.16488e-04  1.28275e-02
 6.71845e-04  1.28721e-02

 1.39149e-03  1.25250e-02
 9.16254e-04  1.28569e-02
 9.80387e-04  1.27198e-02
 1.06706e-03  1.28439e-02
 9.16254e-04  1.28569e-02

 1.78906e-03  1.25250e-02
 1.20071e-03  1.28380e-02
 1.28090e-03  1.27096e-02
 1.35198e-03  1.28432e-02
 1.20071e-03  1.28380e-02

 2.18663e-03  1.25250e-02
 1.47929e-03  1.28140e-02
 1.57202e-03  1.26943e-02
 1.62927e-03  1.28345e-02
 1.47929e-03  1.28140e-02

 2.58420e-03  1.25250e-02
 1.77575e-03  1.27855e-02
 1.87731e-03  1.26732e-02
 1.92373e-03  1.28173e-02
 1.77575e-03  1.27855e-02

 2.98177e-03  1.25250e-02
 2.08197e-03  1.27527e-02
 2.19049e-03  1.26472e-02
 2.22762e-03  1.27939e-02
 2.08197e-03  1.27527e-02

 3.37934e-03  1.25250e-02
 2.40378e-03  1.27161e-02
 2.51787e-03  1.26167e-02
 2.54697e-03  1.27652e-02
 2.40378e-03  1.27161e-02

 2.00521e-04  1.30950e-02
 2.00521e-04  1.36887e-02
 1.24837e-04  1.35576e-02
 2.76204e-04  1.35576e-02
 2.00521e-04  1.36887e-02

 6.01563e-04  1.30950e-02
 3.52079e-04  1.36815e-02
 3.33745e-04  1.35313e-02
 4.73035e-04  1.35905e-02
 3.52079e-04  1.36815e-02

 1.00260e-03  1.30950e-02
 6.57412e-04  1.36641e-02
 6.60682e-04  1.35128e-02
 7.90104e-04  1.35913e-02
 6.57412e-04  1.36641e-02

 1.40365e-03  1.30950e-02
 8.93312e-04  1.36400e-02
 9.27662e-04  1.34926e-02
 1.03815e-03  1.35961e-02
 8.93312e-04  1.36400e-02

 1.80469e-03  1.30950e-02
 1.17207e-03  1.36067e-02
 1.22640e-03  1.34654e-02
 1.32159e-03  1.35831e-02
 1.17207e-03  1.36067e-02

 2.20573e-03  1.30950e-02
 1.44519e-03  1.35655e-02
 1.51685e-03  1.34322e-02
 1.59648e-03  1.35609e-02
 1.44519e-03  1.35655e-02

 2.60677e-03  1.30950e-02
 1.73808e-03  1.35164e-02
 1.82299e-03  1.33911e-02
 1.88905e-03  1.35273e-02
 1.73808e-03  1.35164e-02

 3.00781e-03  1.30950e-02
 2.04224e-03  1.34604e-02
 2.13805e-03  1.33433e-02
 2.19163e-03  1.34848e-02
 2.04224e-03  1.34604e-02

 3.40885e-03  1.30950e-02
 2.36389e-03  1.33985e-02
 2.46867e-03  1.32893e-02
 2.51089e-03  1.34346e-02
 2.36389e-03  1.33985e-02

 2.02257e-04  1.36650e-02
 2.02257e-04  1.44500e-02
 1.26573e-04  1.43189e-02
 2.77940e-04  1.43189e-02
 2.02257e-04  1.44500e-02

 6.06771e-04  1.36650e-02
 3.62616e-04  1.44524e-02
 3.29151e-04  1.43048e-02
 4.73727e-04  1.43496e-02
 3.62616e-04  1.44524e-02

 1.01128e-03  1.36650e-02
 6.72949e-04  1.44284e-02
 6.56870e-04  1.42779e-02
 7.95256e-04  1.43392e-02
 6.72949e-04  1.44284e-02

 1.41580e-03  1.36650e-02
 9.14645e-04  1.43966e-02
 9.26288e-04  1.42457e-02
 1.05117e-03  1.43312e-02
 9.14645e-04  1.43966e-02

 1.82031e-03  1.36650e-02
 1.19879e-03  1.43492e-02
 1.23091e-03  1.42013e-02
 1.34295e-03  1.43031e-02
 1.19879e-03  1.43492e-02

 2.22483e-03  1.36650e-02
 1.47757e-03  1.42912e-02
 1.52943e-03  1.41490e-02
 1.62665e-03  1.42650e-02
 1.47757e-03  1.42912e-02

 2.62934e-03  1.36650e-02
 1.77646e-03  1.42218e-02
 1.84485e-03  1.40868e-02
 1.92760e-03  1.42135e-02
 1.77646e-03  1.42218e-02

 3.03385e-03  1.36650e-02
 2.08698e-03  1.41434e-02
 2.16986e-03  1.40167e-02
 2.23811e-03  1.41518e-02
 2.08698e-03  1.41434e-02

 3.43837e-03  1.36650e-02
 2.41528e-03  1.40569e-02
 2.51062e-03  1.39393e-02
 2.56476e-03  1.40807e-02
 2.41528e-03  1.40569e-02

 2.03993e-04  1.42350e-02
 2.03993e-04  1.52149e-02
 1.28310e-04  1.50838e-02
 2.79677e-04  1.50838e-02
 2.03993e-04  1.52149e-02

 6.11979e-04  1.42350e-02
 3.88955e-04  1.52258e-02
 3.43904e-04  1.50813e-02
 4.91577e-04  1.51146e-02
 3.88955e-04  1.52258e-02

 1.01997e-03  1.42350e-02
 7.11116e-04  1.51956e-02
 6.79190e-04  1.50476e-02
 8.23292e-04  1.50939e-02
 7.11116e-04  1.51956e-02

 1.42795e-03  1.42350e-02
 9.69794e-04  1.51558e-02
 9.60427e-04  1.50048e-02
 1.09595e-03  1.50722e-02
 9.69794e-04  1.51558e-02

 1.83594e-03  1.42350e-02
 1.26771e-03  1.50942e-02
 1.27690e-03  1.49431e-02
 1.40315e-03  1.50266e-02
 1.26771e-03  1.50942e-02

 2.24392e-03  1.42350e-02
 1.56066e-03  1.50188e-02
 1.58975e-03  1.48702e-02
 1.70385e-03  1.49697e-02
 1.56066e-03  1.50188e-02

 2.65191e-03  1.42350e-02
 1.87245e-03  1.49285e-02
 1.92008e-03  1.47848e-02
 2.02069e-03  1.48979e-02
 1.87245e-03  1.49285e-02

 3.05990e-03  1.42350e-02
 2.19529e-03  1.48267e-02
 2.26072e-03  1.46902e-02
 2.34621e-03  1.48151e-02
 2.19529e-03  1.48267e-02

 3.46788e-03  1.42350e-02
 2.53478e-03  1.47149e-02
 2.61674e-03  1.45876e-02
 2.68597e-03  1.47223e-02
 2.53478e-03  1.47149e-02

 2.05729e-04  1.48050e-02
 2.05729e-04  1.59463e-02
 1.30046e-04  1.58152e-02
 2.81413e-04  1.58152e-02
 2.05729e-04  1.59463e-02

 6.17187e-04  1.48050e-02
 4.29243e-04  1.59648e-02
 3.75503e-04  1.58233e-02
 5.24921e-04  1.58475e-02
 4.29243e-04  1.59648e-02

 1.02865e-03  1.48050e-02
 7.68666e-04  1.59295e-02
 7.24455e-04  1.57847e-02
 8.71932e-04  1.58188e-02
 7.68666e-04  1.59295e-02

 1.44010e-03  1.48050e-02
 1.05379e-03  1.58830e-02
 1.02677e-03  1.57341e-02
 1.16926e-03  1.57852e-02
 1.05379e-03  1.58830e-02

 1.85156e-03  1.48050e-02
 1.37240e-03  1.58088e-02
 1.36057e-03  1.56579e-02
 1.49717e-03  1.57231e-02
 1.37240e-03  1.58088e-02

 2.26302e-03  1.48050e-02
 1.68665e-03  1.57180e-02
 1.69263e-03  1.55667e-02
 1.82062e-03  1.56475e-02
 1.68665e-03  1.57180e-02

 2.67448e-03  1.48050e-02
 2.01716e-03  1.56091e-02
 2.04153e-03  1.54597e-02
 2.15872e-03  1.55555e-02
 2.01716e-03  1.56091e-02

 3.08594e-03  1.48050e-02
 2.35717e-03  1.54866e-02
 2.40121e-03  1.53418e-02
 2.50460e-03  1.54523e-02
 2.35717e-03  1.54866e-02

 3.49740e-03  1.48050e-02
 2.71165e-03  1.53523e-02
 2.77595e-03  1.52153e-02
 2.86247e-03  1.53395e-02
 2.71165e-03  1.53523e-02

 2.07465e-04  1.53750e-02
 2.07465e-04  1.66484e-02
 1.31782e-04  1.65173e-02
 2.83149e-04  1.65173e-02
 2.07465e-04  1.66484e-02

 6.22396e-04  1.53750e-02
 4.80028e-04  1.66725e-02
 4.19093e-04  1.65340e-02
 5.69557e-04  1.65505e-02
 4.80028e-04  1.66725e-02

 1.03733e-03  1.53750e-02
 8.40549e-04  1.66334e-02
 7.86027e-04  1.64922e-02
 9.35576e-04  1.65156e-02
 8.40549e-04  1.66334e-02

 1.45226e-03  1.53750e-02
 1.15924e-03  1.65812e-02
 1.11664e-03  1.64359e-02
 1.26373e-03  1.64717e-02
 1.15924e-03  1.65812e-02

 1.86719e-03  1.53750e-02
 1.50357e-03  1.64964e-02
 1.47201e-03  1.63484e-02
 1.61599e-03  1.63951e-02
 1.50357e-03  1.64964e-02

 2.28212e-03  1.53750e-02
 1.84465e-03  1.63922e-02
 1.82692e-03  1.62419e-02
 1.96597e-03  1.63017e-02
 1.84465e-03  1.63922e-02

 2.69705e-03  1.53750e-02
 2.19803e-03  1.62675e-02
 2.19594e-03  1.61162e-02
 2.32806e-03  1.61901e-02
 2.19803e-03  1.62675e-02

 3.11198e-03  1.53750e-02
 2.55888e-03  1.61274e-02
 2.57555e-03  1.59769e-02
 2.69751e-03  1.60666e-02
 2.55888e-03  1.61274e-02

 3.52691e-03  1.53750e-02
 2.93100e-03  1.59741e-02
 2.96979e-03  1.58278e-02
 3.07711e-03  1.59345e-02
 2.93100e-03  1.59741e-02

 2.09201e-04  1.59450e-02
 2.09201e-04  1.73079e-02
 1.33518e-04  1.71768e-02
 2.84885e-04  1.71768e-02
 2.09201e-04  1.73079e-02

 6.27604e-04  1.59450e-02
 5.38669e-04  1.73355e-02
 4.71506e-04  1.71999e-02
 6.22565e-04  1.72095e-02
 5.38669e-04  1.73355e-02

 1.04601e-03  1.59450e-02
 9.22825e-04  1.72944e-02
 8.59372e-04  1.71569e-02
 1.01011e-03  1.71707e-02
 9.22825e-04  1.72944e-02

 1.46441e-03  1.59450e-02
 1.28059e-03  1.72377e-02
 1.22411e-03  1.70973e-02
 1.37397e-03  1.71186e-02
 1.28059e-03  1.72377e-02

 1.88281e-03  1.59450e-02
 1.65417e-03  1.71455e-02
 1.60435e-03  1.70026e-02
 1.75305e-03  1.70309e-02
 1.65417e-03  1.71455e-02

 2.30122e-03  1.59450e-02
 2.02570e-03  1.70318e-02
 1.98455e-03  1.68861e-02
 2.13127e-03  1.69233e-02
 2.02570e-03  1.70318e-02

 2.71962e-03  1.59450e-02
 2.40517e-03  1.68953e-02
 2.37450e-03  1.67471e-02
 2.51820e-03  1.67946e-02
 2.40517e-03  1.68953e-02

 3.13802e-03  1.59450e-02
 2.78952e-03  1.67419e-02
 2.77270e-03  1.65914e-02
 2.91139e-03  1.66521e-02
 2.78952e-03  1.67419e-02

 3.55642e-03  1.59450e-02
 3.18125e-03  1.65742e-02
 3.18338e-03  1.64228e-02
 3.31339e-03  1.65004e-02
 3.18125e-03  1.65742e-02

 2.10937e-04  1.65150e-02
 2.10937e-04  1.79241e-02
 1.35254e-04  1.77930e-02
 2.86621e-04  1.77930e-02
 2.10938e-04  1.79241e-02

 6.32812e-04  1.65150e-02
 6.01849e-04  1.79538e-02
 5.29003e-04  1.78211e-02
 6.80335e-04  1.78244e-02
 6.01849e-04  1.79538e-02

 1.05469e-03  1.65150e-02
 1.01146e-03  1.79116e-02
 9.39866e-04  1.77782e-02
 1.09116e-03  1.77829e-02
 1.01146e-03  1.79116e-02

 1.47656e-03  1.65150e-02
 1.41122e-03  1.78525e-02
 1.34202e-03  1.77179e-02
 1.49321e-03  1.77252e-02
 1.41122e-03  1.78525e-02

 1.89844e-03  1.65150e-02
 1.81656e-03  1.77556e-02
 1.74968e-03  1.76198e-02
 1.90071e-03  1.76298e-02
 1.81656e-03  1.77556e-02

 2.32031e-03  1.65150e-02
 2.22108e-03  1.76357e-02
 2.15725e-03  1.74985e-02
 2.30803e-03  1.75118e-02
 2.22108e-03  1.76357e-02

 2.74219e-03  1.65150e-02
 2.62865e-03  1.74918e-02
 2.56861e-03  1.73528e-02
 2.71896e-03  1.73703e-02
 2.62865e-03  1.74918e-02

 3.16406e-03  1.65150e-02
 3.03822e-03  1.73300e-02
 2.98343e-03  1.71889e-02
 3.13302e-03  1.72120e-02
 3.03822e-03  1.73300e-02

 3.58594e-03  1.65150e-02
 3.45084e-03  1.71534e-02
 3.40394e-03  1.70095e-02
 3.55203e-03  1.70408e-02
 3.45084e-03  1.71534e-02

 2.12674e-04  1.70850e-02
 2.12674e-04  1.84937e-02
 1.36990e-04  1.83626e-02
 2.88357e-04  1.83626e-02
 2.12674e-04  1.84937e-02

 6.38021e-04  1.70850e-02
 6.67024e-04  1.85235e-02
 5.88714e-04  1.83940e-02
 7.40050e-04  1.83909e-02
 6.67024e-04  1.85235e-02

 1.06337e-03  1.70850e-02
 1.10272e-03  1.84817e-02
 1.02337e-03  1.83528e-02
 1.17468e-03  1.83485e-02
 1.10272e-03  1.84817e-02

 1.48872e-03  1.70850e-02
 1.54602e-03  1.84217e-02
 1.46479e-03  1.82940e-02
 1.61602e-03  1.82875e-02
 1.54602e-03  1.84217e-02

 1.91406e-03  1.70850e-02
 1.98419e-03  1.83234e-02
 1.90122e-03  1.81968e-02
 2.05234e-03  1.81883e-02
 1.98419e-03  1.83234e-02

 2.33941e-03  1.70850e-02
 2.42292e-03  1.82014e-02
 2.33767e-03  1.80763e-02
 2.48861e-03  1.80650e-02
 2.42292e-03  1.82014e-02

 2.76476e-03  1.70850e-02
 2.85957e-03  1.80548e-02
 2.77149e-03  1.79317e-02
 2.92214e-03  1.79170e-02
 2.85957e-03  1.80548e-02

 3.19010e-03  1.70850e-02
 3.29521e-03  1.78900e-02
 3.20319e-03  1.77698e-02
 3.35328e-03  1.77502e-02
 3.29521e-03  1.78900e-02

 3.61545e-03  1.70850e-02
 3.72930e-03  1.77102e-02
 3.63136e-03  1.75948e-02
 3.78027e-03  1.75676e-02
 3.72930e-03  1.77102e-02

 2.14410e-04  1.76550e-02
 2.14410e-04  1.90171e-02
 1.38726e-04  1.88860e-02
 2.90093e-04  1.88860e-02
 2.14410e-04  1.90171e-02

 6.43229e-04  1.76550e-02
 7.31423e-04  1.90452e-02
 6.47592e-04  1.89192e-02
 7.98655e-04  1.89096e-02
 7.31423e-04  1.90452e-02

 1.07205e-03  1.76550e-02
 1.19288e-03  1.90049e-02
 1.10581e-03  1.88811e-02
 1.25657e-03  1.88676e-02
 1.19288e-03  1.90049e-02

 1.50087e-03  1.76550e-02
 1.67945e-03  1.89458e-02
 1.58652e-03  1.88263e-02
 1.73645e-03  1.88056e-02
 1.67945e-03  1.89458e-02

 1.92969e-03  1.76550e-02
 2.15023e-03  1.88493e-02
 2.05200e-03  1.87341e-02
 2.20085e-03  1.87066e-02
 2.15023e-03  1.88493e-02

 2.35851e-03  1.76550e-02
 2.62301e-03  1.87292e-02
 2.51818e-03  1.86200e-02
 2.66516e-03  1.85838e-02
 2.62301e-03  1.87292e-02

 2.78733e-03  1.76550e-02
 3.08856e-03  1.85848e-02
 2.97616e-03  1.84834e-02
 3.12016e-03  1.84367e-02
 3.08856e-03  1.85848e-02

 3.21615e-03  1.76550e-02
 3.55009e-03  1.84225e-02
 3.42839e-03  1.83325e-02
 3.56719e-03  1.82721e-02
 3.55009e-03  1.84225e-02

 3.64497e-03  1.76550e-02
 4.00540e-03  1.82456e-02
 3.87251e-03  1.81731e-02
 4.00171e-03  1.80943e-02
 4.00540e-03  1.82456e-02

 2.16146e-04  1.82250e-02
 2.16146e-04  1.94972e-02
 1.40462e-04  1.93662e-02
 2.91829e-04  1.93662e-02
 2.16146e-04  1.94972e-02

 6.48438e-04  1.82250e-02
 7.92562e-04  1.95218e-02
 7.02862e-04  1.93999e-02
 8.53303e-04  1.93832e-02
 7.92562e-04  1.95218e-02

 1.08073e-03  1.82250e-02
 1.27861e-03  1.94840e-02
 1.18349e-03  1.93662e-02
 1.33302e-03  1.93427e-02
 1.27861e-03  1.94840e-02

 1.51302e-03  1.82250e-02
 1.80651e-03  1.94272e-02
 1.70189e-03  1.93178e-02
 1.84894e-03  1.92819e-02
 1.80651e-03  1.94272e-02

 1.94531e-03  1.82250e-02
 2.30842e-03  1.93355e-02
 2.19574e-03  1.92344e-02
 2.33961e-03  1.91874e-02
 2.30842e-03  1.93355e-02

 2.37760e-03  1.82250e-02
 2.81372e-03  1.92210e-02
 2.69181e-03  1.91313e-02
 2.83047e-03  1.90706e-02
 2.81372e-03  1.92210e-02

 2.80990e-03  1.82250e-02
 3.30680e-03  1.90836e-02
 3.17564e-03  1.90081e-02
 3.30665e-03  1.89323e-02
 3.30680e-03  1.90836e-02

 3.24219e-03  1.82250e-02
 3.79289e-03  1.89292e-02
 3.65252e-03  1.88725e-02
 3.77175e-03  1.87793e-02
 3.79289e-03  1.89292e-02

 3.67448e-03  1.82250e-02
 4.26819e-03  1.87610e-02
 4.12018e-03  1.87293e-02
 4.22161e-03  1.86170e-02
 4.26819e-03  1.87610e-02

 2.17882e-04  1.87950e-02
 2.17882e-04  1.99363e-02
 1.42198e-04  1.98052e-02
 2.93565e-04  1.98052e-02
 2.17882e-04  1.99363e-02

 6.53646e-04  1.87950e-02
 8.47509e-04  1.99555e-02
 7.51260e-04  1.98386e-02
 9.00558e-04  1.98137e-02
 8.47509e-04  1.99555e-02

 1.08941e-03  1.87950e-02
 1.35595e-03  1.99212e-02
 1.25211e-03  1.98110e-02
 1.39941e-03  1.97762e-02
 1.35595e-03  1.99212e-02

 1.52517e-03  1.87950e-02
 1.92119e-03  1.98683e-02
 1.80481e-03  1.97716e-02
 1.94682e-03  1.97192e-02
 1.92119e-03  1.98683e-02

 1.96094e-03  1.87950e-02
 2.45122e-03  1.97844e-02
 2.32520e-03  1.97006e-02
 2.46083e-03  1.96333e-02
 2.45122e-03  1.97844e-02

 2.39670e-03  1.87950e-02
 2.98581e-03  1.96795e-02
 2.85015e-03  1.96124e-02
 2.97613e-03  1.95285e-02
 2.98581e-03  1.96795e-02

 2.83247e-03  1.87950e-02
 3.50356e-03  1.95539e-02
 3.36002e-03  1.95058e-02
 3.47341e-03  1.94055e-02
 3.50356e-03  1.95539e-02

 3.26823e-03  1.87950e-02
 4.01153e-03  1.94128e-02
 3.86234e-03  1.93872e-02
 3.95909e-03  1.92708e-02
 4.01153e-03  1.94128e-02

 3.70399e-03  1.87950e-02
 4.50442e-03  1.92593e-02
 4.35305e-03  1.92590e-02
 4.42901e-03  1.91281e-02
 4.50442e-03  1.92593e-02

 2.19618e-04  1.93650e-02
 2.19618e-04  2.03449e-02
 1.43935e-04  2.02138e-02
 2.95302e-04  2.02138e-02
 2.19618e-04  2.03449e-02

 6.58854e-04  1.93650e-02
 8.93912e-04  2.03565e-02
 7.90029e-04  2.02464e-02
 9.37313e-04  2.02114e-02
 8.93912e-04  2.03565e-02

 1.09809e-03  1.93650e-02
 1.42159e-03  2.03263e-02
 1.30805e-03  2.02262e-02
 1.45151e-03  2.01779e-02
 1.42159e-03  2.03263e-02

 1.53733e-03  1.93650e-02
 2.01825e-03  2.02785e-02
 1.89021e-03  2.01978e-02
 2.02415e-03  2.01272e-02
 2.01825e-03  2.02785e-02

 1.97656e-03  1.93650e-02
 2.57189e-03  2.02049e-02
 2.43434e-03  2.01417e-02
 2.55783e-03  2.00541e-02
 2.57189e-03  2.02049e-02

 2.41580e-03  1.93650e-02
 3.13085e-03  2.01125e-02
 2.98555e-03  2.00701e-02
 3.09493e-03  1.99655e-02
 3.13085e-03  2.01125e-02

 2.85503e-03  1.93650e-02
 3.66893e-03  2.00025e-02
 3.51907e-03  1.99812e-02
 3.61240e-03  1.98621e-02
 3.66893e-03  2.00025e-02

 3.29427e-03  1.93650e-02
 4.19468e-03  1.98790e-02
 4.04331e-03  1.98797e-02
 4.11835e-03  1.97482e-02
 4.19468e-03  1.98790e-02

 3.73351e-03  1.93650e-02
 4.70150e-03  1.97450e-02
 4.55182e-03  1.97676e-02
 4.60713e-03  1.96267e-02
 4.70150e-03  1.97450e-02

 2.21354e-04  1.99350e-02
 2.21354e-04  2.07223e-02
 1.45671e-04  2.05912e-02
 2.97038e-04  2.05912e-02
 2.21354e-04  2.07223e-02

 6.64062e-04  1.99350e-02
 9.27645e-04  2.07252e-02
 8.14372e-04  2.06248e-02
 9.57961e-04  2.05769e-02
 9.27645e-04  2.07252e-02

 1.10677e-03  1.99350e-02
 1.46960e-03  2.07004e-02
 1.34506e-03  2.06144e-02
 1.48184e-03  2.05495e-02
 1.46960e-03  2.07004e-02

 1.54948e-03  1.99350e-02
 2.08880e-03  2.06596e-02
 1.94982e-03  2.05996e-02
 2.07125e-03  2.05093e-02
 2.08880e-03  2.06596e-02

 1.99219e-03  1.99350e-02
 2.65915e-03  2.05993e-02
 2.51286e-03  2.05604e-02
 2.61968e-03  2.04532e-02
 2.65915e-03  2.05993e-02

 2.43490e-03  1.99350e-02
 3.23517e-03  2.05234e-02
 3.08473e-03  2.05068e-02
 3.17440e-03  2.03848e-02
 3.23517e-03  2.05234e-02

 2.87760e-03  1.99350e-02
 3.78717e-03  2.04335e-02
 3.63584e-03  2.04368e-02
 3.70859e-03  2.03041e-02
 3.78717e-03  2.04335e-02

 3.32031e-03  1.99350e-02
 4.32478e-03  2.03326e-02
 4.17504e-03  2.03547e-02
 4.23075e-03  2.02140e-02
 4.32478e-03  2.03326e-02

 3.76302e-03  1.99350e-02
 4.84075e-03  2.02235e-02
 4.69455e-03  2.02627e-02
 4.73370e-03  2.01165e-02
 4.84075e-03  2.02235e-02

 2.23090e-04  2.05050e-02
 2.23090e-04  2.10964e-02
 1.47407e-04  2.09653e-02
 2.98774e-04  2.09653e-02
 2.23090e-04  2.10964e-02

 6.69271e-04  2.05050e-02
 9.46923e-04  2.10883e-02
 8.22247e-04  2.10025e-02
 9.58921e-04  2.09374e-02
 9.46923e-04  2.10883e-02

 1.11545e-03  2.05050e-02
 1.49653e-03  2.10695e-02
 1.36046e-03  2.10032e-02
 1.48591e-03  2.09185e-02
 1.49653e-03  2.10695e-02

 1.56163e-03  2.05050e-02
 2.12724e-03  2.10361e-02
 1.97987e-03  2.10015e-02
 2.08348e-03  2.08912e-02
 2.12724e-03  2.10361e-02

 2.00781e-03  2.05050e-02
 2.70561e-03  2.09899e-02
 2.55478e-03  2.09772e-02
 2.64115e-03  2.08529e-02
 2.70561e-03  2.09899e-02

 2.45399e-03  2.05050e-02
 3.28961e-03  2.09313e-02
 3.13845e-03  2.09392e-02
 3.20724e-03  2.08043e-02
 3.28961e-03  2.09313e-02

 2.90017e-03  2.05050e-02
 3.84758e-03  2.08625e-02
 3.69821e-03  2.08870e-02
 3.75165e-03  2.07454e-02
 3.84758e-03  2.08625e-02

 3.34635e-03  2.05050e-02
 4.39003e-03  2.07854e-02
 4.24380e-03  2.08244e-02
 4.28306e-03  2.06783e-02
 4.39003e-03  2.07854e-02

 3.79253e-03  2.05050e-02
 4.90902e-03  2.07024e-02
 4.76676e-03  2.07541e-02
 4.79311e-03  2.06050e-02
 4.90902e-03  2.07024e-02

 2.24826e-04  2.10750e-02
 2.24826e-04  2.14471e-02
 1.49143e-04  2.13160e-02
 3.00510e-04  2.13160e-02
 2.24826e-04  2.14471e-02

 6.74479e-04  2.10750e-02
 9.43360e-04  2.14323e-02
 8.04067e-04  2.13731e-02
 9.25017e-04  2.12821e-02
 9.43360e-04  2.14323e-02

 1.12413e-03  2.10750e-02
 1.49028e-03  2.14215e-02
 1.34305e-03  2.13863e-02
 1.44708e-03  2.12764e-02
 1.49028e-03  2.14215e-02

 1.57378e-03  2.10750e-02
 2.11631e-03  2.13989e-02
 1.96496e-03  2.13967e-02
 2.04255e-03  2.12667e-02
 2.11631e-03  2.13989e-02

 2.02344e-03  2.10750e-02
 2.69008e-03  2.13702e-02
 2.53958e-03  2.13863e-02
 2.60086e-03  2.12479e-02
 2.69008e-03  2.13702e-02

 2.47309e-03  2.10750e-02
 3.26943e-03  2.13329e-02
 3.12140e-03  2.13645e-02
 3.16804e-03  2.12205e-02
 3.26943e-03  2.13329e-02

 2.92274e-03  2.10750e-02
 3.82292e-03  2.12895e-02
 3.67786e-03  2.13328e-02
 3.71295e-03  2.11855e-02
 3.82292e-03  2.12895e-02

 3.37240e-03  2.10750e-02
 4.36120e-03  2.12408e-02
 4.21940e-03  2.12938e-02
 4.24444e-03  2.11445e-02
 4.36120e-03  2.12408e-02

 3.82205e-03  2.10750e-02
 4.87632e-03  2.11887e-02
 4.73787e-03  2.12499e-02
 4.75410e-03  2.10994e-02
 4.87632e-03  2.11887e-02

 2.26562e-04  2.16450e-02
 2.26562e-04  2.18540e-02
 1.50879e-04  2.17230e-02
 3.02246e-04  2.17230e-02
 2.26563e-04  2.18540e-02

 6.79687e-04  2.16450e-02
 9.18900e-04  2.18298e-02
 7.68893e-04  2.18095e-02
 8.61431e-04  2.16898e-02
 9.18900e-04  2.18298e-02

 1.13281e-03  2.16450e-02
 1.44875e-03  2.18272e-02
 1.29738e-03  2.18273e-02
 1.37301e-03  2.16962e-02
 1.44875e-03  2.18272e-02

 1.58594e-03  2.16450e-02
 2.05370e-03  2.18116e-02
 1.90482e-03  2.18389e-02
 1.95560e-03  2.16963e-02
 2.05370e-03  2.18116e-02

 2.03906e-03  2.16450e-02
 2.60936e-03  2.17961e-02
 2.46326e-03  2.18357e-02
 2.50202e-03  2.16893e-02
 2.60936e-03  2.17961e-02

 2.49219e-03  2.16450e-02
 3.17155e-03  2.17740e-02
 3.02864e-03  2.18239e-02
 3.05688e-03  2.16752e-02
 3.17155e-03  2.17740e-02

 2.94531e-03  2.16450e-02
 3.70994e-03  2.17491e-02
 3.56984e-03  2.18064e-02
 3.59027e-03  2.16564e-02
 3.70994e-03  2.17491e-02

 3.39844e-03  2.16450e-02
 4.23512e-03  2.17209e-02
 4.09773e-03  2.17844e-02
 4.11141e-03  2.16337e-02
 4.23512e-03  2.17209e-02

 3.85156e-03  2.16450e-02
 4.73948e-03  2.16910e-02
 4.60465e-03  2.17598e-02
 4.61249e-03  2.16086e-02
 4.73948e-03  2.16910e-02

 2.28299e-04  2.22150e-02
 2.28299e-04  2.22150e-02
 3.03982e-04  2.23461e-02
 1.52615e-04  2.23461e-02
 2.28299e-04  2.22150e-02

 6.84896e-04  2.22150e-02
 8.47910e-04  2.22150e-02
 7.16823e-04  2.22907e-02
 7.16823e-04  2.21393e-02
 8.47910e-04  2.22150e-02

 1.14149e-03  2.22150e-02
 1.34745e-03  2.22150e-02
 1.21636e-03  2.22907e-02
 1.21636e-03  2.21393e-02
 1.34745e-03  2.22150e-02

 1.59809e-03  2.22150e-02
 1.90421e-03  2.22150e-02
 1.77313e-03  2.22907e-02
 1.77313e-03  2.21393e-02
 1.90421e-03  2.22150e-02

 2.05469e-03  2.22150e-02
 2.42392e-03  2.22150e-02
 2.29284e-03  2.22907e-02
 2.29284e-03  2.21393e-02
 2.42392e-03  2.22150e-02

 2.51128e-03  2.22150e-02
 2.95011e-03  2.22150e-02
 2.81902e-03  2.22907e-02
 2.81902e-03  2.21393e-02
 2.95011e-03  2.22150e-02

 2.96788e-03  2.22150e-02
 3.45942e-03  2.22150e-02
 3.32834e-03  2.22907e-02
 3.32834e-03  2.21393e-02
 3.45942e-03  2.22150e-02

 3.42448e-03  2.22150e-02
 3.96046e-03  2.22150e-02
 3.82937e-03  2.22907e-02
 3.82937e-03  2.21393e-02
 3.96046e-03  2.22150e-02

 3.88108e-03  2.22150e-02
 4.44767e-03  2.22150e-02
 4.31658e-03  2.22907e-02
 4.31658e-03  2.21393e-02
 4.44767e-03  2.22150e-02

 3.76510e-03  1.13850e-02
 3.21022e-03  1.13850e-02
 3.34130e-03  1.13093e-02
 3.34130e-03  1.14607e-02
 3.21022e-03  1.13850e-02

 4.26406e-03  1.13850e-02
 3.67781e-03  1.13850e-02
 3.80890e-03  1.13093e-02
 3.80890e-03  1.14607e-02
 3.67781e-03  1.13850e-02

 4.76302e-03  1.13850e-02
 4.15893e-03  1.13850e-02
 4.29002e-03  1.13093e-02
 4.29002e-03  1.14607e-02
 4.15893e-03  1.13850e-02

 5.26198e-03  1.13850e-02
 4.65448e-03  1.13850e-02
 4.78557e-03  1.13093e-02
 4.78557e-03  1.14607e-02
 4.65448e-03  1.13850e-02

 5.76094e-03  1.13850e-02
 5.16453e-03  1.13850e-02
 5.29562e-03  1.13093e-02
 5.29562e-03  1.14607e-02
 5.16453e-03  1.13850e-02

 6.25990e-03  1.13850e-02
 5.68865e-03  1.13850e-02
 5.81974e-03  1.13093e-02
 5.81974e-03  1.14607e-02
 5.68865e-03  1.13850e-02

 6.75885e-03  1.13850e-02
 6.22623e-03  1.13850e-02
 6.35732e-03  1.13093e-02
 6.35732e-03  1.14607e-02
 6.22623e-03  1.13850e-02

 7.25781e-03  1.13850e-02
 6.77545e-03  1.13850e-02
 6.90654e-03  1.13093e-02
 6.90654e-03  1.14607e-02
 6.77545e-03  1.13850e-02

 7.75677e-03  1.13850e-02
 7.33527e-03  1.13850e-02
 7.46636e-03  1.13093e-02
 7.46636e-03  1.14607e-02
 7.33527e-03  1.13850e-02

 8.25573e-03  1.13850e-02
 7.90139e-03  1.13850e-02
 8.03248e-03  1.13093e-02
 8.03248e-03  1.14607e-02
 7.90139e-03  1.13850e-02

 8.75469e-03  1.13850e-02
 8.47466e-03  1.13850e-02
 8.60575e-03  1.13093e-02
 8.60575e-03  1.14607e-02
 8.47466e-03  1.13850e-02

 9.25365e-03  1.13850e-02
 9.04393e-03  1.13850e-02
 9.17502e-03  1.13093e-02
 9.17502e-03  1.14607e-02
 9.04393e-03  1.13850e-02

 9.75260e-03  1.13850e-02
 9.62121e-03  1.13850e-02
 9.75230e-03  1.13093e-02
 9.75230e-03  1.14607e-02
 9.62121e-03  1.13850e-02

 1.02516e-02  1.13850e-02
 1.01710e-02  1.13850e-02
 1.03021e-02  1.13093e-02
 1.03021e-02  1.14607e-02
 1.01710e-02  1.13850e-02

 1.07505e-02  1.13850e-02
 1.07505e-02  1.13850e-02
 1.06194e-02  1.14607e-02
 1.06194e-02  1.13093e-02
 1.07505e-02  1.13850e-02

 3.79531e-03  1.19550e-02
 2.92427e-03  1.20510e-02
 3.04628e-03  1.19614e-02
 3.06286e-03  1.21119e-02
 2.92427e-03  1.20510e-02

 4.29219e-03  1.19550e-02
 3.37506e-03  1.20217e-02
 3.50031e-03  1.19367e-02
 3.51128e-03  1.20876e-02
 3.37506e-03  1.20217e-02

 4.78906e-03  1.19550e-02
 3.84779e-03  1.19908e-02
 3.97590e-03  1.19102e-02
 3.98166e-03  1.20615e-02
 3.84779e-03  1.19908e-02

 5.28594e-03  1.19550e-02
 4.34307e-03  1.19591e-02
 4.47383e-03  1.18829e-02
 4.47449e-03  1.20342e-02
 4.34307e-03  1.19591e-02

 5.78281e-03  1.19550e-02
 4.86091e-03  1.19276e-02
 4.99419e-03  1.18559e-02
 4.98970e-03  1.20072e-02
 4.86091e-03  1.19276e-02

 6.27969e-03  1.19550e-02
 5.40062e-03  1.18973e-02
 5.53638e-03  1.18304e-02
 5.52648e-03  1.19814e-02
 5.40062e-03  1.18973e-02

 6.77656e-03  1.19550e-02
 5.96085e-03  1.18693e-02
 6.09912e-03  1.18078e-02
 6.08331e-03  1.19583e-02
 5.96085e-03  1.18693e-02

 7.27344e-03  1.19550e-02
 6.53889e-03  1.18449e-02
 6.67975e-03  1.17895e-02
 6.65731e-03  1.19392e-02
 6.53889e-03  1.18449e-02

 7.77031e-03  1.19550e-02
 7.13275e-03  1.18251e-02
 7.27632e-03  1.17771e-02
 7.24609e-03  1.19254e-02
 7.13275e-03  1.18251e-02

 8.26719e-03  1.19550e-02
 7.73627e-03  1.18112e-02
 7.88258e-03  1.17724e-02
 7.84301e-03  1.19185e-02
 7.73627e-03  1.18112e-02

 8.76406e-03  1.19550e-02
 8.34938e-03  1.18038e-02
 8.49846e-03  1.17776e-02
 8.44662e-03  1.19198e-02
 8.34938e-03  1.18038e-02

 9.26094e-03  1.19550e-02
 8.95705e-03  1.18047e-02
 9.10811e-03  1.17950e-02
 9.04100e-03  1.19306e-02
 8.95705e-03  1.18047e-02

 9.75781e-03  1.19550e-02
 9.57194e-03  1.18131e-02
 9.72206e-03  1.18325e-02
 9.63020e-03  1.19528e-02
 9.57194e-03  1.18131e-02

 1.02547e-02  1.19550e-02
 1.01491e-02  1.18334e-02
 1.02922e-02  1.18828e-02
 1.01779e-02  1.19820e-02
 1.01491e-02  1.18334e-02

 1.07516e-02  1.19550e-02
 1.07516e-02  1.18621e-02
 1.08272e-02  1.19932e-02
 1.06759e-02  1.19932e-02
 1.07516e-02  1.18621e-02

 3.82552e-03  1.25250e-02
 2.78207e-03  1.26713e-02
 2.90139e-03  1.25781e-02
 2.92240e-03  1.27280e-02
 2.78207e-03  1.26713e-02

 4.32031e-03  1.25250e-02
 3.22676e-03  1.26183e-02
 3.35094e-03  1.25317e-02
 3.36381e-03  1.26825e-02
 3.22676e-03  1.26183e-02

 4.81510e-03  1.25250e-02
 3.69779e-03  1.25630e-02
 3.82623e-03  1.24829e-02
 3.83138e-03  1.26342e-02
 3.69779e-03  1.25630e-02

 5.30990e-03  1.25250e-02
 4.19546e-03  1.25070e-02
 4.32775e-03  1.24334e-02
 4.32530e-03  1.25848e-02
 4.19546e-03  1.25070e-02

 5.80469e-03  1.25250e-02
 4.71954e-03  1.24518e-02
 4.85542e-03  1.23851e-02
 4.84523e-03  1.25361e-02
 4.71954e-03  1.24518e-02

 6.29948e-03  1.25250e-02
 5.26882e-03  1.23991e-02
 5.40812e-03  1.23399e-02
 5.38977e-03  1.24901e-02
 5.26882e-03  1.23991e-02

 6.79427e-03  1.25250e-02
 5.84164e-03  1.23510e-02
 5.98419e-03  1.23001e-02
 5.95700e-03  1.24490e-02
 5.84164e-03  1.23510e-02

 7.28906e-03  1.25250e-02
 6.43452e-03  1.23095e-02
 6.58014e-03  1.22681e-02
 6.54312e-03  1.24149e-02
 6.43452e-03  1.23095e-02

 7.78385e-03  1.25250e-02
 7.04499e-03  1.22765e-02
 7.19336e-03  1.22465e-02
 7.14510e-03  1.23900e-02
 7.04499e-03  1.22765e-02

 8.27865e-03  1.25250e-02
 7.66605e-03  1.22540e-02
 7.81655e-03  1.22378e-02
 7.75532e-03  1.23763e-02
 7.66605e-03  1.22540e-02

 8.77344e-03  1.25250e-02
 8.29699e-03  1.22440e-02
 8.44836e-03  1.22454e-02
 8.37147e-03  1.23758e-02
 8.29699e-03  1.22440e-02

 9.26823e-03  1.25250e-02
 8.92152e-03  1.22486e-02
 9.07120e-03  1.22711e-02
 8.97683e-03  1.23895e-02
 8.92152e-03  1.22486e-02

 9.76302e-03  1.25250e-02
 9.55195e-03  1.22695e-02
 9.69379e-03  1.23224e-02
 9.57709e-03  1.24188e-02
 9.55195e-03  1.22695e-02

 1.02578e-02  1.25250e-02
 1.01398e-02  1.23108e-02
 1.02694e-02  1.23891e-02
 1.01368e-02  1.24622e-02
 1.01398e-02  1.23108e-02

 1.07526e-02  1.25250e-02
 1.07526e-02  1.23736e-02
 1.08283e-02  1.25047e-02
 1.06769e-02  1.25047e-02
 1.07526e-02  1.23736e-02

 3.85573e-03  1.30950e-02
 2.74137e-03  1.33235e-02
 2.85458e-03  1.32231e-02
 2.88499e-03  1.33713e-02
 2.74137e-03  1.33235e-02

 4.34844e-03  1.30950e-02
 3.18450e-03  1.32364e-02
 3.30551e-03  1.31455e-02
 3.32376e-03  1.32957e-02
 3.18450e-03  1.32364e-02

 4.84115e-03  1.30950e-02
 3.65587e-03  1.31462e-02
 3.78357e-03  1.30649e-02
 3.79010e-03  1.32162e-02
 3.65587e-03  1.31462e-02

 5.33385e-03  1.30950e-02
 4.15554e-03  1.30553e-02
 4.28910e-03  1.29841e-02
 4.28400e-03  1.31353e-02
 4.15554e-03  1.30553e-02

 5.82656e-03  1.30950e-02
 4.68299e-03  1.29662e-02
 4.82172e-03  1.29057e-02
 4.80478e-03  1.30561e-02
 4.68299e-03  1.29662e-02

 6.31927e-03  1.30950e-02
 5.23669e-03  1.28819e-02
 5.37993e-03  1.28330e-02
 5.35070e-03  1.29815e-02
 5.23669e-03  1.28819e-02

 6.81198e-03  1.30950e-02
 5.81462e-03  1.28053e-02
 5.96162e-03  1.27692e-02
 5.91940e-03  1.29146e-02
 5.81462e-03  1.28053e-02

 7.30469e-03  1.30950e-02
 6.41314e-03  1.27396e-02
 6.56293e-03  1.27178e-02
 6.50688e-03  1.28584e-02
 6.41314e-03  1.27396e-02

 7.79740e-03  1.30950e-02
 7.02936e-03  1.26879e-02
 7.18063e-03  1.26825e-02
 7.10974e-03  1.28162e-02
 7.02936e-03  1.26879e-02

 8.29010e-03  1.30950e-02
 7.65616e-03  1.26534e-02
 7.80698e-03  1.26662e-02
 7.72046e-03  1.27904e-02
 7.65616e-03  1.26534e-02

 8.78281e-03  1.30950e-02
 8.29225e-03  1.26393e-02
 8.43980e-03  1.26730e-02
 8.33678e-03  1.27839e-02
 8.29225e-03  1.26393e-02

 9.27552e-03  1.30950e-02
 8.92108e-03  1.26484e-02
 9.06186e-03  1.27041e-02
 8.94329e-03  1.27982e-02
 8.92108e-03  1.26484e-02

 9.76823e-03  1.30950e-02
 9.55411e-03  1.26851e-02
 9.68189e-03  1.27662e-02
 9.54772e-03  1.28363e-02
 9.55411e-03  1.26851e-02

 1.02609e-02  1.30950e-02
 1.01431e-02  1.27531e-02
 1.02574e-02  1.28524e-02
 1.01142e-02  1.29017e-02
 1.01431e-02  1.27531e-02

 1.07536e-02  1.30950e-02
 1.07536e-02  1.28579e-02
 1.08293e-02  1.29890e-02
 1.06780e-02  1.29890e-02
 1.07536e-02  1.28579e-02

 3.88594e-03  1.36650e-02
 2.79768e-03  1.39541e-02
 2.90495e-03  1.38473e-02
 2.94381e-03  1.39936e-02
 2.79768e-03  1.39541e-02

 4.37656e-03  1.36650e-02
 3.24351e-03  1.38357e-02
 3.36185e-03  1.37414e-02
 3.38441e-03  1.38910e-02
 3.24351e-03  1.38357e-02

 4.86719e-03  1.36650e-02
 3.71680e-03  1.37141e-02
 3.84454e-03  1.36329e-02
 3.85099e-03  1.37841e-02
 3.71680e-03  1.37141e-02

 5.35781e-03  1.36650e-02
 4.21749e-03  1.35923e-02
 4.35313e-03  1.35251e-02
 4.34350e-03  1.36762e-02
 4.21749e-03  1.35923e-02

 5.84844e-03  1.36650e-02
 4.74475e-03  1.34738e-02
 4.88683e-03  1.34216e-02
 4.86099e-03  1.35708e-02
 4.74475e-03  1.34738e-02

 6.33906e-03  1.36650e-02
 5.29698e-03  1.33623e-02
 5.44397e-03  1.33262e-02
 5.40175e-03  1.34715e-02
 5.29698e-03  1.33623e-02

 6.82969e-03  1.36650e-02
 5.87206e-03  1.32616e-02
 6.02225e-03  1.32427e-02
 5.96349e-03  1.33822e-02
 5.87206e-03  1.32616e-02

 7.32031e-03  1.36650e-02
 6.46638e-03  1.31759e-02
 6.61774e-03  1.31753e-02
 6.54251e-03  1.33067e-02
 6.46638e-03  1.31759e-02

 7.81094e-03  1.36650e-02
 7.07712e-03  1.31092e-02
 7.22731e-03  1.31280e-02
 7.13592e-03  1.32487e-02
 7.07712e-03  1.31092e-02

 8.30156e-03  1.36650e-02
 7.69736e-03  1.30657e-02
 7.84373e-03  1.31043e-02
 7.73713e-03  1.32117e-02
 7.69736e-03  1.30657e-02

 8.79219e-03  1.36650e-02
 8.32583e-03  1.30498e-02
 8.46533e-03  1.31086e-02
 8.34471e-03  1.32000e-02
 8.32583e-03  1.30498e-02

 9.28281e-03  1.36650e-02
 8.94678e-03  1.30654e-02
 9.07689e-03  1.31427e-02
 8.94484e-03  1.32167e-02
 8.94678e-03  1.30654e-02

 9.77344e-03  1.36650e-02
 9.57093e-03  1.31187e-02
 9.68746e-03  1.32154e-02
 9.54553e-03  1.32680e-02
 9.57093e-03  1.31187e-02

 1.02641e-02  1.36650e-02
 1.01526e-02  1.32133e-02
 1.02575e-02  1.33225e-02
 1.01105e-02  1.33587e-02
 1.01526e-02  1.32133e-02

 1.07547e-02  1.36650e-02
 1.07547e-02  1.33572e-02
 1.08304e-02  1.34883e-02
 1.06790e-02  1.34883e-02
 1.07547e-02  1.33572e-02

 3.91615e-03  1.42350e-02
 2.92568e-03  1.45836e-02
 3.02420e-03  1.44687e-02
 3.07446e-03  1.46115e-02
 2.92568e-03  1.45836e-02

 4.40469e-03  1.42350e-02
 3.37592e-03  1.44341e-02
 3.49025e-03  1.43348e-02
 3.51900e-03  1.44835e-02
 3.37592e-03  1.44341e-02

 4.89323e-03  1.42350e-02
 3.85122e-03  1.42812e-02
 3.97883e-03  1.41997e-02
 3.98553e-03  1.43510e-02
 3.85122e-03  1.42812e-02

 5.38177e-03  1.42350e-02
 4.35111e-03  1.41289e-02
 4.48926e-03  1.40670e-02
 4.47376e-03  1.42176e-02
 4.35111e-03  1.41289e-02

 5.87031e-03  1.42350e-02
 4.87485e-03  1.39814e-02
 5.02056e-03  1.39404e-02
 4.98319e-03  1.40871e-02
 4.87485e-03  1.39814e-02

 6.35885e-03  1.42350e-02
 5.42068e-03  1.38432e-02
 5.57081e-03  1.38239e-02
 5.51248e-03  1.39635e-02
 5.42068e-03  1.38432e-02

 6.84740e-03  1.42350e-02
 5.98687e-03  1.37191e-02
 6.13822e-03  1.37216e-02
 6.06039e-03  1.38514e-02
 5.98687e-03  1.37191e-02

 7.33594e-03  1.42350e-02
 6.56987e-03  1.36139e-02
 6.71936e-03  1.36377e-02
 6.62403e-03  1.37553e-02
 6.56987e-03  1.36139e-02

 7.82448e-03  1.42350e-02
 7.16718e-03  1.35329e-02
 7.31202e-03  1.35769e-02
 7.20152e-03  1.36803e-02
 7.16718e-03  1.35329e-02

 8.31302e-03  1.42350e-02
 7.77260e-03  1.34809e-02
 7.91048e-03  1.35433e-02
 7.78744e-03  1.36315e-02
 7.77260e-03  1.34809e-02

 8.80156e-03  1.42350e-02
 8.38495e-03  1.34636e-02
 8.51383e-03  1.35429e-02
 8.38065e-03  1.36149e-02
 8.38495e-03  1.34636e-02

 9.29010e-03  1.42350e-02
 8.99026e-03  1.34855e-02
 9.10922e-03  1.35791e-02
 8.96868e-03  1.36353e-02
 8.99026e-03  1.34855e-02

 9.77865e-03  1.42350e-02
 9.59807e-03  1.35549e-02
 9.70485e-03  1.36621e-02
 9.55856e-03  1.37010e-02
 9.59807e-03  1.35549e-02

 1.02672e-02  1.42350e-02
 1.01678e-02  1.36745e-02
 1.02652e-02  1.37904e-02
 1.01162e-02  1.38168e-02
 1.01678e-02  1.36745e-02

 1.07557e-02  1.42350e-02
 1.07557e-02  1.38554e-02
 1.08314e-02  1.39865e-02
 1.06800e-02  1.39865e-02
 1.07557e-02  1.38554e-02

 3.94635e-03  1.48050e-02
 3.11376e-03  1.51965e-02
 3.20018e-03  1.50722e-02
 3.26459e-03  1.52092e-02
 3.11376e-03  1.51965e-02

 4.43281e-03  1.48050e-02
 3.56995e-03  1.50206e-02
 3.67878e-03  1.49154e-02
 3.71547e-03  1.50623e-02
 3.56995e-03  1.50206e-02

 4.91927e-03  1.48050e-02
 4.04702e-03  1.48416e-02
 4.17482e-03  1.47605e-02
 4.18116e-03  1.49117e-02
 4.04702e-03  1.48416e-02

 5.40573e-03  1.48050e-02
 4.54460e-03  1.46641e-02
 4.68619e-03  1.46106e-02
 4.66175e-03  1.47599e-02
 4.54460e-03  1.46641e-02

 5.89219e-03  1.48050e-02
 5.06194e-03  1.44929e-02
 5.21128e-03  1.44682e-02
 5.15801e-03  1.46099e-02
 5.06194e-03  1.44929e-02

 6.37865e-03  1.48050e-02
 5.59744e-03  1.43332e-02
 5.74878e-03  1.43361e-02
 5.67052e-03  1.44657e-02
 5.59744e-03  1.43332e-02

 6.86510e-03  1.48050e-02
 6.14943e-03  1.41903e-02
 6.29819e-03  1.42183e-02
 6.19957e-03  1.43332e-02
 6.14943e-03  1.41903e-02

 7.35156e-03  1.48050e-02
 6.71516e-03  1.40699e-02
 6.85818e-03  1.41195e-02
 6.74374e-03  1.42186e-02
 6.71516e-03  1.40699e-02

 7.83802e-03  1.48050e-02
 7.29236e-03  1.39779e-02
 7.42772e-03  1.40456e-02
 7.30137e-03  1.41290e-02
 7.29236e-03  1.39779e-02

 8.32448e-03  1.48050e-02
 7.87599e-03  1.39196e-02
 8.00274e-03  1.40023e-02
 7.86770e-03  1.40707e-02
 7.87599e-03  1.39196e-02

 8.81094e-03  1.48050e-02
 8.46510e-03  1.39019e-02
 8.58266e-03  1.39973e-02
 8.44131e-03  1.40514e-02
 8.46510e-03  1.39019e-02

 9.29740e-03  1.48050e-02
 9.04825e-03  1.39298e-02
 9.15694e-03  1.40352e-02
 9.01135e-03  1.40766e-02
 9.04825e-03  1.39298e-02

 9.78385e-03  1.48050e-02
 9.63349e-03  1.40133e-02
 9.73231e-03  1.41279e-02
 9.58360e-03  1.41562e-02
 9.63349e-03  1.40133e-02

 1.02703e-02  1.48050e-02
 1.01872e-02  1.41542e-02
 1.02789e-02  1.42747e-02
 1.01287e-02  1.42938e-02
 1.01872e-02  1.41542e-02

 1.07568e-02  1.48050e-02
 1.07568e-02  1.43661e-02
 1.08325e-02  1.44972e-02
 1.06811e-02  1.44972e-02
 1.07568e-02  1.43661e-02

 3.97656e-03  1.53750e-02
 3.34591e-03  1.57978e-02
 3.41264e-03  1.56620e-02
 3.49693e-03  1.57877e-02
 3.34591e-03  1.57978e-02

 4.46094e-03  1.53750e-02
 3.80864e-03  1.56005e-02
 3.90781e-03  1.54861e-02
 3.95726e-03  1.56292e-02
 3.80864e-03  1.56005e-02

 4.94531e-03  1.53750e-02
 4.28721e-03  1.54004e-02
 4.41529e-03  1.53197e-02
 4.42112e-03  1.54710e-02
 4.28721e-03  1.54004e-02

 5.42969e-03  1.53750e-02
 4.78122e-03  1.52026e-02
 4.92735e-03  1.51632e-02
 4.88847e-03  1.53095e-02
 4.78122e-03  1.52026e-02

 5.91406e-03  1.53750e-02
 5.28996e-03  1.50126e-02
 5.44133e-03  1.50130e-02
 5.36532e-03  1.51439e-02
 5.28996e-03  1.50126e-02

 6.39844e-03  1.53750e-02
 5.81218e-03  1.48360e-02
 5.95990e-03  1.48690e-02
 5.85745e-03  1.49804e-02
 5.81218e-03  1.48360e-02

 6.88281e-03  1.53750e-02
 6.34650e-03  1.46785e-02
 6.48644e-03  1.47362e-02
 6.36651e-03  1.48286e-02
 6.34650e-03  1.46785e-02

 7.36719e-03  1.53750e-02
 6.89078e-03  1.45463e-02
 7.02173e-03  1.46223e-02
 6.89051e-03  1.46977e-02
 6.89078e-03  1.45463e-02

 7.85156e-03  1.53750e-02
 7.44333e-03  1.44458e-02
 7.56535e-03  1.45354e-02
 7.42676e-03  1.45963e-02
 7.44333e-03  1.44458e-02

 8.33594e-03  1.53750e-02
 8.00040e-03  1.43830e-02
 8.11410e-03  1.44829e-02
 7.97071e-03  1.45314e-02
 8.00040e-03  1.43830e-02

 8.82031e-03  1.53750e-02
 8.56135e-03  1.43653e-02
 8.66723e-03  1.44735e-02
 8.52061e-03  1.45111e-02
 8.56135e-03  1.43653e-02

 9.30469e-03  1.53750e-02
 9.11782e-03  1.43980e-02
 9.21678e-03  1.45125e-02
 9.06811e-03  1.45410e-02
 9.11782e-03  1.43980e-02

 9.78906e-03  1.53750e-02
 9.67592e-03  1.44925e-02
 9.76766e-03  1.46129e-02
 9.61752e-03  1.46322e-02
 9.67592e-03  1.44925e-02

 1.02734e-02  1.53750e-02
 1.02107e-02  1.46501e-02
 1.02974e-02  1.47741e-02
 1.01466e-02  1.47872e-02
 1.02107e-02  1.46501e-02

 1.07578e-02  1.53750e-02
 1.07578e-02  1.48867e-02
 1.08335e-02  1.50177e-02
 1.06821e-02  1.50177e-02
 1.07578e-02  1.48867e-02

 4.00677e-03  1.59450e-02
 3.61050e-03  1.63831e-02
 3.64230e-03  1.62351e-02
 3.75456e-03  1.63367e-02
 3.61050e-03  1.63831e-02

 4.48906e-03  1.59450e-02
 4.08033e-03  1.61710e-02
 4.15842e-03  1.60413e-02
 4.23167e-03  1.61738e-02
 4.08033e-03  1.61710e-02

 4.97135e-03  1.59450e-02
 4.56025e-03  1.59566e-02
 4.68915e-03  1.58773e-02
 4.69342e-03  1.60286e-02
 4.56025e-03  1.59566e-02

 5.45365e-03  1.59450e-02
 5.04990e-03  1.57454e-02
 5.20095e-03  1.57356e-02
 5.13387e-03  1.58713e-02
 5.04990e-03  1.57454e-02

 5.93594e-03  1.59450e-02
 5.54868e-03  1.55431e-02
 5.69414e-03  1.55850e-02
 5.58514e-03  1.56900e-02
 5.54868e-03  1.55431e-02

 6.41823e-03  1.59450e-02
 6.05567e-03  1.53556e-02
 6.18881e-03  1.54276e-02
 6.05988e-03  1.55069e-02
 6.05567e-03  1.53556e-02

 6.90052e-03  1.59450e-02
 6.56987e-03  1.51891e-02
 6.69174e-03  1.52788e-02
 6.55306e-03  1.53395e-02
 6.56987e-03  1.51891e-02

 7.38281e-03  1.59450e-02
 7.08988e-03  1.50497e-02
 7.20258e-03  1.51508e-02
 7.05871e-03  1.51979e-02
 7.08988e-03  1.50497e-02

 7.86510e-03  1.59450e-02
 7.61457e-03  1.49445e-02
 7.71983e-03  1.50532e-02
 7.57299e-03  1.50900e-02
 7.61457e-03  1.49445e-02

 8.34740e-03  1.59450e-02
 8.14170e-03  1.48792e-02
 8.24086e-03  1.49936e-02
 8.09223e-03  1.50223e-02
 8.14170e-03  1.48792e-02

 8.82969e-03  1.59450e-02
 8.67087e-03  1.48622e-02
 8.76477e-03  1.49809e-02
 8.61501e-03  1.50029e-02
 8.67087e-03  1.48622e-02

 9.31198e-03  1.59450e-02
 9.19719e-03  1.48984e-02
 9.28671e-03  1.50205e-02
 9.13625e-03  1.50370e-02
 9.19719e-03  1.48984e-02

 9.79427e-03  1.59450e-02
 9.72444e-03  1.50006e-02
 9.80958e-03  1.51258e-02
 9.65863e-03  1.51369e-02
 9.72444e-03  1.50006e-02

 1.02766e-02  1.59450e-02
 1.02377e-02  1.51691e-02
 1.03198e-02  1.52962e-02
 1.01686e-02  1.53038e-02
 1.02377e-02  1.51691e-02

 1.07589e-02  1.59450e-02
 1.07589e-02  1.54224e-02
 1.08345e-02  1.55534e-02
 1.06832e-02  1.55534e-02
 1.07589e-02  1.54224e-02

 4.03698e-03  1.65150e-02
 3.89514e-03  1.69537e-02
 3.86346e-03  1.68056e-02
 4.00748e-03  1.68522e-02
 3.89514e-03  1.69537e-02

 4.51719e-03  1.65150e-02
 4.37228e-03  1.67337e-02
 4.38159e-03  1.65826e-02
 4.50777e-03  1.66662e-02
 4.37228e-03  1.67337e-02

 4.99740e-03  1.65150e-02
 4.85343e-03  1.65120e-02
 4.98606e-03  1.64391e-02
 4.98292e-03  1.65904e-02
 4.85343e-03  1.65120e-02

 5.47760e-03  1.65150e-02
 5.33826e-03  1.62942e-02
 5.47223e-03  1.63647e-02
 5.34423e-03  1.64455e-02
 5.33826e-03  1.62942e-02

 5.95781e-03  1.65150e-02
 5.82633e-03  1.60863e-02
 5.93712e-03  1.61894e-02
 5.79241e-03  1.62338e-02
 5.82633e-03  1.60863e-02

 6.43802e-03  1.65150e-02
 6.31704e-03  1.58941e-02
 6.41640e-03  1.60083e-02
 6.26782e-03  1.60372e-02
 6.31704e-03  1.58941e-02

 6.91823e-03  1.65150e-02
 6.80984e-03  1.57240e-02
 6.90262e-03  1.58436e-02
 6.75265e-03  1.58642e-02
 6.80984e-03  1.57240e-02

 7.39844e-03  1.65150e-02
 7.30405e-03  1.55823e-02
 7.39255e-03  1.57051e-02
 7.24195e-03  1.57203e-02
 7.30405e-03  1.55823e-02

 7.87865e-03  1.65150e-02
 7.79916e-03  1.54757e-02
 7.88462e-03  1.56006e-02
 7.73370e-03  1.56122e-02
 7.79916e-03  1.54757e-02

 8.35885e-03  1.65150e-02
 8.29447e-03  1.54104e-02
 8.37766e-03  1.55369e-02
 8.22654e-03  1.55457e-02
 8.29447e-03  1.54104e-02

 8.83906e-03  1.65150e-02
 8.78976e-03  1.53946e-02
 8.87113e-03  1.55222e-02
 8.71991e-03  1.55289e-02
 8.78976e-03  1.53946e-02

 9.31927e-03  1.65150e-02
 9.28385e-03  1.54332e-02
 9.36379e-03  1.55617e-02
 9.21250e-03  1.55667e-02
 9.28385e-03  1.54332e-02

 9.79948e-03  1.65150e-02
 9.77778e-03  1.55393e-02
 9.85636e-03  1.56687e-02
 9.70503e-03  1.56720e-02
 9.77778e-03  1.55393e-02

 1.02797e-02  1.65150e-02
 1.02676e-02  1.57129e-02
 1.03453e-02  1.58428e-02
 1.01939e-02  1.58451e-02
 1.02676e-02  1.57129e-02

 1.07599e-02  1.65150e-02
 1.07599e-02  1.59742e-02
 1.08356e-02  1.61053e-02
 1.06842e-02  1.61053e-02
 1.07599e-02  1.59742e-02

 4.06719e-03  1.70850e-02
 4.18881e-03  1.75084e-02
 4.07988e-03  1.74033e-02
 4.22536e-03  1.73615e-02
 4.18881e-03  1.75084e-02

 4.54531e-03  1.70850e-02
 4.67316e-03  1.72881e-02
 4.53927e-03  1.72174e-02
 4.66736e-03  1.71368e-02
 4.67316e-03  1.72881e-02

 5.02344e-03  1.70850e-02
 5.15537e-03  1.70665e-02
 5.03606e-03  1.71597e-02
 5.01504e-03  1.70098e-02
 5.15537e-03  1.70665e-02

 5.50156e-03  1.70850e-02
 5.63511e-03  1.68495e-02
 5.63629e-03  1.70009e-02
 5.50462e-03  1.69262e-02
 5.63511e-03  1.68495e-02

 5.97969e-03  1.70850e-02
 6.11212e-03  1.66429e-02
 6.14701e-03  1.67902e-02
 6.00200e-03  1.67467e-02
 6.11212e-03  1.66429e-02

 6.45781e-03  1.70850e-02
 6.58617e-03  1.64526e-02
 6.63427e-03  1.65962e-02
 6.48592e-03  1.65660e-02
 6.58617e-03  1.64526e-02

 6.93594e-03  1.70850e-02
 7.05709e-03  1.62849e-02
 7.11230e-03  1.64258e-02
 6.96264e-03  1.64032e-02
 7.05709e-03  1.62849e-02

 7.41406e-03  1.70850e-02
 7.52503e-03  1.61458e-02
 7.58481e-03  1.62848e-02
 7.43449e-03  1.62671e-02
 7.52503e-03  1.61458e-02

 7.89219e-03  1.70850e-02
 7.99002e-03  1.60418e-02
 8.05313e-03  1.61794e-02
 7.90242e-03  1.61652e-02
 7.99002e-03  1.60418e-02

 8.37031e-03  1.70850e-02
 8.45290e-03  1.59789e-02
 8.51861e-03  1.61152e-02
 8.36766e-03  1.61040e-02
 8.45290e-03  1.59789e-02

 8.84844e-03  1.70850e-02
 8.91356e-03  1.59650e-02
 8.98151e-03  1.61003e-02
 8.83039e-03  1.60915e-02
 8.91356e-03  1.59650e-02

 9.32656e-03  1.70850e-02
 9.37460e-03  1.60050e-02
 9.44438e-03  1.61393e-02
 9.29316e-03  1.61326e-02
 9.37460e-03  1.60050e-02

 9.80469e-03  1.70850e-02
 9.83401e-03  1.61116e-02
 9.90571e-03  1.62449e-02
 9.75442e-03  1.62404e-02
 9.83401e-03  1.61116e-02

 1.02828e-02  1.70850e-02
 1.02995e-02  1.62845e-02
 1.03724e-02  1.64171e-02
 1.02211e-02  1.64140e-02
 1.02995e-02  1.62845e-02

 1.07609e-02  1.70850e-02
 1.07609e-02  1.65446e-02
 1.08366e-02  1.66757e-02
 1.06853e-02  1.66757e-02
 1.07609e-02  1.65446e-02

 4.09740e-03  1.76550e-02
 4.47958e-03  1.80486e-02
 4.33397e-03  1.80073e-02
 4.44256e-03  1.79018e-02
 4.47958e-03  1.80486e-02

 4.57344e-03  1.76550e-02
 4.97055e-03  1.78352e-02
 4.81990e-03  1.78499e-02
 4.88245e-03  1.77121e-02
 4.97055e-03  1.78352e-02

 5.04948e-03  1.76550e-02
 5.45338e-03  1.76212e-02
 5.32906e-03  1.77075e-02
 5.31643e-03  1.75567e-02
 5.45338e-03  1.76212e-02

 5.52552e-03  1.76550e-02
 5.92779e-03  1.74122e-02
 5.85466e-03  1.75447e-02
 5.77645e-03  1.74151e-02
 5.92779e-03  1.74122e-02

 6.00156e-03  1.76550e-02
 6.39366e-03  1.72139e-02
 6.36313e-03  1.73622e-02
 6.25000e-03  1.72616e-02
 6.39366e-03  1.72139e-02

 6.47760e-03  1.76550e-02
 6.85115e-03  1.70321e-02
 6.84864e-03  1.71834e-02
 6.71882e-03  1.71056e-02
 6.85115e-03  1.70321e-02

 6.95365e-03  1.76550e-02
 7.30052e-03  1.68724e-02
 7.31659e-03  1.70229e-02
 7.17821e-03  1.69616e-02
 7.30052e-03  1.68724e-02

 7.42969e-03  1.76550e-02
 7.74268e-03  1.67407e-02
 7.77182e-03  1.68893e-02
 7.62861e-03  1.68403e-02
 7.74268e-03  1.67407e-02

 7.90573e-03  1.76550e-02
 8.17820e-03  1.66432e-02
 8.21719e-03  1.67894e-02
 8.07103e-03  1.67501e-02
 8.17820e-03  1.66432e-02

 8.38177e-03  1.76550e-02
 8.60943e-03  1.65852e-02
 8.65617e-03  1.67292e-02
 8.50812e-03  1.66977e-02
 8.60943e-03  1.65852e-02

 8.85781e-03  1.76550e-02
 9.03631e-03  1.65743e-02
 9.08962e-03  1.67160e-02
 8.94028e-03  1.66913e-02
 9.03631e-03  1.65743e-02

 9.33385e-03  1.76550e-02
 9.46501e-03  1.66147e-02
 9.52371e-03  1.67542e-02
 9.37353e-03  1.67352e-02
 9.46501e-03  1.66147e-02

 9.80990e-03  1.76550e-02
 9.89044e-03  1.67186e-02
 9.95461e-03  1.68557e-02
 9.80380e-03  1.68427e-02
 9.89044e-03  1.67186e-02

 1.02859e-02  1.76550e-02
 1.03318e-02  1.68852e-02
 1.03995e-02  1.70206e-02
 1.02484e-02  1.70116e-02
 1.03318e-02  1.68852e-02

 1.07620e-02  1.76550e-02
 1.07620e-02  1.71347e-02
 1.08377e-02  1.72658e-02
 1.06863e-02  1.72658e-02
 1.07620e-02  1.71347e-02

 4.12760e-03  1.82250e-02
 4.75566e-03  1.85753e-02
 4.60431e-03  1.85775e-02
 4.67803e-03  1.84453e-02
 4.75566e-03  1.85753e-02

 4.60156e-03  1.82250e-02
 5.25199e-03  1.83757e-02
 5.10720e-03  1.84198e-02
 5.14136e-03  1.82724e-02
 5.25199e-03  1.83757e-02

 5.07552e-03  1.82250e-02
 5.73460e-03  1.81762e-02
 5.60945e-03  1.82614e-02
 5.59828e-03  1.81104e-02
 5.73460e-03  1.81762e-02

 5.54948e-03  1.82250e-02
 6.20321e-03  1.79821e-02
 6.10669e-03  1.80987e-02
 6.05397e-03  1.79568e-02
 6.20321e-03  1.79821e-02

 6.02344e-03  1.82250e-02
 6.65795e-03  1.77987e-02
 6.59134e-03  1.79346e-02
 6.50693e-03  1.78090e-02
 6.65795e-03  1.77987e-02

 6.49740e-03  1.82250e-02
 7.09931e-03  1.76312e-02
 7.05914e-03  1.77772e-02
 6.95284e-03  1.76694e-02
 7.09931e-03  1.76312e-02

 6.97135e-03  1.82250e-02
 7.52804e-03  1.74850e-02
 7.50972e-03  1.76353e-02
 7.38876e-03  1.75443e-02
 7.52804e-03  1.74850e-02

 7.44531e-03  1.82250e-02
 7.94578e-03  1.73652e-02
 7.94525e-03  1.75166e-02
 7.81443e-03  1.74405e-02
 7.94578e-03  1.73652e-02

 7.91927e-03  1.82250e-02
 8.35366e-03  1.72775e-02
 8.36782e-03  1.74282e-02
 8.23023e-03  1.73651e-02
 8.35366e-03  1.72775e-02

 8.39323e-03  1.82250e-02
 8.75537e-03  1.72268e-02
 8.78181e-03  1.73759e-02
 8.63951e-03  1.73242e-02
 8.75537e-03  1.72268e-02

 8.86719e-03  1.82250e-02
 9.15089e-03  1.72196e-02
 9.18813e-03  1.73663e-02
 9.04245e-03  1.73252e-02
 9.15089e-03  1.72196e-02

 9.34115e-03  1.82250e-02
 9.54960e-03  1.72597e-02
 9.59591e-03  1.74038e-02
 9.44795e-03  1.73719e-02
 9.54960e-03  1.72597e-02

 9.81510e-03  1.82250e-02
 9.94350e-03  1.73580e-02
 9.99917e-03  1.74987e-02
 9.84943e-03  1.74766e-02
 9.94350e-03  1.73580e-02

 1.02891e-02  1.82250e-02
 1.03622e-02  1.75135e-02
 1.04241e-02  1.76516e-02
 1.02735e-02  1.76361e-02
 1.03622e-02  1.75135e-02

 1.07630e-02  1.82250e-02
 1.07630e-02  1.77434e-02
 1.08387e-02  1.78745e-02
 1.06873e-02  1.78745e-02
 1.07630e-02  1.77434e-02

 4.15781e-03  1.87950e-02
 5.00282e-03  1.90913e-02
 4.85407e-03  1.91193e-02
 4.90416e-03  1.89765e-02
 5.00282e-03  1.90913e-02

 4.62969e-03  1.87950e-02
 5.50254e-03  1.89123e-02
 5.36254e-03  1.89699e-02
 5.38271e-03  1.88199e-02
 5.50254e-03  1.89123e-02

 5.10156e-03  1.87950e-02
 5.98365e-03  1.87341e-02
 5.85809e-03  1.88186e-02
 5.84766e-03  1.86676e-02
 5.98365e-03  1.87341e-02

 5.57344e-03  1.87950e-02
 6.44592e-03  1.85613e-02
 6.33887e-03  1.86684e-02
 6.29971e-03  1.85221e-02
 6.44592e-03  1.85613e-02

 6.04531e-03  1.87950e-02
 6.88971e-03  1.83989e-02
 6.80318e-03  1.85231e-02
 6.73889e-03  1.83860e-02
 6.88971e-03  1.83989e-02

 6.51719e-03  1.87950e-02
 7.31588e-03  1.82513e-02
 7.25010e-03  1.83876e-02
 7.16492e-03  1.82625e-02
 7.31588e-03  1.82513e-02

 6.98906e-03  1.87950e-02
 7.72570e-03  1.81233e-02
 7.67983e-03  1.82676e-02
 7.57785e-03  1.81557e-02
 7.72570e-03  1.81233e-02

 7.46094e-03  1.87950e-02
 8.12147e-03  1.80194e-02
 8.09409e-03  1.81683e-02
 7.97885e-03  1.80701e-02
 8.12147e-03  1.80194e-02

 7.93281e-03  1.87950e-02
 8.50485e-03  1.79445e-02
 8.49449e-03  1.80955e-02
 8.36889e-03  1.80110e-02
 8.50485e-03  1.79445e-02

 8.40469e-03  1.87950e-02
 8.88074e-03  1.79027e-02
 8.88581e-03  1.80540e-02
 8.75226e-03  1.79827e-02
 8.88074e-03  1.79027e-02

 8.87656e-03  1.87950e-02
 9.24917e-03  1.78997e-02
 9.26868e-03  1.80498e-02
 9.12893e-03  1.79917e-02
 9.24917e-03  1.78997e-02

 9.34844e-03  1.87950e-02
 9.62217e-03  1.79388e-02
 9.65434e-03  1.80867e-02
 9.51016e-03  1.80406e-02
 9.62217e-03  1.79388e-02

 9.82031e-03  1.87950e-02
 9.98924e-03  1.80287e-02
 1.00349e-02  1.81730e-02
 9.88711e-03  1.81404e-02
 9.98924e-03  1.80287e-02

 1.02922e-02  1.87950e-02
 1.03886e-02  1.81687e-02
 1.04434e-02  1.83098e-02
 1.02938e-02  1.82868e-02
 1.03886e-02  1.81687e-02

 1.07641e-02  1.87950e-02
 1.07641e-02  1.83709e-02
 1.08397e-02  1.85020e-02
 1.06884e-02  1.85020e-02
 1.07641e-02  1.83709e-02

 4.18802e-03  1.93650e-02
 5.20748e-03  1.95997e-02
 5.06275e-03  1.96440e-02
 5.09671e-03  1.94965e-02
 5.20748e-03  1.95997e-02

 4.65781e-03  1.93650e-02
 5.70785e-03  1.94463e-02
 5.57130e-03  1.95117e-02
 5.58299e-03  1.93608e-02
 5.70785e-03  1.94463e-02

 5.12760e-03  1.93650e-02
 6.18566e-03  1.92943e-02
 6.05991e-03  1.93786e-02
 6.04982e-03  1.92275e-02
 6.18566e-03  1.92943e-02

 5.59740e-03  1.93650e-02
 6.64084e-03  1.91477e-02
 6.52794e-03  1.92485e-02
 6.49708e-03  1.91003e-02
 6.64084e-03  1.91477e-02

 6.06719e-03  1.93650e-02
 7.07393e-03  1.90106e-02
 6.97541e-03  1.91255e-02
 6.92515e-03  1.89827e-02
 7.07393e-03  1.90106e-02

 6.53698e-03  1.93650e-02
 7.48628e-03  1.88869e-02
 7.40324e-03  1.90134e-02
 7.33516e-03  1.88783e-02
 7.48628e-03  1.88869e-02

 7.00677e-03  1.93650e-02
 7.87955e-03  1.87804e-02
 7.81275e-03  1.89163e-02
 7.72852e-03  1.87905e-02
 7.87955e-03  1.87804e-02

 7.47656e-03  1.93650e-02
 8.25678e-03  1.86950e-02
 8.20664e-03  1.88378e-02
 8.10803e-03  1.87230e-02
 8.25678e-03  1.86950e-02

 7.94635e-03  1.93650e-02
 8.62004e-03  1.86346e-02
 8.58679e-03  1.87823e-02
 8.47553e-03  1.86796e-02
 8.62004e-03  1.86346e-02

 8.41615e-03  1.93650e-02
 8.97523e-03  1.86027e-02
 8.95873e-03  1.87532e-02
 8.83667e-03  1.86637e-02
 8.97523e-03  1.86027e-02

 8.88594e-03  1.93650e-02
 9.32256e-03  1.86039e-02
 9.32298e-03  1.87553e-02
 9.19168e-03  1.86800e-02
 9.32256e-03  1.86039e-02

 9.35573e-03  1.93650e-02
 9.67583e-03  1.86411e-02
 9.69204e-03  1.87916e-02
 9.55360e-03  1.87304e-02
 9.67583e-03  1.86411e-02

 9.82552e-03  1.93650e-02
 1.00230e-02  1.87203e-02
 1.00570e-02  1.88678e-02
 9.91224e-03  1.88235e-02
 1.00230e-02  1.87203e-02

 1.02953e-02  1.93650e-02
 1.04078e-02  1.88417e-02
 1.04542e-02  1.89858e-02
 1.03063e-02  1.89540e-02
 1.04078e-02  1.88417e-02

 1.07651e-02  1.93650e-02
 1.07651e-02  1.90102e-02
 1.08408e-02  1.91412e-02
 1.06894e-02  1.91412e-02
 1.07651e-02  1.90102e-02

 4.21823e-03  1.99350e-02
 5.34992e-03  2.01063e-02
 5.20899e-03  2.01615e-02
 5.23164e-03  2.00118e-02
 5.34992e-03  2.01063e-02

 4.68594e-03  1.99350e-02
 5.84798e-03  1.99839e-02
 5.71383e-03  2.00540e-02
 5.72019e-03  1.99027e-02
 5.84798e-03  1.99839e-02

 5.15365e-03  1.99350e-02
 6.32076e-03  1.98631e-02
 6.19458e-03  1.99467e-02
 6.18527e-03  1.97956e-02
 6.32076e-03  1.98631e-02

 5.62135e-03  1.99350e-02
 6.76849e-03  1.97472e-02
 6.65135e-03  1.98431e-02
 6.62690e-03  1.96937e-02
 6.76849e-03  1.97472e-02

 6.08906e-03  1.99350e-02
 7.19200e-03  1.96396e-02
 7.08496e-03  1.97466e-02
 7.04579e-03  1.96004e-02
 7.19200e-03  1.96396e-02

 6.55677e-03  1.99350e-02
 7.59318e-03  1.95431e-02
 7.49733e-03  1.96603e-02
 7.44380e-03  1.95187e-02
 7.59318e-03  1.95431e-02

 7.02448e-03  1.99350e-02
 7.97393e-03  1.94608e-02
 7.89047e-03  1.95871e-02
 7.82284e-03  1.94517e-02
 7.97393e-03  1.94608e-02

 7.49219e-03  1.99350e-02
 8.33772e-03  1.93957e-02
 8.26790e-03  1.95300e-02
 8.18650e-03  1.94024e-02
 8.33772e-03  1.93957e-02

 7.95990e-03  1.99350e-02
 8.68727e-03  1.93507e-02
 8.63248e-03  1.94918e-02
 8.53768e-03  1.93738e-02
 8.68727e-03  1.93507e-02

 8.42760e-03  1.99350e-02
 9.02894e-03  1.93288e-02
 8.99036e-03  1.94751e-02
 8.88289e-03  1.93685e-02
 9.02894e-03  1.93288e-02

 8.89531e-03  1.99350e-02
 9.36326e-03  1.93332e-02
 9.34253e-03  1.94832e-02
 9.22304e-03  1.93903e-02
 9.36326e-03  1.93332e-02

 9.36302e-03  1.99350e-02
 9.70489e-03  1.93669e-02
 9.70215e-03  1.95182e-02
 9.57245e-03  1.94402e-02
 9.70489e-03  1.93669e-02

 9.83073e-03  1.99350e-02
 1.00412e-02  1.94330e-02
 1.00603e-02  1.95831e-02
 9.92073e-03  1.95246e-02
 1.00412e-02  1.94330e-02

 1.02984e-02  1.99350e-02
 1.04182e-02  1.95329e-02
 1.04533e-02  1.96802e-02
 1.03082e-02  1.96369e-02
 1.04182e-02  1.95329e-02

 1.07661e-02  1.99350e-02
 1.07661e-02  1.96625e-02
 1.08418e-02  1.97936e-02
 1.06905e-02  1.97936e-02
 1.07661e-02  1.96625e-02

 4.24844e-03  2.05050e-02
 5.41661e-03  2.06141e-02
 5.27906e-03  2.06773e-02
 5.29313e-03  2.05265e-02
 5.41661e-03  2.06141e-02

 4.71406e-03  2.05050e-02
 5.90873e-03  2.05231e-02
 5.77651e-03  2.05968e-02
 5.77880e-03  2.04454e-02
 5.90873e-03  2.05231e-02

 5.17969e-03  2.05050e-02
 6.37473e-03  2.04338e-02
 6.24837e-03  2.05172e-02
 6.23937e-03  2.03661e-02
 6.37473e-03  2.04338e-02

 5.64531e-03  2.05050e-02
 6.81492e-03  2.03489e-02
 6.69500e-03  2.04412e-02
 6.67498e-03  2.02912e-02
 6.81492e-03  2.03489e-02

 6.11094e-03  2.05050e-02
 7.23067e-03  2.02705e-02
 7.11788e-03  2.03714e-02
 7.08686e-03  2.02233e-02
 7.23067e-03  2.02705e-02

 6.57656e-03  2.05050e-02
 7.62395e-03  2.02009e-02
 7.51916e-03  2.03101e-02
 7.47695e-03  2.01648e-02
 7.62395e-03  2.02009e-02

 7.04219e-03  2.05050e-02
 7.99701e-03  2.01422e-02
 7.90136e-03  2.02595e-02
 7.84759e-03  2.01180e-02
 7.99701e-03  2.01422e-02

 7.50781e-03  2.05050e-02
 8.35373e-03  2.00964e-02
 8.26861e-03  2.02216e-02
 8.20277e-03  2.00853e-02
 8.35373e-03  2.00964e-02

 7.97344e-03  2.05050e-02
 8.69698e-03  2.00658e-02
 8.62419e-03  2.01985e-02
 8.54565e-03  2.00691e-02
 8.69698e-03  2.00658e-02

 8.43906e-03  2.05050e-02
 9.03337e-03  2.00526e-02
 8.97491e-03  2.01922e-02
 8.88323e-03  2.00718e-02
 9.03337e-03  2.00526e-02

 8.90469e-03  2.05050e-02
 9.36387e-03  2.00590e-02
 9.32256e-03  2.02047e-02
 9.21710e-03  2.00961e-02
 9.36387e-03  2.00590e-02

 9.37031e-03  2.05050e-02
 9.70299e-03  2.00877e-02
 9.68046e-03  2.02374e-02
 9.56210e-03  2.01430e-02
 9.70299e-03  2.00877e-02

 9.83594e-03  2.05050e-02
 1.00391e-02  2.01395e-02
 1.00415e-02  2.02909e-02
 9.90923e-03  2.02173e-02
 1.00391e-02  2.01395e-02

 1.03016e-02  2.05050e-02
 1.04159e-02  2.02172e-02
 1.04378e-02  2.03669e-02
 1.02972e-02  2.03111e-02
 1.04159e-02  2.02172e-02

 1.07672e-02  2.05050e-02
 1.07672e-02  2.03087e-02
 1.08429e-02  2.04398e-02
 1.06915e-02  2.04398e-02
 1.07672e-02  2.03087e-02

 4.27865e-03  2.10750e-02
 5.37742e-03  2.11337e-02
 5.24248e-03  2.12023e-02
 5.25056e-03  2.10512e-02
 5.37742e-03  2.11337e-02

 4.74219e-03  2.10750e-02
 5.86117e-03  2.10778e-02
 5.72989e-03  2.11532e-02
 5.73027e-03  2.10018e-02
 5.86117e-03  2.10778e-02

 5.20573e-03  2.10750e-02
 6.32024e-03  2.10233e-02
 6.19281e-03  2.11050e-02
 6.18579e-03  2.09538e-02
 6.32024e-03  2.10233e-02

 5.66927e-03  2.10750e-02
 6.75533e-03  2.09717e-02
 6.63199e-03  2.10595e-02
 6.61767e-03  2.09088e-02
 6.75533e-03  2.09717e-02

 6.13281e-03  2.10750e-02
 7.16778e-03  2.09245e-02
 7.04895e-03  2.10183e-02
 7.02717e-03  2.08685e-02
 7.16778e-03  2.09245e-02

 6.59635e-03  2.10750e-02
 7.55980e-03  2.08829e-02
 7.44605e-03  2.09827e-02
 7.41645e-03  2.08343e-02
 7.55980e-03  2.08829e-02

 7.05990e-03  2.10750e-02
 7.93366e-03  2.08481e-02
 7.82580e-03  2.09543e-02
 7.78776e-03  2.08078e-02
 7.93366e-03  2.08481e-02

 7.52344e-03  2.10750e-02
 8.29314e-03  2.08214e-02
 8.19232e-03  2.09343e-02
 8.14495e-03  2.07906e-02
 8.29314e-03  2.08214e-02

 7.98698e-03  2.10750e-02
 8.64113e-03  2.08041e-02
 8.54897e-03  2.09242e-02
 8.49106e-03  2.07843e-02
 8.64113e-03  2.08041e-02

 8.45052e-03  2.10750e-02
 8.98388e-03  2.07977e-02
 8.90248e-03  2.09253e-02
 8.83266e-03  2.07910e-02
 8.98388e-03  2.07977e-02

 8.91406e-03  2.10750e-02
 9.32256e-03  2.08036e-02
 9.25527e-03  2.09392e-02
 9.17150e-03  2.08131e-02
 9.32256e-03  2.08036e-02

 9.37760e-03  2.10750e-02
 9.67061e-03  2.08240e-02
 9.62029e-03  2.09668e-02
 9.52181e-03  2.08518e-02
 9.67061e-03  2.08240e-02

 9.84115e-03  2.10750e-02
 1.00180e-02  2.08584e-02
 9.99374e-03  2.10078e-02
 9.87649e-03  2.09120e-02
 1.00180e-02  2.08584e-02

 1.03047e-02  2.10750e-02
 1.04036e-02  2.09109e-02
 1.04008e-02  2.10622e-02
 1.02711e-02  2.09841e-02
 1.04036e-02  2.09109e-02

 1.07682e-02  2.10750e-02
 1.07682e-02  2.09633e-02
 1.08439e-02  2.10944e-02
 1.06925e-02  2.10944e-02
 1.07682e-02  2.09633e-02

 4.30885e-03  2.16450e-02
 5.22947e-03  2.16600e-02
 5.09716e-03  2.17336e-02
 5.09963e-03  2.15822e-02
 5.22947e-03  2.16600e-02

 4.77031e-03  2.16450e-02
 5.70266e-03  2.16293e-02
 5.57287e-03  2.17072e-02
 5.57031e-03  2.15558e-02
 5.70266e-03  2.16293e-02

 5.23177e-03  2.16450e-02
 6.15518e-03  2.15995e-02
 6.02798e-03  2.16816e-02
 6.02053e-03  2.15304e-02
 6.15518e-03  2.15995e-02

 5.69323e-03  2.16450e-02
 6.58781e-03  2.15717e-02
 6.46334e-03  2.16578e-02
 6.45098e-03  2.15070e-02
 6.58781e-03  2.15717e-02

 6.15469e-03  2.16450e-02
 7.00196e-03  2.15465e-02
 6.88050e-03  2.16368e-02
 6.86301e-03  2.14864e-02
 7.00196e-03  2.15465e-02

 6.61615e-03  2.16450e-02
 7.39955e-03  2.15245e-02
 7.28148e-03  2.16193e-02
 7.25848e-03  2.14696e-02
 7.39955e-03  2.15245e-02

 7.07760e-03  2.16450e-02
 7.78276e-03  2.15065e-02
 7.66872e-03  2.16060e-02
 7.63954e-03  2.14575e-02
 7.78276e-03  2.15065e-02

 7.53906e-03  2.16450e-02
 8.15478e-03  2.14930e-02
 8.04565e-03  2.15979e-02
 8.00937e-03  2.14509e-02
 8.15478e-03  2.14930e-02

 8.00052e-03  2.16450e-02
 8.51807e-03  2.14847e-02
 8.41524e-03  2.15958e-02
 8.37046e-03  2.14512e-02
 8.51807e-03  2.14847e-02

 8.46198e-03  2.16450e-02
 8.87803e-03  2.14825e-02
 8.78346e-03  2.16007e-02
 8.72840e-03  2.14597e-02
 8.87803e-03  2.14825e-02

 8.92344e-03  2.16450e-02
 9.23583e-03  2.14870e-02
 9.15302e-03  2.16137e-02
 9.08469e-03  2.14786e-02
 9.23583e-03  2.14870e-02

 9.38490e-03  2.16450e-02
 9.60301e-03  2.14999e-02
 9.53577e-03  2.16356e-02
 9.45194e-03  2.15095e-02
 9.60301e-03  2.14999e-02

 9.84635e-03  2.16450e-02
 9.97250e-03  2.15197e-02
 9.93285e-03  2.16658e-02
 9.82616e-03  2.15584e-02
 9.97250e-03  2.15197e-02

 1.03078e-02  2.16450e-02
 1.03749e-02  2.15513e-02
 1.03601e-02  2.17020e-02
 1.02371e-02  2.16138e-02
 1.03749e-02  2.15513e-02

 1.07693e-02  2.16450e-02
 1.07693e-02  2.15773e-02
 1.08450e-02  2.17084e-02
 1.06936e-02  2.17084e-02
 1.07693e-02  2.15773e-02

 4.33906e-03  2.22150e-02
 4.92369e-03  2.22150e-02
 4.79260e-03  2.22907e-02
 4.79260e-03  2.21393e-02
 4.92369e-03  2.22150e-02

 4.79844e-03  2.22150e-02
 5.38799e-03  2.22150e-02
 5.25690e-03  2.22907e-02
 5.25690e-03  2.21393e-02
 5.38799e-03  2.22150e-02

 5.25781e-03  2.22150e-02
 5.83923e-03  2.22150e-02
 5.70814e-03  2.22907e-02
 5.70814e-03  2.21393e-02
 5.83923e-03  2.22150e-02

 5.71719e-03  2.22150e-02
 6.27815e-03  2.22150e-02
 6.14707e-03  2.22907e-02
 6.14707e-03  2.21393e-02
 6.27815e-03  2.22150e-02

 6.17656e-03  2.22150e-02
 6.70572e-03  2.22150e-02
 6.57463e-03  2.22907e-02
 6.57463e-03  2.21393e-02
 6.70572e-03  2.22150e-02

 6.63594e-03  2.22150e-02
 7.12327e-03  2.22150e-02
 6.99218e-03  2.22907e-02
 6.99218e-03  2.21393e-02
 7.12327e-03  2.22150e-02

 7.09531e-03  2.22150e-02
 7.53223e-03  2.22150e-02
 7.40114e-03  2.22907e-02
 7.40114e-03  2.21393e-02
 7.53223e-03  2.22150e-02

 7.55469e-03  2.22150e-02
 7.93469e-03  2.22150e-02
 7.80361e-03  2.22907e-02
 7.80361e-03  2.21393e-02
 7.93469e-03  2.22150e-02

 8.01406e-03  2.22150e-02
 8.33218e-03  2.22150e-02
 8.20110e-03  2.22907e-02
 8.20110e-03  2.21393e-02
 8.33218e-03  2.22150e-02

 8.47344e-03  2.22150e-02
 8.72826e-03  2.22150e-02
 8.59717e-03  2.22907e-02
 8.59717e-03  2.21393e-02
 8.72826e-03  2.22150e-02

 8.93281e-03  2.22150e-02
 9.12333e-03  2.22150e-02
 8.99224e-03  2.22907e-02
 8.99224e-03  2.21393e-02
 9.12333e-03  2.22150e-02

 9.39219e-03  2.22150e-02
 9.52507e-03  2.22150e-02
 9.39398e-03  2.22907e-02
 9.39398e-03  2.21393e-02
 9.52507e-03  2.22150e-02

 9.85156e-03  2.22150e-02
 9.92811e-03  2.22150e-02
 9.79702e-03  2.22907e-02
 9.79702e-03  2.21393e-02
 9.92811e-03  2.22150e-02

 1.03109e-02  2.22150e-02
 1.03527e-02  2.22150e-02
 1.02216e-02  2.22907e-02
 1.02216e-02  2.21393e-02
 1.03527e-02  2.22150e-02

 1.07703e-02  2.22150e-02
 1.07703e-02  2.22150e-02
 1.09014e-02  2.21393e-02
 1.09014e-02  2.22907e-02
 1.07703e-02  2.22150e-02

