#[ Fluid velocity 2D plot data file: flw.dat ]
 1.95313e-04  1.13850e-02
 1.95313e-04  1.13850e-02
 1.19629e-04  1.12539e-02
 2.70996e-04  1.12539e-02
 1.95313e-04  1.13850e-02

 5.85937e-04  1.13850e-02
 3.34744e-04  1.13850e-02
 4.65832e-04  1.13093e-02
 4.65832e-04  1.14607e-02
 3.34744e-04  1.13850e-02

 9.76562e-04  1.13850e-02
 6.46401e-04  1.13850e-02
 7.77489e-04  1.13093e-02
 7.77489e-04  1.14607e-02
 6.46401e-04  1.13850e-02

 1.36719e-03  1.13850e-02
 8.83517e-04  1.13850e-02
 1.01460e-03  1.13093e-02
 1.01460e-03  1.14607e-02
 8.83517e-04  1.13850e-02

 1.75781e-03  1.13850e-02
 1.16754e-03  1.13850e-02
 1.29863e-03  1.13093e-02
 1.29863e-03  1.14607e-02
 1.16754e-03  1.13850e-02

 2.14844e-03  1.13850e-02
 1.44653e-03  1.13850e-02
 1.57762e-03  1.13093e-02
 1.57762e-03  1.14607e-02
 1.44653e-03  1.13850e-02

 2.53906e-03  1.13850e-02
 1.74711e-03  1.13850e-02
 1.87820e-03  1.13093e-02
 1.87820e-03  1.14607e-02
 1.74711e-03  1.13850e-02

 2.92969e-03  1.13850e-02
 2.06061e-03  1.13850e-02
 2.19170e-03  1.13093e-02
 2.19170e-03  1.14607e-02
 2.06061e-03  1.13850e-02

 3.32031e-03  1.13850e-02
 2.39258e-03  1.13850e-02
 2.52367e-03  1.13093e-02
 2.52367e-03  1.14607e-02
 2.39258e-03  1.13850e-02

 1.97049e-04  1.19550e-02
 1.97049e-04  1.23921e-02
 1.21365e-04  1.22610e-02
 2.72732e-04  1.22610e-02
 1.97049e-04  1.23921e-02

 5.91146e-04  1.19550e-02
 2.25761e-04  1.23652e-02
 2.56429e-04  1.22170e-02
 3.69464e-04  1.23177e-02
 2.25761e-04  1.23652e-02

 9.85243e-04  1.19550e-02
 4.90107e-04  1.23533e-02
 5.44814e-04  1.22121e-02
 6.39687e-04  1.23301e-02
 4.90107e-04  1.23533e-02

 1.37934e-03  1.19550e-02
 6.55761e-04  1.23288e-02
 7.37487e-04  1.22014e-02
 8.06962e-04  1.23359e-02
 6.55761e-04  1.23288e-02

 1.77344e-03  1.19550e-02
 8.87260e-04  1.22995e-02
 9.82016e-04  1.21815e-02
 1.03686e-03  1.23226e-02
 8.87260e-04  1.22995e-02

 2.16753e-03  1.19550e-02
 1.11561e-03  1.22619e-02
 1.22026e-03  1.21525e-02
 1.26265e-03  1.22978e-02
 1.11561e-03  1.22619e-02

 2.56163e-03  1.19550e-02
 1.37688e-03  1.22187e-02
 1.48839e-03  1.21164e-02
 1.52128e-03  1.22641e-02
 1.37688e-03  1.22187e-02

 2.95573e-03  1.19550e-02
 1.65927e-03  1.21711e-02
 1.77613e-03  1.20749e-02
 1.80102e-03  1.22242e-02
 1.65927e-03  1.21711e-02

 3.34983e-03  1.19550e-02
 1.97027e-03  1.21214e-02
 2.09135e-03  1.20306e-02
 2.10948e-03  1.21809e-02
 1.97027e-03  1.21214e-02

 1.98785e-04  1.25250e-02
 1.98785e-04  1.32066e-02
 1.23101e-04  1.30755e-02
 2.74468e-04  1.30755e-02
 1.98785e-04  1.32066e-02

 5.96354e-04  1.25250e-02
 1.96435e-04  1.31955e-02
 1.98587e-04  1.30441e-02
 3.28585e-04  1.31217e-02
 1.96435e-04  1.31955e-02

 9.93924e-04  1.25250e-02
 4.42305e-04  1.31665e-02
 4.70392e-04  1.30177e-02
 5.85159e-04  1.31164e-02
 4.42305e-04  1.31665e-02

 1.39149e-03  1.25250e-02
 5.84707e-04  1.31258e-02
 6.44638e-04  1.29868e-02
 7.35048e-04  1.31082e-02
 5.84707e-04  1.31258e-02

 1.78906e-03  1.25250e-02
 7.99804e-04  1.30701e-02
 8.78090e-04  1.29406e-02
 9.51141e-04  1.30731e-02
 7.99804e-04  1.30701e-02

 2.18663e-03  1.25250e-02
 1.01377e-03  1.30028e-02
 1.10662e-03  1.28832e-02
 1.16372e-03  1.30234e-02
 1.01377e-03  1.30028e-02

 2.58420e-03  1.25250e-02
 1.26527e-03  1.29257e-02
 1.36870e-03  1.28151e-02
 1.41269e-03  1.29600e-02
 1.26527e-03  1.29257e-02

 2.98177e-03  1.25250e-02
 1.54106e-03  1.28425e-02
 1.65279e-03  1.27404e-02
 1.68536e-03  1.28882e-02
 1.54106e-03  1.28425e-02

 3.37934e-03  1.25250e-02
 1.84887e-03  1.27567e-02
 1.96715e-03  1.26622e-02
 1.98981e-03  1.28119e-02
 1.84887e-03  1.27567e-02

 2.00521e-04  1.30950e-02
 2.00521e-04  1.41515e-02
 1.24837e-04  1.40204e-02
 2.76204e-04  1.40204e-02
 2.00521e-04  1.41515e-02

 6.01563e-04  1.30950e-02
 2.05231e-04  1.41511e-02
 1.80431e-04  1.40018e-02
 3.22147e-04  1.40549e-02
 2.05231e-04  1.41511e-02

 1.00260e-03  1.30950e-02
 4.55564e-04  1.41024e-02
 4.51608e-04  1.39511e-02
 5.84629e-04  1.40233e-02
 4.55564e-04  1.41024e-02

 1.40365e-03  1.30950e-02
 6.02461e-04  1.40378e-02
 6.29676e-04  1.38889e-02
 7.45020e-04  1.39869e-02
 6.02461e-04  1.40378e-02

 1.80469e-03  1.30950e-02
 8.22467e-04  1.39464e-02
 8.71953e-04  1.38033e-02
 9.71095e-04  1.39177e-02
 8.22467e-04  1.39464e-02

 2.20573e-03  1.30950e-02
 1.04157e-03  1.38381e-02
 1.11134e-03  1.37037e-02
 1.19278e-03  1.38313e-02
 1.04157e-03  1.38381e-02

 2.60677e-03  1.30950e-02
 1.29851e-03  1.37150e-02
 1.38455e-03  1.35905e-02
 1.44938e-03  1.37273e-02
 1.29851e-03  1.37150e-02

 3.00781e-03  1.30950e-02
 1.57951e-03  1.35837e-02
 1.67904e-03  1.34697e-02
 1.72804e-03  1.36129e-02
 1.57951e-03  1.35837e-02

 3.40885e-03  1.30950e-02
 1.89231e-03  1.34490e-02
 2.00276e-03  1.33455e-02
 2.03717e-03  1.34929e-02
 1.89231e-03  1.34490e-02

 2.02257e-04  1.36650e-02
 2.02257e-04  1.50067e-02
 1.26573e-04  1.48756e-02
 2.77940e-04  1.48756e-02
 2.02257e-04  1.50067e-02

 6.06771e-04  1.36650e-02
 2.50279e-04  1.50185e-02
 2.10479e-04  1.48725e-02
 3.56854e-04  1.49110e-02
 2.50279e-04  1.50185e-02

 1.01128e-03  1.36650e-02
 5.20500e-04  1.49539e-02
 4.96419e-04  1.48045e-02
 6.37878e-04  1.48583e-02
 5.20500e-04  1.49539e-02

 1.41580e-03  1.36650e-02
 6.95474e-04  1.48696e-02
 6.97796e-04  1.47182e-02
 8.27707e-04  1.47959e-02
 6.95474e-04  1.48696e-02

 1.82031e-03  1.36650e-02
 9.37238e-04  1.47477e-02
 9.61446e-04  1.45982e-02
 1.07874e-03  1.46939e-02
 9.37238e-04  1.47477e-02

 2.22483e-03  1.36650e-02
 1.17744e-03  1.46049e-02
 1.22446e-03  1.44610e-02
 1.32555e-03  1.45737e-02
 1.17744e-03  1.46049e-02

 2.62934e-03  1.36650e-02
 1.45193e-03  1.44435e-02
 1.51954e-03  1.43080e-02
 1.60302e-03  1.44343e-02
 1.45193e-03  1.44435e-02

 3.03385e-03  1.36650e-02
 1.74769e-03  1.42727e-02
 1.83388e-03  1.41482e-02
 1.89854e-03  1.42851e-02
 1.74769e-03  1.42727e-02

 3.43837e-03  1.36650e-02
 2.07198e-03  1.40983e-02
 2.17406e-03  1.39865e-02
 2.21981e-03  1.41308e-02
 2.07198e-03  1.40983e-02

 2.03993e-04  1.42350e-02
 2.03993e-04  1.58499e-02
 1.28310e-04  1.57188e-02
 2.79677e-04  1.57188e-02
 2.03993e-04  1.58499e-02

 6.11979e-04  1.42350e-02
 3.16057e-04  1.58693e-02
 2.64940e-04  1.57268e-02
 4.13885e-04  1.57538e-02
 3.16057e-04  1.58693e-02

 1.01997e-03  1.42350e-02
 6.14173e-04  1.57912e-02
 5.74015e-04  1.56453e-02
 7.20484e-04  1.56835e-02
 6.14173e-04  1.57912e-02

 1.42795e-03  1.42350e-02
 8.30816e-04  1.56887e-02
 8.10619e-04  1.55386e-02
 9.50633e-04  1.55962e-02
 8.30816e-04  1.56887e-02

 1.83594e-03  1.42350e-02
 1.10340e-03  1.55392e-02
 1.10161e-03  1.53878e-02
 1.23358e-03  1.54619e-02
 1.10340e-03  1.55392e-02

 2.24392e-03  1.42350e-02
 1.37341e-03  1.53648e-02
 1.39347e-03  1.52148e-02
 1.51337e-03  1.53072e-02
 1.37341e-03  1.53648e-02

 2.65191e-03  1.42350e-02
 1.67173e-03  1.51683e-02
 1.71448e-03  1.50230e-02
 1.81886e-03  1.51327e-02
 1.67173e-03  1.51683e-02

 3.05990e-03  1.42350e-02
 1.98716e-03  1.49608e-02
 2.05332e-03  1.48247e-02
 2.13814e-03  1.49500e-02
 1.98716e-03  1.49608e-02

 3.46788e-03  1.42350e-02
 2.32620e-03  1.47494e-02
 2.41462e-03  1.46265e-02
 2.47680e-03  1.47645e-02
 2.32620e-03  1.47494e-02

 2.05729e-04  1.48050e-02
 2.05729e-04  1.66189e-02
 1.30046e-04  1.64878e-02
 2.81413e-04  1.64878e-02
 2.05729e-04  1.66189e-02

 6.17187e-04  1.48050e-02
 3.96426e-04  1.66429e-02
 3.36916e-04  1.65037e-02
 4.87203e-04  1.65218e-02
 3.96426e-04  1.66429e-02

 1.02865e-03  1.48050e-02
 7.27305e-04  1.65556e-02
 6.74955e-04  1.64136e-02
 8.24128e-04  1.64393e-02
 7.27305e-04  1.65556e-02

 1.44010e-03  1.48050e-02
 9.94881e-04  1.64397e-02
 9.56306e-04  1.62933e-02
 1.10235e-03  1.63331e-02
 9.94881e-04  1.64397e-02

 1.85156e-03  1.48050e-02
 1.30436e-03  1.62700e-02
 1.27933e-03  1.61207e-02
 1.42112e-03  1.61737e-02
 1.30436e-03  1.62700e-02

 2.26302e-03  1.48050e-02
 1.61042e-03  1.60721e-02
 1.60316e-03  1.59209e-02
 1.73772e-03  1.59902e-02
 1.61042e-03  1.60721e-02

 2.67448e-03  1.48050e-02
 1.93724e-03  1.58491e-02
 1.95103e-03  1.56983e-02
 2.07468e-03  1.57856e-02
 1.93724e-03  1.58491e-02

 3.08594e-03  1.48050e-02
 2.27620e-03  1.56140e-02
 2.31545e-03  1.54678e-02
 2.42243e-03  1.55749e-02
 2.27620e-03  1.56140e-02

 3.49740e-03  1.48050e-02
 2.63279e-03  1.53743e-02
 2.70065e-03  1.52390e-02
 2.78389e-03  1.53655e-02
 2.63279e-03  1.53743e-02

 2.07465e-04  1.53750e-02
 2.07465e-04  1.73314e-02
 1.31782e-04  1.72003e-02
 2.83149e-04  1.72003e-02
 2.07465e-04  1.73314e-02

 6.22396e-04  1.53750e-02
 4.83600e-04  1.73568e-02
 4.17260e-04  1.72207e-02
 5.68257e-04  1.72313e-02
 4.83600e-04  1.73568e-02

 1.03733e-03  1.53750e-02
 8.48958e-04  1.72643e-02
 7.86653e-04  1.71263e-02
 9.37273e-04  1.71414e-02
 8.48958e-04  1.72643e-02

 1.45226e-03  1.53750e-02
 1.17196e-03  1.71392e-02
 1.11779e-03  1.69978e-02
 1.26728e-03  1.70216e-02
 1.17196e-03  1.71392e-02

 1.86719e-03  1.53750e-02
 1.52118e-03  1.69560e-02
 1.47527e-03  1.68118e-02
 1.62314e-03  1.68442e-02
 1.52118e-03  1.69560e-02

 2.28212e-03  1.53750e-02
 1.86656e-03  1.67418e-02
 1.83228e-03  1.65943e-02
 1.97711e-03  1.66384e-02
 1.86656e-03  1.67418e-02

 2.69705e-03  1.53750e-02
 2.22444e-03  1.65001e-02
 2.20543e-03  1.63499e-02
 2.34499e-03  1.64086e-02
 2.22444e-03  1.65001e-02

 3.11198e-03  1.53750e-02
 2.58926e-03  1.62450e-02
 2.59190e-03  1.60936e-02
 2.72164e-03  1.61716e-02
 2.58926e-03  1.62450e-02

 3.52691e-03  1.53750e-02
 2.96513e-03  1.59845e-02
 2.99832e-03  1.58368e-02
 3.10962e-03  1.59394e-02
 2.96513e-03  1.59845e-02

 2.09201e-04  1.59450e-02
 2.09201e-04  1.79730e-02
 1.33518e-04  1.78419e-02
 2.84885e-04  1.78419e-02
 2.09201e-04  1.79730e-02

 6.27604e-04  1.59450e-02
 5.72960e-04  1.79975e-02
 5.00792e-04  1.78644e-02
 6.52105e-04  1.78684e-02
 5.72960e-04  1.79975e-02

 1.04601e-03  1.59450e-02
 9.72953e-04  1.79037e-02
 9.02208e-04  1.77699e-02
 1.05347e-03  1.77755e-02
 9.72953e-04  1.79037e-02

 1.46441e-03  1.59450e-02
 1.35310e-03  1.77743e-02
 1.28552e-03  1.76388e-02
 1.43661e-03  1.76480e-02
 1.35310e-03  1.77743e-02

 1.88281e-03  1.59450e-02
 1.74320e-03  1.75848e-02
 1.67891e-03  1.74477e-02
 1.82973e-03  1.74606e-02
 1.74320e-03  1.75848e-02

 2.30122e-03  1.59450e-02
 2.12960e-03  1.73621e-02
 2.07023e-03  1.72229e-02
 2.22050e-03  1.72411e-02
 2.12960e-03  1.73621e-02

 2.71962e-03  1.59450e-02
 2.52009e-03  1.71106e-02
 2.46761e-03  1.69686e-02
 2.61681e-03  1.69942e-02
 2.52009e-03  1.71106e-02

 3.13802e-03  1.59450e-02
 2.91236e-03  1.68444e-02
 2.87085e-03  1.66989e-02
 3.01766e-03  1.67357e-02
 2.91236e-03  1.68444e-02

 3.55642e-03  1.59450e-02
 3.30892e-03  1.65719e-02
 3.28666e-03  1.64222e-02
 3.42745e-03  1.64778e-02
 3.30892e-03  1.65719e-02

 2.10937e-04  1.65150e-02
 2.10937e-04  1.85508e-02
 1.35254e-04  1.84197e-02
 2.86621e-04  1.84197e-02
 2.10938e-04  1.85508e-02

 6.32812e-04  1.65150e-02
 6.60320e-04  1.85726e-02
 5.82891e-04  1.84425e-02
 7.34244e-04  1.84405e-02
 6.60320e-04  1.85726e-02

 1.05469e-03  1.65150e-02
 1.09370e-03  1.84807e-02
 1.01543e-03  1.83512e-02
 1.16677e-03  1.83482e-02
 1.09370e-03  1.84807e-02

 1.47656e-03  1.65150e-02
 1.53016e-03  1.83511e-02
 1.45068e-03  1.82223e-02
 1.60199e-03  1.82178e-02
 1.53016e-03  1.83511e-02

 1.89844e-03  1.65150e-02
 1.96065e-03  1.81616e-02
 1.88007e-03  1.80335e-02
 2.03133e-03  1.80278e-02
 1.96065e-03  1.81616e-02

 2.32031e-03  1.65150e-02
 2.38810e-03  1.79380e-02
 2.30627e-03  1.78107e-02
 2.45746e-03  1.78035e-02
 2.38810e-03  1.79380e-02

 2.74219e-03  1.65150e-02
 2.81156e-03  1.76847e-02
 2.72824e-03  1.75583e-02
 2.87935e-03  1.75493e-02
 2.81156e-03  1.76847e-02

 3.16406e-03  1.65150e-02
 3.23190e-03  1.74158e-02
 3.14659e-03  1.72908e-02
 3.29753e-03  1.72794e-02
 3.23190e-03  1.74158e-02

 3.58594e-03  1.65150e-02
 3.64987e-03  1.71396e-02
 3.56123e-03  1.70169e-02
 3.71181e-03  1.70015e-02
 3.64987e-03  1.71396e-02

 2.12674e-04  1.70850e-02
 2.12674e-04  1.90659e-02
 1.36990e-04  1.89348e-02
 2.88357e-04  1.89348e-02
 2.12674e-04  1.90659e-02

 6.38021e-04  1.70850e-02
 7.42911e-04  1.90838e-02
 6.60462e-04  1.89569e-02
 8.11620e-04  1.89489e-02
 7.42911e-04  1.90838e-02

 1.06337e-03  1.70850e-02
 1.20764e-03  1.89963e-02
 1.12230e-03  1.88713e-02
 1.27324e-03  1.88599e-02
 1.20764e-03  1.89963e-02

 1.48872e-03  1.70850e-02
 1.69783e-03  1.88701e-02
 1.60741e-03  1.87488e-02
 1.75775e-03  1.87311e-02
 1.69783e-03  1.88701e-02

 1.91406e-03  1.70850e-02
 2.16708e-03  1.86865e-02
 2.07187e-03  1.85688e-02
 2.22138e-03  1.85452e-02
 2.16708e-03  1.86865e-02

 2.33941e-03  1.70850e-02
 2.63439e-03  1.84684e-02
 2.53303e-03  1.83560e-02
 2.68107e-03  1.83244e-02
 2.63439e-03  1.84684e-02

 2.76476e-03  1.70850e-02
 3.09020e-03  1.82210e-02
 2.98134e-03  1.81158e-02
 3.12686e-03  1.80741e-02
 3.09020e-03  1.82210e-02

 3.19010e-03  1.70850e-02
 3.53843e-03  1.79573e-02
 3.41953e-03  1.78637e-02
 3.56011e-03  1.78075e-02
 3.53843e-03  1.79573e-02

 3.61545e-03  1.70850e-02
 3.97791e-03  1.76858e-02
 3.84539e-03  1.76127e-02
 3.97500e-03  1.75345e-02
 3.97791e-03  1.76858e-02

 2.14410e-04  1.76550e-02
 2.14410e-04  1.95245e-02
 1.38726e-04  1.93934e-02
 2.90093e-04  1.93934e-02
 2.14410e-04  1.95245e-02

 6.43229e-04  1.76550e-02
 8.18376e-04  1.95376e-02
 7.30874e-04  1.94140e-02
 8.81590e-04  1.94000e-02
 8.18376e-04  1.95376e-02

 1.07205e-03  1.76550e-02
 1.31169e-03  1.94563e-02
 1.21938e-03  1.93364e-02
 1.36943e-03  1.93164e-02
 1.31169e-03  1.94563e-02

 1.50087e-03  1.76550e-02
 1.85148e-03  1.93368e-02
 1.75064e-03  1.92240e-02
 1.89882e-03  1.91931e-02
 1.85148e-03  1.93368e-02

 1.92969e-03  1.76550e-02
 2.35674e-03  1.91638e-02
 2.24821e-03  1.90582e-02
 2.39386e-03  1.90170e-02
 2.35674e-03  1.91638e-02

 2.35851e-03  1.76550e-02
 2.86145e-03  1.89573e-02
 2.74362e-03  1.88623e-02
 2.88482e-03  1.88077e-02
 2.86145e-03  1.89573e-02

 2.78733e-03  1.76550e-02
 3.34792e-03  1.87225e-02
 3.21997e-03  1.86416e-02
 3.35398e-03  1.85713e-02
 3.34792e-03  1.87225e-02

 3.21615e-03  1.76550e-02
 3.82280e-03  1.84715e-02
 3.68387e-03  1.84115e-02
 3.80538e-03  1.83212e-02
 3.82280e-03  1.84715e-02

 3.64497e-03  1.76550e-02
 4.28303e-03  1.82125e-02
 4.13452e-03  1.81832e-02
 4.23411e-03  1.80693e-02
 4.28303e-03  1.82125e-02

 2.16146e-04  1.82250e-02
 2.16146e-04  1.99342e-02
 1.40462e-04  1.98031e-02
 2.91829e-04  1.98031e-02
 2.16146e-04  1.99342e-02

 6.48438e-04  1.82250e-02
 8.85145e-04  1.99417e-02
 7.92265e-04  1.98221e-02
 9.42213e-04  1.98015e-02
 8.85145e-04  1.99417e-02

 1.08073e-03  1.82250e-02
 1.40392e-03  1.98681e-02
 1.30436e-03  1.97541e-02
 1.45288e-03  1.97249e-02
 1.40392e-03  1.98681e-02

 1.51302e-03  1.82250e-02
 1.98798e-03  1.97576e-02
 1.87688e-03  1.96548e-02
 2.02147e-03  1.96100e-02
 1.98798e-03  1.97576e-02

 1.94531e-03  1.82250e-02
 2.52561e-03  1.95989e-02
 2.40488e-03  1.95076e-02
 2.54432e-03  1.94487e-02
 2.52561e-03  1.95989e-02

 2.37760e-03  1.82250e-02
 3.06412e-03  1.94089e-02
 2.93289e-03  1.93335e-02
 3.06384e-03  1.92575e-02
 3.06412e-03  1.94089e-02

 2.80990e-03  1.82250e-02
 3.57846e-03  1.91926e-02
 3.43767e-03  1.91370e-02
 3.55619e-03  1.90429e-02
 3.57846e-03  1.91926e-02

 3.24219e-03  1.82250e-02
 4.07773e-03  1.89608e-02
 3.92934e-03  1.89310e-02
 4.02938e-03  1.88174e-02
 4.07773e-03  1.89608e-02

 3.67448e-03  1.82250e-02
 4.55695e-03  1.87212e-02
 4.40559e-03  1.87230e-02
 4.47978e-03  1.85910e-02
 4.55695e-03  1.87212e-02

 2.17882e-04  1.87950e-02
 2.17882e-04  2.03008e-02
 1.42198e-04  2.01697e-02
 2.93565e-04  2.01697e-02
 2.17882e-04  2.03008e-02

 6.53646e-04  1.87950e-02
 9.41288e-04  2.03019e-02
 8.42368e-04  2.01873e-02
 9.91050e-04  2.01589e-02
 9.41288e-04  2.03019e-02

 1.08941e-03  1.87950e-02
 1.48177e-03  2.02371e-02
 1.37432e-03  2.01305e-02
 1.52038e-03  2.00907e-02
 1.48177e-03  2.02371e-02

 1.52517e-03  1.87950e-02
 2.10337e-03  2.01377e-02
 1.98201e-03  2.00472e-02
 2.12103e-03  1.99874e-02
 2.10337e-03  2.01377e-02

 1.96094e-03  1.87950e-02
 2.66855e-03  1.99970e-02
 2.53682e-03  1.99224e-02
 2.66727e-03  1.98456e-02
 2.66855e-03  1.99970e-02

 2.39670e-03  1.87950e-02
 3.23588e-03  1.98280e-02
 3.09448e-03  1.97740e-02
 3.21197e-03  1.96785e-02
 3.23588e-03  1.98280e-02

 2.83247e-03  1.87950e-02
 3.77412e-03  1.96357e-02
 3.62593e-03  1.96048e-02
 3.72674e-03  1.94919e-02
 3.77412e-03  1.96357e-02

 3.26823e-03  1.87950e-02
 4.29412e-03  1.94293e-02
 4.14282e-03  1.94247e-02
 4.22242e-03  1.92960e-02
 4.29412e-03  1.94293e-02

 3.70399e-03  1.87950e-02
 4.78960e-03  1.92158e-02
 4.64002e-03  1.92390e-02
 4.69472e-03  1.90978e-02
 4.78960e-03  1.92158e-02

 2.19618e-04  1.93650e-02
 2.19618e-04  2.06385e-02
 1.43935e-04  2.05074e-02
 2.95302e-04  2.05074e-02
 2.19618e-04  2.06385e-02

 6.58854e-04  1.93650e-02
 9.85807e-04  2.06322e-02
 8.79773e-04  2.05241e-02
 1.02634e-03  2.04863e-02
 9.85807e-04  2.06322e-02

 1.09809e-03  1.93650e-02
 1.54384e-03  2.05766e-02
 1.42755e-03  2.04797e-02
 1.56961e-03  2.04275e-02
 1.54384e-03  2.05766e-02

 1.53733e-03  1.93650e-02
 2.19510e-03  2.04897e-02
 2.06359e-03  2.04148e-02
 2.19425e-03  2.03384e-02
 2.19510e-03  2.04897e-02

 1.97656e-03  1.93650e-02
 2.78199e-03  2.03693e-02
 2.64093e-03  2.03144e-02
 2.75902e-03  2.02197e-02
 2.78199e-03  2.03693e-02

 2.41580e-03  1.93650e-02
 3.37191e-03  2.02244e-02
 3.22382e-03  2.01930e-02
 3.32501e-03  2.00805e-02
 3.37191e-03  2.02244e-02

 2.85503e-03  1.93650e-02
 3.92860e-03  2.00598e-02
 3.77743e-03  2.00521e-02
 3.85968e-03  1.99251e-02
 3.92860e-03  2.00598e-02

 3.29427e-03  1.93650e-02
 4.46464e-03  1.98831e-02
 4.31414e-03  1.98992e-02
 4.37541e-03  1.97608e-02
 4.46464e-03  1.98831e-02

 3.73351e-03  1.93650e-02
 4.97222e-03  1.97005e-02
 4.82590e-03  1.97393e-02
 4.86547e-03  1.95932e-02
 4.97222e-03  1.97005e-02

 2.21354e-04  1.99350e-02
 2.21354e-04  2.09471e-02
 1.45671e-04  2.08160e-02
 2.97038e-04  2.08160e-02
 2.21354e-04  2.09471e-02

 6.64062e-04  1.99350e-02
 1.01521e-03  2.09331e-02
 9.00313e-04  2.08346e-02
 1.04310e-03  2.07843e-02
 1.01521e-03  2.09331e-02

 1.10677e-03  1.99350e-02
 1.58516e-03  2.08882e-02
 1.45872e-03  2.08050e-02
 1.59400e-03  2.07371e-02
 1.58516e-03  2.08882e-02

 1.54948e-03  1.99350e-02
 2.25567e-03  2.08162e-02
 2.11463e-03  2.07612e-02
 2.23275e-03  2.06666e-02
 2.25567e-03  2.08162e-02

 1.99219e-03  1.99350e-02
 2.85649e-03  2.07194e-02
 2.70856e-03  2.06873e-02
 2.81028e-03  2.05752e-02
 2.85649e-03  2.07194e-02

 2.43490e-03  1.99350e-02
 3.46071e-03  2.06025e-02
 3.30956e-03  2.05944e-02
 3.39211e-03  2.04675e-02
 3.46071e-03  2.06025e-02

 2.87760e-03  1.99350e-02
 4.02883e-03  2.04703e-02
 3.87805e-03  2.04837e-02
 3.94187e-03  2.03464e-02
 4.02883e-03  2.04703e-02

 3.32031e-03  1.99350e-02
 4.57454e-03  2.03284e-02
 4.42681e-03  2.03614e-02
 4.47211e-03  2.02170e-02
 4.57454e-03  2.03284e-02

 3.76302e-03  1.99350e-02
 5.08922e-03  2.01821e-02
 4.94649e-03  2.02325e-02
 4.97422e-03  2.00837e-02
 5.08922e-03  2.01821e-02

 2.23090e-04  2.05050e-02
 2.23090e-04  2.12593e-02
 1.47407e-04  2.11283e-02
 2.98774e-04  2.11283e-02
 2.23090e-04  2.12593e-02

 6.69271e-04  2.05050e-02
 1.02920e-03  2.12360e-02
 9.03391e-04  2.11518e-02
 1.03919e-03  2.10849e-02
 1.02920e-03  2.12360e-02

 1.11545e-03  2.05050e-02
 1.60414e-03  2.12021e-02
 1.46692e-03  2.11382e-02
 1.59086e-03  2.10513e-02
 1.60414e-03  2.12021e-02

 1.56163e-03  2.05050e-02
 2.28209e-03  2.11447e-02
 2.13382e-03  2.11143e-02
 2.23432e-03  2.10011e-02
 2.28209e-03  2.11447e-02

 2.00781e-03  2.05050e-02
 2.88748e-03  2.10716e-02
 2.73629e-03  2.10642e-02
 2.81826e-03  2.09370e-02
 2.88748e-03  2.10716e-02

 2.45399e-03  2.05050e-02
 3.49638e-03  2.09826e-02
 3.34568e-03  2.09968e-02
 3.40873e-03  2.08592e-02
 3.49638e-03  2.09826e-02

 2.90017e-03  2.05050e-02
 4.06759e-03  2.08829e-02
 3.91957e-03  2.09145e-02
 3.96618e-03  2.07705e-02
 4.06759e-03  2.08829e-02

 3.34635e-03  2.05050e-02
 4.61564e-03  2.07759e-02
 4.47164e-03  2.08225e-02
 4.50324e-03  2.06745e-02
 4.61564e-03  2.07759e-02

 3.79253e-03  2.05050e-02
 5.13122e-03  2.06660e-02
 4.99204e-03  2.07255e-02
 5.01011e-03  2.05752e-02
 5.13122e-03  2.06660e-02

 2.24826e-04  2.10750e-02
 2.24826e-04  2.15483e-02
 1.49143e-04  2.14172e-02
 3.00510e-04  2.14172e-02
 2.24826e-04  2.15483e-02

 6.74479e-04  2.10750e-02
 1.01762e-03  2.15214e-02
 8.77727e-04  2.14636e-02
 9.97737e-04  2.13714e-02
 1.01762e-03  2.15214e-02

 1.12413e-03  2.10750e-02
 1.58635e-03  2.15012e-02
 1.43868e-03  2.14680e-02
 1.54129e-03  2.13567e-02
 1.58635e-03  2.15012e-02

 1.57378e-03  2.10750e-02
 2.25406e-03  2.14631e-02
 2.10269e-03  2.14639e-02
 2.17770e-03  2.13324e-02
 2.25406e-03  2.14631e-02

 2.02344e-03  2.10750e-02
 2.85066e-03  2.14176e-02
 2.70059e-03  2.14374e-02
 2.75850e-03  2.12975e-02
 2.85066e-03  2.14176e-02

 2.47309e-03  2.10750e-02
 3.45092e-03  2.13614e-02
 3.30385e-03  2.13971e-02
 3.34639e-03  2.12519e-02
 3.45092e-03  2.13614e-02

 2.92274e-03  2.10750e-02
 4.01463e-03  2.12989e-02
 3.87101e-03  2.13467e-02
 3.90141e-03  2.11984e-02
 4.01463e-03  2.12989e-02

 3.37240e-03  2.10750e-02
 4.55609e-03  2.12318e-02
 4.41619e-03  2.12896e-02
 4.43607e-03  2.11396e-02
 4.55609e-03  2.12318e-02

 3.82205e-03  2.10750e-02
 5.06644e-03  2.11633e-02
 4.93032e-03  2.12295e-02
 4.94104e-03  2.10786e-02
 5.06644e-03  2.11633e-02

 2.26562e-04  2.16450e-02
 2.26562e-04  2.19113e-02
 1.50879e-04  2.17802e-02
 3.02246e-04  2.17802e-02
 2.26563e-04  2.19113e-02

 6.79687e-04  2.16450e-02
 9.84419e-04  2.18761e-02
 8.34238e-04  2.18572e-02
 9.25705e-04  2.17366e-02
 9.84419e-04  2.18761e-02

 1.13281e-03  2.16450e-02
 1.53107e-03  2.18692e-02
 1.37971e-03  2.18708e-02
 1.45396e-03  2.17389e-02
 1.53107e-03  2.18692e-02

 1.58594e-03  2.16450e-02
 2.17118e-03  2.18439e-02
 2.02271e-03  2.18734e-02
 2.07143e-03  2.17301e-02
 2.17118e-03  2.18439e-02

 2.03906e-03  2.16450e-02
 2.74470e-03  2.18190e-02
 2.59930e-03  2.18611e-02
 2.63555e-03  2.17142e-02
 2.74470e-03  2.18190e-02

 2.49219e-03  2.16450e-02
 3.32334e-03  2.17860e-02
 3.18145e-03  2.18387e-02
 3.20676e-03  2.16894e-02
 3.32334e-03  2.17860e-02

 2.94531e-03  2.16450e-02
 3.86858e-03  2.17503e-02
 3.72975e-03  2.18107e-02
 3.74691e-03  2.16603e-02
 3.86858e-03  2.17503e-02

 3.39844e-03  2.16450e-02
 4.39473e-03  2.17118e-02
 4.25888e-03  2.17785e-02
 4.26900e-03  2.16275e-02
 4.39473e-03  2.17118e-02

 3.85156e-03  2.16450e-02
 4.89327e-03  2.16728e-02
 4.76021e-03  2.17450e-02
 4.76425e-03  2.15937e-02
 4.89327e-03  2.16728e-02

 2.28299e-04  2.22150e-02
 2.28299e-04  2.22150e-02
 3.59386e-04  2.21393e-02
 3.59386e-04  2.22907e-02
 2.28299e-04  2.22150e-02

 6.84896e-04  2.22150e-02
 8.92163e-04  2.22150e-02
 7.61075e-04  2.22907e-02
 7.61075e-04  2.21393e-02
 8.92163e-04  2.22150e-02

 1.14149e-03  2.22150e-02
 1.40075e-03  2.22150e-02
 1.26966e-03  2.22907e-02
 1.26966e-03  2.21393e-02
 1.40075e-03  2.22150e-02

 1.59809e-03  2.22150e-02
 1.98069e-03  2.22150e-02
 1.84961e-03  2.22907e-02
 1.84961e-03  2.21393e-02
 1.98069e-03  2.22150e-02

 2.05469e-03  2.22150e-02
 2.51107e-03  2.22150e-02
 2.37998e-03  2.22907e-02
 2.37998e-03  2.21393e-02
 2.51107e-03  2.22150e-02

 2.51128e-03  2.22150e-02
 3.04765e-03  2.22150e-02
 2.91656e-03  2.22907e-02
 2.91656e-03  2.21393e-02
 3.04765e-03  2.22150e-02

 2.96788e-03  2.22150e-02
 3.56088e-03  2.22150e-02
 3.42979e-03  2.22907e-02
 3.42979e-03  2.21393e-02
 3.56088e-03  2.22150e-02

 3.42448e-03  2.22150e-02
 4.06223e-03  2.22150e-02
 3.93115e-03  2.22907e-02
 3.93115e-03  2.21393e-02
 4.06223e-03  2.22150e-02

 3.88108e-03  2.22150e-02
 4.54533e-03  2.22150e-02
 4.41424e-03  2.22907e-02
 4.41424e-03  2.21393e-02
 4.54533e-03  2.22150e-02

 3.76510e-03  1.13850e-02
 2.78970e-03  1.13850e-02
 2.92078e-03  1.13093e-02
 2.92078e-03  1.14607e-02
 2.78970e-03  1.13850e-02

 4.26406e-03  1.13850e-02
 3.26512e-03  1.13850e-02
 3.39620e-03  1.13093e-02
 3.39620e-03  1.14607e-02
 3.26512e-03  1.13850e-02

 4.76302e-03  1.13850e-02
 3.76657e-03  1.13850e-02
 3.89766e-03  1.13093e-02
 3.89766e-03  1.14607e-02
 3.76657e-03  1.13850e-02

 5.26198e-03  1.13850e-02
 4.29210e-03  1.13850e-02
 4.42318e-03  1.13093e-02
 4.42318e-03  1.14607e-02
 4.29210e-03  1.13850e-02

 5.76094e-03  1.13850e-02
 4.83843e-03  1.13850e-02
 4.96952e-03  1.13093e-02
 4.96952e-03  1.14607e-02
 4.83843e-03  1.13850e-02

 6.25990e-03  1.13850e-02
 5.40218e-03  1.13850e-02
 5.53326e-03  1.13093e-02
 5.53326e-03  1.14607e-02
 5.40218e-03  1.13850e-02

 6.75885e-03  1.13850e-02
 5.98045e-03  1.13850e-02
 6.11154e-03  1.13093e-02
 6.11154e-03  1.14607e-02
 5.98045e-03  1.13850e-02

 7.25781e-03  1.13850e-02
 6.56952e-03  1.13850e-02
 6.70060e-03  1.13093e-02
 6.70060e-03  1.14607e-02
 6.56952e-03  1.13850e-02

 7.75677e-03  1.13850e-02
 7.16727e-03  1.13850e-02
 7.29836e-03  1.13093e-02
 7.29836e-03  1.14607e-02
 7.16727e-03  1.13850e-02

 8.25573e-03  1.13850e-02
 7.76836e-03  1.13850e-02
 7.89945e-03  1.13093e-02
 7.89945e-03  1.14607e-02
 7.76836e-03  1.13850e-02

 8.75469e-03  1.13850e-02
 8.37402e-03  1.13850e-02
 8.50511e-03  1.13093e-02
 8.50511e-03  1.14607e-02
 8.37402e-03  1.13850e-02

 9.25365e-03  1.13850e-02
 8.97141e-03  1.13850e-02
 9.10250e-03  1.13093e-02
 9.10250e-03  1.14607e-02
 8.97141e-03  1.13850e-02

 9.75260e-03  1.13850e-02
 9.57614e-03  1.13850e-02
 9.70723e-03  1.13093e-02
 9.70723e-03  1.14607e-02
 9.57614e-03  1.13850e-02

 1.02516e-02  1.13850e-02
 1.01448e-02  1.13850e-02
 1.02759e-02  1.13093e-02
 1.02759e-02  1.14607e-02
 1.01448e-02  1.13850e-02

 1.07505e-02  1.13850e-02
 1.07505e-02  1.13850e-02
 1.06194e-02  1.14607e-02
 1.06194e-02  1.13093e-02
 1.07505e-02  1.13850e-02

 3.79531e-03  1.19550e-02
 2.35180e-03  1.20644e-02
 2.47679e-03  1.19791e-02
 2.48824e-03  1.21300e-02
 2.35180e-03  1.20644e-02

 4.29219e-03  1.19550e-02
 2.81924e-03  1.20026e-02
 2.94781e-03  1.19228e-02
 2.95270e-03  1.20741e-02
 2.81924e-03  1.20026e-02

 4.78906e-03  1.19550e-02
 3.32527e-03  1.19457e-02
 3.45683e-03  1.18709e-02
 3.45587e-03  1.20222e-02
 3.32527e-03  1.19457e-02

 5.28594e-03  1.19550e-02
 3.86574e-03  1.18951e-02
 3.99990e-03  1.18250e-02
 3.99352e-03  1.19762e-02
 3.86574e-03  1.18951e-02

 5.78281e-03  1.19550e-02
 4.43625e-03  1.18514e-02
 4.57276e-03  1.17860e-02
 4.56114e-03  1.19369e-02
 4.43625e-03  1.18514e-02

 6.27969e-03  1.19550e-02
 5.03182e-03  1.18147e-02
 5.17054e-03  1.17541e-02
 5.15363e-03  1.19045e-02
 5.03182e-03  1.18147e-02

 6.77656e-03  1.19550e-02
 5.64827e-03  1.17850e-02
 5.78917e-03  1.17297e-02
 5.76662e-03  1.18794e-02
 5.64827e-03  1.17850e-02

 7.27344e-03  1.19550e-02
 6.28039e-03  1.17622e-02
 6.42350e-03  1.17129e-02
 6.39466e-03  1.18615e-02
 6.28039e-03  1.17622e-02

 7.77031e-03  1.19550e-02
 6.92493e-03  1.17463e-02
 7.07033e-03  1.17042e-02
 7.03406e-03  1.18512e-02
 6.92493e-03  1.17463e-02

 8.26719e-03  1.19550e-02
 7.57444e-03  1.17376e-02
 7.72218e-03  1.17047e-02
 7.67686e-03  1.18491e-02
 7.57444e-03  1.17376e-02

 8.76406e-03  1.19550e-02
 8.22940e-03  1.17361e-02
 8.37939e-03  1.17157e-02
 8.32204e-03  1.18558e-02
 8.22940e-03  1.17361e-02

 9.26094e-03  1.19550e-02
 8.87306e-03  1.17428e-02
 9.02439e-03  1.17393e-02
 8.95175e-03  1.18721e-02
 8.87306e-03  1.17428e-02

 9.75781e-03  1.19550e-02
 9.52159e-03  1.17577e-02
 9.67071e-03  1.17836e-02
 9.57367e-03  1.18998e-02
 9.52159e-03  1.17577e-02

 1.02547e-02  1.19550e-02
 1.01222e-02  1.17852e-02
 1.02625e-02  1.18420e-02
 1.01432e-02  1.19351e-02
 1.01222e-02  1.17852e-02

 1.07516e-02  1.19550e-02
 1.07516e-02  1.18264e-02
 1.08272e-02  1.19575e-02
 1.06759e-02  1.19575e-02
 1.07516e-02  1.18264e-02

 3.82552e-03  1.25250e-02
 2.22731e-03  1.26611e-02
 2.35150e-03  1.25746e-02
 2.36435e-03  1.27254e-02
 2.22731e-03  1.26611e-02

 4.32031e-03  1.25250e-02
 2.69183e-03  1.25605e-02
 2.82124e-03  1.24820e-02
 2.82454e-03  1.26333e-02
 2.69183e-03  1.25605e-02

 4.81510e-03  1.25250e-02
 3.19745e-03  1.24686e-02
 3.33109e-03  1.23975e-02
 3.32581e-03  1.25488e-02
 3.19745e-03  1.24686e-02

 5.30990e-03  1.25250e-02
 3.74030e-03  1.23872e-02
 3.87750e-03  1.23233e-02
 3.86426e-03  1.24741e-02
 3.74030e-03  1.23872e-02

 5.80469e-03  1.25250e-02
 4.31607e-03  1.23172e-02
 4.45636e-03  1.22604e-02
 4.43544e-03  1.24103e-02
 4.31607e-03  1.23172e-02

 6.29948e-03  1.25250e-02
 4.91985e-03  1.22587e-02
 5.06290e-03  1.22092e-02
 5.03421e-03  1.23578e-02
 4.91985e-03  1.22587e-02

 6.79427e-03  1.25250e-02
 5.54716e-03  1.22115e-02
 5.69274e-03  1.21701e-02
 5.65584e-03  1.23169e-02
 5.54716e-03  1.22115e-02

 7.28906e-03  1.25250e-02
 6.19241e-03  1.21757e-02
 6.34028e-03  1.21434e-02
 6.29434e-03  1.22876e-02
 6.19241e-03  1.21757e-02

 7.78385e-03  1.25250e-02
 6.85166e-03  1.21515e-02
 7.00149e-03  1.21300e-02
 6.94520e-03  1.22705e-02
 6.85166e-03  1.21515e-02

 8.27865e-03  1.25250e-02
 7.51689e-03  1.21395e-02
 7.66803e-03  1.21311e-02
 7.59968e-03  1.22662e-02
 7.51689e-03  1.21395e-02

 8.77344e-03  1.25250e-02
 8.18769e-03  1.21406e-02
 8.33881e-03  1.21492e-02
 8.25576e-03  1.22758e-02
 8.18769e-03  1.21406e-02

 9.26823e-03  1.25250e-02
 8.84613e-03  1.21561e-02
 8.99464e-03  1.21854e-02
 8.89503e-03  1.22994e-02
 8.84613e-03  1.21561e-02

 9.76302e-03  1.25250e-02
 9.50751e-03  1.21892e-02
 9.64712e-03  1.22477e-02
 9.52666e-03  1.23394e-02
 9.50751e-03  1.21892e-02

 1.02578e-02  1.25250e-02
 1.01163e-02  1.22441e-02
 1.02429e-02  1.23272e-02
 1.01077e-02  1.23953e-02
 1.01163e-02  1.22441e-02

 1.07526e-02  1.25250e-02
 1.07526e-02  1.23282e-02
 1.08283e-02  1.24593e-02
 1.06769e-02  1.24593e-02
 1.07526e-02  1.23282e-02

 3.85573e-03  1.30950e-02
 2.27304e-03  1.33009e-02
 2.39326e-03  1.32089e-02
 2.41279e-03  1.33590e-02
 2.27304e-03  1.33009e-02

 4.34844e-03  1.30950e-02
 2.73593e-03  1.31457e-02
 2.86457e-03  1.30660e-02
 2.86933e-03  1.32173e-02
 2.73593e-03  1.31457e-02

 4.84115e-03  1.30950e-02
 3.23900e-03  1.30034e-02
 3.37420e-03  1.29353e-02
 3.36555e-03  1.30864e-02
 3.23900e-03  1.30034e-02

 5.33385e-03  1.30950e-02
 3.77879e-03  1.28765e-02
 3.91913e-03  1.28198e-02
 3.89807e-03  1.29697e-02
 3.77879e-03  1.28765e-02

 5.82656e-03  1.30950e-02
 4.35149e-03  1.27666e-02
 4.49589e-03  1.27212e-02
 4.46300e-03  1.28690e-02
 4.35149e-03  1.27666e-02

 6.31927e-03  1.30950e-02
 4.95250e-03  1.26741e-02
 5.10006e-03  1.26403e-02
 5.05551e-03  1.27850e-02
 4.95250e-03  1.26741e-02

 6.81198e-03  1.30950e-02
 5.57735e-03  1.25992e-02
 5.72720e-03  1.25778e-02
 5.67079e-03  1.27182e-02
 5.57735e-03  1.25992e-02

 7.30469e-03  1.30950e-02
 6.22060e-03  1.25421e-02
 6.37176e-03  1.25343e-02
 6.30299e-03  1.26691e-02
 6.22060e-03  1.25421e-02

 7.79740e-03  1.30950e-02
 6.87814e-03  1.25038e-02
 7.02934e-03  1.25110e-02
 6.94746e-03  1.26383e-02
 6.87814e-03  1.25038e-02

 8.29010e-03  1.30950e-02
 7.54173e-03  1.24850e-02
 7.69116e-03  1.25091e-02
 7.59552e-03  1.26264e-02
 7.54173e-03  1.24850e-02

 8.78281e-03  1.30950e-02
 8.21030e-03  1.24877e-02
 8.35529e-03  1.25312e-02
 8.24515e-03  1.26350e-02
 8.21030e-03  1.24877e-02

 9.27552e-03  1.30950e-02
 8.86616e-03  1.25139e-02
 9.00352e-03  1.25775e-02
 8.87978e-03  1.26646e-02
 8.86616e-03  1.25139e-02

 9.76823e-03  1.30950e-02
 9.52279e-03  1.25693e-02
 9.64682e-03  1.26560e-02
 9.50966e-03  1.27201e-02
 9.52279e-03  1.25693e-02

 1.02609e-02  1.30950e-02
 1.01274e-02  1.26580e-02
 1.02381e-02  1.27613e-02
 1.00933e-02  1.28055e-02
 1.01274e-02  1.26580e-02

 1.07536e-02  1.30950e-02
 1.07536e-02  1.27937e-02
 1.08293e-02  1.29248e-02
 1.06780e-02  1.29248e-02
 1.07536e-02  1.27937e-02

 3.88594e-03  1.36650e-02
 2.45930e-03  1.39086e-02
 2.57578e-03  1.38120e-02
 2.60126e-03  1.39612e-02
 2.45930e-03  1.39086e-02

 4.37656e-03  1.36650e-02
 2.92200e-03  1.37114e-02
 3.05061e-03  1.36316e-02
 3.05544e-03  1.37829e-02
 2.92200e-03  1.37114e-02

 4.86719e-03  1.36650e-02
 3.42057e-03  1.35301e-02
 3.55812e-03  1.34669e-02
 3.54407e-03  1.36176e-02
 3.42057e-03  1.35301e-02

 5.35781e-03  1.36650e-02
 3.95229e-03  1.33679e-02
 4.09620e-03  1.33210e-02
 4.06490e-03  1.34691e-02
 3.95229e-03  1.33679e-02

 5.84844e-03  1.36650e-02
 4.51399e-03  1.32267e-02
 4.66214e-03  1.31957e-02
 4.61492e-03  1.33396e-02
 4.51399e-03  1.32267e-02

 6.33906e-03  1.36650e-02
 5.10194e-03  1.31074e-02
 5.25255e-03  1.30923e-02
 5.19035e-03  1.32303e-02
 5.10194e-03  1.31074e-02

 6.82969e-03  1.36650e-02
 5.71215e-03  1.30106e-02
 5.86351e-03  1.30116e-02
 5.78702e-03  1.31422e-02
 5.71215e-03  1.30106e-02

 7.32031e-03  1.36650e-02
 6.33953e-03  1.29371e-02
 6.48990e-03  1.29545e-02
 6.39969e-03  1.30760e-02
 6.33953e-03  1.29371e-02

 7.81094e-03  1.36650e-02
 6.98024e-03  1.28882e-02
 7.12768e-03  1.29224e-02
 7.02429e-03  1.30330e-02
 6.98024e-03  1.28882e-02

 8.30156e-03  1.36650e-02
 7.62648e-03  1.28653e-02
 7.76887e-03  1.29166e-02
 7.65320e-03  1.30142e-02
 7.62648e-03  1.28653e-02

 8.79219e-03  1.36650e-02
 8.27702e-03  1.28714e-02
 8.41187e-03  1.29401e-02
 8.28491e-03  1.30225e-02
 8.27702e-03  1.28714e-02

 9.28281e-03  1.36650e-02
 8.91558e-03  1.29090e-02
 9.04093e-03  1.29938e-02
 8.90478e-03  1.30600e-02
 8.91558e-03  1.29090e-02

 9.77344e-03  1.36650e-02
 9.55399e-03  1.29862e-02
 9.66633e-03  1.30877e-02
 9.52231e-03  1.31342e-02
 9.55399e-03  1.29862e-02

 1.02641e-02  1.36650e-02
 1.01446e-02  1.31067e-02
 1.02460e-02  1.32191e-02
 1.00980e-02  1.32507e-02
 1.01446e-02  1.31067e-02

 1.07547e-02  1.36650e-02
 1.07547e-02  1.32866e-02
 1.08304e-02  1.34177e-02
 1.06790e-02  1.34177e-02
 1.07547e-02  1.32866e-02

 3.91615e-03  1.42350e-02
 2.72224e-03  1.45211e-02
 2.83208e-03  1.44169e-02
 2.86735e-03  1.45641e-02
 2.72224e-03  1.45211e-02

 4.40469e-03  1.42350e-02
 3.18535e-03  1.42844e-02
 3.31327e-03  1.42035e-02
 3.31940e-03  1.43547e-02
 3.18535e-03  1.42844e-02

 4.89323e-03  1.42350e-02
 3.67843e-03  1.40659e-02
 3.81871e-03  1.40090e-02
 3.79783e-03  1.41589e-02
 3.67843e-03  1.40659e-02

 5.38177e-03  1.42350e-02
 4.19975e-03  1.38694e-02
 4.34734e-03  1.38358e-02
 4.30262e-03  1.39804e-02
 4.19975e-03  1.38694e-02

 5.87031e-03  1.42350e-02
 4.74679e-03  1.36974e-02
 4.89771e-03  1.36857e-02
 4.83238e-03  1.38223e-02
 4.74679e-03  1.36974e-02

 6.35885e-03  1.42350e-02
 5.31654e-03  1.35515e-02
 5.46766e-03  1.35601e-02
 5.38466e-03  1.36867e-02
 5.31654e-03  1.35515e-02

 6.84740e-03  1.42350e-02
 5.90559e-03  1.34329e-02
 6.05446e-03  1.34603e-02
 5.95632e-03  1.35755e-02
 5.90559e-03  1.34329e-02

 7.33594e-03  1.42350e-02
 6.50963e-03  1.33429e-02
 6.65423e-03  1.33877e-02
 6.54318e-03  1.34905e-02
 6.50963e-03  1.33429e-02

 7.82448e-03  1.42350e-02
 7.12512e-03  1.32833e-02
 7.26373e-03  1.33441e-02
 7.14175e-03  1.34337e-02
 7.12512e-03  1.32833e-02

 8.31302e-03  1.42350e-02
 7.74543e-03  1.32560e-02
 7.87666e-03  1.33315e-02
 7.74571e-03  1.34074e-02
 7.74543e-03  1.32560e-02

 8.80156e-03  1.42350e-02
 8.36918e-03  1.32651e-02
 8.49168e-03  1.33540e-02
 8.35343e-03  1.34157e-02
 8.36918e-03  1.32651e-02

 9.29010e-03  1.42350e-02
 8.98253e-03  1.33133e-02
 9.09582e-03  1.34136e-02
 8.95223e-03  1.34616e-02
 8.98253e-03  1.33133e-02

 9.77865e-03  1.42350e-02
 9.59526e-03  1.34106e-02
 9.69760e-03  1.35221e-02
 9.54984e-03  1.35550e-02
 9.59526e-03  1.34106e-02

 1.02672e-02  1.42350e-02
 1.01675e-02  1.35598e-02
 1.02616e-02  1.36785e-02
 1.01118e-02  1.37006e-02
 1.01675e-02  1.35598e-02

 1.07557e-02  1.42350e-02
 1.07557e-02  1.37798e-02
 1.08314e-02  1.39109e-02
 1.06800e-02  1.39109e-02
 1.07557e-02  1.37798e-02

 3.94635e-03  1.48050e-02
 3.03951e-03  1.51171e-02
 3.13884e-03  1.50028e-02
 3.18810e-03  1.51460e-02
 3.03951e-03  1.51171e-02

 4.43281e-03  1.48050e-02
 3.50387e-03  1.48513e-02
 3.63103e-03  1.47692e-02
 3.63856e-03  1.49203e-02
 3.50387e-03  1.48513e-02

 4.91927e-03  1.48050e-02
 3.99132e-03  1.46049e-02
 4.13541e-03  1.45586e-02
 4.10351e-03  1.47065e-02
 3.99132e-03  1.46049e-02

 5.40573e-03  1.48050e-02
 4.50078e-03  1.43826e-02
 4.65158e-03  1.43695e-02
 4.58755e-03  1.45066e-02
 4.50078e-03  1.43826e-02

 5.89219e-03  1.48050e-02
 5.03046e-03  1.41873e-02
 5.18109e-03  1.42021e-02
 5.09290e-03  1.43251e-02
 5.03046e-03  1.41873e-02

 6.37865e-03  1.48050e-02
 5.57822e-03  1.40211e-02
 5.72483e-03  1.40587e-02
 5.61891e-03  1.41669e-02
 5.57822e-03  1.40211e-02

 6.86510e-03  1.48050e-02
 6.14136e-03  1.38860e-02
 6.28192e-03  1.39421e-02
 6.16300e-03  1.40358e-02
 6.14136e-03  1.38860e-02

 7.35156e-03  1.48050e-02
 6.71640e-03  1.37835e-02
 6.84990e-03  1.38549e-02
 6.72135e-03  1.39348e-02
 6.71640e-03  1.37835e-02

 7.83802e-03  1.48050e-02
 7.30053e-03  1.37162e-02
 7.42642e-03  1.38003e-02
 7.29069e-03  1.38673e-02
 7.30053e-03  1.37162e-02

 8.32448e-03  1.48050e-02
 7.88846e-03  1.36862e-02
 8.00658e-03  1.37809e-02
 7.86554e-03  1.38359e-02
 7.88846e-03  1.36862e-02

 8.81094e-03  1.48050e-02
 8.47895e-03  1.36984e-02
 8.58911e-03  1.38022e-02
 8.44413e-03  1.38457e-02
 8.47895e-03  1.36984e-02

 9.29740e-03  1.48050e-02
 9.06132e-03  1.37556e-02
 9.16393e-03  1.38669e-02
 9.01626e-03  1.39002e-02
 9.06132e-03  1.37556e-02

 9.78385e-03  1.48050e-02
 9.64302e-03  1.38694e-02
 9.73737e-03  1.39878e-02
 9.58769e-03  1.40103e-02
 9.64302e-03  1.38694e-02

 1.02703e-02  1.48050e-02
 1.01935e-02  1.40415e-02
 1.02819e-02  1.41644e-02
 1.01313e-02  1.41795e-02
 1.01935e-02  1.40415e-02

 1.07568e-02  1.48050e-02
 1.07568e-02  1.42923e-02
 1.08325e-02  1.44234e-02
 1.06811e-02  1.44234e-02
 1.07568e-02  1.42923e-02

 3.97656e-03  1.53750e-02
 3.38375e-03  1.57060e-02
 3.46130e-03  1.55760e-02
 3.53510e-03  1.57082e-02
 3.38375e-03  1.57060e-02

 4.46094e-03  1.53750e-02
 3.85022e-03  1.54191e-02
 3.97551e-03  1.53342e-02
 3.98642e-03  1.54852e-02
 3.85022e-03  1.54191e-02

 4.94531e-03  1.53750e-02
 4.33229e-03  1.51522e-02
 4.48135e-03  1.51259e-02
 4.42964e-03  1.52681e-02
 4.33229e-03  1.51522e-02

 5.42969e-03  1.53750e-02
 4.82952e-03  1.49104e-02
 4.97950e-03  1.49308e-02
 4.88685e-03  1.50505e-02
 4.82952e-03  1.49104e-02

 5.91406e-03  1.53750e-02
 5.34098e-03  1.46973e-02
 5.48342e-03  1.47485e-02
 5.36783e-03  1.48463e-02
 5.34098e-03  1.46973e-02

 6.39844e-03  1.53750e-02
 5.86513e-03  1.45157e-02
 5.99856e-03  1.45872e-02
 5.86995e-03  1.46670e-02
 5.86513e-03  1.45157e-02

 6.88281e-03  1.53750e-02
 6.40016e-03  1.43679e-02
 6.52507e-03  1.44534e-02
 6.38857e-03  1.45188e-02
 6.40016e-03  1.43679e-02

 7.36719e-03  1.53750e-02
 6.94360e-03  1.42561e-02
 7.06080e-03  1.43519e-02
 6.91923e-03  1.44055e-02
 6.94360e-03  1.42561e-02

 7.85156e-03  1.53750e-02
 7.49331e-03  1.41830e-02
 7.60353e-03  1.42867e-02
 7.45856e-03  1.43303e-02
 7.49331e-03  1.41830e-02

 8.33594e-03  1.53750e-02
 8.04565e-03  1.41511e-02
 8.14955e-03  1.42612e-02
 8.00227e-03  1.42961e-02
 8.04565e-03  1.41511e-02

 8.82031e-03  1.53750e-02
 8.59955e-03  1.41657e-02
 8.69755e-03  1.42811e-02
 8.54864e-03  1.43083e-02
 8.59955e-03  1.41657e-02

 9.30469e-03  1.53750e-02
 9.14792e-03  1.42298e-02
 9.24068e-03  1.43494e-02
 9.09071e-03  1.43700e-02
 9.14792e-03  1.42298e-02

 9.78906e-03  1.53750e-02
 9.69554e-03  1.43557e-02
 9.78288e-03  1.44793e-02
 9.63215e-03  1.44931e-02
 9.69554e-03  1.43557e-02

 1.02734e-02  1.53750e-02
 1.02225e-02  1.45444e-02
 1.03060e-02  1.46706e-02
 1.01550e-02  1.46799e-02
 1.02225e-02  1.45444e-02

 1.07578e-02  1.53750e-02
 1.07578e-02  1.48177e-02
 1.08335e-02  1.49488e-02
 1.06821e-02  1.49488e-02
 1.07578e-02  1.48177e-02

 4.00677e-03  1.59450e-02
 3.74052e-03  1.62819e-02
 3.76243e-03  1.61321e-02
 3.88119e-03  1.62259e-02
 3.74052e-03  1.62819e-02

 4.48906e-03  1.59450e-02
 4.20999e-03  1.59837e-02
 4.32943e-03  1.58907e-02
 4.35023e-03  1.60407e-02
 4.20999e-03  1.59837e-02

 4.97135e-03  1.59450e-02
 4.68734e-03  1.57055e-02
 4.83634e-03  1.57321e-02
 4.73876e-03  1.58479e-02
 4.68734e-03  1.57055e-02

 5.45365e-03  1.59450e-02
 5.17270e-03  1.54527e-02
 5.30341e-03  1.55291e-02
 5.17195e-03  1.56041e-02
 5.17270e-03  1.54527e-02

 5.93594e-03  1.59450e-02
 5.66581e-03  1.52295e-02
 5.78292e-03  1.53255e-02
 5.64131e-03  1.53789e-02
 5.66581e-03  1.52295e-02

 6.41823e-03  1.59450e-02
 6.16591e-03  1.50391e-02
 6.27399e-03  1.51451e-02
 6.12817e-03  1.51857e-02
 6.16591e-03  1.50391e-02

 6.90052e-03  1.59450e-02
 6.67198e-03  1.48842e-02
 6.77357e-03  1.49964e-02
 6.62560e-03  1.50283e-02
 6.67198e-03  1.48842e-02

 7.38281e-03  1.59450e-02
 7.18261e-03  1.47674e-02
 7.27919e-03  1.48839e-02
 7.12996e-03  1.49093e-02
 7.18261e-03  1.47674e-02

 7.86510e-03  1.59450e-02
 7.69647e-03  1.46915e-02
 7.78895e-03  1.48113e-02
 7.63894e-03  1.48315e-02
 7.69647e-03  1.46915e-02

 8.34740e-03  1.59450e-02
 8.21158e-03  1.46592e-02
 8.30062e-03  1.47816e-02
 8.15009e-03  1.47975e-02
 8.21158e-03  1.46592e-02

 8.82969e-03  1.59450e-02
 8.72711e-03  1.46759e-02
 8.81311e-03  1.48005e-02
 8.66223e-03  1.48127e-02
 8.72711e-03  1.46759e-02

 9.31198e-03  1.59450e-02
 9.23976e-03  1.47447e-02
 9.32318e-03  1.48710e-02
 9.17209e-03  1.48801e-02
 9.23976e-03  1.47447e-02

 9.79427e-03  1.59450e-02
 9.75142e-03  1.48779e-02
 9.83230e-03  1.50059e-02
 9.68106e-03  1.50120e-02
 9.75142e-03  1.48779e-02

 1.02766e-02  1.59450e-02
 1.02534e-02  1.50762e-02
 1.03326e-02  1.52053e-02
 1.01813e-02  1.52093e-02
 1.02534e-02  1.50762e-02

 1.07589e-02  1.59450e-02
 1.07589e-02  1.53621e-02
 1.08345e-02  1.54931e-02
 1.06832e-02  1.54931e-02
 1.07589e-02  1.53621e-02

 4.03698e-03  1.65150e-02
 4.09508e-03  1.68467e-02
 3.99791e-03  1.67307e-02
 4.14701e-03  1.67045e-02
 4.09508e-03  1.68467e-02

 4.51719e-03  1.65150e-02
 4.56824e-03  1.65466e-02
 4.41694e-03  1.65420e-02
 4.49654e-03  1.64133e-02
 4.56824e-03  1.65466e-02

 4.99740e-03  1.65150e-02
 5.04168e-03  1.62657e-02
 5.09327e-03  1.64080e-02
 4.94424e-03  1.63815e-02
 5.04168e-03  1.62657e-02

 5.47760e-03  1.65150e-02
 5.51597e-03  1.60099e-02
 5.58151e-03  1.61464e-02
 5.43058e-03  1.61349e-02
 5.51597e-03  1.60099e-02

 5.95781e-03  1.65150e-02
 5.99144e-03  1.57838e-02
 6.06102e-03  1.59182e-02
 5.90982e-03  1.59113e-02
 5.99144e-03  1.57838e-02

 6.43802e-03  1.65150e-02
 6.46809e-03  1.55909e-02
 6.53947e-03  1.57244e-02
 6.38819e-03  1.57195e-02
 6.46809e-03  1.55909e-02

 6.91823e-03  1.65150e-02
 6.94567e-03  1.54342e-02
 7.01800e-03  1.55671e-02
 6.86669e-03  1.55633e-02
 6.94567e-03  1.54342e-02

 7.39844e-03  1.65150e-02
 7.42384e-03  1.53162e-02
 7.49673e-03  1.54489e-02
 7.34539e-03  1.54457e-02
 7.42384e-03  1.53162e-02

 7.87865e-03  1.65150e-02
 7.90204e-03  1.52403e-02
 7.97530e-03  1.53728e-02
 7.82396e-03  1.53700e-02
 7.90204e-03  1.52403e-02

 8.35885e-03  1.65150e-02
 8.38004e-03  1.52090e-02
 8.45359e-03  1.53413e-02
 8.30224e-03  1.53388e-02
 8.38004e-03  1.52090e-02

 8.83906e-03  1.65150e-02
 8.85713e-03  1.52275e-02
 8.93097e-03  1.53597e-02
 8.77961e-03  1.53576e-02
 8.85713e-03  1.52275e-02

 9.31927e-03  1.65150e-02
 9.33392e-03  1.52986e-02
 9.40802e-03  1.54306e-02
 9.25666e-03  1.54288e-02
 9.33392e-03  1.52986e-02

 9.79948e-03  1.65150e-02
 9.80909e-03  1.54348e-02
 9.88361e-03  1.55666e-02
 9.73225e-03  1.55653e-02
 9.80909e-03  1.54348e-02

 1.02797e-02  1.65150e-02
 1.02858e-02  1.56359e-02
 1.03605e-02  1.57675e-02
 1.02092e-02  1.57664e-02
 1.02858e-02  1.56359e-02

 1.07599e-02  1.65150e-02
 1.07599e-02  1.59246e-02
 1.08356e-02  1.60557e-02
 1.06842e-02  1.60557e-02
 1.07599e-02  1.59246e-02

 4.06719e-03  1.70850e-02
 4.43682e-03  1.73990e-02
 4.28791e-03  1.73718e-02
 4.38591e-03  1.72564e-02
 4.43682e-03  1.73990e-02

 4.54531e-03  1.70850e-02
 4.91410e-03  1.71060e-02
 4.77892e-03  1.71741e-02
 4.78752e-03  1.70230e-02
 4.91410e-03  1.71060e-02

 5.02344e-03  1.70850e-02
 5.38435e-03  1.68313e-02
 5.32064e-03  1.69686e-02
 5.23358e-03  1.68447e-02
 5.38435e-03  1.68313e-02

 5.50156e-03  1.70850e-02
 5.84850e-03  1.65808e-02
 5.83654e-03  1.67317e-02
 5.71184e-03  1.66459e-02
 5.84850e-03  1.65808e-02

 5.97969e-03  1.70850e-02
 6.30740e-03  1.63593e-02
 6.32243e-03  1.65099e-02
 6.18447e-03  1.64476e-02
 6.30740e-03  1.63593e-02

 6.45781e-03  1.70850e-02
 6.76176e-03  1.61704e-02
 6.79224e-03  1.63187e-02
 6.64860e-03  1.62710e-02
 6.76176e-03  1.61704e-02

 6.93594e-03  1.70850e-02
 7.21209e-03  1.60174e-02
 7.25254e-03  1.61633e-02
 7.10599e-03  1.61254e-02
 7.21209e-03  1.60174e-02

 7.41406e-03  1.70850e-02
 7.65908e-03  1.59030e-02
 7.70658e-03  1.60467e-02
 7.55837e-03  1.60160e-02
 7.65908e-03  1.59030e-02

 7.89219e-03  1.70850e-02
 8.10295e-03  1.58300e-02
 8.15588e-03  1.59718e-02
 8.00660e-03  1.59468e-02
 8.10295e-03  1.58300e-02

 8.37031e-03  1.70850e-02
 8.54513e-03  1.58012e-02
 8.60244e-03  1.59413e-02
 8.45246e-03  1.59209e-02
 8.54513e-03  1.58012e-02

 8.84844e-03  1.70850e-02
 8.98504e-03  1.58214e-02
 9.04619e-03  1.59599e-02
 8.89570e-03  1.59436e-02
 8.98504e-03  1.58214e-02

 9.32656e-03  1.70850e-02
 9.42700e-03  1.58930e-02
 9.49141e-03  1.60300e-02
 9.34058e-03  1.60173e-02
 9.42700e-03  1.58930e-02

 9.80469e-03  1.70850e-02
 9.86650e-03  1.60279e-02
 9.93440e-03  1.61631e-02
 9.78329e-03  1.61543e-02
 9.86650e-03  1.60279e-02

 1.02828e-02  1.70850e-02
 1.03182e-02  1.62252e-02
 1.03884e-02  1.63593e-02
 1.02372e-02  1.63531e-02
 1.03182e-02  1.62252e-02

 1.07609e-02  1.70850e-02
 1.07609e-02  1.65070e-02
 1.08366e-02  1.66380e-02
 1.06853e-02  1.66380e-02
 1.07609e-02  1.65070e-02

 4.09740e-03  1.76550e-02
 4.75504e-03  1.79400e-02
 4.60467e-03  1.79573e-02
 4.66485e-03  1.78184e-02
 4.75504e-03  1.79400e-02

 4.57344e-03  1.76550e-02
 5.23628e-03  1.76627e-02
 5.10432e-03  1.77369e-02
 5.10608e-03  1.75855e-02
 5.23628e-03  1.76627e-02

 5.04948e-03  1.76550e-02
 5.70375e-03  1.74024e-02
 5.60871e-03  1.75203e-02
 5.55420e-03  1.73790e-02
 5.70375e-03  1.74024e-02

 5.52552e-03  1.76550e-02
 6.15862e-03  1.71650e-02
 6.10127e-03  1.73051e-02
 6.00863e-03  1.71854e-02
 6.15862e-03  1.71650e-02

 6.00156e-03  1.76550e-02
 6.60222e-03  1.69552e-02
 6.57426e-03  1.71040e-02
 6.45941e-03  1.70054e-02
 6.60222e-03  1.69552e-02

 6.47760e-03  1.76550e-02
 7.03591e-03  1.67768e-02
 7.02946e-03  1.69280e-02
 6.90172e-03  1.68468e-02
 7.03591e-03  1.67768e-02

 6.95365e-03  1.76550e-02
 7.46091e-03  1.66327e-02
 7.47044e-03  1.67838e-02
 7.33485e-03  1.67165e-02
 7.46091e-03  1.66327e-02

 7.42969e-03  1.76550e-02
 7.87892e-03  1.65257e-02
 7.90079e-03  1.66755e-02
 7.76014e-03  1.66196e-02
 7.87892e-03  1.65257e-02

 7.90573e-03  1.76550e-02
 8.29091e-03  1.64587e-02
 8.32277e-03  1.66066e-02
 8.17869e-03  1.65603e-02
 8.29091e-03  1.64587e-02

 8.38177e-03  1.76550e-02
 8.69985e-03  1.64338e-02
 8.74004e-03  1.65798e-02
 8.59356e-03  1.65416e-02
 8.69985e-03  1.64338e-02

 8.85781e-03  1.76550e-02
 9.10525e-03  1.64556e-02
 9.15289e-03  1.65992e-02
 9.00464e-03  1.65687e-02
 9.10525e-03  1.64556e-02

 9.33385e-03  1.76550e-02
 9.51486e-03  1.65260e-02
 9.56884e-03  1.66674e-02
 9.41938e-03  1.66435e-02
 9.51486e-03  1.65260e-02

 9.80990e-03  1.76550e-02
 9.92104e-03  1.66557e-02
 9.98177e-03  1.67943e-02
 9.83133e-03  1.67776e-02
 9.92104e-03  1.66557e-02

 1.02859e-02  1.76550e-02
 1.03493e-02  1.68436e-02
 1.04145e-02  1.69802e-02
 1.02636e-02  1.69684e-02
 1.03493e-02  1.68436e-02

 1.07620e-02  1.76550e-02
 1.07620e-02  1.71089e-02
 1.08377e-02  1.72400e-02
 1.06863e-02  1.72400e-02
 1.07620e-02  1.71089e-02

 4.12760e-03  1.82250e-02
 5.04057e-03  1.84704e-02
 4.89433e-03  1.85095e-02
 4.93363e-03  1.83633e-02
 5.04057e-03  1.84704e-02

 4.60156e-03  1.82250e-02
 5.52490e-03  1.82165e-02
 5.39451e-03  1.82934e-02
 5.39313e-03  1.81421e-02
 5.52490e-03  1.82165e-02

 5.07552e-03  1.82250e-02
 5.98940e-03  1.79782e-02
 5.88258e-03  1.80854e-02
 5.84311e-03  1.79393e-02
 5.98940e-03  1.79782e-02

 5.54948e-03  1.82250e-02
 6.43558e-03  1.77609e-02
 6.35457e-03  1.78888e-02
 6.28434e-03  1.77547e-02
 6.43558e-03  1.77609e-02

 6.02344e-03  1.82250e-02
 6.86504e-03  1.75693e-02
 6.80815e-03  1.77095e-02
 6.71512e-03  1.75901e-02
 6.86504e-03  1.75693e-02

 6.49740e-03  1.82250e-02
 7.27989e-03  1.74069e-02
 7.24398e-03  1.75539e-02
 7.13459e-03  1.74493e-02
 7.27989e-03  1.74069e-02

 6.97135e-03  1.82250e-02
 7.68191e-03  1.72765e-02
 7.66388e-03  1.74268e-02
 7.54274e-03  1.73361e-02
 7.68191e-03  1.72765e-02

 7.44531e-03  1.82250e-02
 8.07382e-03  1.71807e-02
 8.07107e-03  1.73321e-02
 7.94138e-03  1.72540e-02
 8.07382e-03  1.71807e-02

 7.91927e-03  1.82250e-02
 8.45727e-03  1.71220e-02
 8.46783e-03  1.72730e-02
 8.33178e-03  1.72066e-02
 8.45727e-03  1.71220e-02

 8.39323e-03  1.82250e-02
 8.83665e-03  1.71023e-02
 8.85889e-03  1.72520e-02
 8.71810e-03  1.71964e-02
 8.83665e-03  1.71023e-02

 8.86719e-03  1.82250e-02
 9.21157e-03  1.71255e-02
 9.24461e-03  1.72733e-02
 9.10016e-03  1.72280e-02
 9.21157e-03  1.71255e-02

 9.34115e-03  1.82250e-02
 9.59263e-03  1.71934e-02
 9.63511e-03  1.73386e-02
 9.48805e-03  1.73028e-02
 9.59263e-03  1.71934e-02

 9.81510e-03  1.82250e-02
 9.96954e-03  1.73145e-02
 1.00222e-02  1.74563e-02
 9.87300e-03  1.74310e-02
 9.96954e-03  1.73145e-02

 1.02891e-02  1.82250e-02
 1.03769e-02  1.74879e-02
 1.04366e-02  1.76270e-02
 1.02863e-02  1.76091e-02
 1.03769e-02  1.74879e-02

 1.07630e-02  1.82250e-02
 1.07630e-02  1.77284e-02
 1.08387e-02  1.78595e-02
 1.06873e-02  1.78595e-02
 1.07630e-02  1.77284e-02

 4.15781e-03  1.87950e-02
 5.28232e-03  1.89936e-02
 5.14006e-03  1.90454e-02
 5.16639e-03  1.88963e-02
 5.28232e-03  1.89936e-02

 4.62969e-03  1.87950e-02
 5.76812e-03  1.87701e-02
 5.63872e-03  1.88487e-02
 5.63541e-03  1.86973e-02
 5.76812e-03  1.87701e-02

 5.10156e-03  1.87950e-02
 6.22909e-03  1.85605e-02
 6.11617e-03  1.86613e-02
 6.08534e-03  1.85131e-02
 6.22909e-03  1.85605e-02

 5.57344e-03  1.87950e-02
 6.66684e-03  1.83698e-02
 6.57209e-03  1.84878e-02
 6.51723e-03  1.83468e-02
 6.66684e-03  1.83698e-02

 6.04531e-03  1.87950e-02
 7.08346e-03  1.82021e-02
 7.00716e-03  1.83329e-02
 6.93210e-03  1.82014e-02
 7.08346e-03  1.82021e-02

 6.51719e-03  1.87950e-02
 7.48162e-03  1.80607e-02
 7.42317e-03  1.82004e-02
 7.33148e-03  1.80799e-02
 7.48162e-03  1.80607e-02

 6.98906e-03  1.87950e-02
 7.86374e-03  1.79481e-02
 7.82221e-03  1.80937e-02
 7.71691e-03  1.79849e-02
 7.86374e-03  1.79481e-02

 7.46094e-03  1.87950e-02
 8.23336e-03  1.78665e-02
 8.20771e-03  1.80157e-02
 8.09134e-03  1.79189e-02
 8.23336e-03  1.78665e-02

 7.93281e-03  1.87950e-02
 8.59274e-03  1.78179e-02
 8.58209e-03  1.79689e-02
 8.45665e-03  1.78842e-02
 8.59274e-03  1.78179e-02

 8.40469e-03  1.87950e-02
 8.94751e-03  1.78043e-02
 8.95090e-03  1.79556e-02
 8.81815e-03  1.78829e-02
 8.94751e-03  1.78043e-02

 8.87656e-03  1.87950e-02
 9.29744e-03  1.78285e-02
 9.31449e-03  1.79789e-02
 9.17571e-03  1.79185e-02
 9.29744e-03  1.78285e-02

 9.34844e-03  1.87950e-02
 9.65530e-03  1.78922e-02
 9.68478e-03  1.80406e-02
 9.54146e-03  1.79919e-02
 9.65530e-03  1.78922e-02

 9.82031e-03  1.87950e-02
 1.00088e-02  1.80016e-02
 1.00521e-02  1.81466e-02
 9.90484e-03  1.81117e-02
 1.00088e-02  1.80016e-02

 1.02922e-02  1.87950e-02
 1.03994e-02  1.81564e-02
 1.04523e-02  1.82982e-02
 1.03031e-02  1.82731e-02
 1.03994e-02  1.81564e-02

 1.07641e-02  1.87950e-02
 1.07641e-02  1.83648e-02
 1.08397e-02  1.84958e-02
 1.06884e-02  1.84958e-02
 1.07641e-02  1.83648e-02

 4.18802e-03  1.93650e-02
 5.47063e-03  1.95118e-02
 5.33178e-03  1.95721e-02
 5.34900e-03  1.94217e-02
 5.47063e-03  1.95118e-02

 4.65781e-03  1.93650e-02
 5.95541e-03  1.93235e-02
 5.82680e-03  1.94033e-02
 5.82197e-03  1.92520e-02
 5.95541e-03  1.93235e-02

 5.12760e-03  1.93650e-02
 6.41157e-03  1.91473e-02
 6.29498e-03  1.92438e-02
 6.26968e-03  1.90946e-02
 6.41157e-03  1.91473e-02

 5.59740e-03  1.93650e-02
 6.84095e-03  1.89876e-02
 6.73749e-03  1.90981e-02
 6.69353e-03  1.89532e-02
 6.84095e-03  1.89876e-02

 6.06719e-03  1.93650e-02
 7.24603e-03  1.88478e-02
 7.15639e-03  1.89698e-02
 7.09558e-03  1.88312e-02
 7.24603e-03  1.88478e-02

 6.53698e-03  1.93650e-02
 7.62985e-03  1.87308e-02
 7.55446e-03  1.88620e-02
 7.47848e-03  1.87311e-02
 7.62985e-03  1.87308e-02

 7.00677e-03  1.93650e-02
 7.99558e-03  1.86385e-02
 7.93475e-03  1.87771e-02
 7.84512e-03  1.86551e-02
 7.99558e-03  1.86385e-02

 7.47656e-03  1.93650e-02
 8.34738e-03  1.85727e-02
 8.30134e-03  1.87169e-02
 8.19948e-03  1.86050e-02
 8.34738e-03  1.85727e-02

 7.94635e-03  1.93650e-02
 8.68816e-03  1.85353e-02
 8.65721e-03  1.86835e-02
 8.54437e-03  1.85826e-02
 8.68816e-03  1.85353e-02

 8.41615e-03  1.93650e-02
 9.02434e-03  1.85276e-02
 9.00854e-03  1.86782e-02
 8.88607e-03  1.85892e-02
 9.02434e-03  1.85276e-02

 8.88594e-03  1.93650e-02
 9.35605e-03  1.85521e-02
 9.35594e-03  1.87035e-02
 9.22490e-03  1.86277e-02
 9.35605e-03  1.85521e-02

 9.35573e-03  1.93650e-02
 9.69738e-03  1.86101e-02
 9.71228e-03  1.87607e-02
 9.57438e-03  1.86983e-02
 9.69738e-03  1.86101e-02

 9.82552e-03  1.93650e-02
 1.00349e-02  1.87055e-02
 1.00674e-02  1.88533e-02
 9.92314e-03  1.88075e-02
 1.00349e-02  1.87055e-02

 1.02953e-02  1.93650e-02
 1.04140e-02  1.88386e-02
 1.04590e-02  1.89831e-02
 1.03114e-02  1.89498e-02
 1.04140e-02  1.88386e-02

 1.07651e-02  1.93650e-02
 1.07651e-02  1.90100e-02
 1.08408e-02  1.91411e-02
 1.06894e-02  1.91411e-02
 1.07651e-02  1.90100e-02

 4.21823e-03  1.99350e-02
 5.58924e-03  2.00323e-02
 5.45312e-03  2.00985e-02
 5.46383e-03  1.99475e-02
 5.58924e-03  2.00323e-02

 4.68594e-03  1.99350e-02
 6.07026e-03  1.98840e-02
 5.94205e-03  1.99644e-02
 5.93648e-03  1.98132e-02
 6.07026e-03  1.98840e-02

 5.15365e-03  1.99350e-02
 6.52064e-03  1.97458e-02
 6.40117e-03  1.98387e-02
 6.38041e-03  1.96888e-02
 6.52064e-03  1.97458e-02

 5.62135e-03  1.99350e-02
 6.94226e-03  1.96211e-02
 6.83222e-03  1.97251e-02
 6.79722e-03  1.95778e-02
 6.94226e-03  1.96211e-02

 6.08906e-03  1.99350e-02
 7.33799e-03  1.95127e-02
 7.23805e-03  1.96264e-02
 7.18957e-03  1.94830e-02
 7.33799e-03  1.95127e-02

 6.55677e-03  1.99350e-02
 7.71125e-03  1.94226e-02
 7.62213e-03  1.95450e-02
 7.56073e-03  1.94066e-02
 7.71125e-03  1.94226e-02

 7.02448e-03  1.99350e-02
 8.06551e-03  1.93525e-02
 7.98807e-03  1.94825e-02
 7.91415e-03  1.93504e-02
 8.06551e-03  1.93525e-02

 7.49219e-03  1.99350e-02
 8.40561e-03  1.93035e-02
 8.34082e-03  1.94403e-02
 8.25474e-03  1.93158e-02
 8.40561e-03  1.93035e-02

 7.95990e-03  1.99350e-02
 8.73482e-03  1.92772e-02
 8.68386e-03  1.94197e-02
 8.58590e-03  1.93043e-02
 8.73482e-03  1.92772e-02

 8.42760e-03  1.99350e-02
 9.06015e-03  1.92748e-02
 9.02412e-03  1.94218e-02
 8.91481e-03  1.93171e-02
 9.06015e-03  1.92748e-02

 8.89531e-03  1.99350e-02
 9.38203e-03  1.92978e-02
 9.36260e-03  1.94479e-02
 9.24231e-03  1.93561e-02
 9.38203e-03  1.92978e-02

 9.36302e-03  1.99350e-02
 9.71505e-03  1.93480e-02
 9.71254e-03  1.94993e-02
 9.58272e-03  1.94215e-02
 9.71505e-03  1.93480e-02

 9.83073e-03  1.99350e-02
 1.00458e-02  1.94267e-02
 1.00644e-02  1.95769e-02
 9.92499e-03  1.95179e-02
 1.00458e-02  1.94267e-02

 1.02984e-02  1.99350e-02
 1.04200e-02  1.95354e-02
 1.04542e-02  1.96828e-02
 1.03094e-02  1.96388e-02
 1.04200e-02  1.95354e-02

 1.07661e-02  1.99350e-02
 1.07661e-02  1.96660e-02
 1.08418e-02  1.97971e-02
 1.06905e-02  1.97971e-02
 1.07661e-02  1.96660e-02

 4.24844e-03  2.05050e-02
 5.62800e-03  2.05547e-02
 5.49427e-03  2.06256e-02
 5.49972e-03  2.04743e-02
 5.62800e-03  2.05547e-02

 4.71406e-03  2.05050e-02
 6.10232e-03  2.04457e-02
 5.97458e-03  2.05270e-02
 5.96813e-03  2.03757e-02
 6.10232e-03  2.04457e-02

 5.17969e-03  2.05050e-02
 6.54570e-03  2.03449e-02
 6.42431e-03  2.04353e-02
 6.40669e-03  2.02850e-02
 6.54570e-03  2.03449e-02

 5.64531e-03  2.05050e-02
 6.96031e-03  2.02545e-02
 6.84570e-03  2.03534e-02
 6.81738e-03  2.02047e-02
 6.96031e-03  2.02545e-02

 6.11094e-03  2.05050e-02
 7.34919e-03  2.01766e-02
 7.24189e-03  2.02833e-02
 7.20308e-03  2.01370e-02
 7.34919e-03  2.01766e-02

 6.57656e-03  2.05050e-02
 7.71605e-03  2.01124e-02
 7.61676e-03  2.02267e-02
 7.56746e-03  2.00836e-02
 7.71605e-03  2.01124e-02

 7.04219e-03  2.05050e-02
 8.06467e-03  2.00632e-02
 7.97435e-03  2.01847e-02
 7.91432e-03  2.00458e-02
 8.06467e-03  2.00632e-02

 7.50781e-03  2.05050e-02
 8.39989e-03  2.00299e-02
 8.31977e-03  2.01583e-02
 8.24862e-03  2.00247e-02
 8.39989e-03  2.00299e-02

 7.97344e-03  2.05050e-02
 8.72551e-03  2.00133e-02
 8.65721e-03  2.01484e-02
 8.57438e-03  2.00217e-02
 8.72551e-03  2.00133e-02

 8.43906e-03  2.05050e-02
 9.04840e-03  2.00146e-02
 8.99373e-03  2.01558e-02
 8.89882e-03  2.00378e-02
 9.04840e-03  2.00146e-02

 8.90469e-03  2.05050e-02
 9.36959e-03  2.00348e-02
 9.33124e-03  2.01813e-02
 9.22360e-03  2.00748e-02
 9.36959e-03  2.00348e-02

 9.37031e-03  2.05050e-02
 9.70315e-03  2.00757e-02
 9.68265e-03  2.02256e-02
 9.56302e-03  2.01329e-02
 9.70315e-03  2.00757e-02

 9.83594e-03  2.05050e-02
 1.00371e-02  2.01366e-02
 1.00407e-02  2.02880e-02
 9.90789e-03  2.02154e-02
 1.00371e-02  2.01366e-02

 1.03016e-02  2.05050e-02
 1.04137e-02  2.02206e-02
 1.04360e-02  2.03703e-02
 1.02952e-02  2.03148e-02
 1.04137e-02  2.02206e-02

 1.07672e-02  2.05050e-02
 1.07672e-02  2.03123e-02
 1.08429e-02  2.04434e-02
 1.06915e-02  2.04434e-02
 1.07672e-02  2.03123e-02

 4.27865e-03  2.10750e-02
 5.55626e-03  2.10946e-02
 5.42402e-03  2.11683e-02
 5.42635e-03  2.10169e-02
 5.55626e-03  2.10946e-02

 4.74219e-03  2.10750e-02
 6.02268e-03  2.10283e-02
 5.89443e-03  2.11087e-02
 5.88892e-03  2.09574e-02
 6.02268e-03  2.10283e-02

 5.20573e-03  2.10750e-02
 6.46049e-03  2.09673e-02
 6.33635e-03  2.10539e-02
 6.32341e-03  2.09031e-02
 6.46049e-03  2.09673e-02

 5.66927e-03  2.10750e-02
 6.87196e-03  2.09131e-02
 6.75214e-03  2.10056e-02
 6.73194e-03  2.08556e-02
 6.87196e-03  2.09131e-02

 6.13281e-03  2.10750e-02
 7.26012e-03  2.08667e-02
 7.14496e-03  2.09649e-02
 7.11746e-03  2.08161e-02
 7.26012e-03  2.08667e-02

 6.59635e-03  2.10750e-02
 7.62868e-03  2.08290e-02
 7.51871e-03  2.09330e-02
 7.48361e-03  2.07857e-02
 7.62868e-03  2.08290e-02

 7.05990e-03  2.10750e-02
 7.98119e-03  2.08004e-02
 7.87718e-03  2.09104e-02
 7.83395e-03  2.07653e-02
 7.98119e-03  2.08004e-02

 7.52344e-03  2.10750e-02
 8.32235e-03  2.07816e-02
 8.22539e-03  2.08979e-02
 8.17321e-03  2.07558e-02
 8.32235e-03  2.07816e-02

 7.98698e-03  2.10750e-02
 8.65567e-03  2.07731e-02
 8.56734e-03  2.08960e-02
 8.50505e-03  2.07580e-02
 8.65567e-03  2.07731e-02

 8.45052e-03  2.10750e-02
 8.98773e-03  2.07757e-02
 8.91005e-03  2.09056e-02
 8.83638e-03  2.07734e-02
 8.98773e-03  2.07757e-02

 8.91406e-03  2.10750e-02
 9.31978e-03  2.07901e-02
 9.25600e-03  2.09273e-02
 9.16901e-03  2.08035e-02
 9.31978e-03  2.07901e-02

 9.37760e-03  2.10750e-02
 9.66455e-03  2.08180e-02
 9.61740e-03  2.09618e-02
 9.51641e-03  2.08491e-02
 9.66455e-03  2.08180e-02

 9.84115e-03  2.10750e-02
 1.00122e-02  2.08580e-02
 9.99051e-03  2.10078e-02
 9.87164e-03  2.09141e-02
 1.00122e-02  2.08580e-02

 1.03047e-02  2.10750e-02
 1.03991e-02  2.09143e-02
 1.03980e-02  2.10656e-02
 1.02674e-02  2.09890e-02
 1.03991e-02  2.09143e-02

 1.07682e-02  2.10750e-02
 1.07682e-02  2.09666e-02
 1.08439e-02  2.10977e-02
 1.06925e-02  2.10977e-02
 1.07682e-02  2.09666e-02

 4.30885e-03  2.16450e-02
 5.37206e-03  2.16344e-02
 5.24173e-03  2.17114e-02
 5.24022e-03  2.15600e-02
 5.37206e-03  2.16344e-02

 4.77031e-03  2.16450e-02
 5.82935e-03  2.15982e-02
 5.70173e-03  2.16796e-02
 5.69505e-03  2.15284e-02
 5.82935e-03  2.15982e-02

 5.23177e-03  2.16450e-02
 6.26303e-03  2.15652e-02
 6.13818e-03  2.16508e-02
 6.12650e-03  2.14998e-02
 6.26303e-03  2.15652e-02

 5.69323e-03  2.16450e-02
 6.67537e-03  2.15362e-02
 6.55342e-03  2.16258e-02
 6.53675e-03  2.14754e-02
 6.67537e-03  2.15362e-02

 6.15469e-03  2.16450e-02
 7.06902e-03  2.15117e-02
 6.95023e-03  2.16055e-02
 6.92838e-03  2.14557e-02
 7.06902e-03  2.15117e-02

 6.61615e-03  2.16450e-02
 7.44715e-03  2.14920e-02
 7.33193e-03  2.15902e-02
 7.30453e-03  2.14413e-02
 7.44715e-03  2.14920e-02

 7.07760e-03  2.16450e-02
 7.81304e-03  2.14775e-02
 7.70204e-03  2.15804e-02
 7.66842e-03  2.14328e-02
 7.81304e-03  2.14775e-02

 7.53906e-03  2.16450e-02
 8.17050e-03  2.14684e-02
 8.06465e-03  2.15766e-02
 8.02387e-03  2.14308e-02
 8.17050e-03  2.14684e-02

 8.00052e-03  2.16450e-02
 8.52252e-03  2.14649e-02
 8.42330e-03  2.15792e-02
 8.37392e-03  2.14361e-02
 8.52252e-03  2.14649e-02

 8.46198e-03  2.16450e-02
 8.87462e-03  2.14676e-02
 8.78409e-03  2.15889e-02
 8.72430e-03  2.14498e-02
 8.87462e-03  2.14676e-02

 8.92344e-03  2.16450e-02
 9.22807e-03  2.14766e-02
 9.14995e-03  2.16063e-02
 9.07673e-03  2.14738e-02
 9.22807e-03  2.14766e-02

 9.38490e-03  2.16450e-02
 9.59364e-03  2.14937e-02
 9.53193e-03  2.16319e-02
 9.44309e-03  2.15093e-02
 9.59364e-03  2.14937e-02

 9.84635e-03  2.16450e-02
 9.96477e-03  2.15164e-02
 9.93162e-03  2.16641e-02
 9.82029e-03  2.15616e-02
 9.96477e-03  2.15164e-02

 1.03078e-02  2.16450e-02
 1.03691e-02  2.15502e-02
 1.03615e-02  2.17014e-02
 1.02344e-02  2.16192e-02
 1.03691e-02  2.15502e-02

 1.07693e-02  2.16450e-02
 1.07693e-02  2.15767e-02
 1.08450e-02  2.17078e-02
 1.06936e-02  2.17078e-02
 1.07693e-02  2.15767e-02

 4.33906e-03  2.22150e-02
 5.01389e-03  2.22150e-02
 4.88280e-03  2.22907e-02
 4.88280e-03  2.21393e-02
 5.01389e-03  2.22150e-02

 4.79844e-03  2.22150e-02
 5.46795e-03  2.22150e-02
 5.33686e-03  2.22907e-02
 5.33686e-03  2.21393e-02
 5.46795e-03  2.22150e-02

 5.25781e-03  2.22150e-02
 5.90722e-03  2.22150e-02
 5.77613e-03  2.22907e-02
 5.77613e-03  2.21393e-02
 5.90722e-03  2.22150e-02

 5.71719e-03  2.22150e-02
 6.33332e-03  2.22150e-02
 6.20223e-03  2.22907e-02
 6.20223e-03  2.21393e-02
 6.33332e-03  2.22150e-02

 6.17656e-03  2.22150e-02
 6.74806e-03  2.22150e-02
 6.61697e-03  2.22907e-02
 6.61697e-03  2.21393e-02
 6.74806e-03  2.22150e-02

 6.63594e-03  2.22150e-02
 7.15350e-03  2.22150e-02
 7.02241e-03  2.22907e-02
 7.02241e-03  2.21393e-02
 7.15350e-03  2.22150e-02

 7.09531e-03  2.22150e-02
 7.55167e-03  2.22150e-02
 7.42058e-03  2.22907e-02
 7.42058e-03  2.21393e-02
 7.55167e-03  2.22150e-02

 7.55469e-03  2.22150e-02
 7.94509e-03  2.22150e-02
 7.81400e-03  2.22907e-02
 7.81400e-03  2.21393e-02
 7.94509e-03  2.22150e-02

 8.01406e-03  2.22150e-02
 8.33556e-03  2.22150e-02
 8.20447e-03  2.22907e-02
 8.20447e-03  2.21393e-02
 8.33556e-03  2.22150e-02

 8.47344e-03  2.22150e-02
 8.72666e-03  2.22150e-02
 8.59557e-03  2.22907e-02
 8.59557e-03  2.21393e-02
 8.72666e-03  2.22150e-02

 8.93281e-03  2.22150e-02
 9.11895e-03  2.22150e-02
 8.98786e-03  2.22907e-02
 8.98786e-03  2.21393e-02
 9.11895e-03  2.22150e-02

 9.39219e-03  2.22150e-02
 9.51949e-03  2.22150e-02
 9.38840e-03  2.22907e-02
 9.38840e-03  2.21393e-02
 9.51949e-03  2.22150e-02

 9.85156e-03  2.22150e-02
 9.92348e-03  2.22150e-02
 9.79240e-03  2.22907e-02
 9.79240e-03  2.21393e-02
 9.92348e-03  2.22150e-02

 1.03109e-02  2.22150e-02
 1.03489e-02  2.22150e-02
 1.02178e-02  2.22907e-02
 1.02178e-02  2.21393e-02
 1.03489e-02  2.22150e-02

 1.07703e-02  2.22150e-02
 1.07703e-02  2.22150e-02
 1.06392e-02  2.22907e-02
 1.06392e-02  2.21393e-02
 1.07703e-02  2.22150e-02

