#[ Fluid velocity 2D plot data file: flw.dat ]
 1.95313e-04  1.13850e-02
 1.84562e-04  1.14033e-02
 1.85776e-04  1.12519e-02
 3.16252e-04  1.13287e-02
 1.84562e-04  1.14033e-02

 5.85937e-04  1.13850e-02
 4.80912e-04  1.14016e-02
 5.98545e-04  1.13064e-02
 6.22225e-04  1.14559e-02
 4.80912e-04  1.14016e-02

 9.76562e-04  1.13850e-02
 8.26876e-04  1.14014e-02
 9.48937e-04  1.13119e-02
 9.65429e-04  1.14624e-02
 8.26876e-04  1.14014e-02

 1.36719e-03  1.13850e-02
 1.15331e-03  1.14007e-02
 1.27852e-03  1.13156e-02
 1.28957e-03  1.14666e-02
 1.15331e-03  1.14007e-02

 1.75781e-03  1.13850e-02
 1.49263e-03  1.13999e-02
 1.61925e-03  1.13170e-02
 1.62777e-03  1.14681e-02
 1.49263e-03  1.13999e-02

 2.14844e-03  1.13850e-02
 1.83065e-03  1.13990e-02
 1.95829e-03  1.13176e-02
 1.96493e-03  1.14688e-02
 1.83065e-03  1.13990e-02

 2.53906e-03  1.13850e-02
 2.17486e-03  1.13978e-02
 2.30321e-03  1.13176e-02
 2.30852e-03  1.14688e-02
 2.17486e-03  1.13978e-02

 2.92969e-03  1.13850e-02
 2.52304e-03  1.13965e-02
 2.65195e-03  1.13171e-02
 2.65621e-03  1.14684e-02
 2.52304e-03  1.13965e-02

 3.32031e-03  1.13850e-02
 2.87716e-03  1.13949e-02
 3.00652e-03  1.13163e-02
 3.00991e-03  1.14677e-02
 2.87716e-03  1.13949e-02

 1.97049e-04  1.19550e-02
 1.80952e-04  1.21652e-02
 1.15499e-04  1.20287e-02
 2.66424e-04  1.20403e-02
 1.80952e-04  1.21652e-02

 5.91146e-04  1.19550e-02
 4.11224e-04  1.21510e-02
 4.44129e-04  1.20032e-02
 5.55629e-04  1.21056e-02
 4.11224e-04  1.21510e-02

 9.85243e-04  1.19550e-02
 7.25240e-04  1.21460e-02
 7.86091e-04  1.20074e-02
 8.75694e-04  1.21294e-02
 7.25240e-04  1.21460e-02

 1.37934e-03  1.19550e-02
 1.00582e-03  1.21378e-02
 1.09030e-03  1.20122e-02
 1.15683e-03  1.21481e-02
 1.00582e-03  1.21378e-02

 1.77344e-03  1.19550e-02
 1.30897e-03  1.21288e-02
 1.40521e-03  1.20120e-02
 1.45827e-03  1.21538e-02
 1.30897e-03  1.21288e-02

 2.16753e-03  1.19550e-02
 1.61054e-03  1.21171e-02
 1.71527e-03  1.20078e-02
 1.75755e-03  1.21531e-02
 1.61054e-03  1.21171e-02

 2.56163e-03  1.19550e-02
 1.92356e-03  1.21032e-02
 2.03413e-03  1.19998e-02
 2.06837e-03  1.21472e-02
 1.92356e-03  1.21032e-02

 2.95573e-03  1.19550e-02
 2.24424e-03  1.20869e-02
 2.35933e-03  1.19886e-02
 2.38692e-03  1.21374e-02
 2.24424e-03  1.20869e-02

 3.34983e-03  1.19550e-02
 2.57604e-03  1.20687e-02
 2.69473e-03  1.19748e-02
 2.71674e-03  1.21245e-02
 2.57604e-03  1.20687e-02

 1.98785e-04  1.25250e-02
 1.79973e-04  1.28880e-02
 1.11175e-04  1.27532e-02
 2.62339e-04  1.27610e-02
 1.79973e-04  1.28880e-02

 5.96354e-04  1.25250e-02
 3.83812e-04  1.28764e-02
 3.86893e-04  1.27251e-02
 5.16413e-04  1.28034e-02
 3.83812e-04  1.28764e-02

 9.93924e-04  1.25250e-02
 6.80579e-04  1.28664e-02
 7.13470e-04  1.27186e-02
 8.24980e-04  1.28210e-02
 6.80579e-04  1.28664e-02

 1.39149e-03  1.25250e-02
 9.39761e-04  1.28518e-02
 1.00161e-03  1.27136e-02
 1.09033e-03  1.28363e-02
 9.39761e-04  1.28518e-02

 1.78906e-03  1.25250e-02
 1.22536e-03  1.28333e-02
 1.30405e-03  1.27040e-02
 1.37669e-03  1.28368e-02
 1.22536e-03  1.28333e-02

 2.18663e-03  1.25250e-02
 1.51056e-03  1.28101e-02
 1.60194e-03  1.26894e-02
 1.66075e-03  1.28289e-02
 1.51056e-03  1.28101e-02

 2.58420e-03  1.25250e-02
 1.81026e-03  1.27824e-02
 1.91077e-03  1.26692e-02
 1.95853e-03  1.28128e-02
 1.81026e-03  1.27824e-02

 2.98177e-03  1.25250e-02
 2.12027e-03  1.27505e-02
 2.22792e-03  1.26440e-02
 2.26624e-03  1.27905e-02
 2.12027e-03  1.27505e-02

 3.37934e-03  1.25250e-02
 2.44450e-03  1.27149e-02
 2.55790e-03  1.26146e-02
 2.58803e-03  1.27630e-02
 2.44450e-03  1.27149e-02

 2.00521e-04  1.30950e-02
 1.80453e-04  1.36650e-02
 1.09428e-04  1.35314e-02
 2.60701e-04  1.35367e-02
 1.80453e-04  1.36650e-02

 6.01563e-04  1.30950e-02
 3.74868e-04  1.36584e-02
 3.53583e-04  1.35086e-02
 4.94011e-04  1.35651e-02
 3.74868e-04  1.36584e-02

 1.00260e-03  1.30950e-02
 6.66426e-04  1.36423e-02
 6.70544e-04  1.34910e-02
 7.99524e-04  1.35702e-02
 6.66426e-04  1.36423e-02

 1.40365e-03  1.30950e-02
 9.18023e-04  1.36194e-02
 9.51566e-04  1.34718e-02
 1.06262e-03  1.35746e-02
 9.18023e-04  1.36194e-02

 1.80469e-03  1.30950e-02
 1.19790e-03  1.35878e-02
 1.25195e-03  1.34464e-02
 1.34737e-03  1.35639e-02
 1.19790e-03  1.35878e-02

 2.20573e-03  1.30950e-02
 1.47796e-03  1.35485e-02
 1.54918e-03  1.34150e-02
 1.62924e-03  1.35434e-02
 1.47796e-03  1.35485e-02

 2.60677e-03  1.30950e-02
 1.77418e-03  1.35018e-02
 1.85874e-03  1.33762e-02
 1.92518e-03  1.35122e-02
 1.77418e-03  1.35018e-02

 3.00781e-03  1.30950e-02
 2.08228e-03  1.34484e-02
 2.17774e-03  1.33309e-02
 2.23174e-03  1.34724e-02
 2.08228e-03  1.34484e-02

 3.40885e-03  1.30950e-02
 2.40635e-03  1.33892e-02
 2.51082e-03  1.32797e-02
 2.55345e-03  1.34250e-02
 2.40635e-03  1.33892e-02

 2.02257e-04  1.36650e-02
 1.82606e-04  1.44233e-02
 1.10344e-04  1.42903e-02
 2.61661e-04  1.42942e-02
 1.82606e-04  1.44233e-02

 6.06771e-04  1.36650e-02
 3.84435e-04  1.44235e-02
 3.48681e-04  1.42764e-02
 4.93937e-04  1.43190e-02
 3.84435e-04  1.44235e-02

 1.01128e-03  1.36650e-02
 6.81078e-04  1.44023e-02
 6.65588e-04  1.42517e-02
 8.03732e-04  1.43136e-02
 6.81078e-04  1.44023e-02

 1.41580e-03  1.36650e-02
 9.37986e-04  1.43715e-02
 9.48730e-04  1.42205e-02
 1.07412e-03  1.43053e-02
 9.37986e-04  1.43715e-02

 1.82031e-03  1.36650e-02
 1.22299e-03  1.43268e-02
 1.25463e-03  1.41788e-02
 1.36700e-03  1.42802e-02
 1.22299e-03  1.43268e-02

 2.22483e-03  1.36650e-02
 1.50840e-03  1.42714e-02
 1.55956e-03  1.41290e-02
 1.65735e-03  1.42445e-02
 1.50840e-03  1.42714e-02

 2.62934e-03  1.36650e-02
 1.81029e-03  1.42053e-02
 1.87804e-03  1.40700e-02
 1.96139e-03  1.41963e-02
 1.81029e-03  1.42053e-02

 3.03385e-03  1.36650e-02
 2.12444e-03  1.41303e-02
 2.20667e-03  1.40032e-02
 2.27561e-03  1.41380e-02
 2.12444e-03  1.41303e-02

 3.43837e-03  1.36650e-02
 2.45486e-03  1.40475e-02
 2.54960e-03  1.39295e-02
 2.60447e-03  1.40705e-02
 2.45486e-03  1.40475e-02

 2.03993e-04  1.42350e-02
 1.86030e-04  1.51791e-02
 1.12854e-04  1.50466e-02
 2.64194e-04  1.50495e-02
 1.86030e-04  1.51791e-02

 6.11979e-04  1.42350e-02
 4.08769e-04  1.51858e-02
 3.62155e-04  1.50418e-02
 5.10179e-04  1.50734e-02
 4.08769e-04  1.51858e-02

 1.01997e-03  1.42350e-02
 7.18238e-04  1.51598e-02
 6.86948e-04  1.50117e-02
 8.30849e-04  1.50586e-02
 7.18238e-04  1.51598e-02

 1.42795e-03  1.42350e-02
 9.90819e-04  1.51213e-02
 9.80930e-04  1.49702e-02
 1.11668e-03  1.50372e-02
 9.90819e-04  1.51213e-02

 1.83594e-03  1.42350e-02
 1.28939e-03  1.50634e-02
 1.29841e-03  1.49123e-02
 1.42475e-03  1.49956e-02
 1.28939e-03  1.50634e-02

 2.24392e-03  1.42350e-02
 1.58838e-03  1.49915e-02
 1.61702e-03  1.48429e-02
 1.73142e-03  1.49420e-02
 1.58838e-03  1.49915e-02

 2.65191e-03  1.42350e-02
 1.90288e-03  1.49057e-02
 1.95005e-03  1.47619e-02
 2.05102e-03  1.48747e-02
 1.90288e-03  1.49057e-02

 3.05990e-03  1.42350e-02
 2.22889e-03  1.48087e-02
 2.29377e-03  1.46719e-02
 2.37977e-03  1.47965e-02
 2.22889e-03  1.48087e-02

 3.46788e-03  1.42350e-02
 2.57035e-03  1.47019e-02
 2.65171e-03  1.45743e-02
 2.72157e-03  1.47086e-02
 2.57035e-03  1.47019e-02

 2.05729e-04  1.48050e-02
 1.90580e-04  1.59059e-02
 1.16708e-04  1.57738e-02
 2.68060e-04  1.57759e-02
 1.90580e-04  1.59059e-02

 6.17187e-04  1.48050e-02
 4.45780e-04  1.59182e-02
 3.90927e-04  1.57771e-02
 5.40531e-04  1.58002e-02
 4.45780e-04  1.59182e-02

 1.02865e-03  1.48050e-02
 7.74312e-04  1.58883e-02
 7.30594e-04  1.57433e-02
 8.77954e-04  1.57779e-02
 7.74312e-04  1.58883e-02

 1.44010e-03  1.48050e-02
 1.07115e-03  1.58430e-02
 1.04375e-03  1.56941e-02
 1.18637e-03  1.57448e-02
 1.07115e-03  1.58430e-02

 1.85156e-03  1.48050e-02
 1.39019e-03  1.57734e-02
 1.37825e-03  1.56225e-02
 1.51490e-03  1.56876e-02
 1.39019e-03  1.57734e-02

 2.26302e-03  1.48050e-02
 1.70951e-03  1.56869e-02
 1.71510e-03  1.55356e-02
 1.84330e-03  1.56161e-02
 1.70951e-03  1.56869e-02

 2.67448e-03  1.48050e-02
 2.04224e-03  1.55833e-02
 2.06615e-03  1.54339e-02
 2.18364e-03  1.55293e-02
 2.04224e-03  1.55833e-02

 3.08594e-03  1.48050e-02
 2.38493e-03  1.54665e-02
 2.42833e-03  1.53214e-02
 2.53221e-03  1.54315e-02
 2.38493e-03  1.54665e-02

 3.49740e-03  1.48050e-02
 2.74102e-03  1.53382e-02
 2.80455e-03  1.52008e-02
 2.89176e-03  1.53246e-02
 2.74102e-03  1.53382e-02

 2.07465e-04  1.53750e-02
 1.95977e-04  1.66029e-02
 1.21524e-04  1.64711e-02
 2.72884e-04  1.64725e-02
 1.95977e-04  1.66029e-02

 6.22396e-04  1.53750e-02
 4.92470e-04  1.66195e-02
 4.30807e-04  1.64813e-02
 5.81356e-04  1.64970e-02
 4.92470e-04  1.66195e-02

 1.03733e-03  1.53750e-02
 8.44614e-04  1.65865e-02
 7.90462e-04  1.64452e-02
 9.39950e-04  1.64690e-02
 8.44614e-04  1.65865e-02

 1.45226e-03  1.53750e-02
 1.17224e-03  1.65356e-02
 1.12942e-03  1.63904e-02
 1.27656e-03  1.64259e-02
 1.17224e-03  1.65356e-02

 1.86719e-03  1.53750e-02
 1.51685e-03  1.64562e-02
 1.48526e-03  1.63082e-02
 1.62925e-03  1.63548e-02
 1.51685e-03  1.64562e-02

 2.28212e-03  1.53750e-02
 1.86160e-03  1.63571e-02
 1.84362e-03  1.62068e-02
 1.98277e-03  1.62664e-02
 1.86160e-03  1.63571e-02

 2.69705e-03  1.53750e-02
 2.21674e-03  1.62386e-02
 2.21431e-03  1.60873e-02
 2.34660e-03  1.61608e-02
 2.21674e-03  1.62386e-02

 3.11198e-03  1.53750e-02
 2.57962e-03  1.61049e-02
 2.59573e-03  1.59543e-02
 2.71802e-03  1.60435e-02
 2.57962e-03  1.61049e-02

 3.52691e-03  1.53750e-02
 2.95299e-03  1.59584e-02
 2.99097e-03  1.58119e-02
 3.09887e-03  1.59180e-02
 2.95299e-03  1.59584e-02

 2.09201e-04  1.59450e-02
 2.02003e-04  1.72597e-02
 1.27038e-04  1.71282e-02
 2.78403e-04  1.71290e-02
 2.02003e-04  1.72597e-02

 6.27604e-04  1.59450e-02
 5.46252e-04  1.72793e-02
 4.78686e-04  1.71438e-02
 6.29773e-04  1.71531e-02
 5.46252e-04  1.72793e-02

 1.04601e-03  1.59450e-02
 9.25246e-04  1.72444e-02
 8.62018e-04  1.71069e-02
 1.01274e-03  1.71209e-02
 9.25246e-04  1.72444e-02

 1.46441e-03  1.59450e-02
 1.28842e-03  1.71894e-02
 1.23184e-03  1.70490e-02
 1.38172e-03  1.70702e-02
 1.28842e-03  1.71894e-02

 1.88281e-03  1.59450e-02
 1.66232e-03  1.71027e-02
 1.61250e-03  1.69597e-02
 1.76120e-03  1.69880e-02
 1.66232e-03  1.71027e-02

 2.30122e-03  1.59450e-02
 2.03625e-03  1.69943e-02
 1.99496e-03  1.68486e-02
 2.14172e-03  1.68857e-02
 2.03625e-03  1.69943e-02

 2.71962e-03  1.59450e-02
 2.41688e-03  1.68644e-02
 2.38599e-03  1.67162e-02
 2.52976e-03  1.67636e-02
 2.41688e-03  1.68644e-02

 3.13802e-03  1.59450e-02
 2.80258e-03  1.67180e-02
 2.78534e-03  1.65676e-02
 2.92419e-03  1.66278e-02
 2.80258e-03  1.67180e-02

 3.55642e-03  1.59450e-02
 3.19516e-03  1.65577e-02
 3.19654e-03  1.64064e-02
 3.32694e-03  1.64833e-02
 3.19516e-03  1.65577e-02

 2.10937e-04  1.65150e-02
 2.08411e-04  1.78743e-02
 1.32971e-04  1.77430e-02
 2.84338e-04  1.77433e-02
 2.08411e-04  1.78743e-02

 6.32812e-04  1.65150e-02
 6.04384e-04  1.78955e-02
 5.31415e-04  1.77628e-02
 6.82750e-04  1.77660e-02
 6.04384e-04  1.78955e-02

 1.05469e-03  1.65150e-02
 1.01216e-03  1.78597e-02
 9.40654e-04  1.77263e-02
 1.09195e-03  1.77310e-02
 1.01216e-03  1.78597e-02

 1.47656e-03  1.65150e-02
 1.41390e-03  1.78021e-02
 1.34468e-03  1.76675e-02
 1.49587e-03  1.76749e-02
 1.41390e-03  1.78021e-02

 1.89844e-03  1.65150e-02
 1.81941e-03  1.77110e-02
 1.75253e-03  1.75752e-02
 1.90357e-03  1.75852e-02
 1.81941e-03  1.77110e-02

 2.32031e-03  1.65150e-02
 2.22490e-03  1.75968e-02
 2.16102e-03  1.74596e-02
 2.31181e-03  1.74729e-02
 2.22490e-03  1.75968e-02

 2.74219e-03  1.65150e-02
 2.63299e-03  1.74598e-02
 2.57286e-03  1.73209e-02
 2.72322e-03  1.73383e-02
 2.63299e-03  1.74598e-02

 3.16406e-03  1.65150e-02
 3.04317e-03  1.73054e-02
 2.98818e-03  1.71643e-02
 3.13781e-03  1.71872e-02
 3.04317e-03  1.73054e-02

 3.58594e-03  1.65150e-02
 3.45622e-03  1.71365e-02
 3.40891e-03  1.69927e-02
 3.55709e-03  1.70236e-02
 3.45622e-03  1.71365e-02

 2.12674e-04  1.70850e-02
 2.14985e-04  1.84440e-02
 1.39078e-04  1.83131e-02
 2.90445e-04  1.83128e-02
 2.14985e-04  1.84440e-02

 6.38021e-04  1.70850e-02
 6.64366e-04  1.84654e-02
 5.86195e-04  1.83358e-02
 7.37535e-04  1.83329e-02
 6.64366e-04  1.84654e-02

 1.06337e-03  1.70850e-02
 1.10171e-03  1.84297e-02
 1.02232e-03  1.83009e-02
 1.17363e-03  1.82966e-02
 1.10171e-03  1.84297e-02

 1.48872e-03  1.70850e-02
 1.54342e-03  1.83714e-02
 1.46223e-03  1.82436e-02
 1.61346e-03  1.82372e-02
 1.54342e-03  1.83714e-02

 1.91406e-03  1.70850e-02
 1.98162e-03  1.82788e-02
 1.89865e-03  1.81522e-02
 2.04978e-03  1.81437e-02
 1.98162e-03  1.82788e-02

 2.33941e-03  1.70850e-02
 2.41981e-03  1.81625e-02
 2.33458e-03  1.80374e-02
 2.48553e-03  1.80261e-02
 2.41981e-03  1.81625e-02

 2.76476e-03  1.70850e-02
 2.85630e-03  1.80229e-02
 2.76824e-03  1.78998e-02
 2.91890e-03  1.78851e-02
 2.85630e-03  1.80229e-02

 3.19010e-03  1.70850e-02
 3.29175e-03  1.78655e-02
 3.19978e-03  1.77453e-02
 3.34988e-03  1.77258e-02
 3.29175e-03  1.78655e-02

 3.61545e-03  1.70850e-02
 3.72579e-03  1.76936e-02
 3.62794e-03  1.75781e-02
 3.77688e-03  1.75511e-02
 3.72579e-03  1.76936e-02

 2.14410e-04  1.76550e-02
 2.21497e-04  1.89692e-02
 1.45108e-04  1.88386e-02
 2.96473e-04  1.88377e-02
 2.21497e-04  1.89692e-02

 6.43229e-04  1.76550e-02
 7.23681e-04  1.89893e-02
 6.40245e-04  1.88630e-02
 7.91337e-04  1.88539e-02
 7.23681e-04  1.89893e-02

 1.07205e-03  1.76550e-02
 1.19026e-03  1.89548e-02
 1.10301e-03  1.88311e-02
 1.25376e-03  1.88174e-02
 1.19026e-03  1.89548e-02

 1.50087e-03  1.76550e-02
 1.67169e-03  1.88973e-02
 1.57885e-03  1.87777e-02
 1.72881e-03  1.87571e-02
 1.67169e-03  1.88973e-02

 1.92969e-03  1.76550e-02
 2.14237e-03  1.88063e-02
 2.04413e-03  1.86911e-02
 2.19298e-03  1.86636e-02
 2.14237e-03  1.88063e-02

 2.35851e-03  1.76550e-02
 2.61310e-03  1.86917e-02
 2.50834e-03  1.85825e-02
 2.65534e-03  1.85464e-02
 2.61310e-03  1.86917e-02

 2.78733e-03  1.76550e-02
 3.07780e-03  1.85542e-02
 2.96548e-03  1.84527e-02
 3.10952e-03  1.84062e-02
 3.07780e-03  1.85542e-02

 3.21615e-03  1.76550e-02
 3.53831e-03  1.83991e-02
 3.41677e-03  1.83089e-02
 3.55568e-03  1.82488e-02
 3.53831e-03  1.83991e-02

 3.64497e-03  1.76550e-02
 3.99305e-03  1.82299e-02
 3.86042e-03  1.81570e-02
 3.98990e-03  1.80786e-02
 3.99305e-03  1.82299e-02

 2.16146e-04  1.82250e-02
 2.27749e-04  1.94526e-02
 1.50830e-04  1.93222e-02
 3.02190e-04  1.93208e-02
 2.27749e-04  1.94526e-02

 6.48438e-04  1.82250e-02
 7.79975e-04  1.94699e-02
 6.90937e-04  1.93475e-02
 8.41466e-04  1.93316e-02
 7.79975e-04  1.94699e-02

 1.08073e-03  1.82250e-02
 1.27443e-03  1.94372e-02
 1.17901e-03  1.93197e-02
 1.32848e-03  1.92958e-02
 1.27443e-03  1.94372e-02

 1.51302e-03  1.82250e-02
 1.79375e-03  1.93821e-02
 1.68930e-03  1.92726e-02
 1.83640e-03  1.92369e-02
 1.79375e-03  1.93821e-02

 1.94531e-03  1.82250e-02
 2.29540e-03  1.92955e-02
 2.18272e-03  1.91945e-02
 2.32659e-03  1.91474e-02
 2.29540e-03  1.92955e-02

 2.37760e-03  1.82250e-02
 2.79716e-03  1.91863e-02
 2.67535e-03  1.90964e-02
 2.81408e-03  1.90358e-02
 2.79716e-03  1.91863e-02

 2.80990e-03  1.82250e-02
 3.28869e-03  1.90553e-02
 3.15765e-03  1.89796e-02
 3.28877e-03  1.89040e-02
 3.28869e-03  1.90553e-02

 3.24219e-03  1.82250e-02
 3.77293e-03  1.89078e-02
 3.63273e-03  1.88507e-02
 3.75224e-03  1.87578e-02
 3.77293e-03  1.89078e-02

 3.67448e-03  1.82250e-02
 4.24715e-03  1.87470e-02
 4.09929e-03  1.87146e-02
 4.20125e-03  1.86027e-02
 4.24715e-03  1.87470e-02

 2.17882e-04  1.87950e-02
 2.33500e-04  1.98966e-02
 1.55966e-04  1.97666e-02
 3.07318e-04  1.97645e-02
 2.33500e-04  1.98966e-02

 6.53646e-04  1.87950e-02
 8.30632e-04  1.99097e-02
 7.35329e-04  1.97921e-02
 8.84824e-04  1.97684e-02
 8.30632e-04  1.99097e-02

 1.08941e-03  1.87950e-02
 1.35037e-03  1.98797e-02
 1.24612e-03  1.97699e-02
 1.39329e-03  1.97345e-02
 1.35037e-03  1.98797e-02

 1.52517e-03  1.87950e-02
 1.90393e-03  1.98285e-02
 1.78776e-03  1.97314e-02
 1.92988e-03  1.96793e-02
 1.90393e-03  1.98285e-02

 1.96094e-03  1.87950e-02
 2.43353e-03  1.97491e-02
 2.30753e-03  1.96653e-02
 2.44317e-03  1.95981e-02
 2.43353e-03  1.97491e-02

 2.39670e-03  1.87950e-02
 2.96319e-03  1.96489e-02
 2.82766e-03  1.95815e-02
 2.95379e-03  1.94979e-02
 2.96319e-03  1.96489e-02

 2.83247e-03  1.87950e-02
 3.47875e-03  1.95292e-02
 3.33533e-03  1.94808e-02
 3.44894e-03  1.93808e-02
 3.47875e-03  1.95292e-02

 3.26823e-03  1.87950e-02
 3.98410e-03  1.93943e-02
 3.83501e-03  1.93682e-02
 3.93217e-03  1.92521e-02
 3.98410e-03  1.93943e-02

 3.70399e-03  1.87950e-02
 4.47543e-03  1.92475e-02
 4.32407e-03  1.92464e-02
 4.40065e-03  1.91159e-02
 4.47543e-03  1.92475e-02

 2.19618e-04  1.93650e-02
 2.38562e-04  2.03104e-02
 1.60267e-04  2.01808e-02
 3.11604e-04  2.01778e-02
 2.38562e-04  2.03104e-02

 6.58854e-04  1.93650e-02
 8.73296e-04  2.03176e-02
 7.70672e-04  2.02064e-02
 9.18343e-04  2.01731e-02
 8.73296e-04  2.03176e-02

 1.09809e-03  1.93650e-02
 1.41453e-03  2.02906e-02
 1.30051e-03  2.01911e-02
 1.44374e-03  2.01421e-02
 1.41453e-03  2.02906e-02

 1.53733e-03  1.93650e-02
 1.99682e-03  2.02446e-02
 1.86904e-03  2.01634e-02
 2.00321e-03  2.00934e-02
 1.99682e-03  2.02446e-02

 1.97656e-03  1.93650e-02
 2.54978e-03  2.01748e-02
 2.41227e-03  2.01115e-02
 2.53582e-03  2.00241e-02
 2.54978e-03  2.01748e-02

 2.41580e-03  1.93650e-02
 3.10259e-03  2.00868e-02
 2.95740e-03  2.00440e-02
 3.06706e-03  1.99397e-02
 3.10259e-03  2.00868e-02

 2.85503e-03  1.93650e-02
 3.63783e-03  1.99819e-02
 3.48803e-03  1.99602e-02
 3.58172e-03  1.98413e-02
 3.63783e-03  1.99819e-02

 3.29427e-03  1.93650e-02
 4.16032e-03  1.98639e-02
 4.00895e-03  1.98641e-02
 4.08451e-03  1.97329e-02
 4.16032e-03  1.98639e-02

 3.73351e-03  1.93650e-02
 4.66525e-03  1.97358e-02
 4.51546e-03  1.97577e-02
 4.57144e-03  1.96170e-02
 4.66525e-03  1.97358e-02

 2.21354e-04  1.99350e-02
 2.42594e-04  2.06960e-02
 1.63283e-04  2.05671e-02
 3.14591e-04  2.05628e-02
 2.42594e-04  2.06960e-02

 6.64062e-04  1.99350e-02
 9.04456e-04  2.06964e-02
 7.92816e-04  2.05942e-02
 9.37159e-04  2.05486e-02
 9.04456e-04  2.06964e-02

 1.10677e-03  1.99350e-02
 1.46145e-03  2.06735e-02
 1.33647e-03  2.05881e-02
 1.47292e-03  2.05226e-02
 1.46145e-03  2.06735e-02

 1.54948e-03  1.99350e-02
 2.06436e-03  2.06343e-02
 1.92569e-03  2.05736e-02
 2.04759e-03  2.04839e-02
 2.06436e-03  2.06343e-02

 1.99219e-03  1.99350e-02
 2.63384e-03  2.05769e-02
 2.48764e-03  2.05377e-02
 2.59469e-03  2.04307e-02
 2.63384e-03  2.05769e-02

 2.43490e-03  1.99350e-02
 3.20286e-03  2.05044e-02
 3.05248e-03  2.04871e-02
 3.14263e-03  2.03656e-02
 3.20286e-03  2.05044e-02

 2.87760e-03  1.99350e-02
 3.75160e-03  2.04185e-02
 3.60026e-03  2.04212e-02
 3.67352e-03  2.02888e-02
 3.75160e-03  2.04185e-02

 3.32031e-03  1.99350e-02
 4.28550e-03  2.03219e-02
 4.13567e-03  2.03433e-02
 4.19198e-03  2.02028e-02
 4.28550e-03  2.03219e-02

 3.76302e-03  1.99350e-02
 4.79928e-03  2.02173e-02
 4.65291e-03  2.02559e-02
 4.69270e-03  2.01098e-02
 4.79928e-03  2.02173e-02

 2.23090e-04  2.05050e-02
 2.45468e-04  2.10746e-02
 1.64697e-04  2.09466e-02
 3.15948e-04  2.09407e-02
 2.45468e-04  2.10746e-02

 6.69271e-04  2.05050e-02
 9.21736e-04  2.10671e-02
 7.98989e-04  2.09785e-02
 9.37068e-04  2.09165e-02
 9.21736e-04  2.10671e-02

 1.11545e-03  2.05050e-02
 1.48696e-03  2.10489e-02
 1.35052e-03  2.09833e-02
 1.47551e-03  2.08979e-02
 1.48696e-03  2.10489e-02

 1.56163e-03  2.05050e-02
 2.10008e-03  2.10173e-02
 1.95294e-03  2.09817e-02
 2.05728e-03  2.08721e-02
 2.10008e-03  2.10173e-02

 2.00781e-03  2.05050e-02
 2.67730e-03  2.09733e-02
 2.52650e-03  2.09602e-02
 2.61327e-03  2.08362e-02
 2.67730e-03  2.09733e-02

 2.45399e-03  2.05050e-02
 3.25366e-03  2.09176e-02
 3.10247e-03  2.09248e-02
 3.17187e-03  2.07902e-02
 3.25366e-03  2.09176e-02

 2.90017e-03  2.05050e-02
 3.80815e-03  2.08520e-02
 3.65868e-03  2.08759e-02
 3.71272e-03  2.07345e-02
 3.80815e-03  2.08520e-02

 3.34635e-03  2.05050e-02
 4.34666e-03  2.07784e-02
 4.20026e-03  2.08169e-02
 4.24017e-03  2.06708e-02
 4.34666e-03  2.07784e-02

 3.79253e-03  2.05050e-02
 4.86338e-03  2.06991e-02
 4.72090e-03  2.07502e-02
 4.74789e-03  2.06012e-02
 4.86338e-03  2.06991e-02

 2.24826e-04  2.10750e-02
 2.46485e-04  2.14386e-02
 1.63140e-04  2.13122e-02
 3.14239e-04  2.13032e-02
 2.46485e-04  2.14386e-02

 6.74479e-04  2.10750e-02
 9.18710e-04  2.14256e-02
 7.81681e-04  2.13613e-02
 9.05884e-04  2.12748e-02
 9.18710e-04  2.14256e-02

 1.12413e-03  2.10750e-02
 1.48064e-03  2.14140e-02
 1.33349e-03  2.13785e-02
 1.43779e-03  2.12688e-02
 1.48064e-03  2.14140e-02

 1.57378e-03  2.10750e-02
 2.08942e-03  2.13924e-02
 1.93811e-03  2.13882e-02
 2.01746e-03  2.12593e-02
 2.08942e-03  2.13924e-02

 2.02344e-03  2.10750e-02
 2.66212e-03  2.13644e-02
 2.51148e-03  2.13792e-02
 2.57395e-03  2.12413e-02
 2.66212e-03  2.13644e-02

 2.47309e-03  2.10750e-02
 3.23409e-03  2.13283e-02
 3.08581e-03  2.13587e-02
 3.13362e-03  2.12151e-02
 3.23409e-03  2.13283e-02

 2.92274e-03  2.10750e-02
 3.78425e-03  2.12862e-02
 3.63891e-03  2.13285e-02
 3.67495e-03  2.11815e-02
 3.78425e-03  2.12862e-02

 3.37240e-03  2.10750e-02
 4.31874e-03  2.12389e-02
 4.17666e-03  2.12911e-02
 4.20249e-03  2.11419e-02
 4.31874e-03  2.12389e-02

 3.82205e-03  2.10750e-02
 4.83189e-03  2.11881e-02
 4.69320e-03  2.12487e-02
 4.71004e-03  2.10983e-02
 4.83189e-03  2.11881e-02

 2.26562e-04  2.16450e-02
 2.45865e-04  2.18430e-02
 1.57822e-04  2.17199e-02
 3.08475e-04  2.17052e-02
 2.45865e-04  2.18430e-02

 6.79687e-04  2.16450e-02
 8.94258e-04  2.18261e-02
 7.45265e-04  2.17994e-02
 8.42886e-04  2.16837e-02
 8.94258e-04  2.18261e-02

 1.13281e-03  2.16450e-02
 1.43886e-03  2.18204e-02
 1.28750e-03  2.18209e-02
 1.36275e-03  2.16895e-02
 1.43886e-03  2.18204e-02

 1.58594e-03  2.16450e-02
 2.02724e-03  2.18070e-02
 1.87810e-03  2.18328e-02
 1.93025e-03  2.16907e-02
 2.02724e-03  2.18070e-02

 2.03906e-03  2.16450e-02
 2.58211e-03  2.17916e-02
 2.43582e-03  2.18305e-02
 2.47528e-03  2.16844e-02
 2.58211e-03  2.17916e-02

 2.49219e-03  2.16450e-02
 3.13722e-03  2.17711e-02
 2.99404e-03  2.18202e-02
 3.02309e-03  2.16717e-02
 3.13722e-03  2.17711e-02

 2.94531e-03  2.16450e-02
 3.67270e-03  2.17475e-02
 3.53233e-03  2.18042e-02
 3.55346e-03  2.16543e-02
 3.67270e-03  2.17475e-02

 3.39844e-03  2.16450e-02
 4.19455e-03  2.17209e-02
 4.05687e-03  2.17838e-02
 4.07124e-03  2.16332e-02
 4.19455e-03  2.17209e-02

 3.85156e-03  2.16450e-02
 4.69748e-03  2.16926e-02
 4.56234e-03  2.17608e-02
 4.57085e-03  2.16097e-02
 4.69748e-03  2.16926e-02

 2.28299e-04  2.22150e-02
 2.41708e-04  2.22321e-02
 1.01221e-04  2.21757e-02
 2.20266e-04  2.20822e-02
 2.41708e-04  2.22321e-02

 6.84896e-04  2.22150e-02
 8.14072e-04  2.22301e-02
 6.75091e-04  2.22901e-02
 6.92648e-04  2.21397e-02
 8.14072e-04  2.22301e-02

 1.14149e-03  2.22150e-02
 1.32241e-03  2.22299e-02
 1.18556e-03  2.22946e-02
 1.19797e-03  2.21437e-02
 1.32241e-03  2.22299e-02

 1.59809e-03  2.22150e-02
 1.85750e-03  2.22286e-02
 1.72263e-03  2.22973e-02
 1.73055e-03  2.21462e-02
 1.85750e-03  2.22286e-02

 2.05469e-03  2.22150e-02
 2.37195e-03  2.22273e-02
 2.23802e-03  2.22979e-02
 2.24390e-03  2.21466e-02
 2.37195e-03  2.22273e-02

 2.51128e-03  2.22150e-02
 2.88680e-03  2.22255e-02
 2.75365e-03  2.22975e-02
 2.75789e-03  2.21462e-02
 2.88680e-03  2.22255e-02

 2.96788e-03  2.22150e-02
 3.38978e-03  2.22235e-02
 3.25720e-03  2.22965e-02
 3.26024e-03  2.21452e-02
 3.38978e-03  2.22235e-02

 3.42448e-03  2.22150e-02
 3.88466e-03  2.22212e-02
 3.75257e-03  2.22951e-02
 3.75461e-03  2.21437e-02
 3.88466e-03  2.22212e-02

 3.88108e-03  2.22150e-02
 4.36830e-03  2.22187e-02
 4.23664e-03  2.22934e-02
 4.23780e-03  2.21421e-02
 4.36830e-03  2.22187e-02

 3.76510e-03  1.13850e-02
 3.28759e-03  1.13930e-02
 3.41739e-03  1.13151e-02
 3.41993e-03  1.14665e-02
 3.28759e-03  1.13930e-02

 4.26406e-03  1.13850e-02
 3.75913e-03  1.13906e-02
 3.88936e-03  1.13135e-02
 3.89105e-03  1.14649e-02
 3.75913e-03  1.13906e-02

 4.76302e-03  1.13850e-02
 4.24237e-03  1.13881e-02
 4.37300e-03  1.13117e-02
 4.37391e-03  1.14630e-02
 4.24237e-03  1.13881e-02

 5.26198e-03  1.13850e-02
 4.73792e-03  1.13855e-02
 4.86893e-03  1.13097e-02
 4.86909e-03  1.14611e-02
 4.73792e-03  1.13855e-02

 5.76094e-03  1.13850e-02
 5.24592e-03  1.13830e-02
 5.37731e-03  1.13078e-02
 5.37670e-03  1.14592e-02
 5.24592e-03  1.13830e-02

 6.25990e-03  1.13850e-02
 5.76604e-03  1.13804e-02
 5.89782e-03  1.13060e-02
 5.89642e-03  1.14573e-02
 5.76604e-03  1.13804e-02

 6.75885e-03  1.13850e-02
 6.29773e-03  1.13781e-02
 6.42993e-03  1.13044e-02
 6.42767e-03  1.14558e-02
 6.29773e-03  1.13781e-02

 7.25781e-03  1.13850e-02
 6.83962e-03  1.13761e-02
 6.97230e-03  1.13032e-02
 6.96907e-03  1.14545e-02
 6.83962e-03  1.13761e-02

 7.75677e-03  1.13850e-02
 7.39058e-03  1.13744e-02
 7.52380e-03  1.13025e-02
 7.51942e-03  1.14538e-02
 7.39058e-03  1.13744e-02

 8.25573e-03  1.13850e-02
 7.94757e-03  1.13732e-02
 8.08146e-03  1.13026e-02
 8.07566e-03  1.14538e-02
 7.94757e-03  1.13732e-02

 8.75469e-03  1.13850e-02
 8.51003e-03  1.13725e-02
 8.64480e-03  1.13036e-02
 8.63709e-03  1.14548e-02
 8.51003e-03  1.13725e-02

 9.25365e-03  1.13850e-02
 9.07110e-03  1.13725e-02
 9.20705e-03  1.13060e-02
 9.19673e-03  1.14570e-02
 9.07110e-03  1.13725e-02

 9.75260e-03  1.13850e-02
 9.63542e-03  1.13732e-02
 9.77345e-03  1.13110e-02
 9.75823e-03  1.14616e-02
 9.63542e-03  1.13732e-02

 1.02516e-02  1.13850e-02
 1.01835e-02  1.13748e-02
 1.03244e-02  1.13194e-02
 1.03019e-02  1.14691e-02
 1.01835e-02  1.13748e-02

 1.07505e-02  1.13850e-02
 1.07436e-02  1.13769e-02
 1.08865e-02  1.14266e-02
 1.07721e-02  1.15256e-02
 1.07436e-02  1.13769e-02

 3.79531e-03  1.19550e-02
 2.96423e-03  1.20458e-02
 3.08632e-03  1.19563e-02
 3.10276e-03  1.21068e-02
 2.96423e-03  1.20458e-02

 4.29219e-03  1.19550e-02
 3.41645e-03  1.20179e-02
 3.54178e-03  1.19330e-02
 3.55263e-03  1.20840e-02
 3.41645e-03  1.20179e-02

 4.78906e-03  1.19550e-02
 3.88941e-03  1.19885e-02
 4.01760e-03  1.19080e-02
 4.02322e-03  1.20592e-02
 3.88941e-03  1.19885e-02

 5.28594e-03  1.19550e-02
 4.38379e-03  1.19582e-02
 4.51460e-03  1.18821e-02
 4.51515e-03  1.20335e-02
 4.38379e-03  1.19582e-02

 5.78281e-03  1.19550e-02
 4.89959e-03  1.19281e-02
 5.03291e-03  1.18565e-02
 5.02831e-03  1.20078e-02
 4.89959e-03  1.19281e-02

 6.27969e-03  1.19550e-02
 5.43620e-03  1.18991e-02
 5.57200e-03  1.18322e-02
 5.56199e-03  1.19833e-02
 5.43620e-03  1.18991e-02

 6.77656e-03  1.19550e-02
 5.99248e-03  1.18722e-02
 6.13079e-03  1.18107e-02
 6.11489e-03  1.19612e-02
 5.99248e-03  1.18722e-02

 7.27344e-03  1.19550e-02
 6.56600e-03  1.18485e-02
 6.70689e-03  1.17932e-02
 6.68437e-03  1.19429e-02
 6.56600e-03  1.18485e-02

 7.77031e-03  1.19550e-02
 7.15465e-03  1.18293e-02
 7.29823e-03  1.17813e-02
 7.26794e-03  1.19296e-02
 7.15465e-03  1.18293e-02

 8.26719e-03  1.19550e-02
 7.75329e-03  1.18155e-02
 7.89962e-03  1.17768e-02
 7.85998e-03  1.19229e-02
 7.75329e-03  1.18155e-02

 8.76406e-03  1.19550e-02
 8.36050e-03  1.18082e-02
 8.50956e-03  1.17819e-02
 8.45782e-03  1.19241e-02
 8.36050e-03  1.18082e-02

 9.26094e-03  1.19550e-02
 8.96485e-03  1.18086e-02
 9.11590e-03  1.17989e-02
 9.04881e-03  1.19345e-02
 8.96485e-03  1.18086e-02

 9.75781e-03  1.19550e-02
 9.57247e-03  1.18170e-02
 9.72281e-03  1.18346e-02
 9.63240e-03  1.19560e-02
 9.57247e-03  1.18170e-02

 1.02547e-02  1.19550e-02
 1.01517e-02  1.18361e-02
 1.02948e-02  1.18857e-02
 1.01803e-02  1.19848e-02
 1.01517e-02  1.18361e-02

 1.07516e-02  1.19550e-02
 1.07427e-02  1.18764e-02
 1.08326e-02  1.19981e-02
 1.06822e-02  1.20152e-02
 1.07427e-02  1.18764e-02

 3.82552e-03  1.25250e-02
 2.82529e-03  1.26713e-02
 2.94405e-03  1.25774e-02
 2.96595e-03  1.27272e-02
 2.82529e-03  1.26713e-02

 4.32031e-03  1.25250e-02
 3.27104e-03  1.26194e-02
 3.39481e-03  1.25323e-02
 3.40838e-03  1.26831e-02
 3.27104e-03  1.26194e-02

 4.81510e-03  1.25250e-02
 3.74176e-03  1.25653e-02
 3.86991e-03  1.24848e-02
 3.87560e-03  1.26360e-02
 3.74176e-03  1.25653e-02

 5.30990e-03  1.25250e-02
 4.23799e-03  1.25103e-02
 4.37010e-03  1.24364e-02
 4.36803e-03  1.25878e-02
 4.23799e-03  1.25103e-02

 5.80469e-03  1.25250e-02
 4.75950e-03  1.24559e-02
 4.89529e-03  1.23891e-02
 4.88531e-03  1.25401e-02
 4.75950e-03  1.24559e-02

 6.29948e-03  1.25250e-02
 5.30523e-03  1.24039e-02
 5.44450e-03  1.23447e-02
 5.42620e-03  1.24949e-02
 5.30523e-03  1.24039e-02

 6.79427e-03  1.25250e-02
 5.87366e-03  1.23562e-02
 6.01624e-03  1.23054e-02
 5.98895e-03  1.24543e-02
 5.87366e-03  1.23562e-02

 7.28906e-03  1.25250e-02
 6.46177e-03  1.23147e-02
 6.60746e-03  1.22736e-02
 6.57016e-03  1.24203e-02
 6.46177e-03  1.23147e-02

 7.78385e-03  1.25250e-02
 7.06683e-03  1.22814e-02
 7.21530e-03  1.22519e-02
 7.16660e-03  1.23952e-02
 7.06683e-03  1.22814e-02

 8.27865e-03  1.25250e-02
 7.68295e-03  1.22584e-02
 7.83352e-03  1.22428e-02
 7.77168e-03  1.23810e-02
 7.68295e-03  1.22584e-02

 8.77344e-03  1.25250e-02
 8.30798e-03  1.22476e-02
 8.45933e-03  1.22497e-02
 8.38183e-03  1.23797e-02
 8.30798e-03  1.22476e-02

 9.26823e-03  1.25250e-02
 8.92928e-03  1.22511e-02
 9.07881e-03  1.22746e-02
 8.98367e-03  1.23924e-02
 8.92928e-03  1.22511e-02

 9.76302e-03  1.25250e-02
 9.55234e-03  1.22713e-02
 9.69431e-03  1.23238e-02
 9.57785e-03  1.24205e-02
 9.55234e-03  1.22713e-02

 1.02578e-02  1.25250e-02
 1.01429e-02  1.23114e-02
 1.02716e-02  1.23909e-02
 1.01383e-02  1.24627e-02
 1.01429e-02  1.23114e-02

 1.07526e-02  1.25250e-02
 1.07427e-02  1.23901e-02
 1.08278e-02  1.25153e-02
 1.06768e-02  1.25264e-02
 1.07427e-02  1.23901e-02

 3.85573e-03  1.30950e-02
 2.78617e-03  1.33179e-02
 2.89906e-03  1.32170e-02
 2.92994e-03  1.33652e-02
 2.78617e-03  1.33179e-02

 4.34844e-03  1.30950e-02
 3.23021e-03  1.32343e-02
 3.35094e-03  1.31430e-02
 3.36965e-03  1.32932e-02
 3.23021e-03  1.32343e-02

 4.84115e-03  1.30950e-02
 3.70113e-03  1.31476e-02
 3.82859e-03  1.30659e-02
 3.83556e-03  1.32171e-02
 3.70113e-03  1.31476e-02

 5.33385e-03  1.30950e-02
 4.19921e-03  1.30600e-02
 4.33257e-03  1.29884e-02
 4.32790e-03  1.31397e-02
 4.19921e-03  1.30600e-02

 5.82656e-03  1.30950e-02
 4.72385e-03  1.29740e-02
 4.86242e-03  1.29131e-02
 4.84590e-03  1.30635e-02
 4.72385e-03  1.29740e-02

 6.31927e-03  1.30950e-02
 5.27378e-03  1.28922e-02
 5.41688e-03  1.28429e-02
 5.38806e-03  1.29915e-02
 5.27378e-03  1.28922e-02

 6.81198e-03  1.30950e-02
 5.84717e-03  1.28177e-02
 5.99406e-03  1.27811e-02
 5.95224e-03  1.29266e-02
 5.84717e-03  1.28177e-02

 7.30469e-03  1.30950e-02
 6.44068e-03  1.27533e-02
 6.59042e-03  1.27311e-02
 6.53475e-03  1.28719e-02
 6.44068e-03  1.27533e-02

 7.79740e-03  1.30950e-02
 7.05132e-03  1.27022e-02
 7.20257e-03  1.26963e-02
 7.13205e-03  1.28302e-02
 7.05132e-03  1.27022e-02

 8.29010e-03  1.30950e-02
 7.67293e-03  1.26675e-02
 7.82378e-03  1.26799e-02
 7.73760e-03  1.28044e-02
 7.67293e-03  1.26675e-02

 8.78281e-03  1.30950e-02
 8.30293e-03  1.26525e-02
 8.45061e-03  1.26857e-02
 8.34800e-03  1.27970e-02
 8.30293e-03  1.26525e-02

 9.27552e-03  1.30950e-02
 8.92835e-03  1.26603e-02
 9.06930e-03  1.27155e-02
 8.95102e-03  1.28099e-02
 8.92835e-03  1.26603e-02

 9.76823e-03  1.30950e-02
 9.55400e-03  1.26952e-02
 9.68262e-03  1.27750e-02
 9.54920e-03  1.28464e-02
 9.55400e-03  1.26952e-02

 1.02609e-02  1.30950e-02
 1.01455e-02  1.27608e-02
 1.02598e-02  1.28600e-02
 1.01167e-02  1.29094e-02
 1.01455e-02  1.27608e-02

 1.07536e-02  1.30950e-02
 1.07438e-02  1.28886e-02
 1.08256e-02  1.30159e-02
 1.06744e-02  1.30231e-02
 1.07438e-02  1.28886e-02

 3.88594e-03  1.36650e-02
 2.83931e-03  1.39490e-02
 2.94600e-03  1.38416e-02
 2.98564e-03  1.39877e-02
 2.83931e-03  1.39490e-02

 4.37656e-03  1.36650e-02
 3.28581e-03  1.38352e-02
 3.40366e-03  1.37402e-02
 3.42700e-03  1.38898e-02
 3.28581e-03  1.38352e-02

 4.86719e-03  1.36650e-02
 3.75850e-03  1.37180e-02
 3.88582e-03  1.36361e-02
 3.89305e-03  1.37873e-02
 3.75850e-03  1.37180e-02

 5.35781e-03  1.36650e-02
 4.25753e-03  1.36004e-02
 4.39283e-03  1.35325e-02
 4.38395e-03  1.36836e-02
 4.25753e-03  1.36004e-02

 5.84844e-03  1.36650e-02
 4.78213e-03  1.34855e-02
 4.92396e-03  1.34326e-02
 4.89884e-03  1.35819e-02
 4.78213e-03  1.34855e-02

 6.33906e-03  1.36650e-02
 5.33081e-03  1.33770e-02
 5.47764e-03  1.33403e-02
 5.43607e-03  1.34858e-02
 5.33081e-03  1.33770e-02

 6.82969e-03  1.36650e-02
 5.90166e-03  1.32787e-02
 6.05176e-03  1.32592e-02
 5.99359e-03  1.33989e-02
 5.90166e-03  1.32787e-02

 7.32031e-03  1.36650e-02
 6.49135e-03  1.31944e-02
 6.64271e-03  1.31933e-02
 6.56798e-03  1.33249e-02
 6.49135e-03  1.31944e-02

 7.81094e-03  1.36650e-02
 7.09700e-03  1.31282e-02
 7.24726e-03  1.31465e-02
 7.15629e-03  1.32675e-02
 7.09700e-03  1.31282e-02

 8.30156e-03  1.36650e-02
 7.71256e-03  1.30843e-02
 7.85904e-03  1.31224e-02
 7.75276e-03  1.32302e-02
 7.71256e-03  1.30843e-02

 8.79219e-03  1.36650e-02
 8.33547e-03  1.30670e-02
 8.47518e-03  1.31253e-02
 8.35489e-03  1.32172e-02
 8.33547e-03  1.30670e-02

 9.28281e-03  1.36650e-02
 8.95339e-03  1.30807e-02
 9.08370e-03  1.31577e-02
 8.95184e-03  1.32320e-02
 8.95339e-03  1.30807e-02

 9.77344e-03  1.36650e-02
 9.57072e-03  1.31314e-02
 9.68802e-03  1.32270e-02
 9.54652e-03  1.32808e-02
 9.57072e-03  1.31314e-02

 1.02641e-02  1.36650e-02
 1.01550e-02  1.32226e-02
 1.02599e-02  1.33318e-02
 1.01129e-02  1.33680e-02
 1.01550e-02  1.32226e-02

 1.07547e-02  1.36650e-02
 1.07454e-02  1.33954e-02
 1.08255e-02  1.35238e-02
 1.06743e-02  1.35290e-02
 1.07454e-02  1.33954e-02

 3.91615e-03  1.42350e-02
 2.96299e-03  1.45764e-02
 3.06088e-03  1.44609e-02
 3.11192e-03  1.46034e-02
 2.96299e-03  1.45764e-02

 4.40469e-03  1.42350e-02
 3.41376e-03  1.44329e-02
 3.52749e-03  1.43330e-02
 3.55714e-03  1.44815e-02
 3.41376e-03  1.44329e-02

 4.89323e-03  1.42350e-02
 3.88846e-03  1.42860e-02
 4.01554e-03  1.42037e-02
 4.02321e-03  1.43549e-02
 3.88846e-03  1.42860e-02

 5.38177e-03  1.42350e-02
 4.38691e-03  1.41392e-02
 4.52465e-03  1.40764e-02
 4.51014e-03  1.42271e-02
 4.38691e-03  1.41392e-02

 5.87031e-03  1.42350e-02
 4.90822e-03  1.39966e-02
 5.05367e-03  1.39547e-02
 5.01726e-03  1.41016e-02
 4.90822e-03  1.39966e-02

 6.35885e-03  1.42350e-02
 5.45103e-03  1.38626e-02
 5.60103e-03  1.38423e-02
 5.54359e-03  1.39824e-02
 5.45103e-03  1.38626e-02

 6.84740e-03  1.42350e-02
 6.01344e-03  1.37416e-02
 6.16480e-03  1.37432e-02
 6.08773e-03  1.38735e-02
 6.01344e-03  1.37416e-02

 7.33594e-03  1.42350e-02
 6.59240e-03  1.36386e-02
 6.74201e-03  1.36615e-02
 6.64730e-03  1.37796e-02
 6.59240e-03  1.36386e-02

 7.82448e-03  1.42350e-02
 7.18517e-03  1.35584e-02
 7.33021e-03  1.36017e-02
 7.22019e-03  1.37056e-02
 7.18517e-03  1.35584e-02

 8.31302e-03  1.42350e-02
 7.78642e-03  1.35060e-02
 7.92453e-03  1.35679e-02
 7.80183e-03  1.36566e-02
 7.78642e-03  1.35060e-02

 8.80156e-03  1.42350e-02
 8.39382e-03  1.34871e-02
 8.52302e-03  1.35660e-02
 8.39012e-03  1.36384e-02
 8.39382e-03  1.34871e-02

 9.29010e-03  1.42350e-02
 8.99638e-03  1.35067e-02
 9.11560e-03  1.36000e-02
 8.97522e-03  1.36566e-02
 8.99638e-03  1.35067e-02

 9.77865e-03  1.42350e-02
 9.59805e-03  1.35726e-02
 9.70555e-03  1.36792e-02
 9.55951e-03  1.37190e-02
 9.59805e-03  1.35726e-02

 1.02672e-02  1.42350e-02
 1.01700e-02  1.36881e-02
 1.02675e-02  1.38039e-02
 1.01184e-02  1.38304e-02
 1.01700e-02  1.36881e-02

 1.07557e-02  1.42350e-02
 1.07474e-02  1.39039e-02
 1.08264e-02  1.40330e-02
 1.06751e-02  1.40368e-02
 1.07474e-02  1.39039e-02

 3.94635e-03  1.48050e-02
 3.14456e-03  1.51890e-02
 3.23010e-03  1.50641e-02
 3.29548e-03  1.52006e-02
 3.14456e-03  1.51890e-02

 4.43281e-03  1.48050e-02
 3.60113e-03  1.50202e-02
 3.70908e-03  1.49141e-02
 3.74699e-03  1.50606e-02
 3.60113e-03  1.50202e-02

 4.91927e-03  1.48050e-02
 4.07782e-03  1.48480e-02
 4.20487e-03  1.47658e-02
 4.21260e-03  1.49169e-02
 4.07782e-03  1.48480e-02

 5.40573e-03  1.48050e-02
 4.57419e-03  1.46769e-02
 4.71528e-03  1.46220e-02
 4.69223e-03  1.47716e-02
 4.57419e-03  1.46769e-02

 5.89219e-03  1.48050e-02
 5.08956e-03  1.45113e-02
 5.23868e-03  1.44853e-02
 5.18666e-03  1.46274e-02
 5.08956e-03  1.45113e-02

 6.37865e-03  1.48050e-02
 5.62261e-03  1.43563e-02
 5.77396e-03  1.43581e-02
 5.69671e-03  1.44883e-02
 5.62261e-03  1.43563e-02

 6.86510e-03  1.48050e-02
 6.17160e-03  1.42170e-02
 6.32053e-03  1.42441e-02
 6.22265e-03  1.43595e-02
 6.17160e-03  1.42170e-02

 7.35156e-03  1.48050e-02
 6.73404e-03  1.40989e-02
 6.87731e-03  1.41478e-02
 6.76337e-03  1.42474e-02
 6.73404e-03  1.40989e-02

 7.83802e-03  1.48050e-02
 7.30756e-03  1.40078e-02
 7.44319e-03  1.40750e-02
 7.31717e-03  1.41588e-02
 7.30756e-03  1.40078e-02

 8.32448e-03  1.48050e-02
 7.88779e-03  1.39492e-02
 8.01479e-03  1.40315e-02
 7.87996e-03  1.41003e-02
 7.88779e-03  1.39492e-02

 8.81094e-03  1.48050e-02
 8.47282e-03  1.39296e-02
 8.59065e-03  1.40247e-02
 8.44945e-03  1.40792e-02
 8.47282e-03  1.39296e-02

 9.29740e-03  1.48050e-02
 9.05370e-03  1.39548e-02
 9.16258e-03  1.40600e-02
 9.01707e-03  1.41017e-02
 9.05370e-03  1.39548e-02

 9.78385e-03  1.48050e-02
 9.63378e-03  1.40341e-02
 9.73312e-03  1.41483e-02
 9.58454e-03  1.41772e-02
 9.63378e-03  1.40341e-02

 1.02703e-02  1.48050e-02
 1.01893e-02  1.41702e-02
 1.02810e-02  1.42907e-02
 1.01308e-02  1.43098e-02
 1.01893e-02  1.41702e-02

 1.07568e-02  1.48050e-02
 1.07499e-02  1.44221e-02
 1.08279e-02  1.45518e-02
 1.06766e-02  1.45545e-02
 1.07499e-02  1.44221e-02

 3.97656e-03  1.53750e-02
 3.36920e-03  1.57895e-02
 3.43482e-03  1.56531e-02
 3.52014e-03  1.57781e-02
 3.36920e-03  1.57895e-02

 4.46094e-03  1.53750e-02
 3.83231e-03  1.56002e-02
 3.93020e-03  1.54847e-02
 3.98124e-03  1.56272e-02
 3.83231e-03  1.56002e-02

 4.94531e-03  1.53750e-02
 4.31062e-03  1.54078e-02
 4.43763e-03  1.53254e-02
 4.44544e-03  1.54766e-02
 4.31062e-03  1.54078e-02

 5.42969e-03  1.53750e-02
 4.80380e-03  1.52172e-02
 4.94941e-03  1.51758e-02
 4.91240e-03  1.53226e-02
 4.80380e-03  1.52172e-02

 5.91406e-03  1.53750e-02
 5.31117e-03  1.50335e-02
 5.46253e-03  1.50323e-02
 5.38793e-03  1.51640e-02
 5.31117e-03  1.50335e-02

 6.39844e-03  1.53750e-02
 5.83158e-03  1.48621e-02
 5.97957e-03  1.48940e-02
 5.87801e-03  1.50062e-02
 5.83158e-03  1.48621e-02

 6.88281e-03  1.53750e-02
 6.36369e-03  1.47088e-02
 6.50396e-03  1.47657e-02
 6.38456e-03  1.48587e-02
 6.36369e-03  1.47088e-02

 7.36719e-03  1.53750e-02
 6.90553e-03  1.45793e-02
 7.03678e-03  1.46547e-02
 6.90585e-03  1.47306e-02
 6.90553e-03  1.45793e-02

 7.85156e-03  1.53750e-02
 7.45534e-03  1.44799e-02
 7.57760e-03  1.45691e-02
 7.43919e-03  1.46304e-02
 7.45534e-03  1.44799e-02

 8.33594e-03  1.53750e-02
 8.00986e-03  1.44167e-02
 8.12373e-03  1.45164e-02
 7.98043e-03  1.45652e-02
 8.00986e-03  1.44167e-02

 8.82031e-03  1.53750e-02
 8.56771e-03  1.43971e-02
 8.67377e-03  1.45051e-02
 8.52722e-03  1.45429e-02
 8.56771e-03  1.43971e-02

 9.30469e-03  1.53750e-02
 9.12239e-03  1.44269e-02
 9.22146e-03  1.45414e-02
 9.07282e-03  1.45699e-02
 9.12239e-03  1.44269e-02

 9.78906e-03  1.53750e-02
 9.67650e-03  1.45167e-02
 9.76858e-03  1.46368e-02
 9.61850e-03  1.46565e-02
 9.67650e-03  1.45167e-02

 1.02734e-02  1.53750e-02
 1.02125e-02  1.46689e-02
 1.02992e-02  1.47930e-02
 1.01484e-02  1.48060e-02
 1.02125e-02  1.46689e-02

 1.07578e-02  1.53750e-02
 1.07526e-02  1.49497e-02
 1.08299e-02  1.50798e-02
 1.06785e-02  1.50817e-02
 1.07526e-02  1.49497e-02

 4.00677e-03  1.59450e-02
 3.62530e-03  1.63746e-02
 3.65574e-03  1.62264e-02
 3.76893e-03  1.63269e-02
 3.62530e-03  1.63746e-02

 4.48906e-03  1.59450e-02
 4.09543e-03  1.61711e-02
 4.17140e-03  1.60402e-02
 4.24679e-03  1.61714e-02
 4.09543e-03  1.61711e-02

 4.97135e-03  1.59450e-02
 4.57525e-03  1.59649e-02
 4.70237e-03  1.58827e-02
 4.70997e-03  1.60339e-02
 4.57525e-03  1.59649e-02

 5.45365e-03  1.59450e-02
 5.06443e-03  1.57613e-02
 5.21528e-03  1.57488e-02
 5.15067e-03  1.58857e-02
 5.06443e-03  1.57613e-02

 5.93594e-03  1.59450e-02
 5.56240e-03  1.55657e-02
 5.70831e-03  1.56060e-02
 5.60046e-03  1.57122e-02
 5.56240e-03  1.55657e-02

 6.41823e-03  1.59450e-02
 6.06830e-03  1.53838e-02
 6.20188e-03  1.54550e-02
 6.07344e-03  1.55351e-02
 6.06830e-03  1.53838e-02

 6.90052e-03  1.59450e-02
 6.58115e-03  1.52216e-02
 6.70333e-03  1.53110e-02
 6.56486e-03  1.53721e-02
 6.58115e-03  1.52216e-02

 7.38281e-03  1.59450e-02
 7.09966e-03  1.50852e-02
 7.21255e-03  1.51861e-02
 7.06878e-03  1.52334e-02
 7.09966e-03  1.50852e-02

 7.86510e-03  1.59450e-02
 7.62264e-03  1.49811e-02
 7.72802e-03  1.50898e-02
 7.58123e-03  1.51267e-02
 7.62264e-03  1.49811e-02

 8.34740e-03  1.59450e-02
 8.14816e-03  1.49156e-02
 8.24737e-03  1.50299e-02
 8.09876e-03  1.50587e-02
 8.14816e-03  1.49156e-02

 8.82969e-03  1.59450e-02
 8.67537e-03  1.48965e-02
 8.76933e-03  1.50152e-02
 8.61958e-03  1.50372e-02
 8.67537e-03  1.48965e-02

 9.31198e-03  1.59450e-02
 9.20049e-03  1.49299e-02
 9.29003e-03  1.50519e-02
 9.13957e-03  1.50684e-02
 9.20049e-03  1.49299e-02

 9.79427e-03  1.59450e-02
 9.72518e-03  1.50270e-02
 9.81049e-03  1.51520e-02
 9.65955e-03  1.51634e-02
 9.72518e-03  1.50270e-02

 1.02766e-02  1.59450e-02
 1.02390e-02  1.51898e-02
 1.03211e-02  1.53170e-02
 1.01699e-02  1.53245e-02
 1.02390e-02  1.51898e-02

 1.07589e-02  1.59450e-02
 1.07556e-02  1.54902e-02
 1.08322e-02  1.56208e-02
 1.06809e-02  1.56218e-02
 1.07556e-02  1.54902e-02

 4.03698e-03  1.65150e-02
 3.90094e-03  1.69451e-02
 3.86831e-03  1.67973e-02
 4.01263e-03  1.68429e-02
 3.90094e-03  1.69451e-02

 4.51719e-03  1.65150e-02
 4.37828e-03  1.67340e-02
 4.38457e-03  1.65828e-02
 4.51240e-03  1.66639e-02
 4.37828e-03  1.67340e-02

 4.99740e-03  1.65150e-02
 4.85946e-03  1.65208e-02
 4.98723e-03  1.64397e-02
 4.99363e-03  1.65909e-02
 4.85946e-03  1.65208e-02

 5.47760e-03  1.65150e-02
 5.34417e-03  1.63109e-02
 5.47925e-03  1.63792e-02
 5.35256e-03  1.64620e-02
 5.34417e-03  1.63109e-02

 5.95781e-03  1.65150e-02
 5.83197e-03  1.61099e-02
 5.94314e-03  1.62126e-02
 5.79858e-03  1.62575e-02
 5.83197e-03  1.61099e-02

 6.43802e-03  1.65150e-02
 6.32231e-03  1.59235e-02
 6.42175e-03  1.60377e-02
 6.27320e-03  1.60667e-02
 6.32231e-03  1.59235e-02

 6.91823e-03  1.65150e-02
 6.81461e-03  1.57579e-02
 6.90737e-03  1.58776e-02
 6.75740e-03  1.58981e-02
 6.81461e-03  1.57579e-02

 7.39844e-03  1.65150e-02
 7.30827e-03  1.56192e-02
 7.39670e-03  1.57421e-02
 7.24609e-03  1.57572e-02
 7.30827e-03  1.56192e-02

 7.87865e-03  1.65150e-02
 7.80275e-03  1.55139e-02
 7.88813e-03  1.56389e-02
 7.73719e-03  1.56503e-02
 7.80275e-03  1.55139e-02

 8.35885e-03  1.65150e-02
 8.29742e-03  1.54483e-02
 8.38051e-03  1.55748e-02
 8.22940e-03  1.55835e-02
 8.29742e-03  1.54483e-02

 8.83906e-03  1.65150e-02
 8.79196e-03  1.54304e-02
 8.87326e-03  1.55581e-02
 8.72204e-03  1.55646e-02
 8.79196e-03  1.54304e-02

 9.31927e-03  1.65150e-02
 9.28550e-03  1.54660e-02
 9.36536e-03  1.55946e-02
 9.21408e-03  1.55995e-02
 9.28550e-03  1.54660e-02

 9.79948e-03  1.65150e-02
 9.77849e-03  1.55670e-02
 9.85706e-03  1.56964e-02
 9.70573e-03  1.56997e-02
 9.77849e-03  1.55670e-02

 1.02797e-02  1.65150e-02
 1.02683e-02  1.57350e-02
 1.03459e-02  1.58650e-02
 1.01945e-02  1.58672e-02
 1.02683e-02  1.57350e-02

 1.07599e-02  1.65150e-02
 1.07589e-02  1.60449e-02
 1.08349e-02  1.61759e-02
 1.06835e-02  1.61762e-02
 1.07589e-02  1.60449e-02

 4.06719e-03  1.70850e-02
 4.18525e-03  1.75003e-02
 4.07660e-03  1.73949e-02
 4.22220e-03  1.73535e-02
 4.18525e-03  1.75003e-02

 4.54531e-03  1.70850e-02
 4.66965e-03  1.72888e-02
 4.53677e-03  1.72163e-02
 4.66598e-03  1.71374e-02
 4.66965e-03  1.72888e-02

 5.02344e-03  1.70850e-02
 5.15199e-03  1.70757e-02
 5.02670e-03  1.71606e-02
 5.01578e-03  1.70097e-02
 5.15199e-03  1.70757e-02

 5.50156e-03  1.70850e-02
 5.63192e-03  1.68665e-02
 5.62975e-03  1.70179e-02
 5.49976e-03  1.69403e-02
 5.63192e-03  1.68665e-02

 5.97969e-03  1.70850e-02
 6.10917e-03  1.66668e-02
 6.14269e-03  1.68144e-02
 5.99810e-03  1.67697e-02
 6.10917e-03  1.66668e-02

 6.45781e-03  1.70850e-02
 6.58353e-03  1.64824e-02
 6.63085e-03  1.66262e-02
 6.48267e-03  1.65952e-02
 6.58353e-03  1.64824e-02

 6.93594e-03  1.70850e-02
 7.05482e-03  1.63191e-02
 7.10950e-03  1.64602e-02
 6.95993e-03  1.64370e-02
 7.05482e-03  1.63191e-02

 7.41406e-03  1.70850e-02
 7.52315e-03  1.61829e-02
 7.58255e-03  1.63221e-02
 7.43228e-03  1.63039e-02
 7.52315e-03  1.61829e-02

 7.89219e-03  1.70850e-02
 7.98859e-03  1.60802e-02
 8.05141e-03  1.62179e-02
 7.90074e-03  1.62034e-02
 7.98859e-03  1.60802e-02

 8.37031e-03  1.70850e-02
 8.45185e-03  1.60170e-02
 8.51733e-03  1.61535e-02
 8.36640e-03  1.61420e-02
 8.45185e-03  1.60170e-02

 8.84844e-03  1.70850e-02
 8.91307e-03  1.60011e-02
 8.98081e-03  1.61364e-02
 8.82971e-03  1.61274e-02
 8.91307e-03  1.60011e-02

 9.32656e-03  1.70850e-02
 9.37424e-03  1.60381e-02
 9.44388e-03  1.61725e-02
 9.29267e-03  1.61656e-02
 9.37424e-03  1.60381e-02

 9.80469e-03  1.70850e-02
 9.83449e-03  1.61396e-02
 9.90600e-03  1.62730e-02
 9.75471e-03  1.62682e-02
 9.83449e-03  1.61396e-02

 1.02828e-02  1.70850e-02
 1.02993e-02  1.63069e-02
 1.03722e-02  1.64396e-02
 1.02209e-02  1.64364e-02
 1.02993e-02  1.63069e-02

 1.07609e-02  1.70850e-02
 1.07623e-02  1.66157e-02
 1.08376e-02  1.67470e-02
 1.06863e-02  1.67465e-02
 1.07623e-02  1.66157e-02

 4.09740e-03  1.76550e-02
 4.46669e-03  1.80411e-02
 4.32139e-03  1.79987e-02
 4.43078e-03  1.78941e-02
 4.46669e-03  1.80411e-02

 4.57344e-03  1.76550e-02
 4.95755e-03  1.78363e-02
 4.80670e-03  1.78488e-02
 4.87130e-03  1.77119e-02
 4.95755e-03  1.78363e-02

 5.04948e-03  1.76550e-02
 5.44055e-03  1.76305e-02
 5.31446e-03  1.77142e-02
 5.30498e-03  1.75632e-02
 5.44055e-03  1.76305e-02

 5.52552e-03  1.76550e-02
 5.91541e-03  1.74291e-02
 5.83994e-03  1.75603e-02
 5.76405e-03  1.74293e-02
 5.91541e-03  1.74291e-02

 6.00156e-03  1.76550e-02
 6.38202e-03  1.72374e-02
 6.34967e-03  1.73853e-02
 6.23778e-03  1.72834e-02
 6.38202e-03  1.72374e-02

 6.47760e-03  1.76550e-02
 6.84047e-03  1.70611e-02
 6.83671e-03  1.72124e-02
 6.70754e-03  1.71335e-02
 6.84047e-03  1.70611e-02

 6.95365e-03  1.76550e-02
 7.29104e-03  1.69056e-02
 7.30623e-03  1.70562e-02
 7.16821e-03  1.69941e-02
 7.29104e-03  1.69056e-02

 7.42969e-03  1.76550e-02
 7.73451e-03  1.67767e-02
 7.76303e-03  1.69253e-02
 7.62003e-03  1.68757e-02
 7.73451e-03  1.67767e-02

 7.90573e-03  1.76550e-02
 8.17157e-03  1.66803e-02
 8.21010e-03  1.68267e-02
 8.06407e-03  1.67868e-02
 8.17157e-03  1.66803e-02

 8.38177e-03  1.76550e-02
 8.60419e-03  1.66221e-02
 8.65058e-03  1.67662e-02
 8.50261e-03  1.67343e-02
 8.60419e-03  1.66221e-02

 8.85781e-03  1.76550e-02
 9.03290e-03  1.66090e-02
 9.08590e-03  1.67508e-02
 8.93661e-03  1.67258e-02
 9.03290e-03  1.66090e-02

 9.33385e-03  1.76550e-02
 9.46245e-03  1.66465e-02
 9.52094e-03  1.67861e-02
 9.37079e-03  1.67670e-02
 9.46245e-03  1.66465e-02

 9.80990e-03  1.76550e-02
 9.89050e-03  1.67454e-02
 9.95432e-03  1.68826e-02
 9.80354e-03  1.68693e-02
 9.89050e-03  1.67454e-02

 1.02859e-02  1.76550e-02
 1.03305e-02  1.69067e-02
 1.03983e-02  1.70420e-02
 1.02472e-02  1.70330e-02
 1.03305e-02  1.69067e-02

 1.07620e-02  1.76550e-02
 1.07658e-02  1.72031e-02
 1.08404e-02  1.73349e-02
 1.06890e-02  1.73336e-02
 1.07658e-02  1.72031e-02

 4.12760e-03  1.82250e-02
 4.73361e-03  1.85690e-02
 4.58225e-03  1.85701e-02
 4.65696e-03  1.84384e-02
 4.73361e-03  1.85690e-02

 4.60156e-03  1.82250e-02
 5.22967e-03  1.83774e-02
 5.08443e-03  1.84201e-02
 5.12013e-03  1.82730e-02
 5.22967e-03  1.83774e-02

 5.07552e-03  1.82250e-02
 5.71250e-03  1.81856e-02
 5.58633e-03  1.82692e-02
 5.57699e-03  1.81182e-02
 5.71250e-03  1.81856e-02

 5.54948e-03  1.82250e-02
 6.18184e-03  1.79985e-02
 6.08395e-03  1.81140e-02
 6.03292e-03  1.79715e-02
 6.18184e-03  1.79985e-02

 6.02344e-03  1.82250e-02
 6.63779e-03  1.78213e-02
 6.56981e-03  1.79565e-02
 6.48668e-03  1.78300e-02
 6.63779e-03  1.78213e-02

 6.49740e-03  1.82250e-02
 7.08077e-03  1.76589e-02
 7.03941e-03  1.78045e-02
 6.93399e-03  1.76959e-02
 7.08077e-03  1.76589e-02

 6.97135e-03  1.82250e-02
 7.51152e-03  1.75165e-02
 7.49223e-03  1.76666e-02
 7.37186e-03  1.75748e-02
 7.51152e-03  1.75165e-02

 7.44531e-03  1.82250e-02
 7.93148e-03  1.73992e-02
 7.93019e-03  1.75506e-02
 7.79975e-03  1.74738e-02
 7.93148e-03  1.73992e-02

 7.91927e-03  1.82250e-02
 8.34193e-03  1.73124e-02
 8.35552e-03  1.74632e-02
 8.21817e-03  1.73996e-02
 8.34193e-03  1.73124e-02

 8.39323e-03  1.82250e-02
 8.74600e-03  1.72612e-02
 8.77202e-03  1.74104e-02
 8.62987e-03  1.73583e-02
 8.74600e-03  1.72612e-02

 8.86719e-03  1.82250e-02
 9.14458e-03  1.72519e-02
 9.18143e-03  1.73988e-02
 9.03586e-03  1.73573e-02
 9.14458e-03  1.72519e-02

 9.34115e-03  1.82250e-02
 9.54485e-03  1.72892e-02
 9.59092e-03  1.74334e-02
 9.44301e-03  1.74012e-02
 9.54485e-03  1.72892e-02

 9.81510e-03  1.82250e-02
 9.94308e-03  1.73827e-02
 9.99822e-03  1.75237e-02
 9.84857e-03  1.75009e-02
 9.94308e-03  1.73827e-02

 1.02891e-02  1.82250e-02
 1.03599e-02  1.75331e-02
 1.04219e-02  1.76712e-02
 1.02713e-02  1.76558e-02
 1.03599e-02  1.75331e-02

 1.07630e-02  1.82250e-02
 1.07691e-02  1.78068e-02
 1.08429e-02  1.79390e-02
 1.06915e-02  1.79368e-02
 1.07691e-02  1.78068e-02

 4.15781e-03  1.87950e-02
 4.97247e-03  1.90864e-02
 4.82355e-03  1.91135e-02
 4.87453e-03  1.89710e-02
 4.97247e-03  1.90864e-02

 4.62969e-03  1.87950e-02
 5.47182e-03  1.89146e-02
 5.33139e-03  1.89711e-02
 5.35267e-03  1.88212e-02
 5.47182e-03  1.89146e-02

 5.10156e-03  1.87950e-02
 5.95315e-03  1.87431e-02
 5.82691e-03  1.88266e-02
 5.81770e-03  1.86755e-02
 5.95315e-03  1.87431e-02

 5.57344e-03  1.87950e-02
 6.41648e-03  1.85765e-02
 6.30857e-03  1.86827e-02
 6.27059e-03  1.85361e-02
 6.41648e-03  1.85765e-02

 6.04531e-03  1.87950e-02
 6.86186e-03  1.84194e-02
 6.77439e-03  1.85430e-02
 6.71114e-03  1.84054e-02
 6.86186e-03  1.84194e-02

 6.51719e-03  1.87950e-02
 7.29029e-03  1.82762e-02
 7.22361e-03  1.84121e-02
 7.13927e-03  1.82864e-02
 7.29029e-03  1.82762e-02

 6.98906e-03  1.87950e-02
 7.70290e-03  1.81515e-02
 7.65621e-03  1.82955e-02
 7.55486e-03  1.81831e-02
 7.70290e-03  1.81515e-02

 7.46094e-03  1.87950e-02
 8.10172e-03  1.80496e-02
 8.07365e-03  1.81984e-02
 7.95887e-03  1.80997e-02
 8.10172e-03  1.80496e-02

 7.93281e-03  1.87950e-02
 8.48863e-03  1.79753e-02
 8.47770e-03  1.81263e-02
 8.35242e-03  1.80414e-02
 8.48863e-03  1.79753e-02

 8.40469e-03  1.87950e-02
 8.86776e-03  1.79330e-02
 8.87240e-03  1.80843e-02
 8.73905e-03  1.80126e-02
 8.86776e-03  1.79330e-02

 8.87656e-03  1.87950e-02
 9.24032e-03  1.79279e-02
 9.25940e-03  1.80781e-02
 9.11982e-03  1.80195e-02
 9.24032e-03  1.79279e-02

 9.34844e-03  1.87950e-02
 9.61547e-03  1.79642e-02
 9.64741e-03  1.81122e-02
 9.50330e-03  1.80659e-02
 9.61547e-03  1.79642e-02

 9.82031e-03  1.87950e-02
 9.98832e-03  1.80497e-02
 1.00333e-02  1.81943e-02
 9.88566e-03  1.81610e-02
 9.98832e-03  1.80497e-02

 1.02922e-02  1.87950e-02
 1.03854e-02  1.81849e-02
 1.04404e-02  1.83259e-02
 1.02908e-02  1.83031e-02
 1.03854e-02  1.81849e-02

 1.07641e-02  1.87950e-02
 1.07721e-02  1.84260e-02
 1.08449e-02  1.85587e-02
 1.06936e-02  1.85554e-02
 1.07721e-02  1.84260e-02

 4.18802e-03  1.93650e-02
 5.16948e-03  1.95966e-02
 5.02452e-03  1.96401e-02
 5.05928e-03  1.94928e-02
 5.16948e-03  1.95966e-02

 4.65781e-03  1.93650e-02
 5.66947e-03  1.94494e-02
 5.53255e-03  1.95139e-02
 5.54513e-03  1.93631e-02
 5.66947e-03  1.94494e-02

 5.12760e-03  1.93650e-02
 6.14774e-03  1.93032e-02
 6.02147e-03  1.93867e-02
 6.01232e-03  1.92356e-02
 6.14774e-03  1.93032e-02

 5.59740e-03  1.93650e-02
 6.60429e-03  1.91619e-02
 6.49076e-03  1.92620e-02
 6.46082e-03  1.91136e-02
 6.60429e-03  1.91619e-02

 6.06719e-03  1.93650e-02
 7.03957e-03  1.90293e-02
 6.94036e-03  1.91436e-02
 6.89096e-03  1.90005e-02
 7.03957e-03  1.90293e-02

 6.53698e-03  1.93650e-02
 7.45479e-03  1.89092e-02
 7.37105e-03  1.90353e-02
 7.30372e-03  1.88997e-02
 7.45479e-03  1.89092e-02

 7.00677e-03  1.93650e-02
 7.85163e-03  1.88054e-02
 7.78413e-03  1.89409e-02
 7.70054e-03  1.88147e-02
 7.85163e-03  1.88054e-02

 7.47656e-03  1.93650e-02
 8.23266e-03  1.87215e-02
 8.18189e-03  1.88641e-02
 8.08378e-03  1.87488e-02
 8.23266e-03  1.87215e-02

 7.94635e-03  1.93650e-02
 8.60034e-03  1.86614e-02
 8.56652e-03  1.88089e-02
 8.45565e-03  1.87059e-02
 8.60034e-03  1.86614e-02

 8.41615e-03  1.93650e-02
 8.95956e-03  1.86288e-02
 8.94260e-03  1.87792e-02
 8.82082e-03  1.86893e-02
 8.95956e-03  1.86288e-02

 8.88594e-03  1.93650e-02
 9.31188e-03  1.86280e-02
 9.31182e-03  1.87794e-02
 9.18076e-03  1.87036e-02
 9.31188e-03  1.86280e-02

 9.35573e-03  1.93650e-02
 9.66785e-03  1.86625e-02
 9.68379e-03  1.88130e-02
 9.54546e-03  1.87516e-02
 9.66785e-03  1.86625e-02

 9.82552e-03  1.93650e-02
 1.00218e-02  1.87378e-02
 1.00549e-02  1.88855e-02
 9.91042e-03  1.88403e-02
 1.00218e-02  1.87378e-02

 1.02953e-02  1.93650e-02
 1.04041e-02  1.88546e-02
 1.04508e-02  1.89985e-02
 1.03027e-02  1.89670e-02
 1.04041e-02  1.88546e-02

 1.07651e-02  1.93650e-02
 1.07745e-02  1.90561e-02
 1.08461e-02  1.91894e-02
 1.06948e-02  1.91848e-02
 1.07745e-02  1.90561e-02

 4.21823e-03  1.99350e-02
 5.30678e-03  2.01047e-02
 5.16560e-03  2.01593e-02
 5.18892e-03  2.00097e-02
 5.30678e-03  2.01047e-02

 4.68594e-03  1.99350e-02
 5.80439e-03  1.99870e-02
 5.66993e-03  2.00565e-02
 5.67695e-03  1.99053e-02
 5.80439e-03  1.99870e-02

 5.15365e-03  1.99350e-02
 6.27785e-03  1.98705e-02
 6.15131e-03  1.99536e-02
 6.14264e-03  1.98024e-02
 6.27785e-03  1.98705e-02

 5.62135e-03  1.99350e-02
 6.72724e-03  1.97585e-02
 6.60972e-03  1.98539e-02
 6.58586e-03  1.97044e-02
 6.72724e-03  1.97585e-02

 6.08906e-03  1.99350e-02
 7.15347e-03  1.96541e-02
 7.04604e-03  1.97607e-02
 7.00742e-03  1.96144e-02
 7.15347e-03  1.96541e-02

 6.55677e-03  1.99350e-02
 7.55799e-03  1.95602e-02
 7.46175e-03  1.96770e-02
 7.40869e-03  1.95353e-02
 7.55799e-03  1.95602e-02

 7.02448e-03  1.99350e-02
 7.94282e-03  1.94797e-02
 7.85900e-03  1.96057e-02
 7.79176e-03  1.94701e-02
 7.94282e-03  1.94797e-02

 7.49219e-03  1.99350e-02
 8.31116e-03  1.94154e-02
 8.24101e-03  1.95495e-02
 8.15992e-03  1.94217e-02
 8.31116e-03  1.94154e-02

 7.95990e-03  1.99350e-02
 8.66564e-03  1.93704e-02
 8.61056e-03  1.95114e-02
 8.51600e-03  1.93932e-02
 8.66564e-03  1.93704e-02

 8.42760e-03  1.99350e-02
 9.01186e-03  1.93476e-02
 8.97307e-03  1.94939e-02
 8.86575e-03  1.93872e-02
 9.01186e-03  1.93476e-02

 8.89531e-03  1.99350e-02
 9.35166e-03  1.93503e-02
 9.33067e-03  1.95002e-02
 9.21134e-03  1.94071e-02
 9.35166e-03  1.93503e-02

 9.36302e-03  1.99350e-02
 9.69629e-03  1.93815e-02
 9.69351e-03  1.95328e-02
 9.56383e-03  1.94547e-02
 9.69629e-03  1.93815e-02

 9.83073e-03  1.99350e-02
 1.00399e-02  1.94445e-02
 1.00581e-02  1.95947e-02
 9.91882e-03  1.95354e-02
 1.00399e-02  1.94445e-02

 1.02984e-02  1.99350e-02
 1.04141e-02  1.95400e-02
 1.04499e-02  1.96871e-02
 1.03046e-02  1.96446e-02
 1.04141e-02  1.95400e-02

 1.07661e-02  1.99350e-02
 1.07761e-02  1.96959e-02
 1.08463e-02  1.98300e-02
 1.06950e-02  1.98237e-02
 1.07761e-02  1.96959e-02

 4.24844e-03  2.05050e-02
 5.36946e-03  2.06145e-02
 5.23163e-03  2.06771e-02
 5.24636e-03  2.05265e-02
 5.36946e-03  2.06145e-02

 4.71406e-03  2.05050e-02
 5.86142e-03  2.05272e-02
 5.72890e-03  2.06003e-02
 5.73182e-03  2.04490e-02
 5.86142e-03  2.05272e-02

 5.17969e-03  2.05050e-02
 6.32841e-03  2.04413e-02
 6.20171e-03  2.05241e-02
 6.19333e-03  2.03730e-02
 6.32841e-03  2.04413e-02

 5.64531e-03  2.05050e-02
 6.77088e-03  2.03593e-02
 6.65059e-03  2.04512e-02
 6.63116e-03  2.03011e-02
 6.77088e-03  2.03593e-02

 6.11094e-03  2.05050e-02
 7.18981e-03  2.02833e-02
 7.07663e-03  2.03839e-02
 7.04617e-03  2.02356e-02
 7.18981e-03  2.02833e-02

 6.57656e-03  2.05050e-02
 7.58701e-03  2.02156e-02
 7.48183e-03  2.03244e-02
 7.44015e-03  2.01789e-02
 7.58701e-03  2.02156e-02

 7.04219e-03  2.05050e-02
 7.96477e-03  2.01581e-02
 7.86871e-03  2.02751e-02
 7.81543e-03  2.01334e-02
 7.96477e-03  2.01581e-02

 7.50781e-03  2.05050e-02
 8.32648e-03  2.01129e-02
 8.24095e-03  2.02378e-02
 8.17556e-03  2.01012e-02
 8.32648e-03  2.01129e-02

 7.97344e-03  2.05050e-02
 8.67521e-03  2.00821e-02
 8.60200e-03  2.02146e-02
 8.52387e-03  2.00849e-02
 8.67521e-03  2.00821e-02

 8.43906e-03  2.05050e-02
 9.01660e-03  2.00680e-02
 8.95773e-03  2.02075e-02
 8.86639e-03  2.00867e-02
 9.01660e-03  2.00680e-02

 8.90469e-03  2.05050e-02
 9.35285e-03  2.00729e-02
 9.31101e-03  2.02184e-02
 9.20595e-03  2.01094e-02
 9.35285e-03  2.00729e-02

 9.37031e-03  2.05050e-02
 9.69521e-03  2.00993e-02
 9.67234e-03  2.02489e-02
 9.55419e-03  2.01543e-02
 9.69521e-03  2.00993e-02

 9.83594e-03  2.05050e-02
 1.00383e-02  2.01486e-02
 1.00394e-02  2.03000e-02
 9.90777e-03  2.02252e-02
 1.00383e-02  2.01486e-02

 1.03016e-02  2.05050e-02
 1.04126e-02  2.02220e-02
 1.04352e-02  2.03717e-02
 1.02943e-02  2.03164e-02
 1.04126e-02  2.02220e-02

 1.07672e-02  2.05050e-02
 1.07767e-02  2.03332e-02
 1.08450e-02  2.04683e-02
 1.06939e-02  2.04599e-02
 1.07767e-02  2.03332e-02

 4.27865e-03  2.10750e-02
 5.33178e-03  2.11345e-02
 5.19663e-03  2.12026e-02
 5.20517e-03  2.10515e-02
 5.33178e-03  2.11345e-02

 4.74219e-03  2.10750e-02
 5.81561e-03  2.10798e-02
 5.68418e-03  2.11549e-02
 5.68486e-03  2.10035e-02
 5.81561e-03  2.10798e-02

 5.20573e-03  2.10750e-02
 6.27597e-03  2.10264e-02
 6.14845e-03  2.11079e-02
 6.14158e-03  2.09567e-02
 6.27597e-03  2.10264e-02

 5.66927e-03  2.10750e-02
 6.71340e-03  2.09757e-02
 6.59007e-03  2.10634e-02
 6.57573e-03  2.09127e-02
 6.71340e-03  2.09757e-02

 6.13281e-03  2.10750e-02
 7.12919e-03  2.09290e-02
 7.01045e-03  2.10229e-02
 6.98851e-03  2.08731e-02
 7.12919e-03  2.09290e-02

 6.59635e-03  2.10750e-02
 7.52514e-03  2.08878e-02
 7.41160e-03  2.09878e-02
 7.38168e-03  2.08395e-02
 7.52514e-03  2.08878e-02

 7.05990e-03  2.10750e-02
 7.90369e-03  2.08530e-02
 7.79617e-03  2.09596e-02
 7.75766e-03  2.08132e-02
 7.90369e-03  2.08530e-02

 7.52344e-03  2.10750e-02
 8.26813e-03  2.08261e-02
 8.16778e-03  2.09395e-02
 8.11981e-03  2.07959e-02
 8.26813e-03  2.08261e-02

 7.98698e-03  2.10750e-02
 8.62138e-03  2.08083e-02
 8.52986e-03  2.09289e-02
 8.47121e-03  2.07894e-02
 8.62138e-03  2.08083e-02

 8.45052e-03  2.10750e-02
 8.96888e-03  2.08012e-02
 8.88832e-03  2.09293e-02
 8.81762e-03  2.07955e-02
 8.96888e-03  2.08012e-02

 8.91406e-03  2.10750e-02
 9.31292e-03  2.08061e-02
 9.24653e-03  2.09421e-02
 9.16192e-03  2.08166e-02
 9.31292e-03  2.08061e-02

 9.37760e-03  2.10750e-02
 9.66393e-03  2.08251e-02
 9.61493e-03  2.09683e-02
 9.51540e-03  2.08543e-02
 9.66393e-03  2.08251e-02

 9.84115e-03  2.10750e-02
 1.00175e-02  2.08584e-02
 9.99344e-03  2.10078e-02
 9.87606e-03  2.09123e-02
 1.00175e-02  2.08584e-02

 1.03047e-02  2.10750e-02
 1.04007e-02  2.09077e-02
 1.04011e-02  2.10591e-02
 1.02698e-02  2.09837e-02
 1.04007e-02  2.09077e-02

 1.07682e-02  2.10750e-02
 1.07765e-02  2.09729e-02
 1.08413e-02  2.11097e-02
 1.06905e-02  2.10974e-02
 1.07765e-02  2.09729e-02

 4.30885e-03  2.16450e-02
 5.18678e-03  2.16632e-02
 5.05415e-03  2.17362e-02
 5.05729e-03  2.15848e-02
 5.18678e-03  2.16632e-02

 4.77031e-03  2.16450e-02
 5.66058e-03  2.16338e-02
 5.53045e-03  2.17111e-02
 5.52855e-03  2.15598e-02
 5.66058e-03  2.16338e-02

 5.23177e-03  2.16450e-02
 6.11477e-03  2.16053e-02
 5.98721e-03  2.16868e-02
 5.98041e-03  2.15356e-02
 6.11477e-03  2.16053e-02

 5.69323e-03  2.16450e-02
 6.55012e-03  2.15785e-02
 6.42528e-03  2.16641e-02
 6.41357e-03  2.15132e-02
 6.55012e-03  2.15785e-02

 6.15469e-03  2.16450e-02
 6.96783e-03  2.15541e-02
 6.84597e-03  2.16438e-02
 6.82914e-03  2.14934e-02
 6.96783e-03  2.15541e-02

 6.61615e-03  2.16450e-02
 7.36962e-03  2.15327e-02
 7.25112e-03  2.16269e-02
 7.22881e-03  2.14772e-02
 7.36962e-03  2.15327e-02

 7.07760e-03  2.16450e-02
 7.75757e-03  2.15149e-02
 7.64304e-03  2.16139e-02
 7.61460e-03  2.14652e-02
 7.75757e-03  2.15149e-02

 7.53906e-03  2.16450e-02
 8.13453e-03  2.15015e-02
 8.02482e-03  2.16058e-02
 7.98936e-03  2.14586e-02
 8.13453e-03  2.15015e-02

 8.00052e-03  2.16450e-02
 8.50303e-03  2.14930e-02
 8.39947e-03  2.16034e-02
 8.35564e-03  2.14585e-02
 8.50303e-03  2.14930e-02

 8.46198e-03  2.16450e-02
 8.86770e-03  2.14903e-02
 8.77218e-03  2.16077e-02
 8.71825e-03  2.14663e-02
 8.86770e-03  2.14903e-02

 8.92344e-03  2.16450e-02
 9.23058e-03  2.14940e-02
 9.14631e-03  2.16198e-02
 9.07955e-03  2.14839e-02
 9.23058e-03  2.14940e-02

 9.38490e-03  2.16450e-02
 9.60068e-03  2.15056e-02
 9.53162e-03  2.16403e-02
 9.44951e-03  2.15132e-02
 9.60068e-03  2.15056e-02

 9.84635e-03  2.16450e-02
 9.97504e-03  2.15245e-02
 9.93111e-03  2.16693e-02
 9.82763e-03  2.15588e-02
 9.97504e-03  2.15245e-02

 1.03078e-02  2.16450e-02
 1.03757e-02  2.15527e-02
 1.03590e-02  2.17031e-02
 1.02371e-02  2.16134e-02
 1.03757e-02  2.15527e-02

 1.07693e-02  2.16450e-02
 1.07750e-02  2.15871e-02
 1.08374e-02  2.17250e-02
 1.06868e-02  2.17102e-02
 1.07750e-02  2.15871e-02

 4.33906e-03  2.22150e-02
 4.84255e-03  2.22162e-02
 4.71128e-03  2.22916e-02
 4.71165e-03  2.21402e-02
 4.84255e-03  2.22162e-02

 4.79844e-03  2.22150e-02
 5.30699e-03  2.22137e-02
 5.17610e-03  2.22897e-02
 5.17572e-03  2.21384e-02
 5.30699e-03  2.22137e-02

 5.25781e-03  2.22150e-02
 5.76029e-03  2.22113e-02
 5.62976e-03  2.22880e-02
 5.62865e-03  2.21366e-02
 5.76029e-03  2.22113e-02

 5.71719e-03  2.22150e-02
 6.20298e-03  2.22091e-02
 6.07283e-03  2.22863e-02
 6.07098e-03  2.21350e-02
 6.20298e-03  2.22091e-02

 6.17656e-03  2.22150e-02
 6.63586e-03  2.22070e-02
 6.50611e-03  2.22850e-02
 6.50347e-03  2.21336e-02
 6.63586e-03  2.22070e-02

 6.63594e-03  2.22150e-02
 7.06000e-03  2.22052e-02
 6.93070e-03  2.22839e-02
 6.92720e-03  2.21326e-02
 7.06000e-03  2.22052e-02

 7.09531e-03  2.22150e-02
 7.47662e-03  2.22037e-02
 7.34783e-03  2.22832e-02
 7.34335e-03  2.21319e-02
 7.47662e-03  2.22037e-02

 7.55469e-03  2.22150e-02
 7.88741e-03  2.22026e-02
 7.75923e-03  2.22831e-02
 7.75359e-03  2.21319e-02
 7.88741e-03  2.22026e-02

 8.01406e-03  2.22150e-02
 8.29381e-03  2.22019e-02
 8.16641e-03  2.22836e-02
 8.15933e-03  2.21324e-02
 8.29381e-03  2.22019e-02

 8.47344e-03  2.22150e-02
 8.69849e-03  2.22017e-02
 8.57210e-03  2.22850e-02
 8.56316e-03  2.21339e-02
 8.69849e-03  2.22017e-02

 8.93281e-03  2.22150e-02
 9.10256e-03  2.22020e-02
 8.97763e-03  2.22875e-02
 8.96609e-03  2.21366e-02
 9.10256e-03  2.22020e-02

 9.39219e-03  2.22150e-02
 9.51112e-03  2.22030e-02
 9.38827e-03  2.22915e-02
 9.37312e-03  2.21409e-02
 9.51112e-03  2.22030e-02

 9.85156e-03  2.22150e-02
 9.92247e-03  2.22046e-02
 9.80374e-03  2.22985e-02
 9.78179e-03  2.21487e-02
 9.92247e-03  2.22046e-02

 1.03109e-02  2.22150e-02
 1.03486e-02  2.22072e-02
 1.02357e-02  2.23079e-02
 1.02049e-02  2.21597e-02
 1.03486e-02  2.22072e-02

 1.07703e-02  2.22150e-02
 1.07740e-02  2.22091e-02
 1.07682e-02  2.23604e-02
 1.06401e-02  2.22797e-02
 1.07740e-02  2.22091e-02

