#[ Fluid velocity 2D plot data file: flw.dat ]
 1.95313e-04  1.13850e-02
 1.85188e-04  1.14022e-02
 1.86316e-04  1.12509e-02
 3.16836e-04  1.13275e-02
 1.85188e-04  1.14022e-02

 5.85937e-04  1.13850e-02
 4.87042e-04  1.14007e-02
 6.04652e-04  1.13054e-02
 6.28369e-04  1.14549e-02
 4.87042e-04  1.14007e-02

 9.76562e-04  1.13850e-02
 8.35594e-04  1.14005e-02
 9.57639e-04  1.13109e-02
 9.74159e-04  1.14614e-02
 8.35594e-04  1.14005e-02

 1.36719e-03  1.13850e-02
 1.16576e-03  1.13998e-02
 1.29096e-03  1.13147e-02
 1.30203e-03  1.14657e-02
 1.16576e-03  1.13998e-02

 1.75781e-03  1.13850e-02
 1.50803e-03  1.13991e-02
 1.63464e-03  1.13162e-02
 1.64318e-03  1.14673e-02
 1.50803e-03  1.13991e-02

 2.14844e-03  1.13850e-02
 1.84909e-03  1.13982e-02
 1.97672e-03  1.13168e-02
 1.98338e-03  1.14680e-02
 1.84909e-03  1.13982e-02

 2.53906e-03  1.13850e-02
 2.19594e-03  1.13971e-02
 2.32428e-03  1.13168e-02
 2.32962e-03  1.14681e-02
 2.19594e-03  1.13971e-02

 2.92969e-03  1.13850e-02
 2.54657e-03  1.13958e-02
 2.67547e-03  1.13165e-02
 2.67974e-03  1.14678e-02
 2.54657e-03  1.13958e-02

 3.32031e-03  1.13850e-02
 2.90278e-03  1.13944e-02
 3.03213e-03  1.13158e-02
 3.03554e-03  1.14671e-02
 2.90278e-03  1.13944e-02

 1.97049e-04  1.19550e-02
 1.81898e-04  1.21532e-02
 1.16428e-04  1.20167e-02
 2.67355e-04  1.20282e-02
 1.81898e-04  1.21532e-02

 5.91146e-04  1.19550e-02
 4.21796e-04  1.21398e-02
 4.54568e-04  1.19920e-02
 5.66161e-04  1.20943e-02
 4.21796e-04  1.21398e-02

 9.85243e-04  1.19550e-02
 7.40490e-04  1.21351e-02
 8.01208e-04  1.19965e-02
 8.90928e-04  1.21184e-02
 7.40490e-04  1.21351e-02

 1.37934e-03  1.19550e-02
 1.02769e-03  1.21275e-02
 1.11206e-03  1.20018e-02
 1.17871e-03  1.21377e-02
 1.02769e-03  1.21275e-02

 1.77344e-03  1.19550e-02
 1.33609e-03  1.21191e-02
 1.43224e-03  1.20022e-02
 1.48540e-03  1.21439e-02
 1.33609e-03  1.21191e-02

 2.16753e-03  1.19550e-02
 1.64300e-03  1.21080e-02
 1.74764e-03  1.19987e-02
 1.79003e-03  1.21440e-02
 1.64300e-03  1.21080e-02

 2.56163e-03  1.19550e-02
 1.96064e-03  1.20950e-02
 2.07115e-03  1.19915e-02
 2.10548e-03  1.21389e-02
 1.96064e-03  1.20950e-02

 2.95573e-03  1.19550e-02
 2.28551e-03  1.20797e-02
 2.40055e-03  1.19813e-02
 2.42823e-03  1.21301e-02
 2.28551e-03  1.20797e-02

 3.34983e-03  1.19550e-02
 2.62082e-03  1.20625e-02
 2.73947e-03  1.19685e-02
 2.76155e-03  1.21182e-02
 2.62082e-03  1.20625e-02

 1.98785e-04  1.25250e-02
 1.81085e-04  1.28669e-02
 1.12279e-04  1.27321e-02
 2.63444e-04  1.27399e-02
 1.81085e-04  1.28669e-02

 5.96354e-04  1.25250e-02
 3.96368e-04  1.28560e-02
 3.99371e-04  1.27047e-02
 5.28932e-04  1.27830e-02
 3.96368e-04  1.28560e-02

 9.93924e-04  1.25250e-02
 6.99053e-04  1.28467e-02
 7.31842e-04  1.26989e-02
 8.43423e-04  1.28012e-02
 6.99053e-04  1.28467e-02

 1.39149e-03  1.25250e-02
 9.66334e-04  1.28331e-02
 1.02807e-03  1.26949e-02
 1.11689e-03  1.28174e-02
 9.66334e-04  1.28331e-02

 1.78906e-03  1.25250e-02
 1.25842e-03  1.28158e-02
 1.33701e-03  1.26864e-02
 1.40975e-03  1.28192e-02
 1.25842e-03  1.28158e-02

 2.18663e-03  1.25250e-02
 1.55010e-03  1.27940e-02
 1.64139e-03  1.26732e-02
 1.70030e-03  1.28127e-02
 1.55010e-03  1.27940e-02

 2.58420e-03  1.25250e-02
 1.85537e-03  1.27679e-02
 1.95580e-03  1.26547e-02
 2.00366e-03  1.27983e-02
 1.85537e-03  1.27679e-02

 2.98177e-03  1.25250e-02
 2.17037e-03  1.27379e-02
 2.27796e-03  1.26314e-02
 2.31637e-03  1.27778e-02
 2.17037e-03  1.27379e-02

 3.37934e-03  1.25250e-02
 2.49876e-03  1.27044e-02
 2.61211e-03  1.26041e-02
 2.64232e-03  1.27524e-02
 2.49876e-03  1.27044e-02

 2.00521e-04  1.30950e-02
 1.81642e-04  1.36318e-02
 1.10612e-04  1.34982e-02
 2.61886e-04  1.35035e-02
 1.81642e-04  1.36318e-02

 6.01563e-04  1.30950e-02
 3.88302e-04  1.36257e-02
 3.66959e-04  1.34758e-02
 5.07408e-04  1.35322e-02
 3.88302e-04  1.36257e-02

 1.00260e-03  1.30950e-02
 6.86300e-04  1.36107e-02
 6.90326e-04  1.34594e-02
 8.19354e-04  1.35385e-02
 6.86300e-04  1.36107e-02

 1.40365e-03  1.30950e-02
 9.46661e-04  1.35892e-02
 9.80087e-04  1.34416e-02
 1.09123e-03  1.35444e-02
 9.46661e-04  1.35892e-02

 1.80469e-03  1.30950e-02
 1.23356e-03  1.35597e-02
 1.28748e-03  1.34182e-02
 1.38301e-03  1.35357e-02
 1.23356e-03  1.35597e-02

 2.20573e-03  1.30950e-02
 1.52060e-03  1.35229e-02
 1.59169e-03  1.33893e-02
 1.67187e-03  1.35177e-02
 1.52060e-03  1.35229e-02

 2.60677e-03  1.30950e-02
 1.82284e-03  1.34790e-02
 1.90728e-03  1.33533e-02
 1.97386e-03  1.34893e-02
 1.82284e-03  1.34790e-02

 3.00781e-03  1.30950e-02
 2.13617e-03  1.34288e-02
 2.23152e-03  1.33112e-02
 2.28565e-03  1.34526e-02
 2.13617e-03  1.34288e-02

 3.40885e-03  1.30950e-02
 2.46455e-03  1.33730e-02
 2.56893e-03  1.32634e-02
 2.61168e-03  1.34086e-02
 2.46455e-03  1.33730e-02

 2.02257e-04  1.36650e-02
 1.83773e-04  1.43789e-02
 1.11508e-04  1.42459e-02
 2.62824e-04  1.42498e-02
 1.83773e-04  1.43789e-02

 6.06771e-04  1.36650e-02
 3.97627e-04  1.43792e-02
 3.61836e-04  1.42321e-02
 5.07102e-04  1.42746e-02
 3.97627e-04  1.43792e-02

 1.01128e-03  1.36650e-02
 7.00619e-04  1.43595e-02
 6.85063e-04  1.42089e-02
 8.23235e-04  1.42707e-02
 7.00619e-04  1.43595e-02

 1.41580e-03  1.36650e-02
 9.66201e-04  1.43308e-02
 9.76844e-04  1.41798e-02
 1.10229e-03  1.42645e-02
 9.66201e-04  1.43308e-02

 1.82031e-03  1.36650e-02
 1.25814e-03  1.42889e-02
 1.28966e-03  1.41409e-02
 1.40211e-03  1.42422e-02
 1.25814e-03  1.42889e-02

 2.22483e-03  1.36650e-02
 1.55043e-03  1.42370e-02
 1.60144e-03  1.40945e-02
 1.69935e-03  1.42099e-02
 1.55043e-03  1.42370e-02

 2.62934e-03  1.36650e-02
 1.85820e-03  1.41749e-02
 1.92580e-03  1.40395e-02
 2.00929e-03  1.41657e-02
 1.85820e-03  1.41749e-02

 3.03385e-03  1.36650e-02
 2.17742e-03  1.41043e-02
 2.25951e-03  1.39772e-02
 2.32860e-03  1.41118e-02
 2.17742e-03  1.41043e-02

 3.43837e-03  1.36650e-02
 2.51208e-03  1.40263e-02
 2.60670e-03  1.39082e-02
 2.66171e-03  1.40492e-02
 2.51208e-03  1.40263e-02

 2.03993e-04  1.42350e-02
 1.87096e-04  1.51238e-02
 1.13918e-04  1.49912e-02
 2.65258e-04  1.49941e-02
 1.87096e-04  1.51238e-02

 6.11979e-04  1.42350e-02
 4.20825e-04  1.51301e-02
 3.74188e-04  1.49861e-02
 5.22217e-04  1.50177e-02
 4.20825e-04  1.51301e-02

 1.01997e-03  1.42350e-02
 7.36084e-04  1.51060e-02
 7.04750e-04  1.49579e-02
 8.48665e-04  1.50048e-02
 7.36084e-04  1.51060e-02

 1.42795e-03  1.42350e-02
 1.01664e-03  1.50700e-02
 1.00667e-03  1.49190e-02
 1.14246e-03  1.49859e-02
 1.01664e-03  1.50700e-02

 1.83594e-03  1.42350e-02
 1.32157e-03  1.50158e-02
 1.33048e-03  1.48647e-02
 1.45689e-03  1.49480e-02
 1.32157e-03  1.50158e-02

 2.24392e-03  1.42350e-02
 1.62688e-03  1.49485e-02
 1.65538e-03  1.47999e-02
 1.76987e-03  1.48989e-02
 1.62688e-03  1.49485e-02

 2.65191e-03  1.42350e-02
 1.94675e-03  1.48679e-02
 1.99375e-03  1.47240e-02
 2.09486e-03  1.48367e-02
 1.94675e-03  1.48679e-02

 3.05990e-03  1.42350e-02
 2.27748e-03  1.47766e-02
 2.34219e-03  1.46397e-02
 2.42834e-03  1.47642e-02
 2.27748e-03  1.47766e-02

 3.46788e-03  1.42350e-02
 2.62272e-03  1.46760e-02
 2.70393e-03  1.45483e-02
 2.77395e-03  1.46825e-02
 2.62272e-03  1.46760e-02

 2.05729e-04  1.48050e-02
 1.91479e-04  1.58413e-02
 1.17605e-04  1.57091e-02
 2.68958e-04  1.57112e-02
 1.91479e-04  1.58413e-02

 6.17187e-04  1.48050e-02
 4.55944e-04  1.58529e-02
 4.01077e-04  1.57118e-02
 5.50683e-04  1.57349e-02
 4.55944e-04  1.58529e-02

 1.02865e-03  1.48050e-02
 7.89350e-04  1.58251e-02
 7.45603e-04  1.56802e-02
 8.92970e-04  1.57148e-02
 7.89350e-04  1.58251e-02

 1.44010e-03  1.48050e-02
 1.09297e-03  1.57829e-02
 1.06550e-03  1.56341e-02
 1.20814e-03  1.56847e-02
 1.09297e-03  1.57829e-02

 1.85156e-03  1.48050e-02
 1.41740e-03  1.57177e-02
 1.40536e-03  1.55669e-02
 1.54205e-03  1.56319e-02
 1.41740e-03  1.57177e-02

 2.26302e-03  1.48050e-02
 1.74212e-03  1.56365e-02
 1.74757e-03  1.54853e-02
 1.87585e-03  1.55656e-02
 1.74212e-03  1.56365e-02

 2.67448e-03  1.48050e-02
 2.07943e-03  1.55393e-02
 2.10317e-03  1.53898e-02
 2.22077e-03  1.54851e-02
 2.07943e-03  1.55393e-02

 3.08594e-03  1.48050e-02
 2.42614e-03  1.54292e-02
 2.46935e-03  1.52842e-02
 2.57337e-03  1.53941e-02
 2.42614e-03  1.54292e-02

 3.49740e-03  1.48050e-02
 2.78549e-03  1.53084e-02
 2.84882e-03  1.51709e-02
 2.93622e-03  1.52945e-02
 2.78549e-03  1.53084e-02

 2.07465e-04  1.53750e-02
 1.96661e-04  1.65306e-02
 1.22206e-04  1.63988e-02
 2.73566e-04  1.64002e-02
 1.96661e-04  1.65306e-02

 6.22396e-04  1.53750e-02
 5.00197e-04  1.65464e-02
 4.38523e-04  1.64082e-02
 5.89073e-04  1.64239e-02
 5.00197e-04  1.65464e-02

 1.03733e-03  1.53750e-02
 8.56034e-04  1.65158e-02
 8.01863e-04  1.63744e-02
 9.51354e-04  1.63982e-02
 8.56034e-04  1.65158e-02

 1.45226e-03  1.53750e-02
 1.18886e-03  1.64682e-02
 1.14599e-03  1.63231e-02
 1.29315e-03  1.63585e-02
 1.18886e-03  1.64682e-02

 1.86719e-03  1.53750e-02
 1.53763e-03  1.63939e-02
 1.50596e-03  1.62458e-02
 1.64998e-03  1.62924e-02
 1.53763e-03  1.63939e-02

 2.28212e-03  1.53750e-02
 1.88657e-03  1.63009e-02
 1.86847e-03  1.61506e-02
 2.00767e-03  1.62101e-02
 1.88657e-03  1.63009e-02

 2.69705e-03  1.53750e-02
 2.24529e-03  1.61894e-02
 2.24270e-03  1.60381e-02
 2.37506e-03  1.61115e-02
 2.24529e-03  1.61894e-02

 3.11198e-03  1.53750e-02
 2.61135e-03  1.60635e-02
 2.62723e-03  1.59129e-02
 2.74965e-03  1.60020e-02
 2.61135e-03  1.60635e-02

 3.52691e-03  1.53750e-02
 2.98729e-03  1.59253e-02
 3.02503e-03  1.57788e-02
 3.13311e-03  1.58847e-02
 2.98729e-03  1.59253e-02

 2.09201e-04  1.59450e-02
 2.02436e-04  1.71822e-02
 1.27470e-04  1.70507e-02
 2.78835e-04  1.70515e-02
 2.02436e-04  1.71822e-02

 6.27604e-04  1.59450e-02
 5.51141e-04  1.72008e-02
 4.83564e-04  1.70654e-02
 6.34652e-04  1.70746e-02
 5.51141e-04  1.72008e-02

 1.04601e-03  1.59450e-02
 9.32482e-04  1.71683e-02
 8.69236e-04  1.70308e-02
 1.01995e-03  1.70447e-02
 9.32482e-04  1.71683e-02

 1.46441e-03  1.59450e-02
 1.29903e-03  1.71168e-02
 1.24241e-03  1.69764e-02
 1.39229e-03  1.69976e-02
 1.29903e-03  1.71168e-02

 1.88281e-03  1.59450e-02
 1.67566e-03  1.70356e-02
 1.62577e-03  1.68927e-02
 1.77448e-03  1.69209e-02
 1.67566e-03  1.70356e-02

 2.30122e-03  1.59450e-02
 2.05236e-03  1.69338e-02
 2.01096e-03  1.67882e-02
 2.15775e-03  1.68252e-02
 2.05236e-03  1.69338e-02

 2.71962e-03  1.59450e-02
 2.43540e-03  1.68117e-02
 2.40434e-03  1.66635e-02
 2.54817e-03  1.67107e-02
 2.43540e-03  1.68117e-02

 3.13802e-03  1.59450e-02
 2.82327e-03  1.66736e-02
 2.80577e-03  1.65233e-02
 2.94473e-03  1.65833e-02
 2.82327e-03  1.66736e-02

 3.55642e-03  1.59450e-02
 3.21764e-03  1.65225e-02
 3.21869e-03  1.63711e-02
 3.34925e-03  1.64477e-02
 3.21764e-03  1.65225e-02

 2.10937e-04  1.65150e-02
 2.08574e-04  1.77940e-02
 1.33133e-04  1.76627e-02
 2.84500e-04  1.76630e-02
 2.08574e-04  1.77940e-02

 6.32812e-04  1.65150e-02
 6.06222e-04  1.78141e-02
 5.33237e-04  1.76815e-02
 6.84572e-04  1.76846e-02
 6.06222e-04  1.78141e-02

 1.05469e-03  1.65150e-02
 1.01490e-03  1.77807e-02
 9.43370e-04  1.76473e-02
 1.09466e-03  1.76520e-02
 1.01490e-03  1.77807e-02

 1.47656e-03  1.65150e-02
 1.41802e-03  1.77268e-02
 1.34875e-03  1.75923e-02
 1.49994e-03  1.75996e-02
 1.41802e-03  1.77268e-02

 1.89844e-03  1.65150e-02
 1.82470e-03  1.76414e-02
 1.75774e-03  1.75056e-02
 1.90878e-03  1.75155e-02
 1.82470e-03  1.76414e-02

 2.32031e-03  1.65150e-02
 2.23142e-03  1.75340e-02
 2.16742e-03  1.73968e-02
 2.31821e-03  1.74100e-02
 2.23142e-03  1.75340e-02

 2.74219e-03  1.65150e-02
 2.64063e-03  1.74050e-02
 2.58029e-03  1.72662e-02
 2.73068e-03  1.72834e-02
 2.64063e-03  1.74050e-02

 3.16406e-03  1.65150e-02
 3.05185e-03  1.72594e-02
 2.99655e-03  1.71185e-02
 3.14622e-03  1.71411e-02
 3.05185e-03  1.72594e-02

 3.58594e-03  1.65150e-02
 3.46579e-03  1.71001e-02
 3.41802e-03  1.69564e-02
 3.56630e-03  1.69869e-02
 3.46579e-03  1.71001e-02

 2.12674e-04  1.70850e-02
 2.14871e-04  1.83634e-02
 1.38962e-04  1.82325e-02
 2.90329e-04  1.82322e-02
 2.14871e-04  1.83634e-02

 6.38021e-04  1.70850e-02
 6.63071e-04  1.83837e-02
 5.84874e-04  1.82541e-02
 7.36213e-04  1.82512e-02
 6.63071e-04  1.83837e-02

 1.06337e-03  1.70850e-02
 1.09984e-03  1.83504e-02
 1.02041e-03  1.82215e-02
 1.17172e-03  1.82171e-02
 1.09984e-03  1.83504e-02

 1.48872e-03  1.70850e-02
 1.54087e-03  1.82957e-02
 1.45961e-03  1.81680e-02
 1.61084e-03  1.81615e-02
 1.54087e-03  1.82957e-02

 1.91406e-03  1.70850e-02
 1.97860e-03  1.82087e-02
 1.89553e-03  1.80822e-02
 2.04664e-03  1.80735e-02
 1.97860e-03  1.82087e-02

 2.33941e-03  1.70850e-02
 2.41640e-03  1.80993e-02
 2.33101e-03  1.79743e-02
 2.48195e-03  1.79629e-02
 2.41640e-03  1.80993e-02

 2.76476e-03  1.70850e-02
 2.85263e-03  1.79678e-02
 2.76434e-03  1.78449e-02
 2.91496e-03  1.78299e-02
 2.85263e-03  1.79678e-02

 3.19010e-03  1.70850e-02
 3.28792e-03  1.78194e-02
 3.19559e-03  1.76995e-02
 3.34563e-03  1.76795e-02
 3.28792e-03  1.78194e-02

 3.61545e-03  1.70850e-02
 3.72187e-03  1.76571e-02
 3.62349e-03  1.75421e-02
 3.77231e-03  1.75144e-02
 3.72187e-03  1.76571e-02

 2.14410e-04  1.76550e-02
 2.21111e-04  1.88909e-02
 1.44718e-04  1.87602e-02
 2.96083e-04  1.87594e-02
 2.21111e-04  1.88909e-02

 6.43229e-04  1.76550e-02
 7.19299e-04  1.89100e-02
 6.35823e-04  1.87837e-02
 7.86912e-04  1.87746e-02
 7.19299e-04  1.89100e-02

 1.07205e-03  1.76550e-02
 1.18386e-03  1.88776e-02
 1.09655e-03  1.87539e-02
 1.24729e-03  1.87402e-02
 1.18386e-03  1.88776e-02

 1.50087e-03  1.76550e-02
 1.66254e-03  1.88236e-02
 1.56961e-03  1.87041e-02
 1.71955e-03  1.86834e-02
 1.66254e-03  1.88236e-02

 1.92969e-03  1.76550e-02
 2.13110e-03  1.87381e-02
 2.03273e-03  1.86231e-02
 2.18155e-03  1.85954e-02
 2.13110e-03  1.87381e-02

 2.35851e-03  1.76550e-02
 2.59979e-03  1.86302e-02
 2.49484e-03  1.85211e-02
 2.64178e-03  1.84848e-02
 2.59979e-03  1.86302e-02

 2.78733e-03  1.76550e-02
 3.06282e-03  1.85007e-02
 2.95026e-03  1.83995e-02
 3.09418e-03  1.83526e-02
 3.06282e-03  1.85007e-02

 3.21615e-03  1.76550e-02
 3.52191e-03  1.83544e-02
 3.40005e-03  1.82646e-02
 3.53874e-03  1.82040e-02
 3.52191e-03  1.83544e-02

 3.64497e-03  1.76550e-02
 3.97554e-03  1.81946e-02
 3.84252e-03  1.81224e-02
 3.97160e-03  1.80433e-02
 3.97554e-03  1.81946e-02

 2.16146e-04  1.82250e-02
 2.27104e-04  1.93789e-02
 1.50179e-04  1.92486e-02
 3.01539e-04  1.92471e-02
 2.27104e-04  1.93789e-02

 6.48438e-04  1.82250e-02
 7.72657e-04  1.93954e-02
 6.83561e-04  1.92730e-02
 8.34082e-04  1.92570e-02
 7.72657e-04  1.93954e-02

 1.08073e-03  1.82250e-02
 1.26369e-03  1.93646e-02
 1.16819e-03  1.92472e-02
 1.31764e-03  1.92232e-02
 1.26369e-03  1.93646e-02

 1.51302e-03  1.82250e-02
 1.77830e-03  1.93128e-02
 1.67371e-03  1.92034e-02
 1.82077e-03  1.91675e-02
 1.77830e-03  1.93128e-02

 1.94531e-03  1.82250e-02
 2.27624e-03  1.92314e-02
 2.16339e-03  1.91305e-02
 2.30719e-03  1.90832e-02
 2.27624e-03  1.92314e-02

 2.37760e-03  1.82250e-02
 2.77434e-03  1.91285e-02
 2.65234e-03  1.90389e-02
 2.79093e-03  1.89781e-02
 2.77434e-03  1.91285e-02

 2.80990e-03  1.82250e-02
 3.26279e-03  1.90051e-02
 3.13153e-03  1.89298e-02
 3.26243e-03  1.88538e-02
 3.26279e-03  1.90051e-02

 3.24219e-03  1.82250e-02
 3.74436e-03  1.88659e-02
 3.60394e-03  1.88094e-02
 3.72309e-03  1.87160e-02
 3.74436e-03  1.88659e-02

 3.67448e-03  1.82250e-02
 4.21644e-03  1.87141e-02
 4.06842e-03  1.86824e-02
 4.16982e-03  1.85701e-02
 4.21644e-03  1.87141e-02

 2.17882e-04  1.87950e-02
 2.32620e-04  1.98300e-02
 1.55078e-04  1.97001e-02
 3.06429e-04  1.96979e-02
 2.32620e-04  1.98300e-02

 6.53646e-04  1.87950e-02
 8.20657e-04  1.98424e-02
 7.25275e-04  1.97248e-02
 8.74754e-04  1.97010e-02
 8.20657e-04  1.98424e-02

 1.08941e-03  1.87950e-02
 1.33569e-03  1.98141e-02
 1.23133e-03  1.97044e-02
 1.37846e-03  1.96689e-02
 1.33569e-03  1.98141e-02

 1.52517e-03  1.87950e-02
 1.88271e-03  1.97659e-02
 1.76639e-03  1.96690e-02
 1.90843e-03  1.96167e-02
 1.88271e-03  1.97659e-02

 1.96094e-03  1.87950e-02
 2.40712e-03  1.96912e-02
 2.28095e-03  1.96076e-02
 2.41645e-03  1.95402e-02
 2.40712e-03  1.96912e-02

 2.39670e-03  1.87950e-02
 2.93162e-03  1.95969e-02
 2.79592e-03  1.95298e-02
 2.92184e-03  1.94458e-02
 2.93162e-03  1.95969e-02

 2.83247e-03  1.87950e-02
 3.44280e-03  1.94840e-02
 3.29923e-03  1.94361e-02
 3.41253e-03  1.93357e-02
 3.44280e-03  1.94840e-02

 3.26823e-03  1.87950e-02
 3.94432e-03  1.93568e-02
 3.79512e-03  1.93312e-02
 3.89186e-03  1.92148e-02
 3.94432e-03  1.93568e-02

 3.70399e-03  1.87950e-02
 4.43257e-03  1.92182e-02
 4.28120e-03  1.92178e-02
 4.35723e-03  1.90869e-02
 4.43257e-03  1.92182e-02

 2.19618e-04  1.93650e-02
 2.37478e-04  2.02525e-02
 1.59172e-04  2.01229e-02
 3.10508e-04  2.01199e-02
 2.37478e-04  2.02525e-02

 6.58854e-04  1.93650e-02
 8.61027e-04  2.02594e-02
 7.58303e-04  2.01482e-02
 9.05944e-04  2.01148e-02
 8.61027e-04  2.02594e-02

 1.09809e-03  1.93650e-02
 1.39645e-03  2.02338e-02
 1.28229e-03  2.01344e-02
 1.42546e-03  2.00853e-02
 1.39645e-03  2.02338e-02

 1.53733e-03  1.93650e-02
 1.97061e-03  2.01906e-02
 1.84268e-03  2.01097e-02
 1.97671e-03  2.00393e-02
 1.97061e-03  2.01906e-02

 1.97656e-03  1.93650e-02
 2.51710e-03  2.01249e-02
 2.37945e-03  2.00620e-02
 2.50279e-03  1.99742e-02
 2.51710e-03  2.01249e-02

 2.41580e-03  1.93650e-02
 3.06345e-03  2.00420e-02
 2.91815e-03  1.99996e-02
 3.02752e-03  1.98950e-02
 3.06345e-03  2.00420e-02

 2.85503e-03  1.93650e-02
 3.59322e-03  1.99432e-02
 3.44335e-03  1.99219e-02
 3.53669e-03  1.98028e-02
 3.59322e-03  1.99432e-02

 3.29427e-03  1.93650e-02
 4.11082e-03  1.98319e-02
 3.95945e-03  1.98326e-02
 4.03460e-03  1.97012e-02
 4.11082e-03  1.98319e-02

 3.73351e-03  1.93650e-02
 4.61189e-03  1.97112e-02
 4.46218e-03  1.97335e-02
 4.51768e-03  1.95927e-02
 4.61189e-03  1.97112e-02

 2.21354e-04  1.99350e-02
 2.41358e-04  2.06488e-02
 1.62032e-04  2.05199e-02
 3.13340e-04  2.05157e-02
 2.41358e-04  2.06488e-02

 6.64062e-04  1.99350e-02
 8.90454e-04  2.06491e-02
 7.78696e-04  2.05471e-02
 9.22986e-04  2.05013e-02
 8.90454e-04  2.06491e-02

 1.10677e-03  1.99350e-02
 1.44081e-03  2.06276e-02
 1.31569e-03  2.05424e-02
 1.45203e-03  2.04766e-02
 1.44081e-03  2.06276e-02

 1.54948e-03  1.99350e-02
 2.03441e-03  2.05907e-02
 1.89561e-03  2.05303e-02
 2.01731e-03  2.04403e-02
 2.03441e-03  2.05907e-02

 1.99219e-03  1.99350e-02
 2.59647e-03  2.05367e-02
 2.45018e-03  2.04978e-02
 2.55698e-03  2.03906e-02
 2.59647e-03  2.05367e-02

 2.43490e-03  1.99350e-02
 3.15806e-03  2.04685e-02
 3.00764e-03  2.04516e-02
 3.09750e-03  2.03298e-02
 3.15806e-03  2.04685e-02

 2.87760e-03  1.99350e-02
 3.70051e-03  2.03875e-02
 3.54918e-03  2.03907e-02
 3.62212e-03  2.02581e-02
 3.70051e-03  2.03875e-02

 3.32031e-03  1.99350e-02
 4.22897e-03  2.02965e-02
 4.07919e-03  2.03184e-02
 4.13515e-03  2.01778e-02
 4.22897e-03  2.02965e-02

 3.76302e-03  1.99350e-02
 4.73835e-03  2.01980e-02
 4.59208e-03  2.02370e-02
 4.63149e-03  2.00908e-02
 4.73835e-03  2.01980e-02

 2.23090e-04  2.05050e-02
 2.44139e-04  2.10387e-02
 1.63348e-04  2.09107e-02
 3.14597e-04  2.09047e-02
 2.44139e-04  2.10387e-02

 6.69271e-04  2.05050e-02
 9.06728e-04  2.10315e-02
 7.83844e-04  2.09431e-02
 9.21828e-04  2.08809e-02
 9.06728e-04  2.10315e-02

 1.11545e-03  2.05050e-02
 1.46486e-03  2.10143e-02
 1.32829e-03  2.09490e-02
 1.45311e-03  2.08634e-02
 1.46486e-03  2.10143e-02

 1.56163e-03  2.05050e-02
 2.06804e-03  2.09846e-02
 1.92082e-03  2.09494e-02
 2.02490e-03  2.08395e-02
 2.06804e-03  2.09846e-02

 2.00781e-03  2.05050e-02
 2.63739e-03  2.09433e-02
 2.48656e-03  2.09305e-02
 2.57304e-03  2.08063e-02
 2.63739e-03  2.09433e-02

 2.45399e-03  2.05050e-02
 3.20589e-03  2.08910e-02
 3.05471e-03  2.08984e-02
 3.12383e-03  2.07638e-02
 3.20589e-03  2.08910e-02

 2.90017e-03  2.05050e-02
 3.75381e-03  2.08293e-02
 3.60439e-03  2.08535e-02
 3.65814e-03  2.07120e-02
 3.75381e-03  2.08293e-02

 3.34635e-03  2.05050e-02
 4.28657e-03  2.07600e-02
 4.14024e-03  2.07987e-02
 4.17987e-03  2.06527e-02
 4.28657e-03  2.07600e-02

 3.79253e-03  2.05050e-02
 4.79882e-03  2.06853e-02
 4.65644e-03  2.07367e-02
 4.68314e-03  2.05877e-02
 4.79882e-03  2.06853e-02

 2.24826e-04  2.10750e-02
 2.45169e-04  2.14153e-02
 1.61799e-04  2.12890e-02
 3.12896e-04  2.12800e-02
 2.45169e-04  2.14153e-02

 6.74479e-04  2.10750e-02
 9.03876e-04  2.14030e-02
 7.66729e-04  2.13390e-02
 8.90775e-04  2.12522e-02
 9.03876e-04  2.14030e-02

 1.12413e-03  2.10750e-02
 1.45894e-03  2.13921e-02
 1.31172e-03  2.13569e-02
 1.41580e-03  2.12470e-02
 1.45894e-03  2.13921e-02

 1.57378e-03  2.10750e-02
 2.05800e-03  2.13718e-02
 1.90669e-03  2.13678e-02
 1.98579e-03  2.12388e-02
 2.05800e-03  2.13718e-02

 2.02344e-03  2.10750e-02
 2.62312e-03  2.13455e-02
 2.47251e-03  2.13606e-02
 2.53475e-03  2.12226e-02
 2.62312e-03  2.13455e-02

 2.47309e-03  2.10750e-02
 3.18750e-03  2.13117e-02
 3.03927e-03  2.13423e-02
 3.08687e-03  2.11986e-02
 3.18750e-03  2.13117e-02

 2.92274e-03  2.10750e-02
 3.73142e-03  2.12721e-02
 3.58614e-03  2.13146e-02
 3.62198e-03  2.11675e-02
 3.73142e-03  2.12721e-02

 3.37240e-03  2.10750e-02
 4.26054e-03  2.12276e-02
 4.11853e-03  2.12800e-02
 4.14417e-03  2.11308e-02
 4.26054e-03  2.12276e-02

 3.82205e-03  2.10750e-02
 4.76945e-03  2.11798e-02
 4.63084e-03  2.12406e-02
 4.64749e-03  2.10902e-02
 4.76945e-03  2.11798e-02

 2.26562e-04  2.16450e-02
 2.44665e-04  2.18298e-02
 1.56564e-04  2.17067e-02
 3.07210e-04  2.16920e-02
 2.44665e-04  2.18298e-02

 6.79687e-04  2.16450e-02
 8.80937e-04  2.18138e-02
 7.31866e-04  2.17876e-02
 8.29143e-04  2.16716e-02
 8.80937e-04  2.18138e-02

 1.13281e-03  2.16450e-02
 1.41977e-03  2.18084e-02
 1.26841e-03  2.18093e-02
 1.34332e-03  2.16778e-02
 1.41977e-03  2.18084e-02

 1.58594e-03  2.16450e-02
 1.99969e-03  2.17959e-02
 1.85061e-03  2.18221e-02
 1.90247e-03  2.16799e-02
 1.99969e-03  2.17959e-02

 2.03906e-03  2.16450e-02
 2.54813e-03  2.17815e-02
 2.40191e-03  2.18207e-02
 2.44112e-03  2.16745e-02
 2.54813e-03  2.17815e-02

 2.49219e-03  2.16450e-02
 3.09680e-03  2.17623e-02
 2.95370e-03  2.18117e-02
 2.98253e-03  2.16631e-02
 3.09680e-03  2.17623e-02

 2.94531e-03  2.16450e-02
 3.62702e-03  2.17402e-02
 3.48672e-03  2.17970e-02
 3.50766e-03  2.16471e-02
 3.62702e-03  2.17402e-02

 3.39844e-03  2.16450e-02
 4.14442e-03  2.17153e-02
 4.00681e-03  2.17783e-02
 4.02101e-03  2.16276e-02
 4.14442e-03  2.17153e-02

 3.85156e-03  2.16450e-02
 4.64404e-03  2.16887e-02
 4.50899e-03  2.17570e-02
 4.51732e-03  2.16059e-02
 4.64404e-03  2.16887e-02

 2.28299e-04  2.22150e-02
 2.40859e-04  2.22309e-02
 1.00259e-04  2.21749e-02
 2.19115e-04  2.20811e-02
 2.40859e-04  2.22309e-02

 6.84896e-04  2.22150e-02
 8.05906e-04  2.22291e-02
 6.66964e-04  2.22891e-02
 6.84423e-04  2.21388e-02
 8.05906e-04  2.22291e-02

 1.14149e-03  2.22150e-02
 1.31092e-03  2.22289e-02
 1.17409e-03  2.22936e-02
 1.18644e-03  2.21427e-02
 1.31092e-03  2.22289e-02

 1.59809e-03  2.22150e-02
 1.84100e-03  2.22277e-02
 1.70615e-03  2.22964e-02
 1.71402e-03  2.21453e-02
 1.84100e-03  2.22277e-02

 2.05469e-03  2.22150e-02
 2.35171e-03  2.22265e-02
 2.21780e-03  2.22970e-02
 2.22365e-03  2.21458e-02
 2.35171e-03  2.22265e-02

 2.51128e-03  2.22150e-02
 2.86283e-03  2.22248e-02
 2.72969e-03  2.22968e-02
 2.73390e-03  2.21455e-02
 2.86283e-03  2.22248e-02

 2.96788e-03  2.22150e-02
 3.36279e-03  2.22229e-02
 3.23022e-03  2.22959e-02
 3.23324e-03  2.21446e-02
 3.36279e-03  2.22229e-02

 3.42448e-03  2.22150e-02
 3.85516e-03  2.22207e-02
 3.72308e-03  2.22947e-02
 3.72509e-03  2.21433e-02
 3.85516e-03  2.22207e-02

 3.88108e-03  2.22150e-02
 4.33696e-03  2.22184e-02
 4.20531e-03  2.22931e-02
 4.20645e-03  2.21418e-02
 4.33696e-03  2.22184e-02

 3.76510e-03  1.13850e-02
 3.31518e-03  1.13926e-02
 3.44497e-03  1.13147e-02
 3.44753e-03  1.14661e-02
 3.31518e-03  1.13926e-02

 4.26406e-03  1.13850e-02
 3.78832e-03  1.13903e-02
 3.91854e-03  1.13132e-02
 3.92025e-03  1.14646e-02
 3.78832e-03  1.13903e-02

 4.76302e-03  1.13850e-02
 4.27249e-03  1.13880e-02
 4.40312e-03  1.13115e-02
 4.40404e-03  1.14629e-02
 4.27249e-03  1.13880e-02

 5.26198e-03  1.13850e-02
 4.76828e-03  1.13855e-02
 4.89929e-03  1.13097e-02
 4.89945e-03  1.14611e-02
 4.76828e-03  1.13855e-02

 5.76094e-03  1.13850e-02
 5.27578e-03  1.13831e-02
 5.40716e-03  1.13079e-02
 5.40657e-03  1.14593e-02
 5.27578e-03  1.13831e-02

 6.25990e-03  1.13850e-02
 5.79468e-03  1.13807e-02
 5.92646e-03  1.13063e-02
 5.92508e-03  1.14576e-02
 5.79468e-03  1.13807e-02

 6.75885e-03  1.13850e-02
 6.32445e-03  1.13786e-02
 6.45665e-03  1.13048e-02
 6.45441e-03  1.14562e-02
 6.32445e-03  1.13786e-02

 7.25781e-03  1.13850e-02
 6.86380e-03  1.13766e-02
 6.99647e-03  1.13038e-02
 6.99326e-03  1.14551e-02
 6.86380e-03  1.13766e-02

 7.75677e-03  1.13850e-02
 7.41165e-03  1.13751e-02
 7.54487e-03  1.13032e-02
 7.54051e-03  1.14545e-02
 7.41165e-03  1.13751e-02

 8.25573e-03  1.13850e-02
 7.96519e-03  1.13739e-02
 8.09906e-03  1.13033e-02
 8.09330e-03  1.14545e-02
 7.96519e-03  1.13739e-02

 8.75469e-03  1.13850e-02
 8.52388e-03  1.13733e-02
 8.65864e-03  1.13043e-02
 8.65097e-03  1.14555e-02
 8.52388e-03  1.13733e-02

 9.25365e-03  1.13850e-02
 9.08130e-03  1.13733e-02
 9.21722e-03  1.13067e-02
 9.20695e-03  1.14577e-02
 9.08130e-03  1.13733e-02

 9.75260e-03  1.13850e-02
 9.64186e-03  1.13739e-02
 9.77987e-03  1.13117e-02
 9.76472e-03  1.14623e-02
 9.64186e-03  1.13739e-02

 1.02516e-02  1.13850e-02
 1.01872e-02  1.13754e-02
 1.03280e-02  1.13199e-02
 1.03057e-02  1.14696e-02
 1.01872e-02  1.13754e-02

 1.07505e-02  1.13850e-02
 1.07439e-02  1.13774e-02
 1.08870e-02  1.14267e-02
 1.07728e-02  1.15260e-02
 1.07439e-02  1.13774e-02

 3.79531e-03  1.19550e-02
 3.01229e-03  1.20409e-02
 3.13434e-03  1.19514e-02
 3.15085e-03  1.21018e-02
 3.01229e-03  1.20409e-02

 4.29219e-03  1.19550e-02
 3.46709e-03  1.20146e-02
 3.59238e-03  1.19297e-02
 3.60328e-03  1.20806e-02
 3.46709e-03  1.20146e-02

 4.78906e-03  1.19550e-02
 3.94141e-03  1.19868e-02
 4.06956e-03  1.19063e-02
 4.07524e-03  1.20576e-02
 3.94141e-03  1.19868e-02

 5.28594e-03  1.19550e-02
 4.43594e-03  1.19584e-02
 4.56672e-03  1.18822e-02
 4.56732e-03  1.20335e-02
 4.43594e-03  1.19584e-02

 5.78281e-03  1.19550e-02
 4.95067e-03  1.19300e-02
 5.08397e-03  1.18583e-02
 5.07943e-03  1.20096e-02
 4.95067e-03  1.19300e-02

 6.27969e-03  1.19550e-02
 5.48501e-03  1.19027e-02
 5.62078e-03  1.18358e-02
 5.61085e-03  1.19869e-02
 5.48501e-03  1.19027e-02

 6.77656e-03  1.19550e-02
 6.03778e-03  1.18775e-02
 6.17605e-03  1.18159e-02
 6.16025e-03  1.19664e-02
 6.03778e-03  1.18775e-02

 7.27344e-03  1.19550e-02
 6.60678e-03  1.18553e-02
 6.74762e-03  1.17998e-02
 6.72523e-03  1.19495e-02
 6.60678e-03  1.18553e-02

 7.77031e-03  1.19550e-02
 7.18998e-03  1.18372e-02
 7.33350e-03  1.17891e-02
 7.30339e-03  1.19374e-02
 7.18998e-03  1.18372e-02

 8.26719e-03  1.19550e-02
 7.78258e-03  1.18242e-02
 7.92886e-03  1.17853e-02
 7.88943e-03  1.19315e-02
 7.78258e-03  1.18242e-02

 8.76406e-03  1.19550e-02
 8.38328e-03  1.18173e-02
 8.53229e-03  1.17907e-02
 8.48081e-03  1.19330e-02
 8.38328e-03  1.18173e-02

 9.26094e-03  1.19550e-02
 8.98134e-03  1.18175e-02
 9.13237e-03  1.18074e-02
 9.06558e-03  1.19433e-02
 8.98134e-03  1.18175e-02

 9.75781e-03  1.19550e-02
 9.58262e-03  1.18252e-02
 9.73300e-03  1.18424e-02
 9.64290e-03  1.19641e-02
 9.58262e-03  1.18252e-02

 1.02547e-02  1.19550e-02
 1.01573e-02  1.18430e-02
 1.03004e-02  1.18922e-02
 1.01862e-02  1.19916e-02
 1.01573e-02  1.18430e-02

 1.07516e-02  1.19550e-02
 1.07431e-02  1.18809e-02
 1.08331e-02  1.20026e-02
 1.06827e-02  1.20197e-02
 1.07431e-02  1.18809e-02

 3.82552e-03  1.25250e-02
 2.88319e-03  1.26633e-02
 3.00190e-03  1.25693e-02
 3.02387e-03  1.27191e-02
 2.88319e-03  1.26633e-02

 4.32031e-03  1.25250e-02
 3.33166e-03  1.26144e-02
 3.45540e-03  1.25272e-02
 3.46903e-03  1.26779e-02
 3.33166e-03  1.26144e-02

 4.81510e-03  1.25250e-02
 3.80367e-03  1.25634e-02
 3.93180e-03  1.24828e-02
 3.93753e-03  1.26340e-02
 3.80367e-03  1.25634e-02

 5.30990e-03  1.25250e-02
 4.29982e-03  1.25115e-02
 4.43191e-03  1.24376e-02
 4.42989e-03  1.25889e-02
 4.29982e-03  1.25115e-02

 5.80469e-03  1.25250e-02
 4.81982e-03  1.24603e-02
 4.95558e-03  1.23934e-02
 4.94566e-03  1.25444e-02
 4.81982e-03  1.24603e-02

 6.29948e-03  1.25250e-02
 5.36259e-03  1.24114e-02
 5.50184e-03  1.23520e-02
 5.48362e-03  1.25023e-02
 5.36259e-03  1.24114e-02

 6.79427e-03  1.25250e-02
 5.92679e-03  1.23665e-02
 6.06934e-03  1.23156e-02
 6.04214e-03  1.24645e-02
 5.92679e-03  1.23665e-02

 7.28906e-03  1.25250e-02
 6.50945e-03  1.23275e-02
 6.65511e-03  1.22863e-02
 6.61794e-03  1.24331e-02
 6.50945e-03  1.23275e-02

 7.78385e-03  1.25250e-02
 7.10801e-03  1.22962e-02
 7.25644e-03  1.22666e-02
 7.20791e-03  1.24099e-02
 7.10801e-03  1.22962e-02

 8.27865e-03  1.25250e-02
 7.71701e-03  1.22745e-02
 7.86755e-03  1.22588e-02
 7.80590e-03  1.23970e-02
 7.71701e-03  1.22745e-02

 8.77344e-03  1.25250e-02
 8.33441e-03  1.22642e-02
 8.48577e-03  1.22661e-02
 8.40847e-03  1.23962e-02
 8.33441e-03  1.22642e-02

 9.26823e-03  1.25250e-02
 8.94835e-03  1.22674e-02
 9.09791e-03  1.22906e-02
 9.00296e-03  1.24085e-02
 8.94835e-03  1.22674e-02

 9.76302e-03  1.25250e-02
 9.56404e-03  1.22860e-02
 9.70608e-03  1.23383e-02
 9.58976e-03  1.24352e-02
 9.56404e-03  1.22860e-02

 1.02578e-02  1.25250e-02
 1.01492e-02  1.23235e-02
 1.02780e-02  1.24029e-02
 1.01447e-02  1.24748e-02
 1.01492e-02  1.23235e-02

 1.07526e-02  1.25250e-02
 1.07433e-02  1.23976e-02
 1.08283e-02  1.25228e-02
 1.06774e-02  1.25339e-02
 1.07433e-02  1.23976e-02

 3.85573e-03  1.30950e-02
 2.84808e-03  1.33057e-02
 2.96090e-03  1.32048e-02
 2.99188e-03  1.33530e-02
 2.84808e-03  1.33057e-02

 4.34844e-03  1.30950e-02
 3.29485e-03  1.32269e-02
 3.41552e-03  1.31355e-02
 3.43432e-03  1.32857e-02
 3.29485e-03  1.32269e-02

 4.84115e-03  1.30950e-02
 3.76705e-03  1.31451e-02
 3.89447e-03  1.30634e-02
 3.90152e-03  1.32146e-02
 3.76705e-03  1.31451e-02

 5.33385e-03  1.30950e-02
 4.26475e-03  1.30625e-02
 4.39808e-03  1.29908e-02
 4.39348e-03  1.31421e-02
 4.26475e-03  1.30625e-02

 5.82656e-03  1.30950e-02
 4.78758e-03  1.29815e-02
 4.92611e-03  1.29205e-02
 4.90967e-03  1.30710e-02
 4.78758e-03  1.29815e-02

 6.31927e-03  1.30950e-02
 5.33425e-03  1.29046e-02
 5.47732e-03  1.28551e-02
 5.44859e-03  1.30037e-02
 5.33425e-03  1.29046e-02

 6.81198e-03  1.30950e-02
 5.90302e-03  1.28344e-02
 6.04989e-03  1.27978e-02
 6.00818e-03  1.29433e-02
 5.90302e-03  1.28344e-02

 7.30469e-03  1.30950e-02
 6.49079e-03  1.27739e-02
 6.64050e-03  1.27516e-02
 6.58495e-03  1.28924e-02
 6.49079e-03  1.27739e-02

 7.79740e-03  1.30950e-02
 7.09460e-03  1.27259e-02
 7.24584e-03  1.27198e-02
 7.17546e-03  1.28538e-02
 7.09460e-03  1.27259e-02

 8.29010e-03  1.30950e-02
 7.70871e-03  1.26932e-02
 7.85958e-03  1.27055e-02
 7.77353e-03  1.28300e-02
 7.70871e-03  1.26932e-02

 8.78281e-03  1.30950e-02
 8.33069e-03  1.26789e-02
 8.47840e-03  1.27120e-02
 8.37590e-03  1.28234e-02
 8.33069e-03  1.26789e-02

 9.27552e-03  1.30950e-02
 8.94835e-03  1.26860e-02
 9.08933e-03  1.27411e-02
 8.97113e-03  1.28356e-02
 8.94835e-03  1.26860e-02

 9.76823e-03  1.30950e-02
 9.56626e-03  1.27184e-02
 9.69491e-03  1.27982e-02
 9.56152e-03  1.28697e-02
 9.56626e-03  1.27184e-02

 1.02609e-02  1.30950e-02
 1.01520e-02  1.27798e-02
 1.02664e-02  1.28790e-02
 1.01233e-02  1.29284e-02
 1.01520e-02  1.27798e-02

 1.07536e-02  1.30950e-02
 1.07443e-02  1.29002e-02
 1.08262e-02  1.30275e-02
 1.06750e-02  1.30347e-02
 1.07443e-02  1.29002e-02

 3.88594e-03  1.36650e-02
 2.90008e-03  1.39334e-02
 3.00668e-03  1.38260e-02
 3.04645e-03  1.39720e-02
 2.90008e-03  1.39334e-02

 4.37656e-03  1.36650e-02
 3.34901e-03  1.38261e-02
 3.46679e-03  1.37310e-02
 3.49023e-03  1.38805e-02
 3.34901e-03  1.38261e-02

 4.86719e-03  1.36650e-02
 3.82276e-03  1.37155e-02
 3.95004e-03  1.36336e-02
 3.95734e-03  1.37848e-02
 3.82276e-03  1.37155e-02

 5.35781e-03  1.36650e-02
 4.32140e-03  1.36045e-02
 4.45668e-03  1.35366e-02
 4.44786e-03  1.36877e-02
 4.32140e-03  1.36045e-02

 5.84844e-03  1.36650e-02
 4.84412e-03  1.34963e-02
 4.98593e-03  1.34434e-02
 4.96086e-03  1.35926e-02
 4.84412e-03  1.34963e-02

 6.33906e-03  1.36650e-02
 5.38969e-03  1.33941e-02
 5.53651e-03  1.33573e-02
 5.49498e-03  1.35029e-02
 5.38969e-03  1.33941e-02

 6.82969e-03  1.36650e-02
 5.95607e-03  1.33016e-02
 6.10617e-03  1.32821e-02
 6.04804e-03  1.34218e-02
 5.95607e-03  1.33016e-02

 7.32031e-03  1.36650e-02
 6.54024e-03  1.32224e-02
 6.69161e-03  1.32212e-02
 6.61690e-03  1.33529e-02
 6.54024e-03  1.32224e-02

 7.81094e-03  1.36650e-02
 7.13929e-03  1.31602e-02
 7.28955e-03  1.31785e-02
 7.19861e-03  1.32995e-02
 7.13929e-03  1.31602e-02

 8.30156e-03  1.36650e-02
 7.74762e-03  1.31189e-02
 7.89410e-03  1.31570e-02
 7.78784e-03  1.32648e-02
 7.74762e-03  1.31189e-02

 8.79219e-03  1.36650e-02
 8.36277e-03  1.31026e-02
 8.50248e-03  1.31609e-02
 8.38217e-03  1.32527e-02
 8.36277e-03  1.31026e-02

 9.28281e-03  1.36650e-02
 8.97316e-03  1.31152e-02
 9.10343e-03  1.31922e-02
 8.97154e-03  1.32665e-02
 8.97316e-03  1.31152e-02

 9.77344e-03  1.36650e-02
 9.58291e-03  1.31625e-02
 9.70015e-03  1.32582e-02
 9.55862e-03  1.33119e-02
 9.58291e-03  1.31625e-02

 1.02641e-02  1.36650e-02
 1.01616e-02  1.32480e-02
 1.02664e-02  1.33572e-02
 1.01194e-02  1.33933e-02
 1.01616e-02  1.32480e-02

 1.07547e-02  1.36650e-02
 1.07459e-02  1.34107e-02
 1.08261e-02  1.35391e-02
 1.06748e-02  1.35443e-02
 1.07459e-02  1.34107e-02

 3.91615e-03  1.42350e-02
 3.01854e-03  1.45576e-02
 3.11631e-03  1.44420e-02
 3.16750e-03  1.45845e-02
 3.01854e-03  1.45576e-02

 4.40469e-03  1.42350e-02
 3.47159e-03  1.44222e-02
 3.58523e-03  1.43222e-02
 3.61500e-03  1.44706e-02
 3.47159e-03  1.44222e-02

 4.89323e-03  1.42350e-02
 3.94719e-03  1.42835e-02
 4.07423e-03  1.42012e-02
 4.08197e-03  1.43523e-02
 3.94719e-03  1.42835e-02

 5.38177e-03  1.42350e-02
 4.44526e-03  1.41450e-02
 4.58299e-03  1.40822e-02
 4.56851e-03  1.42328e-02
 4.44526e-03  1.41450e-02

 5.87031e-03  1.42350e-02
 4.96499e-03  1.40105e-02
 5.11044e-03  1.39686e-02
 5.07401e-03  1.41155e-02
 4.96499e-03  1.40105e-02

 6.35885e-03  1.42350e-02
 5.50499e-03  1.38843e-02
 5.65501e-03  1.38641e-02
 5.59750e-03  1.40041e-02
 5.50499e-03  1.38843e-02

 6.84740e-03  1.42350e-02
 6.06347e-03  1.37705e-02
 6.21482e-03  1.37722e-02
 6.13766e-03  1.39024e-02
 6.06347e-03  1.37705e-02

 7.33594e-03  1.42350e-02
 6.63746e-03  1.36737e-02
 6.78705e-03  1.36968e-02
 6.69223e-03  1.38148e-02
 6.63746e-03  1.36737e-02

 7.82448e-03  1.42350e-02
 7.22436e-03  1.35984e-02
 7.36935e-03  1.36419e-02
 7.25921e-03  1.37457e-02
 7.22436e-03  1.35984e-02

 8.31302e-03  1.42350e-02
 7.81910e-03  1.35493e-02
 7.95713e-03  1.36114e-02
 7.83431e-03  1.36999e-02
 7.81910e-03  1.35493e-02

 8.80156e-03  1.42350e-02
 8.41944e-03  1.35316e-02
 8.54852e-03  1.36107e-02
 8.41551e-03  1.36829e-02
 8.41944e-03  1.35316e-02

 9.29010e-03  1.42350e-02
 9.01509e-03  1.35499e-02
 9.13416e-03  1.36434e-02
 8.99368e-03  1.36997e-02
 9.01509e-03  1.35499e-02

 9.77865e-03  1.42350e-02
 9.60969e-03  1.36116e-02
 9.71703e-03  1.37184e-02
 9.57093e-03  1.37580e-02
 9.60969e-03  1.36116e-02

 1.02672e-02  1.42350e-02
 1.01764e-02  1.37199e-02
 1.02737e-02  1.38358e-02
 1.01246e-02  1.38621e-02
 1.01764e-02  1.37199e-02

 1.07557e-02  1.42350e-02
 1.07480e-02  1.39230e-02
 1.08269e-02  1.40522e-02
 1.06756e-02  1.40560e-02
 1.07480e-02  1.39230e-02

 3.94635e-03  1.48050e-02
 3.19177e-03  1.51676e-02
 3.27715e-03  1.50426e-02
 3.34270e-03  1.51790e-02
 3.19177e-03  1.51676e-02

 4.43281e-03  1.48050e-02
 3.65025e-03  1.50082e-02
 3.75811e-03  1.49020e-02
 3.79615e-03  1.50485e-02
 3.65025e-03  1.50082e-02

 4.91927e-03  1.48050e-02
 4.12777e-03  1.48456e-02
 4.25481e-03  1.47633e-02
 4.26257e-03  1.49145e-02
 4.12777e-03  1.48456e-02

 5.40573e-03  1.48050e-02
 4.62392e-03  1.46840e-02
 4.76504e-03  1.46293e-02
 4.74189e-03  1.47789e-02
 4.62392e-03  1.46840e-02

 5.89219e-03  1.48050e-02
 5.13809e-03  1.45279e-02
 5.28724e-03  1.45021e-02
 5.23503e-03  1.46441e-02
 5.13809e-03  1.45279e-02

 6.37865e-03  1.48050e-02
 5.66889e-03  1.43819e-02
 5.82025e-03  1.43840e-02
 5.74273e-03  1.45140e-02
 5.66889e-03  1.43819e-02

 6.86510e-03  1.48050e-02
 6.21471e-03  1.42509e-02
 6.36358e-03  1.42783e-02
 6.26542e-03  1.43935e-02
 6.21471e-03  1.42509e-02

 7.35156e-03  1.48050e-02
 6.77310e-03  1.41401e-02
 6.91624e-03  1.41893e-02
 6.80204e-03  1.42886e-02
 6.77310e-03  1.41401e-02

 7.83802e-03  1.48050e-02
 7.34178e-03  1.40547e-02
 7.47722e-03  1.41222e-02
 7.35096e-03  1.42057e-02
 7.34178e-03  1.40547e-02

 8.32448e-03  1.48050e-02
 7.91658e-03  1.39999e-02
 8.04333e-03  1.40826e-02
 7.90831e-03  1.41510e-02
 7.91658e-03  1.39999e-02

 8.81094e-03  1.48050e-02
 8.49562e-03  1.39819e-02
 8.61319e-03  1.40772e-02
 8.47184e-03  1.41314e-02
 8.49562e-03  1.39819e-02

 9.29740e-03  1.48050e-02
 9.07053e-03  1.40057e-02
 9.17913e-03  1.41111e-02
 9.03352e-03  1.41525e-02
 9.07053e-03  1.40057e-02

 9.78385e-03  1.48050e-02
 9.64439e-03  1.40802e-02
 9.74348e-03  1.41946e-02
 9.59484e-03  1.42232e-02
 9.64439e-03  1.40802e-02

 1.02703e-02  1.48050e-02
 1.01952e-02  1.42079e-02
 1.02867e-02  1.43285e-02
 1.01365e-02  1.43474e-02
 1.01952e-02  1.42079e-02

 1.07568e-02  1.48050e-02
 1.07504e-02  1.44448e-02
 1.08284e-02  1.45745e-02
 1.06770e-02  1.45772e-02
 1.07504e-02  1.44448e-02

 3.97656e-03  1.53750e-02
 3.40569e-03  1.57659e-02
 3.47109e-03  1.56294e-02
 3.55661e-03  1.57543e-02
 3.40569e-03  1.57659e-02

 4.46094e-03  1.53750e-02
 3.87036e-03  1.55871e-02
 3.96816e-03  1.54716e-02
 4.01932e-03  1.56140e-02
 3.87036e-03  1.55871e-02

 4.94531e-03  1.53750e-02
 4.34944e-03  1.54054e-02
 4.47651e-03  1.53231e-02
 4.48421e-03  1.54743e-02
 4.34944e-03  1.54054e-02

 5.42969e-03  1.53750e-02
 4.84260e-03  1.52254e-02
 4.98831e-03  1.51844e-02
 4.95094e-03  1.53311e-02
 4.84260e-03  1.52254e-02

 5.91406e-03  1.53750e-02
 5.34917e-03  1.50522e-02
 5.50053e-03  1.50515e-02
 5.42543e-03  1.51829e-02
 5.34917e-03  1.50522e-02

 6.39844e-03  1.53750e-02
 5.86803e-03  1.48908e-02
 6.01587e-03  1.49232e-02
 5.91381e-03  1.50350e-02
 5.86803e-03  1.48908e-02

 6.88281e-03  1.53750e-02
 6.39787e-03  1.47466e-02
 6.53787e-03  1.48041e-02
 6.41804e-03  1.48966e-02
 6.39787e-03  1.47466e-02

 7.36719e-03  1.53750e-02
 6.93677e-03  1.46252e-02
 7.06767e-03  1.47012e-02
 6.93639e-03  1.47765e-02
 6.93677e-03  1.46252e-02

 7.85156e-03  1.53750e-02
 7.48297e-03  1.45323e-02
 7.60484e-03  1.46220e-02
 7.46616e-03  1.46827e-02
 7.48297e-03  1.45323e-02

 8.33594e-03  1.53750e-02
 8.03336e-03  1.44735e-02
 8.14682e-03  1.45737e-02
 8.00333e-03  1.46219e-02
 8.03336e-03  1.44735e-02

 8.82031e-03  1.53750e-02
 8.58657e-03  1.44557e-02
 8.69223e-03  1.45641e-02
 8.54553e-03  1.46014e-02
 8.58657e-03  1.44557e-02

 9.30469e-03  1.53750e-02
 9.13653e-03  1.44843e-02
 9.23521e-03  1.45991e-02
 9.08648e-03  1.46271e-02
 9.13653e-03  1.44843e-02

 9.78906e-03  1.53750e-02
 9.68555e-03  1.45689e-02
 9.77731e-03  1.46893e-02
 9.62718e-03  1.47086e-02
 9.68555e-03  1.45689e-02

 1.02734e-02  1.53750e-02
 1.02176e-02  1.47119e-02
 1.03040e-02  1.48361e-02
 1.01532e-02  1.48488e-02
 1.02176e-02  1.47119e-02

 1.07578e-02  1.53750e-02
 1.07530e-02  1.49756e-02
 1.08303e-02  1.51058e-02
 1.06789e-02  1.51076e-02
 1.07530e-02  1.49756e-02

 4.00677e-03  1.59450e-02
 3.64931e-03  1.63496e-02
 3.67939e-03  1.62012e-02
 3.79282e-03  1.63014e-02
 3.64931e-03  1.63496e-02

 4.48906e-03  1.59450e-02
 4.12059e-03  1.61573e-02
 4.19640e-03  1.60263e-02
 4.27196e-03  1.61574e-02
 4.12059e-03  1.61573e-02

 4.97135e-03  1.59450e-02
 4.60107e-03  1.59625e-02
 4.72844e-03  1.58807e-02
 4.73557e-03  1.60319e-02
 4.60107e-03  1.59625e-02

 5.45365e-03  1.59450e-02
 5.09040e-03  1.57702e-02
 5.24134e-03  1.57589e-02
 5.17571e-03  1.58953e-02
 5.09040e-03  1.57702e-02

 5.93594e-03  1.59450e-02
 5.58802e-03  1.55858e-02
 5.73358e-03  1.56273e-02
 5.62485e-03  1.57326e-02
 5.58802e-03  1.55858e-02

 6.41823e-03  1.59450e-02
 6.09310e-03  1.54145e-02
 6.22613e-03  1.54867e-02
 6.09707e-03  1.55658e-02
 6.09310e-03  1.54145e-02

 6.90052e-03  1.59450e-02
 6.60465e-03  1.52622e-02
 6.72621e-03  1.53524e-02
 6.58732e-03  1.54125e-02
 6.60465e-03  1.52622e-02

 7.38281e-03  1.59450e-02
 7.12140e-03  1.51344e-02
 7.23367e-03  1.52360e-02
 7.08961e-03  1.52824e-02
 7.12140e-03  1.51344e-02

 7.86510e-03  1.59450e-02
 7.64216e-03  1.50374e-02
 7.74693e-03  1.51467e-02
 7.59994e-03  1.51828e-02
 7.64216e-03  1.50374e-02

 8.34740e-03  1.59450e-02
 8.16504e-03  1.49769e-02
 8.26368e-03  1.50917e-02
 8.11493e-03  1.51197e-02
 8.16504e-03  1.49769e-02

 8.82969e-03  1.59450e-02
 8.68917e-03  1.49599e-02
 8.78261e-03  1.50790e-02
 8.63276e-03  1.51004e-02
 8.68917e-03  1.49599e-02

 9.31198e-03  1.59450e-02
 9.21106e-03  1.49921e-02
 9.30013e-03  1.51145e-02
 9.14961e-03  1.51305e-02
 9.21106e-03  1.49921e-02

 9.79427e-03  1.59450e-02
 9.73210e-03  1.50839e-02
 9.81703e-03  1.52092e-02
 9.66606e-03  1.52201e-02
 9.73210e-03  1.50839e-02

 1.02766e-02  1.59450e-02
 1.02430e-02  1.52371e-02
 1.03248e-02  1.53644e-02
 1.01736e-02  1.53716e-02
 1.02430e-02  1.52371e-02

 1.07589e-02  1.59450e-02
 1.07560e-02  1.55188e-02
 1.08325e-02  1.56494e-02
 1.06812e-02  1.56504e-02
 1.07560e-02  1.55188e-02

 4.03698e-03  1.65150e-02
 3.91132e-03  1.69193e-02
 3.87796e-03  1.67716e-02
 4.02250e-03  1.68165e-02
 3.91132e-03  1.69193e-02

 4.51719e-03  1.65150e-02
 4.38932e-03  1.67198e-02
 4.39454e-03  1.65685e-02
 4.52294e-03  1.66487e-02
 4.38932e-03  1.67198e-02

 4.99740e-03  1.65150e-02
 4.87097e-03  1.65184e-02
 4.99999e-03  1.64392e-02
 5.00403e-03  1.65905e-02
 4.87097e-03  1.65184e-02

 5.47760e-03  1.65150e-02
 5.35594e-03  1.63202e-02
 5.48957e-03  1.63913e-02
 5.36118e-03  1.64714e-02
 5.35594e-03  1.63202e-02

 5.95781e-03  1.65150e-02
 5.84380e-03  1.61306e-02
 5.95364e-03  1.62348e-02
 5.80852e-03  1.62778e-02
 5.84380e-03  1.61306e-02

 6.43802e-03  1.65150e-02
 6.33402e-03  1.59553e-02
 6.43237e-03  1.60703e-02
 6.28355e-03  1.60980e-02
 6.33402e-03  1.59553e-02

 6.91823e-03  1.65150e-02
 6.82600e-03  1.57999e-02
 6.91783e-03  1.59202e-02
 6.76771e-03  1.59395e-02
 6.82600e-03  1.57999e-02

 7.39844e-03  1.65150e-02
 7.31913e-03  1.56701e-02
 7.40673e-03  1.57936e-02
 7.25603e-03  1.58077e-02
 7.31913e-03  1.56701e-02

 7.87865e-03  1.65150e-02
 7.81283e-03  1.55723e-02
 7.89746e-03  1.56978e-02
 7.74646e-03  1.57083e-02
 7.81283e-03  1.55723e-02

 8.35885e-03  1.65150e-02
 8.30648e-03  1.55120e-02
 8.38889e-03  1.56390e-02
 8.23773e-03  1.56469e-02
 8.30648e-03  1.55120e-02

 8.83906e-03  1.65150e-02
 8.79968e-03  1.54966e-02
 8.88037e-03  1.56247e-02
 8.72912e-03  1.56305e-02
 8.79968e-03  1.54966e-02

 9.31927e-03  1.65150e-02
 9.29167e-03  1.55314e-02
 9.37100e-03  1.56603e-02
 9.21969e-03  1.56646e-02
 9.29167e-03  1.55314e-02

 9.79948e-03  1.65150e-02
 9.78270e-03  1.56272e-02
 9.86084e-03  1.57568e-02
 9.70950e-03  1.57597e-02
 9.78270e-03  1.56272e-02

 1.02797e-02  1.65150e-02
 1.02708e-02  1.57852e-02
 1.03481e-02  1.59153e-02
 1.01968e-02  1.59171e-02
 1.02708e-02  1.57852e-02

 1.07599e-02  1.65150e-02
 1.07591e-02  1.60755e-02
 1.08350e-02  1.62065e-02
 1.06837e-02  1.62068e-02
 1.07591e-02  1.60755e-02

 4.06719e-03  1.70850e-02
 4.18133e-03  1.74745e-02
 4.07184e-03  1.73700e-02
 4.21709e-03  1.73274e-02
 4.18133e-03  1.74745e-02

 4.54531e-03  1.70850e-02
 4.66584e-03  1.72746e-02
 4.53165e-03  1.72046e-02
 4.65939e-03  1.71234e-02
 4.66584e-03  1.72746e-02

 5.02344e-03  1.70850e-02
 5.14836e-03  1.70733e-02
 5.02489e-03  1.71609e-02
 5.01080e-03  1.70102e-02
 5.14836e-03  1.70733e-02

 5.50156e-03  1.70850e-02
 5.62860e-03  1.68758e-02
 5.62523e-03  1.70272e-02
 5.49586e-03  1.69486e-02
 5.62860e-03  1.68758e-02

 5.97969e-03  1.70850e-02
 6.10627e-03  1.66876e-02
 6.13859e-03  1.68355e-02
 5.99437e-03  1.67896e-02
 6.10627e-03  1.66876e-02

 6.45781e-03  1.70850e-02
 6.58115e-03  1.65142e-02
 6.62744e-03  1.66583e-02
 6.47949e-03  1.66263e-02
 6.58115e-03  1.65142e-02

 6.93594e-03  1.70850e-02
 7.05307e-03  1.63611e-02
 7.10684e-03  1.65025e-02
 6.95742e-03  1.64784e-02
 7.05307e-03  1.63611e-02

 7.41406e-03  1.70850e-02
 7.52209e-03  1.62339e-02
 7.58066e-03  1.63735e-02
 7.43050e-03  1.63545e-02
 7.52209e-03  1.62339e-02

 7.89219e-03  1.70850e-02
 7.98822e-03  1.61388e-02
 8.05028e-03  1.62769e-02
 7.89969e-03  1.62616e-02
 7.98822e-03  1.61388e-02

 8.37031e-03  1.70850e-02
 8.45212e-03  1.60812e-02
 8.51690e-03  1.62180e-02
 8.36604e-03  1.62057e-02
 8.45212e-03  1.60812e-02

 8.84844e-03  1.70850e-02
 8.91383e-03  1.60680e-02
 8.98094e-03  1.62037e-02
 8.82989e-03  1.61940e-02
 8.91383e-03  1.60680e-02

 9.32656e-03  1.70850e-02
 9.37528e-03  1.61044e-02
 9.44437e-03  1.62391e-02
 9.29319e-03  1.62316e-02
 9.37528e-03  1.61044e-02

 9.80469e-03  1.70850e-02
 9.83547e-03  1.62009e-02
 9.90655e-03  1.63345e-02
 9.75527e-03  1.63292e-02
 9.83547e-03  1.62009e-02

 1.02828e-02  1.70850e-02
 1.03001e-02  1.63584e-02
 1.03726e-02  1.64913e-02
 1.02213e-02  1.64877e-02
 1.03001e-02  1.63584e-02

 1.07609e-02  1.70850e-02
 1.07624e-02  1.66472e-02
 1.08377e-02  1.67786e-02
 1.06863e-02  1.67781e-02
 1.07624e-02  1.66472e-02

 4.09740e-03  1.76550e-02
 4.44832e-03  1.80163e-02
 4.30270e-03  1.79750e-02
 4.41128e-03  1.78695e-02
 4.44832e-03  1.80163e-02

 4.57344e-03  1.76550e-02
 4.93867e-03  1.78227e-02
 4.78796e-03  1.78368e-02
 4.85113e-03  1.76993e-02
 4.93867e-03  1.78227e-02

 5.04948e-03  1.76550e-02
 5.42156e-03  1.76283e-02
 5.29622e-03  1.77132e-02
 5.28540e-03  1.75622e-02
 5.42156e-03  1.76283e-02

 5.52552e-03  1.76550e-02
 5.89671e-03  1.74383e-02
 5.82167e-03  1.75697e-02
 5.74535e-03  1.74390e-02
 5.89671e-03  1.74383e-02

 6.00156e-03  1.76550e-02
 6.36402e-03  1.72577e-02
 6.33158e-03  1.74056e-02
 6.21976e-03  1.73036e-02
 6.36402e-03  1.72577e-02

 6.47760e-03  1.76550e-02
 6.82358e-03  1.70920e-02
 6.81943e-03  1.72433e-02
 6.69047e-03  1.71641e-02
 6.82358e-03  1.70920e-02

 6.95365e-03  1.76550e-02
 7.27567e-03  1.69465e-02
 7.29033e-03  1.70971e-02
 7.15253e-03  1.70345e-02
 7.27567e-03  1.69465e-02

 7.42969e-03  1.76550e-02
 7.72101e-03  1.68264e-02
 7.74893e-03  1.69752e-02
 7.60613e-03  1.69250e-02
 7.72101e-03  1.68264e-02

 7.90573e-03  1.76550e-02
 8.16021e-03  1.67373e-02
 8.19811e-03  1.68839e-02
 8.05225e-03  1.68434e-02
 8.16021e-03  1.67373e-02

 8.38177e-03  1.76550e-02
 8.59513e-03  1.66845e-02
 8.64090e-03  1.68288e-02
 8.49306e-03  1.67963e-02
 8.59513e-03  1.66845e-02

 8.85781e-03  1.76550e-02
 9.02619e-03  1.66744e-02
 9.07860e-03  1.68164e-02
 8.92942e-03  1.67908e-02
 9.02619e-03  1.66744e-02

 9.33385e-03  1.76550e-02
 9.45791e-03  1.67115e-02
 9.51586e-03  1.68514e-02
 9.36578e-03  1.68316e-02
 9.45791e-03  1.67115e-02

 9.80990e-03  1.76550e-02
 9.88793e-03  1.68058e-02
 9.95130e-03  1.69432e-02
 9.80057e-03  1.69294e-02
 9.88793e-03  1.68058e-02

 1.02859e-02  1.76550e-02
 1.03293e-02  1.69577e-02
 1.03967e-02  1.70933e-02
 1.02456e-02  1.70839e-02
 1.03293e-02  1.69577e-02

 1.07620e-02  1.76550e-02
 1.07657e-02  1.72346e-02
 1.08402e-02  1.73663e-02
 1.06889e-02  1.73650e-02
 1.07657e-02  1.72346e-02

 4.12760e-03  1.82250e-02
 4.70120e-03  1.85460e-02
 4.54985e-03  1.85480e-02
 4.62376e-03  1.84159e-02
 4.70120e-03  1.85460e-02

 4.60156e-03  1.82250e-02
 5.19614e-03  1.83651e-02
 5.05119e-03  1.84087e-02
 5.08590e-03  1.82613e-02
 5.19614e-03  1.83651e-02

 5.07552e-03  1.82250e-02
 5.67852e-03  1.81839e-02
 5.55288e-03  1.82683e-02
 5.54259e-03  1.81173e-02
 5.67852e-03  1.81839e-02

 5.54948e-03  1.82250e-02
 6.14812e-03  1.80075e-02
 6.05076e-03  1.81234e-02
 5.99907e-03  1.79811e-02
 6.14812e-03  1.80075e-02

 6.02344e-03  1.82250e-02
 6.60502e-03  1.78406e-02
 6.53740e-03  1.79760e-02
 6.45393e-03  1.78497e-02
 6.60502e-03  1.78406e-02

 6.49740e-03  1.82250e-02
 7.04967e-03  1.76881e-02
 7.00844e-03  1.78337e-02
 6.90293e-03  1.77252e-02
 7.04967e-03  1.76881e-02

 6.97135e-03  1.82250e-02
 7.48277e-03  1.75549e-02
 7.46340e-03  1.77050e-02
 7.34308e-03  1.76132e-02
 7.48277e-03  1.75549e-02

 7.44531e-03  1.82250e-02
 7.90571e-03  1.74459e-02
 7.90418e-03  1.75973e-02
 7.77386e-03  1.75203e-02
 7.90571e-03  1.74459e-02

 7.91927e-03  1.82250e-02
 8.31969e-03  1.73661e-02
 8.33290e-03  1.75169e-02
 8.19571e-03  1.74529e-02
 8.31969e-03  1.73661e-02

 8.39323e-03  1.82250e-02
 8.72765e-03  1.73200e-02
 8.75321e-03  1.74692e-02
 8.61122e-03  1.74167e-02
 8.72765e-03  1.73200e-02

 8.86719e-03  1.82250e-02
 9.13038e-03  1.73135e-02
 9.16673e-03  1.74604e-02
 9.02131e-03  1.74184e-02
 9.13038e-03  1.73135e-02

 9.34115e-03  1.82250e-02
 9.53466e-03  1.73506e-02
 9.58023e-03  1.74950e-02
 9.43244e-03  1.74623e-02
 9.53466e-03  1.73506e-02

 9.81510e-03  1.82250e-02
 9.93686e-03  1.74399e-02
 9.99156e-03  1.75811e-02
 9.84198e-03  1.75579e-02
 9.93686e-03  1.74399e-02

 1.02891e-02  1.82250e-02
 1.03566e-02  1.75817e-02
 1.04182e-02  1.77200e-02
 1.02677e-02  1.77042e-02
 1.03566e-02  1.75817e-02

 1.07630e-02  1.82250e-02
 1.07688e-02  1.78369e-02
 1.08425e-02  1.79691e-02
 1.06912e-02  1.79669e-02
 1.07688e-02  1.78369e-02

 4.15781e-03  1.87950e-02
 4.92714e-03  1.90661e-02
 4.77834e-03  1.90939e-02
 4.82866e-03  1.89512e-02
 4.92714e-03  1.90661e-02

 4.62969e-03  1.87950e-02
 5.42474e-03  1.89039e-02
 5.28460e-03  1.89611e-02
 5.30514e-03  1.88111e-02
 5.42474e-03  1.89039e-02

 5.10156e-03  1.87950e-02
 5.90547e-03  1.87421e-02
 5.77964e-03  1.88262e-02
 5.76970e-03  1.86752e-02
 5.90547e-03  1.87421e-02

 5.57344e-03  1.87950e-02
 6.36895e-03  1.85851e-02
 6.26151e-03  1.86917e-02
 6.22289e-03  1.85453e-02
 6.36895e-03  1.85851e-02

 6.04531e-03  1.87950e-02
 6.81562e-03  1.84372e-02
 6.72861e-03  1.85611e-02
 6.66485e-03  1.84238e-02
 6.81562e-03  1.84372e-02

 6.51719e-03  1.87950e-02
 7.24620e-03  1.83029e-02
 7.17990e-03  1.84390e-02
 7.09521e-03  1.83135e-02
 7.24620e-03  1.83029e-02

 6.98906e-03  1.87950e-02
 7.66191e-03  1.81864e-02
 7.61547e-03  1.83304e-02
 7.51392e-03  1.82182e-02
 7.66191e-03  1.81864e-02

 7.46094e-03  1.87950e-02
 8.06473e-03  1.80918e-02
 8.03675e-03  1.82406e-02
 7.92191e-03  1.81420e-02
 8.06473e-03  1.80918e-02

 7.93281e-03  1.87950e-02
 8.45641e-03  1.80236e-02
 8.44541e-03  1.81746e-02
 8.32017e-03  1.80896e-02
 8.45641e-03  1.80236e-02

 8.40469e-03  1.87950e-02
 8.84086e-03  1.79859e-02
 8.84527e-03  1.81372e-02
 8.71203e-03  1.80654e-02
 8.84086e-03  1.79859e-02

 8.87656e-03  1.87950e-02
 9.21920e-03  1.79834e-02
 9.23794e-03  1.81336e-02
 9.09849e-03  1.80748e-02
 9.21920e-03  1.79834e-02

 9.34844e-03  1.87950e-02
 9.60003e-03  1.80197e-02
 9.63156e-03  1.81677e-02
 9.48758e-03  1.81210e-02
 9.60003e-03  1.80197e-02

 9.82031e-03  1.87950e-02
 9.97868e-03  1.81016e-02
 1.00233e-02  1.82462e-02
 9.87571e-03  1.82125e-02
 9.97868e-03  1.81016e-02

 1.02922e-02  1.87950e-02
 1.03801e-02  1.82291e-02
 1.04348e-02  1.83703e-02
 1.02852e-02  1.83470e-02
 1.03801e-02  1.82291e-02

 1.07641e-02  1.87950e-02
 1.07716e-02  1.84535e-02
 1.08444e-02  1.85862e-02
 1.06931e-02  1.85829e-02
 1.07716e-02  1.84535e-02

 4.18802e-03  1.93650e-02
 5.11310e-03  1.95797e-02
 4.96829e-03  1.96238e-02
 5.00252e-03  1.94764e-02
 5.11310e-03  1.95797e-02

 4.65781e-03  1.93650e-02
 5.61105e-03  1.94409e-02
 5.47436e-03  1.95060e-02
 5.48638e-03  1.93551e-02
 5.61105e-03  1.94409e-02

 5.12760e-03  1.93650e-02
 6.08841e-03  1.93030e-02
 5.96246e-03  1.93870e-02
 5.95272e-03  1.92359e-02
 6.08841e-03  1.93030e-02

 5.59740e-03  1.93650e-02
 6.54518e-03  1.91699e-02
 6.43205e-03  1.92704e-02
 6.40152e-03  1.91222e-02
 6.54518e-03  1.91699e-02

 6.06719e-03  1.93650e-02
 6.98197e-03  1.90452e-02
 6.88321e-03  1.91599e-02
 6.83325e-03  1.90170e-02
 6.98197e-03  1.90452e-02

 6.53698e-03  1.93650e-02
 7.39992e-03  1.89326e-02
 7.31663e-03  1.90590e-02
 7.24882e-03  1.89237e-02
 7.39992e-03  1.89326e-02

 7.00677e-03  1.93650e-02
 7.80054e-03  1.88357e-02
 7.73346e-03  1.89714e-02
 7.64949e-03  1.88455e-02
 7.80054e-03  1.88357e-02

 7.47656e-03  1.93650e-02
 8.18645e-03  1.87580e-02
 8.13600e-03  1.89007e-02
 8.03763e-03  1.87857e-02
 8.18645e-03  1.87580e-02

 7.94635e-03  1.93650e-02
 8.55994e-03  1.87031e-02
 8.52633e-03  1.88507e-02
 8.41532e-03  1.87478e-02
 8.55994e-03  1.87031e-02

 8.41615e-03  1.93650e-02
 8.92566e-03  1.86744e-02
 8.90874e-03  1.88248e-02
 8.78694e-03  1.87349e-02
 8.92566e-03  1.86744e-02

 8.88594e-03  1.93650e-02
 9.28510e-03  1.86757e-02
 9.28490e-03  1.88271e-02
 9.15391e-03  1.87512e-02
 9.28510e-03  1.86757e-02

 9.35573e-03  1.93650e-02
 9.64809e-03  1.87102e-02
 9.66376e-03  1.88607e-02
 9.52554e-03  1.87990e-02
 9.64809e-03  1.87102e-02

 9.82552e-03  1.93650e-02
 1.00093e-02  1.87824e-02
 1.00421e-02  1.89302e-02
 9.89772e-03  1.88847e-02
 1.00093e-02  1.87824e-02

 1.02953e-02  1.93650e-02
 1.03972e-02  1.88927e-02
 1.04435e-02  1.90368e-02
 1.02955e-02  1.90049e-02
 1.03972e-02  1.88927e-02

 1.07651e-02  1.93650e-02
 1.07739e-02  1.90799e-02
 1.08455e-02  1.92133e-02
 1.06942e-02  1.92086e-02
 1.07739e-02  1.90799e-02

 4.21823e-03  1.99350e-02
 5.24245e-03  2.00919e-02
 5.10142e-03  2.01468e-02
 5.12433e-03  1.99972e-02
 5.24245e-03  2.00919e-02

 4.68594e-03  1.99350e-02
 5.73786e-03  1.99808e-02
 5.60360e-03  2.00507e-02
 5.61019e-03  1.98995e-02
 5.73786e-03  1.99808e-02

 5.15365e-03  1.99350e-02
 6.21041e-03  1.98711e-02
 6.08414e-03  1.99545e-02
 6.07500e-03  1.98034e-02
 6.21041e-03  1.98711e-02

 5.62135e-03  1.99350e-02
 6.66026e-03  1.97656e-02
 6.54306e-03  1.98614e-02
 6.51870e-03  1.97120e-02
 6.66026e-03  1.97656e-02

 6.08906e-03  1.99350e-02
 7.08824e-03  1.96675e-02
 6.98118e-03  1.97745e-02
 6.94203e-03  1.96283e-02
 7.08824e-03  1.96675e-02

 6.55677e-03  1.99350e-02
 7.49585e-03  1.95795e-02
 7.40005e-03  1.96967e-02
 7.34646e-03  1.95551e-02
 7.49585e-03  1.95795e-02

 7.02448e-03  1.99350e-02
 7.88508e-03  1.95044e-02
 7.80171e-03  1.96307e-02
 7.73398e-03  1.94954e-02
 7.88508e-03  1.95044e-02

 7.49219e-03  1.99350e-02
 8.25886e-03  1.94450e-02
 8.18917e-03  1.95793e-02
 8.10765e-03  1.94518e-02
 8.25886e-03  1.94450e-02

 7.95990e-03  1.99350e-02
 8.61989e-03  1.94040e-02
 8.56520e-03  1.95451e-02
 8.47031e-03  1.94272e-02
 8.61989e-03  1.94040e-02

 8.42760e-03  1.99350e-02
 8.97339e-03  1.93842e-02
 8.93488e-03  1.95306e-02
 8.82736e-03  1.94240e-02
 8.97339e-03  1.93842e-02

 8.89531e-03  1.99350e-02
 9.32118e-03  1.93886e-02
 9.30029e-03  1.95385e-02
 9.18090e-03  1.94454e-02
 9.32118e-03  1.93886e-02

 9.36302e-03  1.99350e-02
 9.67370e-03  1.94197e-02
 9.67084e-03  1.95710e-02
 9.54120e-03  1.94929e-02
 9.67370e-03  1.94197e-02

 9.83073e-03  1.99350e-02
 1.00255e-02  1.94802e-02
 1.00435e-02  1.96305e-02
 9.90434e-03  1.95709e-02
 1.00255e-02  1.94802e-02

 1.02984e-02  1.99350e-02
 1.04061e-02  1.95705e-02
 1.04415e-02  1.97177e-02
 1.02964e-02  1.96748e-02
 1.04061e-02  1.95705e-02

 1.07661e-02  1.99350e-02
 1.07754e-02  1.97151e-02
 1.08455e-02  1.98492e-02
 1.06943e-02  1.98429e-02
 1.07754e-02  1.97151e-02

 4.24844e-03  2.05050e-02
 5.30142e-03  2.06057e-02
 5.16372e-03  2.06686e-02
 5.17813e-03  2.05179e-02
 5.30142e-03  2.06057e-02

 4.71406e-03  2.05050e-02
 5.79127e-03  2.05234e-02
 5.65890e-03  2.05968e-02
 5.66149e-03  2.04455e-02
 5.79127e-03  2.05234e-02

 5.17969e-03  2.05050e-02
 6.25757e-03  2.04425e-02
 6.13108e-03  2.05257e-02
 6.12232e-03  2.03745e-02
 6.25757e-03  2.04425e-02

 5.64531e-03  2.05050e-02
 6.70072e-03  2.03653e-02
 6.58069e-03  2.04576e-02
 6.56083e-03  2.03075e-02
 6.70072e-03  2.03653e-02

 6.11094e-03  2.05050e-02
 7.12169e-03  2.02940e-02
 7.00884e-03  2.03948e-02
 6.97790e-03  2.02467e-02
 7.12169e-03  2.02940e-02

 6.57656e-03  2.05050e-02
 7.52223e-03  2.02305e-02
 7.41743e-03  2.03397e-02
 7.37524e-03  2.01944e-02
 7.52223e-03  2.02305e-02

 7.04219e-03  2.05050e-02
 7.90468e-03  2.01769e-02
 7.80906e-03  2.02943e-02
 7.75525e-03  2.01528e-02
 7.90468e-03  2.01769e-02

 7.50781e-03  2.05050e-02
 8.27222e-03  2.01352e-02
 8.18718e-03  2.02604e-02
 8.12125e-03  2.01241e-02
 8.27222e-03  2.01352e-02

 7.97344e-03  2.05050e-02
 8.62778e-03  2.01073e-02
 8.55508e-03  2.02400e-02
 8.47645e-03  2.01107e-02
 8.62778e-03  2.01073e-02

 8.43906e-03  2.05050e-02
 8.97674e-03  2.00953e-02
 8.91834e-03  2.02350e-02
 8.82660e-03  2.01146e-02
 8.97674e-03  2.00953e-02

 8.90469e-03  2.05050e-02
 9.32126e-03  2.01014e-02
 9.27978e-03  2.02470e-02
 9.17445e-03  2.01382e-02
 9.32126e-03  2.01014e-02

 9.37031e-03  2.05050e-02
 9.67180e-03  2.01276e-02
 9.64910e-03  2.02773e-02
 9.53084e-03  2.01828e-02
 9.67180e-03  2.01276e-02

 9.83594e-03  2.05050e-02
 1.00234e-02  2.01751e-02
 1.00245e-02  2.03265e-02
 9.89286e-03  2.02517e-02
 1.00234e-02  2.01751e-02

 1.03016e-02  2.05050e-02
 1.04043e-02  2.02446e-02
 1.04266e-02  2.03943e-02
 1.02858e-02  2.03387e-02
 1.04043e-02  2.02446e-02

 1.07672e-02  2.05050e-02
 1.07760e-02  2.03476e-02
 1.08442e-02  2.04827e-02
 1.06931e-02  2.04742e-02
 1.07760e-02  2.03476e-02

 4.27865e-03  2.10750e-02
 5.26632e-03  2.11294e-02
 5.13126e-03  2.11978e-02
 5.13959e-03  2.10466e-02
 5.26632e-03  2.11294e-02

 4.74219e-03  2.10750e-02
 5.74840e-03  2.10779e-02
 5.61709e-03  2.11532e-02
 5.61753e-03  2.10019e-02
 5.74840e-03  2.10779e-02

 5.20573e-03  2.10750e-02
 6.20831e-03  2.10276e-02
 6.08094e-03  2.11094e-02
 6.07379e-03  2.09582e-02
 6.20831e-03  2.10276e-02

 5.66927e-03  2.10750e-02
 6.64665e-03  2.09799e-02
 6.52350e-03  2.10679e-02
 6.50885e-03  2.09173e-02
 6.64665e-03  2.09799e-02

 6.13281e-03  2.10750e-02
 7.06463e-03  2.09361e-02
 6.94613e-03  2.10303e-02
 6.92381e-03  2.08806e-02
 7.06463e-03  2.09361e-02

 6.59635e-03  2.10750e-02
 7.46407e-03  2.08974e-02
 7.35081e-03  2.09979e-02
 7.32047e-03  2.08496e-02
 7.46407e-03  2.08974e-02

 7.05990e-03  2.10750e-02
 7.84716e-03  2.08651e-02
 7.73999e-03  2.09720e-02
 7.70099e-03  2.08257e-02
 7.84716e-03  2.08651e-02

 7.52344e-03  2.10750e-02
 8.21715e-03  2.08403e-02
 8.11724e-03  2.09540e-02
 8.06872e-03  2.08106e-02
 8.21715e-03  2.08403e-02

 7.98698e-03  2.10750e-02
 8.57692e-03  2.08242e-02
 8.48589e-03  2.09451e-02
 8.42667e-03  2.08058e-02
 8.57692e-03  2.08242e-02

 8.45052e-03  2.10750e-02
 8.93158e-03  2.08183e-02
 8.85155e-03  2.09468e-02
 8.78030e-03  2.08133e-02
 8.93158e-03  2.08183e-02

 8.91406e-03  2.10750e-02
 9.28338e-03  2.08239e-02
 9.21753e-03  2.09602e-02
 9.13242e-03  2.08350e-02
 9.28338e-03  2.08239e-02

 9.37760e-03  2.10750e-02
 9.64204e-03  2.08428e-02
 9.59348e-03  2.09862e-02
 9.49360e-03  2.08724e-02
 9.64204e-03  2.08428e-02

 9.84115e-03  2.10750e-02
 1.00036e-02  2.08749e-02
 9.97976e-03  2.10243e-02
 9.86224e-03  2.09289e-02
 1.00036e-02  2.08749e-02

 1.03047e-02  2.10750e-02
 1.03929e-02  2.09216e-02
 1.03931e-02  2.10730e-02
 1.02619e-02  2.09975e-02
 1.03929e-02  2.09216e-02

 1.07682e-02  2.10750e-02
 1.07759e-02  2.09819e-02
 1.08406e-02  2.11187e-02
 1.06897e-02  2.11064e-02
 1.07759e-02  2.09819e-02

 4.30885e-03  2.16450e-02
 5.13100e-03  2.16610e-02
 4.99847e-03  2.17341e-02
 5.00142e-03  2.15828e-02
 5.13100e-03  2.16610e-02

 4.77031e-03  2.16450e-02
 5.60359e-03  2.16334e-02
 5.47357e-03  2.17109e-02
 5.47146e-03  2.15595e-02
 5.60359e-03  2.16334e-02

 5.23177e-03  2.16450e-02
 6.05778e-03  2.16066e-02
 5.93035e-03  2.16883e-02
 5.92332e-03  2.15370e-02
 6.05778e-03  2.16066e-02

 5.69323e-03  2.16450e-02
 6.49419e-03  2.15814e-02
 6.36951e-03  2.16672e-02
 6.35752e-03  2.15163e-02
 6.49419e-03  2.15814e-02

 6.15469e-03  2.16450e-02
 6.91402e-03  2.15584e-02
 6.79235e-03  2.16485e-02
 6.77520e-03  2.14981e-02
 6.91402e-03  2.15584e-02

 6.61615e-03  2.16450e-02
 7.31887e-03  2.15384e-02
 7.20062e-03  2.16329e-02
 7.17792e-03  2.14832e-02
 7.31887e-03  2.15384e-02

 7.07760e-03  2.16450e-02
 7.71081e-03  2.15219e-02
 7.59658e-03  2.16212e-02
 7.56769e-03  2.14726e-02
 7.71081e-03  2.15219e-02

 7.53906e-03  2.16450e-02
 8.09254e-03  2.15095e-02
 7.98321e-03  2.16142e-02
 7.94722e-03  2.14672e-02
 8.09254e-03  2.15095e-02

 8.00052e-03  2.16450e-02
 8.46653e-03  2.15019e-02
 8.36344e-03  2.16127e-02
 8.31900e-03  2.14680e-02
 8.46653e-03  2.15019e-02

 8.46198e-03  2.16450e-02
 8.83719e-03  2.14998e-02
 8.74225e-03  2.16177e-02
 8.68762e-03  2.14765e-02
 8.83719e-03  2.14998e-02

 8.92344e-03  2.16450e-02
 9.20653e-03  2.15039e-02
 9.12297e-03  2.16301e-02
 9.05545e-03  2.14946e-02
 9.20653e-03  2.15039e-02

 9.38490e-03  2.16450e-02
 9.58296e-03  2.15154e-02
 9.51472e-03  2.16505e-02
 9.43183e-03  2.15238e-02
 9.58296e-03  2.15154e-02

 9.84635e-03  2.16450e-02
 9.96390e-03  2.15336e-02
 9.92084e-03  2.16787e-02
 9.81670e-03  2.15688e-02
 9.96390e-03  2.15336e-02

 1.03078e-02  2.16450e-02
 1.03695e-02  2.15604e-02
 1.03534e-02  2.17109e-02
 1.02311e-02  2.16218e-02
 1.03695e-02  2.15604e-02

 1.07693e-02  2.16450e-02
 1.07744e-02  2.15923e-02
 1.08370e-02  2.17301e-02
 1.06863e-02  2.17154e-02
 1.07744e-02  2.15923e-02

 4.33906e-03  2.22150e-02
 4.81002e-03  2.22160e-02
 4.67876e-03  2.22914e-02
 4.67910e-03  2.21401e-02
 4.81002e-03  2.22160e-02

 4.79844e-03  2.22150e-02
 5.27391e-03  2.22137e-02
 5.14303e-03  2.22897e-02
 5.14262e-03  2.21384e-02
 5.27391e-03  2.22137e-02

 5.25781e-03  2.22150e-02
 5.72731e-03  2.22114e-02
 5.59681e-03  2.22881e-02
 5.59566e-03  2.21367e-02
 5.72731e-03  2.22114e-02

 5.71719e-03  2.22150e-02
 6.17074e-03  2.22093e-02
 6.04061e-03  2.22866e-02
 6.03871e-03  2.21353e-02
 6.17074e-03  2.22093e-02

 6.17656e-03  2.22150e-02
 6.60493e-03  2.22074e-02
 6.47521e-03  2.22854e-02
 6.47252e-03  2.21340e-02
 6.60493e-03  2.22074e-02

 6.63594e-03  2.22150e-02
 7.03092e-03  2.22057e-02
 6.90165e-03  2.22844e-02
 6.89809e-03  2.21331e-02
 7.03092e-03  2.22057e-02

 7.09531e-03  2.22150e-02
 7.44990e-03  2.22043e-02
 7.32115e-03  2.22839e-02
 7.31659e-03  2.21326e-02
 7.44990e-03  2.22043e-02

 7.55469e-03  2.22150e-02
 7.86345e-03  2.22033e-02
 7.73532e-03  2.22839e-02
 7.72958e-03  2.21326e-02
 7.86345e-03  2.22033e-02

 8.01406e-03  2.22150e-02
 8.27301e-03  2.22027e-02
 8.14567e-03  2.22845e-02
 8.13846e-03  2.21333e-02
 8.27301e-03  2.22027e-02

 8.47344e-03  2.22150e-02
 8.68109e-03  2.22025e-02
 8.55478e-03  2.22859e-02
 8.54569e-03  2.21348e-02
 8.68109e-03  2.22025e-02

 8.93281e-03  2.22150e-02
 9.08883e-03  2.22029e-02
 8.96400e-03  2.22885e-02
 8.95226e-03  2.21376e-02
 9.08883e-03  2.22029e-02

 9.39219e-03  2.22150e-02
 9.50094e-03  2.22039e-02
 9.37824e-03  2.22925e-02
 9.36284e-03  2.21419e-02
 9.50094e-03  2.22039e-02

 9.85156e-03  2.22150e-02
 9.91600e-03  2.22054e-02
 9.79750e-03  2.22996e-02
 9.77518e-03  2.21499e-02
 9.91600e-03  2.22054e-02

 1.03109e-02  2.22150e-02
 1.03449e-02  2.22078e-02
 1.02323e-02  2.23090e-02
 1.02010e-02  2.21609e-02
 1.03449e-02  2.22078e-02

 1.07703e-02  2.22150e-02
 1.07736e-02  2.22097e-02
 1.07686e-02  2.23610e-02
 1.06401e-02  2.22810e-02
 1.07736e-02  2.22097e-02

