#[ Fluid velocity 2D plot data file: flw.dat ]
 1.95313e-04  1.13850e-02
 1.95313e-04  1.13850e-02
 1.17929e-04  1.12549e-02
 2.69283e-04  1.12529e-02
 1.95313e-04  1.13850e-02

 5.85937e-04  1.13850e-02
 5.85938e-04  1.13850e-02
 4.97252e-04  1.12623e-02
 6.47826e-04  1.12469e-02
 5.85938e-04  1.13850e-02

 9.76562e-04  1.13850e-02
 9.76563e-04  1.13850e-02
 8.76146e-04  1.12717e-02
 1.02444e-03  1.12414e-02
 9.76563e-04  1.13850e-02

 1.36719e-03  1.13850e-02
 1.36719e-03  1.13850e-02
 1.25124e-03  1.12877e-02
 1.39348e-03  1.12359e-02
 1.36719e-03  1.13850e-02

 1.75781e-03  1.13850e-02
 1.75781e-03  1.13850e-02
 1.62659e-03  1.13095e-02
 1.75755e-03  1.12336e-02
 1.75781e-03  1.13850e-02

 2.14844e-03  1.13850e-02
 2.14844e-03  1.13850e-02
 2.00815e-03  1.13282e-02
 2.12751e-03  1.12351e-02
 2.14844e-03  1.13850e-02

 2.53906e-03  1.13850e-02
 2.53906e-03  1.13850e-02
 2.40250e-03  1.13197e-02
 2.52733e-03  1.12341e-02
 2.53906e-03  1.13850e-02

 2.92969e-03  1.13850e-02
 2.92969e-03  1.13850e-02
 2.83947e-03  1.12635e-02
 2.98984e-03  1.12461e-02
 2.92969e-03  1.13850e-02

 3.32031e-03  1.13850e-02
 3.32031e-03  1.13850e-02
 3.35217e-03  1.12370e-02
 3.46439e-03  1.13386e-02
 3.32031e-03  1.13850e-02

 1.97049e-04  1.19550e-02
 1.97049e-04  1.19550e-02
 1.21345e-04  1.18239e-02
 2.72712e-04  1.18239e-02
 1.97049e-04  1.19550e-02

 5.91146e-04  1.19550e-02
 5.91146e-04  1.19550e-02
 5.15209e-04  1.18241e-02
 6.66575e-04  1.18238e-02
 5.91146e-04  1.19550e-02

 9.85243e-04  1.19550e-02
 9.85243e-04  1.19550e-02
 9.09132e-04  1.18242e-02
 1.06050e-03  1.18237e-02
 9.85243e-04  1.19550e-02

 1.37934e-03  1.19550e-02
 1.37934e-03  1.19550e-02
 1.30303e-03  1.18243e-02
 1.45440e-03  1.18236e-02
 1.37934e-03  1.19550e-02

 1.77344e-03  1.19550e-02
 1.77344e-03  1.19550e-02
 1.69699e-03  1.18244e-02
 1.84835e-03  1.18235e-02
 1.77344e-03  1.19550e-02

 2.16753e-03  1.19550e-02
 2.16753e-03  1.19550e-02
 2.09105e-03  1.18244e-02
 2.24242e-03  1.18235e-02
 2.16753e-03  1.19550e-02

 2.56163e-03  1.19550e-02
 2.56163e-03  1.19550e-02
 2.48540e-03  1.18242e-02
 2.63676e-03  1.18236e-02
 2.56163e-03  1.19550e-02

 2.95573e-03  1.19550e-02
 2.95573e-03  1.19550e-02
 2.87983e-03  1.18240e-02
 3.03119e-03  1.18238e-02
 2.95573e-03  1.19550e-02

 3.34983e-03  1.19550e-02
 3.34983e-03  1.19550e-02
 3.27581e-03  1.18230e-02
 3.42716e-03  1.18249e-02
 3.34983e-03  1.19550e-02

 1.98785e-04  1.25250e-02
 1.98785e-04  1.25250e-02
 2.76437e-04  1.26549e-02
 1.25087e-04  1.26572e-02
 1.98785e-04  1.25250e-02

 5.96354e-04  1.25250e-02
 5.96354e-04  1.25250e-02
 6.87018e-04  1.26462e-02
 5.36715e-04  1.26641e-02
 5.96354e-04  1.25250e-02

 9.93924e-04  1.25250e-02
 9.93924e-04  1.25250e-02
 1.09932e-03  1.26336e-02
 9.52527e-04  1.26706e-02
 9.93924e-04  1.25250e-02

 1.39149e-03  1.25250e-02
 1.39149e-03  1.25250e-02
 1.51680e-03  1.26099e-02
 1.38060e-03  1.26760e-02
 1.39149e-03  1.25250e-02

 1.78906e-03  1.25250e-02
 1.78906e-03  1.25250e-02
 1.93345e-03  1.25704e-02
 1.82191e-03  1.26728e-02
 1.78906e-03  1.25250e-02

 2.18663e-03  1.25250e-02
 2.18663e-03  1.25250e-02
 2.33757e-03  1.25136e-02
 2.27200e-03  1.26500e-02
 2.18663e-03  1.25250e-02

 2.58420e-03  1.25250e-02
 2.58420e-03  1.25250e-02
 2.70002e-03  1.24275e-02
 2.72651e-03  1.25766e-02
 2.58420e-03  1.25250e-02

 2.98177e-03  1.25250e-02
 2.98177e-03  1.25250e-02
 2.94334e-03  1.23786e-02
 3.08935e-03  1.24185e-02
 2.98177e-03  1.25250e-02

 3.37934e-03  1.25250e-02
 3.37934e-03  1.25250e-02
 3.23356e-03  1.24843e-02
 3.34173e-03  1.23784e-02
 3.37934e-03  1.25250e-02

 2.00521e-04  1.30950e-02
 2.00521e-04  1.30950e-02
 2.78425e-04  1.32248e-02
 1.27080e-04  1.32274e-02
 2.00521e-04  1.30950e-02

 6.01563e-04  1.30950e-02
 6.01562e-04  1.30950e-02
 7.04672e-04  1.32058e-02
 5.57147e-04  1.32397e-02
 6.01562e-04  1.30950e-02

 1.00260e-03  1.30950e-02
 1.00260e-03  1.30950e-02
 1.12838e-03  1.31792e-02
 9.92560e-04  1.32460e-02
 1.00260e-03  1.30950e-02

 1.40365e-03  1.30950e-02
 1.40365e-03  1.30950e-02
 1.55274e-03  1.31211e-02
 1.45555e-03  1.32372e-02
 1.40365e-03  1.30950e-02

 1.80469e-03  1.30950e-02
 1.80469e-03  1.30950e-02
 1.93889e-03  1.30250e-02
 1.93242e-03  1.31762e-02
 1.80469e-03  1.30950e-02

 2.20573e-03  1.30950e-02
 2.20573e-03  1.30950e-02
 2.26898e-03  1.29575e-02
 2.35645e-03  1.30810e-02
 2.20573e-03  1.30950e-02

 2.60677e-03  1.30950e-02
 2.60677e-03  1.30950e-02
 2.59336e-03  1.29442e-02
 2.73064e-03  1.30080e-02
 2.60677e-03  1.30950e-02

 3.00781e-03  1.30950e-02
 3.00781e-03  1.30950e-02
 2.92910e-03  1.29657e-02
 3.08043e-03  1.29622e-02
 3.00781e-03  1.30950e-02

 3.40885e-03  1.30950e-02
 3.40885e-03  1.30950e-02
 3.26412e-03  1.30507e-02
 3.37487e-03  1.29475e-02
 3.40885e-03  1.30950e-02

 2.02257e-04  1.36650e-02
 2.02257e-04  1.36650e-02
 2.78188e-04  1.37959e-02
 1.26821e-04  1.37962e-02
 2.02257e-04  1.36650e-02

 6.06771e-04  1.36650e-02
 6.06771e-04  1.36650e-02
 6.84926e-04  1.37946e-02
 5.33586e-04  1.37975e-02
 6.06771e-04  1.36650e-02

 1.01128e-03  1.36650e-02
 1.01128e-03  1.36650e-02
 1.09134e-03  1.37935e-02
 9.40057e-04  1.37986e-02
 1.01128e-03  1.36650e-02

 1.41580e-03  1.36650e-02
 1.41580e-03  1.36650e-02
 1.49833e-03  1.37919e-02
 1.34717e-03  1.37999e-02
 1.41580e-03  1.36650e-02

 1.82031e-03  1.36650e-02
 1.82031e-03  1.36650e-02
 1.90535e-03  1.37902e-02
 1.75439e-03  1.38013e-02
 1.82031e-03  1.36650e-02

 2.22483e-03  1.36650e-02
 2.22483e-03  1.36650e-02
 2.31110e-03  1.37894e-02
 2.16025e-03  1.38019e-02
 2.22483e-03  1.36650e-02

 2.62934e-03  1.36650e-02
 2.62934e-03  1.36650e-02
 2.71134e-03  1.37922e-02
 2.56015e-03  1.37996e-02
 2.62934e-03  1.36650e-02

 3.03385e-03  1.36650e-02
 3.03385e-03  1.36650e-02
 3.09846e-03  1.38019e-02
 2.94761e-03  1.37894e-02
 3.03385e-03  1.36650e-02

 3.43837e-03  1.36650e-02
 3.43837e-03  1.36650e-02
 3.46773e-03  1.38135e-02
 3.32445e-03  1.37647e-02
 3.43837e-03  1.36650e-02

 2.03993e-04  1.42350e-02
 2.03993e-04  1.42350e-02
 2.79774e-04  1.43660e-02
 1.28407e-04  1.43661e-02
 2.03993e-04  1.42350e-02

 6.11979e-04  1.42350e-02
 6.11979e-04  1.42350e-02
 6.88692e-04  1.43655e-02
 5.37330e-04  1.43667e-02
 6.11979e-04  1.42350e-02

 1.01997e-03  1.42350e-02
 1.01997e-03  1.42350e-02
 1.09734e-03  1.43651e-02
 9.45982e-04  1.43671e-02
 1.01997e-03  1.42350e-02

 1.42795e-03  1.42350e-02
 1.42795e-03  1.42350e-02
 1.50602e-03  1.43647e-02
 1.35468e-03  1.43675e-02
 1.42795e-03  1.42350e-02

 1.83594e-03  1.42350e-02
 1.83594e-03  1.42350e-02
 1.91441e-03  1.43644e-02
 1.76308e-03  1.43677e-02
 1.83594e-03  1.42350e-02

 2.24392e-03  1.42350e-02
 2.24392e-03  1.42350e-02
 2.32195e-03  1.43647e-02
 2.17061e-03  1.43674e-02
 2.24392e-03  1.42350e-02

 2.65191e-03  1.42350e-02
 2.65191e-03  1.42350e-02
 2.72757e-03  1.43661e-02
 2.57621e-03  1.43661e-02
 2.65191e-03  1.42350e-02

 3.05990e-03  1.42350e-02
 3.05990e-03  1.42350e-02
 3.13047e-03  1.43689e-02
 2.97921e-03  1.43631e-02
 3.05990e-03  1.42350e-02

 3.46788e-03  1.42350e-02
 3.46788e-03  1.42350e-02
 3.53073e-03  1.43727e-02
 3.38005e-03  1.43583e-02
 3.46788e-03  1.42350e-02

 2.05729e-04  1.48050e-02
 2.05729e-04  1.48050e-02
 2.81457e-04  1.49361e-02
 1.30090e-04  1.49361e-02
 2.05729e-04  1.48050e-02

 6.17187e-04  1.48050e-02
 6.17187e-04  1.48050e-02
 6.93324e-04  1.49358e-02
 5.41958e-04  1.49363e-02
 6.17187e-04  1.48050e-02

 1.02865e-03  1.48050e-02
 1.02865e-03  1.48050e-02
 1.10503e-03  1.49357e-02
 9.53663e-04  1.49365e-02
 1.02865e-03  1.48050e-02

 1.44010e-03  1.48050e-02
 1.44010e-03  1.48050e-02
 1.51669e-03  1.49356e-02
 1.36533e-03  1.49366e-02
 1.44010e-03  1.48050e-02

 1.85156e-03  1.48050e-02
 1.85156e-03  1.48050e-02
 1.92816e-03  1.49356e-02
 1.77680e-03  1.49366e-02
 1.85156e-03  1.48050e-02

 2.26302e-03  1.48050e-02
 2.26302e-03  1.48050e-02
 2.33923e-03  1.49358e-02
 2.18787e-03  1.49364e-02
 2.26302e-03  1.48050e-02

 2.67448e-03  1.48050e-02
 2.67448e-03  1.48050e-02
 2.74963e-03  1.49364e-02
 2.59827e-03  1.49358e-02
 2.67448e-03  1.48050e-02

 3.08594e-03  1.48050e-02
 3.08594e-03  1.48050e-02
 3.15928e-03  1.49374e-02
 3.00794e-03  1.49347e-02
 3.08594e-03  1.48050e-02

 3.49740e-03  1.48050e-02
 3.49740e-03  1.48050e-02
 3.56852e-03  1.49386e-02
 3.41724e-03  1.49334e-02
 3.49740e-03  1.48050e-02

 2.07465e-04  1.53750e-02
 2.07465e-04  1.53750e-02
 2.83168e-04  1.55061e-02
 1.31801e-04  1.55061e-02
 2.07465e-04  1.53750e-02

 6.22396e-04  1.53750e-02
 6.22396e-04  1.53750e-02
 6.98280e-04  1.55060e-02
 5.46913e-04  1.55062e-02
 6.22396e-04  1.53750e-02

 1.03733e-03  1.53750e-02
 1.03733e-03  1.53750e-02
 1.11330e-03  1.55059e-02
 9.61935e-04  1.55063e-02
 1.03733e-03  1.53750e-02

 1.45226e-03  1.53750e-02
 1.45226e-03  1.53750e-02
 1.52829e-03  1.55059e-02
 1.37692e-03  1.55063e-02
 1.45226e-03  1.53750e-02

 1.86719e-03  1.53750e-02
 1.86719e-03  1.53750e-02
 1.94317e-03  1.55059e-02
 1.79180e-03  1.55063e-02
 1.86719e-03  1.53750e-02

 2.28212e-03  1.53750e-02
 2.28212e-03  1.53750e-02
 2.35787e-03  1.55060e-02
 2.20651e-03  1.55061e-02
 2.28212e-03  1.53750e-02

 2.69705e-03  1.53750e-02
 2.69705e-03  1.53750e-02
 2.77234e-03  1.55063e-02
 2.62097e-03  1.55059e-02
 2.69705e-03  1.53750e-02

 3.11198e-03  1.53750e-02
 3.11198e-03  1.53750e-02
 3.18658e-03  1.55067e-02
 3.03522e-03  1.55055e-02
 3.11198e-03  1.53750e-02

 3.52691e-03  1.53750e-02
 3.52691e-03  1.53750e-02
 3.60080e-03  1.55071e-02
 3.44945e-03  1.55050e-02
 3.52691e-03  1.53750e-02

 2.09201e-04  1.59450e-02
 2.09201e-04  1.59450e-02
 2.84894e-04  1.60761e-02
 1.33527e-04  1.60761e-02
 2.09201e-04  1.59450e-02

 6.27604e-04  1.59450e-02
 6.27604e-04  1.59450e-02
 7.03377e-04  1.60760e-02
 5.52010e-04  1.60761e-02
 6.27604e-04  1.59450e-02

 1.04601e-03  1.59450e-02
 1.04601e-03  1.59450e-02
 1.12181e-03  1.60760e-02
 9.70447e-04  1.60762e-02
 1.04601e-03  1.59450e-02

 1.46441e-03  1.59450e-02
 1.46441e-03  1.59450e-02
 1.54023e-03  1.60760e-02
 1.38886e-03  1.60762e-02
 1.46441e-03  1.59450e-02

 1.88281e-03  1.59450e-02
 1.88281e-03  1.59450e-02
 1.95859e-03  1.60760e-02
 1.80722e-03  1.60761e-02
 1.88281e-03  1.59450e-02

 2.30122e-03  1.59450e-02
 2.30122e-03  1.59450e-02
 2.37688e-03  1.60761e-02
 2.22551e-03  1.60761e-02
 2.30122e-03  1.59450e-02

 2.71962e-03  1.59450e-02
 2.71962e-03  1.59450e-02
 2.79508e-03  1.60762e-02
 2.64371e-03  1.60760e-02
 2.71962e-03  1.59450e-02

 3.13802e-03  1.59450e-02
 3.13802e-03  1.59450e-02
 3.21321e-03  1.60764e-02
 3.06184e-03  1.60758e-02
 3.13802e-03  1.59450e-02

 3.55642e-03  1.59450e-02
 3.55642e-03  1.59450e-02
 3.63137e-03  1.60765e-02
 3.48000e-03  1.60757e-02
 3.55642e-03  1.59450e-02

 2.10937e-04  1.65150e-02
 2.10937e-04  1.65150e-02
 2.86625e-04  1.66461e-02
 1.35258e-04  1.66461e-02
 2.10937e-04  1.65150e-02

 6.32812e-04  1.65150e-02
 6.32812e-04  1.65150e-02
 7.08535e-04  1.66461e-02
 5.57168e-04  1.66461e-02
 6.32812e-04  1.65150e-02

 1.05469e-03  1.65150e-02
 1.05469e-03  1.65150e-02
 1.13042e-03  1.66461e-02
 9.79055e-04  1.66461e-02
 1.05469e-03  1.65150e-02

 1.47656e-03  1.65150e-02
 1.47656e-03  1.65150e-02
 1.55230e-03  1.66461e-02
 1.40093e-03  1.66461e-02
 1.47656e-03  1.65150e-02

 1.89844e-03  1.65150e-02
 1.89844e-03  1.65150e-02
 1.97415e-03  1.66461e-02
 1.82278e-03  1.66461e-02
 1.89844e-03  1.65150e-02

 2.32031e-03  1.65150e-02
 2.32031e-03  1.65150e-02
 2.39597e-03  1.66461e-02
 2.24460e-03  1.66461e-02
 2.32031e-03  1.65150e-02

 2.74219e-03  1.65150e-02
 2.74219e-03  1.65150e-02
 2.81775e-03  1.66462e-02
 2.66638e-03  1.66460e-02
 2.74219e-03  1.65150e-02

 3.16406e-03  1.65150e-02
 3.16406e-03  1.65150e-02
 3.23952e-03  1.66462e-02
 3.08815e-03  1.66460e-02
 3.16406e-03  1.65150e-02

 3.58594e-03  1.65150e-02
 3.58594e-03  1.65150e-02
 3.66130e-03  1.66463e-02
 3.50994e-03  1.66459e-02
 3.58594e-03  1.65150e-02

 2.12674e-04  1.70850e-02
 2.12674e-04  1.70850e-02
 2.88359e-04  1.72161e-02
 1.36992e-04  1.72161e-02
 2.12674e-04  1.70850e-02

 6.38021e-04  1.70850e-02
 6.38021e-04  1.70850e-02
 7.13721e-04  1.72161e-02
 5.62354e-04  1.72161e-02
 6.38021e-04  1.70850e-02

 1.06337e-03  1.70850e-02
 1.06337e-03  1.70850e-02
 1.13907e-03  1.72161e-02
 9.87705e-04  1.72161e-02
 1.06337e-03  1.70850e-02

 1.48872e-03  1.70850e-02
 1.48872e-03  1.70850e-02
 1.56442e-03  1.72161e-02
 1.41305e-03  1.72161e-02
 1.48872e-03  1.70850e-02

 1.91406e-03  1.70850e-02
 1.91406e-03  1.70850e-02
 1.98975e-03  1.72161e-02
 1.83838e-03  1.72161e-02
 1.91406e-03  1.70850e-02

 2.33941e-03  1.70850e-02
 2.33941e-03  1.70850e-02
 2.41507e-03  1.72161e-02
 2.26370e-03  1.72161e-02
 2.33941e-03  1.70850e-02

 2.76476e-03  1.70850e-02
 2.76476e-03  1.70850e-02
 2.84038e-03  1.72161e-02
 2.68901e-03  1.72161e-02
 2.76476e-03  1.70850e-02

 3.19010e-03  1.70850e-02
 3.19010e-03  1.70850e-02
 3.26568e-03  1.72162e-02
 3.11431e-03  1.72160e-02
 3.19010e-03  1.70850e-02

 3.61545e-03  1.70850e-02
 3.61545e-03  1.70850e-02
 3.69098e-03  1.72162e-02
 3.53962e-03  1.72160e-02
 3.61545e-03  1.70850e-02

 2.14410e-04  1.76550e-02
 2.14410e-04  1.76550e-02
 2.90094e-04  1.77861e-02
 1.38727e-04  1.77861e-02
 2.14410e-04  1.76550e-02

 6.43229e-04  1.76550e-02
 6.43229e-04  1.76550e-02
 7.18919e-04  1.77861e-02
 5.67552e-04  1.77861e-02
 6.43229e-04  1.76550e-02

 1.07205e-03  1.76550e-02
 1.07205e-03  1.76550e-02
 1.14774e-03  1.77861e-02
 9.96372e-04  1.77861e-02
 1.07205e-03  1.76550e-02

 1.50087e-03  1.76550e-02
 1.50087e-03  1.76550e-02
 1.57656e-03  1.77861e-02
 1.42519e-03  1.77861e-02
 1.50087e-03  1.76550e-02

 1.92969e-03  1.76550e-02
 1.92969e-03  1.76550e-02
 2.00537e-03  1.77861e-02
 1.85400e-03  1.77861e-02
 1.92969e-03  1.76550e-02

 2.35851e-03  1.76550e-02
 2.35851e-03  1.76550e-02
 2.43417e-03  1.77861e-02
 2.28280e-03  1.77861e-02
 2.35851e-03  1.76550e-02

 2.78733e-03  1.76550e-02
 2.78733e-03  1.76550e-02
 2.86297e-03  1.77861e-02
 2.71160e-03  1.77861e-02
 2.78733e-03  1.76550e-02

 3.21615e-03  1.76550e-02
 3.21615e-03  1.76550e-02
 3.29176e-03  1.77861e-02
 3.14039e-03  1.77860e-02
 3.21615e-03  1.76550e-02

 3.64497e-03  1.76550e-02
 3.64497e-03  1.76550e-02
 3.72055e-03  1.77861e-02
 3.56918e-03  1.77860e-02
 3.64497e-03  1.76550e-02

 2.16146e-04  1.82250e-02
 2.16146e-04  1.82250e-02
 2.91829e-04  1.83561e-02
 1.40462e-04  1.83561e-02
 2.16146e-04  1.82250e-02

 6.48438e-04  1.82250e-02
 6.48437e-04  1.82250e-02
 7.24122e-04  1.83561e-02
 5.72755e-04  1.83561e-02
 6.48437e-04  1.82250e-02

 1.08073e-03  1.82250e-02
 1.08073e-03  1.82250e-02
 1.15641e-03  1.83561e-02
 1.00505e-03  1.83561e-02
 1.08073e-03  1.82250e-02

 1.51302e-03  1.82250e-02
 1.51302e-03  1.82250e-02
 1.58870e-03  1.83561e-02
 1.43733e-03  1.83561e-02
 1.51302e-03  1.82250e-02

 1.94531e-03  1.82250e-02
 1.94531e-03  1.82250e-02
 2.02099e-03  1.83561e-02
 1.86962e-03  1.83561e-02
 1.94531e-03  1.82250e-02

 2.37760e-03  1.82250e-02
 2.37760e-03  1.82250e-02
 2.45327e-03  1.83561e-02
 2.30190e-03  1.83561e-02
 2.37760e-03  1.82250e-02

 2.80990e-03  1.82250e-02
 2.80990e-03  1.82250e-02
 2.88554e-03  1.83561e-02
 2.73417e-03  1.83561e-02
 2.80990e-03  1.82250e-02

 3.24219e-03  1.82250e-02
 3.24219e-03  1.82250e-02
 3.31781e-03  1.83561e-02
 3.16644e-03  1.83561e-02
 3.24219e-03  1.82250e-02

 3.67448e-03  1.82250e-02
 3.67448e-03  1.82250e-02
 3.75007e-03  1.83561e-02
 3.59870e-03  1.83560e-02
 3.67448e-03  1.82250e-02

 2.17882e-04  1.87950e-02
 2.17882e-04  1.87950e-02
 2.93565e-04  1.89261e-02
 1.42198e-04  1.89261e-02
 2.17882e-04  1.87950e-02

 6.53646e-04  1.87950e-02
 6.53646e-04  1.87950e-02
 7.29326e-04  1.89261e-02
 5.77959e-04  1.89261e-02
 6.53646e-04  1.87950e-02

 1.08941e-03  1.87950e-02
 1.08941e-03  1.87950e-02
 1.16509e-03  1.89261e-02
 1.01372e-03  1.89261e-02
 1.08941e-03  1.87950e-02

 1.52517e-03  1.87950e-02
 1.52517e-03  1.87950e-02
 1.60085e-03  1.89261e-02
 1.44948e-03  1.89261e-02
 1.52517e-03  1.87950e-02

 1.96094e-03  1.87950e-02
 1.96094e-03  1.87950e-02
 2.03661e-03  1.89261e-02
 1.88524e-03  1.89261e-02
 1.96094e-03  1.87950e-02

 2.39670e-03  1.87950e-02
 2.39670e-03  1.87950e-02
 2.47236e-03  1.89261e-02
 2.32099e-03  1.89261e-02
 2.39670e-03  1.87950e-02

 2.83247e-03  1.87950e-02
 2.83247e-03  1.87950e-02
 2.90810e-03  1.89261e-02
 2.75674e-03  1.89261e-02
 2.83247e-03  1.87950e-02

 3.26823e-03  1.87950e-02
 3.26823e-03  1.87950e-02
 3.34384e-03  1.89261e-02
 3.19247e-03  1.89260e-02
 3.26823e-03  1.87950e-02

 3.70399e-03  1.87950e-02
 3.70399e-03  1.87950e-02
 3.77955e-03  1.89262e-02
 3.62818e-03  1.89260e-02
 3.70399e-03  1.87950e-02

 2.19618e-04  1.93650e-02
 2.19618e-04  1.93650e-02
 2.95301e-04  1.94961e-02
 1.43934e-04  1.94961e-02
 2.19618e-04  1.93650e-02

 6.58854e-04  1.93650e-02
 6.58854e-04  1.93650e-02
 7.34529e-04  1.94961e-02
 5.83162e-04  1.94961e-02
 6.58854e-04  1.93650e-02

 1.09809e-03  1.93650e-02
 1.09809e-03  1.93650e-02
 1.17376e-03  1.94961e-02
 1.02240e-03  1.94961e-02
 1.09809e-03  1.93650e-02

 1.53733e-03  1.93650e-02
 1.53733e-03  1.93650e-02
 1.61299e-03  1.94961e-02
 1.46163e-03  1.94961e-02
 1.53733e-03  1.93650e-02

 1.97656e-03  1.93650e-02
 1.97656e-03  1.93650e-02
 2.05222e-03  1.94961e-02
 1.90086e-03  1.94961e-02
 1.97656e-03  1.93650e-02

 2.41580e-03  1.93650e-02
 2.41580e-03  1.93650e-02
 2.49144e-03  1.94961e-02
 2.34008e-03  1.94961e-02
 2.41580e-03  1.93650e-02

 2.85503e-03  1.93650e-02
 2.85503e-03  1.93650e-02
 2.93065e-03  1.94961e-02
 2.77929e-03  1.94961e-02
 2.85503e-03  1.93650e-02

 3.29427e-03  1.93650e-02
 3.29427e-03  1.93650e-02
 3.36985e-03  1.94961e-02
 3.21849e-03  1.94960e-02
 3.29427e-03  1.93650e-02

 3.73351e-03  1.93650e-02
 3.73351e-03  1.93650e-02
 3.80901e-03  1.94962e-02
 3.65764e-03  1.94960e-02
 3.73351e-03  1.93650e-02

 2.21354e-04  1.99350e-02
 2.21354e-04  1.99350e-02
 2.97036e-04  2.00661e-02
 1.45669e-04  2.00661e-02
 2.21354e-04  1.99350e-02

 6.64062e-04  1.99350e-02
 6.64063e-04  1.99350e-02
 7.39732e-04  2.00661e-02
 5.88365e-04  2.00661e-02
 6.64063e-04  1.99350e-02

 1.10677e-03  1.99350e-02
 1.10677e-03  1.99350e-02
 1.18244e-03  2.00661e-02
 1.03107e-03  2.00661e-02
 1.10677e-03  1.99350e-02

 1.54948e-03  1.99350e-02
 1.54948e-03  1.99350e-02
 1.62514e-03  2.00661e-02
 1.47377e-03  2.00661e-02
 1.54948e-03  1.99350e-02

 1.99219e-03  1.99350e-02
 1.99219e-03  1.99350e-02
 2.06784e-03  2.00661e-02
 1.91647e-03  2.00661e-02
 1.99219e-03  1.99350e-02

 2.43490e-03  1.99350e-02
 2.43490e-03  1.99350e-02
 2.51053e-03  2.00661e-02
 2.35916e-03  2.00661e-02
 2.43490e-03  1.99350e-02

 2.87760e-03  1.99350e-02
 2.87760e-03  1.99350e-02
 2.95320e-03  2.00661e-02
 2.80183e-03  2.00660e-02
 2.87760e-03  1.99350e-02

 3.32031e-03  1.99350e-02
 3.32031e-03  1.99350e-02
 3.39586e-03  2.00662e-02
 3.24449e-03  2.00660e-02
 3.32031e-03  1.99350e-02

 3.76302e-03  1.99350e-02
 3.76302e-03  1.99350e-02
 3.83845e-03  2.00662e-02
 3.68709e-03  2.00659e-02
 3.76302e-03  1.99350e-02

 2.23090e-04  2.05050e-02
 2.23090e-04  2.05050e-02
 2.98771e-04  2.06361e-02
 1.47404e-04  2.06361e-02
 2.23090e-04  2.05050e-02

 6.69271e-04  2.05050e-02
 6.69271e-04  2.05050e-02
 7.44929e-04  2.06361e-02
 5.93562e-04  2.06361e-02
 6.69271e-04  2.05050e-02

 1.11545e-03  2.05050e-02
 1.11545e-03  2.05050e-02
 1.19111e-03  2.06361e-02
 1.03975e-03  2.06361e-02
 1.11545e-03  2.05050e-02

 1.56163e-03  2.05050e-02
 1.56163e-03  2.05050e-02
 1.63728e-03  2.06361e-02
 1.48592e-03  2.06361e-02
 1.56163e-03  2.05050e-02

 2.00781e-03  2.05050e-02
 2.00781e-03  2.05050e-02
 2.08345e-03  2.06361e-02
 1.93209e-03  2.06361e-02
 2.00781e-03  2.05050e-02

 2.45399e-03  2.05050e-02
 2.45399e-03  2.05050e-02
 2.52961e-03  2.06361e-02
 2.37824e-03  2.06360e-02
 2.45399e-03  2.05050e-02

 2.90017e-03  2.05050e-02
 2.90017e-03  2.05050e-02
 2.97574e-03  2.06362e-02
 2.82438e-03  2.06360e-02
 2.90017e-03  2.05050e-02

 3.34635e-03  2.05050e-02
 3.34635e-03  2.05050e-02
 3.42185e-03  2.06362e-02
 3.27049e-03  2.06360e-02
 3.34635e-03  2.05050e-02

 3.79253e-03  2.05050e-02
 3.79253e-03  2.05050e-02
 3.86788e-03  2.06363e-02
 3.71652e-03  2.06359e-02
 3.79253e-03  2.05050e-02

 2.24826e-04  2.10750e-02
 2.24826e-04  2.10750e-02
 3.00506e-04  2.12061e-02
 1.49140e-04  2.12061e-02
 2.24826e-04  2.10750e-02

 6.74479e-04  2.10750e-02
 6.74479e-04  2.10750e-02
 7.50125e-04  2.12061e-02
 5.98758e-04  2.12061e-02
 6.74479e-04  2.10750e-02

 1.12413e-03  2.10750e-02
 1.12413e-03  2.10750e-02
 1.19979e-03  2.12061e-02
 1.04842e-03  2.12061e-02
 1.12413e-03  2.10750e-02

 1.57378e-03  2.10750e-02
 1.57378e-03  2.10750e-02
 1.64943e-03  2.12061e-02
 1.49806e-03  2.12061e-02
 1.57378e-03  2.10750e-02

 2.02344e-03  2.10750e-02
 2.02344e-03  2.10750e-02
 2.09907e-03  2.12061e-02
 1.94770e-03  2.12061e-02
 2.02344e-03  2.10750e-02

 2.47309e-03  2.10750e-02
 2.47309e-03  2.10750e-02
 2.54869e-03  2.12061e-02
 2.39732e-03  2.12060e-02
 2.47309e-03  2.10750e-02

 2.92274e-03  2.10750e-02
 2.92274e-03  2.10750e-02
 2.99828e-03  2.12062e-02
 2.84691e-03  2.12060e-02
 2.92274e-03  2.10750e-02

 3.37240e-03  2.10750e-02
 3.37240e-03  2.10750e-02
 3.44783e-03  2.12062e-02
 3.29647e-03  2.12059e-02
 3.37240e-03  2.10750e-02

 3.82205e-03  2.10750e-02
 3.82205e-03  2.10750e-02
 3.89728e-03  2.12063e-02
 3.74591e-03  2.12058e-02
 3.82205e-03  2.10750e-02

 2.26562e-04  2.16450e-02
 2.26563e-04  2.16450e-02
 3.02239e-04  2.17761e-02
 1.50872e-04  2.17761e-02
 2.26563e-04  2.16450e-02

 6.79687e-04  2.16450e-02
 6.79688e-04  2.16450e-02
 7.55302e-04  2.17761e-02
 6.03936e-04  2.17760e-02
 6.79688e-04  2.16450e-02

 1.13281e-03  2.16450e-02
 1.13281e-03  2.16450e-02
 1.20846e-03  2.17761e-02
 1.05709e-03  2.17761e-02
 1.13281e-03  2.16450e-02

 1.58594e-03  2.16450e-02
 1.58594e-03  2.16450e-02
 1.66157e-03  2.17761e-02
 1.51020e-03  2.17761e-02
 1.58594e-03  2.16450e-02

 2.03906e-03  2.16450e-02
 2.03906e-03  2.16450e-02
 2.11469e-03  2.17761e-02
 1.96332e-03  2.17761e-02
 2.03906e-03  2.16450e-02

 2.49219e-03  2.16450e-02
 2.49219e-03  2.16450e-02
 2.56778e-03  2.17761e-02
 2.41641e-03  2.17760e-02
 2.49219e-03  2.16450e-02

 2.94531e-03  2.16450e-02
 2.94531e-03  2.16450e-02
 3.02083e-03  2.17762e-02
 2.86947e-03  2.17760e-02
 2.94531e-03  2.16450e-02

 3.39844e-03  2.16450e-02
 3.39844e-03  2.16450e-02
 3.47386e-03  2.17762e-02
 3.32249e-03  2.17759e-02
 3.39844e-03  2.16450e-02

 3.85156e-03  2.16450e-02
 3.85156e-03  2.16450e-02
 3.92678e-03  2.17764e-02
 3.77541e-03  2.17758e-02
 3.85156e-03  2.16450e-02

 2.28299e-04  2.22150e-02
 2.28299e-04  2.22150e-02
 3.03943e-04  2.23461e-02
 1.52576e-04  2.23461e-02
 2.28299e-04  2.22150e-02

 6.84896e-04  2.22150e-02
 6.84896e-04  2.22150e-02
 7.60183e-04  2.23463e-02
 6.08817e-04  2.23459e-02
 6.84896e-04  2.22150e-02

 1.14149e-03  2.22150e-02
 1.14149e-03  2.22150e-02
 1.21707e-03  2.23461e-02
 1.06571e-03  2.23460e-02
 1.14149e-03  2.22150e-02

 1.59809e-03  2.22150e-02
 1.59809e-03  2.22150e-02
 1.67360e-03  2.23462e-02
 1.52223e-03  2.23460e-02
 1.59809e-03  2.22150e-02

 2.05469e-03  2.22150e-02
 2.05469e-03  2.22150e-02
 2.13010e-03  2.23462e-02
 1.97874e-03  2.23459e-02
 2.05469e-03  2.22150e-02

 2.51128e-03  2.22150e-02
 2.51128e-03  2.22150e-02
 2.58638e-03  2.23464e-02
 2.43501e-03  2.23457e-02
 2.51128e-03  2.22150e-02

 2.96788e-03  2.22150e-02
 2.96788e-03  2.22150e-02
 3.04235e-03  2.23468e-02
 2.89099e-03  2.23454e-02
 2.96788e-03  2.22150e-02

 3.42448e-03  2.22150e-02
 3.42448e-03  2.22150e-02
 3.49794e-03  2.23473e-02
 3.34660e-03  2.23448e-02
 3.42448e-03  2.22150e-02

 3.88108e-03  2.22150e-02
 3.88108e-03  2.22150e-02
 3.95258e-03  2.23484e-02
 3.80129e-03  2.23436e-02
 3.88108e-03  2.22150e-02

 3.76510e-03  1.13850e-02
 3.76510e-03  1.13850e-02
 3.88255e-03  1.12895e-02
 3.90653e-03  1.14390e-02
 3.76510e-03  1.13850e-02

 4.26406e-03  1.13850e-02
 4.26406e-03  1.13850e-02
 4.40039e-03  1.13192e-02
 4.38919e-03  1.14702e-02
 4.26406e-03  1.13850e-02

 4.76302e-03  1.13850e-02
 4.76302e-03  1.13850e-02
 4.90516e-03  1.13330e-02
 4.87916e-03  1.14821e-02
 4.76302e-03  1.13850e-02

 5.26198e-03  1.13850e-02
 5.26198e-03  1.13850e-02
 5.40879e-03  1.13482e-02
 5.36730e-03  1.14937e-02
 5.26198e-03  1.13850e-02

 5.76094e-03  1.13850e-02
 5.76094e-03  1.13850e-02
 5.91199e-03  1.13752e-02
 5.84495e-03  1.15109e-02
 5.76094e-03  1.13850e-02

 6.25990e-03  1.13850e-02
 6.25990e-03  1.13850e-02
 6.40752e-03  1.14184e-02
 6.30475e-03  1.15296e-02
 6.25990e-03  1.13850e-02

 6.75885e-03  1.13850e-02
 6.75885e-03  1.13850e-02
 6.88824e-03  1.14636e-02
 6.75551e-03  1.15363e-02
 6.75885e-03  1.13850e-02

 7.25781e-03  1.13850e-02
 7.25781e-03  1.13850e-02
 7.36491e-03  1.14920e-02
 7.21872e-03  1.15312e-02
 7.25781e-03  1.13850e-02

 7.75677e-03  1.13850e-02
 7.75677e-03  1.13850e-02
 7.84836e-03  1.15055e-02
 7.69820e-03  1.15246e-02
 7.75677e-03  1.13850e-02

 8.25573e-03  1.13850e-02
 8.25573e-03  1.13850e-02
 8.33865e-03  1.15116e-02
 8.18752e-03  1.15201e-02
 8.25573e-03  1.13850e-02

 8.75469e-03  1.13850e-02
 8.75469e-03  1.13850e-02
 8.83311e-03  1.15145e-02
 8.68178e-03  1.15177e-02
 8.75469e-03  1.13850e-02

 9.25365e-03  1.13850e-02
 9.25365e-03  1.13850e-02
 9.32965e-03  1.15159e-02
 9.17828e-03  1.15163e-02
 9.25365e-03  1.13850e-02

 9.75260e-03  1.13850e-02
 9.75260e-03  1.13850e-02
 9.82768e-03  1.15164e-02
 9.67632e-03  1.15157e-02
 9.75260e-03  1.13850e-02

 1.02516e-02  1.13850e-02
 1.02516e-02  1.13850e-02
 1.03254e-02  1.15172e-02
 1.01740e-02  1.15150e-02
 1.02516e-02  1.13850e-02

 1.07505e-02  1.13850e-02
 1.07505e-02  1.13850e-02
 1.08260e-02  1.15162e-02
 1.06746e-02  1.15160e-02
 1.07505e-02  1.13850e-02

 3.79531e-03  1.19550e-02
 3.79531e-03  1.19550e-02
 3.73160e-03  1.18177e-02
 3.88236e-03  1.18312e-02
 3.79531e-03  1.19550e-02

 4.29219e-03  1.19550e-02
 4.29219e-03  1.19550e-02
 4.40765e-03  1.20529e-02
 4.26515e-03  1.21039e-02
 4.29219e-03  1.19550e-02

 4.78906e-03  1.19550e-02
 4.78906e-03  1.19550e-02
 4.88188e-03  1.20746e-02
 4.73192e-03  1.20952e-02
 4.78906e-03  1.19550e-02

 5.28594e-03  1.19550e-02
 5.28594e-03  1.19550e-02
 5.37346e-03  1.20785e-02
 5.22275e-03  1.20925e-02
 5.28594e-03  1.19550e-02

 5.78281e-03  1.19550e-02
 5.78281e-03  1.19550e-02
 5.86634e-03  1.20812e-02
 5.71525e-03  1.20905e-02
 5.78281e-03  1.19550e-02

 6.27969e-03  1.19550e-02
 6.27969e-03  1.19550e-02
 6.36018e-03  1.20832e-02
 6.20891e-03  1.20888e-02
 6.27969e-03  1.19550e-02

 6.77656e-03  1.19550e-02
 6.77656e-03  1.19550e-02
 6.85501e-03  1.20845e-02
 6.70367e-03  1.20877e-02
 6.77656e-03  1.19550e-02

 7.27344e-03  1.19550e-02
 7.27344e-03  1.19550e-02
 7.35062e-03  1.20852e-02
 7.19927e-03  1.20869e-02
 7.27344e-03  1.19550e-02

 7.77031e-03  1.19550e-02
 7.77031e-03  1.19550e-02
 7.84676e-03  1.20856e-02
 7.69540e-03  1.20865e-02
 7.77031e-03  1.19550e-02

 8.26719e-03  1.19550e-02
 8.26719e-03  1.19550e-02
 8.34322e-03  1.20859e-02
 8.19185e-03  1.20863e-02
 8.26719e-03  1.19550e-02

 8.76406e-03  1.19550e-02
 8.76406e-03  1.19550e-02
 8.83986e-03  1.20860e-02
 8.68849e-03  1.20862e-02
 8.76406e-03  1.19550e-02

 9.26094e-03  1.19550e-02
 9.26094e-03  1.19550e-02
 9.33658e-03  1.20861e-02
 9.18522e-03  1.20861e-02
 9.26094e-03  1.19550e-02

 9.75781e-03  1.19550e-02
 9.75781e-03  1.19550e-02
 9.83340e-03  1.20861e-02
 9.68204e-03  1.20860e-02
 9.75781e-03  1.19550e-02

 1.02547e-02  1.19550e-02
 1.02547e-02  1.19550e-02
 1.03301e-02  1.20862e-02
 1.01788e-02  1.20860e-02
 1.02547e-02  1.19550e-02

 1.07516e-02  1.19550e-02
 1.07516e-02  1.19550e-02
 1.08272e-02  1.20861e-02
 1.06759e-02  1.20861e-02
 1.07516e-02  1.19550e-02

 3.82552e-03  1.25250e-02
 3.82552e-03  1.25250e-02
 3.73207e-03  1.26441e-02
 3.67567e-03  1.25036e-02
 3.82552e-03  1.25250e-02

 4.32031e-03  1.25250e-02
 4.32031e-03  1.25250e-02
 4.29874e-03  1.26748e-02
 4.17978e-03  1.25812e-02
 4.32031e-03  1.25250e-02

 4.81510e-03  1.25250e-02
 4.81510e-03  1.25250e-02
 4.84002e-03  1.26743e-02
 4.69826e-03  1.26212e-02
 4.81510e-03  1.25250e-02

 5.30990e-03  1.25250e-02
 5.30990e-03  1.25250e-02
 5.36317e-03  1.26667e-02
 5.21383e-03  1.26420e-02
 5.30990e-03  1.25250e-02

 5.80469e-03  1.25250e-02
 5.80469e-03  1.25250e-02
 5.87143e-03  1.26609e-02
 5.72040e-03  1.26507e-02
 5.80469e-03  1.25250e-02

 6.29948e-03  1.25250e-02
 6.29948e-03  1.25250e-02
 6.37189e-03  1.26579e-02
 6.22057e-03  1.26542e-02
 6.29948e-03  1.25250e-02

 6.79427e-03  1.25250e-02
 6.79427e-03  1.25250e-02
 6.86887e-03  1.26567e-02
 6.71750e-03  1.26555e-02
 6.79427e-03  1.25250e-02

 7.28906e-03  1.25250e-02
 7.28906e-03  1.25250e-02
 7.36443e-03  1.26563e-02
 7.21307e-03  1.26559e-02
 7.28906e-03  1.25250e-02

 7.78385e-03  1.25250e-02
 7.78385e-03  1.25250e-02
 7.85946e-03  1.26561e-02
 7.70809e-03  1.26560e-02
 7.78385e-03  1.25250e-02

 8.27865e-03  1.25250e-02
 8.27865e-03  1.25250e-02
 8.35430e-03  1.26561e-02
 8.20293e-03  1.26561e-02
 8.27865e-03  1.25250e-02

 8.77344e-03  1.25250e-02
 8.77344e-03  1.25250e-02
 8.84908e-03  1.26561e-02
 8.69771e-03  1.26561e-02
 8.77344e-03  1.25250e-02

 9.26823e-03  1.25250e-02
 9.26823e-03  1.25250e-02
 9.34384e-03  1.26561e-02
 9.19247e-03  1.26560e-02
 9.26823e-03  1.25250e-02

 9.76302e-03  1.25250e-02
 9.76302e-03  1.25250e-02
 9.83863e-03  1.26561e-02
 9.68726e-03  1.26560e-02
 9.76302e-03  1.25250e-02

 1.02578e-02  1.25250e-02
 1.02578e-02  1.25250e-02
 1.03334e-02  1.26562e-02
 1.01820e-02  1.26560e-02
 1.02578e-02  1.25250e-02

 1.07526e-02  1.25250e-02
 1.07526e-02  1.25250e-02
 1.08283e-02  1.26561e-02
 1.06769e-02  1.26561e-02
 1.07526e-02  1.25250e-02

 3.85573e-03  1.30950e-02
 3.85573e-03  1.30950e-02
 3.77895e-03  1.32255e-02
 3.70437e-03  1.30937e-02
 3.85573e-03  1.30950e-02

 4.34844e-03  1.30950e-02
 4.34844e-03  1.30950e-02
 4.36125e-03  1.32458e-02
 4.22423e-03  1.31815e-02
 4.34844e-03  1.30950e-02

 4.84115e-03  1.30950e-02
 4.84115e-03  1.30950e-02
 4.88806e-03  1.32389e-02
 4.73997e-03  1.32076e-02
 4.84115e-03  1.30950e-02

 5.33385e-03  1.30950e-02
 5.33385e-03  1.30950e-02
 5.39594e-03  1.32330e-02
 5.24534e-03  1.32178e-02
 5.33385e-03  1.30950e-02

 5.82656e-03  1.30950e-02
 5.82656e-03  1.30950e-02
 5.89571e-03  1.32296e-02
 5.74453e-03  1.32222e-02
 5.82656e-03  1.30950e-02

 6.31927e-03  1.30950e-02
 6.31927e-03  1.30950e-02
 6.39186e-03  1.32278e-02
 6.24053e-03  1.32243e-02
 6.31927e-03  1.30950e-02

 6.81198e-03  1.30950e-02
 6.81198e-03  1.30950e-02
 6.88622e-03  1.32269e-02
 6.73486e-03  1.32252e-02
 6.81198e-03  1.30950e-02

 7.30469e-03  1.30950e-02
 7.30469e-03  1.30950e-02
 7.37970e-03  1.32265e-02
 7.22834e-03  1.32257e-02
 7.30469e-03  1.30950e-02

 7.79740e-03  1.30950e-02
 7.79740e-03  1.30950e-02
 7.87277e-03  1.32263e-02
 7.72140e-03  1.32259e-02
 7.79740e-03  1.30950e-02

 8.29010e-03  1.30950e-02
 8.29010e-03  1.30950e-02
 8.36563e-03  1.32262e-02
 8.21426e-03  1.32260e-02
 8.29010e-03  1.30950e-02

 8.78281e-03  1.30950e-02
 8.78281e-03  1.30950e-02
 8.85840e-03  1.32261e-02
 8.70703e-03  1.32260e-02
 8.78281e-03  1.30950e-02

 9.27552e-03  1.30950e-02
 9.27552e-03  1.30950e-02
 9.35112e-03  1.32261e-02
 9.19976e-03  1.32260e-02
 9.27552e-03  1.30950e-02

 9.76823e-03  1.30950e-02
 9.76823e-03  1.30950e-02
 9.84385e-03  1.32261e-02
 9.69248e-03  1.32260e-02
 9.76823e-03  1.30950e-02

 1.02609e-02  1.30950e-02
 1.02609e-02  1.30950e-02
 1.03365e-02  1.32261e-02
 1.01852e-02  1.32260e-02
 1.02609e-02  1.30950e-02

 1.07536e-02  1.30950e-02
 1.07536e-02  1.30950e-02
 1.08293e-02  1.32261e-02
 1.06780e-02  1.32261e-02
 1.07536e-02  1.30950e-02

 3.88594e-03  1.36650e-02
 3.88594e-03  1.36650e-02
 3.91615e-03  1.38133e-02
 3.77259e-03  1.37653e-02
 3.88594e-03  1.36650e-02

 4.37656e-03  1.36650e-02
 4.37656e-03  1.36650e-02
 4.42253e-03  1.38092e-02
 4.27465e-03  1.37769e-02
 4.37656e-03  1.36650e-02

 4.86719e-03  1.36650e-02
 4.86719e-03  1.36650e-02
 4.92520e-03  1.38048e-02
 4.77511e-03  1.37851e-02
 4.86719e-03  1.36650e-02

 5.35781e-03  1.36650e-02
 5.35781e-03  1.36650e-02
 5.42364e-03  1.38013e-02
 5.27269e-03  1.37902e-02
 5.35781e-03  1.36650e-02

 5.84844e-03  1.36650e-02
 5.84844e-03  1.36650e-02
 5.91881e-03  1.37990e-02
 5.76756e-03  1.37929e-02
 5.84844e-03  1.36650e-02

 6.33906e-03  1.36650e-02
 6.33906e-03  1.36650e-02
 6.41196e-03  1.37977e-02
 6.26063e-03  1.37945e-02
 6.33906e-03  1.36650e-02

 6.82969e-03  1.36650e-02
 6.82969e-03  1.36650e-02
 6.90394e-03  1.37969e-02
 6.75259e-03  1.37953e-02
 6.82969e-03  1.36650e-02

 7.32031e-03  1.36650e-02
 7.32031e-03  1.36650e-02
 7.39527e-03  1.37965e-02
 7.24391e-03  1.37957e-02
 7.32031e-03  1.36650e-02

 7.81094e-03  1.36650e-02
 7.81094e-03  1.36650e-02
 7.88626e-03  1.37963e-02
 7.73489e-03  1.37959e-02
 7.81094e-03  1.36650e-02

 8.30156e-03  1.36650e-02
 8.30156e-03  1.36650e-02
 8.37705e-03  1.37962e-02
 8.22569e-03  1.37960e-02
 8.30156e-03  1.36650e-02

 8.79219e-03  1.36650e-02
 8.79219e-03  1.36650e-02
 8.86776e-03  1.37962e-02
 8.71639e-03  1.37960e-02
 8.79219e-03  1.36650e-02

 9.28281e-03  1.36650e-02
 9.28281e-03  1.36650e-02
 9.35842e-03  1.37961e-02
 9.20706e-03  1.37960e-02
 9.28281e-03  1.36650e-02

 9.77344e-03  1.36650e-02
 9.77344e-03  1.36650e-02
 9.84907e-03  1.37961e-02
 9.69770e-03  1.37961e-02
 9.77344e-03  1.36650e-02

 1.02641e-02  1.36650e-02
 1.02641e-02  1.36650e-02
 1.03397e-02  1.37961e-02
 1.01883e-02  1.37961e-02
 1.02641e-02  1.36650e-02

 1.07547e-02  1.36650e-02
 1.07547e-02  1.36650e-02
 1.08304e-02  1.37961e-02
 1.06790e-02  1.37961e-02
 1.07547e-02  1.36650e-02

 3.91615e-03  1.42350e-02
 3.91615e-03  1.42350e-02
 3.97630e-03  1.43739e-02
 3.82593e-03  1.43565e-02
 3.91615e-03  1.42350e-02

 4.40469e-03  1.42350e-02
 4.40469e-03  1.42350e-02
 4.46791e-03  1.43725e-02
 4.31720e-03  1.43585e-02
 4.40469e-03  1.42350e-02

 4.89323e-03  1.42350e-02
 4.89323e-03  1.42350e-02
 4.96039e-03  1.43707e-02
 4.80933e-03  1.43610e-02
 4.89323e-03  1.42350e-02

 5.38177e-03  1.42350e-02
 5.38177e-03  1.42350e-02
 5.45211e-03  1.43690e-02
 5.30087e-03  1.43629e-02
 5.38177e-03  1.42350e-02

 5.87031e-03  1.42350e-02
 5.87031e-03  1.42350e-02
 5.94281e-03  1.43679e-02
 5.79149e-03  1.43642e-02
 5.87031e-03  1.42350e-02

 6.35885e-03  1.42350e-02
 6.35885e-03  1.42350e-02
 6.43271e-03  1.43671e-02
 6.28136e-03  1.43650e-02
 6.35885e-03  1.42350e-02

 6.84740e-03  1.42350e-02
 6.84740e-03  1.42350e-02
 6.92207e-03  1.43667e-02
 6.77070e-03  1.43655e-02
 6.84740e-03  1.42350e-02

 7.33594e-03  1.42350e-02
 7.33594e-03  1.42350e-02
 7.41107e-03  1.43664e-02
 7.25970e-03  1.43658e-02
 7.33594e-03  1.42350e-02

 7.82448e-03  1.42350e-02
 7.82448e-03  1.42350e-02
 7.89987e-03  1.43663e-02
 7.74850e-03  1.43659e-02
 7.82448e-03  1.42350e-02

 8.31302e-03  1.42350e-02
 8.31302e-03  1.42350e-02
 8.38854e-03  1.43662e-02
 8.23718e-03  1.43660e-02
 8.31302e-03  1.42350e-02

 8.80156e-03  1.42350e-02
 8.80156e-03  1.42350e-02
 8.87715e-03  1.43661e-02
 8.72579e-03  1.43660e-02
 8.80156e-03  1.42350e-02

 9.29010e-03  1.42350e-02
 9.29010e-03  1.42350e-02
 9.36573e-03  1.43661e-02
 9.21436e-03  1.43661e-02
 9.29010e-03  1.42350e-02

 9.77865e-03  1.42350e-02
 9.77865e-03  1.42350e-02
 9.85429e-03  1.43661e-02
 9.70292e-03  1.43661e-02
 9.77865e-03  1.42350e-02

 1.02672e-02  1.42350e-02
 1.02672e-02  1.42350e-02
 1.03428e-02  1.43661e-02
 1.01915e-02  1.43661e-02
 1.02672e-02  1.42350e-02

 1.07557e-02  1.42350e-02
 1.07557e-02  1.42350e-02
 1.08314e-02  1.43661e-02
 1.06800e-02  1.43661e-02
 1.07557e-02  1.42350e-02

 3.94635e-03  1.48050e-02
 3.94635e-03  1.48050e-02
 4.01614e-03  1.49393e-02
 3.86492e-03  1.49326e-02
 3.94635e-03  1.48050e-02

 4.43281e-03  1.48050e-02
 4.43281e-03  1.48050e-02
 4.50294e-03  1.49391e-02
 4.35170e-03  1.49328e-02
 4.43281e-03  1.48050e-02

 4.91927e-03  1.48050e-02
 4.91927e-03  1.48050e-02
 4.99070e-03  1.49385e-02
 4.83941e-03  1.49336e-02
 4.91927e-03  1.48050e-02

 5.40573e-03  1.48050e-02
 5.40573e-03  1.48050e-02
 5.47849e-03  1.49377e-02
 5.32716e-03  1.49344e-02
 5.40573e-03  1.48050e-02

 5.89219e-03  1.48050e-02
 5.89219e-03  1.48050e-02
 5.96600e-03  1.49371e-02
 5.81465e-03  1.49350e-02
 5.89219e-03  1.48050e-02

 6.37865e-03  1.48050e-02
 6.37865e-03  1.48050e-02
 6.45319e-03  1.49367e-02
 6.30183e-03  1.49354e-02
 6.37865e-03  1.48050e-02

 6.86510e-03  1.48050e-02
 6.86510e-03  1.48050e-02
 6.94012e-03  1.49365e-02
 6.78875e-03  1.49357e-02
 6.86510e-03  1.48050e-02

 7.35156e-03  1.48050e-02
 7.35156e-03  1.48050e-02
 7.42687e-03  1.49363e-02
 7.27550e-03  1.49359e-02
 7.35156e-03  1.48050e-02

 7.83802e-03  1.48050e-02
 7.83802e-03  1.48050e-02
 7.91349e-03  1.49362e-02
 7.76213e-03  1.49360e-02
 7.83802e-03  1.48050e-02

 8.32448e-03  1.48050e-02
 8.32448e-03  1.48050e-02
 8.40004e-03  1.49362e-02
 8.24868e-03  1.49360e-02
 8.32448e-03  1.48050e-02

 8.81094e-03  1.48050e-02
 8.81094e-03  1.48050e-02
 8.88655e-03  1.49361e-02
 8.73519e-03  1.49360e-02
 8.81094e-03  1.48050e-02

 9.29740e-03  1.48050e-02
 9.29740e-03  1.48050e-02
 9.37304e-03  1.49361e-02
 9.22167e-03  1.49361e-02
 9.29740e-03  1.48050e-02

 9.78385e-03  1.48050e-02
 9.78385e-03  1.48050e-02
 9.85951e-03  1.49361e-02
 9.70815e-03  1.49361e-02
 9.78385e-03  1.48050e-02

 1.02703e-02  1.48050e-02
 1.02703e-02  1.48050e-02
 1.03460e-02  1.49361e-02
 1.01946e-02  1.49361e-02
 1.02703e-02  1.48050e-02

 1.07568e-02  1.48050e-02
 1.07568e-02  1.48050e-02
 1.08325e-02  1.49361e-02
 1.06811e-02  1.49361e-02
 1.07568e-02  1.48050e-02

 3.97656e-03  1.53750e-02
 3.97656e-03  1.53750e-02
 4.04989e-03  1.55074e-02
 3.89854e-03  1.55047e-02
 3.97656e-03  1.53750e-02

 4.46094e-03  1.53750e-02
 4.46094e-03  1.53750e-02
 4.53417e-03  1.55075e-02
 4.38283e-03  1.55047e-02
 4.46094e-03  1.53750e-02

 4.94531e-03  1.53750e-02
 4.94531e-03  1.53750e-02
 5.01897e-03  1.55072e-02
 4.86762e-03  1.55049e-02
 4.94531e-03  1.53750e-02

 5.42969e-03  1.53750e-02
 5.42969e-03  1.53750e-02
 5.50388e-03  1.55069e-02
 5.35252e-03  1.55052e-02
 5.42969e-03  1.53750e-02

 5.91406e-03  1.53750e-02
 5.91406e-03  1.53750e-02
 5.98873e-03  1.55067e-02
 5.83737e-03  1.55055e-02
 5.91406e-03  1.53750e-02

 6.39844e-03  1.53750e-02
 6.39844e-03  1.53750e-02
 6.47347e-03  1.55065e-02
 6.32210e-03  1.55057e-02
 6.39844e-03  1.53750e-02

 6.88281e-03  1.53750e-02
 6.88281e-03  1.53750e-02
 6.95810e-03  1.55063e-02
 6.80673e-03  1.55059e-02
 6.88281e-03  1.53750e-02

 7.36719e-03  1.53750e-02
 7.36719e-03  1.53750e-02
 7.44263e-03  1.55062e-02
 7.29127e-03  1.55060e-02
 7.36719e-03  1.53750e-02

 7.85156e-03  1.53750e-02
 7.85156e-03  1.53750e-02
 7.92711e-03  1.55062e-02
 7.77574e-03  1.55060e-02
 7.85156e-03  1.53750e-02

 8.33594e-03  1.53750e-02
 8.33594e-03  1.53750e-02
 8.41154e-03  1.55061e-02
 8.26018e-03  1.55060e-02
 8.33594e-03  1.53750e-02

 8.82031e-03  1.53750e-02
 8.82031e-03  1.53750e-02
 8.89595e-03  1.55061e-02
 8.74458e-03  1.55061e-02
 8.82031e-03  1.53750e-02

 9.30469e-03  1.53750e-02
 9.30469e-03  1.53750e-02
 9.38034e-03  1.55061e-02
 9.22898e-03  1.55061e-02
 9.30469e-03  1.53750e-02

 9.78906e-03  1.53750e-02
 9.78906e-03  1.53750e-02
 9.86473e-03  1.55061e-02
 9.71336e-03  1.55061e-02
 9.78906e-03  1.53750e-02

 1.02734e-02  1.53750e-02
 1.02734e-02  1.53750e-02
 1.03491e-02  1.55061e-02
 1.01977e-02  1.55061e-02
 1.02734e-02  1.53750e-02

 1.07578e-02  1.53750e-02
 1.07578e-02  1.53750e-02
 1.08335e-02  1.55061e-02
 1.06821e-02  1.55061e-02
 1.07578e-02  1.53750e-02

 4.00677e-03  1.59450e-02
 4.00677e-03  1.59450e-02
 4.08147e-03  1.60767e-02
 3.93010e-03  1.60755e-02
 4.00677e-03  1.59450e-02

 4.48906e-03  1.59450e-02
 4.48906e-03  1.59450e-02
 4.56365e-03  1.60767e-02
 4.41228e-03  1.60754e-02
 4.48906e-03  1.59450e-02

 4.97135e-03  1.59450e-02
 4.97135e-03  1.59450e-02
 5.04607e-03  1.60766e-02
 4.89471e-03  1.60755e-02
 4.97135e-03  1.59450e-02

 5.45365e-03  1.59450e-02
 5.45365e-03  1.59450e-02
 5.52858e-03  1.60765e-02
 5.37721e-03  1.60757e-02
 5.45365e-03  1.59450e-02

 5.93594e-03  1.59450e-02
 5.93594e-03  1.59450e-02
 6.01109e-03  1.60764e-02
 5.85972e-03  1.60758e-02
 5.93594e-03  1.59450e-02

 6.41823e-03  1.59450e-02
 6.41823e-03  1.59450e-02
 6.49355e-03  1.60763e-02
 6.34219e-03  1.60759e-02
 6.41823e-03  1.59450e-02

 6.90052e-03  1.59450e-02
 6.90052e-03  1.59450e-02
 6.97598e-03  1.60762e-02
 6.82461e-03  1.60760e-02
 6.90052e-03  1.59450e-02

 7.38281e-03  1.59450e-02
 7.38281e-03  1.59450e-02
 7.45836e-03  1.60762e-02
 7.30699e-03  1.60760e-02
 7.38281e-03  1.59450e-02

 7.86510e-03  1.59450e-02
 7.86510e-03  1.59450e-02
 7.94071e-03  1.60761e-02
 7.78934e-03  1.60760e-02
 7.86510e-03  1.59450e-02

 8.34740e-03  1.59450e-02
 8.34740e-03  1.59450e-02
 8.42303e-03  1.60761e-02
 8.27167e-03  1.60761e-02
 8.34740e-03  1.59450e-02

 8.82969e-03  1.59450e-02
 8.82969e-03  1.59450e-02
 8.90534e-03  1.60761e-02
 8.75398e-03  1.60761e-02
 8.82969e-03  1.59450e-02

 9.31198e-03  1.59450e-02
 9.31198e-03  1.59450e-02
 9.38765e-03  1.60761e-02
 9.23628e-03  1.60761e-02
 9.31198e-03  1.59450e-02

 9.79427e-03  1.59450e-02
 9.79427e-03  1.59450e-02
 9.86995e-03  1.60761e-02
 9.71858e-03  1.60761e-02
 9.79427e-03  1.59450e-02

 1.02766e-02  1.59450e-02
 1.02766e-02  1.59450e-02
 1.03522e-02  1.60761e-02
 1.02009e-02  1.60761e-02
 1.02766e-02  1.59450e-02

 1.07589e-02  1.59450e-02
 1.07589e-02  1.59450e-02
 1.08345e-02  1.60761e-02
 1.06832e-02  1.60761e-02
 1.07589e-02  1.59450e-02

 4.03698e-03  1.65150e-02
 4.03698e-03  1.65150e-02
 4.11224e-03  1.66463e-02
 3.96087e-03  1.66458e-02
 4.03698e-03  1.65150e-02

 4.51719e-03  1.65150e-02
 4.51719e-03  1.65150e-02
 4.59238e-03  1.66464e-02
 4.44101e-03  1.66458e-02
 4.51719e-03  1.65150e-02

 4.99740e-03  1.65150e-02
 4.99740e-03  1.65150e-02
 5.07263e-03  1.66463e-02
 4.92126e-03  1.66458e-02
 4.99740e-03  1.65150e-02

 5.47760e-03  1.65150e-02
 5.47760e-03  1.65150e-02
 5.55292e-03  1.66463e-02
 5.40155e-03  1.66459e-02
 5.47760e-03  1.65150e-02

 5.95781e-03  1.65150e-02
 5.95781e-03  1.65150e-02
 6.03322e-03  1.66462e-02
 5.88186e-03  1.66459e-02
 5.95781e-03  1.65150e-02

 6.43802e-03  1.65150e-02
 6.43802e-03  1.65150e-02
 6.51352e-03  1.66462e-02
 6.36215e-03  1.66460e-02
 6.43802e-03  1.65150e-02

 6.91823e-03  1.65150e-02
 6.91823e-03  1.65150e-02
 6.99379e-03  1.66462e-02
 6.84242e-03  1.66460e-02
 6.91823e-03  1.65150e-02

 7.39844e-03  1.65150e-02
 7.39844e-03  1.65150e-02
 7.47404e-03  1.66461e-02
 7.32268e-03  1.66460e-02
 7.39844e-03  1.65150e-02

 7.87865e-03  1.65150e-02
 7.87865e-03  1.65150e-02
 7.95428e-03  1.66461e-02
 7.80292e-03  1.66461e-02
 7.87865e-03  1.65150e-02

 8.35885e-03  1.65150e-02
 8.35885e-03  1.65150e-02
 8.43451e-03  1.66461e-02
 8.28314e-03  1.66461e-02
 8.35885e-03  1.65150e-02

 8.83906e-03  1.65150e-02
 8.83906e-03  1.65150e-02
 8.91473e-03  1.66461e-02
 8.76336e-03  1.66461e-02
 8.83906e-03  1.65150e-02

 9.31927e-03  1.65150e-02
 9.31927e-03  1.65150e-02
 9.39495e-03  1.66461e-02
 9.24358e-03  1.66461e-02
 9.31927e-03  1.65150e-02

 9.79948e-03  1.65150e-02
 9.79948e-03  1.65150e-02
 9.87516e-03  1.66461e-02
 9.72379e-03  1.66461e-02
 9.79948e-03  1.65150e-02

 1.02797e-02  1.65150e-02
 1.02797e-02  1.65150e-02
 1.03554e-02  1.66461e-02
 1.02040e-02  1.66461e-02
 1.02797e-02  1.65150e-02

 1.07599e-02  1.65150e-02
 1.07599e-02  1.65150e-02
 1.08356e-02  1.66461e-02
 1.06842e-02  1.66461e-02
 1.07599e-02  1.65150e-02

 4.06719e-03  1.70850e-02
 4.06719e-03  1.70850e-02
 4.14267e-03  1.72162e-02
 3.99130e-03  1.72160e-02
 4.06719e-03  1.70850e-02

 4.54531e-03  1.70850e-02
 4.54531e-03  1.70850e-02
 4.62077e-03  1.72162e-02
 4.46940e-03  1.72160e-02
 4.54531e-03  1.70850e-02

 5.02344e-03  1.70850e-02
 5.02344e-03  1.70850e-02
 5.09891e-03  1.72162e-02
 4.94754e-03  1.72160e-02
 5.02344e-03  1.70850e-02

 5.50156e-03  1.70850e-02
 5.50156e-03  1.70850e-02
 5.57707e-03  1.72162e-02
 5.42570e-03  1.72160e-02
 5.50156e-03  1.70850e-02

 5.97969e-03  1.70850e-02
 5.97969e-03  1.70850e-02
 6.05524e-03  1.72162e-02
 5.90387e-03  1.72160e-02
 5.97969e-03  1.70850e-02

 6.45781e-03  1.70850e-02
 6.45781e-03  1.70850e-02
 6.53340e-03  1.72161e-02
 6.38203e-03  1.72160e-02
 6.45781e-03  1.70850e-02

 6.93594e-03  1.70850e-02
 6.93594e-03  1.70850e-02
 7.01156e-03  1.72161e-02
 6.86019e-03  1.72161e-02
 6.93594e-03  1.70850e-02

 7.41406e-03  1.70850e-02
 7.41406e-03  1.70850e-02
 7.48971e-03  1.72161e-02
 7.33834e-03  1.72161e-02
 7.41406e-03  1.70850e-02

 7.89219e-03  1.70850e-02
 7.89219e-03  1.70850e-02
 7.96785e-03  1.72161e-02
 7.81648e-03  1.72161e-02
 7.89219e-03  1.70850e-02

 8.37031e-03  1.70850e-02
 8.37031e-03  1.70850e-02
 8.44598e-03  1.72161e-02
 8.29462e-03  1.72161e-02
 8.37031e-03  1.70850e-02

 8.84844e-03  1.70850e-02
 8.84844e-03  1.70850e-02
 8.92411e-03  1.72161e-02
 8.77275e-03  1.72161e-02
 8.84844e-03  1.70850e-02

 9.32656e-03  1.70850e-02
 9.32656e-03  1.70850e-02
 9.40224e-03  1.72161e-02
 9.25088e-03  1.72161e-02
 9.32656e-03  1.70850e-02

 9.80469e-03  1.70850e-02
 9.80469e-03  1.70850e-02
 9.88037e-03  1.72161e-02
 9.72900e-03  1.72161e-02
 9.80469e-03  1.70850e-02

 1.02828e-02  1.70850e-02
 1.02828e-02  1.70850e-02
 1.03585e-02  1.72161e-02
 1.02071e-02  1.72161e-02
 1.02828e-02  1.70850e-02

 1.07609e-02  1.70850e-02
 1.07609e-02  1.70850e-02
 1.08366e-02  1.72161e-02
 1.06853e-02  1.72161e-02
 1.07609e-02  1.70850e-02

 4.09740e-03  1.76550e-02
 4.09740e-03  1.76550e-02
 4.17296e-03  1.77862e-02
 4.02159e-03  1.77860e-02
 4.09740e-03  1.76550e-02

 4.57344e-03  1.76550e-02
 4.57344e-03  1.76550e-02
 4.64900e-03  1.77862e-02
 4.49763e-03  1.77860e-02
 4.57344e-03  1.76550e-02

 5.04948e-03  1.76550e-02
 5.04948e-03  1.76550e-02
 5.12505e-03  1.77862e-02
 4.97369e-03  1.77860e-02
 5.04948e-03  1.76550e-02

 5.52552e-03  1.76550e-02
 5.52552e-03  1.76550e-02
 5.60111e-03  1.77861e-02
 5.44975e-03  1.77860e-02
 5.52552e-03  1.76550e-02

 6.00156e-03  1.76550e-02
 6.00156e-03  1.76550e-02
 6.07718e-03  1.77861e-02
 5.92581e-03  1.77860e-02
 6.00156e-03  1.76550e-02

 6.47760e-03  1.76550e-02
 6.47760e-03  1.76550e-02
 6.55324e-03  1.77861e-02
 6.40187e-03  1.77861e-02
 6.47760e-03  1.76550e-02

 6.95365e-03  1.76550e-02
 6.95365e-03  1.76550e-02
 7.02930e-03  1.77861e-02
 6.87793e-03  1.77861e-02
 6.95365e-03  1.76550e-02

 7.42969e-03  1.76550e-02
 7.42969e-03  1.76550e-02
 7.50535e-03  1.77861e-02
 7.35398e-03  1.77861e-02
 7.42969e-03  1.76550e-02

 7.90573e-03  1.76550e-02
 7.90573e-03  1.76550e-02
 7.98140e-03  1.77861e-02
 7.83003e-03  1.77861e-02
 7.90573e-03  1.76550e-02

 8.38177e-03  1.76550e-02
 8.38177e-03  1.76550e-02
 8.45745e-03  1.77861e-02
 8.30608e-03  1.77861e-02
 8.38177e-03  1.76550e-02

 8.85781e-03  1.76550e-02
 8.85781e-03  1.76550e-02
 8.93349e-03  1.77861e-02
 8.78213e-03  1.77861e-02
 8.85781e-03  1.76550e-02

 9.33385e-03  1.76550e-02
 9.33385e-03  1.76550e-02
 9.40954e-03  1.77861e-02
 9.25817e-03  1.77861e-02
 9.33385e-03  1.76550e-02

 9.80990e-03  1.76550e-02
 9.80990e-03  1.76550e-02
 9.88558e-03  1.77861e-02
 9.73422e-03  1.77861e-02
 9.80990e-03  1.76550e-02

 1.02859e-02  1.76550e-02
 1.02859e-02  1.76550e-02
 1.03616e-02  1.77861e-02
 1.02103e-02  1.77861e-02
 1.02859e-02  1.76550e-02

 1.07620e-02  1.76550e-02
 1.07620e-02  1.76550e-02
 1.08377e-02  1.77861e-02
 1.06863e-02  1.77861e-02
 1.07620e-02  1.76550e-02

 4.12760e-03  1.82250e-02
 4.12760e-03  1.82250e-02
 4.20318e-03  1.83561e-02
 4.05181e-03  1.83560e-02
 4.12760e-03  1.82250e-02

 4.60156e-03  1.82250e-02
 4.60156e-03  1.82250e-02
 4.67716e-03  1.83561e-02
 4.52579e-03  1.83560e-02
 4.60156e-03  1.82250e-02

 5.07552e-03  1.82250e-02
 5.07552e-03  1.82250e-02
 5.15113e-03  1.83561e-02
 4.99977e-03  1.83560e-02
 5.07552e-03  1.82250e-02

 5.54948e-03  1.82250e-02
 5.54948e-03  1.82250e-02
 5.62511e-03  1.83561e-02
 5.47374e-03  1.83561e-02
 5.54948e-03  1.82250e-02

 6.02344e-03  1.82250e-02
 6.02344e-03  1.82250e-02
 6.09908e-03  1.83561e-02
 5.94771e-03  1.83561e-02
 6.02344e-03  1.82250e-02

 6.49740e-03  1.82250e-02
 6.49740e-03  1.82250e-02
 6.57305e-03  1.83561e-02
 6.42168e-03  1.83561e-02
 6.49740e-03  1.82250e-02

 6.97135e-03  1.82250e-02
 6.97135e-03  1.82250e-02
 7.04702e-03  1.83561e-02
 6.89565e-03  1.83561e-02
 6.97135e-03  1.82250e-02

 7.44531e-03  1.82250e-02
 7.44531e-03  1.82250e-02
 7.52099e-03  1.83561e-02
 7.36962e-03  1.83561e-02
 7.44531e-03  1.82250e-02

 7.91927e-03  1.82250e-02
 7.91927e-03  1.82250e-02
 7.99495e-03  1.83561e-02
 7.84358e-03  1.83561e-02
 7.91927e-03  1.82250e-02

 8.39323e-03  1.82250e-02
 8.39323e-03  1.82250e-02
 8.46891e-03  1.83561e-02
 8.31755e-03  1.83561e-02
 8.39323e-03  1.82250e-02

 8.86719e-03  1.82250e-02
 8.86719e-03  1.82250e-02
 8.94287e-03  1.83561e-02
 8.79151e-03  1.83561e-02
 8.86719e-03  1.82250e-02

 9.34115e-03  1.82250e-02
 9.34115e-03  1.82250e-02
 9.41684e-03  1.83561e-02
 9.26547e-03  1.83561e-02
 9.34115e-03  1.82250e-02

 9.81510e-03  1.82250e-02
 9.81510e-03  1.82250e-02
 9.89079e-03  1.83561e-02
 9.73943e-03  1.83561e-02
 9.81510e-03  1.82250e-02

 1.02891e-02  1.82250e-02
 1.02891e-02  1.82250e-02
 1.03648e-02  1.83561e-02
 1.02134e-02  1.83561e-02
 1.02891e-02  1.82250e-02

 1.07630e-02  1.82250e-02
 1.07630e-02  1.82250e-02
 1.08387e-02  1.83561e-02
 1.06873e-02  1.83561e-02
 1.07630e-02  1.82250e-02

 4.15781e-03  1.87950e-02
 4.15781e-03  1.87950e-02
 4.23336e-03  1.89262e-02
 4.08200e-03  1.89260e-02
 4.15781e-03  1.87950e-02

 4.62969e-03  1.87950e-02
 4.62969e-03  1.87950e-02
 4.70528e-03  1.89261e-02
 4.55392e-03  1.89260e-02
 4.62969e-03  1.87950e-02

 5.10156e-03  1.87950e-02
 5.10156e-03  1.87950e-02
 5.17718e-03  1.89261e-02
 5.02582e-03  1.89261e-02
 5.10156e-03  1.87950e-02

 5.57344e-03  1.87950e-02
 5.57344e-03  1.87950e-02
 5.64908e-03  1.89261e-02
 5.49771e-03  1.89261e-02
 5.57344e-03  1.87950e-02

 6.04531e-03  1.87950e-02
 6.04531e-03  1.87950e-02
 6.12097e-03  1.89261e-02
 5.96960e-03  1.89261e-02
 6.04531e-03  1.87950e-02

 6.51719e-03  1.87950e-02
 6.51719e-03  1.87950e-02
 6.59285e-03  1.89261e-02
 6.44148e-03  1.89261e-02
 6.51719e-03  1.87950e-02

 6.98906e-03  1.87950e-02
 6.98906e-03  1.87950e-02
 7.06473e-03  1.89261e-02
 6.91337e-03  1.89261e-02
 6.98906e-03  1.87950e-02

 7.46094e-03  1.87950e-02
 7.46094e-03  1.87950e-02
 7.53662e-03  1.89261e-02
 7.38525e-03  1.89261e-02
 7.46094e-03  1.87950e-02

 7.93281e-03  1.87950e-02
 7.93281e-03  1.87950e-02
 8.00850e-03  1.89261e-02
 7.85713e-03  1.89261e-02
 7.93281e-03  1.87950e-02

 8.40469e-03  1.87950e-02
 8.40469e-03  1.87950e-02
 8.48038e-03  1.89261e-02
 8.32901e-03  1.89261e-02
 8.40469e-03  1.87950e-02

 8.87656e-03  1.87950e-02
 8.87656e-03  1.87950e-02
 8.95225e-03  1.89261e-02
 8.80089e-03  1.89261e-02
 8.87656e-03  1.87950e-02

 9.34844e-03  1.87950e-02
 9.34844e-03  1.87950e-02
 9.42413e-03  1.89261e-02
 9.27277e-03  1.89261e-02
 9.34844e-03  1.87950e-02

 9.82031e-03  1.87950e-02
 9.82031e-03  1.87950e-02
 9.89601e-03  1.89261e-02
 9.74464e-03  1.89261e-02
 9.82031e-03  1.87950e-02

 1.02922e-02  1.87950e-02
 1.02922e-02  1.87950e-02
 1.03679e-02  1.89261e-02
 1.02165e-02  1.89261e-02
 1.02922e-02  1.87950e-02

 1.07641e-02  1.87950e-02
 1.07641e-02  1.87950e-02
 1.08397e-02  1.89261e-02
 1.06884e-02  1.89261e-02
 1.07641e-02  1.87950e-02

 4.18802e-03  1.93650e-02
 4.18802e-03  1.93650e-02
 4.26352e-03  1.94962e-02
 4.11215e-03  1.94960e-02
 4.18802e-03  1.93650e-02

 4.65781e-03  1.93650e-02
 4.65781e-03  1.93650e-02
 4.73338e-03  1.94962e-02
 4.58202e-03  1.94960e-02
 4.65781e-03  1.93650e-02

 5.12760e-03  1.93650e-02
 5.12760e-03  1.93650e-02
 5.20321e-03  1.94961e-02
 5.05185e-03  1.94960e-02
 5.12760e-03  1.93650e-02

 5.59740e-03  1.93650e-02
 5.59740e-03  1.93650e-02
 5.67303e-03  1.94961e-02
 5.52166e-03  1.94961e-02
 5.59740e-03  1.93650e-02

 6.06719e-03  1.93650e-02
 6.06719e-03  1.93650e-02
 6.14284e-03  1.94961e-02
 5.99147e-03  1.94961e-02
 6.06719e-03  1.93650e-02

 6.53698e-03  1.93650e-02
 6.53698e-03  1.93650e-02
 6.61264e-03  1.94961e-02
 6.46128e-03  1.94961e-02
 6.53698e-03  1.93650e-02

 7.00677e-03  1.93650e-02
 7.00677e-03  1.93650e-02
 7.08244e-03  1.94961e-02
 6.93108e-03  1.94961e-02
 7.00677e-03  1.93650e-02

 7.47656e-03  1.93650e-02
 7.47656e-03  1.93650e-02
 7.55224e-03  1.94961e-02
 7.40088e-03  1.94961e-02
 7.47656e-03  1.93650e-02

 7.94635e-03  1.93650e-02
 7.94635e-03  1.93650e-02
 8.02204e-03  1.94961e-02
 7.87067e-03  1.94961e-02
 7.94635e-03  1.93650e-02

 8.41615e-03  1.93650e-02
 8.41615e-03  1.93650e-02
 8.49184e-03  1.94961e-02
 8.34047e-03  1.94961e-02
 8.41615e-03  1.93650e-02

 8.88594e-03  1.93650e-02
 8.88594e-03  1.93650e-02
 8.96164e-03  1.94961e-02
 8.81027e-03  1.94961e-02
 8.88594e-03  1.93650e-02

 9.35573e-03  1.93650e-02
 9.35573e-03  1.93650e-02
 9.43143e-03  1.94961e-02
 9.28007e-03  1.94961e-02
 9.35573e-03  1.93650e-02

 9.82552e-03  1.93650e-02
 9.82552e-03  1.93650e-02
 9.90122e-03  1.94961e-02
 9.74986e-03  1.94961e-02
 9.82552e-03  1.93650e-02

 1.02953e-02  1.93650e-02
 1.02953e-02  1.93650e-02
 1.03710e-02  1.94961e-02
 1.02197e-02  1.94961e-02
 1.02953e-02  1.93650e-02

 1.07651e-02  1.93650e-02
 1.07651e-02  1.93650e-02
 1.08408e-02  1.94961e-02
 1.06894e-02  1.94961e-02
 1.07651e-02  1.93650e-02

 4.21823e-03  1.99350e-02
 4.21823e-03  1.99350e-02
 4.29365e-03  2.00662e-02
 4.14229e-03  2.00659e-02
 4.21823e-03  1.99350e-02

 4.68594e-03  1.99350e-02
 4.68594e-03  1.99350e-02
 4.76147e-03  2.00662e-02
 4.61010e-03  2.00660e-02
 4.68594e-03  1.99350e-02

 5.15365e-03  1.99350e-02
 5.15365e-03  1.99350e-02
 5.22923e-03  2.00661e-02
 5.07787e-03  2.00660e-02
 5.15365e-03  1.99350e-02

 5.62135e-03  1.99350e-02
 5.62135e-03  1.99350e-02
 5.69698e-03  2.00661e-02
 5.54561e-03  2.00661e-02
 5.62135e-03  1.99350e-02

 6.08906e-03  1.99350e-02
 6.08906e-03  1.99350e-02
 6.16471e-03  2.00661e-02
 6.01334e-03  2.00661e-02
 6.08906e-03  1.99350e-02

 6.55677e-03  1.99350e-02
 6.55677e-03  1.99350e-02
 6.63243e-03  2.00661e-02
 6.48106e-03  2.00661e-02
 6.55677e-03  1.99350e-02

 7.02448e-03  1.99350e-02
 7.02448e-03  1.99350e-02
 7.10015e-03  2.00661e-02
 6.94878e-03  2.00661e-02
 7.02448e-03  1.99350e-02

 7.49219e-03  1.99350e-02
 7.49219e-03  1.99350e-02
 7.56787e-03  2.00661e-02
 7.41650e-03  2.00661e-02
 7.49219e-03  1.99350e-02

 7.95990e-03  1.99350e-02
 7.95990e-03  1.99350e-02
 8.03559e-03  2.00661e-02
 7.88422e-03  2.00661e-02
 7.95990e-03  1.99350e-02

 8.42760e-03  1.99350e-02
 8.42760e-03  1.99350e-02
 8.50330e-03  2.00661e-02
 8.35194e-03  2.00661e-02
 8.42760e-03  1.99350e-02

 8.89531e-03  1.99350e-02
 8.89531e-03  1.99350e-02
 8.97102e-03  2.00661e-02
 8.81965e-03  2.00661e-02
 8.89531e-03  1.99350e-02

 9.36302e-03  1.99350e-02
 9.36302e-03  1.99350e-02
 9.43874e-03  2.00661e-02
 9.28737e-03  2.00661e-02
 9.36302e-03  1.99350e-02

 9.83073e-03  1.99350e-02
 9.83073e-03  1.99350e-02
 9.90644e-03  2.00661e-02
 9.75508e-03  2.00661e-02
 9.83073e-03  1.99350e-02

 1.02984e-02  1.99350e-02
 1.02984e-02  1.99350e-02
 1.03742e-02  2.00661e-02
 1.02228e-02  2.00661e-02
 1.02984e-02  1.99350e-02

 1.07661e-02  1.99350e-02
 1.07661e-02  1.99350e-02
 1.08418e-02  2.00661e-02
 1.06905e-02  2.00661e-02
 1.07661e-02  1.99350e-02

 4.24844e-03  2.05050e-02
 4.24844e-03  2.05050e-02
 4.32378e-03  2.06363e-02
 4.17241e-03  2.06359e-02
 4.24844e-03  2.05050e-02

 4.71406e-03  2.05050e-02
 4.71406e-03  2.05050e-02
 4.78955e-03  2.06362e-02
 4.63818e-03  2.06360e-02
 4.71406e-03  2.05050e-02

 5.17969e-03  2.05050e-02
 5.17969e-03  2.05050e-02
 5.25524e-03  2.06362e-02
 5.10388e-03  2.06360e-02
 5.17969e-03  2.05050e-02

 5.64531e-03  2.05050e-02
 5.64531e-03  2.05050e-02
 5.72092e-03  2.06361e-02
 5.56955e-03  2.06360e-02
 5.64531e-03  2.05050e-02

 6.11094e-03  2.05050e-02
 6.11094e-03  2.05050e-02
 6.18657e-03  2.06361e-02
 6.03520e-03  2.06361e-02
 6.11094e-03  2.05050e-02

 6.57656e-03  2.05050e-02
 6.57656e-03  2.05050e-02
 6.65222e-03  2.06361e-02
 6.50085e-03  2.06361e-02
 6.57656e-03  2.05050e-02

 7.04219e-03  2.05050e-02
 7.04219e-03  2.05050e-02
 7.11786e-03  2.06361e-02
 6.96649e-03  2.06361e-02
 7.04219e-03  2.05050e-02

 7.50781e-03  2.05050e-02
 7.50781e-03  2.05050e-02
 7.58349e-03  2.06361e-02
 7.43213e-03  2.06361e-02
 7.50781e-03  2.05050e-02

 7.97344e-03  2.05050e-02
 7.97344e-03  2.05050e-02
 8.04913e-03  2.06361e-02
 7.89777e-03  2.06361e-02
 7.97344e-03  2.05050e-02

 8.43906e-03  2.05050e-02
 8.43906e-03  2.05050e-02
 8.51477e-03  2.06361e-02
 8.36340e-03  2.06361e-02
 8.43906e-03  2.05050e-02

 8.90469e-03  2.05050e-02
 8.90469e-03  2.05050e-02
 8.98041e-03  2.06361e-02
 8.82904e-03  2.06361e-02
 8.90469e-03  2.05050e-02

 9.37031e-03  2.05050e-02
 9.37031e-03  2.05050e-02
 9.44605e-03  2.06361e-02
 9.29468e-03  2.06361e-02
 9.37031e-03  2.05050e-02

 9.83594e-03  2.05050e-02
 9.83594e-03  2.05050e-02
 9.91167e-03  2.06361e-02
 9.76030e-03  2.06361e-02
 9.83594e-03  2.05050e-02

 1.03016e-02  2.05050e-02
 1.03016e-02  2.05050e-02
 1.03773e-02  2.06360e-02
 1.02259e-02  2.06361e-02
 1.03016e-02  2.05050e-02

 1.07672e-02  2.05050e-02
 1.07672e-02  2.05050e-02
 1.08429e-02  2.06361e-02
 1.06915e-02  2.06361e-02
 1.07672e-02  2.05050e-02

 4.27865e-03  2.10750e-02
 4.27865e-03  2.10750e-02
 4.35387e-03  2.12064e-02
 4.20250e-03  2.12058e-02
 4.27865e-03  2.10750e-02

 4.74219e-03  2.10750e-02
 4.74219e-03  2.10750e-02
 4.81760e-03  2.12062e-02
 4.66624e-03  2.12059e-02
 4.74219e-03  2.10750e-02

 5.20573e-03  2.10750e-02
 5.20573e-03  2.10750e-02
 5.28124e-03  2.12062e-02
 5.12987e-03  2.12060e-02
 5.20573e-03  2.10750e-02

 5.66927e-03  2.10750e-02
 5.66927e-03  2.10750e-02
 5.74484e-03  2.12062e-02
 5.59348e-03  2.12060e-02
 5.66927e-03  2.10750e-02

 6.13281e-03  2.10750e-02
 6.13281e-03  2.10750e-02
 6.20843e-03  2.12061e-02
 6.05706e-03  2.12060e-02
 6.13281e-03  2.10750e-02

 6.59635e-03  2.10750e-02
 6.59635e-03  2.10750e-02
 6.67199e-03  2.12061e-02
 6.52063e-03  2.12061e-02
 6.59635e-03  2.10750e-02

 7.05990e-03  2.10750e-02
 7.05990e-03  2.10750e-02
 7.13556e-03  2.12061e-02
 6.98419e-03  2.12061e-02
 7.05990e-03  2.10750e-02

 7.52344e-03  2.10750e-02
 7.52344e-03  2.10750e-02
 7.59912e-03  2.12061e-02
 7.44775e-03  2.12061e-02
 7.52344e-03  2.10750e-02

 7.98698e-03  2.10750e-02
 7.98698e-03  2.10750e-02
 8.06268e-03  2.12061e-02
 7.91131e-03  2.12061e-02
 7.98698e-03  2.10750e-02

 8.45052e-03  2.10750e-02
 8.45052e-03  2.10750e-02
 8.52624e-03  2.12061e-02
 8.37487e-03  2.12061e-02
 8.45052e-03  2.10750e-02

 8.91406e-03  2.10750e-02
 8.91406e-03  2.10750e-02
 8.98980e-03  2.12061e-02
 8.83843e-03  2.12061e-02
 8.91406e-03  2.10750e-02

 9.37760e-03  2.10750e-02
 9.37760e-03  2.10750e-02
 9.45336e-03  2.12060e-02
 9.30200e-03  2.12061e-02
 9.37760e-03  2.10750e-02

 9.84115e-03  2.10750e-02
 9.84115e-03  2.10750e-02
 9.91690e-03  2.12060e-02
 9.76553e-03  2.12061e-02
 9.84115e-03  2.10750e-02

 1.03047e-02  2.10750e-02
 1.03047e-02  2.10750e-02
 1.03805e-02  2.12060e-02
 1.02291e-02  2.12062e-02
 1.03047e-02  2.10750e-02

 1.07682e-02  2.10750e-02
 1.07682e-02  2.10750e-02
 1.08439e-02  2.12061e-02
 1.06926e-02  2.12061e-02
 1.07682e-02  2.10750e-02

 4.30885e-03  2.16450e-02
 4.30885e-03  2.16450e-02
 4.38406e-03  2.17764e-02
 4.23269e-03  2.17758e-02
 4.30885e-03  2.16450e-02

 4.77031e-03  2.16450e-02
 4.77031e-03  2.16450e-02
 4.84570e-03  2.17763e-02
 4.69433e-03  2.17759e-02
 4.77031e-03  2.16450e-02

 5.23177e-03  2.16450e-02
 5.23177e-03  2.16450e-02
 5.30725e-03  2.17762e-02
 5.15588e-03  2.17760e-02
 5.23177e-03  2.16450e-02

 5.69323e-03  2.16450e-02
 5.69323e-03  2.16450e-02
 5.76878e-03  2.17762e-02
 5.61741e-03  2.17760e-02
 5.69323e-03  2.16450e-02

 6.15469e-03  2.16450e-02
 6.15469e-03  2.16450e-02
 6.23028e-03  2.17761e-02
 6.07891e-03  2.17760e-02
 6.15469e-03  2.16450e-02

 6.61615e-03  2.16450e-02
 6.61615e-03  2.16450e-02
 6.69177e-03  2.17761e-02
 6.54040e-03  2.17761e-02
 6.61615e-03  2.16450e-02

 7.07760e-03  2.16450e-02
 7.07760e-03  2.16450e-02
 7.15325e-03  2.17761e-02
 7.00189e-03  2.17761e-02
 7.07760e-03  2.16450e-02

 7.53906e-03  2.16450e-02
 7.53906e-03  2.16450e-02
 7.61474e-03  2.17761e-02
 7.46337e-03  2.17761e-02
 7.53906e-03  2.16450e-02

 8.00052e-03  2.16450e-02
 8.00052e-03  2.16450e-02
 8.07622e-03  2.17761e-02
 7.92486e-03  2.17761e-02
 8.00052e-03  2.16450e-02

 8.46198e-03  2.16450e-02
 8.46198e-03  2.16450e-02
 8.53771e-03  2.17761e-02
 8.38635e-03  2.17761e-02
 8.46198e-03  2.16450e-02

 8.92344e-03  2.16450e-02
 8.92344e-03  2.16450e-02
 8.99920e-03  2.17760e-02
 8.84783e-03  2.17761e-02
 8.92344e-03  2.16450e-02

 9.38490e-03  2.16450e-02
 9.38490e-03  2.16450e-02
 9.46070e-03  2.17760e-02
 9.30933e-03  2.17762e-02
 9.38490e-03  2.16450e-02

 9.84635e-03  2.16450e-02
 9.84635e-03  2.16450e-02
 9.92215e-03  2.17760e-02
 9.77079e-03  2.17762e-02
 9.84635e-03  2.16450e-02

 1.03078e-02  2.16450e-02
 1.03078e-02  2.16450e-02
 1.03837e-02  2.17760e-02
 1.02323e-02  2.17762e-02
 1.03078e-02  2.16450e-02

 1.07693e-02  2.16450e-02
 1.07693e-02  2.16450e-02
 1.08450e-02  2.17761e-02
 1.06936e-02  2.17761e-02
 1.07693e-02  2.16450e-02

 4.33906e-03  2.22150e-02
 4.33906e-03  2.22150e-02
 4.41031e-03  2.23485e-02
 4.25903e-03  2.23435e-02
 4.33906e-03  2.22150e-02

 4.79844e-03  2.22150e-02
 4.79844e-03  2.22150e-02
 4.87126e-03  2.23477e-02
 4.71993e-03  2.23444e-02
 4.79844e-03  2.22150e-02

 5.25781e-03  2.22150e-02
 5.25781e-03  2.22150e-02
 5.33148e-03  2.23472e-02
 5.18013e-03  2.23449e-02
 5.25781e-03  2.22150e-02

 5.71719e-03  2.22150e-02
 5.71719e-03  2.22150e-02
 5.79147e-03  2.23469e-02
 5.64011e-03  2.23453e-02
 5.71719e-03  2.22150e-02

 6.17656e-03  2.22150e-02
 6.17656e-03  2.22150e-02
 6.25124e-03  2.23467e-02
 6.09988e-03  2.23455e-02
 6.17656e-03  2.22150e-02

 6.63594e-03  2.22150e-02
 6.63594e-03  2.22150e-02
 6.71091e-03  2.23465e-02
 6.55954e-03  2.23457e-02
 6.63594e-03  2.22150e-02

 7.09531e-03  2.22150e-02
 7.09531e-03  2.22150e-02
 7.17053e-03  2.23464e-02
 7.01916e-03  2.23458e-02
 7.09531e-03  2.22150e-02

 7.55469e-03  2.22150e-02
 7.55469e-03  2.22150e-02
 7.63014e-03  2.23462e-02
 7.47878e-03  2.23460e-02
 7.55469e-03  2.22150e-02

 8.01406e-03  2.22150e-02
 8.01406e-03  2.22150e-02
 8.08978e-03  2.23461e-02
 7.93841e-03  2.23461e-02
 8.01406e-03  2.22150e-02

 8.47344e-03  2.22150e-02
 8.47344e-03  2.22150e-02
 8.54945e-03  2.23459e-02
 8.39808e-03  2.23463e-02
 8.47344e-03  2.22150e-02

 8.93281e-03  2.22150e-02
 8.93281e-03  2.22150e-02
 9.00909e-03  2.23457e-02
 8.85773e-03  2.23464e-02
 8.93281e-03  2.22150e-02

 9.39219e-03  2.22150e-02
 9.39219e-03  2.22150e-02
 9.46884e-03  2.23455e-02
 9.31748e-03  2.23466e-02
 9.39219e-03  2.22150e-02

 9.85156e-03  2.22150e-02
 9.85156e-03  2.22150e-02
 9.92826e-03  2.23455e-02
 9.77690e-03  2.23467e-02
 9.85156e-03  2.22150e-02

 1.03109e-02  2.22150e-02
 1.03109e-02  2.22150e-02
 1.03885e-02  2.23450e-02
 1.02371e-02  2.23472e-02
 1.03109e-02  2.22150e-02

 1.07703e-02  2.22150e-02
 1.07703e-02  2.22150e-02
 1.08462e-02  2.23460e-02
 1.06949e-02  2.23462e-02
 1.07703e-02  2.22150e-02

