#[ Fluid velocity 2D plot data file: flw.dat ]
 1.95313e-04  1.13850e-02
 1.95313e-04  1.13850e-02
 6.42249e-05  1.14607e-02
 6.42249e-05  1.13093e-02
 1.95313e-04  1.13850e-02

 5.85937e-04  1.13850e-02
 2.45831e-04  1.13850e-02
 3.76919e-04  1.13093e-02
 3.76919e-04  1.14607e-02
 2.45831e-04  1.13850e-02

 9.76562e-04  1.13850e-02
 5.35873e-04  1.13850e-02
 6.66960e-04  1.13093e-02
 6.66960e-04  1.14607e-02
 5.35873e-04  1.13850e-02

 1.36719e-03  1.13850e-02
 7.26353e-04  1.13850e-02
 8.57440e-04  1.13093e-02
 8.57440e-04  1.14607e-02
 7.26353e-04  1.13850e-02

 1.75781e-03  1.13850e-02
 9.82738e-04  1.13850e-02
 1.11383e-03  1.13093e-02
 1.11383e-03  1.14607e-02
 9.82738e-04  1.13850e-02

 2.14844e-03  1.13850e-02
 1.23350e-03  1.13850e-02
 1.36459e-03  1.13093e-02
 1.36459e-03  1.14607e-02
 1.23350e-03  1.13850e-02

 2.53906e-03  1.13850e-02
 1.51340e-03  1.13850e-02
 1.64449e-03  1.13093e-02
 1.64449e-03  1.14607e-02
 1.51340e-03  1.13850e-02

 2.92969e-03  1.13850e-02
 1.80897e-03  1.13850e-02
 1.94005e-03  1.13093e-02
 1.94005e-03  1.14607e-02
 1.80897e-03  1.13850e-02

 3.32031e-03  1.13850e-02
 2.12694e-03  1.13850e-02
 2.25802e-03  1.13093e-02
 2.25802e-03  1.14607e-02
 2.12694e-03  1.13850e-02

 1.97049e-04  1.19550e-02
 1.97049e-04  1.25276e-02
 1.21365e-04  1.23966e-02
 2.72732e-04  1.23966e-02
 1.97049e-04  1.25276e-02

 5.91146e-04  1.19550e-02
 7.20783e-05  1.24782e-02
 1.10672e-04  1.23319e-02
 2.18130e-04  1.24385e-02
 7.20783e-05  1.24782e-02

 9.85243e-04  1.19550e-02
 2.89818e-04  1.24561e-02
 3.51929e-04  1.23180e-02
 4.40417e-04  1.24408e-02
 2.89818e-04  1.24561e-02

 1.37934e-03  1.19550e-02
 3.70934e-04  1.24157e-02
 4.58720e-04  1.22924e-02
 5.21617e-04  1.24300e-02
 3.70934e-04  1.24157e-02

 1.77344e-03  1.19550e-02
 5.49636e-04  1.23721e-02
 6.49297e-04  1.22582e-02
 6.98131e-04  1.24015e-02
 5.49636e-04  1.23721e-02

 2.16753e-03  1.19550e-02
 7.25992e-04  1.23202e-02
 8.34479e-04  1.22146e-02
 8.71651e-04  1.23614e-02
 7.25992e-04  1.23202e-02

 2.56163e-03  1.19550e-02
 9.49347e-04  1.22651e-02
 1.06378e-03  1.21660e-02
 1.09237e-03  1.23146e-02
 9.49347e-04  1.22651e-02

 2.95573e-03  1.19550e-02
 1.20033e-03  1.22075e-02
 1.31930e-03  1.21139e-02
 1.34086e-03  1.22638e-02
 1.20033e-03  1.22075e-02

 3.34983e-03  1.19550e-02
 1.48809e-03  1.21499e-02
 1.61059e-03  1.20609e-02
 1.62634e-03  1.22115e-02
 1.48809e-03  1.21499e-02

 1.98785e-04  1.25250e-02
 1.98785e-04  1.34746e-02
 1.23101e-04  1.33435e-02
 2.74468e-04  1.33435e-02
 1.98785e-04  1.34746e-02

 5.96354e-04  1.25250e-02
 4.75916e-06  1.34411e-02
 1.22963e-05  1.32899e-02
 1.39453e-04  1.33720e-02
 4.75916e-06  1.34411e-02

 9.93924e-04  1.25250e-02
 1.83732e-04  1.33880e-02
 2.18275e-04  1.32406e-02
 3.28632e-04  1.33442e-02
 1.83732e-04  1.33880e-02

 1.39149e-03  1.25250e-02
 2.14161e-04  1.33175e-02
 2.80646e-04  1.31815e-02
 3.65169e-04  1.33071e-02
 2.14161e-04  1.33175e-02

 1.78906e-03  1.25250e-02
 3.55618e-04  1.32306e-02
 4.39806e-04  1.31048e-02
 5.06653e-04  1.32406e-02
 3.55618e-04  1.32306e-02

 2.18663e-03  1.25250e-02
 4.98361e-04  1.31328e-02
 5.96064e-04  1.30172e-02
 6.47335e-04  1.31596e-02
 4.98361e-04  1.31328e-02

 2.58420e-03  1.25250e-02
 6.97337e-04  1.30283e-02
 8.04488e-04  1.29214e-02
 8.43502e-04  1.30677e-02
 6.97337e-04  1.30283e-02

 2.98177e-03  1.25250e-02
 9.30673e-04  1.29216e-02
 1.04501e-03  1.28224e-02
 1.07374e-03  1.29710e-02
 9.30673e-04  1.29216e-02

 3.37934e-03  1.25250e-02
 1.20844e-03  1.28156e-02
 1.32832e-03  1.27232e-02
 1.34841e-03  1.28732e-02
 1.20844e-03  1.28156e-02

 2.00521e-04  1.30950e-02
 2.00521e-04  1.45945e-02
 1.24837e-04  1.44634e-02
 2.76204e-04  1.44634e-02
 2.00521e-04  1.45945e-02

 6.01563e-04  1.30950e-02
-1.04746e-05  1.45727e-02
-3.02367e-05  1.44226e-02
 1.09610e-04  1.44806e-02
-1.04746e-05  1.45727e-02

 1.00260e-03  1.30950e-02
 1.61534e-04  1.44839e-02
 1.64695e-04  1.43326e-02
 2.94174e-04  1.44110e-02
 1.61534e-04  1.44839e-02

 1.40365e-03  1.30950e-02
 1.78860e-04  1.43716e-02
 2.14999e-04  1.42246e-02
 3.24226e-04  1.43294e-02
 1.78860e-04  1.43716e-02

 1.80469e-03  1.30950e-02
 3.11907e-04  1.42268e-02
 3.70637e-04  1.40873e-02
 4.62090e-04  1.42080e-02
 3.11907e-04  1.42268e-02

 2.20573e-03  1.30950e-02
 4.46845e-04  1.40659e-02
 5.25036e-04  1.39363e-02
 5.98184e-04  1.40688e-02
 4.46845e-04  1.40659e-02

 2.60677e-03  1.30950e-02
 6.41574e-04  1.38938e-02
 7.34516e-04  1.37743e-02
 7.91511e-04  1.39145e-02
 6.41574e-04  1.38938e-02

 3.00781e-03  1.30950e-02
 8.72933e-04  1.37187e-02
 9.77536e-04  1.36093e-02
 1.01999e-03  1.37546e-02
 8.72933e-04  1.37187e-02

 3.40885e-03  1.30950e-02
 1.15152e-03  1.35454e-02
 1.26526e-03  1.34455e-02
 1.29488e-03  1.35940e-02
 1.15152e-03  1.35454e-02

 2.02257e-04  1.36650e-02
 2.02257e-04  1.56272e-02
 1.26573e-04  1.54961e-02
 2.77940e-04  1.54961e-02
 2.02257e-04  1.56272e-02

 6.06771e-04  1.36650e-02
 2.88216e-05  1.56220e-02
-6.63519e-06  1.54749e-02
 1.38534e-04  1.55177e-02
 2.88216e-05  1.56220e-02

 1.01128e-03  1.36650e-02
 2.17138e-04  1.55027e-02
 1.99663e-04  1.53524e-02
 3.38612e-04  1.54124e-02
 2.17138e-04  1.55027e-02

 1.41580e-03  1.36650e-02
 2.55949e-04  1.53540e-02
 2.67766e-04  1.52031e-02
 3.92545e-04  1.52888e-02
 2.55949e-04  1.53540e-02

 1.82031e-03  1.36650e-02
 4.05107e-04  1.51564e-02
 4.40438e-04  1.50092e-02
 5.50239e-04  1.51134e-02
 4.05107e-04  1.51564e-02

 2.22483e-03  1.36650e-02
 5.55022e-04  1.49378e-02
 6.13393e-04  1.47982e-02
 7.05156e-04  1.49186e-02
 5.55022e-04  1.49378e-02

 2.62934e-03  1.36650e-02
 7.62305e-04  1.47038e-02
 8.40056e-04  1.45740e-02
 9.13653e-04  1.47062e-02
 7.62305e-04  1.47038e-02

 3.03385e-03  1.36650e-02
 1.00455e-03  1.44669e-02
 1.09865e-03  1.43484e-02
 1.15428e-03  1.44892e-02
 1.00455e-03  1.44669e-02

 3.43837e-03  1.36650e-02
 1.29236e-03  1.42330e-02
 1.39972e-03  1.41263e-02
 1.43845e-03  1.42726e-02
 1.29236e-03  1.42330e-02

 2.03993e-04  1.42350e-02
 2.03993e-04  1.66477e-02
 1.28310e-04  1.65166e-02
 2.79677e-04  1.65166e-02
 2.03993e-04  1.66477e-02

 6.11979e-04  1.42350e-02
 1.04832e-04  1.66550e-02
 5.76450e-05  1.65112e-02
 2.05794e-04  1.65422e-02
 1.04832e-04  1.66550e-02

 1.01997e-03  1.42350e-02
 3.24192e-04  1.65094e-02
 2.90167e-04  1.63619e-02
 4.34913e-04  1.64062e-02
 3.24192e-04  1.65094e-02

 1.42795e-03  1.42350e-02
 4.08268e-04  1.63267e-02
 3.97681e-04  1.61757e-02
 5.33741e-04  1.62420e-02
 4.08268e-04  1.63267e-02

 1.83594e-03  1.42350e-02
 5.89506e-04  1.60799e-02
 6.00178e-04  1.59289e-02
 7.25604e-04  1.60137e-02
 5.89506e-04  1.60799e-02

 2.24392e-03  1.42350e-02
 7.69685e-04  1.58066e-02
 8.04172e-04  1.56592e-02
 9.14569e-04  1.57627e-02
 7.69685e-04  1.58066e-02

 2.65191e-03  1.42350e-02
 1.00019e-03  1.55133e-02
 1.05754e-03  1.53732e-02
 1.15018e-03  1.54929e-02
 1.00019e-03  1.55133e-02

 3.05990e-03  1.42350e-02
 1.26120e-03  1.52165e-02
 1.34002e-03  1.50873e-02
 1.41253e-03  1.52202e-02
 1.26120e-03  1.52165e-02

 3.46788e-03  1.42350e-02
 1.56285e-03  1.49234e-02
 1.66042e-03  1.48077e-02
 1.71186e-03  1.49500e-02
 1.56285e-03  1.49234e-02

 2.05729e-04  1.48050e-02
 2.05729e-04  1.75775e-02
 1.30046e-04  1.74464e-02
 2.81413e-04  1.74464e-02
 2.05729e-04  1.75775e-02

 6.17187e-04  1.48050e-02
 2.09776e-04  1.75941e-02
 1.53834e-04  1.74534e-02
 3.03612e-04  1.74753e-02
 2.09776e-04  1.75941e-02

 1.02865e-03  1.48050e-02
 4.70624e-04  1.74297e-02
 4.23856e-04  1.72857e-02
 5.71913e-04  1.73172e-02
 4.70624e-04  1.74297e-02

 1.44010e-03  1.48050e-02
 6.18257e-04  1.72208e-02
 5.88826e-04  1.70723e-02
 7.32127e-04  1.71211e-02
 6.18257e-04  1.72208e-02

 1.85156e-03  1.48050e-02
 8.43686e-04  1.69353e-02
 8.31335e-04  1.67844e-02
 9.68161e-04  1.68491e-02
 8.43686e-04  1.69353e-02

 2.26302e-03  1.48050e-02
 1.06586e-03  1.66178e-02
 1.07494e-03  1.64668e-02
 1.20125e-03  1.65502e-02
 1.06586e-03  1.66178e-02

 2.67448e-03  1.48050e-02
 1.32815e-03  1.62762e-02
 1.36081e-03  1.61284e-02
 1.47248e-03  1.62306e-02
 1.32815e-03  1.62762e-02

 3.08594e-03  1.48050e-02
 1.61450e-03  1.59299e-02
 1.67268e-03  1.57901e-02
 1.76461e-03  1.59104e-02
 1.61450e-03  1.59299e-02

 3.49740e-03  1.48050e-02
 1.93408e-03  1.55876e-02
 2.01742e-03  1.54612e-02
 2.08518e-03  1.55966e-02
 1.93408e-03  1.55876e-02

 2.07465e-04  1.53750e-02
 2.07465e-04  1.84260e-02
 1.31782e-04  1.82949e-02
 2.83149e-04  1.82949e-02
 2.07465e-04  1.84260e-02

 6.22396e-04  1.53750e-02
 3.33013e-04  1.84480e-02
 2.69953e-04  1.83104e-02
 4.20653e-04  1.83246e-02
 3.33013e-04  1.84480e-02

 1.03733e-03  1.53750e-02
 6.41358e-04  1.82726e-02
 5.84120e-04  1.81325e-02
 7.34093e-04  1.81530e-02
 6.41358e-04  1.82726e-02

 1.45226e-03  1.53750e-02
 8.64408e-04  1.80452e-02
 8.18679e-04  1.79009e-02
 9.66506e-04  1.79334e-02
 8.64408e-04  1.80452e-02

 1.86719e-03  1.53750e-02
 1.14187e-03  1.77319e-02
 1.10810e-03  1.75843e-02
 1.25277e-03  1.76288e-02
 1.14187e-03  1.77319e-02

 2.28212e-03  1.53750e-02
 1.41418e-03  1.73814e-02
 1.39676e-03  1.72311e-02
 1.53569e-03  1.72912e-02
 1.41418e-03  1.73814e-02

 2.69705e-03  1.53750e-02
 1.71437e-03  1.70026e-02
 1.71734e-03  1.68513e-02
 1.84692e-03  1.69295e-02
 1.71437e-03  1.70026e-02

 3.11198e-03  1.53750e-02
 2.03107e-03  1.66174e-02
 2.06001e-03  1.64688e-02
 2.17421e-03  1.65682e-02
 2.03107e-03  1.66174e-02

 3.52691e-03  1.53750e-02
 2.37190e-03  1.62356e-02
 2.43180e-03  1.60966e-02
 2.52224e-03  1.62180e-02
 2.37190e-03  1.62356e-02

 2.09201e-04  1.59450e-02
 2.09201e-04  1.91711e-02
 1.33518e-04  1.90400e-02
 2.84885e-04  1.90400e-02
 2.09201e-04  1.91711e-02

 6.27604e-04  1.59450e-02
 4.67095e-04  1.91953e-02
 3.97969e-04  1.90606e-02
 5.49152e-04  1.90681e-02
 4.67095e-04  1.91953e-02

 1.04601e-03  1.59450e-02
 8.26275e-04  1.90168e-02
 7.60138e-04  1.88806e-02
 9.11119e-04  1.88914e-02
 8.26275e-04  1.90168e-02

 1.46441e-03  1.59450e-02
 1.13232e-03  1.87796e-02
 1.07240e-03  1.86406e-02
 1.22274e-03  1.86583e-02
 1.13232e-03  1.87796e-02

 1.88281e-03  1.59450e-02
 1.46721e-03  1.84510e-02
 1.41400e-03  1.83093e-02
 1.56332e-03  1.83340e-02
 1.46721e-03  1.84510e-02

 2.30122e-03  1.59450e-02
 1.79570e-03  1.80805e-02
 1.75225e-03  1.79355e-02
 1.89955e-03  1.79704e-02
 1.79570e-03  1.80805e-02

 2.71962e-03  1.59450e-02
 2.13869e-03  1.76780e-02
 2.10859e-03  1.75297e-02
 2.25211e-03  1.75778e-02
 2.13869e-03  1.76780e-02

 3.13802e-03  1.59450e-02
 2.49015e-03  1.72668e-02
 2.47988e-03  1.71158e-02
 2.61580e-03  1.71824e-02
 2.49015e-03  1.72668e-02

 3.55642e-03  1.59450e-02
 2.85590e-03  1.68577e-02
 2.87567e-03  1.67077e-02
 2.99575e-03  1.67998e-02
 2.85590e-03  1.68577e-02

 2.10937e-04  1.65150e-02
 2.10937e-04  1.98141e-02
 1.35254e-04  1.96830e-02
 2.86621e-04  1.96830e-02
 2.10938e-04  1.98141e-02

 6.32812e-04  1.65150e-02
 6.04953e-04  1.98380e-02
 5.30372e-04  1.97062e-02
 6.81733e-04  1.97075e-02
 6.04953e-04  1.98380e-02

 1.05469e-03  1.65150e-02
 1.01588e-03  1.96633e-02
 9.41816e-04  1.95313e-02
 1.09317e-03  1.95331e-02
 1.01588e-03  1.96633e-02

 1.47656e-03  1.65150e-02
 1.40845e-03  1.94248e-02
 1.33586e-03  1.92920e-02
 1.48719e-03  1.92955e-02
 1.40845e-03  1.94248e-02

 1.89844e-03  1.65150e-02
 1.80374e-03  1.90926e-02
 1.73292e-03  1.89588e-02
 1.88419e-03  1.89643e-02
 1.80374e-03  1.90926e-02

 2.32031e-03  1.65150e-02
 2.19222e-03  1.87147e-02
 2.12428e-03  1.85794e-02
 2.27539e-03  1.85882e-02
 2.19222e-03  1.87147e-02

 2.74219e-03  1.65150e-02
 2.58174e-03  1.83019e-02
 2.51808e-03  1.81646e-02
 2.66884e-03  1.81781e-02
 2.58174e-03  1.83019e-02

 3.16406e-03  1.65150e-02
 2.97166e-03  1.78778e-02
 2.91505e-03  1.77374e-02
 3.06493e-03  1.77585e-02
 2.97166e-03  1.78778e-02

 3.58594e-03  1.65150e-02
 3.36554e-03  1.74538e-02
 3.32182e-03  1.73089e-02
 3.46918e-03  1.73435e-02
 3.36554e-03  1.74538e-02

 2.12674e-04  1.70850e-02
 2.12674e-04  2.03539e-02
 1.36990e-04  2.02228e-02
 2.88357e-04  2.02228e-02
 2.12674e-04  2.03539e-02

 6.38021e-04  1.70850e-02
 7.41200e-04  2.03753e-02
 6.61445e-04  2.02467e-02
 8.12738e-04  2.02419e-02
 7.41200e-04  2.03753e-02

 1.06337e-03  1.70850e-02
 1.20309e-03  2.02100e-02
 1.12162e-03  2.00825e-02
 1.27284e-03  2.00757e-02
 1.20309e-03  2.02100e-02

 1.48872e-03  1.70850e-02
 1.68261e-03  1.99778e-02
 1.59833e-03  1.98520e-02
 1.74936e-03  1.98419e-02
 1.68261e-03  1.99778e-02

 1.91406e-03  1.70850e-02
 2.13938e-03  1.96526e-02
 2.05253e-03  1.95287e-02
 2.20331e-03  1.95154e-02
 2.13938e-03  1.96526e-02

 2.33941e-03  1.70850e-02
 2.58988e-03  1.92794e-02
 2.49982e-03  1.91577e-02
 2.65021e-03  1.91405e-02
 2.58988e-03  1.92794e-02

 2.76476e-03  1.70850e-02
 3.02848e-03  1.88692e-02
 2.93445e-03  1.87506e-02
 3.08419e-03  1.87285e-02
 3.02848e-03  1.88692e-02

 3.19010e-03  1.70850e-02
 3.45972e-03  1.84451e-02
 3.35999e-03  1.83312e-02
 3.50847e-03  1.83018e-02
 3.45972e-03  1.84451e-02

 3.61545e-03  1.70850e-02
 3.88458e-03  1.80192e-02
 3.77557e-03  1.79141e-02
 3.92102e-03  1.78722e-02
 3.88458e-03  1.80192e-02

 2.14410e-04  1.76550e-02
 2.14410e-04  2.07944e-02
 1.38726e-04  2.06633e-02
 2.90093e-04  2.06633e-02
 2.14410e-04  2.07944e-02

 6.43229e-04  1.76550e-02
 8.70915e-04  2.08115e-02
 7.85997e-04  2.06862e-02
 9.36972e-04  2.06753e-02
 8.70915e-04  2.08115e-02

 1.07205e-03  1.76550e-02
 1.38141e-03  2.06599e-02
 1.29270e-03  2.05373e-02
 1.44327e-03  2.05218e-02
 1.38141e-03  2.06599e-02

 1.50087e-03  1.76550e-02
 1.94526e-03  2.04401e-02
 1.84987e-03  2.03226e-02
 1.99934e-03  2.02987e-02
 1.94526e-03  2.04401e-02

 1.92969e-03  1.76550e-02
 2.46262e-03  2.01315e-02
 2.36105e-03  2.00193e-02
 2.50903e-03  1.99874e-02
 2.46262e-03  2.01315e-02

 2.35851e-03  1.76550e-02
 2.97511e-03  1.97739e-02
 2.86581e-03  1.96692e-02
 3.01115e-03  1.96269e-02
 2.97511e-03  1.97739e-02

 2.78733e-03  1.76550e-02
 3.46376e-03  1.93785e-02
 3.34542e-03  1.92842e-02
 3.48632e-03  1.92289e-02
 3.46376e-03  1.93785e-02

 3.21615e-03  1.76550e-02
 3.93783e-03  1.89670e-02
 3.80833e-03  1.88887e-02
 3.94096e-03  1.88157e-02
 3.93783e-03  1.89670e-02

 3.64497e-03  1.76550e-02
 4.39548e-03  1.85518e-02
 4.25331e-03  1.84999e-02
 4.36939e-03  1.84027e-02
 4.39548e-03  1.85518e-02

 2.16146e-04  1.82250e-02
 2.16146e-04  2.11463e-02
 1.40462e-04  2.10152e-02
 2.91829e-04  2.10152e-02
 2.16146e-04  2.11463e-02

 6.48438e-04  1.82250e-02
 9.90595e-04  2.11574e-02
 9.00229e-04  2.10360e-02
 1.05058e-03  2.10185e-02
 9.90595e-04  2.11574e-02

 1.08073e-03  1.82250e-02
 1.54632e-03  2.10219e-02
 1.45014e-03  2.09050e-02
 1.59945e-03  2.08801e-02
 1.54632e-03  2.10219e-02

 1.51302e-03  1.82250e-02
 2.18943e-03  2.08190e-02
 2.08312e-03  2.07112e-02
 2.22958e-03  2.06730e-02
 2.18943e-03  2.08190e-02

 1.94531e-03  1.82250e-02
 2.76466e-03  2.05344e-02
 2.64950e-03  2.04362e-02
 2.79216e-03  2.03856e-02
 2.76466e-03  2.05344e-02

 2.37760e-03  1.82250e-02
 3.33697e-03  2.02013e-02
 3.21164e-03  2.01164e-02
 3.34781e-03  2.00503e-02
 3.33697e-03  2.02013e-02

 2.80990e-03  1.82250e-02
 3.87476e-03  1.98313e-02
 3.73925e-03  1.97639e-02
 3.86541e-03  1.96802e-02
 3.87476e-03  1.98313e-02

 3.24219e-03  1.82250e-02
 4.39129e-03  1.94439e-02
 4.24630e-03  1.94004e-02
 4.35644e-03  1.92966e-02
 4.39129e-03  1.94439e-02

 3.67448e-03  1.82250e-02
 4.88186e-03  1.90513e-02
 4.73093e-03  1.90397e-02
 4.81642e-03  1.89148e-02
 4.88186e-03  1.90513e-02

 2.17882e-04  1.87950e-02
 2.17882e-04  2.14129e-02
 1.42198e-04  2.12818e-02
 2.93565e-04  2.12818e-02
 2.17882e-04  2.14129e-02

 6.53646e-04  1.87950e-02
 1.09606e-03  2.14165e-02
 9.99619e-04  2.12999e-02
 1.14888e-03  2.12747e-02
 1.09606e-03  2.14165e-02

 1.08941e-03  1.87950e-02
 1.69225e-03  2.12986e-02
 1.58798e-03  2.11889e-02
 1.73514e-03  2.11534e-02
 1.69225e-03  2.12986e-02

 1.52517e-03  1.87950e-02
 2.40651e-03  2.11167e-02
 2.28923e-03  2.10210e-02
 2.43074e-03  2.09673e-02
 2.40651e-03  2.11167e-02

 1.96094e-03  1.87950e-02
 3.03451e-03  2.08626e-02
 2.90693e-03  2.07811e-02
 3.04127e-03  2.07114e-02
 3.03451e-03  2.08626e-02

 2.39670e-03  1.87950e-02
 3.66175e-03  2.05627e-02
 3.52392e-03  2.05002e-02
 3.64701e-03  2.04121e-02
 3.66175e-03  2.05627e-02

 2.83247e-03  1.87950e-02
 4.24502e-03  2.02283e-02
 4.09910e-03  2.01881e-02
 4.20691e-03  2.00818e-02
 4.24502e-03  2.02283e-02

 3.26823e-03  1.87950e-02
 4.80105e-03  1.98764e-02
 4.65030e-03  1.98626e-02
 4.73756e-03  1.97390e-02
 4.80105e-03  1.98764e-02

 3.70399e-03  1.87950e-02
 5.32226e-03  1.95189e-02
 5.17169e-03  1.95344e-02
 5.23350e-03  1.93963e-02
 5.32226e-03  1.95189e-02

 2.19618e-04  1.93650e-02
 2.19618e-04  2.16200e-02
 1.43935e-04  2.14889e-02
 2.95302e-04  2.14889e-02
 2.19618e-04  2.16200e-02

 6.58854e-04  1.93650e-02
 1.18514e-03  2.16133e-02
 1.08157e-03  2.15029e-02
 1.22896e-03  2.14684e-02
 1.18514e-03  2.16133e-02

 1.09809e-03  1.93650e-02
 1.81623e-03  2.15132e-02
 1.70289e-03  2.14129e-02
 1.84645e-03  2.13649e-02
 1.81623e-03  2.15132e-02

 1.53733e-03  1.93650e-02
 2.59114e-03  2.13539e-02
 2.46289e-03  2.12735e-02
 2.59664e-03  2.12026e-02
 2.59114e-03  2.13539e-02

 1.97656e-03  1.93650e-02
 3.26432e-03  2.11343e-02
 3.12598e-03  2.10729e-02
 3.24837e-03  2.09838e-02
 3.26432e-03  2.11343e-02

 2.41580e-03  1.93650e-02
 3.93847e-03  2.08734e-02
 3.79208e-03  2.08349e-02
 3.89861e-03  2.07273e-02
 3.93847e-03  2.08734e-02

 2.85503e-03  1.93650e-02
 4.56056e-03  2.05818e-02
 4.40989e-03  2.05673e-02
 4.49781e-03  2.04441e-02
 4.56056e-03  2.05818e-02

 3.29427e-03  1.93650e-02
 5.14988e-03  2.02742e-02
 4.99886e-03  2.02845e-02
 5.06546e-03  2.01485e-02
 5.14988e-03  2.02742e-02

 3.73351e-03  1.93650e-02
 5.69621e-03  1.99613e-02
 5.54878e-03  1.99956e-02
 5.59278e-03  1.98508e-02
 5.69621e-03  1.99613e-02

 2.21354e-04  1.99350e-02
 2.21354e-04  2.17577e-02
 1.45671e-04  2.16266e-02
 2.97038e-04  2.16266e-02
 2.21354e-04  2.17577e-02

 6.64062e-04  1.99350e-02
 1.25065e-03  2.17397e-02
 1.13816e-03  2.16384e-02
 1.28211e-03  2.15916e-02
 1.25065e-03  2.17397e-02

 1.10677e-03  1.99350e-02
 1.90811e-03  2.16588e-02
 1.78422e-03  2.15719e-02
 1.92148e-03  2.15081e-02
 1.90811e-03  2.16588e-02

 1.54948e-03  1.99350e-02
 2.72772e-03  2.15262e-02
 2.58889e-03  2.14659e-02
 2.71053e-03  2.13758e-02
 2.72772e-03  2.15262e-02

 1.99219e-03  1.99350e-02
 3.43403e-03  2.13471e-02
 3.28742e-03  2.13095e-02
 3.39334e-03  2.12013e-02
 3.43403e-03  2.13471e-02

 2.43490e-03  1.99350e-02
 4.14224e-03  2.11331e-02
 3.99146e-03  2.11197e-02
 4.07841e-03  2.09958e-02
 4.14224e-03  2.11331e-02

 2.87760e-03  1.99350e-02
 4.79187e-03  2.08943e-02
 4.64076e-03  2.09032e-02
 4.70858e-03  2.07679e-02
 4.79187e-03  2.08943e-02

 3.32031e-03  1.99350e-02
 5.40426e-03  2.06420e-02
 5.25580e-03  2.06715e-02
 5.30443e-03  2.05282e-02
 5.40426e-03  2.06420e-02

 3.76302e-03  1.99350e-02
 5.96707e-03  2.03857e-02
 5.82348e-03  2.04336e-02
 5.85381e-03  2.02853e-02
 5.96707e-03  2.03857e-02

 2.23090e-04  2.05050e-02
 2.23090e-04  2.18924e-02
 1.47407e-04  2.17613e-02
 2.98774e-04  2.17613e-02
 2.23090e-04  2.18924e-02

 6.69271e-04  2.05050e-02
 1.29114e-03  2.18581e-02
 1.16763e-03  2.17706e-02
 1.30516e-03  2.17074e-02
 1.29114e-03  2.18581e-02

 1.11545e-03  2.05050e-02
 1.96364e-03  2.17962e-02
 1.82841e-03  2.17282e-02
 1.95492e-03  2.16450e-02
 1.96364e-03  2.17962e-02

 1.56163e-03  2.05050e-02
 2.80829e-03  2.16894e-02
 2.66113e-03  2.16540e-02
 2.76539e-03  2.15443e-02
 2.80829e-03  2.16894e-02

 2.00781e-03  2.05050e-02
 3.53170e-03  2.15513e-02
 3.38079e-03  2.15395e-02
 3.46647e-03  2.14147e-02
 3.53170e-03  2.15513e-02

 2.45399e-03  2.05050e-02
 4.25685e-03  2.13852e-02
 4.10585e-03  2.13957e-02
 4.17226e-03  2.12597e-02
 4.25685e-03  2.13852e-02

 2.90017e-03  2.05050e-02
 4.91880e-03  2.12009e-02
 4.77021e-03  2.12297e-02
 4.81954e-03  2.10866e-02
 4.91880e-03  2.12009e-02

 3.34635e-03  2.05050e-02
 5.53989e-03  2.10062e-02
 5.39524e-03  2.10508e-02
 5.42895e-03  2.09032e-02
 5.53989e-03  2.10062e-02

 3.79253e-03  2.05050e-02
 6.10678e-03  2.08095e-02
 5.96694e-03  2.08674e-02
 5.98669e-03  2.07174e-02
 6.10678e-03  2.08095e-02

 2.24826e-04  2.10750e-02
 2.24826e-04  2.19578e-02
 1.49143e-04  2.18267e-02
 3.00510e-04  2.18267e-02
 2.24826e-04  2.19578e-02

 6.74479e-04  2.10750e-02
 1.28503e-03  2.19160e-02
 1.14677e-03  2.18544e-02
 1.26926e-03  2.17655e-02
 1.28503e-03  2.19160e-02

 1.12413e-03  2.10750e-02
 1.95181e-03  2.18780e-02
 1.80502e-03  2.18410e-02
 1.91042e-03  2.17324e-02
 1.95181e-03  2.18780e-02

 1.57378e-03  2.10750e-02
 2.78858e-03  2.18062e-02
 2.63724e-03  2.18034e-02
 2.71530e-03  2.16737e-02
 2.78858e-03  2.18062e-02

 2.02344e-03  2.10750e-02
 3.50328e-03  2.17181e-02
 3.35289e-03  2.17352e-02
 3.41321e-03  2.15964e-02
 3.50328e-03  2.17181e-02

 2.47309e-03  2.10750e-02
 4.21979e-03  2.16108e-02
 4.07227e-03  2.16447e-02
 4.11666e-03  2.15000e-02
 4.21979e-03  2.16108e-02

 2.92274e-03  2.10750e-02
 4.87258e-03  2.14927e-02
 4.72854e-03  2.15392e-02
 4.76025e-03  2.13912e-02
 4.87258e-03  2.14927e-02

 3.37240e-03  2.10750e-02
 5.48449e-03  2.13682e-02
 5.34424e-03  2.14252e-02
 5.36506e-03  2.12752e-02
 5.48449e-03  2.13682e-02

 3.82205e-03  2.10750e-02
 6.04207e-03  2.12433e-02
 5.90564e-03  2.13088e-02
 5.91708e-03  2.11579e-02
 6.04207e-03  2.12433e-02

 2.26562e-04  2.16450e-02
 2.26562e-04  2.21599e-02
 1.50879e-04  2.20288e-02
 3.02246e-04  2.20288e-02
 2.26563e-04  2.21599e-02

 6.79687e-04  2.16450e-02
 1.23616e-03  2.21004e-02
 1.08678e-03  2.20759e-02
 1.18264e-03  2.19588e-02
 1.23616e-03  2.21004e-02

 1.13281e-03  2.16450e-02
 1.86682e-03  2.20860e-02
 1.71548e-03  2.20833e-02
 1.79343e-03  2.19536e-02
 1.86682e-03  2.20860e-02

 1.58594e-03  2.16450e-02
 2.66087e-03  2.20378e-02
 2.51177e-03  2.20639e-02
 2.56372e-03  2.19217e-02
 2.66087e-03  2.20378e-02

 2.03906e-03  2.16450e-02
 3.33764e-03  2.19881e-02
 3.19157e-03  2.20278e-02
 3.23023e-03  2.18814e-02
 3.33764e-03  2.19881e-02

 2.49219e-03  2.16450e-02
 4.01819e-03  2.19238e-02
 3.87564e-03  2.19747e-02
 3.90284e-03  2.18258e-02
 4.01819e-03  2.19238e-02

 2.94531e-03  2.16450e-02
 4.63843e-03  2.18550e-02
 4.49902e-03  2.19140e-02
 4.51765e-03  2.17638e-02
 4.63843e-03  2.18550e-02

 3.39844e-03  2.16450e-02
 5.22180e-03  2.17823e-02
 5.08540e-03  2.18479e-02
 5.09677e-03  2.16970e-02
 5.22180e-03  2.17823e-02

 3.85156e-03  2.16450e-02
 5.75508e-03  2.17101e-02
 5.62148e-03  2.17813e-02
 5.62666e-03  2.16300e-02
 5.75508e-03  2.17101e-02

 2.28299e-04  2.22150e-02
 2.28299e-04  2.22150e-02
 7.72036e-05  2.22241e-02
 1.44897e-04  2.20887e-02
 2.28299e-04  2.22150e-02

 6.84896e-04  2.22150e-02
 1.06645e-03  2.22150e-02
 9.35359e-04  2.22907e-02
 9.35359e-04  2.21393e-02
 1.06645e-03  2.22150e-02

 1.14149e-03  2.22150e-02
 1.62400e-03  2.22150e-02
 1.49291e-03  2.22907e-02
 1.49291e-03  2.21393e-02
 1.62400e-03  2.22150e-02

 1.59809e-03  2.22150e-02
 2.30672e-03  2.22150e-02
 2.17563e-03  2.22907e-02
 2.17563e-03  2.21393e-02
 2.30672e-03  2.22150e-02

 2.05469e-03  2.22150e-02
 2.90174e-03  2.22150e-02
 2.77065e-03  2.22907e-02
 2.77065e-03  2.21393e-02
 2.90174e-03  2.22150e-02

 2.51128e-03  2.22150e-02
 3.50365e-03  2.22150e-02
 3.37256e-03  2.22907e-02
 3.37256e-03  2.21393e-02
 3.50365e-03  2.22150e-02

 2.96788e-03  2.22150e-02
 4.06302e-03  2.22150e-02
 3.93193e-03  2.22907e-02
 3.93193e-03  2.21393e-02
 4.06302e-03  2.22150e-02

 3.42448e-03  2.22150e-02
 4.59886e-03  2.22150e-02
 4.46777e-03  2.22907e-02
 4.46777e-03  2.21393e-02
 4.59886e-03  2.22150e-02

 3.88108e-03  2.22150e-02
 5.10132e-03  2.22150e-02
 4.97023e-03  2.22907e-02
 4.97023e-03  2.21393e-02
 5.10132e-03  2.22150e-02

 3.76510e-03  1.13850e-02
 2.51095e-03  1.13850e-02
 2.64204e-03  1.13093e-02
 2.64204e-03  1.14607e-02
 2.51095e-03  1.13850e-02

 4.26406e-03  1.13850e-02
 2.97638e-03  1.13850e-02
 3.10747e-03  1.13093e-02
 3.10747e-03  1.14607e-02
 2.97638e-03  1.13850e-02

 4.76302e-03  1.13850e-02
 3.47254e-03  1.13850e-02
 3.60363e-03  1.13093e-02
 3.60363e-03  1.14607e-02
 3.47254e-03  1.13850e-02

 5.26198e-03  1.13850e-02
 3.99837e-03  1.13850e-02
 4.12946e-03  1.13093e-02
 4.12946e-03  1.14607e-02
 3.99837e-03  1.13850e-02

 5.76094e-03  1.13850e-02
 4.55136e-03  1.13850e-02
 4.68245e-03  1.13093e-02
 4.68245e-03  1.14607e-02
 4.55136e-03  1.13850e-02

 6.25990e-03  1.13850e-02
 5.12888e-03  1.13850e-02
 5.25997e-03  1.13093e-02
 5.25997e-03  1.14607e-02
 5.12888e-03  1.13850e-02

 6.75885e-03  1.13850e-02
 5.72797e-03  1.13850e-02
 5.85906e-03  1.13093e-02
 5.85906e-03  1.14607e-02
 5.72797e-03  1.13850e-02

 7.25781e-03  1.13850e-02
 6.34446e-03  1.13850e-02
 6.47555e-03  1.13093e-02
 6.47555e-03  1.14607e-02
 6.34446e-03  1.13850e-02

 7.75677e-03  1.13850e-02
 6.97511e-03  1.13850e-02
 7.10620e-03  1.13093e-02
 7.10620e-03  1.14607e-02
 6.97511e-03  1.13850e-02

 8.25573e-03  1.13850e-02
 7.61218e-03  1.13850e-02
 7.74327e-03  1.13093e-02
 7.74327e-03  1.14607e-02
 7.61218e-03  1.13850e-02

 8.75469e-03  1.13850e-02
 8.25587e-03  1.13850e-02
 8.38696e-03  1.13093e-02
 8.38696e-03  1.14607e-02
 8.25587e-03  1.13850e-02

 9.25365e-03  1.13850e-02
 8.88833e-03  1.13850e-02
 9.01942e-03  1.13093e-02
 9.01942e-03  1.14607e-02
 8.88833e-03  1.13850e-02

 9.75260e-03  1.13850e-02
 9.52748e-03  1.13850e-02
 9.65857e-03  1.13093e-02
 9.65857e-03  1.14607e-02
 9.52748e-03  1.13850e-02

 1.02516e-02  1.13850e-02
 1.01186e-02  1.13850e-02
 1.02497e-02  1.13093e-02
 1.02497e-02  1.14607e-02
 1.01186e-02  1.13850e-02

 1.07505e-02  1.13850e-02
 1.07505e-02  1.13850e-02
 1.06194e-02  1.14607e-02
 1.06194e-02  1.13093e-02
 1.07505e-02  1.13850e-02

 3.79531e-03  1.19550e-02
 1.84994e-03  1.20848e-02
 1.97570e-03  1.20005e-02
 1.98578e-03  1.21516e-02
 1.84994e-03  1.20848e-02

 4.29219e-03  1.19550e-02
 2.30489e-03  1.20137e-02
 2.43369e-03  1.19342e-02
 2.43816e-03  1.20855e-02
 2.30489e-03  1.20137e-02

 4.78906e-03  1.19550e-02
 2.80767e-03  1.19461e-02
 2.93909e-03  1.18710e-02
 2.93842e-03  1.20224e-02
 2.80767e-03  1.19461e-02

 5.28594e-03  1.19550e-02
 3.35487e-03  1.18828e-02
 3.48870e-03  1.18121e-02
 3.48304e-03  1.19634e-02
 3.35487e-03  1.18828e-02

 5.78281e-03  1.19550e-02
 3.94287e-03  1.18248e-02
 4.07898e-03  1.17585e-02
 4.06829e-03  1.19095e-02
 3.94287e-03  1.18248e-02

 6.27969e-03  1.19550e-02
 4.56720e-03  1.17729e-02
 4.70555e-03  1.17115e-02
 4.68955e-03  1.18620e-02
 4.56720e-03  1.17729e-02

 6.77656e-03  1.19550e-02
 5.22339e-03  1.17284e-02
 5.36403e-03  1.16725e-02
 5.34218e-03  1.18222e-02
 5.22339e-03  1.17284e-02

 7.27344e-03  1.19550e-02
 5.90485e-03  1.16928e-02
 6.04784e-03  1.16431e-02
 6.01936e-03  1.17918e-02
 5.90485e-03  1.16928e-02

 7.77031e-03  1.19550e-02
 6.60675e-03  1.16672e-02
 6.75218e-03  1.16252e-02
 6.71583e-03  1.17721e-02
 6.60675e-03  1.16672e-02

 8.26719e-03  1.19550e-02
 7.31804e-03  1.16533e-02
 7.46590e-03  1.16209e-02
 7.42005e-03  1.17652e-02
 7.31804e-03  1.16533e-02

 8.76406e-03  1.19550e-02
 8.03720e-03  1.16516e-02
 8.18732e-03  1.16322e-02
 8.12902e-03  1.17719e-02
 8.03720e-03  1.16516e-02

 9.26094e-03  1.19550e-02
 8.73998e-03  1.16641e-02
 8.89133e-03  1.16619e-02
 8.81753e-03  1.17941e-02
 8.73998e-03  1.16641e-02

 9.75781e-03  1.19550e-02
 9.44530e-03  1.16887e-02
 9.59416e-03  1.17161e-02
 9.49598e-03  1.18313e-02
 9.44530e-03  1.16887e-02

 1.02547e-02  1.19550e-02
 1.00834e-02  1.17322e-02
 1.02233e-02  1.17900e-02
 1.01033e-02  1.18822e-02
 1.00834e-02  1.17322e-02

 1.07516e-02  1.19550e-02
 1.07516e-02  1.17897e-02
 1.08272e-02  1.19208e-02
 1.06759e-02  1.19208e-02
 1.07516e-02  1.17897e-02

 3.82552e-03  1.25250e-02
 1.56433e-03  1.26995e-02
 1.68920e-03  1.26139e-02
 1.70085e-03  1.27648e-02
 1.56433e-03  1.26995e-02

 4.32031e-03  1.25250e-02
 2.01825e-03  1.25766e-02
 2.14761e-03  1.24980e-02
 2.15100e-03  1.26493e-02
 2.01825e-03  1.25766e-02

 4.81510e-03  1.25250e-02
 2.52803e-03  1.24613e-02
 2.66117e-03  1.23893e-02
 2.65695e-03  1.25406e-02
 2.52803e-03  1.24613e-02

 5.30990e-03  1.25250e-02
 3.08722e-03  1.23546e-02
 3.22371e-03  1.22891e-02
 3.21214e-03  1.24401e-02
 3.08722e-03  1.23546e-02

 5.80469e-03  1.25250e-02
 3.69229e-03  1.22577e-02
 3.83184e-03  1.21990e-02
 3.81283e-03  1.23492e-02
 3.69229e-03  1.22577e-02

 6.29948e-03  1.25250e-02
 4.33791e-03  1.21720e-02
 4.48033e-03  1.21207e-02
 4.45353e-03  1.22697e-02
 4.33791e-03  1.21720e-02

 6.79427e-03  1.25250e-02
 5.01874e-03  1.20994e-02
 5.16386e-03  1.20563e-02
 5.12857e-03  1.22035e-02
 5.01874e-03  1.20994e-02

 7.28906e-03  1.25250e-02
 5.72749e-03  1.20420e-02
 5.87508e-03  1.20085e-02
 5.83036e-03  1.21531e-02
 5.72749e-03  1.20420e-02

 7.78385e-03  1.25250e-02
 6.45833e-03  1.20022e-02
 6.60805e-03  1.19799e-02
 6.55251e-03  1.21207e-02
 6.45833e-03  1.20022e-02

 8.27865e-03  1.25250e-02
 7.19948e-03  1.19825e-02
 7.35059e-03  1.19738e-02
 7.28260e-03  1.21090e-02
 7.19948e-03  1.19825e-02

 8.77344e-03  1.25250e-02
 7.94834e-03  1.19849e-02
 8.09947e-03  1.19934e-02
 8.01657e-03  1.21200e-02
 7.94834e-03  1.19849e-02

 9.26823e-03  1.25250e-02
 8.67945e-03  1.20121e-02
 8.82801e-03  1.20412e-02
 8.72859e-03  1.21553e-02
 8.67945e-03  1.20121e-02

 9.76302e-03  1.25250e-02
 9.41049e-03  1.20655e-02
 9.55033e-03  1.21235e-02
 9.43024e-03  1.22156e-02
 9.41049e-03  1.20655e-02

 1.02578e-02  1.25250e-02
 1.00672e-02  1.21513e-02
 1.01942e-02  1.22337e-02
 1.00594e-02  1.23024e-02
 1.00672e-02  1.21513e-02

 1.07526e-02  1.25250e-02
 1.07526e-02  1.22722e-02
 1.08283e-02  1.24033e-02
 1.06769e-02  1.24033e-02
 1.07526e-02  1.22722e-02

 3.85573e-03  1.30950e-02
 1.50954e-03  1.33574e-02
 1.63140e-03  1.32676e-02
 1.64823e-03  1.34181e-02
 1.50954e-03  1.33574e-02

 4.34844e-03  1.30950e-02
 1.96388e-03  1.31614e-02
 2.09281e-03  1.30821e-02
 2.09702e-03  1.32334e-02
 1.96388e-03  1.31614e-02

 4.84115e-03  1.30950e-02
 2.47460e-03  1.29778e-02
 2.60927e-03  1.29087e-02
 2.60178e-03  1.30599e-02
 2.47460e-03  1.29778e-02

 5.33385e-03  1.30950e-02
 3.03701e-03  1.28086e-02
 3.17646e-03  1.27497e-02
 3.15773e-03  1.28999e-02
 3.03701e-03  1.28086e-02

 5.82656e-03  1.30950e-02
 3.64612e-03  1.26555e-02
 3.78958e-03  1.26072e-02
 3.75967e-03  1.27556e-02
 3.64612e-03  1.26555e-02

 6.31927e-03  1.30950e-02
 4.29648e-03  1.25206e-02
 4.44325e-03  1.24836e-02
 4.40191e-03  1.26292e-02
 4.29648e-03  1.25206e-02

 6.81198e-03  1.30950e-02
 4.98248e-03  1.24067e-02
 5.13183e-03  1.23820e-02
 5.07852e-03  1.25237e-02
 4.98248e-03  1.24067e-02

 7.30469e-03  1.30950e-02
 5.69694e-03  1.23170e-02
 5.84791e-03  1.23059e-02
 5.78197e-03  1.24422e-02
 5.69694e-03  1.23170e-02

 7.79740e-03  1.30950e-02
 6.43381e-03  1.22551e-02
 6.58511e-03  1.22594e-02
 6.50573e-03  1.23883e-02
 6.43381e-03  1.22551e-02

 8.29010e-03  1.30950e-02
 7.18127e-03  1.22249e-02
 7.33111e-03  1.22463e-02
 7.23767e-03  1.23653e-02
 7.18127e-03  1.22249e-02

 8.78281e-03  1.30950e-02
 7.93652e-03  1.22301e-02
 8.08229e-03  1.22709e-02
 7.97410e-03  1.23767e-02
 7.93652e-03  1.22301e-02

 9.27552e-03  1.30950e-02
 8.67356e-03  1.22747e-02
 8.81213e-03  1.23356e-02
 8.69010e-03  1.24252e-02
 8.67356e-03  1.22747e-02

 9.76823e-03  1.30950e-02
 9.40935e-03  1.23629e-02
 9.53500e-03  1.24473e-02
 9.39909e-03  1.25139e-02
 9.40935e-03  1.23629e-02

 1.02609e-02  1.30950e-02
 1.00690e-02  1.25010e-02
 1.01813e-02  1.26025e-02
 1.00373e-02  1.26490e-02
 1.00690e-02  1.25010e-02

 1.07536e-02  1.30950e-02
 1.07536e-02  1.26991e-02
 1.08293e-02  1.28302e-02
 1.06780e-02  1.28302e-02
 1.07536e-02  1.26991e-02

 3.88594e-03  1.36650e-02
 1.65608e-03  1.39831e-02
 1.77516e-03  1.38897e-02
 1.79654e-03  1.40395e-02
 1.65608e-03  1.39831e-02

 4.37656e-03  1.36650e-02
 2.11120e-03  1.37244e-02
 2.24026e-03  1.36453e-02
 2.24423e-03  1.37966e-02
 2.11120e-03  1.37244e-02

 4.86719e-03  1.36650e-02
 2.61931e-03  1.34832e-02
 2.75607e-03  1.34183e-02
 2.74387e-03  1.35692e-02
 2.61931e-03  1.34832e-02

 5.35781e-03  1.36650e-02
 3.17593e-03  1.32617e-02
 3.31859e-03  1.32111e-02
 3.29108e-03  1.33599e-02
 3.17593e-03  1.32617e-02

 5.84844e-03  1.36650e-02
 3.77645e-03  1.30619e-02
 3.92347e-03  1.30258e-02
 3.88116e-03  1.31712e-02
 3.77645e-03  1.30619e-02

 6.33906e-03  1.36650e-02
 4.41572e-03  1.28864e-02
 4.56563e-03  1.28654e-02
 4.50883e-03  1.30057e-02
 4.41572e-03  1.28864e-02

 6.82969e-03  1.36650e-02
 5.08859e-03  1.27386e-02
 5.23987e-03  1.27333e-02
 5.16876e-03  1.28669e-02
 5.08859e-03  1.27386e-02

 7.32031e-03  1.36650e-02
 5.78833e-03  1.26224e-02
 5.93928e-03  1.26336e-02
 5.85412e-03  1.27587e-02
 5.78833e-03  1.26224e-02

 7.81094e-03  1.36650e-02
 6.50956e-03  1.25428e-02
 6.65826e-03  1.25711e-02
 6.55941e-03  1.26857e-02
 6.50956e-03  1.25428e-02

 8.30156e-03  1.36650e-02
 7.24131e-03  1.25047e-02
 7.38561e-03  1.25504e-02
 7.27387e-03  1.26525e-02
 7.24131e-03  1.25047e-02

 8.79219e-03  1.36650e-02
 7.98116e-03  1.25139e-02
 8.11853e-03  1.25774e-02
 7.99479e-03  1.26646e-02
 7.98116e-03  1.25139e-02

 9.28281e-03  1.36650e-02
 8.70428e-03  1.25757e-02
 8.83261e-03  1.26560e-02
 8.69893e-03  1.27270e-02
 8.70428e-03  1.25757e-02

 9.77344e-03  1.36650e-02
 9.42734e-03  1.26972e-02
 9.54274e-03  1.27952e-02
 9.40022e-03  1.28462e-02
 9.42734e-03  1.26972e-02

 1.02641e-02  1.36650e-02
 1.00774e-02  1.28848e-02
 1.01815e-02  1.29947e-02
 1.00343e-02  1.30299e-02
 1.00774e-02  1.28848e-02

 1.07547e-02  1.36650e-02
 1.07547e-02  1.31524e-02
 1.08304e-02  1.32835e-02
 1.06790e-02  1.32835e-02
 1.07547e-02  1.31524e-02

 3.91615e-03  1.42350e-02
 1.93460e-03  1.46129e-02
 2.04919e-03  1.45140e-02
 2.07755e-03  1.46627e-02
 1.93460e-03  1.46129e-02

 4.40469e-03  1.42350e-02
 2.38924e-03  1.42935e-02
 2.51807e-03  1.42140e-02
 2.52246e-03  1.43653e-02
 2.38924e-03  1.42935e-02

 4.89323e-03  1.42350e-02
 2.89072e-03  1.39962e-02
 3.02985e-03  1.39365e-02
 3.01192e-03  1.40868e-02
 2.89072e-03  1.39962e-02

 5.38177e-03  1.42350e-02
 3.43519e-03  1.37234e-02
 3.58121e-03  1.36835e-02
 3.54273e-03  1.38299e-02
 3.43519e-03  1.37234e-02

 5.87031e-03  1.42350e-02
 4.01879e-03  1.34776e-02
 4.16878e-03  1.34571e-02
 4.11146e-03  1.35972e-02
 4.01879e-03  1.34776e-02

 6.35885e-03  1.42350e-02
 4.63690e-03  1.32618e-02
 4.78826e-03  1.32604e-02
 4.71379e-03  1.33922e-02
 4.63690e-03  1.32618e-02

 6.84740e-03  1.42350e-02
 5.28514e-03  1.30800e-02
 5.43554e-03  1.30971e-02
 5.34555e-03  1.32188e-02
 5.28514e-03  1.30800e-02

 7.33594e-03  1.42350e-02
 5.95759e-03  1.29370e-02
 6.10491e-03  1.29718e-02
 6.00114e-03  1.30820e-02
 5.95759e-03  1.29370e-02

 7.82448e-03  1.42350e-02
 6.64995e-03  1.28388e-02
 6.79225e-03  1.28904e-02
 6.67642e-03  1.29878e-02
 6.64995e-03  1.28388e-02

 8.31302e-03  1.42350e-02
 7.35252e-03  1.27914e-02
 7.48815e-03  1.28586e-02
 7.36213e-03  1.29425e-02
 7.35252e-03  1.27914e-02

 8.80156e-03  1.42350e-02
 8.06360e-03  1.28026e-02
 8.19091e-03  1.28845e-02
 8.05635e-03  1.29538e-02
 8.06360e-03  1.28026e-02

 9.29010e-03  1.42350e-02
 8.76086e-03  1.28789e-02
 8.87903e-03  1.29735e-02
 8.73802e-03  1.30285e-02
 8.76086e-03  1.28789e-02

 9.77865e-03  1.42350e-02
 9.46010e-03  1.30307e-02
 9.56679e-03  1.31381e-02
 9.42046e-03  1.31768e-02
 9.46010e-03  1.30307e-02

 1.02672e-02  1.42350e-02
 1.00940e-02  1.32638e-02
 1.01915e-02  1.33795e-02
 1.00425e-02  1.34061e-02
 1.00940e-02  1.32638e-02

 1.07557e-02  1.42350e-02
 1.07557e-02  1.35989e-02
 1.08314e-02  1.37300e-02
 1.06800e-02  1.37300e-02
 1.07557e-02  1.35989e-02

 3.94635e-03  1.48050e-02
 2.31591e-03  1.52276e-02
 2.42381e-03  1.51214e-02
 2.46179e-03  1.52680e-02
 2.31591e-03  1.52276e-02

 4.43281e-03  1.48050e-02
 2.77005e-03  1.48593e-02
 2.89860e-03  1.47793e-02
 2.90353e-03  1.49306e-02
 2.77005e-03  1.48593e-02

 4.91927e-03  1.48050e-02
 3.26286e-03  1.45165e-02
 3.40499e-03  1.44644e-02
 3.37902e-03  1.46135e-02
 3.26286e-03  1.45165e-02

 5.40573e-03  1.48050e-02
 3.79125e-03  1.42021e-02
 3.94053e-03  1.41771e-02
 3.88758e-03  1.43189e-02
 3.79125e-03  1.42021e-02

 5.89219e-03  1.48050e-02
 4.35226e-03  1.39190e-02
 4.50362e-03  1.39187e-02
 4.42813e-03  1.40499e-02
 4.35226e-03  1.39190e-02

 6.37865e-03  1.48050e-02
 4.94202e-03  1.36704e-02
 5.09180e-03  1.36923e-02
 4.99799e-03  1.38111e-02
 4.94202e-03  1.36704e-02

 6.86510e-03  1.48050e-02
 5.55714e-03  1.34609e-02
 5.70280e-03  1.35020e-02
 5.59432e-03  1.36076e-02
 5.55714e-03  1.34609e-02

 7.35156e-03  1.48050e-02
 6.19285e-03  1.32956e-02
 6.33271e-03  1.33535e-02
 6.21264e-03  1.34457e-02
 6.19285e-03  1.32956e-02

 7.83802e-03  1.48050e-02
 6.84581e-03  1.31816e-02
 6.97875e-03  1.32540e-02
 6.84960e-03  1.33329e-02
 6.84581e-03  1.31816e-02

 8.32448e-03  1.48050e-02
 7.50831e-03  1.31257e-02
 7.63368e-03  1.32106e-02
 7.49754e-03  1.32767e-02
 7.50831e-03  1.31257e-02

 8.81094e-03  1.48050e-02
 8.17938e-03  1.31375e-02
 8.29659e-03  1.32332e-02
 8.15503e-03  1.32869e-02
 8.17938e-03  1.31375e-02

 9.29740e-03  1.48050e-02
 8.84047e-03  1.32244e-02
 8.94958e-03  1.33293e-02
 8.80417e-03  1.33714e-02
 8.84047e-03  1.32244e-02

 9.78385e-03  1.48050e-02
 9.50601e-03  1.34004e-02
 9.60569e-03  1.35143e-02
 9.45720e-03  1.35437e-02
 9.50601e-03  1.34004e-02

 1.02703e-02  1.48050e-02
 1.01170e-02  1.36705e-02
 1.02096e-02  1.37903e-02
 1.00596e-02  1.38105e-02
 1.01170e-02  1.36705e-02

 1.07568e-02  1.48050e-02
 1.07568e-02  1.40629e-02
 1.08325e-02  1.41940e-02
 1.06811e-02  1.41940e-02
 1.07568e-02  1.40629e-02

 3.97656e-03  1.53750e-02
 2.76601e-03  1.58361e-02
 2.86157e-03  1.57187e-02
 2.91545e-03  1.58601e-02
 2.76601e-03  1.58361e-02

 4.46094e-03  1.53750e-02
 3.22041e-03  1.54290e-02
 3.34808e-03  1.53477e-02
 3.35466e-03  1.54989e-02
 3.22041e-03  1.54290e-02

 4.94531e-03  1.53750e-02
 3.70410e-03  1.50498e-02
 3.85009e-03  1.50098e-02
 3.81173e-03  1.51562e-02
 3.70410e-03  1.50498e-02

 5.42969e-03  1.53750e-02
 4.21504e-03  1.47018e-02
 4.36639e-03  1.46992e-02
 4.29301e-03  1.48316e-02
 4.21504e-03  1.47018e-02

 5.91406e-03  1.53750e-02
 4.75081e-03  1.43884e-02
 4.89973e-03  1.44155e-02
 4.80183e-03  1.45309e-02
 4.75081e-03  1.43884e-02

 6.39844e-03  1.53750e-02
 5.30867e-03  1.41130e-02
 5.45163e-03  1.41627e-02
 5.33706e-03  1.42617e-02
 5.30867e-03  1.41130e-02

 6.88281e-03  1.53750e-02
 5.88599e-03  1.38806e-02
 6.02169e-03  1.39476e-02
 5.89576e-03  1.40316e-02
 5.88599e-03  1.38806e-02

 7.36719e-03  1.53750e-02
 6.47934e-03  1.36966e-02
 6.60754e-03  1.37771e-02
 6.47374e-03  1.38479e-02
 6.47934e-03  1.36966e-02

 7.85156e-03  1.53750e-02
 7.08648e-03  1.35688e-02
 7.20730e-03  1.36600e-02
 7.06792e-03  1.37190e-02
 7.08648e-03  1.35688e-02

 8.33594e-03  1.53750e-02
 7.70163e-03  1.35046e-02
 7.81540e-03  1.36045e-02
 7.67205e-03  1.36531e-02
 7.70163e-03  1.35046e-02

 8.82031e-03  1.53750e-02
 8.32487e-03  1.35149e-02
 8.43174e-03  1.36221e-02
 8.28547e-03  1.36611e-02
 8.32487e-03  1.35149e-02

 9.30469e-03  1.53750e-02
 8.94213e-03  1.36080e-02
 9.04261e-03  1.37212e-02
 8.89434e-03  1.37516e-02
 8.94213e-03  1.36080e-02

 9.78906e-03  1.53750e-02
 9.56568e-03  1.38012e-02
 9.65904e-03  1.39203e-02
 9.50917e-03  1.39416e-02
 9.56568e-03  1.38012e-02

 1.02734e-02  1.53750e-02
 1.01483e-02  1.40990e-02
 1.02364e-02  1.42221e-02
 1.00858e-02  1.42368e-02
 1.01483e-02  1.40990e-02

 1.07578e-02  1.53750e-02
 1.07578e-02  1.45386e-02
 1.08335e-02  1.46697e-02
 1.06821e-02  1.46697e-02
 1.07578e-02  1.45386e-02

 4.00677e-03  1.59450e-02
 3.26483e-03  1.64314e-02
 3.33296e-03  1.62963e-02
 3.41595e-03  1.64228e-02
 3.26483e-03  1.64314e-02

 4.48906e-03  1.59450e-02
 3.72163e-03  1.59985e-02
 3.84713e-03  1.59139e-02
 3.85767e-03  1.60649e-02
 3.72163e-03  1.59985e-02

 4.97135e-03  1.59450e-02
 4.19741e-03  1.55948e-02
 4.34805e-03  1.55799e-02
 4.28565e-03  1.57178e-02
 4.19741e-03  1.55948e-02

 5.45365e-03  1.59450e-02
 4.69106e-03  1.52241e-02
 4.83831e-03  1.52592e-02
 4.73433e-03  1.53692e-02
 4.69106e-03  1.52241e-02

 5.93594e-03  1.59450e-02
 5.20110e-03  1.48900e-02
 5.33812e-03  1.49544e-02
 5.21392e-03  1.50409e-02
 5.20110e-03  1.48900e-02

 6.41823e-03  1.59450e-02
 5.72554e-03  1.45965e-02
 5.85276e-03  1.46786e-02
 5.71812e-03  1.47477e-02
 5.72554e-03  1.45965e-02

 6.90052e-03  1.59450e-02
 6.26265e-03  1.43485e-02
 6.38157e-03  1.44422e-02
 6.24101e-03  1.44983e-02
 6.26265e-03  1.43485e-02

 7.38281e-03  1.59450e-02
 6.81021e-03  1.41519e-02
 6.92218e-03  1.42538e-02
 6.77799e-03  1.42998e-02
 6.81021e-03  1.41519e-02

 7.86510e-03  1.59450e-02
 7.36688e-03  1.40142e-02
 7.47292e-03  1.41223e-02
 7.32635e-03  1.41601e-02
 7.36688e-03  1.40142e-02

 8.34740e-03  1.59450e-02
 7.92946e-03  1.39435e-02
 8.03034e-03  1.40563e-02
 7.88217e-03  1.40873e-02
 7.92946e-03  1.39435e-02

 8.82969e-03  1.59450e-02
 8.49851e-03  1.39513e-02
 8.59465e-03  1.40682e-02
 8.44533e-03  1.40930e-02
 8.49851e-03  1.39513e-02

 9.31198e-03  1.59450e-02
 9.06539e-03  1.40465e-02
 9.15733e-03  1.41667e-02
 9.00723e-03  1.41862e-02
 9.06539e-03  1.40465e-02

 9.79427e-03  1.59450e-02
 9.63926e-03  1.42492e-02
 9.72657e-03  1.43729e-02
 9.57583e-03  1.43867e-02
 9.63926e-03  1.42492e-02

 1.02766e-02  1.59450e-02
 1.01877e-02  1.45640e-02
 1.02716e-02  1.46900e-02
 1.01206e-02  1.46997e-02
 1.01877e-02  1.45640e-02

 1.07589e-02  1.59450e-02
 1.07589e-02  1.50372e-02
 1.08345e-02  1.51683e-02
 1.06832e-02  1.51683e-02
 1.07589e-02  1.50372e-02

 4.03698e-03  1.65150e-02
 3.79214e-03  1.70134e-02
 3.78201e-03  1.68624e-02
 3.91786e-03  1.69291e-02
 3.79214e-03  1.70134e-02

 4.51719e-03  1.65150e-02
 4.25377e-03  1.65676e-02
 4.36751e-03  1.64677e-02
 4.39714e-03  1.66161e-02
 4.25377e-03  1.65676e-02

 4.99740e-03  1.65150e-02
 4.72376e-03  1.61511e-02
 4.86303e-03  1.62104e-02
 4.74205e-03  1.63013e-02
 4.72376e-03  1.61511e-02

 5.47760e-03  1.65150e-02
 5.20167e-03  1.57685e-02
 5.31811e-03  1.58652e-02
 5.17613e-03  1.59177e-02
 5.20167e-03  1.57685e-02

 5.95781e-03  1.65150e-02
 5.68673e-03  1.54237e-02
 5.79178e-03  1.55327e-02
 5.64488e-03  1.55692e-02
 5.68673e-03  1.54237e-02

 6.43802e-03  1.65150e-02
 6.17787e-03  1.51210e-02
 6.27631e-03  1.52360e-02
 6.12752e-03  1.52637e-02
 6.17787e-03  1.51210e-02

 6.91823e-03  1.65150e-02
 6.67407e-03  1.48653e-02
 6.76813e-03  1.49838e-02
 6.61839e-03  1.50060e-02
 6.67407e-03  1.48653e-02

 7.39844e-03  1.65150e-02
 7.17436e-03  1.46621e-02
 7.26524e-03  1.47832e-02
 7.11496e-03  1.48013e-02
 7.17436e-03  1.46621e-02

 7.87865e-03  1.65150e-02
 7.67833e-03  1.45193e-02
 7.76672e-03  1.46422e-02
 7.61611e-03  1.46573e-02
 7.67833e-03  1.45193e-02

 8.35885e-03  1.65150e-02
 8.18519e-03  1.44444e-02
 8.27157e-03  1.45687e-02
 8.12073e-03  1.45813e-02
 8.18519e-03  1.44444e-02

 8.83906e-03  1.65150e-02
 8.69590e-03  1.44495e-02
 8.78047e-03  1.45751e-02
 8.62946e-03  1.45855e-02
 8.69590e-03  1.44495e-02

 9.31927e-03  1.65150e-02
 9.20771e-03  1.45434e-02
 9.29067e-03  1.46700e-02
 9.13955e-03  1.46785e-02
 9.20771e-03  1.45434e-02

 9.79948e-03  1.65150e-02
 9.72573e-03  1.47488e-02
 9.80682e-03  1.48766e-02
 9.65558e-03  1.48829e-02
 9.72573e-03  1.47488e-02

 1.02797e-02  1.65150e-02
 1.02351e-02  1.50696e-02
 1.03148e-02  1.51983e-02
 1.01635e-02  1.52030e-02
 1.02351e-02  1.50696e-02

 1.07599e-02  1.65150e-02
 1.07599e-02  1.55612e-02
 1.08356e-02  1.56923e-02
 1.06842e-02  1.56923e-02
 1.07599e-02  1.55612e-02

 4.06719e-03  1.70850e-02
 4.33136e-03  1.75778e-02
 4.20272e-03  1.74980e-02
 4.33613e-03  1.74265e-02
 4.33136e-03  1.75778e-02

 4.54531e-03  1.70850e-02
 4.80031e-03  1.71325e-02
 4.65758e-03  1.71829e-02
 4.68528e-03  1.70341e-02
 4.80031e-03  1.71325e-02

 5.02344e-03  1.70850e-02
 5.26670e-03  1.67159e-02
 5.25776e-03  1.68670e-02
 5.13137e-03  1.67837e-02
 5.26670e-03  1.67159e-02

 5.50156e-03  1.70850e-02
 5.73069e-03  1.63332e-02
 5.76487e-03  1.64806e-02
 5.62008e-03  1.64365e-02
 5.73069e-03  1.63332e-02

 5.97969e-03  1.70850e-02
 6.19219e-03  1.59888e-02
 6.24154e-03  1.61319e-02
 6.09294e-03  1.61031e-02
 6.19219e-03  1.59888e-02

 6.45781e-03  1.70850e-02
 6.65089e-03  1.56868e-02
 6.70793e-03  1.58270e-02
 6.55798e-03  1.58063e-02
 6.65089e-03  1.56868e-02

 6.93594e-03  1.70850e-02
 7.10654e-03  1.54322e-02
 7.16837e-03  1.55704e-02
 7.01780e-03  1.55548e-02
 7.10654e-03  1.54322e-02

 7.41406e-03  1.70850e-02
 7.55941e-03  1.52303e-02
 7.62462e-03  1.53669e-02
 7.47371e-03  1.53551e-02
 7.55941e-03  1.52303e-02

 7.89219e-03  1.70850e-02
 8.00993e-03  1.50880e-02
 8.07777e-03  1.52233e-02
 7.92666e-03  1.52144e-02
 8.00993e-03  1.50880e-02

 8.37031e-03  1.70850e-02
 8.45975e-03  1.50126e-02
 8.52971e-03  1.51468e-02
 8.37848e-03  1.51403e-02
 8.45975e-03  1.50126e-02

 8.84844e-03  1.70850e-02
 8.90996e-03  1.50159e-02
 8.98171e-03  1.51492e-02
 8.83041e-03  1.51447e-02
 8.90996e-03  1.50159e-02

 9.32656e-03  1.70850e-02
 9.36398e-03  1.51063e-02
 9.43717e-03  1.52388e-02
 9.28583e-03  1.52359e-02
 9.36398e-03  1.51063e-02

 9.80469e-03  1.70850e-02
 9.82203e-03  1.53077e-02
 9.89643e-03  1.54395e-02
 9.74507e-03  1.54381e-02
 9.82203e-03  1.53077e-02

 1.02828e-02  1.70850e-02
 1.02888e-02  1.56241e-02
 1.03640e-02  1.57555e-02
 1.02126e-02  1.57549e-02
 1.02888e-02  1.56241e-02

 1.07609e-02  1.70850e-02
 1.07609e-02  1.61170e-02
 1.08366e-02  1.62481e-02
 1.06853e-02  1.62481e-02
 1.07609e-02  1.61170e-02

 4.09740e-03  1.76550e-02
 4.86407e-03  1.81228e-02
 4.71275e-03  1.81191e-02
 4.79159e-03  1.79899e-02
 4.86407e-03  1.81228e-02

 4.57344e-03  1.76550e-02
 5.34208e-03  1.76914e-02
 5.20756e-03  1.77608e-02
 5.21472e-03  1.76096e-02
 5.34208e-03  1.76914e-02

 5.04948e-03  1.76550e-02
 5.80654e-03  1.72876e-02
 5.72165e-03  1.74130e-02
 5.65556e-03  1.72768e-02
 5.80654e-03  1.72876e-02

 5.52552e-03  1.76550e-02
 6.25827e-03  1.69171e-02
 6.21961e-03  1.70634e-02
 6.11220e-03  1.69568e-02
 6.25827e-03  1.69171e-02

 6.00156e-03  1.76550e-02
 6.69766e-03  1.65844e-02
 6.68966e-03  1.67355e-02
 6.56275e-03  1.66530e-02
 6.69766e-03  1.65844e-02

 6.47760e-03  1.76550e-02
 7.12522e-03  1.62936e-02
 7.13725e-03  1.64445e-02
 7.00056e-03  1.63795e-02
 7.12522e-03  1.62936e-02

 6.95365e-03  1.76550e-02
 7.54151e-03  1.60495e-02
 7.56751e-03  1.61986e-02
 7.42537e-03  1.61465e-02
 7.54151e-03  1.60495e-02

 7.42969e-03  1.76550e-02
 7.94806e-03  1.58565e-02
 7.98448e-03  1.60034e-02
 7.83903e-03  1.59615e-02
 7.94806e-03  1.58565e-02

 7.90573e-03  1.76550e-02
 8.34612e-03  1.57209e-02
 8.39081e-03  1.58655e-02
 8.24323e-03  1.58319e-02
 8.34612e-03  1.57209e-02

 8.38177e-03  1.76550e-02
 8.73973e-03  1.56492e-02
 8.79121e-03  1.57915e-02
 8.64219e-03  1.57649e-02
 8.73973e-03  1.56492e-02

 8.85781e-03  1.76550e-02
 9.12989e-03  1.56522e-02
 9.18724e-03  1.57923e-02
 9.03725e-03  1.57719e-02
 9.12989e-03  1.56522e-02

 9.33385e-03  1.76550e-02
 9.52612e-03  1.57376e-02
 9.58835e-03  1.58756e-02
 9.43774e-03  1.58605e-02
 9.52612e-03  1.57376e-02

 9.80990e-03  1.76550e-02
 9.92314e-03  1.59296e-02
 9.99008e-03  1.60654e-02
 9.83903e-03  1.60555e-02
 9.92314e-03  1.59296e-02

 1.02859e-02  1.76550e-02
 1.03462e-02  1.62318e-02
 1.04162e-02  1.63659e-02
 1.02650e-02  1.63595e-02
 1.03462e-02  1.62318e-02

 1.07620e-02  1.76550e-02
 1.07620e-02  1.67082e-02
 1.08377e-02  1.68393e-02
 1.06863e-02  1.68393e-02
 1.07620e-02  1.67082e-02

 4.12760e-03  1.82250e-02
 5.37222e-03  1.86471e-02
 5.22377e-03  1.86767e-02
 5.27239e-03  1.85333e-02
 5.37222e-03  1.86471e-02

 4.60156e-03  1.82250e-02
 5.85942e-03  1.82426e-02
 5.72729e-03  1.83165e-02
 5.72941e-03  1.81651e-02
 5.85942e-03  1.82426e-02

 5.07552e-03  1.82250e-02
 6.32256e-03  1.78643e-02
 6.21766e-03  1.79734e-02
 6.17560e-03  1.78280e-02
 6.32256e-03  1.78643e-02

 5.54948e-03  1.82250e-02
 6.76269e-03  1.75178e-02
 6.68755e-03  1.76492e-02
 6.61132e-03  1.75184e-02
 6.76269e-03  1.75178e-02

 6.02344e-03  1.82250e-02
 7.18094e-03  1.72080e-02
 7.13242e-03  1.73513e-02
 7.03251e-03  1.72376e-02
 7.18094e-03  1.72080e-02

 6.49740e-03  1.82250e-02
 7.57869e-03  1.69388e-02
 7.55226e-03  1.70878e-02
 7.43640e-03  1.69904e-02
 7.57869e-03  1.69388e-02

 6.97135e-03  1.82250e-02
 7.95728e-03  1.67140e-02
 7.94903e-03  1.68651e-02
 7.82227e-03  1.67824e-02
 7.95728e-03  1.67140e-02

 7.44531e-03  1.82250e-02
 8.31968e-03  1.65376e-02
 8.32657e-03  1.66888e-02
 8.19218e-03  1.66191e-02
 8.31968e-03  1.65376e-02

 7.91927e-03  1.82250e-02
 8.66798e-03  1.64149e-02
 8.68781e-03  1.65649e-02
 8.54794e-03  1.65071e-02
 8.66798e-03  1.64149e-02

 8.39323e-03  1.82250e-02
 9.00841e-03  1.63509e-02
 9.03944e-03  1.64990e-02
 8.89562e-03  1.64518e-02
 9.00841e-03  1.63509e-02

 8.86719e-03  1.82250e-02
 9.34183e-03  1.63555e-02
 9.38293e-03  1.65012e-02
 9.23621e-03  1.64640e-02
 9.34183e-03  1.63555e-02

 9.34115e-03  1.82250e-02
 9.68332e-03  1.64355e-02
 9.73304e-03  1.65784e-02
 9.58436e-03  1.65500e-02
 9.68332e-03  1.64355e-02

 9.81510e-03  1.82250e-02
 1.00220e-02  1.66132e-02
 1.00804e-02  1.67529e-02
 9.93027e-03  1.67336e-02
 1.00220e-02  1.66132e-02

 1.02891e-02  1.82250e-02
 1.04027e-02  1.68926e-02
 1.04670e-02  1.70296e-02
 1.03162e-02  1.70168e-02
 1.04027e-02  1.68926e-02

 1.07630e-02  1.82250e-02
 1.07630e-02  1.73351e-02
 1.08387e-02  1.74662e-02
 1.06873e-02  1.74662e-02
 1.07630e-02  1.73351e-02

 4.15781e-03  1.87950e-02
 5.83223e-03  1.91524e-02
 5.68824e-03  1.91990e-02
 5.71983e-03  1.90510e-02
 5.83223e-03  1.91524e-02

 4.62969e-03  1.87950e-02
 6.32697e-03  1.87879e-02
 6.19620e-03  1.88641e-02
 6.19556e-03  1.87128e-02
 6.32697e-03  1.87879e-02

 5.10156e-03  1.87950e-02
 6.78779e-03  1.84476e-02
 6.67467e-03  1.85482e-02
 6.64413e-03  1.84000e-02
 6.78779e-03  1.84476e-02

 5.57344e-03  1.87950e-02
 7.21622e-03  1.81373e-02
 7.12265e-03  1.82563e-02
 7.06640e-03  1.81158e-02
 7.21622e-03  1.81373e-02

 6.04531e-03  1.87950e-02
 7.61400e-03  1.78615e-02
 7.54006e-03  1.79936e-02
 7.46265e-03  1.78635e-02
 7.61400e-03  1.78615e-02

 6.51719e-03  1.87950e-02
 7.98355e-03  1.76236e-02
 7.92837e-03  1.77645e-02
 7.83390e-03  1.76463e-02
 7.98355e-03  1.76236e-02

 6.98906e-03  1.87950e-02
 8.32722e-03  1.74266e-02
 8.28968e-03  1.75733e-02
 8.18146e-03  1.74674e-02
 8.32722e-03  1.74266e-02

 7.46094e-03  1.87950e-02
 8.64932e-03  1.72738e-02
 8.62826e-03  1.74237e-02
 8.50898e-03  1.73305e-02
 8.64932e-03  1.72738e-02

 7.93281e-03  1.87950e-02
 8.95280e-03  1.71691e-02
 8.94725e-03  1.73204e-02
 8.81902e-03  1.72399e-02
 8.95280e-03  1.71691e-02

 8.40469e-03  1.87950e-02
 9.24591e-03  1.71164e-02
 9.25484e-03  1.72675e-02
 9.11952e-03  1.71997e-02
 9.24591e-03  1.71164e-02

 8.87656e-03  1.87950e-02
 9.52937e-03  1.71241e-02
 9.55216e-03  1.72738e-02
 9.41117e-03  1.72187e-02
 9.52937e-03  1.71241e-02

 9.34844e-03  1.87950e-02
 9.82287e-03  1.71980e-02
 9.85809e-03  1.73452e-02
 9.71299e-03  1.73021e-02
 9.82287e-03  1.71980e-02

 9.82031e-03  1.87950e-02
 1.01105e-02  1.73576e-02
 1.01587e-02  1.75011e-02
 1.00103e-02  1.74711e-02
 1.01105e-02  1.73576e-02

 1.02922e-02  1.87950e-02
 1.04538e-02  1.76068e-02
 1.05112e-02  1.77469e-02
 1.03612e-02  1.77265e-02
 1.04538e-02  1.76068e-02

 1.07641e-02  1.87950e-02
 1.07641e-02  1.79987e-02
 1.08397e-02  1.81297e-02
 1.06884e-02  1.81297e-02
 1.07641e-02  1.79987e-02

 4.18802e-03  1.93650e-02
 6.22050e-03  1.96428e-02
 6.08037e-03  1.97000e-02
 6.10087e-03  1.95500e-02
 6.22050e-03  1.96428e-02

 4.65781e-03  1.93650e-02
 6.71852e-03  1.93286e-02
 6.58879e-03  1.94066e-02
 6.58612e-03  1.92552e-02
 6.71852e-03  1.93286e-02

 5.12760e-03  1.93650e-02
 7.17409e-03  1.90366e-02
 7.05665e-03  1.91321e-02
 7.03266e-03  1.89826e-02
 7.17409e-03  1.90366e-02

 5.59740e-03  1.93650e-02
 7.58938e-03  1.87720e-02
 7.48534e-03  1.88819e-02
 7.44215e-03  1.87369e-02
 7.58938e-03  1.87720e-02

 6.06719e-03  1.93650e-02
 7.96692e-03  1.85387e-02
 7.87690e-03  1.86604e-02
 7.81652e-03  1.85216e-02
 7.96692e-03  1.85387e-02

 6.53698e-03  1.93650e-02
 8.31024e-03  1.83394e-02
 8.23466e-03  1.84706e-02
 8.15888e-03  1.83395e-02
 8.31024e-03  1.83394e-02

 7.00677e-03  1.93650e-02
 8.62276e-03  1.81765e-02
 8.56200e-03  1.83152e-02
 8.47232e-03  1.81932e-02
 8.62276e-03  1.81765e-02

 7.47656e-03  1.93650e-02
 8.91016e-03  1.80520e-02
 8.86461e-03  1.81963e-02
 8.76237e-03  1.80847e-02
 8.91016e-03  1.80520e-02

 7.94635e-03  1.93650e-02
 9.17621e-03  1.79686e-02
 9.14637e-03  1.81170e-02
 9.03277e-03  1.80169e-02
 9.17621e-03  1.79686e-02

 8.41615e-03  1.93650e-02
 9.43083e-03  1.79294e-02
 9.41698e-03  1.80801e-02
 9.29337e-03  1.79927e-02
 9.43083e-03  1.79294e-02

 8.88594e-03  1.93650e-02
 9.67456e-03  1.79407e-02
 9.67727e-03  1.80921e-02
 9.54485e-03  1.80187e-02
 9.67456e-03  1.79407e-02

 9.35573e-03  1.93650e-02
 9.93051e-03  1.80077e-02
 9.94908e-03  1.81579e-02
 9.80970e-03  1.80989e-02
 9.93051e-03  1.80077e-02

 9.82552e-03  1.93650e-02
 1.01788e-02  1.81457e-02
 1.02150e-02  1.82927e-02
 1.00696e-02  1.82506e-02
 1.01788e-02  1.81457e-02

 1.02953e-02  1.93650e-02
 1.04932e-02  1.83595e-02
 1.05421e-02  1.85028e-02
 1.03936e-02  1.84736e-02
 1.04932e-02  1.83595e-02

 1.07651e-02  1.93650e-02
 1.07651e-02  1.86883e-02
 1.08408e-02  1.88194e-02
 1.06894e-02  1.88194e-02
 1.07651e-02  1.86883e-02

 4.21823e-03  1.99350e-02
 6.49827e-03  2.01270e-02
 6.36129e-03  2.01914e-02
 6.37399e-03  2.00406e-02
 6.49827e-03  2.01270e-02

 4.68594e-03  1.99350e-02
 6.99375e-03  1.98746e-02
 6.86469e-03  1.99536e-02
 6.86073e-03  1.98023e-02
 6.99375e-03  1.98746e-02

 5.15365e-03  1.99350e-02
 7.44080e-03  1.96414e-02
 7.32042e-03  1.97332e-02
 7.30114e-03  1.95830e-02
 7.44080e-03  1.96414e-02

 5.62135e-03  1.99350e-02
 7.84206e-03  1.94320e-02
 7.73093e-03  1.95348e-02
 7.69749e-03  1.93871e-02
 7.84206e-03  1.94320e-02

 6.08906e-03  1.99350e-02
 8.20116e-03  1.92492e-02
 8.09985e-03  1.93617e-02
 8.05311e-03  1.92177e-02
 8.20116e-03  1.92492e-02

 6.55677e-03  1.99350e-02
 8.52257e-03  1.90950e-02
 8.43177e-03  1.92161e-02
 8.37229e-03  1.90769e-02
 8.52257e-03  1.90950e-02

 7.02448e-03  1.99350e-02
 8.81091e-03  1.89707e-02
 8.73151e-03  1.90996e-02
 8.65961e-03  1.89664e-02
 8.81091e-03  1.89707e-02

 7.49219e-03  1.99350e-02
 9.07284e-03  1.88775e-02
 9.00597e-03  1.90133e-02
 8.92180e-03  1.88875e-02
 9.07284e-03  1.88775e-02

 7.95990e-03  1.99350e-02
 9.31289e-03  1.88170e-02
 9.26005e-03  1.89588e-02
 9.16363e-03  1.88422e-02
 9.31289e-03  1.88170e-02

 8.42760e-03  1.99350e-02
 9.54197e-03  1.87915e-02
 9.50468e-03  1.89382e-02
 9.39628e-03  1.88326e-02
 9.54197e-03  1.87915e-02

 8.89531e-03  1.99350e-02
 9.76060e-03  1.88057e-02
 9.74095e-03  1.89557e-02
 9.62080e-03  1.88637e-02
 9.76060e-03  1.88057e-02

 9.36302e-03  1.99350e-02
 9.99370e-03  1.88639e-02
 9.99240e-03  1.90153e-02
 9.86197e-03  1.89385e-02
 9.99370e-03  1.88639e-02

 9.83073e-03  1.99350e-02
 1.02190e-02  1.89770e-02
 1.02399e-02  1.91269e-02
 1.00996e-02  1.90701e-02
 1.02190e-02  1.89770e-02

 1.02984e-02  1.99350e-02
 1.05168e-02  1.91508e-02
 1.05546e-02  1.92974e-02
 1.04087e-02  1.92567e-02
 1.05168e-02  1.91508e-02

 1.07661e-02  1.99350e-02
 1.07661e-02  1.94056e-02
 1.08418e-02  1.95366e-02
 1.06905e-02  1.95366e-02
 1.07661e-02  1.94056e-02

 4.24844e-03  2.05050e-02
 6.63406e-03  2.06134e-02
 6.49967e-03  2.06830e-02
 6.50654e-03  2.05318e-02
 6.63406e-03  2.06134e-02

 4.71406e-03  2.05050e-02
 7.11943e-03  2.04248e-02
 6.99094e-03  2.05048e-02
 6.98590e-03  2.03535e-02
 7.11943e-03  2.04248e-02

 5.17969e-03  2.05050e-02
 7.55365e-03  2.02523e-02
 7.43131e-03  2.03414e-02
 7.41529e-03  2.01909e-02
 7.55365e-03  2.02523e-02

 5.64531e-03  2.05050e-02
 7.94019e-03  2.00991e-02
 7.82428e-03  2.01965e-02
 7.79792e-03  2.00474e-02
 7.94019e-03  2.00991e-02

 6.11094e-03  2.05050e-02
 8.28366e-03  1.99672e-02
 8.17459e-03  2.00722e-02
 8.13823e-03  1.99253e-02
 8.28366e-03  1.99672e-02

 6.57656e-03  2.05050e-02
 8.58944e-03  1.98577e-02
 8.48782e-03  1.99698e-02
 8.44148e-03  1.98257e-02
 8.58944e-03  1.98577e-02

 7.04219e-03  2.05050e-02
 8.86298e-03  1.97709e-02
 8.76970e-03  1.98901e-02
 8.71310e-03  1.97497e-02
 8.86298e-03  1.97709e-02

 7.50781e-03  2.05050e-02
 9.11147e-03  1.97074e-02
 9.02780e-03  1.98336e-02
 8.96039e-03  1.96981e-02
 9.11147e-03  1.97074e-02

 7.97344e-03  2.05050e-02
 9.34005e-03  1.96680e-02
 9.26779e-03  1.98010e-02
 9.18874e-03  1.96719e-02
 9.34005e-03  1.96680e-02

 8.43906e-03  2.05050e-02
 9.55971e-03  1.96544e-02
 9.50105e-03  1.97939e-02
 9.40953e-03  1.96734e-02
 9.55971e-03  1.96544e-02

 8.90469e-03  2.05050e-02
 9.77111e-03  1.96694e-02
 9.72930e-03  1.98149e-02
 9.62422e-03  1.97059e-02
 9.77111e-03  1.96694e-02

 9.37031e-03  2.05050e-02
 9.99905e-03  1.97173e-02
 9.97642e-03  1.98670e-02
 9.85812e-03  1.97725e-02
 9.99905e-03  1.97173e-02

 9.83594e-03  2.05050e-02
 1.02214e-02  1.98038e-02
 1.02246e-02  1.99551e-02
 1.00919e-02  1.98822e-02
 1.02214e-02  1.98038e-02

 1.03016e-02  2.05050e-02
 1.05172e-02  1.99366e-02
 1.05415e-02  2.00860e-02
 1.04000e-02  2.00323e-02
 1.05172e-02  1.99366e-02

 1.07672e-02  2.05050e-02
 1.07672e-02  2.01176e-02
 1.08429e-02  2.02486e-02
 1.06915e-02  2.02486e-02
 1.07672e-02  2.01176e-02

 4.27865e-03  2.10750e-02
 6.55717e-03  2.11203e-02
 6.42461e-03  2.11934e-02
 6.42762e-03  2.10420e-02
 6.55717e-03  2.11203e-02

 4.74219e-03  2.10750e-02
 7.02836e-03  2.10041e-02
 6.89968e-03  2.10838e-02
 6.89499e-03  2.09325e-02
 7.02836e-03  2.10041e-02

 5.20573e-03  2.10750e-02
 7.45073e-03  2.08990e-02
 7.32596e-03  2.09847e-02
 7.31413e-03  2.08338e-02
 7.45073e-03  2.08990e-02

 5.66927e-03  2.10750e-02
 7.82829e-03  2.08070e-02
 7.70753e-03  2.08982e-02
 7.68888e-03  2.07480e-02
 7.82829e-03  2.08070e-02

 6.13281e-03  2.10750e-02
 8.16620e-03  2.07289e-02
 8.04967e-03  2.08255e-02
 8.02427e-03  2.06763e-02
 8.16620e-03  2.07289e-02

 6.59635e-03  2.10750e-02
 8.47043e-03  2.06650e-02
 8.35854e-03  2.07670e-02
 8.32620e-03  2.06191e-02
 8.47043e-03  2.06650e-02

 7.05990e-03  2.10750e-02
 8.74635e-03  2.06154e-02
 8.63977e-03  2.07229e-02
 8.59998e-03  2.05769e-02
 8.74635e-03  2.06154e-02

 7.52344e-03  2.10750e-02
 9.00131e-03  2.05801e-02
 8.90104e-03  2.06935e-02
 8.85297e-03  2.05499e-02
 9.00131e-03  2.05801e-02

 7.98698e-03  2.10750e-02
 9.23992e-03  2.05592e-02
 9.14751e-03  2.06791e-02
 9.08989e-03  2.05391e-02
 9.23992e-03  2.05592e-02

 8.45052e-03  2.10750e-02
 9.47263e-03  2.05540e-02
 9.39021e-03  2.06809e-02
 9.32147e-03  2.05461e-02
 9.47263e-03  2.05540e-02

 8.91406e-03  2.10750e-02
 9.69996e-03  2.05660e-02
 9.63107e-03  2.07008e-02
 9.54879e-03  2.05738e-02
 9.69996e-03  2.05660e-02

 9.37760e-03  2.10750e-02
 9.94475e-03  2.05992e-02
 9.89296e-03  2.07415e-02
 9.79568e-03  2.06255e-02
 9.94475e-03  2.05992e-02

 9.84115e-03  2.10750e-02
 1.01867e-02  2.06553e-02
 1.01618e-02  2.08046e-02
 1.00450e-02  2.07084e-02
 1.01867e-02  2.06553e-02

 1.03047e-02  2.10750e-02
 1.04982e-02  2.07434e-02
 1.04975e-02  2.08947e-02
 1.03667e-02  2.08185e-02
 1.04982e-02  2.07434e-02

 1.07682e-02  2.10750e-02
 1.07682e-02  2.08478e-02
 1.08439e-02  2.09789e-02
 1.06925e-02  2.09789e-02
 1.07682e-02  2.08478e-02

 4.30885e-03  2.16450e-02
 6.24733e-03  2.16409e-02
 6.11641e-03  2.17168e-02
 6.11609e-03  2.15655e-02
 6.24733e-03  2.16409e-02

 4.77031e-03  2.16450e-02
 6.70047e-03  2.15773e-02
 6.57211e-03  2.16576e-02
 6.56681e-03  2.15063e-02
 6.70047e-03  2.15773e-02

 5.23177e-03  2.16450e-02
 7.11273e-03  2.15208e-02
 6.98692e-03  2.16049e-02
 6.97694e-03  2.14539e-02
 7.11273e-03  2.15208e-02

 5.69323e-03  2.16450e-02
 7.48859e-03  2.14721e-02
 7.36537e-03  2.15600e-02
 7.35085e-03  2.14093e-02
 7.48859e-03  2.14721e-02

 6.15469e-03  2.16450e-02
 7.83297e-03  2.14314e-02
 7.71248e-03  2.15230e-02
 7.69338e-03  2.13729e-02
 7.83297e-03  2.14314e-02

 6.61615e-03  2.16450e-02
 8.15146e-03  2.13989e-02
 8.03401e-03  2.14944e-02
 8.01005e-03  2.13449e-02
 8.15146e-03  2.13989e-02

 7.07760e-03  2.16450e-02
 8.44891e-03  2.13742e-02
 8.33497e-03  2.14738e-02
 8.30565e-03  2.13253e-02
 8.44891e-03  2.13742e-02

 7.53906e-03  2.16450e-02
 8.73130e-03  2.13573e-02
 8.62163e-03  2.14616e-02
 8.58612e-03  2.13145e-02
 8.73130e-03  2.13573e-02

 8.00052e-03  2.16450e-02
 9.00257e-03  2.13481e-02
 8.89839e-03  2.14579e-02
 8.85538e-03  2.13127e-02
 9.00257e-03  2.13481e-02

 8.46198e-03  2.16450e-02
 9.27126e-03  2.13473e-02
 9.17436e-03  2.14636e-02
 9.12211e-03  2.13216e-02
 9.27126e-03  2.13473e-02

 8.92344e-03  2.16450e-02
 9.53741e-03  2.13555e-02
 9.45113e-03  2.14798e-02
 9.38657e-03  2.13429e-02
 9.53741e-03  2.13555e-02

 9.38490e-03  2.16450e-02
 9.82055e-03  2.13757e-02
 9.74883e-03  2.15090e-02
 9.66925e-03  2.13803e-02
 9.82055e-03  2.13757e-02

 9.84635e-03  2.16450e-02
 1.01044e-02  2.14065e-02
 1.00595e-02  2.15511e-02
 9.95673e-03  2.14399e-02
 1.01044e-02  2.14065e-02

 1.03078e-02  2.16450e-02
 1.04481e-02  2.14581e-02
 1.04299e-02  2.16084e-02
 1.03089e-02  2.15175e-02
 1.04481e-02  2.14581e-02

 1.07693e-02  2.16450e-02
 1.07693e-02  2.15091e-02
 1.08450e-02  2.16402e-02
 1.06936e-02  2.16402e-02
 1.07693e-02  2.15091e-02

 4.33906e-03  2.22150e-02
 5.56302e-03  2.22150e-02
 5.43193e-03  2.22907e-02
 5.43193e-03  2.21393e-02
 5.56302e-03  2.22150e-02

 4.79844e-03  2.22150e-02
 6.01111e-03  2.22150e-02
 5.88003e-03  2.22907e-02
 5.88003e-03  2.21393e-02
 6.01111e-03  2.22150e-02

 5.25781e-03  2.22150e-02
 6.43393e-03  2.22150e-02
 6.30285e-03  2.22907e-02
 6.30285e-03  2.21393e-02
 6.43393e-03  2.22150e-02

 5.71719e-03  2.22150e-02
 6.83465e-03  2.22150e-02
 6.70357e-03  2.22907e-02
 6.70357e-03  2.21393e-02
 6.83465e-03  2.22150e-02

 6.17656e-03  2.22150e-02
 7.21676e-03  2.22150e-02
 7.08567e-03  2.22907e-02
 7.08567e-03  2.21393e-02
 7.21676e-03  2.22150e-02

 6.63594e-03  2.22150e-02
 7.58372e-03  2.22150e-02
 7.45263e-03  2.22907e-02
 7.45263e-03  2.21393e-02
 7.58372e-03  2.22150e-02

 7.09531e-03  2.22150e-02
 7.93873e-03  2.22150e-02
 7.80764e-03  2.22907e-02
 7.80764e-03  2.21393e-02
 7.93873e-03  2.22150e-02

 7.55469e-03  2.22150e-02
 8.28569e-03  2.22150e-02
 8.15460e-03  2.22907e-02
 8.15460e-03  2.21393e-02
 8.28569e-03  2.22150e-02

 8.01406e-03  2.22150e-02
 8.62672e-03  2.22150e-02
 8.49563e-03  2.22907e-02
 8.49563e-03  2.21393e-02
 8.62672e-03  2.22150e-02

 8.47344e-03  2.22150e-02
 8.96734e-03  2.22150e-02
 8.83625e-03  2.22907e-02
 8.83625e-03  2.21393e-02
 8.96734e-03  2.22150e-02

 8.93281e-03  2.22150e-02
 9.30692e-03  2.22150e-02
 9.17584e-03  2.22907e-02
 9.17584e-03  2.21393e-02
 9.30692e-03  2.22150e-02

 9.39219e-03  2.22150e-02
 9.65839e-03  2.22150e-02
 9.52730e-03  2.22907e-02
 9.52730e-03  2.21393e-02
 9.65839e-03  2.22150e-02

 9.85156e-03  2.22150e-02
 1.00094e-02  2.22150e-02
 9.87832e-03  2.22907e-02
 9.87832e-03  2.21393e-02
 1.00094e-02  2.22150e-02

 1.03109e-02  2.22150e-02
 1.03996e-02  2.22150e-02
 1.02685e-02  2.22907e-02
 1.02685e-02  2.21393e-02
 1.03996e-02  2.22150e-02

 1.07703e-02  2.22150e-02
 1.07703e-02  2.22150e-02
 1.09014e-02  2.21393e-02
 1.09014e-02  2.22907e-02
 1.07703e-02  2.22150e-02

