#[ Fluid velocity 2D plot data file: flw.dat ]
 1.95313e-04  1.13850e-02
 1.95313e-04  1.13850e-02
 6.42249e-05  1.14607e-02
 6.42249e-05  1.13093e-02
 1.95313e-04  1.13850e-02

 5.85937e-04  1.13850e-02
 2.72192e-04  1.13850e-02
 4.03279e-04  1.13093e-02
 4.03279e-04  1.14607e-02
 2.72192e-04  1.13850e-02

 9.76562e-04  1.13850e-02
 5.73389e-04  1.13850e-02
 7.04477e-04  1.13093e-02
 7.04477e-04  1.14607e-02
 5.73389e-04  1.13850e-02

 1.36719e-03  1.13850e-02
 7.76932e-04  1.13850e-02
 9.08020e-04  1.13093e-02
 9.08020e-04  1.14607e-02
 7.76932e-04  1.13850e-02

 1.75781e-03  1.13850e-02
 1.04409e-03  1.13850e-02
 1.17518e-03  1.13093e-02
 1.17518e-03  1.14607e-02
 1.04409e-03  1.13850e-02

 2.14844e-03  1.13850e-02
 1.30177e-03  1.13850e-02
 1.43285e-03  1.13093e-02
 1.43285e-03  1.14607e-02
 1.30177e-03  1.13850e-02

 2.53906e-03  1.13850e-02
 1.58621e-03  1.13850e-02
 1.71730e-03  1.13093e-02
 1.71730e-03  1.14607e-02
 1.58621e-03  1.13850e-02

 2.92969e-03  1.13850e-02
 1.88314e-03  1.13850e-02
 2.01422e-03  1.13093e-02
 2.01422e-03  1.14607e-02
 1.88314e-03  1.13850e-02

 3.32031e-03  1.13850e-02
 2.20012e-03  1.13850e-02
 2.33121e-03  1.13093e-02
 2.33121e-03  1.14607e-02
 2.20012e-03  1.13850e-02

 1.97049e-04  1.19550e-02
 1.97049e-04  1.24771e-02
 1.21365e-04  1.23460e-02
 2.72732e-04  1.23460e-02
 1.97049e-04  1.24771e-02

 5.91146e-04  1.19550e-02
 1.15952e-04  1.24286e-02
 1.55382e-04  1.22824e-02
 2.62229e-04  1.23896e-02
 1.15952e-04  1.24286e-02

 9.85243e-04  1.19550e-02
 3.52575e-04  1.24111e-02
 4.14654e-04  1.22730e-02
 5.03170e-04  1.23958e-02
 3.52575e-04  1.24111e-02

 1.37934e-03  1.19550e-02
 4.56834e-04  1.23768e-02
 5.44585e-04  1.22534e-02
 6.07522e-04  1.23911e-02
 4.56834e-04  1.23768e-02

 1.77344e-03  1.19550e-02
 6.53095e-04  1.23412e-02
 7.52359e-04  1.22269e-02
 8.01691e-04  1.23700e-02
 6.53095e-04  1.23412e-02

 2.16753e-03  1.19550e-02
 8.41712e-04  1.22979e-02
 9.49676e-04  1.21918e-02
 9.87573e-04  1.23383e-02
 8.41712e-04  1.22979e-02

 2.56163e-03  1.19550e-02
 1.07271e-03  1.22514e-02
 1.18650e-03  1.21516e-02
 1.21605e-03  1.23001e-02
 1.07271e-03  1.22514e-02

 2.95573e-03  1.19550e-02
 1.32642e-03  1.22019e-02
 1.44468e-03  1.21075e-02
 1.46736e-03  1.22571e-02
 1.32642e-03  1.22019e-02

 3.34983e-03  1.19550e-02
 1.61289e-03  1.21514e-02
 1.73465e-03  1.20614e-02
 1.75165e-03  1.22118e-02
 1.61289e-03  1.21514e-02

 1.98785e-04  1.25250e-02
 1.98785e-04  1.33917e-02
 1.23101e-04  1.32606e-02
 2.74468e-04  1.32606e-02
 1.98785e-04  1.33917e-02

 5.96354e-04  1.25250e-02
 4.69376e-05  1.33575e-02
 5.59743e-05  1.32064e-02
 1.82310e-04  1.32898e-02
 4.69376e-05  1.33575e-02

 9.93924e-04  1.25250e-02
 2.44082e-04  1.33135e-02
 2.79576e-04  1.31663e-02
 3.89262e-04  1.32706e-02
 2.44082e-04  1.33135e-02

 1.39149e-03  1.25250e-02
 2.96353e-04  1.32541e-02
 3.63524e-04  1.31185e-02
 4.47412e-04  1.32445e-02
 2.96353e-04  1.32541e-02

 1.78906e-03  1.25250e-02
 4.54233e-04  1.31819e-02
 5.38432e-04  1.30561e-02
 6.05268e-04  1.31919e-02
 4.54233e-04  1.31819e-02

 2.18663e-03  1.25250e-02
 6.07799e-04  1.30995e-02
 7.05108e-04  1.29835e-02
 7.56864e-04  1.31258e-02
 6.07799e-04  1.30995e-02

 2.58420e-03  1.25250e-02
 8.13057e-04  1.30103e-02
 9.19484e-04  1.29027e-02
 9.59485e-04  1.30487e-02
 8.13057e-04  1.30103e-02

 2.98177e-03  1.25250e-02
 1.04783e-03  1.29174e-02
 1.16125e-03  1.28172e-02
 1.19135e-03  1.29655e-02
 1.04783e-03  1.29174e-02

 3.37934e-03  1.25250e-02
 1.32325e-03  1.28233e-02
 1.44211e-03  1.27296e-02
 1.46384e-03  1.28794e-02
 1.32325e-03  1.28233e-02

 2.00521e-04  1.30950e-02
 2.00521e-04  1.44760e-02
 1.24837e-04  1.43449e-02
 2.76204e-04  1.43449e-02
 2.00521e-04  1.44760e-02

 6.01563e-04  1.30950e-02
 2.29472e-05  1.44528e-02
 4.71385e-06  1.43025e-02
 1.43964e-04  1.43618e-02
 2.29472e-05  1.44528e-02

 1.00260e-03  1.30950e-02
 2.09668e-04  1.43775e-02
 2.14230e-04  1.42262e-02
 3.42977e-04  1.43058e-02
 2.09668e-04  1.43775e-02

 1.40365e-03  1.30950e-02
 2.43418e-04  1.42822e-02
 2.80910e-04  1.41356e-02
 3.89167e-04  1.42414e-02
 2.43418e-04  1.42822e-02

 1.80469e-03  1.30950e-02
 3.89331e-04  1.41592e-02
 4.48623e-04  1.40199e-02
 5.39589e-04  1.41409e-02
 3.89331e-04  1.41592e-02

 2.20573e-03  1.30950e-02
 5.31762e-04  1.40211e-02
 6.09830e-04  1.38914e-02
 6.83104e-04  1.40238e-02
 5.31762e-04  1.40211e-02

 2.60677e-03  1.30950e-02
 7.30578e-04  1.38713e-02
 8.22771e-04  1.37512e-02
 8.80642e-04  1.38911e-02
 7.30578e-04  1.38713e-02

 3.00781e-03  1.30950e-02
 9.61785e-04  1.37165e-02
 1.06522e-03  1.36060e-02
 1.10921e-03  1.37508e-02
 9.61785e-04  1.37165e-02

 3.40885e-03  1.30950e-02
 1.23742e-03  1.35601e-02
 1.34975e-03  1.34587e-02
 1.38145e-03  1.36067e-02
 1.23742e-03  1.35601e-02

 2.02257e-04  1.36650e-02
 2.02257e-04  1.54862e-02
 1.26573e-04  1.53551e-02
 2.77940e-04  1.53551e-02
 2.02257e-04  1.54862e-02

 6.06771e-04  1.36650e-02
 4.94983e-05  1.54801e-02
 1.56217e-05  1.53326e-02
 1.60322e-04  1.53770e-02
 4.94983e-05  1.54801e-02

 1.01128e-03  1.36650e-02
 2.47184e-04  1.53772e-02
 2.31493e-04  1.52266e-02
 3.69720e-04  1.52883e-02
 2.47184e-04  1.53772e-02

 1.41580e-03  1.36650e-02
 2.95002e-04  1.52497e-02
 3.08904e-04  1.50990e-02
 4.32487e-04  1.51864e-02
 2.95002e-04  1.52497e-02

 1.82031e-03  1.36650e-02
 4.52182e-04  1.50788e-02
 4.88955e-04  1.49319e-02
 5.97729e-04  1.50372e-02
 4.52182e-04  1.50788e-02

 2.22483e-03  1.36650e-02
 6.05654e-04  1.48881e-02
 6.64634e-04  1.47487e-02
 7.55871e-04  1.48695e-02
 6.05654e-04  1.48881e-02

 2.62934e-03  1.36650e-02
 8.14753e-04  1.46811e-02
 8.92151e-04  1.45510e-02
 9.66107e-04  1.46831e-02
 8.14753e-04  1.46811e-02

 3.03385e-03  1.36650e-02
 1.05587e-03  1.44684e-02
 1.14884e-03  1.43489e-02
 1.20580e-03  1.44892e-02
 1.05587e-03  1.44684e-02

 3.43837e-03  1.36650e-02
 1.34080e-03  1.42544e-02
 1.44652e-03  1.41461e-02
 1.48748e-03  1.42918e-02
 1.34080e-03  1.42544e-02

 2.03993e-04  1.42350e-02
 2.03993e-04  1.64943e-02
 1.28310e-04  1.63632e-02
 2.79677e-04  1.63632e-02
 2.03993e-04  1.64943e-02

 6.11979e-04  1.42350e-02
 1.11991e-04  1.65020e-02
 6.63168e-05  1.63577e-02
 2.14131e-04  1.63903e-02
 1.11991e-04  1.65020e-02

 1.01997e-03  1.42350e-02
 3.35333e-04  1.63740e-02
 3.03211e-04  1.62261e-02
 4.47374e-04  1.62723e-02
 3.35333e-04  1.63740e-02

 1.42795e-03  1.42350e-02
 4.20907e-04  1.62156e-02
 4.12858e-04  1.60644e-02
 5.47785e-04  1.61330e-02
 4.20907e-04  1.62156e-02

 1.83594e-03  1.42350e-02
 6.05324e-04  1.59983e-02
 6.18284e-04  1.58475e-02
 7.42411e-04  1.59341e-02
 6.05324e-04  1.59983e-02

 2.24392e-03  1.42350e-02
 7.85352e-04  1.57559e-02
 8.21460e-04  1.56089e-02
 9.30709e-04  1.57137e-02
 7.85352e-04  1.57559e-02

 2.65191e-03  1.42350e-02
 1.01586e-03  1.54924e-02
 1.07368e-03  1.53525e-02
 1.16592e-03  1.54725e-02
 1.01586e-03  1.54924e-02

 3.05990e-03  1.42350e-02
 1.27528e-03  1.52219e-02
 1.35337e-03  1.50922e-02
 1.42662e-03  1.52247e-02
 1.27528e-03  1.52219e-02

 3.46788e-03  1.42350e-02
 1.57481e-03  1.49505e-02
 1.67068e-03  1.48333e-02
 1.72419e-03  1.49749e-02
 1.57481e-03  1.49505e-02

 2.05729e-04  1.48050e-02
 2.05729e-04  1.74229e-02
 1.30046e-04  1.72918e-02
 2.81413e-04  1.72918e-02
 2.05729e-04  1.74229e-02

 6.17187e-04  1.48050e-02
 2.04622e-04  1.74417e-02
 1.50113e-04  1.73005e-02
 2.99660e-04  1.73239e-02
 2.04622e-04  1.74417e-02

 1.02865e-03  1.48050e-02
 4.64554e-04  1.72949e-02
 4.19705e-04  1.71503e-02
 5.67331e-04  1.71838e-02
 4.64554e-04  1.72949e-02

 1.44010e-03  1.48050e-02
 6.07056e-04  1.71112e-02
 5.80410e-04  1.69621e-02
 7.22774e-04  1.70136e-02
 6.07056e-04  1.71112e-02

 1.85156e-03  1.48050e-02
 8.31425e-04  1.68556e-02
 8.22050e-04  1.67046e-02
 9.57573e-04  1.67720e-02
 8.31425e-04  1.68556e-02

 2.26302e-03  1.48050e-02
 1.05050e-03  1.65699e-02
 1.06235e-03  1.64190e-02
 1.18711e-03  1.65047e-02
 1.05050e-03  1.65699e-02

 2.67448e-03  1.48050e-02
 1.31142e-03  1.62583e-02
 1.34589e-03  1.61110e-02
 1.45630e-03  1.62145e-02
 1.31142e-03  1.62583e-02

 3.08594e-03  1.48050e-02
 1.59611e-03  1.59387e-02
 1.65459e-03  1.57991e-02
 1.74626e-03  1.59196e-02
 1.59611e-03  1.59387e-02

 3.49740e-03  1.48050e-02
 1.91463e-03  1.56182e-02
 1.99664e-03  1.54910e-02
 2.06581e-03  1.56256e-02
 1.91463e-03  1.56182e-02

 2.07465e-04  1.53750e-02
 2.07465e-04  1.82792e-02
 1.31782e-04  1.81481e-02
 2.83149e-04  1.81481e-02
 2.07465e-04  1.82792e-02

 6.22396e-04  1.53750e-02
 3.18065e-04  1.83053e-02
 2.56328e-04  1.81671e-02
 4.06885e-04  1.81827e-02
 3.18065e-04  1.83053e-02

 1.03733e-03  1.53750e-02
 6.21612e-04  1.81463e-02
 5.66213e-04  1.80054e-02
 7.15905e-04  1.80279e-02
 6.21612e-04  1.81463e-02

 1.45226e-03  1.53750e-02
 8.34513e-04  1.79435e-02
 7.91582e-04  1.77983e-02
 9.38752e-04  1.78337e-02
 8.34513e-04  1.79435e-02

 1.86719e-03  1.53750e-02
 1.10763e-03  1.76587e-02
 1.07718e-03  1.75105e-02
 1.22081e-03  1.75582e-02
 1.10763e-03  1.76587e-02

 2.28212e-03  1.53750e-02
 1.37475e-03  1.73388e-02
 1.36103e-03  1.71880e-02
 1.49844e-03  1.72515e-02
 1.37475e-03  1.73388e-02

 2.69705e-03  1.53750e-02
 1.67260e-03  1.69888e-02
 1.67896e-03  1.68376e-02
 1.80675e-03  1.69187e-02
 1.67260e-03  1.69888e-02

 3.11198e-03  1.53750e-02
 1.98770e-03  1.66290e-02
 2.01886e-03  1.64809e-02
 2.13156e-03  1.65819e-02
 1.98770e-03  1.66290e-02

 3.52691e-03  1.53750e-02
 2.32846e-03  1.62679e-02
 2.38836e-03  1.61289e-02
 2.47880e-03  1.62503e-02
 2.32846e-03  1.62679e-02

 2.09201e-04  1.59450e-02
 2.09201e-04  1.90388e-02
 1.33518e-04  1.89077e-02
 2.84885e-04  1.89077e-02
 2.09201e-04  1.90388e-02

 6.27604e-04  1.59450e-02
 4.45449e-04  1.90691e-02
 3.77524e-04  1.89338e-02
 5.28635e-04  1.89426e-02
 4.45449e-04  1.90691e-02

 1.04601e-03  1.59450e-02
 7.97107e-04  1.89048e-02
 7.32674e-04  1.87678e-02
 8.83509e-04  1.87805e-02
 7.97107e-04  1.89048e-02

 1.46441e-03  1.59450e-02
 1.08981e-03  1.86904e-02
 1.03254e-03  1.85503e-02
 1.18252e-03  1.85708e-02
 1.08981e-03  1.86904e-02

 1.88281e-03  1.59450e-02
 1.41797e-03  1.83875e-02
 1.36813e-03  1.82446e-02
 1.51683e-03  1.82729e-02
 1.41797e-03  1.83875e-02

 2.30122e-03  1.59450e-02
 1.73998e-03  1.80447e-02
 1.70071e-03  1.78985e-02
 1.84694e-03  1.79376e-02
 1.73998e-03  1.80447e-02

 2.71962e-03  1.59450e-02
 2.08004e-03  1.76684e-02
 2.05469e-03  1.75192e-02
 2.19660e-03  1.75718e-02
 2.08004e-03  1.76684e-02

 3.13802e-03  1.59450e-02
 2.43023e-03  1.72804e-02
 2.42475e-03  1.71291e-02
 2.55849e-03  1.72000e-02
 2.43023e-03  1.72804e-02

 3.55642e-03  1.59450e-02
 2.79664e-03  1.68901e-02
 2.81979e-03  1.67405e-02
 2.93776e-03  1.68353e-02
 2.79664e-03  1.68901e-02

 2.10937e-04  1.65150e-02
 2.10937e-04  1.97006e-02
 1.35254e-04  1.95695e-02
 2.86621e-04  1.95695e-02
 2.10938e-04  1.97006e-02

 6.32812e-04  1.65150e-02
 5.79749e-04  1.97319e-02
 5.06238e-04  1.95996e-02
 6.57584e-04  1.96021e-02
 5.79749e-04  1.97319e-02

 1.05469e-03  1.65150e-02
 9.81562e-04  1.95691e-02
 9.09038e-04  1.94362e-02
 1.06036e-03  1.94398e-02
 9.81562e-04  1.95691e-02

 1.47656e-03  1.65150e-02
 1.35941e-03  1.93508e-02
 1.28920e-03  1.92167e-02
 1.44044e-03  1.92229e-02
 1.35941e-03  1.93508e-02

 1.89844e-03  1.65150e-02
 1.74653e-03  1.90406e-02
 1.67885e-03  1.89052e-02
 1.82994e-03  1.89143e-02
 1.74653e-03  1.90406e-02

 2.32031e-03  1.65150e-02
 2.12802e-03  1.86867e-02
 2.06419e-03  1.85495e-02
 2.21497e-03  1.85628e-02
 2.12802e-03  1.86867e-02

 2.74219e-03  1.65150e-02
 2.51432e-03  1.82967e-02
 2.45588e-03  1.81570e-02
 2.60602e-03  1.81762e-02
 2.51432e-03  1.82967e-02

 3.16406e-03  1.65150e-02
 2.90323e-03  1.78925e-02
 2.85325e-03  1.77496e-02
 3.00198e-03  1.77778e-02
 2.90323e-03  1.78925e-02

 3.58594e-03  1.65150e-02
 3.29834e-03  1.74850e-02
 3.26304e-03  1.73378e-02
 3.40816e-03  1.73809e-02
 3.29834e-03  1.74850e-02

 2.12674e-04  1.70850e-02
 2.12674e-04  2.02612e-02
 1.36990e-04  2.01301e-02
 2.88357e-04  2.01301e-02
 2.12674e-04  2.02612e-02

 6.38021e-04  1.70850e-02
 7.15248e-04  2.02910e-02
 6.36430e-04  2.01617e-02
 7.87753e-04  2.01581e-02
 7.15248e-04  2.02910e-02

 1.06337e-03  1.70850e-02
 1.16743e-03  2.01351e-02
 1.08732e-03  2.00067e-02
 1.23860e-03  2.00015e-02
 1.16743e-03  2.01351e-02

 1.48872e-03  1.70850e-02
 1.63244e-03  1.99199e-02
 1.55021e-03  1.97928e-02
 1.70139e-03  1.97851e-02
 1.63244e-03  1.99199e-02

 1.91406e-03  1.70850e-02
 2.08044e-03  1.96130e-02
 1.99631e-03  1.94871e-02
 2.14735e-03  1.94772e-02
 2.08044e-03  1.96130e-02

 2.33941e-03  1.70850e-02
 2.52413e-03  1.92596e-02
 2.43762e-03  1.91354e-02
 2.58845e-03  1.91226e-02
 2.52413e-03  1.92596e-02

 2.76476e-03  1.70850e-02
 2.95948e-03  1.88682e-02
 2.87002e-03  1.87461e-02
 3.02049e-03  1.87296e-02
 2.95948e-03  1.88682e-02

 3.19010e-03  1.70850e-02
 3.38998e-03  1.84607e-02
 3.29623e-03  1.83419e-02
 3.44603e-03  1.83201e-02
 3.38998e-03  1.84607e-02

 3.61545e-03  1.70850e-02
 3.81641e-03  1.80485e-02
 3.71556e-03  1.79356e-02
 3.86374e-03  1.79047e-02
 3.81641e-03  1.80485e-02

 2.14410e-04  1.76550e-02
 2.14410e-04  2.07221e-02
 1.38726e-04  2.05910e-02
 2.90093e-04  2.05910e-02
 2.14410e-04  2.07221e-02

 6.43229e-04  1.76550e-02
 8.46439e-04  2.07480e-02
 7.62325e-04  2.06221e-02
 9.13366e-04  2.06122e-02
 8.46439e-04  2.07480e-02

 1.07205e-03  1.76550e-02
 1.34742e-03  2.06037e-02
 1.25987e-03  2.04802e-02
 1.41058e-03  2.04661e-02
 1.34742e-03  2.06037e-02

 1.50087e-03  1.76550e-02
 1.89824e-03  2.03977e-02
 1.80454e-03  2.02788e-02
 1.95434e-03  2.02571e-02
 1.89824e-03  2.03977e-02

 1.92969e-03  1.76550e-02
 2.40694e-03  2.01036e-02
 2.30758e-03  1.99894e-02
 2.45615e-03  1.99604e-02
 2.40694e-03  2.01036e-02

 2.35851e-03  1.76550e-02
 2.91337e-03  1.97617e-02
 2.80680e-03  1.96542e-02
 2.95317e-03  1.96157e-02
 2.91337e-03  1.97617e-02

 2.78733e-03  1.76550e-02
 3.39899e-03  1.93812e-02
 3.28387e-03  1.92829e-02
 3.42654e-03  1.92324e-02
 3.39899e-03  1.93812e-02

 3.21615e-03  1.76550e-02
 3.87262e-03  1.89830e-02
 3.74669e-03  1.88990e-02
 3.88238e-03  1.88320e-02
 3.87262e-03  1.89830e-02

 3.64497e-03  1.76550e-02
 4.33205e-03  1.85788e-02
 4.19309e-03  1.85188e-02
 4.31455e-03  1.84284e-02
 4.33205e-03  1.85788e-02

 2.16146e-04  1.82250e-02
 2.16146e-04  2.10931e-02
 1.40462e-04  2.09620e-02
 2.91829e-04  2.09620e-02
 2.16146e-04  2.10931e-02

 6.48438e-04  1.82250e-02
 9.69169e-04  2.11127e-02
 8.79477e-04  2.09908e-02
 1.02992e-03  2.09741e-02
 9.69169e-04  2.11127e-02

 1.08073e-03  1.82250e-02
 1.51611e-03  2.09827e-02
 1.42091e-03  2.08650e-02
 1.57042e-03  2.08414e-02
 1.51611e-03  2.09827e-02

 1.51302e-03  1.82250e-02
 2.14857e-03  2.07908e-02
 2.04358e-03  2.06818e-02
 2.19051e-03  2.06454e-02
 2.14857e-03  2.07908e-02

 1.94531e-03  1.82250e-02
 2.71585e-03  2.05171e-02
 2.60234e-03  2.04169e-02
 2.74581e-03  2.03687e-02
 2.71585e-03  2.05171e-02

 2.37760e-03  1.82250e-02
 3.28331e-03  2.01960e-02
 3.15980e-03  2.01085e-02
 3.29734e-03  2.00453e-02
 3.28331e-03  2.01960e-02

 2.80990e-03  1.82250e-02
 3.81845e-03  1.98373e-02
 3.68477e-03  1.97663e-02
 3.81310e-03  1.96860e-02
 3.81845e-03  1.98373e-02

 3.24219e-03  1.82250e-02
 4.33498e-03  1.94599e-02
 4.19143e-03  1.94119e-02
 4.30479e-03  1.93116e-02
 4.33498e-03  1.94599e-02

 3.67448e-03  1.82250e-02
 4.82744e-03  1.90758e-02
 4.67702e-03  1.90588e-02
 4.76690e-03  1.89370e-02
 4.82744e-03  1.90758e-02

 2.17882e-04  1.87950e-02
 2.17882e-04  2.13757e-02
 1.42198e-04  2.12446e-02
 2.93565e-04  2.12446e-02
 2.17882e-04  2.13757e-02

 6.53646e-04  1.87950e-02
 1.07851e-03  2.13872e-02
 9.82620e-04  2.12700e-02
 1.13199e-03  2.12456e-02
 1.07851e-03  2.13872e-02

 1.08941e-03  1.87950e-02
 1.66696e-03  2.12734e-02
 1.56350e-03  2.11629e-02
 1.71092e-03  2.11286e-02
 1.66696e-03  2.12734e-02

 1.52517e-03  1.87950e-02
 2.37343e-03  2.10999e-02
 2.25713e-03  2.10030e-02
 2.39918e-03  2.09507e-02
 2.37343e-03  2.10999e-02

 1.96094e-03  1.87950e-02
 2.99447e-03  2.08537e-02
 2.86802e-03  2.07705e-02
 3.00330e-03  2.07026e-02
 2.99447e-03  2.08537e-02

 2.39670e-03  1.87950e-02
 3.61831e-03  2.05627e-02
 3.48152e-03  2.04979e-02
 3.60605e-03  2.04119e-02
 3.61831e-03  2.05627e-02

 2.83247e-03  1.87950e-02
 4.19969e-03  2.02365e-02
 4.05456e-03  2.01934e-02
 4.16439e-03  2.00893e-02
 4.19969e-03  2.02365e-02

 3.26823e-03  1.87950e-02
 4.75617e-03  1.98919e-02
 4.60574e-03  1.98750e-02
 4.69556e-03  1.97532e-02
 4.75617e-03  1.98919e-02

 3.70399e-03  1.87950e-02
 5.27942e-03  1.95404e-02
 5.12856e-03  1.95527e-02
 5.19330e-03  1.94159e-02
 5.27942e-03  1.95404e-02

 2.19618e-04  1.93650e-02
 2.19618e-04  2.15968e-02
 1.43935e-04  2.14657e-02
 2.95302e-04  2.14657e-02
 2.19618e-04  2.15968e-02

 6.58854e-04  1.93650e-02
 1.17180e-03  2.15968e-02
 1.06868e-03  2.14860e-02
 1.21620e-03  2.14520e-02
 1.17180e-03  2.15968e-02

 1.09809e-03  1.93650e-02
 1.79633e-03  2.14997e-02
 1.68364e-03  2.13986e-02
 1.82751e-03  2.13515e-02
 1.79633e-03  2.14997e-02

 1.53733e-03  1.93650e-02
 2.56647e-03  2.13465e-02
 2.43889e-03  2.12651e-02
 2.57322e-03  2.11953e-02
 2.56647e-03  2.13465e-02

 1.97656e-03  1.93650e-02
 3.23397e-03  2.11324e-02
 3.09631e-03  2.10695e-02
 3.21965e-03  2.09817e-02
 3.23397e-03  2.11324e-02

 2.41580e-03  1.93650e-02
 3.90631e-03  2.08775e-02
 3.76039e-03  2.08373e-02
 3.86821e-03  2.07310e-02
 3.90631e-03  2.08775e-02

 2.85503e-03  1.93650e-02
 4.52726e-03  2.05916e-02
 4.37680e-03  2.05751e-02
 4.46632e-03  2.04530e-02
 4.52726e-03  2.05916e-02

 3.29427e-03  1.93650e-02
 5.11764e-03  2.02888e-02
 4.96650e-03  2.02971e-02
 5.03491e-03  2.01620e-02
 5.11764e-03  2.02888e-02

 3.73351e-03  1.93650e-02
 5.66631e-03  1.99799e-02
 5.51845e-03  2.00123e-02
 5.56434e-03  1.98680e-02
 5.66631e-03  1.99799e-02

 2.21354e-04  1.99350e-02
 2.21354e-04  2.17438e-02
 1.45671e-04  2.16127e-02
 2.97038e-04  2.16127e-02
 2.21354e-04  2.17438e-02

 6.64062e-04  1.99350e-02
 1.24112e-03  2.17311e-02
 1.12897e-03  2.16295e-02
 1.27308e-03  2.15832e-02
 1.24112e-03  2.17311e-02

 1.10677e-03  1.99350e-02
 1.89312e-03  2.16525e-02
 1.76974e-03  2.15648e-02
 1.90737e-03  2.15018e-02
 1.89312e-03  2.16525e-02

 1.54948e-03  1.99350e-02
 2.71069e-03  2.15242e-02
 2.57224e-03  2.14630e-02
 2.69446e-03  2.13737e-02
 2.71069e-03  2.15242e-02

 1.99219e-03  1.99350e-02
 3.41254e-03  2.13488e-02
 3.26624e-03  2.13100e-02
 3.37303e-03  2.12027e-02
 3.41254e-03  2.13488e-02

 2.43490e-03  1.99350e-02
 4.12044e-03  2.11389e-02
 3.96978e-03  2.11243e-02
 4.05776e-03  2.10011e-02
 4.12044e-03  2.11389e-02

 2.87760e-03  1.99350e-02
 4.76977e-03  2.09037e-02
 4.61859e-03  2.09113e-02
 4.68757e-03  2.07766e-02
 4.76977e-03  2.09037e-02

 3.32031e-03  1.99350e-02
 5.38375e-03  2.06545e-02
 5.23505e-03  2.06828e-02
 5.28489e-03  2.05399e-02
 5.38375e-03  2.06545e-02

 3.76302e-03  1.99350e-02
 5.94906e-03  2.04007e-02
 5.80508e-03  2.04474e-02
 5.83662e-03  2.02994e-02
 5.94906e-03  2.04007e-02

 2.23090e-04  2.05050e-02
 2.23090e-04  2.18876e-02
 1.47407e-04  2.17565e-02
 2.98774e-04  2.17565e-02
 2.23090e-04  2.18876e-02

 6.69271e-04  2.05050e-02
 1.28516e-03  2.18568e-02
 1.16194e-03  2.17689e-02
 1.29968e-03  2.17061e-02
 1.28516e-03  2.18568e-02

 1.11545e-03  2.05050e-02
 1.95327e-03  2.17965e-02
 1.81843e-03  2.17278e-02
 1.94542e-03  2.16454e-02
 1.95327e-03  2.17965e-02

 1.56163e-03  2.05050e-02
 2.79815e-03  2.16924e-02
 2.65118e-03  2.16562e-02
 2.75602e-03  2.15470e-02
 2.79815e-03  2.16924e-02

 2.00781e-03  2.05050e-02
 3.51838e-03  2.15565e-02
 3.36755e-03  2.15437e-02
 3.45403e-03  2.14195e-02
 3.51838e-03  2.15565e-02

 2.45399e-03  2.05050e-02
 4.24451e-03  2.13925e-02
 4.09345e-03  2.14021e-02
 4.16068e-03  2.12665e-02
 4.24451e-03  2.13925e-02

 2.90017e-03  2.05050e-02
 4.90677e-03  2.12100e-02
 4.75801e-03  2.12380e-02
 4.80818e-03  2.10952e-02
 4.90677e-03  2.12100e-02

 3.34635e-03  2.05050e-02
 5.53005e-03  2.10169e-02
 5.38515e-03  2.10607e-02
 5.41970e-03  2.09133e-02
 5.53005e-03  2.10169e-02

 3.79253e-03  2.05050e-02
 6.09952e-03  2.08212e-02
 5.95937e-03  2.08784e-02
 5.97992e-03  2.07284e-02
 6.09952e-03  2.08212e-02

 2.24826e-04  2.10750e-02
 2.24826e-04  2.19554e-02
 1.49143e-04  2.18243e-02
 3.00510e-04  2.18243e-02
 2.24826e-04  2.19554e-02

 6.74479e-04  2.10750e-02
 1.28116e-03  2.19161e-02
 1.14309e-03  2.18540e-02
 1.26585e-03  2.17655e-02
 1.28116e-03  2.19161e-02

 1.12413e-03  2.10750e-02
 1.94439e-03  2.18791e-02
 1.79780e-03  2.18414e-02
 1.90376e-03  2.17333e-02
 1.94439e-03  2.18791e-02

 1.57378e-03  2.10750e-02
 2.78275e-03  2.18088e-02
 2.63142e-03  2.18055e-02
 2.70996e-03  2.16761e-02
 2.78275e-03  2.18088e-02

 2.02344e-03  2.10750e-02
 3.49495e-03  2.17220e-02
 3.34449e-03  2.17385e-02
 3.40541e-03  2.15999e-02
 3.49495e-03  2.17220e-02

 2.47309e-03  2.10750e-02
 4.21328e-03  2.16159e-02
 4.06564e-03  2.16493e-02
 4.11056e-03  2.15047e-02
 4.21328e-03  2.16159e-02

 2.92274e-03  2.10750e-02
 4.86675e-03  2.14988e-02
 4.72255e-03  2.15448e-02
 4.75479e-03  2.13969e-02
 4.86675e-03  2.14988e-02

 3.37240e-03  2.10750e-02
 5.48094e-03  2.13751e-02
 5.34049e-03  2.14316e-02
 5.36182e-03  2.12817e-02
 5.48094e-03  2.13751e-02

 3.82205e-03  2.10750e-02
 6.04101e-03  2.12507e-02
 5.90436e-03  2.13158e-02
 5.91631e-03  2.11649e-02
 6.04101e-03  2.12507e-02

 2.26562e-04  2.16450e-02
 2.26562e-04  2.21654e-02
 1.50879e-04  2.20343e-02
 3.02246e-04  2.20343e-02
 2.26563e-04  2.21654e-02

 6.79687e-04  2.16450e-02
 1.23475e-03  2.21063e-02
 1.08556e-03  2.20807e-02
 1.18231e-03  2.19643e-02
 1.23475e-03  2.21063e-02

 1.13281e-03  2.16450e-02
 1.86208e-03  2.20925e-02
 1.71076e-03  2.20885e-02
 1.78993e-03  2.19595e-02
 1.86208e-03  2.20925e-02

 1.58594e-03  2.16450e-02
 2.65905e-03  2.20444e-02
 2.50980e-03  2.20696e-02
 2.56260e-03  2.19278e-02
 2.65905e-03  2.20444e-02

 2.03906e-03  2.16450e-02
 3.33386e-03  2.19949e-02
 3.18756e-03  2.20338e-02
 3.22705e-03  2.18876e-02
 3.33386e-03  2.19949e-02

 2.49219e-03  2.16450e-02
 4.01668e-03  2.19304e-02
 3.87390e-03  2.19807e-02
 3.90176e-03  2.18319e-02
 4.01668e-03  2.19304e-02

 2.94531e-03  2.16450e-02
 4.63775e-03  2.18614e-02
 4.49812e-03  2.19199e-02
 4.51732e-03  2.17697e-02
 4.63775e-03  2.18614e-02

 3.39844e-03  2.16450e-02
 5.22324e-03  2.17882e-02
 5.08664e-03  2.18534e-02
 5.09848e-03  2.17025e-02
 5.22324e-03  2.17882e-02

 3.85156e-03  2.16450e-02
 5.75863e-03  2.17154e-02
 5.62484e-03  2.17862e-02
 5.63043e-03  2.16350e-02
 5.75863e-03  2.17154e-02

 2.28299e-04  2.22150e-02
 2.28299e-04  2.22150e-02
 3.59386e-04  2.21393e-02
 3.59386e-04  2.22907e-02
 2.28299e-04  2.22150e-02

 6.84896e-04  2.22150e-02
 1.07268e-03  2.22150e-02
 9.41595e-04  2.22907e-02
 9.41595e-04  2.21393e-02
 1.07268e-03  2.22150e-02

 1.14149e-03  2.22150e-02
 1.62914e-03  2.22150e-02
 1.49806e-03  2.22907e-02
 1.49806e-03  2.21393e-02
 1.62914e-03  2.22150e-02

 1.59809e-03  2.22150e-02
 2.31886e-03  2.22150e-02
 2.18777e-03  2.22907e-02
 2.18777e-03  2.21393e-02
 2.31886e-03  2.22150e-02

 2.05469e-03  2.22150e-02
 2.91438e-03  2.22150e-02
 2.78329e-03  2.22907e-02
 2.78329e-03  2.21393e-02
 2.91438e-03  2.22150e-02

 2.51128e-03  2.22150e-02
 3.52083e-03  2.22150e-02
 3.38974e-03  2.22907e-02
 3.38974e-03  2.21393e-02
 3.52083e-03  2.22150e-02

 2.96788e-03  2.22150e-02
 4.08255e-03  2.22150e-02
 3.95146e-03  2.22907e-02
 3.95146e-03  2.21393e-02
 4.08255e-03  2.22150e-02

 3.42448e-03  2.22150e-02
 4.62126e-03  2.22150e-02
 4.49017e-03  2.22907e-02
 4.49017e-03  2.21393e-02
 4.62126e-03  2.22150e-02

 3.88108e-03  2.22150e-02
 5.12592e-03  2.22150e-02
 4.99483e-03  2.22907e-02
 4.99483e-03  2.21393e-02
 5.12592e-03  2.22150e-02

 3.76510e-03  1.13850e-02
 2.58028e-03  1.13850e-02
 2.71137e-03  1.13093e-02
 2.71137e-03  1.14607e-02
 2.58028e-03  1.13850e-02

 4.26406e-03  1.13850e-02
 3.03897e-03  1.13850e-02
 3.17006e-03  1.13093e-02
 3.17006e-03  1.14607e-02
 3.03897e-03  1.13850e-02

 4.76302e-03  1.13850e-02
 3.52650e-03  1.13850e-02
 3.65759e-03  1.13093e-02
 3.65759e-03  1.14607e-02
 3.52650e-03  1.13850e-02

 5.26198e-03  1.13850e-02
 4.04302e-03  1.13850e-02
 4.17411e-03  1.13093e-02
 4.17411e-03  1.14607e-02
 4.04302e-03  1.13850e-02

 5.76094e-03  1.13850e-02
 4.58663e-03  1.13850e-02
 4.71772e-03  1.13093e-02
 4.71772e-03  1.14607e-02
 4.58663e-03  1.13850e-02

 6.25990e-03  1.13850e-02
 5.15537e-03  1.13850e-02
 5.28646e-03  1.13093e-02
 5.28646e-03  1.14607e-02
 5.15537e-03  1.13850e-02

 6.75885e-03  1.13850e-02
 5.74681e-03  1.13850e-02
 5.87790e-03  1.13093e-02
 5.87790e-03  1.14607e-02
 5.74681e-03  1.13850e-02

 7.25781e-03  1.13850e-02
 6.35665e-03  1.13850e-02
 6.48774e-03  1.13093e-02
 6.48774e-03  1.14607e-02
 6.35665e-03  1.13850e-02

 7.75677e-03  1.13850e-02
 6.98223e-03  1.13850e-02
 7.11331e-03  1.13093e-02
 7.11331e-03  1.14607e-02
 6.98223e-03  1.13850e-02

 8.25573e-03  1.13850e-02
 7.61523e-03  1.13850e-02
 7.74632e-03  1.13093e-02
 7.74632e-03  1.14607e-02
 7.61523e-03  1.13850e-02

 8.75469e-03  1.13850e-02
 8.25652e-03  1.13850e-02
 8.38761e-03  1.13093e-02
 8.38761e-03  1.14607e-02
 8.25652e-03  1.13850e-02

 9.25365e-03  1.13850e-02
 8.88664e-03  1.13850e-02
 9.01773e-03  1.13093e-02
 9.01773e-03  1.14607e-02
 8.88664e-03  1.13850e-02

 9.75260e-03  1.13850e-02
 9.52586e-03  1.13850e-02
 9.65694e-03  1.13093e-02
 9.65694e-03  1.14607e-02
 9.52586e-03  1.13850e-02

 1.02516e-02  1.13850e-02
 1.01145e-02  1.13850e-02
 1.02456e-02  1.13093e-02
 1.02456e-02  1.14607e-02
 1.01145e-02  1.13850e-02

 1.07505e-02  1.13850e-02
 1.07505e-02  1.13850e-02
 1.06194e-02  1.14607e-02
 1.06194e-02  1.13093e-02
 1.07505e-02  1.13850e-02

 3.79531e-03  1.19550e-02
 1.96922e-03  1.20928e-02
 2.09424e-03  1.20075e-02
 2.10563e-03  1.21584e-02
 1.96922e-03  1.20928e-02

 4.29219e-03  1.19550e-02
 2.41410e-03  1.20271e-02
 2.54219e-03  1.19464e-02
 2.54800e-03  1.20977e-02
 2.41410e-03  1.20271e-02

 4.78906e-03  1.19550e-02
 2.90409e-03  1.19629e-02
 3.03486e-03  1.18867e-02
 3.03549e-03  1.20380e-02
 2.90409e-03  1.19629e-02

 5.28594e-03  1.19550e-02
 3.43737e-03  1.19011e-02
 3.57061e-03  1.18293e-02
 3.56620e-03  1.19806e-02
 3.43737e-03  1.19011e-02

 5.78281e-03  1.19550e-02
 4.01129e-03  1.18431e-02
 4.14689e-03  1.17758e-02
 4.13735e-03  1.19269e-02
 4.01129e-03  1.18431e-02

 6.27969e-03  1.19550e-02
 4.62214e-03  1.17902e-02
 4.76008e-03  1.17278e-02
 4.74510e-03  1.18784e-02
 4.62214e-03  1.17902e-02

 6.77656e-03  1.19550e-02
 5.26600e-03  1.17438e-02
 5.40630e-03  1.16870e-02
 5.38534e-03  1.18369e-02
 5.26600e-03  1.17438e-02

 7.27344e-03  1.19550e-02
 5.93679e-03  1.17059e-02
 6.07953e-03  1.16555e-02
 6.05179e-03  1.18043e-02
 5.93679e-03  1.17059e-02

 7.77031e-03  1.19550e-02
 6.62984e-03  1.16778e-02
 6.77509e-03  1.16353e-02
 6.73935e-03  1.17823e-02
 6.62984e-03  1.16778e-02

 8.26719e-03  1.19550e-02
 7.33363e-03  1.16617e-02
 7.48138e-03  1.16288e-02
 7.43601e-03  1.17732e-02
 7.33363e-03  1.16617e-02

 8.76406e-03  1.19550e-02
 8.04736e-03  1.16580e-02
 8.19743e-03  1.16382e-02
 8.13948e-03  1.17781e-02
 8.04736e-03  1.16580e-02

 9.26094e-03  1.19550e-02
 8.74523e-03  1.16689e-02
 8.89658e-03  1.16663e-02
 8.82315e-03  1.17987e-02
 8.74523e-03  1.16689e-02

 9.75781e-03  1.19550e-02
 9.44802e-03  1.16922e-02
 9.59694e-03  1.17193e-02
 9.49902e-03  1.18347e-02
 9.44802e-03  1.16922e-02

 1.02547e-02  1.19550e-02
 1.00819e-02  1.17345e-02
 1.02223e-02  1.17910e-02
 1.01032e-02  1.18844e-02
 1.00819e-02  1.17345e-02

 1.07516e-02  1.19550e-02
 1.07516e-02  1.17864e-02
 1.08272e-02  1.19174e-02
 1.06759e-02  1.19174e-02
 1.07516e-02  1.17864e-02

 3.82552e-03  1.25250e-02
 1.67263e-03  1.27178e-02
 1.79644e-03  1.26307e-02
 1.80994e-03  1.27815e-02
 1.67263e-03  1.27178e-02

 4.32031e-03  1.25250e-02
 2.11611e-03  1.26032e-02
 2.24443e-03  1.25229e-02
 2.24980e-03  1.26742e-02
 2.11611e-03  1.26032e-02

 4.81510e-03  1.25250e-02
 2.61203e-03  1.24927e-02
 2.74422e-03  1.24189e-02
 2.74200e-03  1.25703e-02
 2.61203e-03  1.24927e-02

 5.30990e-03  1.25250e-02
 3.15768e-03  1.23878e-02
 3.29332e-03  1.23206e-02
 3.28369e-03  1.24717e-02
 3.15768e-03  1.23878e-02

 5.80469e-03  1.25250e-02
 3.74935e-03  1.22905e-02
 3.88817e-03  1.22301e-02
 3.87101e-03  1.23805e-02
 3.74935e-03  1.22905e-02

 6.29948e-03  1.25250e-02
 4.38234e-03  1.22026e-02
 4.52416e-03  1.21497e-02
 4.49906e-03  1.22990e-02
 4.38234e-03  1.22026e-02

 6.79427e-03  1.25250e-02
 5.05196e-03  1.21267e-02
 5.19662e-03  1.20821e-02
 5.16288e-03  1.22297e-02
 5.05196e-03  1.21267e-02

 7.28906e-03  1.25250e-02
 5.75095e-03  1.20654e-02
 5.89822e-03  1.20304e-02
 5.85488e-03  1.21754e-02
 5.75095e-03  1.20654e-02

 7.78385e-03  1.25250e-02
 6.47400e-03  1.20215e-02
 6.62352e-03  1.19979e-02
 6.56920e-03  1.21391e-02
 6.47400e-03  1.20215e-02

 8.27865e-03  1.25250e-02
 7.20871e-03  1.19979e-02
 7.35975e-03  1.19879e-02
 7.29285e-03  1.21237e-02
 7.20871e-03  1.19979e-02

 8.77344e-03  1.25250e-02
 7.95341e-03  1.19968e-02
 8.10460e-03  1.20042e-02
 8.02263e-03  1.21315e-02
 7.95341e-03  1.19968e-02

 9.26823e-03  1.25250e-02
 8.68037e-03  1.20213e-02
 8.82916e-03  1.20492e-02
 8.73068e-03  1.21641e-02
 8.68037e-03  1.20213e-02

 9.76302e-03  1.25250e-02
 9.41048e-03  1.20723e-02
 9.55074e-03  1.21293e-02
 9.43132e-03  1.22223e-02
 9.41048e-03  1.20723e-02

 1.02578e-02  1.25250e-02
 1.00632e-02  1.21561e-02
 1.01913e-02  1.22367e-02
 1.00574e-02  1.23073e-02
 1.00632e-02  1.21561e-02

 1.07526e-02  1.25250e-02
 1.07526e-02  1.22656e-02
 1.08283e-02  1.23967e-02
 1.06769e-02  1.23967e-02
 1.07526e-02  1.22656e-02

 3.85573e-03  1.30950e-02
 1.58772e-03  1.33875e-02
 1.70805e-03  1.32957e-02
 1.72742e-03  1.34458e-02
 1.58772e-03  1.33875e-02

 4.34844e-03  1.30950e-02
 2.03275e-03  1.32023e-02
 2.16019e-03  1.31207e-02
 2.16720e-03  1.32719e-02
 2.03275e-03  1.32023e-02

 4.84115e-03  1.30950e-02
 2.53257e-03  1.30248e-02
 2.66590e-03  1.29532e-02
 2.66130e-03  1.31045e-02
 2.53257e-03  1.30248e-02

 5.33385e-03  1.30950e-02
 3.08378e-03  1.28575e-02
 3.22209e-03  1.27960e-02
 3.20620e-03  1.29465e-02
 3.08378e-03  1.28575e-02

 5.82656e-03  1.30950e-02
 3.68207e-03  1.27030e-02
 3.82463e-03  1.26521e-02
 3.79741e-03  1.28010e-02
 3.68207e-03  1.27030e-02

 6.31927e-03  1.30950e-02
 4.32251e-03  1.25644e-02
 4.46864e-03  1.25249e-02
 4.42977e-03  1.26712e-02
 4.32251e-03  1.25644e-02

 6.81198e-03  1.30950e-02
 4.99997e-03  1.24451e-02
 5.14891e-03  1.24181e-02
 5.09781e-03  1.25606e-02
 4.99997e-03  1.24451e-02

 7.30469e-03  1.30950e-02
 5.70724e-03  1.23493e-02
 5.85803e-03  1.23362e-02
 5.79401e-03  1.24733e-02
 5.70724e-03  1.23493e-02

 7.79740e-03  1.30950e-02
 6.43873e-03  1.22812e-02
 6.59007e-03  1.22836e-02
 6.51229e-03  1.24135e-02
 6.43873e-03  1.22812e-02

 8.29010e-03  1.30950e-02
 7.18210e-03  1.22451e-02
 7.33217e-03  1.22648e-02
 7.24005e-03  1.23849e-02
 7.18210e-03  1.22451e-02

 8.78281e-03  1.30950e-02
 7.93523e-03  1.22452e-02
 8.08139e-03  1.22845e-02
 7.97421e-03  1.23914e-02
 7.93523e-03  1.22452e-02

 9.27552e-03  1.30950e-02
 8.67009e-03  1.22858e-02
 8.80922e-03  1.23454e-02
 8.68802e-03  1.24361e-02
 8.67009e-03  1.22858e-02

 9.76823e-03  1.30950e-02
 9.40676e-03  1.23707e-02
 9.53302e-03  1.24542e-02
 9.39758e-03  1.25218e-02
 9.40676e-03  1.23707e-02

 1.02609e-02  1.30950e-02
 1.00636e-02  1.25061e-02
 1.01770e-02  1.26063e-02
 1.00335e-02  1.26544e-02
 1.00636e-02  1.25061e-02

 1.07536e-02  1.30950e-02
 1.07536e-02  1.26876e-02
 1.08293e-02  1.28187e-02
 1.06780e-02  1.28187e-02
 1.07536e-02  1.26876e-02

 3.88594e-03  1.36650e-02
 1.69846e-03  1.40217e-02
 1.81566e-03  1.39259e-02
 1.84002e-03  1.40753e-02
 1.69846e-03  1.40217e-02

 4.37656e-03  1.36650e-02
 2.14685e-03  1.37752e-02
 2.27404e-03  1.36932e-02
 2.28152e-03  1.38444e-02
 2.14685e-03  1.37752e-02

 4.86719e-03  1.36650e-02
 2.64739e-03  1.35407e-02
 2.78251e-03  1.34724e-02
 2.77404e-03  1.36236e-02
 2.64739e-03  1.35407e-02

 5.35781e-03  1.36650e-02
 3.19652e-03  1.33209e-02
 3.33788e-03  1.32668e-02
 3.31408e-03  1.34163e-02
 3.19652e-03  1.33209e-02

 5.84844e-03  1.36650e-02
 3.78992e-03  1.31191e-02
 3.93603e-03  1.30796e-02
 3.89723e-03  1.32259e-02
 3.78992e-03  1.31191e-02

 6.33906e-03  1.36650e-02
 4.42276e-03  1.29389e-02
 4.57216e-03  1.29146e-02
 4.51852e-03  1.30561e-02
 4.42276e-03  1.29389e-02

 6.82969e-03  1.36650e-02
 5.09025e-03  1.27846e-02
 5.24139e-03  1.27762e-02
 5.17303e-03  1.29113e-02
 5.09025e-03  1.27846e-02

 7.32031e-03  1.36650e-02
 5.78575e-03  1.26610e-02
 5.93689e-03  1.26694e-02
 5.85401e-03  1.27961e-02
 5.78575e-03  1.26610e-02

 7.81094e-03  1.36650e-02
 6.50426e-03  1.25736e-02
 6.65339e-03  1.25996e-02
 6.55636e-03  1.27158e-02
 6.50426e-03  1.25736e-02

 8.30156e-03  1.36650e-02
 7.23412e-03  1.25284e-02
 7.37903e-03  1.25721e-02
 7.26869e-03  1.26758e-02
 7.23412e-03  1.25284e-02

 8.79219e-03  1.36650e-02
 7.97390e-03  1.25313e-02
 8.11198e-03  1.25933e-02
 7.98925e-03  1.26818e-02
 7.97390e-03  1.25313e-02

 9.28281e-03  1.36650e-02
 8.69658e-03  1.25880e-02
 8.82573e-03  1.26670e-02
 8.69278e-03  1.27393e-02
 8.69658e-03  1.25880e-02

 9.77344e-03  1.36650e-02
 9.42224e-03  1.27059e-02
 9.53838e-03  1.28029e-02
 9.39624e-03  1.28550e-02
 9.42224e-03  1.27059e-02

 1.02641e-02  1.36650e-02
 1.00707e-02  1.28903e-02
 1.01759e-02  1.29992e-02
 1.00290e-02  1.30358e-02
 1.00707e-02  1.28903e-02

 1.07547e-02  1.36650e-02
 1.07547e-02  1.31383e-02
 1.08304e-02  1.32693e-02
 1.06790e-02  1.32693e-02
 1.07547e-02  1.31383e-02

 3.91615e-03  1.42350e-02
 1.94225e-03  1.46582e-02
 2.05456e-03  1.45567e-02
 2.08629e-03  1.47047e-02
 1.94225e-03  1.46582e-02

 4.40469e-03  1.42350e-02
 2.39317e-03  1.43515e-02
 2.51966e-03  1.42684e-02
 2.52842e-03  1.44195e-02
 2.39317e-03  1.43515e-02

 4.89323e-03  1.42350e-02
 2.89064e-03  1.40607e-02
 3.02780e-03  1.39966e-02
 3.01467e-03  1.41474e-02
 2.89064e-03  1.40607e-02

 5.38177e-03  1.42350e-02
 3.43126e-03  1.37892e-02
 3.57591e-03  1.37446e-02
 3.54219e-03  1.38922e-02
 3.43126e-03  1.37892e-02

 5.87031e-03  1.42350e-02
 4.01130e-03  1.35407e-02
 4.16058e-03  1.35156e-02
 4.10762e-03  1.36574e-02
 4.01130e-03  1.35407e-02

 6.35885e-03  1.42350e-02
 4.62638e-03  1.33192e-02
 4.77765e-03  1.33135e-02
 4.70690e-03  1.34473e-02
 4.62638e-03  1.33192e-02

 6.84740e-03  1.42350e-02
 5.27227e-03  1.31297e-02
 5.42305e-03  1.31431e-02
 5.33610e-03  1.32670e-02
 5.27227e-03  1.31297e-02

 7.33594e-03  1.42350e-02
 5.94329e-03  1.29780e-02
 6.09131e-03  1.30097e-02
 5.98989e-03  1.31221e-02
 5.94329e-03  1.29780e-02

 7.82448e-03  1.42350e-02
 6.63526e-03  1.28708e-02
 6.77845e-03  1.29199e-02
 6.66435e-03  1.30194e-02
 6.63526e-03  1.28708e-02

 8.31302e-03  1.42350e-02
 7.33807e-03  1.28150e-02
 7.47466e-03  1.28803e-02
 7.34987e-03  1.29659e-02
 7.33807e-03  1.28150e-02

 8.80156e-03  1.42350e-02
 8.05091e-03  1.28189e-02
 8.17918e-03  1.28993e-02
 8.04544e-03  1.29702e-02
 8.05091e-03  1.28189e-02

 9.29010e-03  1.42350e-02
 8.74944e-03  1.28893e-02
 8.86854e-03  1.29828e-02
 8.72808e-03  1.30392e-02
 8.74944e-03  1.28893e-02

 9.77865e-03  1.42350e-02
 9.45275e-03  1.30372e-02
 9.56019e-03  1.31438e-02
 9.41413e-03  1.31835e-02
 9.45275e-03  1.30372e-02

 1.02672e-02  1.42350e-02
 1.00863e-02  1.32670e-02
 1.01848e-02  1.33820e-02
 1.00360e-02  1.34098e-02
 1.00863e-02  1.32670e-02

 1.07557e-02  1.42350e-02
 1.07557e-02  1.35794e-02
 1.08314e-02  1.37105e-02
 1.06800e-02  1.37105e-02
 1.07557e-02  1.35794e-02

 3.94635e-03  1.48050e-02
 2.29434e-03  1.52761e-02
 2.39965e-03  1.51673e-02
 2.44115e-03  1.53129e-02
 2.29434e-03  1.52761e-02

 4.43281e-03  1.48050e-02
 2.74764e-03  1.49201e-02
 2.87327e-03  1.48356e-02
 2.88358e-03  1.49866e-02
 2.74764e-03  1.49201e-02

 4.91927e-03  1.48050e-02
 3.23963e-03  1.45835e-02
 3.37949e-03  1.45256e-02
 3.35969e-03  1.46757e-02
 3.23963e-03  1.45835e-02

 5.40573e-03  1.48050e-02
 3.76756e-03  1.42701e-02
 3.91566e-03  1.42389e-02
 3.86868e-03  1.43827e-02
 3.76756e-03  1.42701e-02

 5.89219e-03  1.48050e-02
 4.32819e-03  1.39838e-02
 4.47943e-03  1.39778e-02
 4.40907e-03  1.41118e-02
 4.32819e-03  1.39838e-02

 6.37865e-03  1.48050e-02
 4.91788e-03  1.37291e-02
 5.06831e-03  1.37459e-02
 4.97854e-03  1.38678e-02
 4.91788e-03  1.37291e-02

 6.86510e-03  1.48050e-02
 5.53330e-03  1.35113e-02
 5.68006e-03  1.35483e-02
 5.57459e-03  1.36569e-02
 5.53330e-03  1.35113e-02

 7.35156e-03  1.48050e-02
 6.16977e-03  1.33367e-02
 6.31092e-03  1.33913e-02
 6.19300e-03  1.34862e-02
 6.16977e-03  1.33367e-02

 7.83802e-03  1.48050e-02
 6.82417e-03  1.32128e-02
 6.95841e-03  1.32828e-02
 6.83074e-03  1.33641e-02
 6.82417e-03  1.32128e-02

 8.32448e-03  1.48050e-02
 7.48848e-03  1.31478e-02
 7.61509e-03  1.32307e-02
 7.47995e-03  1.32989e-02
 7.48848e-03  1.31478e-02

 8.81094e-03  1.48050e-02
 8.16275e-03  1.31515e-02
 8.28106e-03  1.32459e-02
 8.14013e-03  1.33011e-02
 8.16275e-03  1.31515e-02

 9.29740e-03  1.48050e-02
 8.82636e-03  1.32320e-02
 8.93647e-03  1.33359e-02
 8.79147e-03  1.33793e-02
 8.82636e-03  1.32320e-02

 9.78385e-03  1.48050e-02
 9.49700e-03  1.34039e-02
 9.59744e-03  1.35171e-02
 9.44915e-03  1.35475e-02
 9.49700e-03  1.34039e-02

 1.02703e-02  1.48050e-02
 1.01088e-02  1.36710e-02
 1.02022e-02  1.37901e-02
 1.00524e-02  1.38115e-02
 1.01088e-02  1.36710e-02

 1.07568e-02  1.48050e-02
 1.07568e-02  1.40385e-02
 1.08325e-02  1.41696e-02
 1.06811e-02  1.41696e-02
 1.07568e-02  1.40385e-02

 3.97656e-03  1.53750e-02
 2.72234e-03  1.58852e-02
 2.81525e-03  1.57657e-02
 2.87228e-03  1.59059e-02
 2.72234e-03  1.58852e-02

 4.46094e-03  1.53750e-02
 3.17833e-03  1.54895e-02
 3.30217e-03  1.54025e-02
 3.31563e-03  1.55533e-02
 3.17833e-03  1.54895e-02

 4.94531e-03  1.53750e-02
 3.66392e-03  1.51160e-02
 3.80740e-03  1.50678e-02
 3.77741e-03  1.52161e-02
 3.66392e-03  1.51160e-02

 5.42969e-03  1.53750e-02
 4.17697e-03  1.47687e-02
 4.32794e-03  1.47576e-02
 4.26199e-03  1.48939e-02
 4.17697e-03  1.47687e-02

 5.91406e-03  1.53750e-02
 4.71493e-03  1.44518e-02
 4.86497e-03  1.44718e-02
 4.77263e-03  1.45918e-02
 4.71493e-03  1.44518e-02

 6.39844e-03  1.53750e-02
 5.27499e-03  1.41700e-02
 5.41974e-03  1.42143e-02
 5.30903e-03  1.43175e-02
 5.27499e-03  1.41700e-02

 6.88281e-03  1.53750e-02
 5.85465e-03  1.39290e-02
 5.99230e-03  1.39920e-02
 5.86893e-03  1.40797e-02
 5.85465e-03  1.39290e-02

 7.36719e-03  1.53750e-02
 6.45051e-03  1.37352e-02
 6.58054e-03  1.38127e-02
 6.44841e-03  1.38866e-02
 6.45051e-03  1.37352e-02

 7.85156e-03  1.53750e-02
 7.06044e-03  1.35971e-02
 7.18288e-03  1.36861e-02
 7.04459e-03  1.37477e-02
 7.06044e-03  1.35971e-02

 8.33594e-03  1.53750e-02
 7.67865e-03  1.35231e-02
 7.79382e-03  1.36213e-02
 7.65117e-03  1.36720e-02
 7.67865e-03  1.35231e-02

 8.82031e-03  1.53750e-02
 8.30591e-03  1.35248e-02
 8.41395e-03  1.36309e-02
 8.26811e-03  1.36714e-02
 8.30591e-03  1.35248e-02

 9.30469e-03  1.53750e-02
 8.92657e-03  1.36111e-02
 9.02805e-03  1.37234e-02
 8.88005e-03  1.37552e-02
 8.92657e-03  1.36111e-02

 9.78906e-03  1.53750e-02
 9.55575e-03  1.38003e-02
 9.64982e-03  1.39188e-02
 9.50009e-03  1.39410e-02
 9.55575e-03  1.38003e-02

 1.02734e-02  1.53750e-02
 1.01400e-02  1.40953e-02
 1.02289e-02  1.42179e-02
 1.00783e-02  1.42336e-02
 1.01400e-02  1.40953e-02

 1.07578e-02  1.53750e-02
 1.07578e-02  1.45086e-02
 1.08335e-02  1.46397e-02
 1.06821e-02  1.46397e-02
 1.07578e-02  1.45086e-02

 4.00677e-03  1.59450e-02
 3.20695e-03  1.64788e-02
 3.27396e-03  1.63431e-02
 3.35800e-03  1.64690e-02
 3.20695e-03  1.64788e-02

 4.48906e-03  1.59450e-02
 3.66706e-03  1.60562e-02
 3.78682e-03  1.59636e-02
 3.80712e-03  1.61136e-02
 3.66706e-03  1.60562e-02

 4.97135e-03  1.59450e-02
 4.14671e-03  1.56574e-02
 4.29541e-03  1.56291e-02
 4.24556e-03  1.57720e-02
 4.14671e-03  1.56574e-02

 5.45365e-03  1.59450e-02
 4.64451e-03  1.52871e-02
 4.79397e-03  1.53110e-02
 4.69847e-03  1.54285e-02
 4.64451e-03  1.52871e-02

 5.93594e-03  1.59450e-02
 5.15852e-03  1.49496e-02
 5.29885e-03  1.50063e-02
 5.17956e-03  1.50995e-02
 5.15852e-03  1.49496e-02

 6.41823e-03  1.59450e-02
 5.68691e-03  1.46497e-02
 5.81726e-03  1.47266e-02
 5.68545e-03  1.48010e-02
 5.68691e-03  1.46497e-02

 6.90052e-03  1.59450e-02
 6.22779e-03  1.43932e-02
 6.34936e-03  1.44834e-02
 6.21049e-03  1.45436e-02
 6.22779e-03  1.43932e-02

 7.38281e-03  1.59450e-02
 6.77899e-03  1.41866e-02
 6.89315e-03  1.42860e-02
 6.74999e-03  1.43352e-02
 6.77899e-03  1.41866e-02

 7.86510e-03  1.59450e-02
 7.33944e-03  1.40385e-02
 7.44724e-03  1.41448e-02
 7.30132e-03  1.41850e-02
 7.33944e-03  1.40385e-02

 8.34740e-03  1.59450e-02
 7.90573e-03  1.39576e-02
 8.00805e-03  1.40691e-02
 7.86029e-03  1.41019e-02
 7.90573e-03  1.39576e-02

 8.82969e-03  1.59450e-02
 8.47917e-03  1.39566e-02
 8.57647e-03  1.40725e-02
 8.42740e-03  1.40988e-02
 8.47917e-03  1.39566e-02

 9.31198e-03  1.59450e-02
 9.04987e-03  1.40446e-02
 9.14276e-03  1.41641e-02
 8.99281e-03  1.41848e-02
 9.04987e-03  1.40446e-02

 9.79427e-03  1.59450e-02
 9.62932e-03  1.42435e-02
 9.71730e-03  1.43667e-02
 9.56664e-03  1.43813e-02
 9.62932e-03  1.42435e-02

 1.02766e-02  1.59450e-02
 1.01800e-02  1.45558e-02
 1.02646e-02  1.46814e-02
 1.01136e-02  1.46918e-02
 1.01800e-02  1.45558e-02

 1.07589e-02  1.59450e-02
 1.07589e-02  1.50019e-02
 1.08345e-02  1.51330e-02
 1.06832e-02  1.51330e-02
 1.07589e-02  1.50019e-02

 4.03698e-03  1.65150e-02
 3.72746e-03  1.70577e-02
 3.72667e-03  1.69063e-02
 3.85815e-03  1.69813e-02
 3.72746e-03  1.70577e-02

 4.51719e-03  1.65150e-02
 4.19354e-03  1.66206e-02
 4.29468e-03  1.65080e-02
 4.34164e-03  1.66519e-02
 4.19354e-03  1.66206e-02

 4.99740e-03  1.65150e-02
 4.66865e-03  1.62083e-02
 4.81613e-03  1.62424e-02
 4.71288e-03  1.63531e-02
 4.66865e-03  1.62083e-02

 5.47760e-03  1.65150e-02
 5.15193e-03  1.58258e-02
 5.27636e-03  1.59120e-02
 5.13951e-03  1.59766e-02
 5.15193e-03  1.58258e-02

 5.95781e-03  1.65150e-02
 5.64230e-03  1.54777e-02
 5.75285e-03  1.55811e-02
 5.60803e-03  1.56251e-02
 5.64230e-03  1.54777e-02

 6.43802e-03  1.65150e-02
 6.13847e-03  1.51687e-02
 6.24082e-03  1.52803e-02
 6.09307e-03  1.53131e-02
 6.13847e-03  1.51687e-02

 6.91823e-03  1.65150e-02
 6.63940e-03  1.49048e-02
 6.73634e-03  1.50210e-02
 6.58719e-03  1.50468e-02
 6.63940e-03  1.49048e-02

 7.39844e-03  1.65150e-02
 7.14408e-03  1.46919e-02
 7.23715e-03  1.48113e-02
 7.08724e-03  1.48322e-02
 7.14408e-03  1.46919e-02

 7.87865e-03  1.65150e-02
 7.65228e-03  1.45388e-02
 7.74239e-03  1.46604e-02
 7.59200e-03  1.46776e-02
 7.65228e-03  1.45388e-02

 8.35885e-03  1.65150e-02
 8.16314e-03  1.44536e-02
 8.25088e-03  1.45770e-02
 8.10019e-03  1.45913e-02
 8.16314e-03  1.44536e-02

 8.83906e-03  1.65150e-02
 8.67812e-03  1.44497e-02
 8.76376e-03  1.45746e-02
 8.61285e-03  1.45863e-02
 8.67812e-03  1.44497e-02

 9.31927e-03  1.65150e-02
 9.19378e-03  1.45363e-02
 9.27761e-03  1.46624e-02
 9.12655e-03  1.46719e-02
 9.19378e-03  1.45363e-02

 9.79948e-03  1.65150e-02
 9.71676e-03  1.47380e-02
 9.79845e-03  1.48655e-02
 9.64725e-03  1.48725e-02
 9.71676e-03  1.47380e-02

 1.02797e-02  1.65150e-02
 1.02288e-02  1.50567e-02
 1.03090e-02  1.51851e-02
 1.01577e-02  1.51904e-02
 1.02288e-02  1.50567e-02

 1.07599e-02  1.65150e-02
 1.07599e-02  1.55213e-02
 1.08356e-02  1.56524e-02
 1.06842e-02  1.56524e-02
 1.07599e-02  1.55213e-02

 4.06719e-03  1.70850e-02
 4.26651e-03  1.76179e-02
 4.14970e-03  1.75217e-02
 4.29148e-03  1.74687e-02
 4.26651e-03  1.76179e-02

 4.54531e-03  1.70850e-02
 4.74049e-03  1.71798e-02
 4.58951e-03  1.71906e-02
 4.65566e-03  1.70545e-02
 4.74049e-03  1.71798e-02

 5.02344e-03  1.70850e-02
 5.21270e-03  1.67666e-02
 5.21078e-03  1.69179e-02
 5.08066e-03  1.68406e-02
 5.21270e-03  1.67666e-02

 5.50156e-03  1.70850e-02
 5.68279e-03  1.63837e-02
 5.72327e-03  1.65296e-02
 5.57671e-03  1.64917e-02
 5.68279e-03  1.63837e-02

 5.97969e-03  1.70850e-02
 6.15029e-03  1.60360e-02
 6.20395e-03  1.61776e-02
 6.05455e-03  1.61533e-02
 6.15029e-03  1.60360e-02

 6.45781e-03  1.70850e-02
 6.61467e-03  1.57283e-02
 6.67480e-03  1.58672e-02
 6.52444e-03  1.58498e-02
 6.61467e-03  1.57283e-02

 6.93594e-03  1.70850e-02
 7.07556e-03  1.54659e-02
 7.13970e-03  1.56030e-02
 6.98889e-03  1.55900e-02
 7.07556e-03  1.54659e-02

 7.41406e-03  1.70850e-02
 7.53317e-03  1.52546e-02
 7.60018e-03  1.53903e-02
 7.44914e-03  1.53805e-02
 7.53317e-03  1.52546e-02

 7.89219e-03  1.70850e-02
 7.98799e-03  1.51024e-02
 8.05726e-03  1.52370e-02
 7.90607e-03  1.52297e-02
 7.98799e-03  1.51024e-02

 8.37031e-03  1.70850e-02
 8.44173e-03  1.50169e-02
 8.51284e-03  1.51506e-02
 8.36156e-03  1.51453e-02
 8.44173e-03  1.50169e-02

 8.84844e-03  1.70850e-02
 8.89567e-03  1.50114e-02
 8.96835e-03  1.51442e-02
 8.81702e-03  1.51408e-02
 8.89567e-03  1.50114e-02

 9.32656e-03  1.70850e-02
 9.35317e-03  1.50944e-02
 9.42710e-03  1.52265e-02
 9.27574e-03  1.52245e-02
 9.35317e-03  1.50944e-02

 9.80469e-03  1.70850e-02
 9.81502e-03  1.52924e-02
 9.88995e-03  1.54240e-02
 9.73859e-03  1.54231e-02
 9.81502e-03  1.52924e-02

 1.02828e-02  1.70850e-02
 1.02846e-02  1.56068e-02
 1.03601e-02  1.57380e-02
 1.02088e-02  1.57378e-02
 1.02846e-02  1.56068e-02

 1.07609e-02  1.70850e-02
 1.07609e-02  1.60736e-02
 1.08366e-02  1.62047e-02
 1.06853e-02  1.62047e-02
 1.07609e-02  1.60736e-02

 4.09740e-03  1.76550e-02
 4.80446e-03  1.81584e-02
 4.65378e-03  1.81440e-02
 4.74157e-03  1.80207e-02
 4.80446e-03  1.81584e-02

 4.57344e-03  1.76550e-02
 5.28768e-03  1.77326e-02
 5.14918e-03  1.77937e-02
 5.16554e-03  1.76432e-02
 5.28768e-03  1.77326e-02

 5.04948e-03  1.76550e-02
 5.75826e-03  1.73313e-02
 5.67046e-03  1.74546e-02
 5.60758e-03  1.73170e-02
 5.75826e-03  1.73313e-02

 5.52552e-03  1.76550e-02
 6.21633e-03  1.69603e-02
 6.17756e-03  1.71066e-02
 6.07023e-03  1.69999e-02
 6.21633e-03  1.69603e-02

 6.00156e-03  1.76550e-02
 6.66200e-03  1.66245e-02
 6.65499e-03  1.67757e-02
 6.52755e-03  1.66940e-02
 6.66200e-03  1.66245e-02

 6.47760e-03  1.76550e-02
 7.09550e-03  1.63283e-02
 7.10876e-03  1.64791e-02
 6.97155e-03  1.64152e-02
 7.09550e-03  1.63283e-02

 6.95365e-03  1.76550e-02
 7.51715e-03  1.60769e-02
 7.54435e-03  1.62258e-02
 7.40180e-03  1.61749e-02
 7.51715e-03  1.60769e-02

 7.42969e-03  1.76550e-02
 7.92845e-03  1.58753e-02
 7.96595e-03  1.60220e-02
 7.82020e-03  1.59811e-02
 7.92845e-03  1.58753e-02

 7.90573e-03  1.76550e-02
 8.33055e-03  1.57304e-02
 8.37620e-03  1.58748e-02
 8.22839e-03  1.58421e-02
 8.33055e-03  1.57304e-02

 8.38177e-03  1.76550e-02
 8.72768e-03  1.56492e-02
 8.77999e-03  1.57912e-02
 8.63082e-03  1.57655e-02
 8.72768e-03  1.56492e-02

 8.85781e-03  1.76550e-02
 9.12070e-03  1.56438e-02
 9.17875e-03  1.57836e-02
 9.02866e-03  1.57640e-02
 9.12070e-03  1.56438e-02

 9.33385e-03  1.76550e-02
 9.51973e-03  1.57221e-02
 9.58251e-03  1.58598e-02
 9.43184e-03  1.58454e-02
 9.51973e-03  1.57221e-02

 9.80990e-03  1.76550e-02
 9.91898e-03  1.59109e-02
 9.98633e-03  1.60464e-02
 9.83526e-03  1.60370e-02
 9.91898e-03  1.59109e-02

 1.02859e-02  1.76550e-02
 1.03446e-02  1.62112e-02
 1.04149e-02  1.63452e-02
 1.02637e-02  1.63391e-02
 1.03446e-02  1.62112e-02

 1.07620e-02  1.76550e-02
 1.07620e-02  1.66629e-02
 1.08377e-02  1.67940e-02
 1.06863e-02  1.67940e-02
 1.07620e-02  1.66629e-02

 4.12760e-03  1.82250e-02
 5.32197e-03  1.86780e-02
 5.17256e-03  1.87023e-02
 5.22624e-03  1.85608e-02
 5.32197e-03  1.86780e-02

 4.60156e-03  1.82250e-02
 5.81439e-03  1.82776e-02
 5.68015e-03  1.83476e-02
 5.68671e-03  1.81963e-02
 5.81439e-03  1.82776e-02

 5.07552e-03  1.82250e-02
 6.28350e-03  1.79008e-02
 6.17652e-03  1.80079e-02
 6.13728e-03  1.78617e-02
 6.28350e-03  1.79008e-02

 5.54948e-03  1.82250e-02
 6.72999e-03  1.75535e-02
 6.65346e-03  1.76841e-02
 6.57863e-03  1.75525e-02
 6.72999e-03  1.75535e-02

 6.02344e-03  1.82250e-02
 7.15445e-03  1.72407e-02
 7.10525e-03  1.73839e-02
 7.00588e-03  1.72697e-02
 7.15445e-03  1.72407e-02

 6.49740e-03  1.82250e-02
 7.55795e-03  1.69665e-02
 7.53135e-03  1.71155e-02
 7.41560e-03  1.70180e-02
 7.55795e-03  1.69665e-02

 6.97135e-03  1.82250e-02
 7.94177e-03  1.67352e-02
 7.93363e-03  1.68864e-02
 7.80680e-03  1.68038e-02
 7.94177e-03  1.67352e-02

 7.44531e-03  1.82250e-02
 8.30863e-03  1.65511e-02
 8.31581e-03  1.67023e-02
 8.18128e-03  1.66329e-02
 8.30863e-03  1.65511e-02

 7.91927e-03  1.82250e-02
 8.66042e-03  1.64199e-02
 8.68065e-03  1.65699e-02
 8.54062e-03  1.65124e-02
 8.66042e-03  1.64199e-02

 8.39323e-03  1.82250e-02
 9.00373e-03  1.63471e-02
 9.03518e-03  1.64952e-02
 8.89123e-03  1.64484e-02
 9.00373e-03  1.63471e-02

 8.86719e-03  1.82250e-02
 9.33887e-03  1.63440e-02
 9.38039e-03  1.64896e-02
 9.23357e-03  1.64528e-02
 9.33887e-03  1.63440e-02

 9.34115e-03  1.82250e-02
 9.68224e-03  1.64173e-02
 9.73230e-03  1.65601e-02
 9.58356e-03  1.65321e-02
 9.68224e-03  1.64173e-02

 9.81510e-03  1.82250e-02
 1.00213e-02  1.65921e-02
 1.00800e-02  1.67317e-02
 9.92982e-03  1.67127e-02
 1.00213e-02  1.65921e-02

 1.02891e-02  1.82250e-02
 1.04043e-02  1.68698e-02
 1.04686e-02  1.70068e-02
 1.03178e-02  1.69940e-02
 1.04043e-02  1.68698e-02

 1.07630e-02  1.82250e-02
 1.07630e-02  1.72897e-02
 1.08387e-02  1.74208e-02
 1.06873e-02  1.74208e-02
 1.07630e-02  1.72897e-02

 4.15781e-03  1.87950e-02
 5.79379e-03  1.91785e-02
 5.64888e-03  1.92223e-02
 5.68343e-03  1.90749e-02
 5.79379e-03  1.91785e-02

 4.62969e-03  1.87950e-02
 6.29359e-03  1.88167e-02
 6.16152e-03  1.88907e-02
 6.16350e-03  1.87393e-02
 6.29359e-03  1.88167e-02

 5.10156e-03  1.87950e-02
 6.76017e-03  1.84772e-02
 6.64566e-03  1.85762e-02
 6.61718e-03  1.84276e-02
 6.76017e-03  1.84772e-02

 5.57344e-03  1.87950e-02
 7.19465e-03  1.81659e-02
 7.09982e-03  1.82839e-02
 7.04506e-03  1.81428e-02
 7.19465e-03  1.81659e-02

 6.04531e-03  1.87950e-02
 7.59834e-03  1.78873e-02
 7.52336e-03  1.80187e-02
 7.44697e-03  1.78881e-02
 7.59834e-03  1.78873e-02

 6.51719e-03  1.87950e-02
 7.97334e-03  1.76450e-02
 7.91737e-03  1.77856e-02
 7.82356e-03  1.76668e-02
 7.97334e-03  1.76450e-02

 6.98906e-03  1.87950e-02
 8.32177e-03  1.74424e-02
 8.28368e-03  1.75889e-02
 8.17586e-03  1.74826e-02
 8.32177e-03  1.74424e-02

 7.46094e-03  1.87950e-02
 8.64781e-03  1.72828e-02
 8.62641e-03  1.74326e-02
 8.50734e-03  1.73392e-02
 8.64781e-03  1.72828e-02

 7.93281e-03  1.87950e-02
 8.95401e-03  1.71707e-02
 8.94831e-03  1.73219e-02
 8.82017e-03  1.72414e-02
 8.95401e-03  1.71707e-02

 8.40469e-03  1.87950e-02
 9.24924e-03  1.71104e-02
 9.25815e-03  1.72615e-02
 9.12283e-03  1.71937e-02
 9.24924e-03  1.71104e-02

 8.87656e-03  1.87950e-02
 9.53312e-03  1.71113e-02
 9.55601e-03  1.72609e-02
 9.41499e-03  1.72059e-02
 9.53312e-03  1.71113e-02

 9.34844e-03  1.87950e-02
 9.82744e-03  1.71792e-02
 9.86274e-03  1.73263e-02
 9.71762e-03  1.72833e-02
 9.82744e-03  1.71792e-02

 9.82031e-03  1.87950e-02
 1.01135e-02  1.73360e-02
 1.01618e-02  1.74795e-02
 1.00134e-02  1.74497e-02
 1.01135e-02  1.73360e-02

 1.02922e-02  1.87950e-02
 1.04586e-02  1.75838e-02
 1.05157e-02  1.77240e-02
 1.03657e-02  1.77034e-02
 1.04586e-02  1.75838e-02

 1.07641e-02  1.87950e-02
 1.07641e-02  1.79557e-02
 1.08397e-02  1.80868e-02
 1.06884e-02  1.80868e-02
 1.07641e-02  1.79557e-02

 4.18802e-03  1.93650e-02
 6.19522e-03  1.96642e-02
 6.05441e-03  1.97198e-02
 6.07673e-03  1.95701e-02
 6.19522e-03  1.96642e-02

 4.65781e-03  1.93650e-02
 6.69801e-03  1.93514e-02
 6.56743e-03  1.94280e-02
 6.56642e-03  1.92766e-02
 6.69801e-03  1.93514e-02

 5.12760e-03  1.93650e-02
 7.15902e-03  1.90594e-02
 7.04065e-03  1.91537e-02
 7.01814e-03  1.90041e-02
 7.15902e-03  1.90594e-02

 5.59740e-03  1.93650e-02
 7.57977e-03  1.87935e-02
 7.47478e-03  1.89025e-02
 7.43285e-03  1.87570e-02
 7.57977e-03  1.87935e-02

 6.06719e-03  1.93650e-02
 7.96268e-03  1.85575e-02
 7.87174e-03  1.86785e-02
 7.81242e-03  1.85393e-02
 7.96268e-03  1.85575e-02

 6.53698e-03  1.93650e-02
 8.31085e-03  1.83545e-02
 8.23441e-03  1.84851e-02
 8.15948e-03  1.83536e-02
 8.31085e-03  1.83545e-02

 7.00677e-03  1.93650e-02
 8.62753e-03  1.81868e-02
 8.56600e-03  1.83251e-02
 8.47700e-03  1.82026e-02
 8.62753e-03  1.81868e-02

 7.47656e-03  1.93650e-02
 8.91803e-03  1.80566e-02
 8.87183e-03  1.82007e-02
 8.77010e-03  1.80886e-02
 8.91803e-03  1.80566e-02

 7.94635e-03  1.93650e-02
 9.18597e-03  1.79671e-02
 9.15563e-03  1.81153e-02
 9.04237e-03  1.80149e-02
 9.18597e-03  1.79671e-02

 8.41615e-03  1.93650e-02
 9.44173e-03  1.79215e-02
 9.42751e-03  1.80722e-02
 9.30411e-03  1.79845e-02
 9.44173e-03  1.79215e-02

 8.88594e-03  1.93650e-02
 9.68470e-03  1.79271e-02
 9.68720e-03  1.80784e-02
 9.55488e-03  1.80049e-02
 9.68470e-03  1.79271e-02

 9.35573e-03  1.93650e-02
 9.94038e-03  1.79891e-02
 9.95877e-03  1.81393e-02
 9.81946e-03  1.80801e-02
 9.94038e-03  1.79891e-02

 9.82552e-03  1.93650e-02
 1.01853e-02  1.81247e-02
 1.02215e-02  1.82717e-02
 1.00761e-02  1.82295e-02
 1.01853e-02  1.81247e-02

 1.02953e-02  1.93650e-02
 1.05008e-02  1.83374e-02
 1.05493e-02  1.84808e-02
 1.04009e-02  1.84511e-02
 1.05008e-02  1.83374e-02

 1.07651e-02  1.93650e-02
 1.07651e-02  1.86491e-02
 1.08408e-02  1.87801e-02
 1.06894e-02  1.87801e-02
 1.07651e-02  1.86491e-02

 4.21823e-03  1.99350e-02
 6.48502e-03  2.01437e-02
 6.34755e-03  2.02070e-02
 6.36143e-03  2.00563e-02
 6.48502e-03  2.01437e-02

 4.68594e-03  1.99350e-02
 6.98505e-03  1.98918e-02
 6.85541e-03  1.99700e-02
 6.85256e-03  1.98186e-02
 6.98505e-03  1.98918e-02

 5.15365e-03  1.99350e-02
 7.43702e-03  1.96583e-02
 7.31598e-03  1.97492e-02
 7.29778e-03  1.95990e-02
 7.43702e-03  1.96583e-02

 5.62135e-03  1.99350e-02
 7.84327e-03  1.94476e-02
 7.73144e-03  1.95496e-02
 7.69901e-03  1.94018e-02
 7.84327e-03  1.94476e-02

 6.08906e-03  1.99350e-02
 8.20706e-03  1.92627e-02
 8.10502e-03  1.93745e-02
 8.05922e-03  1.92302e-02
 8.20706e-03  1.92627e-02

 6.55677e-03  1.99350e-02
 8.53264e-03  1.91055e-02
 8.44107e-03  1.92260e-02
 8.38247e-03  1.90865e-02
 8.53264e-03  1.91055e-02

 7.02448e-03  1.99350e-02
 8.82431e-03  1.89775e-02
 8.74412e-03  1.91059e-02
 8.67303e-03  1.89723e-02
 8.82431e-03  1.89775e-02

 7.49219e-03  1.99350e-02
 9.08858e-03  1.88799e-02
 9.02095e-03  1.90153e-02
 8.93749e-03  1.88890e-02
 9.08858e-03  1.88799e-02

 7.95990e-03  1.99350e-02
 9.32969e-03  1.88147e-02
 9.27613e-03  1.89563e-02
 9.18030e-03  1.88391e-02
 9.32969e-03  1.88147e-02

 8.42760e-03  1.99350e-02
 9.55907e-03  1.87844e-02
 9.52112e-03  1.89309e-02
 9.41320e-03  1.88248e-02
 9.55907e-03  1.87844e-02

 8.89531e-03  1.99350e-02
 9.77597e-03  1.87939e-02
 9.75579e-03  1.89439e-02
 9.63596e-03  1.88515e-02
 9.77597e-03  1.87939e-02

 9.36302e-03  1.99350e-02
 1.00079e-02  1.88483e-02
 1.00061e-02  1.89997e-02
 9.87590e-03  1.89224e-02
 1.00079e-02  1.88483e-02

 9.83073e-03  1.99350e-02
 1.02284e-02  1.89593e-02
 1.02490e-02  1.91092e-02
 1.01089e-02  1.90521e-02
 1.02284e-02  1.89593e-02

 1.02984e-02  1.99350e-02
 1.05267e-02  1.91323e-02
 1.05636e-02  1.92791e-02
 1.04180e-02  1.92377e-02
 1.05267e-02  1.91323e-02

 1.07661e-02  1.99350e-02
 1.07661e-02  1.93733e-02
 1.08418e-02  1.95044e-02
 1.06905e-02  1.95044e-02
 1.07661e-02  1.93733e-02

 4.24844e-03  2.05050e-02
 6.63179e-03  2.06255e-02
 6.49704e-03  2.06944e-02
 6.50469e-03  2.05433e-02
 6.63179e-03  2.06255e-02

 4.71406e-03  2.05050e-02
 7.12118e-03  2.04365e-02
 6.99229e-03  2.05159e-02
 6.98799e-03  2.03646e-02
 7.12118e-03  2.04365e-02

 5.17969e-03  2.05050e-02
 7.55963e-03  2.02631e-02
 7.43687e-03  2.03516e-02
 7.42156e-03  2.02010e-02
 7.55963e-03  2.02631e-02

 5.64531e-03  2.05050e-02
 7.95033e-03  2.01085e-02
 7.83397e-03  2.02053e-02
 7.80831e-03  2.00561e-02
 7.95033e-03  2.01085e-02

 6.11094e-03  2.05050e-02
 8.29758e-03  1.99746e-02
 8.18803e-03  2.00791e-02
 8.15235e-03  1.99320e-02
 8.29758e-03  1.99746e-02

 6.57656e-03  2.05050e-02
 8.60670e-03  1.98626e-02
 8.50455e-03  1.99743e-02
 8.45888e-03  1.98300e-02
 8.60670e-03  1.98626e-02

 7.04219e-03  2.05050e-02
 8.88266e-03  1.97731e-02
 8.78882e-03  1.98918e-02
 8.73288e-03  1.97512e-02
 8.88266e-03  1.97731e-02

 7.50781e-03  2.05050e-02
 9.13274e-03  1.97064e-02
 9.04847e-03  1.98321e-02
 8.98171e-03  1.96963e-02
 9.13274e-03  1.97064e-02

 7.97344e-03  2.05050e-02
 9.36155e-03  1.96636e-02
 9.28868e-03  1.97962e-02
 9.21022e-03  1.96668e-02
 9.36155e-03  1.96636e-02

 8.43906e-03  2.05050e-02
 9.58075e-03  1.96464e-02
 9.52147e-03  1.97856e-02
 9.43049e-03  1.96647e-02
 9.58075e-03  1.96464e-02

 8.90469e-03  2.05050e-02
 9.78965e-03  1.96581e-02
 9.74727e-03  1.98034e-02
 9.64262e-03  1.96941e-02
 9.78965e-03  1.96581e-02

 9.37031e-03  2.05050e-02
 1.00157e-02  1.97033e-02
 9.99243e-03  1.98529e-02
 9.87452e-03  1.97579e-02
 1.00157e-02  1.97033e-02

 9.83594e-03  2.05050e-02
 1.02325e-02  1.97882e-02
 1.02353e-02  1.99395e-02
 1.01028e-02  1.98663e-02
 1.02325e-02  1.97882e-02

 1.03016e-02  2.05050e-02
 1.05282e-02  1.99207e-02
 1.05514e-02  2.00703e-02
 1.04102e-02  2.00155e-02
 1.05282e-02  1.99207e-02

 1.07672e-02  2.05050e-02
 1.07672e-02  2.00909e-02
 1.08429e-02  2.02220e-02
 1.06915e-02  2.02220e-02
 1.07672e-02  2.00909e-02

 4.27865e-03  2.10750e-02
 6.56058e-03  2.11279e-02
 6.42777e-03  2.12005e-02
 6.43128e-03  2.10492e-02
 6.56058e-03  2.11279e-02

 4.74219e-03  2.10750e-02
 7.03525e-03  2.10114e-02
 6.90631e-03  2.10907e-02
 6.90211e-03  2.09394e-02
 7.03525e-03  2.10114e-02

 5.20573e-03  2.10750e-02
 7.46125e-03  2.09057e-02
 7.33619e-03  2.09910e-02
 7.32486e-03  2.08401e-02
 7.46125e-03  2.09057e-02

 5.66927e-03  2.10750e-02
 7.84222e-03  2.08128e-02
 7.72114e-03  2.09037e-02
 7.70301e-03  2.07534e-02
 7.84222e-03  2.08128e-02

 6.13281e-03  2.10750e-02
 8.18330e-03  2.07336e-02
 8.06643e-03  2.08298e-02
 8.04157e-03  2.06804e-02
 8.18330e-03  2.07336e-02

 6.59635e-03  2.10750e-02
 8.49003e-03  2.06683e-02
 8.37776e-03  2.07699e-02
 8.34597e-03  2.06219e-02
 8.49003e-03  2.06683e-02

 7.05990e-03  2.10750e-02
 8.76784e-03  2.06171e-02
 8.66083e-03  2.07241e-02
 8.62163e-03  2.05779e-02
 8.76784e-03  2.06171e-02

 7.52344e-03  2.10750e-02
 9.02386e-03  2.05799e-02
 8.92309e-03  2.06928e-02
 8.87566e-03  2.05491e-02
 9.02386e-03  2.05799e-02

 7.98698e-03  2.10750e-02
 9.26247e-03  2.05570e-02
 9.16950e-03  2.06765e-02
 9.11254e-03  2.05362e-02
 9.26247e-03  2.05570e-02

 8.45052e-03  2.10750e-02
 9.49450e-03  2.05497e-02
 9.41142e-03  2.06762e-02
 9.34338e-03  2.05410e-02
 9.49450e-03  2.05497e-02

 8.91406e-03  2.10750e-02
 9.71926e-03  2.05597e-02
 9.64964e-03  2.06941e-02
 9.56805e-03  2.05666e-02
 9.71926e-03  2.05597e-02

 9.37760e-03  2.10750e-02
 9.96202e-03  2.05912e-02
 9.90930e-03  2.07331e-02
 9.81278e-03  2.06165e-02
 9.96202e-03  2.05912e-02

 9.84115e-03  2.10750e-02
 1.01984e-02  2.06461e-02
 1.01727e-02  2.07953e-02
 1.00564e-02  2.06984e-02
 1.01984e-02  2.06461e-02

 1.03047e-02  2.10750e-02
 1.05094e-02  2.07342e-02
 1.05068e-02  2.08855e-02
 1.03770e-02  2.08076e-02
 1.05094e-02  2.07342e-02

 1.07682e-02  2.10750e-02
 1.07682e-02  2.08314e-02
 1.08439e-02  2.09625e-02
 1.06925e-02  2.09625e-02
 1.07682e-02  2.08314e-02

 4.30885e-03  2.16450e-02
 6.25521e-03  2.16452e-02
 6.12411e-03  2.17209e-02
 6.12413e-03  2.15695e-02
 6.25521e-03  2.16452e-02

 4.77031e-03  2.16450e-02
 6.71084e-03  2.15805e-02
 6.58234e-03  2.16605e-02
 6.57731e-03  2.15092e-02
 6.71084e-03  2.15805e-02

 5.23177e-03  2.16450e-02
 7.12567e-03  2.15227e-02
 6.99974e-03  2.16066e-02
 6.98998e-03  2.14556e-02
 7.12567e-03  2.15227e-02

 5.69323e-03  2.16450e-02
 7.50388e-03  2.14727e-02
 7.38055e-03  2.15604e-02
 7.36621e-03  2.14097e-02
 7.50388e-03  2.14727e-02

 6.15469e-03  2.16450e-02
 7.85038e-03  2.14308e-02
 7.72981e-03  2.15223e-02
 7.71084e-03  2.13721e-02
 7.85038e-03  2.14308e-02

 6.61615e-03  2.16450e-02
 8.17046e-03  2.13970e-02
 8.05293e-03  2.14924e-02
 8.02908e-03  2.13429e-02
 8.17046e-03  2.13970e-02

 7.07760e-03  2.16450e-02
 8.46897e-03  2.13710e-02
 8.35497e-03  2.14706e-02
 8.32573e-03  2.13221e-02
 8.46897e-03  2.13710e-02

 7.53906e-03  2.16450e-02
 8.75189e-03  2.13529e-02
 8.64217e-03  2.14572e-02
 8.60673e-03  2.13100e-02
 8.75189e-03  2.13529e-02

 8.00052e-03  2.16450e-02
 9.02278e-03  2.13425e-02
 8.91855e-03  2.14523e-02
 8.87560e-03  2.13071e-02
 9.02278e-03  2.13425e-02

 8.46198e-03  2.16450e-02
 9.29064e-03  2.13407e-02
 9.19367e-03  2.14569e-02
 9.14150e-03  2.13148e-02
 9.29064e-03  2.13407e-02

 8.92344e-03  2.16450e-02
 9.55433e-03  2.13479e-02
 9.46798e-03  2.14722e-02
 9.40349e-03  2.13352e-02
 9.55433e-03  2.13479e-02

 9.38490e-03  2.16450e-02
 9.83561e-03  2.13675e-02
 9.76366e-03  2.15007e-02
 9.68431e-03  2.13718e-02
 9.83561e-03  2.13675e-02

 9.84635e-03  2.16450e-02
 1.01146e-02  2.13978e-02
 1.00695e-02  2.15423e-02
 9.96690e-03  2.14310e-02
 1.01146e-02  2.13978e-02

 1.03078e-02  2.16450e-02
 1.04580e-02  2.14499e-02
 1.04380e-02  2.15999e-02
 1.03181e-02  2.15076e-02
 1.04580e-02  2.14499e-02

 1.07693e-02  2.16450e-02
 1.07693e-02  2.14959e-02
 1.08450e-02  2.16270e-02
 1.06936e-02  2.16270e-02
 1.07693e-02  2.14959e-02

 4.33906e-03  2.22150e-02
 5.60260e-03  2.22150e-02
 5.47151e-03  2.22907e-02
 5.47151e-03  2.21393e-02
 5.60260e-03  2.22150e-02

 4.79844e-03  2.22150e-02
 6.05213e-03  2.22150e-02
 5.92105e-03  2.22907e-02
 5.92105e-03  2.21393e-02
 6.05213e-03  2.22150e-02

 5.25781e-03  2.22150e-02
 6.47564e-03  2.22150e-02
 6.34455e-03  2.22907e-02
 6.34455e-03  2.21393e-02
 6.47564e-03  2.22150e-02

 5.71719e-03  2.22150e-02
 6.87643e-03  2.22150e-02
 6.74534e-03  2.22907e-02
 6.74534e-03  2.21393e-02
 6.87643e-03  2.22150e-02

 6.17656e-03  2.22150e-02
 7.25778e-03  2.22150e-02
 7.12669e-03  2.22907e-02
 7.12669e-03  2.21393e-02
 7.25778e-03  2.22150e-02

 6.63594e-03  2.22150e-02
 7.62346e-03  2.22150e-02
 7.49237e-03  2.22907e-02
 7.49237e-03  2.21393e-02
 7.62346e-03  2.22150e-02

 7.09531e-03  2.22150e-02
 7.97642e-03  2.22150e-02
 7.84533e-03  2.22907e-02
 7.84533e-03  2.21393e-02
 7.97642e-03  2.22150e-02

 7.55469e-03  2.22150e-02
 8.32083e-03  2.22150e-02
 8.18974e-03  2.22907e-02
 8.18974e-03  2.21393e-02
 8.32083e-03  2.22150e-02

 8.01406e-03  2.22150e-02
 8.65852e-03  2.22150e-02
 8.52743e-03  2.22907e-02
 8.52743e-03  2.21393e-02
 8.65852e-03  2.22150e-02

 8.47344e-03  2.22150e-02
 8.99562e-03  2.22150e-02
 8.86453e-03  2.22907e-02
 8.86453e-03  2.21393e-02
 8.99562e-03  2.22150e-02

 8.93281e-03  2.22150e-02
 9.33047e-03  2.22150e-02
 9.19938e-03  2.22907e-02
 9.19938e-03  2.21393e-02
 9.33047e-03  2.22150e-02

 9.39219e-03  2.22150e-02
 9.67811e-03  2.22150e-02
 9.54702e-03  2.22907e-02
 9.54702e-03  2.21393e-02
 9.67811e-03  2.22150e-02

 9.85156e-03  2.22150e-02
 1.00226e-02  2.22150e-02
 9.89153e-03  2.22907e-02
 9.89153e-03  2.21393e-02
 1.00226e-02  2.22150e-02

 1.03109e-02  2.22150e-02
 1.04111e-02  2.22150e-02
 1.02800e-02  2.22907e-02
 1.02800e-02  2.21393e-02
 1.04111e-02  2.22150e-02

 1.07703e-02  2.22150e-02
 1.07703e-02  2.22150e-02
 1.06392e-02  2.22907e-02
 1.06392e-02  2.21393e-02
 1.07703e-02  2.22150e-02

