#[ Fluid velocity 2D plot data file: flw.dat ]
 1.95313e-04  1.13850e-02
 1.95313e-04  1.13850e-02
 6.42249e-05  1.14607e-02
 6.42249e-05  1.13093e-02
 1.95313e-04  1.13850e-02

 5.85937e-04  1.13850e-02
 4.01610e-04  1.13850e-02
 5.32698e-04  1.13093e-02
 5.32698e-04  1.14607e-02
 4.01610e-04  1.13850e-02

 9.76562e-04  1.13850e-02
 7.31901e-04  1.13850e-02
 8.62988e-04  1.13093e-02
 8.62988e-04  1.14607e-02
 7.31901e-04  1.13850e-02

 1.36719e-03  1.13850e-02
 1.01430e-03  1.13850e-02
 1.14539e-03  1.13093e-02
 1.14539e-03  1.14607e-02
 1.01430e-03  1.13850e-02

 1.75781e-03  1.13850e-02
 1.32362e-03  1.13850e-02
 1.45470e-03  1.13093e-02
 1.45470e-03  1.14607e-02
 1.32362e-03  1.13850e-02

 2.14844e-03  1.13850e-02
 1.62963e-03  1.13850e-02
 1.76072e-03  1.13093e-02
 1.76072e-03  1.14607e-02
 1.62963e-03  1.13850e-02

 2.53906e-03  1.13850e-02
 1.94755e-03  1.13850e-02
 2.07864e-03  1.13093e-02
 2.07864e-03  1.14607e-02
 1.94755e-03  1.13850e-02

 2.92969e-03  1.13850e-02
 2.27198e-03  1.13850e-02
 2.40306e-03  1.13093e-02
 2.40306e-03  1.14607e-02
 2.27198e-03  1.13850e-02

 3.32031e-03  1.13850e-02
 2.60660e-03  1.13850e-02
 2.73769e-03  1.13093e-02
 2.73769e-03  1.14607e-02
 2.60660e-03  1.13850e-02

 1.97049e-04  1.19550e-02
 1.97049e-04  1.22769e-02
 1.21365e-04  1.21458e-02
 2.72732e-04  1.21458e-02
 1.97049e-04  1.22769e-02

 5.91146e-04  1.19550e-02
 2.93619e-04  1.22484e-02
 3.33815e-04  1.21025e-02
 4.40098e-04  1.22102e-02
 2.93619e-04  1.22484e-02

 9.85243e-04  1.19550e-02
 5.78081e-04  1.22409e-02
 6.41875e-04  1.21036e-02
 7.28855e-04  1.22275e-02
 5.78081e-04  1.22409e-02

 1.37934e-03  1.19550e-02
 7.90546e-04  1.22256e-02
 8.78046e-04  1.21021e-02
 9.41262e-04  1.22397e-02
 7.90546e-04  1.22256e-02

 1.77344e-03  1.19550e-02
 1.04626e-03  1.22099e-02
 1.14493e-03  1.20951e-02
 1.19501e-03  1.22380e-02
 1.04626e-03  1.22099e-02

 2.16753e-03  1.19550e-02
 1.29884e-03  1.21897e-02
 1.40565e-03  1.20824e-02
 1.44513e-03  1.22285e-02
 1.29884e-03  1.21897e-02

 2.56163e-03  1.19550e-02
 1.57215e-03  1.21667e-02
 1.68450e-03  1.20652e-02
 1.71617e-03  1.22133e-02
 1.57215e-03  1.21667e-02

 2.95573e-03  1.19550e-02
 1.85779e-03  1.21407e-02
 1.97442e-03  1.20442e-02
 1.99966e-03  1.21934e-02
 1.85779e-03  1.21407e-02

 3.34983e-03  1.19550e-02
 2.16182e-03  1.21123e-02
 2.28184e-03  1.20201e-02
 2.30171e-03  1.21702e-02
 2.16182e-03  1.21123e-02

 1.98785e-04  1.25250e-02
 1.98785e-04  1.30788e-02
 1.23101e-04  1.29477e-02
 2.74468e-04  1.29477e-02
 1.98785e-04  1.30788e-02

 5.96354e-04  1.25250e-02
 2.45872e-04  1.30575e-02
 2.54724e-04  1.29064e-02
 3.81161e-04  1.29896e-02
 2.45872e-04  1.30575e-02

 9.93924e-04  1.25250e-02
 5.03230e-04  1.30384e-02
 5.39097e-04  1.28913e-02
 6.48518e-04  1.29959e-02
 5.03230e-04  1.30384e-02

 1.39149e-03  1.25250e-02
 6.79471e-04  1.30114e-02
 7.45017e-04  1.28750e-02
 8.30403e-04  1.30000e-02
 6.79471e-04  1.30114e-02

 1.78906e-03  1.25250e-02
 9.06593e-04  1.29781e-02
 9.88634e-04  1.28509e-02
 1.05778e-03  1.29856e-02
 9.06593e-04  1.29781e-02

 2.18663e-03  1.25250e-02
 1.13251e-03  1.29378e-02
 1.22698e-03  1.28195e-02
 1.28217e-03  1.29605e-02
 1.13251e-03  1.29378e-02

 2.58420e-03  1.25250e-02
 1.38454e-03  1.28916e-02
 1.48779e-03  1.27809e-02
 1.53202e-03  1.29256e-02
 1.38454e-03  1.28916e-02

 2.98177e-03  1.25250e-02
 1.65353e-03  1.28402e-02
 1.76360e-03  1.27363e-02
 1.79855e-03  1.28836e-02
 1.65353e-03  1.28402e-02

 3.37934e-03  1.25250e-02
 1.94597e-03  1.27847e-02
 2.06147e-03  1.26869e-02
 2.08845e-03  1.28358e-02
 1.94597e-03  1.27847e-02

 2.00521e-04  1.30950e-02
 2.00521e-04  1.39808e-02
 1.24837e-04  1.38497e-02
 2.76204e-04  1.38497e-02
 2.00521e-04  1.39808e-02

 6.01563e-04  1.30950e-02
 2.27270e-04  1.39679e-02
 2.09374e-04  1.38176e-02
 3.48490e-04  1.38772e-02
 2.27270e-04  1.39679e-02

 1.00260e-03  1.30950e-02
 4.75560e-04  1.39355e-02
 4.81083e-04  1.37842e-02
 6.09322e-04  1.38646e-02
 4.75560e-04  1.39355e-02

 1.40365e-03  1.30950e-02
 6.37275e-04  1.38919e-02
 6.73585e-04  1.37450e-02
 7.82690e-04  1.38499e-02
 6.37275e-04  1.38919e-02

 1.80469e-03  1.30950e-02
 8.53725e-04  1.38340e-02
 9.10796e-04  1.36938e-02
 1.00367e-03  1.38133e-02
 8.53725e-04  1.38340e-02

 2.20573e-03  1.30950e-02
 1.06995e-03  1.37649e-02
 1.14441e-03  1.36331e-02
 1.22131e-03  1.37635e-02
 1.06995e-03  1.37649e-02

 2.60677e-03  1.30950e-02
 1.31531e-03  1.36856e-02
 1.40305e-03  1.35622e-02
 1.46600e-03  1.36999e-02
 1.31531e-03  1.36856e-02

 3.00781e-03  1.30950e-02
 1.57997e-03  1.35982e-02
 1.67845e-03  1.34832e-02
 1.72876e-03  1.36260e-02
 1.57997e-03  1.35982e-02

 3.40885e-03  1.30950e-02
 1.87097e-03  1.35043e-02
 1.97818e-03  1.33975e-02
 2.01711e-03  1.35437e-02
 1.87097e-03  1.35043e-02

 2.02257e-04  1.36650e-02
 2.02257e-04  1.48486e-02
 1.26573e-04  1.47175e-02
 2.77940e-04  1.47175e-02
 2.02257e-04  1.48486e-02

 6.06771e-04  1.36650e-02
 2.39426e-04  1.48476e-02
 2.06037e-04  1.46999e-02
 3.50590e-04  1.47448e-02
 2.39426e-04  1.48476e-02

 1.01128e-03  1.36650e-02
 4.93322e-04  1.48034e-02
 4.78721e-04  1.46528e-02
 6.16498e-04  1.47155e-02
 4.93322e-04  1.48034e-02

 1.41580e-03  1.36650e-02
 6.61204e-04  1.47446e-02
 6.74268e-04  1.45938e-02
 7.98335e-04  1.46805e-02
 6.61204e-04  1.47446e-02

 1.82031e-03  1.36650e-02
 8.83427e-04  1.46624e-02
 9.18016e-04  1.45150e-02
 1.02834e-03  1.46186e-02
 8.83427e-04  1.46624e-02

 2.22483e-03  1.36650e-02
 1.10569e-03  1.45646e-02
 1.16044e-03  1.44235e-02
 1.25528e-03  1.45415e-02
 1.10569e-03  1.45646e-02

 2.62934e-03  1.36650e-02
 1.35756e-03  1.44523e-02
 1.42918e-03  1.43190e-02
 1.50885e-03  1.44477e-02
 1.35756e-03  1.44523e-02

 3.03385e-03  1.36650e-02
 1.62924e-03  1.43293e-02
 1.71539e-03  1.42049e-02
 1.78011e-03  1.43417e-02
 1.62924e-03  1.43293e-02

 3.43837e-03  1.36650e-02
 1.92765e-03  1.41979e-02
 2.02610e-03  1.40829e-02
 2.07645e-03  1.42257e-02
 1.92765e-03  1.41979e-02

 2.03993e-04  1.42350e-02
 2.03993e-04  1.57146e-02
 1.28310e-04  1.55835e-02
 2.79677e-04  1.55835e-02
 2.03993e-04  1.57146e-02

 6.11979e-04  1.42350e-02
 2.75816e-04  1.57244e-02
 2.30851e-04  1.55798e-02
 3.78504e-04  1.56132e-02
 2.75816e-04  1.57244e-02

 1.01997e-03  1.42350e-02
 5.46187e-04  1.56695e-02
 5.15432e-04  1.55213e-02
 6.59163e-04  1.55688e-02
 5.46187e-04  1.56695e-02

 1.42795e-03  1.42350e-02
 7.36545e-04  1.55955e-02
 7.28465e-04  1.54443e-02
 8.63406e-04  1.55129e-02
 7.36545e-04  1.55955e-02

 1.83594e-03  1.42350e-02
 9.77157e-04  1.54889e-02
 9.88786e-04  1.53380e-02
 1.11367e-03  1.54235e-02
 9.77157e-04  1.54889e-02

 2.24392e-03  1.42350e-02
 1.21758e-03  1.53625e-02
 1.24986e-03  1.52146e-02
 1.36179e-03  1.53165e-02
 1.21758e-03  1.53625e-02

 2.65191e-03  1.42350e-02
 1.48570e-03  1.52167e-02
 1.53725e-03  1.50744e-02
 1.63473e-03  1.51902e-02
 1.48570e-03  1.52167e-02

 3.05990e-03  1.42350e-02
 1.77229e-03  1.50577e-02
 1.84201e-03  1.49233e-02
 1.92351e-03  1.50509e-02
 1.77229e-03  1.50577e-02

 3.46788e-03  1.42350e-02
 2.08401e-03  1.48882e-02
 2.17025e-03  1.47638e-02
 2.23486e-03  1.49007e-02
 2.08401e-03  1.48882e-02

 2.05729e-04  1.48050e-02
 2.05729e-04  1.65344e-02
 1.30046e-04  1.64034e-02
 2.81413e-04  1.64034e-02
 2.05729e-04  1.65344e-02

 6.17187e-04  1.48050e-02
 3.33094e-04  1.65535e-02
 2.79414e-04  1.64120e-02
 4.28821e-04  1.64363e-02
 3.33094e-04  1.65535e-02

 1.02865e-03  1.48050e-02
 6.28591e-04  1.64901e-02
 5.85234e-04  1.63451e-02
 7.32507e-04  1.63800e-02
 6.28591e-04  1.64901e-02

 1.44010e-03  1.48050e-02
 8.55018e-04  1.64032e-02
 8.29012e-04  1.62541e-02
 9.71153e-04  1.63061e-02
 8.55018e-04  1.64032e-02

 1.85156e-03  1.48050e-02
 1.12421e-03  1.62755e-02
 1.11449e-03  1.61245e-02
 1.25017e-03  1.61916e-02
 1.12421e-03  1.62755e-02

 2.26302e-03  1.48050e-02
 1.39281e-03  1.61236e-02
 1.40185e-03  1.59725e-02
 1.52819e-03  1.60558e-02
 1.39281e-03  1.61236e-02

 2.67448e-03  1.48050e-02
 1.68514e-03  1.59483e-02
 1.71369e-03  1.57996e-02
 1.82815e-03  1.58987e-02
 1.68514e-03  1.59483e-02

 3.08594e-03  1.48050e-02
 1.99330e-03  1.57572e-02
 2.04239e-03  1.56141e-02
 2.14184e-03  1.57282e-02
 1.99330e-03  1.57572e-02

 3.49740e-03  1.48050e-02
 2.32309e-03  1.55542e-02
 2.39290e-03  1.54199e-02
 2.47431e-03  1.55475e-02
 2.32309e-03  1.55542e-02

 2.07465e-04  1.53750e-02
 2.07465e-04  1.73079e-02
 1.31782e-04  1.71768e-02
 2.83149e-04  1.71768e-02
 2.07465e-04  1.73079e-02

 6.22396e-04  1.53750e-02
 4.06115e-04  1.73340e-02
 3.45274e-04  1.71954e-02
 4.95727e-04  1.72120e-02
 4.06115e-04  1.73340e-02

 1.03733e-03  1.53750e-02
 7.32874e-04  1.72644e-02
 6.79008e-04  1.71230e-02
 8.28448e-04  1.71471e-02
 7.32874e-04  1.72644e-02

 1.45226e-03  1.53750e-02
 1.00560e-03  1.71672e-02
 9.63860e-04  1.70217e-02
 1.11073e-03  1.70583e-02
 1.00560e-03  1.71672e-02

 1.86719e-03  1.53750e-02
 1.31094e-03  1.70223e-02
 1.28118e-03  1.68739e-02
 1.42459e-03  1.69223e-02
 1.31094e-03  1.70223e-02

 2.28212e-03  1.53750e-02
 1.61525e-03  1.68493e-02
 1.60032e-03  1.66987e-02
 1.73823e-03  1.67611e-02
 1.61525e-03  1.68493e-02

 2.69705e-03  1.53750e-02
 1.93772e-03  1.66494e-02
 1.93980e-03  1.64980e-02
 2.06983e-03  1.65755e-02
 1.93772e-03  1.66494e-02

 3.11198e-03  1.53750e-02
 2.27227e-03  1.64315e-02
 2.29459e-03  1.62818e-02
 2.41308e-03  1.63759e-02
 2.27227e-03  1.64315e-02

 3.52691e-03  1.53750e-02
 2.62363e-03  1.62000e-02
 2.66938e-03  1.60557e-02
 2.77146e-03  1.61675e-02
 2.62363e-03  1.62000e-02

 2.09201e-04  1.59450e-02
 2.09201e-04  1.80183e-02
 1.33518e-04  1.78873e-02
 2.84885e-04  1.78873e-02
 2.09201e-04  1.80183e-02

 6.27604e-04  1.59450e-02
 4.90541e-04  1.80492e-02
 4.23539e-04  1.79134e-02
 5.74586e-04  1.79233e-02
 4.90541e-04  1.80492e-02

 1.04601e-03  1.59450e-02
 8.52870e-04  1.79763e-02
 7.89934e-04  1.78387e-02
 9.40622e-04  1.78530e-02
 8.52870e-04  1.79763e-02

 1.46441e-03  1.59450e-02
 1.17939e-03  1.78721e-02
 1.12370e-03  1.77313e-02
 1.27343e-03  1.77534e-02
 1.17939e-03  1.78721e-02

 1.88281e-03  1.59450e-02
 1.52644e-03  1.77152e-02
 1.47812e-03  1.75718e-02
 1.62651e-03  1.76017e-02
 1.52644e-03  1.77152e-02

 2.30122e-03  1.59450e-02
 1.87211e-03  1.75270e-02
 1.83338e-03  1.73807e-02
 1.97947e-03  1.74203e-02
 1.87211e-03  1.75270e-02

 2.71962e-03  1.59450e-02
 2.22930e-03  1.73090e-02
 2.20243e-03  1.71600e-02
 2.34487e-03  1.72112e-02
 2.22930e-03  1.73090e-02

 3.13802e-03  1.59450e-02
 2.59416e-03  1.70712e-02
 2.58301e-03  1.69203e-02
 2.71932e-03  1.69861e-02
 2.59416e-03  1.70712e-02

 3.55642e-03  1.59450e-02
 2.97007e-03  1.68188e-02
 2.98027e-03  1.66677e-02
 3.10596e-03  1.67521e-02
 2.97007e-03  1.68188e-02

 2.10937e-04  1.65150e-02
 2.10937e-04  1.86629e-02
 1.35254e-04  1.85318e-02
 2.86621e-04  1.85318e-02
 2.10938e-04  1.86629e-02

 6.32812e-04  1.65150e-02
 5.81826e-04  1.86961e-02
 5.09227e-04  1.85633e-02
 6.60552e-04  1.85668e-02
 5.81826e-04  1.86961e-02

 1.05469e-03  1.65150e-02
 9.82227e-04  1.86227e-02
 9.11092e-04  1.84891e-02
 1.06237e-03  1.84943e-02
 9.82227e-04  1.86227e-02

 1.47656e-03  1.65150e-02
 1.36728e-03  1.85149e-02
 1.29886e-03  1.83798e-02
 1.45000e-03  1.83881e-02
 1.36728e-03  1.85149e-02

 1.89844e-03  1.65150e-02
 1.75963e-03  1.83515e-02
 1.69404e-03  1.82151e-02
 1.84497e-03  1.82265e-02
 1.75963e-03  1.83515e-02

 2.32031e-03  1.65150e-02
 2.15048e-03  1.81545e-02
 2.08871e-03  1.80163e-02
 2.23927e-03  1.80319e-02
 2.15048e-03  1.81545e-02

 2.74219e-03  1.65150e-02
 2.54563e-03  1.79257e-02
 2.48876e-03  1.77854e-02
 2.63868e-03  1.78063e-02
 2.54563e-03  1.79257e-02

 3.16406e-03  1.65150e-02
 2.94369e-03  1.76757e-02
 2.89379e-03  1.75328e-02
 3.04250e-03  1.75610e-02
 2.94369e-03  1.76757e-02

 3.58594e-03  1.65150e-02
 3.34644e-03  1.74101e-02
 3.30721e-03  1.72639e-02
 3.45343e-03  1.73030e-02
 3.34644e-03  1.74101e-02

 2.12674e-04  1.70850e-02
 2.12674e-04  1.92377e-02
 1.36990e-04  1.91066e-02
 2.88357e-04  1.91066e-02
 2.12674e-04  1.92377e-02

 6.38021e-04  1.70850e-02
 6.75955e-04  1.92710e-02
 5.98008e-04  1.91413e-02
 7.49353e-04  1.91387e-02
 6.75955e-04  1.92710e-02

 1.06337e-03  1.70850e-02
 1.11544e-03  1.91994e-02
 1.03655e-03  1.90703e-02
 1.18787e-03  1.90665e-02
 1.11544e-03  1.91994e-02

 1.48872e-03  1.70850e-02
 1.56136e-03  1.90914e-02
 1.48098e-03  1.89632e-02
 1.63225e-03  1.89577e-02
 1.56136e-03  1.90914e-02

 1.91406e-03  1.70850e-02
 2.00089e-03  1.89271e-02
 1.91912e-03  1.87998e-02
 2.07031e-03  1.87926e-02
 2.00089e-03  1.89271e-02

 2.33941e-03  1.70850e-02
 2.43913e-03  1.87278e-02
 2.35564e-03  1.86015e-02
 2.50673e-03  1.85924e-02
 2.43913e-03  1.87278e-02

 2.76476e-03  1.70850e-02
 2.87424e-03  1.84957e-02
 2.78864e-03  1.83708e-02
 2.93955e-03  1.83591e-02
 2.87424e-03  1.84957e-02

 3.19010e-03  1.70850e-02
 3.30741e-03  1.82417e-02
 3.21889e-03  1.81189e-02
 3.36948e-03  1.81036e-02
 3.30741e-03  1.82417e-02

 3.61545e-03  1.70850e-02
 3.73860e-03  1.79716e-02
 3.64560e-03  1.78521e-02
 3.79552e-03  1.78313e-02
 3.73860e-03  1.79716e-02

 2.14410e-04  1.76550e-02
 2.14410e-04  1.97426e-02
 1.38726e-04  1.96115e-02
 2.90093e-04  1.96115e-02
 2.14410e-04  1.97426e-02

 6.43229e-04  1.76550e-02
 7.68985e-04  1.97741e-02
 6.85669e-04  1.96477e-02
 8.36770e-04  1.96387e-02
 7.68985e-04  1.97741e-02

 1.07205e-03  1.76550e-02
 1.24713e-03  1.97063e-02
 1.16057e-03  1.95821e-02
 1.31139e-03  1.95693e-02
 1.24713e-03  1.97063e-02

 1.50087e-03  1.76550e-02
 1.75383e-03  1.96014e-02
 1.66189e-03  1.94811e-02
 1.81199e-03  1.94616e-02
 1.75383e-03  1.96014e-02

 1.92969e-03  1.76550e-02
 2.24068e-03  1.94414e-02
 2.14363e-03  1.93253e-02
 2.29276e-03  1.92993e-02
 2.24068e-03  1.94414e-02

 2.35851e-03  1.76550e-02
 2.72674e-03  1.92462e-02
 2.62345e-03  1.91355e-02
 2.77092e-03  1.91014e-02
 2.72674e-03  1.92462e-02

 2.78733e-03  1.76550e-02
 3.20238e-03  1.90184e-02
 3.09180e-03  1.89151e-02
 3.23661e-03  1.88710e-02
 3.20238e-03  1.90184e-02

 3.21615e-03  1.76550e-02
 3.67132e-03  1.87685e-02
 3.55166e-03  1.86758e-02
 3.69178e-03  1.86186e-02
 3.67132e-03  1.87685e-02

 3.64497e-03  1.76550e-02
 4.13157e-03  1.85027e-02
 4.00067e-03  1.84266e-02
 4.13195e-03  1.83513e-02
 4.13157e-03  1.85027e-02

 2.16146e-04  1.82250e-02
 2.16146e-04  2.01825e-02
 1.40462e-04  2.00514e-02
 2.91829e-04  2.00514e-02
 2.16146e-04  2.01825e-02

 6.48438e-04  1.82250e-02
 8.57528e-04  2.02097e-02
 7.68527e-04  2.00873e-02
 9.19061e-04  2.00714e-02
 8.57528e-04  2.02097e-02

 1.08073e-03  1.82250e-02
 1.37272e-03  2.01474e-02
 1.27821e-03  2.00291e-02
 1.42786e-03  2.00064e-02
 1.37272e-03  2.01474e-02

 1.51302e-03  1.82250e-02
 1.93790e-03  2.00480e-02
 1.83444e-03  1.99375e-02
 1.98185e-03  1.99031e-02
 1.93790e-03  2.00480e-02

 1.94531e-03  1.82250e-02
 2.47050e-03  1.98971e-02
 2.35902e-03  1.97947e-02
 2.50343e-03  1.97493e-02
 2.47050e-03  1.98971e-02

 2.37760e-03  1.82250e-02
 3.00299e-03  1.97118e-02
 2.88240e-03  1.96203e-02
 3.02193e-03  1.95616e-02
 3.00299e-03  1.97118e-02

 2.80990e-03  1.82250e-02
 3.51813e-03  1.94954e-02
 3.38819e-03  1.94178e-02
 3.52040e-03  1.93441e-02
 3.51813e-03  1.94954e-02

 3.24219e-03  1.82250e-02
 4.02195e-03  1.92575e-02
 3.88256e-03  1.91985e-02
 4.00335e-03  1.91073e-02
 4.02195e-03  1.92575e-02

 3.67448e-03  1.82250e-02
 4.51055e-03  1.90042e-02
 4.36306e-03  1.89702e-02
 4.46626e-03  1.88595e-02
 4.51055e-03  1.90042e-02

 2.17882e-04  1.87950e-02
 2.17882e-04  2.05593e-02
 1.42198e-04  2.04282e-02
 2.93565e-04  2.04282e-02
 2.17882e-04  2.05593e-02

 6.53646e-04  1.87950e-02
 9.37716e-04  2.05801e-02
 8.42372e-04  2.04626e-02
 9.91858e-04  2.04388e-02
 9.37716e-04  2.05801e-02

 1.08941e-03  1.87950e-02
 1.48688e-03  2.05243e-02
 1.38376e-03  2.04135e-02
 1.53128e-03  2.03796e-02
 1.48688e-03  2.05243e-02

 1.52517e-03  1.87950e-02
 2.10559e-03  2.04331e-02
 1.99047e-03  2.03348e-02
 2.13315e-03  2.02843e-02
 2.10559e-03  2.04331e-02

 1.96094e-03  1.87950e-02
 2.68024e-03  2.02957e-02
 2.55533e-03  2.02102e-02
 2.69183e-03  2.01447e-02
 2.68024e-03  2.02957e-02

 2.39670e-03  1.87950e-02
 3.25541e-03  2.01263e-02
 3.12075e-03  2.00571e-02
 3.24795e-03  1.99751e-02
 3.25541e-03  2.01263e-02

 2.83247e-03  1.87950e-02
 3.80689e-03  1.99283e-02
 3.66404e-03  1.98782e-02
 3.77881e-03  1.97795e-02
 3.80689e-03  1.99283e-02

 3.26823e-03  1.87950e-02
 4.34278e-03  1.97104e-02
 4.19392e-03  1.96830e-02
 4.29207e-03  1.95678e-02
 4.34278e-03  1.97104e-02

 3.70399e-03  1.87950e-02
 4.85718e-03  1.94785e-02
 4.70583e-03  1.94768e-02
 4.78300e-03  1.93465e-02
 4.85718e-03  1.94785e-02

 2.19618e-04  1.93650e-02
 2.19618e-04  2.08883e-02
 1.43935e-04  2.07572e-02
 2.95302e-04  2.07572e-02
 2.19618e-04  2.08883e-02

 6.58854e-04  1.93650e-02
 1.00641e-03  2.09001e-02
 9.03646e-04  2.07889e-02
 1.05128e-03  2.07555e-02
 1.00641e-03  2.09001e-02

 1.09809e-03  1.93650e-02
 1.58520e-03  2.08513e-02
 1.47245e-03  2.07503e-02
 1.61629e-03  2.07031e-02
 1.58520e-03  2.08513e-02

 1.53733e-03  1.93650e-02
 2.24990e-03  2.07698e-02
 2.12311e-03  2.06872e-02
 2.25810e-03  2.06187e-02
 2.24990e-03  2.07698e-02

 1.97656e-03  1.93650e-02
 2.86070e-03  2.06493e-02
 2.72403e-03  2.05843e-02
 2.84871e-03  2.04985e-02
 2.86070e-03  2.06493e-02

 2.41580e-03  1.93650e-02
 3.47234e-03  2.05003e-02
 3.32763e-03  2.04559e-02
 3.43844e-03  2.03528e-02
 3.47234e-03  2.05003e-02

 2.85503e-03  1.93650e-02
 4.05454e-03  2.03265e-02
 3.90492e-03  2.03035e-02
 3.99959e-03  2.01854e-02
 4.05454e-03  2.03265e-02

 3.29427e-03  1.93650e-02
 4.61714e-03  2.01350e-02
 4.46578e-03  2.01345e-02
 4.54192e-03  2.00036e-02
 4.61714e-03  2.01350e-02

 3.73351e-03  1.93650e-02
 5.15272e-03  1.99315e-02
 5.00292e-03  1.99532e-02
 5.05904e-03  1.98127e-02
 5.15272e-03  1.99315e-02

 2.21354e-04  1.99350e-02
 2.21354e-04  2.11674e-02
 1.45671e-04  2.10363e-02
 2.97038e-04  2.10363e-02
 2.21354e-04  2.11674e-02

 6.64062e-04  1.99350e-02
 1.05783e-03  2.11683e-02
 9.45861e-04  2.10665e-02
 1.09006e-03  2.10204e-02
 1.05783e-03  2.11683e-02

 1.10677e-03  1.99350e-02
 1.65913e-03  2.11279e-02
 1.53537e-03  2.10408e-02
 1.67273e-03  2.09772e-02
 1.65913e-03  2.11279e-02

 1.54948e-03  1.99350e-02
 2.35801e-03  2.10591e-02
 2.22002e-03  2.09968e-02
 2.34290e-03  2.09084e-02
 2.35801e-03  2.10591e-02

 1.99219e-03  1.99350e-02
 2.99530e-03  2.09598e-02
 2.84951e-03  2.09191e-02
 2.95769e-03  2.08132e-02
 2.99530e-03  2.09598e-02

 2.43490e-03  1.99350e-02
 3.63342e-03  2.08368e-02
 3.48317e-03  2.08185e-02
 3.57418e-03  2.06976e-02
 3.63342e-03  2.08368e-02

 2.87760e-03  1.99350e-02
 4.23748e-03  2.06938e-02
 4.08613e-03  2.06960e-02
 4.15989e-03  2.05638e-02
 4.23748e-03  2.06938e-02

 3.32031e-03  1.99350e-02
 4.81869e-03  2.05364e-02
 4.66885e-03  2.05578e-02
 4.72523e-03  2.04173e-02
 4.81869e-03  2.05364e-02

 3.76302e-03  1.99350e-02
 5.36819e-03  2.03695e-02
 5.22188e-03  2.04083e-02
 5.26143e-03  2.02622e-02
 5.36819e-03  2.03695e-02

 2.23090e-04  2.05050e-02
 2.23090e-04  2.14365e-02
 1.47407e-04  2.13054e-02
 2.98774e-04  2.13054e-02
 2.23090e-04  2.14365e-02

 6.69271e-04  2.05050e-02
 1.08866e-03  2.14237e-02
 9.65370e-04  2.13359e-02
 1.10307e-03  2.12730e-02
 1.08866e-03  2.14237e-02

 1.11545e-03  2.05050e-02
 1.70271e-03  2.13922e-02
 1.56724e-03  2.13246e-02
 1.69346e-03  2.12411e-02
 1.70271e-03  2.13922e-02

 1.56163e-03  2.05050e-02
 2.42026e-03  2.13364e-02
 2.27344e-03  2.12996e-02
 2.37873e-03  2.11908e-02
 2.42026e-03  2.13364e-02

 2.00781e-03  2.05050e-02
 3.07117e-03  2.12600e-02
 2.92046e-03  2.12458e-02
 3.00810e-03  2.11224e-02
 3.07117e-03  2.12600e-02

 2.45399e-03  2.05050e-02
 3.72245e-03  2.11648e-02
 3.57123e-03  2.11714e-02
 3.64108e-03  2.10371e-02
 3.72245e-03  2.11648e-02

 2.90017e-03  2.05050e-02
 4.33649e-03  2.10547e-02
 4.18701e-03  2.10786e-02
 4.24112e-03  2.09372e-02
 4.33649e-03  2.10547e-02

 3.34635e-03  2.05050e-02
 4.92526e-03  2.09338e-02
 4.77892e-03  2.09725e-02
 4.81859e-03  2.08264e-02
 4.92526e-03  2.09338e-02

 3.79253e-03  2.05050e-02
 5.47929e-03  2.08062e-02
 5.33694e-03  2.08577e-02
 5.36355e-03  2.07087e-02
 5.47929e-03  2.08062e-02

 2.24826e-04  2.10750e-02
 2.24826e-04  2.16657e-02
 1.49143e-04  2.15346e-02
 3.00510e-04  2.15346e-02
 2.24826e-04  2.16657e-02

 6.74479e-04  2.10750e-02
 1.08604e-03  2.16434e-02
 9.47859e-04  2.15816e-02
 1.07046e-03  2.14929e-02
 1.08604e-03  2.16434e-02

 1.12413e-03  2.10750e-02
 1.69635e-03  2.16242e-02
 1.54937e-03  2.15880e-02
 1.65418e-03  2.14788e-02
 1.69635e-03  2.16242e-02

 1.57378e-03  2.10750e-02
 2.40888e-03  2.15866e-02
 2.25756e-03  2.15826e-02
 2.33663e-03  2.14536e-02
 2.40888e-03  2.15866e-02

 2.02344e-03  2.10750e-02
 3.05379e-03  2.15381e-02
 2.90320e-03  2.15534e-02
 2.96526e-03  2.14154e-02
 3.05379e-03  2.15381e-02

 2.47309e-03  2.10750e-02
 3.69916e-03  2.14769e-02
 3.55102e-03  2.15080e-02
 3.59817e-03  2.13641e-02
 3.69916e-03  2.14769e-02

 2.92274e-03  2.10750e-02
 4.30684e-03  2.14066e-02
 4.16173e-03  2.14497e-02
 4.19700e-03  2.13025e-02
 4.30684e-03  2.14066e-02

 3.37240e-03  2.10750e-02
 4.88924e-03  2.13294e-02
 4.74744e-03  2.13824e-02
 4.77248e-03  2.12331e-02
 4.88924e-03  2.13294e-02

 3.82205e-03  2.10750e-02
 5.43683e-03  2.12485e-02
 5.29841e-03  2.13097e-02
 5.31458e-03  2.11592e-02
 5.43683e-03  2.12485e-02

 2.26562e-04  2.16450e-02
 2.26562e-04  2.19772e-02
 1.50879e-04  2.18461e-02
 3.02246e-04  2.18461e-02
 2.26563e-04  2.19772e-02

 6.79687e-04  2.16450e-02
 1.04901e-03  2.19432e-02
 8.99472e-04  2.19198e-02
 9.94567e-04  2.18020e-02
 1.04901e-03  2.19432e-02

 1.13281e-03  2.16450e-02
 1.63363e-03  2.19362e-02
 1.48227e-03  2.19357e-02
 1.55835e-03  2.18049e-02
 1.63363e-03  2.19362e-02

 1.58594e-03  2.16450e-02
 2.31466e-03  2.19116e-02
 2.16555e-03  2.19376e-02
 2.21756e-03  2.17955e-02
 2.31466e-03  2.19116e-02

 2.03906e-03  2.16450e-02
 2.93182e-03  2.18851e-02
 2.78558e-03  2.19241e-02
 2.82489e-03  2.17780e-02
 2.93182e-03  2.18851e-02

 2.49219e-03  2.16450e-02
 3.55070e-03  2.18494e-02
 3.40764e-03  2.18988e-02
 3.43633e-03  2.17502e-02
 3.55070e-03  2.18494e-02

 2.94531e-03  2.16450e-02
 4.13460e-03  2.18095e-02
 3.99438e-03  2.18665e-02
 4.01512e-03  2.17166e-02
 4.13460e-03  2.18095e-02

 3.39844e-03  2.16450e-02
 4.69595e-03  2.17654e-02
 4.55843e-03  2.18287e-02
 4.57242e-03  2.16780e-02
 4.69595e-03  2.17654e-02

 3.85156e-03  2.16450e-02
 5.22560e-03  2.17197e-02
 5.09059e-03  2.17881e-02
 5.09881e-03  2.16370e-02
 5.22560e-03  2.17197e-02

 2.28299e-04  2.22150e-02
 2.28299e-04  2.22150e-02
 9.72110e-05  2.22907e-02
 9.72110e-05  2.21393e-02
 2.28299e-04  2.22150e-02

 6.84896e-04  2.22150e-02
 9.25145e-04  2.22150e-02
 7.94058e-04  2.22907e-02
 7.94058e-04  2.21393e-02
 9.25145e-04  2.22150e-02

 1.14149e-03  2.22150e-02
 1.45581e-03  2.22150e-02
 1.32473e-03  2.22907e-02
 1.32473e-03  2.21393e-02
 1.45581e-03  2.22150e-02

 1.59809e-03  2.22150e-02
 2.05437e-03  2.22150e-02
 1.92328e-03  2.22907e-02
 1.92328e-03  2.21393e-02
 2.05437e-03  2.22150e-02

 2.05469e-03  2.22150e-02
 2.60918e-03  2.22150e-02
 2.47809e-03  2.22907e-02
 2.47809e-03  2.21393e-02
 2.60918e-03  2.22150e-02

 2.51128e-03  2.22150e-02
 3.16651e-03  2.22150e-02
 3.03542e-03  2.22907e-02
 3.03542e-03  2.21393e-02
 3.16651e-03  2.22150e-02

 2.96788e-03  2.22150e-02
 3.70074e-03  2.22150e-02
 3.56965e-03  2.22907e-02
 3.56965e-03  2.21393e-02
 3.70074e-03  2.22150e-02

 3.42448e-03  2.22150e-02
 4.22097e-03  2.22150e-02
 4.08988e-03  2.22907e-02
 4.08988e-03  2.21393e-02
 4.22097e-03  2.22150e-02

 3.88108e-03  2.22150e-02
 4.72109e-03  2.22150e-02
 4.59000e-03  2.22907e-02
 4.59000e-03  2.21393e-02
 4.72109e-03  2.22150e-02

 3.76510e-03  1.13850e-02
 2.99873e-03  1.13850e-02
 3.12982e-03  1.13093e-02
 3.12982e-03  1.14607e-02
 2.99873e-03  1.13850e-02

 4.26406e-03  1.13850e-02
 3.45750e-03  1.13850e-02
 3.58859e-03  1.13093e-02
 3.58859e-03  1.14607e-02
 3.45750e-03  1.13850e-02

 4.76302e-03  1.13850e-02
 3.93504e-03  1.13850e-02
 4.06613e-03  1.13093e-02
 4.06613e-03  1.14607e-02
 3.93504e-03  1.13850e-02

 5.26198e-03  1.13850e-02
 4.43211e-03  1.13850e-02
 4.56320e-03  1.13093e-02
 4.56320e-03  1.14607e-02
 4.43211e-03  1.13850e-02

 5.76094e-03  1.13850e-02
 4.94870e-03  1.13850e-02
 5.07979e-03  1.13093e-02
 5.07979e-03  1.14607e-02
 4.94870e-03  1.13850e-02

 6.25990e-03  1.13850e-02
 5.48429e-03  1.13850e-02
 5.61538e-03  1.13093e-02
 5.61538e-03  1.14607e-02
 5.48429e-03  1.13850e-02

 6.75885e-03  1.13850e-02
 6.03816e-03  1.13850e-02
 6.16925e-03  1.13093e-02
 6.16925e-03  1.14607e-02
 6.03816e-03  1.13850e-02

 7.25781e-03  1.13850e-02
 6.60790e-03  1.13850e-02
 6.73898e-03  1.13093e-02
 6.73898e-03  1.14607e-02
 6.60790e-03  1.13850e-02

 7.75677e-03  1.13850e-02
 7.19178e-03  1.13850e-02
 7.32287e-03  1.13093e-02
 7.32287e-03  1.14607e-02
 7.19178e-03  1.13850e-02

 8.25573e-03  1.13850e-02
 7.78449e-03  1.13850e-02
 7.91557e-03  1.13093e-02
 7.91557e-03  1.14607e-02
 7.78449e-03  1.13850e-02

 8.75469e-03  1.13850e-02
 8.38544e-03  1.13850e-02
 8.51652e-03  1.13093e-02
 8.51652e-03  1.14607e-02
 8.38544e-03  1.13850e-02

 9.25365e-03  1.13850e-02
 8.98213e-03  1.13850e-02
 9.11322e-03  1.13093e-02
 9.11322e-03  1.14607e-02
 8.98213e-03  1.13850e-02

 9.75260e-03  1.13850e-02
 9.58492e-03  1.13850e-02
 9.71601e-03  1.13093e-02
 9.71601e-03  1.14607e-02
 9.58492e-03  1.13850e-02

 1.02516e-02  1.13850e-02
 1.01550e-02  1.13850e-02
 1.02861e-02  1.13093e-02
 1.02861e-02  1.14607e-02
 1.01550e-02  1.13850e-02

 1.07505e-02  1.13850e-02
 1.07505e-02  1.13850e-02
 1.08262e-02  1.15161e-02
 1.06748e-02  1.15161e-02
 1.07505e-02  1.13850e-02

 3.79531e-03  1.19550e-02
 2.52557e-03  1.20776e-02
 2.64878e-03  1.19897e-02
 2.66333e-03  1.21404e-02
 2.52557e-03  1.20776e-02

 4.29219e-03  1.19550e-02
 2.96160e-03  1.20360e-02
 3.08784e-03  1.19525e-02
 3.09704e-03  1.21036e-02
 2.96160e-03  1.20360e-02

 4.78906e-03  1.19550e-02
 3.42926e-03  1.19928e-02
 3.55819e-03  1.19135e-02
 3.56240e-03  1.20648e-02
 3.42926e-03  1.19928e-02

 5.28594e-03  1.19550e-02
 3.92886e-03  1.19489e-02
 4.06028e-03  1.18738e-02
 4.05960e-03  1.20252e-02
 3.92886e-03  1.19489e-02

 5.78281e-03  1.19550e-02
 4.46024e-03  1.19053e-02
 4.59408e-03  1.18346e-02
 4.58840e-03  1.19859e-02
 4.46024e-03  1.19053e-02

 6.27969e-03  1.19550e-02
 5.02236e-03  1.18635e-02
 5.15859e-03  1.17975e-02
 5.14761e-03  1.19485e-02
 5.02236e-03  1.18635e-02

 6.77656e-03  1.19550e-02
 5.61346e-03  1.18249e-02
 5.75215e-03  1.17642e-02
 5.73532e-03  1.19147e-02
 5.61346e-03  1.18249e-02

 7.27344e-03  1.19550e-02
 6.22969e-03  1.17912e-02
 6.37092e-03  1.17368e-02
 6.34746e-03  1.18863e-02
 6.22969e-03  1.17912e-02

 7.77031e-03  1.19550e-02
 6.86801e-03  1.17642e-02
 7.01192e-03  1.17173e-02
 6.98061e-03  1.18654e-02
 6.86801e-03  1.17642e-02

 8.26719e-03  1.19550e-02
 7.52006e-03  1.17459e-02
 7.66669e-03  1.17083e-02
 7.62589e-03  1.18541e-02
 7.52006e-03  1.17459e-02

 8.76406e-03  1.19550e-02
 8.18401e-03  1.17373e-02
 8.33333e-03  1.17125e-02
 8.28014e-03  1.18542e-02
 8.18401e-03  1.17373e-02

 9.26094e-03  1.19550e-02
 8.84111e-03  1.17407e-02
 8.99228e-03  1.17329e-02
 8.92346e-03  1.18677e-02
 8.84111e-03  1.17407e-02

 9.75781e-03  1.19550e-02
 9.50346e-03  1.17553e-02
 9.65331e-03  1.17767e-02
 9.55983e-03  1.18958e-02
 9.50346e-03  1.17553e-02

 1.02547e-02  1.19550e-02
 1.01163e-02  1.17867e-02
 1.02580e-02  1.18399e-02
 1.01411e-02  1.19361e-02
 1.01163e-02  1.17867e-02

 1.07516e-02  1.19550e-02
 1.07516e-02  1.18376e-02
 1.08272e-02  1.19687e-02
 1.06759e-02  1.19687e-02
 1.07516e-02  1.18376e-02

 3.82552e-03  1.25250e-02
 2.29989e-03  1.27185e-02
 2.42042e-03  1.26269e-02
 2.43946e-03  1.27771e-02
 2.29989e-03  1.27185e-02

 4.32031e-03  1.25250e-02
 2.72937e-03  1.26416e-02
 2.85457e-03  1.25566e-02
 2.86564e-03  1.27075e-02
 2.72937e-03  1.26416e-02

 4.81510e-03  1.25250e-02
 3.19669e-03  1.25628e-02
 3.32597e-03  1.24841e-02
 3.32951e-03  1.26354e-02
 3.19669e-03  1.25628e-02

 5.30990e-03  1.25250e-02
 3.70177e-03  1.24835e-02
 3.83477e-03  1.24112e-02
 3.83087e-03  1.25626e-02
 3.70177e-03  1.24835e-02

 5.80469e-03  1.25250e-02
 4.24387e-03  1.24058e-02
 4.38034e-03  1.23403e-02
 4.36881e-03  1.24912e-02
 4.24387e-03  1.24058e-02

 6.29948e-03  1.25250e-02
 4.82123e-03  1.23318e-02
 4.96102e-03  1.22738e-02
 4.94141e-03  1.24239e-02
 4.82123e-03  1.23318e-02

 6.79427e-03  1.25250e-02
 5.43144e-03  1.22643e-02
 5.57441e-03  1.22146e-02
 5.54597e-03  1.23633e-02
 5.43144e-03  1.22643e-02

 7.28906e-03  1.25250e-02
 6.06995e-03  1.22061e-02
 6.21593e-03  1.21660e-02
 6.17762e-03  1.23125e-02
 6.06995e-03  1.22061e-02

 7.78385e-03  1.25250e-02
 6.73276e-03  1.21603e-02
 6.88142e-03  1.21318e-02
 6.83180e-03  1.22748e-02
 6.73276e-03  1.21603e-02

 8.27865e-03  1.25250e-02
 7.41071e-03  1.21302e-02
 7.56137e-03  1.21156e-02
 7.49869e-03  1.22533e-02
 7.41071e-03  1.21302e-02

 8.77344e-03  1.25250e-02
 8.10117e-03  1.21185e-02
 8.25251e-03  1.21216e-02
 8.17419e-03  1.22511e-02
 8.10117e-03  1.21185e-02

 9.26823e-03  1.25250e-02
 8.78355e-03  1.21286e-02
 8.93294e-03  1.21530e-02
 8.83711e-03  1.22702e-02
 8.78355e-03  1.21286e-02

 9.76302e-03  1.25250e-02
 9.46970e-03  1.21625e-02
 9.61100e-03  1.22168e-02
 9.49333e-03  1.23120e-02
 9.46970e-03  1.21625e-02

 1.02578e-02  1.25250e-02
 1.00994e-02  1.22258e-02
 1.02276e-02  1.23062e-02
 1.00938e-02  1.23770e-02
 1.00994e-02  1.22258e-02

 1.07526e-02  1.25250e-02
 1.07526e-02  1.23286e-02
 1.08283e-02  1.24597e-02
 1.06769e-02  1.24597e-02
 1.07526e-02  1.23286e-02

 3.85573e-03  1.30950e-02
 2.22369e-03  1.33942e-02
 2.33898e-03  1.32961e-02
 2.36628e-03  1.34450e-02
 2.22369e-03  1.33942e-02

 4.34844e-03  1.30950e-02
 2.65214e-03  1.32683e-02
 2.77486e-03  1.31797e-02
 2.79024e-03  1.33303e-02
 2.65214e-03  1.32683e-02

 4.84115e-03  1.30950e-02
 3.12116e-03  1.31401e-02
 3.25022e-03  1.30610e-02
 3.25419e-03  1.32123e-02
 3.12116e-03  1.31401e-02

 5.33385e-03  1.30950e-02
 3.62992e-03  1.30121e-02
 3.76453e-03  1.29429e-02
 3.75717e-03  1.30941e-02
 3.62992e-03  1.30121e-02

 5.82656e-03  1.30950e-02
 4.17734e-03  1.28876e-02
 4.31685e-03  1.28288e-02
 4.29796e-03  1.29790e-02
 4.17734e-03  1.28876e-02

 6.31927e-03  1.30950e-02
 4.76125e-03  1.27698e-02
 4.90504e-03  1.27225e-02
 4.87411e-03  1.28707e-02
 4.76125e-03  1.27698e-02

 6.81198e-03  1.30950e-02
 5.37884e-03  1.26630e-02
 5.52619e-03  1.26284e-02
 5.48250e-03  1.27733e-02
 5.37884e-03  1.26630e-02

 7.30469e-03  1.30950e-02
 6.02533e-03  1.25715e-02
 6.17532e-03  1.25511e-02
 6.11799e-03  1.26911e-02
 6.02533e-03  1.25715e-02

 7.79740e-03  1.30950e-02
 6.69650e-03  1.25000e-02
 6.84781e-03  1.24957e-02
 6.77584e-03  1.26289e-02
 6.69650e-03  1.25000e-02

 8.29010e-03  1.30950e-02
 7.38304e-03  1.24535e-02
 7.53377e-03  1.24674e-02
 7.44637e-03  1.25910e-02
 7.38304e-03  1.24535e-02

 8.78281e-03  1.30950e-02
 8.08185e-03  1.24369e-02
 8.22923e-03  1.24714e-02
 8.12562e-03  1.25818e-02
 8.08185e-03  1.24369e-02

 9.27552e-03  1.30950e-02
 8.77196e-03  1.24549e-02
 8.91249e-03  1.25111e-02
 8.79353e-03  1.26047e-02
 8.77196e-03  1.24549e-02

 9.76823e-03  1.30950e-02
 9.46467e-03  1.25122e-02
 9.59235e-03  1.25935e-02
 9.45811e-03  1.26635e-02
 9.46467e-03  1.25122e-02

 1.02609e-02  1.30950e-02
 1.00986e-02  1.26150e-02
 1.02123e-02  1.27149e-02
 1.00689e-02  1.27634e-02
 1.00986e-02  1.26150e-02

 1.07536e-02  1.30950e-02
 1.07536e-02  1.27844e-02
 1.08293e-02  1.29155e-02
 1.06780e-02  1.29155e-02
 1.07536e-02  1.27844e-02

 3.88594e-03  1.36650e-02
 2.28644e-03  1.40460e-02
 2.39643e-03  1.39420e-02
 2.43150e-03  1.40892e-02
 2.28644e-03  1.40460e-02

 4.37656e-03  1.36650e-02
 2.71864e-03  1.38747e-02
 2.83920e-03  1.37831e-02
 2.85819e-03  1.39333e-02
 2.71864e-03  1.38747e-02

 4.86719e-03  1.36650e-02
 3.19012e-03  1.37016e-02
 3.31952e-03  1.36231e-02
 3.32282e-03  1.37744e-02
 3.19012e-03  1.37016e-02

 5.35781e-03  1.36650e-02
 3.69981e-03  1.35301e-02
 3.83661e-03  1.34653e-02
 3.82434e-03  1.36162e-02
 3.69981e-03  1.35301e-02

 5.84844e-03  1.36650e-02
 4.24652e-03  1.33643e-02
 4.38932e-03  1.33141e-02
 4.36139e-03  1.34628e-02
 4.24652e-03  1.33643e-02

 6.33906e-03  1.36650e-02
 4.82766e-03  1.32084e-02
 4.97504e-03  1.31738e-02
 4.93126e-03  1.33187e-02
 4.82766e-03  1.32084e-02

 6.82969e-03  1.36650e-02
 5.44067e-03  1.30676e-02
 5.59099e-03  1.30498e-02
 5.53119e-03  1.31889e-02
 5.44067e-03  1.30676e-02

 7.32031e-03  1.36650e-02
 6.08092e-03  1.29475e-02
 6.23229e-03  1.29477e-02
 6.15645e-03  1.30787e-02
 6.08092e-03  1.29475e-02

 7.81094e-03  1.36650e-02
 6.74441e-03  1.28544e-02
 6.89457e-03  1.28734e-02
 6.80297e-03  1.29939e-02
 6.74441e-03  1.28544e-02

 8.30156e-03  1.36650e-02
 7.42250e-03  1.27946e-02
 7.56890e-03  1.28330e-02
 7.46240e-03  1.29406e-02
 7.42250e-03  1.27946e-02

 8.79219e-03  1.36650e-02
 8.11230e-03  1.27750e-02
 8.25202e-03  1.28333e-02
 8.13174e-03  1.29252e-02
 8.11230e-03  1.27750e-02

 9.28281e-03  1.36650e-02
 8.79382e-03  1.28020e-02
 8.92429e-03  1.28787e-02
 8.79260e-03  1.29533e-02
 8.79382e-03  1.28020e-02

 9.77344e-03  1.36650e-02
 9.47811e-03  1.28831e-02
 9.59523e-03  1.29790e-02
 9.45362e-03  1.30325e-02
 9.47811e-03  1.28831e-02

 1.02641e-02  1.36650e-02
 1.01054e-02  1.30244e-02
 1.02103e-02  1.31335e-02
 1.00634e-02  1.31699e-02
 1.01054e-02  1.30244e-02

 1.07547e-02  1.36650e-02
 1.07547e-02  1.32552e-02
 1.08304e-02  1.33863e-02
 1.06790e-02  1.33863e-02
 1.07547e-02  1.32552e-02

 3.91615e-03  1.42350e-02
 2.45296e-03  1.46946e-02
 2.55534e-03  1.45831e-02
 2.60070e-03  1.47275e-02
 2.45296e-03  1.46946e-02

 4.40469e-03  1.42350e-02
 2.89049e-03  1.44788e-02
 3.00788e-03  1.43833e-02
 3.03194e-03  1.45327e-02
 2.89049e-03  1.44788e-02

 4.89323e-03  1.42350e-02
 3.36351e-03  1.42619e-02
 3.49325e-03  1.41839e-02
 3.49591e-03  1.43353e-02
 3.36351e-03  1.42619e-02

 5.38177e-03  1.42350e-02
 3.87090e-03  1.40482e-02
 4.01029e-03  1.39891e-02
 3.99171e-03  1.41394e-02
 3.87090e-03  1.40482e-02

 5.87031e-03  1.42350e-02
 4.41129e-03  1.38423e-02
 4.55754e-03  1.38033e-02
 4.51820e-03  1.39494e-02
 4.41129e-03  1.38423e-02

 6.35885e-03  1.42350e-02
 4.98240e-03  1.36495e-02
 5.13265e-03  1.36311e-02
 5.07340e-03  1.37704e-02
 4.98240e-03  1.36495e-02

 6.84740e-03  1.42350e-02
 5.58182e-03  1.34758e-02
 5.73316e-03  1.34784e-02
 5.65530e-03  1.36082e-02
 5.58182e-03  1.34758e-02

 7.33594e-03  1.42350e-02
 6.20553e-03  1.33281e-02
 6.35514e-03  1.33511e-02
 6.26042e-03  1.34692e-02
 6.20553e-03  1.33281e-02

 7.82448e-03  1.42350e-02
 6.85021e-03  1.32137e-02
 6.99545e-03  1.32563e-02
 6.88593e-03  1.33608e-02
 6.85021e-03  1.32137e-02

 8.31302e-03  1.42350e-02
 7.50813e-03  1.31405e-02
 7.64676e-03  1.32013e-02
 7.52482e-03  1.32910e-02
 7.50813e-03  1.31405e-02

 8.80156e-03  1.42350e-02
 8.17725e-03  1.31174e-02
 8.30725e-03  1.31949e-02
 8.17510e-03  1.32687e-02
 8.17725e-03  1.31174e-02

 9.29010e-03  1.42350e-02
 8.83941e-03  1.31520e-02
 8.95965e-03  1.32439e-02
 8.81990e-03  1.33021e-02
 8.83941e-03  1.31520e-02

 9.77865e-03  1.42350e-02
 9.50523e-03  1.32550e-02
 9.61336e-03  1.33609e-02
 9.46756e-03  1.34016e-02
 9.50523e-03  1.32550e-02

 1.02672e-02  1.42350e-02
 1.01194e-02  1.34324e-02
 1.02176e-02  1.35476e-02
 1.00687e-02  1.35750e-02
 1.01194e-02  1.34324e-02

 1.07557e-02  1.42350e-02
 1.07557e-02  1.37232e-02
 1.08314e-02  1.38543e-02
 1.06800e-02  1.38543e-02
 1.07557e-02  1.37232e-02

 3.94635e-03  1.48050e-02
 2.70552e-03  1.53246e-02
 2.79721e-03  1.52042e-02
 2.85567e-03  1.53438e-02
 2.70552e-03  1.53246e-02

 4.43281e-03  1.48050e-02
 3.14967e-03  1.50712e-02
 3.26266e-03  1.49705e-02
 3.29340e-03  1.51187e-02
 3.14967e-03  1.50712e-02

 4.91927e-03  1.48050e-02
 3.62357e-03  1.48176e-02
 3.75391e-03  1.47407e-02
 3.75539e-03  1.48920e-02
 3.62357e-03  1.48176e-02

 5.40573e-03  1.48050e-02
 4.12615e-03  1.45688e-02
 4.26880e-03  1.45181e-02
 4.24132e-03  1.46670e-02
 4.12615e-03  1.45688e-02

 5.89219e-03  1.48050e-02
 4.65597e-03  1.43299e-02
 4.80549e-03  1.43063e-02
 4.75118e-03  1.44475e-02
 4.65597e-03  1.43299e-02

 6.37865e-03  1.48050e-02
 5.21130e-03  1.41068e-02
 5.36265e-03  1.41091e-02
 5.28495e-03  1.42390e-02
 5.21130e-03  1.41068e-02

 6.86510e-03  1.48050e-02
 5.79010e-03  1.39062e-02
 5.93921e-03  1.39322e-02
 5.84212e-03  1.40483e-02
 5.79010e-03  1.39062e-02

 7.35156e-03  1.48050e-02
 6.38910e-03  1.37356e-02
 6.53304e-03  1.37824e-02
 6.42053e-03  1.38837e-02
 6.38910e-03  1.37356e-02

 7.83802e-03  1.48050e-02
 7.00573e-03  1.36035e-02
 7.14259e-03  1.36682e-02
 7.01816e-03  1.37544e-02
 7.00573e-03  1.36035e-02

 8.32448e-03  1.48050e-02
 7.63397e-03  1.35189e-02
 7.76266e-03  1.35986e-02
 7.62930e-03  1.36702e-02
 7.63397e-03  1.35189e-02

 8.81094e-03  1.48050e-02
 8.27245e-03  1.34923e-02
 8.39222e-03  1.35848e-02
 8.25218e-03  1.36423e-02
 8.27245e-03  1.34923e-02

 9.29740e-03  1.48050e-02
 8.90600e-03  1.35327e-02
 9.01688e-03  1.36357e-02
 8.87220e-03  1.36802e-02
 8.90600e-03  1.35327e-02

 9.78385e-03  1.48050e-02
 9.54448e-03  1.36537e-02
 9.64527e-03  1.37666e-02
 9.49707e-03  1.37975e-02
 9.54448e-03  1.36537e-02

 1.02703e-02  1.48050e-02
 1.01395e-02  1.38612e-02
 1.02325e-02  1.39807e-02
 1.00825e-02  1.40015e-02
 1.01395e-02  1.38612e-02

 1.07568e-02  1.48050e-02
 1.07568e-02  1.42039e-02
 1.08325e-02  1.43350e-02
 1.06811e-02  1.43350e-02
 1.07568e-02  1.42039e-02

 3.97656e-03  1.53750e-02
 3.02189e-03  1.59407e-02
 3.09608e-03  1.58088e-02
 3.17325e-03  1.59390e-02
 3.02189e-03  1.59407e-02

 4.46094e-03  1.53750e-02
 3.47365e-03  1.56569e-02
 3.57891e-03  1.55482e-02
 3.62048e-03  1.56937e-02
 3.47365e-03  1.56569e-02

 4.94531e-03  1.53750e-02
 3.94796e-03  1.53739e-02
 4.07913e-03  1.52983e-02
 4.07896e-03  1.54497e-02
 3.94796e-03  1.53739e-02

 5.42969e-03  1.53750e-02
 4.44406e-03  1.50969e-02
 4.59078e-03  1.50596e-02
 4.54967e-03  1.52053e-02
 4.44406e-03  1.50969e-02

 5.91406e-03  1.53750e-02
 4.96075e-03  1.48316e-02
 5.11212e-03  1.48308e-02
 5.03716e-03  1.49623e-02
 4.96075e-03  1.48316e-02

 6.39844e-03  1.53750e-02
 5.49667e-03  1.45843e-02
 5.64513e-03  1.46138e-02
 5.54534e-03  1.47277e-02
 5.49667e-03  1.45843e-02

 6.88281e-03  1.53750e-02
 6.05014e-03  1.43621e-02
 6.19185e-03  1.44153e-02
 6.07493e-03  1.45115e-02
 6.05014e-03  1.43621e-02

 7.36719e-03  1.53750e-02
 6.61900e-03  1.41731e-02
 6.75252e-03  1.42444e-02
 6.62402e-03  1.43244e-02
 6.61900e-03  1.41731e-02

 7.85156e-03  1.53750e-02
 7.20152e-03  1.40264e-02
 7.32661e-03  1.41116e-02
 7.19026e-03  1.41773e-02
 7.20152e-03  1.40264e-02

 8.33594e-03  1.53750e-02
 7.79327e-03  1.39318e-02
 7.91025e-03  1.40279e-02
 7.76857e-03  1.40811e-02
 7.79327e-03  1.39318e-02

 8.82031e-03  1.53750e-02
 8.39387e-03  1.39012e-02
 8.50300e-03  1.40061e-02
 8.35760e-03  1.40482e-02
 8.39387e-03  1.39012e-02

 9.30469e-03  1.53750e-02
 8.99180e-03  1.39447e-02
 9.09375e-03  1.40566e-02
 8.94588e-03  1.40890e-02
 8.99180e-03  1.39447e-02

 9.78906e-03  1.53750e-02
 9.59559e-03  1.40788e-02
 9.68980e-03  1.41973e-02
 9.54009e-03  1.42197e-02
 9.59559e-03  1.40788e-02

 1.02734e-02  1.53750e-02
 1.01664e-02  1.43093e-02
 1.02548e-02  1.44322e-02
 1.01042e-02  1.44473e-02
 1.01664e-02  1.43093e-02

 1.07578e-02  1.53750e-02
 1.07578e-02  1.46952e-02
 1.08335e-02  1.48263e-02
 1.06821e-02  1.48263e-02
 1.07578e-02  1.46952e-02

 4.00677e-03  1.59450e-02
 3.38616e-03  1.65381e-02
 3.42864e-03  1.63928e-02
 3.53322e-03  1.65022e-02
 3.38616e-03  1.65381e-02

 4.48906e-03  1.59450e-02
 3.84659e-03  1.62333e-02
 3.93521e-03  1.61105e-02
 3.99717e-03  1.62486e-02
 3.84659e-03  1.62333e-02

 4.97135e-03  1.59450e-02
 4.32171e-03  1.59299e-02
 4.45452e-03  1.58573e-02
 4.45101e-03  1.60086e-02
 4.32171e-03  1.59299e-02

 5.45365e-03  1.59450e-02
 4.81085e-03  1.56338e-02
 4.96182e-03  1.56228e-02
 4.89587e-03  1.57591e-02
 4.81085e-03  1.56338e-02

 5.93594e-03  1.59450e-02
 5.31316e-03  1.53509e-02
 5.46025e-03  1.53866e-02
 5.35577e-03  1.54961e-02
 5.31316e-03  1.53509e-02

 6.41823e-03  1.59450e-02
 5.82757e-03  1.50874e-02
 5.96425e-03  1.51525e-02
 5.83959e-03  1.52383e-02
 5.82757e-03  1.50874e-02

 6.90052e-03  1.59450e-02
 6.35306e-03  1.48509e-02
 6.47940e-03  1.49343e-02
 6.34403e-03  1.50020e-02
 6.35306e-03  1.48509e-02

 7.38281e-03  1.59450e-02
 6.88822e-03  1.46495e-02
 7.00568e-03  1.47449e-02
 6.86427e-03  1.47989e-02
 6.88822e-03  1.46495e-02

 7.86510e-03  1.59450e-02
 7.43225e-03  1.44927e-02
 7.54222e-03  1.45967e-02
 7.39716e-03  1.46400e-02
 7.43225e-03  1.44927e-02

 8.34740e-03  1.59450e-02
 7.98260e-03  1.43907e-02
 8.08624e-03  1.45010e-02
 7.93887e-03  1.45356e-02
 7.98260e-03  1.43907e-02

 8.82969e-03  1.59450e-02
 8.53959e-03  1.43565e-02
 8.63759e-03  1.44718e-02
 8.48869e-03  1.44990e-02
 8.53959e-03  1.43565e-02

 9.31198e-03  1.59450e-02
 9.09602e-03  1.44007e-02
 9.18913e-03  1.45200e-02
 9.03922e-03  1.45410e-02
 9.09602e-03  1.44007e-02

 9.79427e-03  1.59450e-02
 9.65846e-03  1.45425e-02
 9.74643e-03  1.46657e-02
 9.59577e-03  1.46803e-02
 9.65846e-03  1.45425e-02

 1.02766e-02  1.59450e-02
 1.01999e-02  1.47876e-02
 1.02841e-02  1.49135e-02
 1.01331e-02  1.49234e-02
 1.01999e-02  1.47876e-02

 1.07589e-02  1.59450e-02
 1.07589e-02  1.52049e-02
 1.08345e-02  1.53360e-02
 1.06832e-02  1.53360e-02
 1.07589e-02  1.52049e-02

 4.03698e-03  1.65150e-02
 3.78199e-03  1.71169e-02
 3.76343e-03  1.69667e-02
 3.90281e-03  1.70257e-02
 3.78199e-03  1.71169e-02

 4.51719e-03  1.65150e-02
 4.25216e-03  1.68008e-02
 4.28581e-03  1.66532e-02
 4.39679e-03  1.67561e-02
 4.25216e-03  1.68008e-02

 4.99740e-03  1.65150e-02
 4.72872e-03  1.64867e-02
 4.86700e-03  1.64252e-02
 4.85117e-03  1.65757e-02
 4.72872e-03  1.64867e-02

 5.47760e-03  1.65150e-02
 5.21114e-03  1.61808e-02
 5.35204e-03  1.62361e-02
 5.23369e-03  1.63305e-02
 5.21114e-03  1.61808e-02

 5.95781e-03  1.65150e-02
 5.69882e-03  1.58890e-02
 5.81887e-03  1.59812e-02
 5.67900e-03  1.60391e-02
 5.69882e-03  1.58890e-02

 6.43802e-03  1.65150e-02
 6.19106e-03  1.56178e-02
 6.29882e-03  1.57241e-02
 6.15288e-03  1.57642e-02
 6.19106e-03  1.56178e-02

 6.91823e-03  1.65150e-02
 6.68731e-03  1.53745e-02
 6.78750e-03  1.54879e-02
 6.63915e-03  1.55179e-02
 6.68731e-03  1.53745e-02

 7.39844e-03  1.65150e-02
 7.18705e-03  1.51670e-02
 7.28212e-03  1.52848e-02
 7.13259e-03  1.53082e-02
 7.18705e-03  1.51670e-02

 7.87865e-03  1.65150e-02
 7.69017e-03  1.50052e-02
 7.78151e-03  1.51259e-02
 7.63131e-03  1.51446e-02
 7.69017e-03  1.50052e-02

 8.35885e-03  1.65150e-02
 8.19610e-03  1.48990e-02
 8.28454e-03  1.50219e-02
 8.13393e-03  1.50370e-02
 8.19610e-03  1.48990e-02

 8.83906e-03  1.65150e-02
 8.70564e-03  1.48620e-02
 8.79162e-03  1.49866e-02
 8.64075e-03  1.49987e-02
 8.70564e-03  1.48620e-02

 9.31927e-03  1.65150e-02
 9.21633e-03  1.49050e-02
 9.30023e-03  1.50310e-02
 9.14917e-03  1.50406e-02
 9.21633e-03  1.49050e-02

 9.79948e-03  1.65150e-02
 9.73209e-03  1.50492e-02
 9.81372e-03  1.51767e-02
 9.66251e-03  1.51837e-02
 9.73209e-03  1.50492e-02

 1.02797e-02  1.65150e-02
 1.02401e-02  1.53004e-02
 1.03200e-02  1.54290e-02
 1.01687e-02  1.54339e-02
 1.02401e-02  1.53004e-02

 1.07599e-02  1.65150e-02
 1.07599e-02  1.57358e-02
 1.08356e-02  1.58669e-02
 1.06842e-02  1.58669e-02
 1.07599e-02  1.57358e-02

 4.06719e-03  1.70850e-02
 4.19475e-03  1.76752e-02
 4.09308e-03  1.75631e-02
 4.24103e-03  1.75311e-02
 4.19475e-03  1.76752e-02

 4.54531e-03  1.70850e-02
 4.67555e-03  1.73579e-02
 4.55078e-03  1.72722e-02
 4.68738e-03  1.72070e-02
 4.67555e-03  1.73579e-02

 5.02344e-03  1.70850e-02
 5.15427e-03  1.70432e-02
 5.05242e-03  1.71552e-02
 5.00637e-03  1.70110e-02
 5.15427e-03  1.70432e-02

 5.50156e-03  1.70850e-02
 5.63053e-03  1.67373e-02
 5.65590e-03  1.68866e-02
 5.51398e-03  1.68339e-02
 5.63053e-03  1.67373e-02

 5.97969e-03  1.70850e-02
 6.10390e-03  1.64462e-02
 6.15317e-03  1.65894e-02
 6.00459e-03  1.65605e-02
 6.10390e-03  1.64462e-02

 6.45781e-03  1.70850e-02
 6.57408e-03  1.61762e-02
 6.63251e-03  1.63158e-02
 6.48237e-03  1.62966e-02
 6.57408e-03  1.61762e-02

 6.93594e-03  1.70850e-02
 7.04091e-03  1.59343e-02
 7.10437e-03  1.60717e-02
 6.95363e-03  1.60580e-02
 7.04091e-03  1.59343e-02

 7.41406e-03  1.70850e-02
 7.50471e-03  1.57282e-02
 7.57149e-03  1.58641e-02
 7.42046e-03  1.58540e-02
 7.50471e-03  1.57282e-02

 7.89219e-03  1.70850e-02
 7.96600e-03  1.55673e-02
 8.03523e-03  1.57019e-02
 7.88404e-03  1.56946e-02
 7.96600e-03  1.55673e-02

 8.37031e-03  1.70850e-02
 8.42612e-03  1.54611e-02
 8.49726e-03  1.55947e-02
 8.34598e-03  1.55895e-02
 8.42612e-03  1.54611e-02

 8.84844e-03  1.70850e-02
 8.88618e-03  1.54229e-02
 8.95887e-03  1.55557e-02
 8.80754e-03  1.55523e-02
 8.88618e-03  1.54229e-02

 9.32656e-03  1.70850e-02
 9.34861e-03  1.54637e-02
 9.42250e-03  1.55958e-02
 9.27115e-03  1.55938e-02
 9.34861e-03  1.54637e-02

 9.80469e-03  1.70850e-02
 9.81406e-03  1.56055e-02
 9.88891e-03  1.57371e-02
 9.73755e-03  1.57361e-02
 9.81406e-03  1.56055e-02

 1.02828e-02  1.70850e-02
 1.02854e-02  1.58543e-02
 1.03608e-02  1.59856e-02
 1.02094e-02  1.59852e-02
 1.02854e-02  1.58543e-02

 1.07609e-02  1.70850e-02
 1.07609e-02  1.62927e-02
 1.08366e-02  1.64238e-02
 1.06853e-02  1.64238e-02
 1.07609e-02  1.62927e-02

 4.09740e-03  1.76550e-02
 4.60862e-03  1.82128e-02
 4.46426e-03  1.81673e-02
 4.57584e-03  1.80650e-02
 4.60862e-03  1.82128e-02

 4.57344e-03  1.76550e-02
 5.10026e-03  1.79044e-02
 4.94940e-03  1.79167e-02
 5.01417e-03  1.77799e-02
 5.10026e-03  1.79044e-02

 5.04948e-03  1.76550e-02
 5.58150e-03  1.75993e-02
 5.45900e-03  1.76883e-02
 5.44325e-03  1.75377e-02
 5.58150e-03  1.75993e-02

 5.52552e-03  1.76550e-02
 6.05202e-03  1.73035e-02
 5.98502e-03  1.74392e-02
 5.90097e-03  1.73133e-02
 6.05202e-03  1.73035e-02

 6.00156e-03  1.76550e-02
 6.51159e-03  1.70227e-02
 6.48820e-03  1.71723e-02
 6.37038e-03  1.70772e-02
 6.51159e-03  1.70227e-02

 6.47760e-03  1.76550e-02
 6.96026e-03  1.67631e-02
 6.96444e-03  1.69144e-02
 6.83131e-03  1.68423e-02
 6.96026e-03  1.67631e-02

 6.95365e-03  1.76550e-02
 7.39828e-03  1.65311e-02
 7.42043e-03  1.66808e-02
 7.27968e-03  1.66252e-02
 7.39828e-03  1.65311e-02

 7.42969e-03  1.76550e-02
 7.82678e-03  1.63338e-02
 7.86153e-03  1.64811e-02
 7.71656e-03  1.64375e-02
 7.82678e-03  1.63338e-02

 7.90573e-03  1.76550e-02
 8.24683e-03  1.61799e-02
 8.29104e-03  1.63246e-02
 8.14356e-03  1.62905e-02
 8.24683e-03  1.61799e-02

 8.38177e-03  1.76550e-02
 8.66162e-03  1.60781e-02
 8.71323e-03  1.62204e-02
 8.56419e-03  1.61940e-02
 8.66162e-03  1.60781e-02

 8.85781e-03  1.76550e-02
 9.07235e-03  1.60413e-02
 9.13010e-03  1.61812e-02
 8.98005e-03  1.61612e-02
 9.07235e-03  1.60413e-02

 9.33385e-03  1.76550e-02
 9.48626e-03  1.60794e-02
 9.54897e-03  1.62172e-02
 9.39831e-03  1.62026e-02
 9.48626e-03  1.60794e-02

 9.80990e-03  1.76550e-02
 9.90031e-03  1.62148e-02
 9.96764e-03  1.63504e-02
 9.81657e-03  1.63409e-02
 9.90031e-03  1.62148e-02

 1.02859e-02  1.76550e-02
 1.03337e-02  1.64531e-02
 1.04041e-02  1.65871e-02
 1.02529e-02  1.65811e-02
 1.03337e-02  1.64531e-02

 1.07620e-02  1.76550e-02
 1.07620e-02  1.68785e-02
 1.08377e-02  1.70096e-02
 1.06863e-02  1.70096e-02
 1.07620e-02  1.68785e-02

 4.12760e-03  1.82250e-02
 5.00758e-03  1.87300e-02
 4.85621e-03  1.87304e-02
 4.93155e-03  1.85991e-02
 5.00758e-03  1.87300e-02

 4.60156e-03  1.82250e-02
 5.50916e-03  1.84404e-02
 5.36414e-03  1.84838e-02
 5.39909e-03  1.83365e-02
 5.50916e-03  1.84404e-02

 5.07552e-03  1.82250e-02
 5.99243e-03  1.81546e-02
 5.86752e-03  1.82401e-02
 5.85593e-03  1.80892e-02
 5.99243e-03  1.81546e-02

 5.54948e-03  1.82250e-02
 6.45708e-03  1.78784e-02
 6.36162e-03  1.79958e-02
 6.30761e-03  1.78544e-02
 6.45708e-03  1.78784e-02

 6.02344e-03  1.82250e-02
 6.90311e-03  1.76173e-02
 6.83827e-03  1.77540e-02
 6.75224e-03  1.76295e-02
 6.90311e-03  1.76173e-02

 6.49740e-03  1.82250e-02
 7.33097e-03  1.73767e-02
 7.29307e-03  1.75233e-02
 7.18511e-03  1.74172e-02
 7.33097e-03  1.73767e-02

 6.97135e-03  1.82250e-02
 7.74128e-03  1.71628e-02
 7.72563e-03  1.73133e-02
 7.60307e-03  1.72245e-02
 7.74128e-03  1.71628e-02

 7.44531e-03  1.82250e-02
 8.13611e-03  1.69816e-02
 8.13861e-03  1.71329e-02
 8.00629e-03  1.70594e-02
 8.13611e-03  1.69816e-02

 7.91927e-03  1.82250e-02
 8.51698e-03  1.68407e-02
 8.53450e-03  1.69910e-02
 8.39553e-03  1.69310e-02
 8.51698e-03  1.68407e-02

 8.39323e-03  1.82250e-02
 8.88880e-03  1.67480e-02
 8.91885e-03  1.68963e-02
 8.77535e-03  1.68482e-02
 8.88880e-03  1.67480e-02

 8.86719e-03  1.82250e-02
 9.25274e-03  1.67149e-02
 9.29364e-03  1.68606e-02
 9.14698e-03  1.68232e-02
 9.25274e-03  1.67149e-02

 9.34115e-03  1.82250e-02
 9.62046e-03  1.67507e-02
 9.67042e-03  1.68936e-02
 9.52170e-03  1.68654e-02
 9.62046e-03  1.67507e-02

 9.81510e-03  1.82250e-02
 9.98513e-03  1.68763e-02
 1.00438e-02  1.70158e-02
 9.89364e-03  1.69969e-02
 9.98513e-03  1.68763e-02

 1.02891e-02  1.82250e-02
 1.03816e-02  1.70972e-02
 1.04463e-02  1.72341e-02
 1.02955e-02  1.72217e-02
 1.03816e-02  1.70972e-02

 1.07630e-02  1.82250e-02
 1.07630e-02  1.74939e-02
 1.08387e-02  1.76250e-02
 1.06873e-02  1.76250e-02
 1.07630e-02  1.74939e-02

 4.15781e-03  1.87950e-02
 5.37155e-03  1.92291e-02
 5.22263e-03  1.92562e-02
 5.27361e-03  1.91137e-02
 5.37155e-03  1.92291e-02

 4.62969e-03  1.87950e-02
 5.88096e-03  1.89680e-02
 5.74074e-03  1.90250e-02
 5.76148e-03  1.88751e-02
 5.88096e-03  1.89680e-02

 5.10156e-03  1.87950e-02
 6.36472e-03  1.87111e-02
 6.23893e-03  1.87953e-02
 6.22891e-03  1.86443e-02
 6.36472e-03  1.87111e-02

 5.57344e-03  1.87950e-02
 6.82274e-03  1.84639e-02
 6.71542e-03  1.85707e-02
 6.67664e-03  1.84244e-02
 6.82274e-03  1.84639e-02

 6.04531e-03  1.87950e-02
 7.25534e-03  1.82314e-02
 7.16846e-03  1.83554e-02
 7.10455e-03  1.82182e-02
 7.25534e-03  1.82314e-02

 6.51719e-03  1.87950e-02
 7.66334e-03  1.80185e-02
 7.59726e-03  1.81547e-02
 7.51236e-03  1.80294e-02
 7.66334e-03  1.80185e-02

 6.98906e-03  1.87950e-02
 8.04795e-03  1.78300e-02
 8.00204e-03  1.79743e-02
 7.90008e-03  1.78624e-02
 8.04795e-03  1.78300e-02

 7.46094e-03  1.87950e-02
 8.41198e-03  1.76714e-02
 8.38505e-03  1.78204e-02
 8.26952e-03  1.77226e-02
 8.41198e-03  1.76714e-02

 7.93281e-03  1.87950e-02
 8.75754e-03  1.75489e-02
 8.74830e-03  1.77000e-02
 8.62207e-03  1.76165e-02
 8.75754e-03  1.75489e-02

 8.40469e-03  1.87950e-02
 9.09108e-03  1.74693e-02
 9.09802e-03  1.76205e-02
 8.96360e-03  1.75509e-02
 9.09108e-03  1.74693e-02

 8.87656e-03  1.87950e-02
 9.41364e-03  1.74424e-02
 9.43560e-03  1.75921e-02
 9.29492e-03  1.75363e-02
 9.41364e-03  1.74424e-02

 9.34844e-03  1.87950e-02
 9.74061e-03  1.74763e-02
 9.77578e-03  1.76235e-02
 9.63070e-03  1.75804e-02
 9.74061e-03  1.74763e-02

 9.82031e-03  1.87950e-02
 1.00616e-02  1.75892e-02
 1.01101e-02  1.77326e-02
 9.96168e-03  1.77029e-02
 1.00616e-02  1.75892e-02

 1.02922e-02  1.87950e-02
 1.04253e-02  1.77868e-02
 1.04832e-02  1.79267e-02
 1.03331e-02  1.79069e-02
 1.04253e-02  1.77868e-02

 1.07641e-02  1.87950e-02
 1.07641e-02  1.81395e-02
 1.08397e-02  1.82706e-02
 1.06884e-02  1.82706e-02
 1.07641e-02  1.81395e-02

 4.18802e-03  1.93650e-02
 5.67989e-03  1.97146e-02
 5.53499e-03  1.97584e-02
 5.56953e-03  1.96110e-02
 5.67989e-03  1.97146e-02

 4.65781e-03  1.93650e-02
 6.19313e-03  1.94896e-02
 6.05635e-03  1.95545e-02
 6.06859e-03  1.94036e-02
 6.19313e-03  1.94896e-02

 5.12760e-03  1.93650e-02
 6.67473e-03  1.92693e-02
 6.54856e-03  1.93530e-02
 6.53922e-03  1.92019e-02
 6.67473e-03  1.92693e-02

 5.59740e-03  1.93650e-02
 7.12469e-03  1.90585e-02
 7.01105e-03  1.91585e-02
 6.98127e-03  1.90101e-02
 7.12469e-03  1.90585e-02

 6.06719e-03  1.93650e-02
 7.54362e-03  1.88616e-02
 7.44397e-03  1.89755e-02
 7.39512e-03  1.88322e-02
 7.54362e-03  1.88616e-02

 6.53698e-03  1.93650e-02
 7.93304e-03  1.86824e-02
 7.84852e-03  1.88080e-02
 7.78203e-03  1.86720e-02
 7.93304e-03  1.86824e-02

 7.00677e-03  1.93650e-02
 8.29475e-03  1.85251e-02
 8.22629e-03  1.86601e-02
 8.14361e-03  1.85333e-02
 8.29475e-03  1.85251e-02

 7.47656e-03  1.93650e-02
 8.63232e-03  1.83938e-02
 8.58065e-03  1.85361e-02
 8.48328e-03  1.84202e-02
 8.63232e-03  1.83938e-02

 7.94635e-03  1.93650e-02
 8.94840e-03  1.82935e-02
 8.91414e-03  1.84410e-02
 8.80359e-03  1.83376e-02
 8.94840e-03  1.82935e-02

 8.41615e-03  1.93650e-02
 9.25063e-03  1.82297e-02
 9.23397e-03  1.83802e-02
 9.11201e-03  1.82905e-02
 9.25063e-03  1.82297e-02

 8.88594e-03  1.93650e-02
 9.54005e-03  1.82104e-02
 9.54129e-03  1.83617e-02
 9.40959e-03  1.82871e-02
 9.54005e-03  1.82104e-02

 9.35573e-03  1.93650e-02
 9.83483e-03  1.82425e-02
 9.85298e-03  1.83927e-02
 9.71376e-03  1.83333e-02
 9.83483e-03  1.82425e-02

 9.82552e-03  1.93650e-02
 1.01218e-02  1.83405e-02
 1.01580e-02  1.84874e-02
 1.00126e-02  1.84454e-02
 1.01218e-02  1.83405e-02

 1.02953e-02  1.93650e-02
 1.04596e-02  1.85103e-02
 1.05092e-02  1.86533e-02
 1.03605e-02  1.86248e-02
 1.04596e-02  1.85103e-02

 1.07651e-02  1.93650e-02
 1.07651e-02  1.88075e-02
 1.08408e-02  1.89386e-02
 1.06894e-02  1.89386e-02
 1.07651e-02  1.88075e-02

 4.21823e-03  1.99350e-02
 5.90181e-03  2.01932e-02
 5.76076e-03  2.02481e-02
 5.78371e-03  2.00985e-02
 5.90181e-03  2.01932e-02

 4.68594e-03  1.99350e-02
 6.41402e-03  2.00123e-02
 6.27968e-03  2.00821e-02
 6.28644e-03  1.99308e-02
 6.41402e-03  2.00123e-02

 5.15365e-03  1.99350e-02
 6.89020e-03  1.98363e-02
 6.76362e-03  1.99193e-02
 6.75503e-03  1.97682e-02
 6.89020e-03  1.98363e-02

 5.62135e-03  1.99350e-02
 7.33082e-03  1.96690e-02
 7.21293e-03  1.97639e-02
 7.18965e-03  1.96144e-02
 7.33082e-03  1.96690e-02

 6.08906e-03  1.99350e-02
 7.73699e-03  1.95139e-02
 7.62873e-03  1.96196e-02
 7.59125e-03  1.94730e-02
 7.73699e-03  1.95139e-02

 6.55677e-03  1.99350e-02
 8.11070e-03  1.93739e-02
 8.01311e-03  1.94896e-02
 7.96170e-03  1.93472e-02
 8.11070e-03  1.93739e-02

 7.02448e-03  1.99350e-02
 8.45444e-03  1.92521e-02
 8.36877e-03  1.93769e-02
 8.30354e-03  1.92403e-02
 8.45444e-03  1.92521e-02

 7.49219e-03  1.99350e-02
 8.77245e-03  1.91515e-02
 8.70014e-03  1.92845e-02
 8.62113e-03  1.91554e-02
 8.77245e-03  1.91515e-02

 7.95990e-03  1.99350e-02
 9.06790e-03  1.90758e-02
 9.01069e-03  1.92160e-02
 8.91793e-03  1.90964e-02
 9.06790e-03  1.90758e-02

 8.42760e-03  1.99350e-02
 9.34913e-03  1.90291e-02
 9.30870e-03  1.91750e-02
 9.20259e-03  1.90671e-02
 9.34913e-03  1.90291e-02

 8.89531e-03  1.99350e-02
 9.61726e-03  1.90176e-02
 9.59568e-03  1.91674e-02
 9.47672e-03  1.90738e-02
 9.61726e-03  1.90176e-02

 9.36302e-03  1.99350e-02
 9.89198e-03  1.90471e-02
 9.88991e-03  1.91984e-02
 9.75987e-03  1.91210e-02
 9.89198e-03  1.90471e-02

 9.83073e-03  1.99350e-02
 1.01584e-02  1.91281e-02
 1.01792e-02  1.92780e-02
 1.00390e-02  1.92210e-02
 1.01584e-02  1.91281e-02

 1.02984e-02  1.99350e-02
 1.04808e-02  1.92664e-02
 1.05193e-02  1.94127e-02
 1.03733e-02  1.93729e-02
 1.04808e-02  1.92664e-02

 1.07661e-02  1.99350e-02
 1.07661e-02  1.94979e-02
 1.08418e-02  1.96290e-02
 1.06905e-02  1.96290e-02
 1.07661e-02  1.94979e-02

 4.24844e-03  2.05050e-02
 6.01141e-03  2.06730e-02
 5.87373e-03  2.07359e-02
 5.88809e-03  2.05852e-02
 6.01141e-03  2.06730e-02

 4.71406e-03  2.05050e-02
 6.51654e-03  2.05381e-02
 6.38408e-03  2.06114e-02
 6.38687e-03  2.04601e-02
 6.51654e-03  2.05381e-02

 5.17969e-03  2.05050e-02
 6.98383e-03  2.04079e-02
 6.85700e-03  2.04906e-02
 6.84887e-03  2.03394e-02
 6.98383e-03  2.04079e-02

 5.64531e-03  2.05050e-02
 7.41411e-03  2.02853e-02
 7.29335e-03  2.03766e-02
 7.27469e-03  2.02264e-02
 7.41411e-03  2.02853e-02

 6.11094e-03  2.05050e-02
 7.80912e-03  2.01727e-02
 7.69501e-03  2.02721e-02
 7.66594e-03  2.01236e-02
 7.80912e-03  2.01727e-02

 6.57656e-03  2.05050e-02
 8.17152e-03  2.00721e-02
 8.06483e-03  2.01795e-02
 8.02518e-03  2.00334e-02
 8.17152e-03  2.00721e-02

 7.04219e-03  2.05050e-02
 8.50409e-03  1.99855e-02
 8.40591e-03  2.01007e-02
 8.35523e-03  1.99581e-02
 8.50409e-03  1.99855e-02

 7.50781e-03  2.05050e-02
 8.81161e-03  1.99149e-02
 8.72339e-03  2.00379e-02
 8.66098e-03  1.99000e-02
 8.81161e-03  1.99149e-02

 7.97344e-03  2.05050e-02
 9.09749e-03  1.98628e-02
 9.02121e-03  1.99936e-02
 8.94612e-03  1.98621e-02
 9.09749e-03  1.98628e-02

 8.43906e-03  2.05050e-02
 9.37050e-03  1.98322e-02
 9.30855e-03  1.99703e-02
 9.21992e-03  1.98476e-02
 9.37050e-03  1.98322e-02

 8.90469e-03  2.05050e-02
 9.63173e-03  1.98273e-02
 9.58745e-03  1.99720e-02
 9.48424e-03  1.98613e-02
 9.63173e-03  1.98273e-02

 9.37031e-03  2.05050e-02
 9.90103e-03  1.98531e-02
 9.87696e-03  2.00025e-02
 9.75958e-03  1.99069e-02
 9.90103e-03  1.98531e-02

 9.83594e-03  2.05050e-02
 1.01635e-02  1.99155e-02
 1.01660e-02  2.00669e-02
 1.00337e-02  1.99934e-02
 1.01635e-02  1.99155e-02

 1.03016e-02  2.05050e-02
 1.04831e-02  2.00214e-02
 1.05079e-02  2.01707e-02
 1.03662e-02  2.01175e-02
 1.04831e-02  2.00214e-02

 1.07672e-02  2.05050e-02
 1.07672e-02  2.01870e-02
 1.08429e-02  2.03181e-02
 1.06915e-02  2.03181e-02
 1.07672e-02  2.01870e-02

 4.27865e-03  2.10750e-02
 5.95942e-03  2.11649e-02
 5.82448e-03  2.12335e-02
 5.83257e-03  2.10823e-02
 5.95942e-03  2.11649e-02

 4.74219e-03  2.10750e-02
 6.45286e-03  2.10815e-02
 6.32149e-03  2.11567e-02
 6.32206e-03  2.10053e-02
 6.45286e-03  2.10815e-02

 5.20573e-03  2.10750e-02
 6.91027e-03  2.10017e-02
 6.78256e-03  2.10830e-02
 6.77606e-03  2.09317e-02
 6.91027e-03  2.10017e-02

 5.66927e-03  2.10750e-02
 7.33279e-03  2.09273e-02
 7.20891e-03  2.10143e-02
 7.19553e-03  2.08635e-02
 7.33279e-03  2.09273e-02

 6.13281e-03  2.10750e-02
 7.72270e-03  2.08596e-02
 7.60296e-03  2.09522e-02
 7.58263e-03  2.08022e-02
 7.72270e-03  2.08596e-02

 6.59635e-03  2.10750e-02
 8.08278e-03  2.07997e-02
 7.96767e-03  2.08980e-02
 7.94010e-03  2.07491e-02
 8.08278e-03  2.07997e-02

 7.05990e-03  2.10750e-02
 8.41622e-03  2.07487e-02
 8.30647e-03  2.08529e-02
 8.27106e-03  2.07057e-02
 8.41622e-03  2.07487e-02

 7.52344e-03  2.10750e-02
 8.72764e-03  2.07076e-02
 8.62434e-03  2.08182e-02
 8.58017e-03  2.06734e-02
 8.72764e-03  2.07076e-02

 7.98698e-03  2.10750e-02
 9.02044e-03  2.06778e-02
 8.92523e-03  2.07955e-02
 8.87092e-03  2.06542e-02
 9.02044e-03  2.06778e-02

 8.45052e-03  2.10750e-02
 9.30272e-03  2.06613e-02
 9.21784e-03  2.07866e-02
 9.15174e-03  2.06505e-02
 9.30272e-03  2.06613e-02

 8.91406e-03  2.10750e-02
 9.57579e-03  2.06606e-02
 9.50487e-03  2.07943e-02
 9.42452e-03  2.06660e-02
 9.57579e-03  2.06606e-02

 9.37760e-03  2.10750e-02
 9.85803e-03  2.06795e-02
 9.80492e-03  2.08213e-02
 9.70872e-03  2.07044e-02
 9.85803e-03  2.06795e-02

 9.84115e-03  2.10750e-02
 1.01358e-02  2.07208e-02
 1.01101e-02  2.08699e-02
 9.99375e-03  2.07732e-02
 1.01358e-02  2.07208e-02

 1.03047e-02  2.10750e-02
 1.04680e-02  2.07913e-02
 1.04682e-02  2.09427e-02
 1.03370e-02  2.08672e-02
 1.04680e-02  2.07913e-02

 1.07682e-02  2.10750e-02
 1.07682e-02  2.08879e-02
 1.08439e-02  2.10190e-02
 1.06925e-02  2.10190e-02
 1.07682e-02  2.08879e-02

 4.30885e-03  2.16450e-02
 5.73064e-03  2.16733e-02
 5.59807e-03  2.17464e-02
 5.60109e-03  2.15951e-02
 5.73064e-03  2.16733e-02

 4.77031e-03  2.16450e-02
 6.20860e-03  2.16282e-02
 6.07841e-03  2.17054e-02
 6.07664e-03  2.15541e-02
 6.20860e-03  2.16282e-02

 5.23177e-03  2.16450e-02
 6.65613e-03  2.15855e-02
 6.52832e-03  2.16666e-02
 6.52200e-03  2.15154e-02
 6.65613e-03  2.15855e-02

 5.69323e-03  2.16450e-02
 7.07491e-03  2.15462e-02
 6.94955e-03  2.16310e-02
 6.93875e-03  2.14800e-02
 7.07491e-03  2.15462e-02

 6.15469e-03  2.16450e-02
 7.46719e-03  2.15108e-02
 7.34448e-03  2.15995e-02
 7.32909e-03  2.14489e-02
 7.46719e-03  2.15108e-02

 6.61615e-03  2.16450e-02
 7.83579e-03  2.14800e-02
 7.71603e-03  2.15726e-02
 7.69573e-03  2.14226e-02
 7.83579e-03  2.14800e-02

 7.07760e-03  2.16450e-02
 8.18342e-03  2.14541e-02
 8.06711e-03  2.15510e-02
 8.04136e-03  2.14018e-02
 8.18342e-03  2.14541e-02

 7.53906e-03  2.16450e-02
 8.51424e-03  2.14337e-02
 8.40216e-03  2.15354e-02
 8.37010e-03  2.13875e-02
 8.51424e-03  2.14337e-02

 8.00052e-03  2.16450e-02
 8.83107e-03  2.14193e-02
 8.72442e-03  2.15267e-02
 8.68472e-03  2.13807e-02
 8.83107e-03  2.14193e-02

 8.46198e-03  2.16450e-02
 9.14066e-03  2.14122e-02
 9.04122e-03  2.15263e-02
 8.99210e-03  2.13831e-02
 9.14066e-03  2.14122e-02

 8.92344e-03  2.16450e-02
 9.44391e-03  2.14132e-02
 9.35496e-03  2.15356e-02
 9.29337e-03  2.13974e-02
 9.44391e-03  2.14132e-02

 9.38490e-03  2.16450e-02
 9.75685e-03  2.14253e-02
 9.68248e-03  2.15571e-02
 9.60549e-03  2.14268e-02
 9.75685e-03  2.14253e-02

 9.84635e-03  2.16450e-02
 1.00683e-02  2.14481e-02
 1.00205e-02  2.15917e-02
 9.92005e-03  2.14784e-02
 1.00683e-02  2.14481e-02

 1.03078e-02  2.16450e-02
 1.04275e-02  2.14890e-02
 1.04077e-02  2.16391e-02
 1.02877e-02  2.15469e-02
 1.04275e-02  2.14890e-02

 1.07693e-02  2.16450e-02
 1.07693e-02  2.15374e-02
 1.08450e-02  2.16685e-02
 1.06936e-02  2.16685e-02
 1.07693e-02  2.15374e-02

 4.33906e-03  2.22150e-02
 5.20397e-03  2.22150e-02
 5.07289e-03  2.22907e-02
 5.07289e-03  2.21393e-02
 5.20397e-03  2.22150e-02

 4.79844e-03  2.22150e-02
 5.66948e-03  2.22150e-02
 5.53839e-03  2.22907e-02
 5.53839e-03  2.21393e-02
 5.66948e-03  2.22150e-02

 5.25781e-03  2.22150e-02
 6.11659e-03  2.22150e-02
 5.98551e-03  2.22907e-02
 5.98551e-03  2.21393e-02
 6.11659e-03  2.22150e-02

 5.71719e-03  2.22150e-02
 6.54675e-03  2.22150e-02
 6.41567e-03  2.22907e-02
 6.41567e-03  2.21393e-02
 6.54675e-03  2.22150e-02

 6.17656e-03  2.22150e-02
 6.96132e-03  2.22150e-02
 6.83024e-03  2.22907e-02
 6.83024e-03  2.21393e-02
 6.96132e-03  2.22150e-02

 6.63594e-03  2.22150e-02
 7.36230e-03  2.22150e-02
 7.23121e-03  2.22907e-02
 7.23121e-03  2.21393e-02
 7.36230e-03  2.22150e-02

 7.09531e-03  2.22150e-02
 7.75138e-03  2.22150e-02
 7.62029e-03  2.22907e-02
 7.62029e-03  2.21393e-02
 7.75138e-03  2.22150e-02

 7.55469e-03  2.22150e-02
 8.13114e-03  2.22150e-02
 8.00005e-03  2.22907e-02
 8.00005e-03  2.21393e-02
 8.13114e-03  2.22150e-02

 8.01406e-03  2.22150e-02
 8.50318e-03  2.22150e-02
 8.37209e-03  2.22907e-02
 8.37209e-03  2.21393e-02
 8.50318e-03  2.22150e-02

 8.47344e-03  2.22150e-02
 8.87181e-03  2.22150e-02
 8.74072e-03  2.22907e-02
 8.74072e-03  2.21393e-02
 8.87181e-03  2.22150e-02

 8.93281e-03  2.22150e-02
 9.23717e-03  2.22150e-02
 9.10609e-03  2.22907e-02
 9.10609e-03  2.21393e-02
 9.23717e-03  2.22150e-02

 9.39219e-03  2.22150e-02
 9.60936e-03  2.22150e-02
 9.47827e-03  2.22907e-02
 9.47827e-03  2.21393e-02
 9.60936e-03  2.22150e-02

 9.85156e-03  2.22150e-02
 9.98045e-03  2.22150e-02
 9.84936e-03  2.22907e-02
 9.84936e-03  2.21393e-02
 9.98045e-03  2.22150e-02

 1.03109e-02  2.22150e-02
 1.03818e-02  2.22150e-02
 1.02507e-02  2.22907e-02
 1.02507e-02  2.21393e-02
 1.03818e-02  2.22150e-02

 1.07703e-02  2.22150e-02
 1.07703e-02  2.22150e-02
 1.06392e-02  2.22907e-02
 1.06392e-02  2.21393e-02
 1.07703e-02  2.22150e-02

