#[ Fluid velocity 2D plot data file: flw.dat ]
 1.95313e-04  1.13850e-02
 1.95313e-04  1.13850e-02
 6.42249e-05  1.14607e-02
 6.42249e-05  1.13093e-02
 1.95313e-04  1.13850e-02

 5.85937e-04  1.13850e-02
 3.26358e-04  1.13850e-02
 4.57446e-04  1.13093e-02
 4.57446e-04  1.14607e-02
 3.26358e-04  1.13850e-02

 9.76562e-04  1.13850e-02
 6.38038e-04  1.13850e-02
 7.69126e-04  1.13093e-02
 7.69126e-04  1.14607e-02
 6.38038e-04  1.13850e-02

 1.36719e-03  1.13850e-02
 8.74685e-04  1.13850e-02
 1.00577e-03  1.13093e-02
 1.00577e-03  1.14607e-02
 8.74685e-04  1.13850e-02

 1.75781e-03  1.13850e-02
 1.15947e-03  1.13850e-02
 1.29055e-03  1.13093e-02
 1.29055e-03  1.14607e-02
 1.15947e-03  1.13850e-02

 2.14844e-03  1.13850e-02
 1.43978e-03  1.13850e-02
 1.57087e-03  1.13093e-02
 1.57087e-03  1.14607e-02
 1.43978e-03  1.13850e-02

 2.53906e-03  1.13850e-02
 1.74143e-03  1.13850e-02
 1.87252e-03  1.13093e-02
 1.87252e-03  1.14607e-02
 1.74143e-03  1.13850e-02

 2.92969e-03  1.13850e-02
 2.05509e-03  1.13850e-02
 2.18618e-03  1.13093e-02
 2.18618e-03  1.14607e-02
 2.05509e-03  1.13850e-02

 3.32031e-03  1.13850e-02
 2.38608e-03  1.13850e-02
 2.51716e-03  1.13093e-02
 2.51716e-03  1.14607e-02
 2.38608e-03  1.13850e-02

 1.97049e-04  1.19550e-02
 1.97049e-04  1.23939e-02
 1.21365e-04  1.22628e-02
 2.72732e-04  1.22628e-02
 1.97049e-04  1.23939e-02

 5.91146e-04  1.19550e-02
 2.02822e-04  1.23605e-02
 2.38817e-04  1.22135e-02
 3.48146e-04  1.23182e-02
 2.02822e-04  1.23605e-02

 9.85243e-04  1.19550e-02
 4.61877e-04  1.23463e-02
 5.21538e-04  1.22072e-02
 6.12183e-04  1.23285e-02
 4.61877e-04  1.23463e-02

 1.37934e-03  1.19550e-02
 6.19024e-04  1.23187e-02
 7.04624e-04  1.21938e-02
 7.69937e-04  1.23304e-02
 6.19024e-04  1.23187e-02

 1.77344e-03  1.19550e-02
 8.45937e-04  1.22876e-02
 9.43784e-04  1.21721e-02
 9.94877e-04  1.23146e-02
 8.45937e-04  1.22876e-02

 2.16753e-03  1.19550e-02
 1.07065e-03  1.22493e-02
 1.17765e-03  1.21423e-02
 1.21688e-03  1.22885e-02
 1.07065e-03  1.22493e-02

 2.56163e-03  1.19550e-02
 1.32920e-03  1.22074e-02
 1.44244e-03  1.21070e-02
 1.47281e-03  1.22553e-02
 1.32920e-03  1.22074e-02

 2.95573e-03  1.19550e-02
 1.60871e-03  1.21627e-02
 1.72674e-03  1.20679e-02
 1.74980e-03  1.22175e-02
 1.60871e-03  1.21627e-02

 3.34983e-03  1.19550e-02
 1.91638e-03  1.21170e-02
 2.03814e-03  1.20271e-02
 2.05514e-03  1.21775e-02
 1.91638e-03  1.21170e-02

 1.98785e-04  1.25250e-02
 1.98785e-04  1.32384e-02
 1.23101e-04  1.31073e-02
 2.74468e-04  1.31073e-02
 1.98785e-04  1.32384e-02

 5.96354e-04  1.25250e-02
 1.63944e-04  1.32200e-02
 1.68934e-04  1.30687e-02
 2.97456e-04  1.31487e-02
 1.63944e-04  1.32200e-02

 9.93924e-04  1.25250e-02
 3.98870e-04  1.31857e-02
 4.30358e-04  1.30377e-02
 5.42834e-04  1.31390e-02
 3.98870e-04  1.31857e-02

 1.39149e-03  1.25250e-02
 5.25144e-04  1.31386e-02
 5.88372e-04  1.30011e-02
 6.75862e-04  1.31246e-02
 5.25144e-04  1.31386e-02

 1.78906e-03  1.25250e-02
 7.28964e-04  1.30777e-02
 8.10213e-04  1.29500e-02
 8.80191e-04  1.30842e-02
 7.28964e-04  1.30777e-02

 2.18663e-03  1.25250e-02
 9.33087e-04  1.30068e-02
 1.02829e-03  1.28892e-02
 1.08260e-03  1.30304e-02
 9.33087e-04  1.30068e-02

 2.58420e-03  1.25250e-02
 1.17679e-03  1.29287e-02
 1.28193e-03  1.28198e-02
 1.32366e-03  1.29653e-02
 1.17679e-03  1.29287e-02

 2.98177e-03  1.25250e-02
 1.44593e-03  1.28468e-02
 1.55871e-03  1.27458e-02
 1.58975e-03  1.28939e-02
 1.44593e-03  1.28468e-02

 3.37934e-03  1.25250e-02
 1.74821e-03  1.27638e-02
 1.86695e-03  1.26700e-02
 1.88888e-03  1.28197e-02
 1.74821e-03  1.27638e-02

 2.00521e-04  1.30950e-02
 2.00521e-04  1.42124e-02
 1.24837e-04  1.40813e-02
 2.76204e-04  1.40813e-02
 2.00521e-04  1.42124e-02

 6.01563e-04  1.30950e-02
 1.66693e-04  1.42050e-02
 1.44040e-04  1.40554e-02
 2.84978e-04  1.41106e-02
 1.66693e-04  1.42050e-02

 1.00260e-03  1.30950e-02
 4.02563e-04  1.41482e-02
 4.01694e-04  1.39968e-02
 5.33214e-04  1.40718e-02
 4.02563e-04  1.41482e-02

 1.40365e-03  1.30950e-02
 5.28139e-04  1.40738e-02
 5.59122e-04  1.39257e-02
 6.71943e-04  1.40266e-02
 5.28139e-04  1.40738e-02

 1.80469e-03  1.30950e-02
 7.32480e-04  1.39732e-02
 7.85934e-04  1.38316e-02
 8.81848e-04  1.39487e-02
 7.32480e-04  1.39732e-02

 2.20573e-03  1.30950e-02
 9.37501e-04  1.38576e-02
 1.01084e-03  1.37252e-02
 1.08884e-03  1.38549e-02
 9.37501e-04  1.38576e-02

 2.60677e-03  1.30950e-02
 1.18339e-03  1.37299e-02
 1.27228e-03  1.36074e-02
 1.33394e-03  1.37456e-02
 1.18339e-03  1.37299e-02

 3.00781e-03  1.30950e-02
 1.45577e-03  1.35968e-02
 1.55722e-03  1.34845e-02
 1.60379e-03  1.36285e-02
 1.45577e-03  1.35968e-02

 3.40885e-03  1.30950e-02
 1.76251e-03  1.34625e-02
 1.87396e-03  1.33600e-02
 1.90694e-03  1.35078e-02
 1.76251e-03  1.34625e-02

 2.02257e-04  1.36650e-02
 2.02257e-04  1.51047e-02
 1.26573e-04  1.49736e-02
 2.77940e-04  1.49736e-02
 2.02257e-04  1.51047e-02

 6.06771e-04  1.36650e-02
 2.10644e-04  1.51112e-02
 1.72278e-04  1.49648e-02
 3.18268e-04  1.50048e-02
 2.10644e-04  1.51112e-02

 1.01128e-03  1.36650e-02
 4.65266e-04  1.50361e-02
 4.43453e-04  1.48863e-02
 5.84079e-04  1.49423e-02
 4.65266e-04  1.50361e-02

 1.41580e-03  1.36650e-02
 6.17035e-04  1.49389e-02
 6.22552e-04  1.47876e-02
 7.50794e-04  1.48680e-02
 6.17035e-04  1.49389e-02

 1.82031e-03  1.36650e-02
 8.41347e-04  1.48036e-02
 8.69423e-04  1.46548e-02
 9.84198e-04  1.47535e-02
 8.41347e-04  1.48036e-02

 2.22483e-03  1.36650e-02
 1.06573e-03  1.46486e-02
 1.11672e-03  1.45061e-02
 1.21465e-03  1.46215e-02
 1.06573e-03  1.46486e-02

 2.62934e-03  1.36650e-02
 1.32796e-03  1.44775e-02
 1.39908e-03  1.43438e-02
 1.47924e-03  1.44722e-02
 1.32796e-03  1.44775e-02

 3.03385e-03  1.36650e-02
 1.61464e-03  1.42997e-02
 1.70340e-03  1.41771e-02
 1.76520e-03  1.43153e-02
 1.61464e-03  1.42997e-02

 3.43837e-03  1.36650e-02
 1.93340e-03  1.41207e-02
 2.03693e-03  1.40103e-02
 2.08080e-03  1.41552e-02
 1.93340e-03  1.41207e-02

 2.03993e-04  1.42350e-02
 2.03993e-04  1.59795e-02
 1.28310e-04  1.58484e-02
 2.79677e-04  1.58484e-02
 2.03993e-04  1.59795e-02

 6.11979e-04  1.42350e-02
 2.80206e-04  1.59956e-02
 2.30106e-04  1.58528e-02
 3.78855e-04  1.58808e-02
 2.80206e-04  1.59956e-02

 1.01997e-03  1.42350e-02
 5.63995e-04  1.59050e-02
 5.25513e-04  1.57586e-02
 6.71535e-04  1.57984e-02
 5.63995e-04  1.59050e-02

 1.42795e-03  1.42350e-02
 7.59053e-04  1.57870e-02
 7.41433e-04  1.56367e-02
 8.80439e-04  1.56966e-02
 7.59053e-04  1.57870e-02

 1.83594e-03  1.42350e-02
 1.01530e-03  1.56202e-02
 1.01700e-03  1.54688e-02
 1.14723e-03  1.55460e-02
 1.01530e-03  1.56202e-02

 2.24392e-03  1.42350e-02
 1.27041e-03  1.54289e-02
 1.29459e-03  1.52795e-02
 1.41190e-03  1.53751e-02
 1.27041e-03  1.54289e-02

 2.65191e-03  1.42350e-02
 1.55753e-03  1.52173e-02
 1.60453e-03  1.50734e-02
 1.70563e-03  1.51861e-02
 1.55753e-03  1.52173e-02

 3.05990e-03  1.42350e-02
 1.86493e-03  1.49976e-02
 1.93472e-03  1.48633e-02
 2.01615e-03  1.49909e-02
 1.86493e-03  1.49976e-02

 3.46788e-03  1.42350e-02
 2.19973e-03  1.47764e-02
 2.29057e-03  1.46553e-02
 2.35001e-03  1.47945e-02
 2.19973e-03  1.47764e-02

 2.05729e-04  1.48050e-02
 2.05729e-04  1.67762e-02
 1.30046e-04  1.66451e-02
 2.81413e-04  1.66451e-02
 2.05729e-04  1.67762e-02

 6.17187e-04  1.48050e-02
 3.68151e-04  1.67985e-02
 3.09301e-04  1.66590e-02
 4.59500e-04  1.66778e-02
 3.68151e-04  1.67985e-02

 1.02865e-03  1.48050e-02
 6.87707e-04  1.66975e-02
 6.36464e-04  1.65551e-02
 7.85433e-04  1.65819e-02
 6.87707e-04  1.66975e-02

 1.44010e-03  1.48050e-02
 9.37899e-04  1.65640e-02
 9.01111e-04  1.64172e-02
 1.04666e-03  1.64588e-02
 9.37899e-04  1.65640e-02

 1.85156e-03  1.48050e-02
 1.23417e-03  1.63735e-02
 1.21176e-03  1.62238e-02
 1.35261e-03  1.62793e-02
 1.23417e-03  1.63735e-02

 2.26302e-03  1.48050e-02
 1.52819e-03  1.61544e-02
 1.52442e-03  1.60031e-02
 1.65735e-03  1.60755e-02
 1.52819e-03  1.61544e-02

 2.67448e-03  1.48050e-02
 1.84605e-03  1.59116e-02
 1.86402e-03  1.57613e-02
 1.98520e-03  1.58520e-02
 1.84605e-03  1.59116e-02

 3.08594e-03  1.48050e-02
 2.17895e-03  1.56591e-02
 2.22250e-03  1.55141e-02
 2.32627e-03  1.56243e-02
 2.17895e-03  1.56591e-02

 3.49740e-03  1.48050e-02
 2.53273e-03  1.54048e-02
 2.60410e-03  1.52713e-02
 2.68402e-03  1.53998e-02
 2.53273e-03  1.54048e-02

 2.07465e-04  1.53750e-02
 2.07465e-04  1.75081e-02
 1.31782e-04  1.73770e-02
 2.83149e-04  1.73770e-02
 2.07465e-04  1.75081e-02

 6.22396e-04  1.53750e-02
 4.65292e-04  1.75327e-02
 3.99328e-04  1.73965e-02
 5.50295e-04  1.74075e-02
 4.65292e-04  1.75327e-02

 1.03733e-03  1.53750e-02
 8.23354e-04  1.74259e-02
 7.61682e-04  1.72877e-02
 9.12231e-04  1.73034e-02
 8.23354e-04  1.74259e-02

 1.45226e-03  1.53750e-02
 1.13480e-03  1.72820e-02
 1.08167e-03  1.71403e-02
 1.23098e-03  1.71651e-02
 1.13480e-03  1.72820e-02

 1.86719e-03  1.53750e-02
 1.47515e-03  1.70754e-02
 1.43086e-03  1.69306e-02
 1.57835e-03  1.69646e-02
 1.47515e-03  1.70754e-02

 2.28212e-03  1.53750e-02
 1.81241e-03  1.68367e-02
 1.78046e-03  1.66887e-02
 1.92457e-03  1.67350e-02
 1.81241e-03  1.68367e-02

 2.69705e-03  1.53750e-02
 2.16435e-03  1.65713e-02
 2.14853e-03  1.64208e-02
 2.28681e-03  1.64824e-02
 2.16435e-03  1.65713e-02

 3.11198e-03  1.53750e-02
 2.52532e-03  1.62949e-02
 2.53200e-03  1.61436e-02
 2.65962e-03  1.62250e-02
 2.52532e-03  1.62949e-02

 3.52691e-03  1.53750e-02
 2.89978e-03  1.60159e-02
 2.93736e-03  1.58693e-02
 3.04555e-03  1.59752e-02
 2.89978e-03  1.60159e-02

 2.09201e-04  1.59450e-02
 2.09201e-04  1.81609e-02
 1.33518e-04  1.80298e-02
 2.84885e-04  1.80298e-02
 2.09201e-04  1.81609e-02

 6.27604e-04  1.59450e-02
 5.65563e-04  1.81852e-02
 4.93537e-04  1.80521e-02
 6.44846e-04  1.80563e-02
 5.65563e-04  1.81852e-02

 1.04601e-03  1.59450e-02
 9.62589e-04  1.80771e-02
 8.92088e-04  1.79431e-02
 1.04334e-03  1.79491e-02
 9.62589e-04  1.80771e-02

 1.46441e-03  1.59450e-02
 1.33759e-03  1.79280e-02
 1.27043e-03  1.77923e-02
 1.42149e-03  1.78020e-02
 1.33759e-03  1.79280e-02

 1.88281e-03  1.59450e-02
 1.72360e-03  1.77136e-02
 1.65998e-03  1.75762e-02
 1.81074e-03  1.75898e-02
 1.72360e-03  1.77136e-02

 2.30122e-03  1.59450e-02
 2.10613e-03  1.74646e-02
 2.04776e-03  1.73249e-02
 2.19789e-03  1.73442e-02
 2.10613e-03  1.74646e-02

 2.71962e-03  1.59450e-02
 2.49387e-03  1.71870e-02
 2.44285e-03  1.70445e-02
 2.59178e-03  1.70715e-02
 2.49387e-03  1.71870e-02

 3.13802e-03  1.59450e-02
 2.88453e-03  1.68968e-02
 2.84514e-03  1.67506e-02
 2.99140e-03  1.67896e-02
 2.88453e-03  1.68968e-02

 3.55642e-03  1.59450e-02
 3.28089e-03  1.66034e-02
 3.26168e-03  1.64533e-02
 3.40131e-03  1.65117e-02
 3.28089e-03  1.66034e-02

 2.10937e-04  1.65150e-02
 2.10937e-04  1.87413e-02
 1.35254e-04  1.86102e-02
 2.86621e-04  1.86102e-02
 2.10938e-04  1.87413e-02

 6.32812e-04  1.65150e-02
 6.63573e-04  1.87628e-02
 5.86102e-04  1.86328e-02
 7.37455e-04  1.86307e-02
 6.63573e-04  1.87628e-02

 1.05469e-03  1.65150e-02
 1.09813e-03  1.86570e-02
 1.01980e-03  1.85275e-02
 1.17114e-03  1.85244e-02
 1.09813e-03  1.86570e-02

 1.47656e-03  1.65150e-02
 1.53570e-03  1.85077e-02
 1.45616e-03  1.83789e-02
 1.60747e-03  1.83744e-02
 1.53570e-03  1.85077e-02

 1.89844e-03  1.65150e-02
 1.96672e-03  1.82932e-02
 1.88607e-03  1.81651e-02
 2.03732e-03  1.81593e-02
 1.96672e-03  1.82932e-02

 2.32031e-03  1.65150e-02
 2.39443e-03  1.80424e-02
 2.31248e-03  1.79152e-02
 2.46367e-03  1.79078e-02
 2.39443e-03  1.80424e-02

 2.74219e-03  1.65150e-02
 2.81814e-03  1.77621e-02
 2.73463e-03  1.76359e-02
 2.88572e-03  1.76267e-02
 2.81814e-03  1.77621e-02

 3.16406e-03  1.65150e-02
 3.23896e-03  1.74681e-02
 3.15324e-03  1.73433e-02
 3.30414e-03  1.73315e-02
 3.23896e-03  1.74681e-02

 3.58594e-03  1.65150e-02
 3.65774e-03  1.71700e-02
 3.56822e-03  1.70479e-02
 3.71869e-03  1.70314e-02
 3.65774e-03  1.71700e-02

 2.12674e-04  1.70850e-02
 2.12674e-04  1.92511e-02
 1.36990e-04  1.91200e-02
 2.88357e-04  1.91200e-02
 2.12674e-04  1.92511e-02

 6.38021e-04  1.70850e-02
 7.55663e-04  1.92682e-02
 6.73036e-04  1.91413e-02
 8.24183e-04  1.91332e-02
 7.55663e-04  1.92682e-02

 1.06337e-03  1.70850e-02
 1.22516e-03  1.91677e-02
 1.13955e-03  1.90429e-02
 1.29046e-03  1.90312e-02
 1.22516e-03  1.91677e-02

 1.48872e-03  1.70850e-02
 1.72201e-03  1.90226e-02
 1.63120e-03  1.89015e-02
 1.78148e-03  1.88835e-02
 1.72201e-03  1.90226e-02

 1.91406e-03  1.70850e-02
 2.19588e-03  1.88147e-02
 2.10010e-03  1.86975e-02
 2.24950e-03  1.86732e-02
 2.19588e-03  1.88147e-02

 2.33941e-03  1.70850e-02
 2.66709e-03  1.85703e-02
 2.56494e-03  1.84586e-02
 2.71275e-03  1.84260e-02
 2.66709e-03  1.85703e-02

 2.76476e-03  1.70850e-02
 3.12581e-03  1.82962e-02
 3.01584e-03  1.81922e-02
 3.16089e-03  1.81490e-02
 3.12581e-03  1.82962e-02

 3.19010e-03  1.70850e-02
 3.57629e-03  1.80077e-02
 3.45586e-03  1.79160e-02
 3.59549e-03  1.78576e-02
 3.57629e-03  1.80077e-02

 3.61545e-03  1.70850e-02
 4.01738e-03  1.77145e-02
 3.88305e-03  1.76448e-02
 4.01063e-03  1.75633e-02
 4.01738e-03  1.77145e-02

 2.14410e-04  1.76550e-02
 2.14410e-04  1.96975e-02
 1.38726e-04  1.95664e-02
 2.90093e-04  1.95664e-02
 2.14410e-04  1.96975e-02

 6.43229e-04  1.76550e-02
 8.38894e-04  1.97091e-02
 7.51121e-04  1.95858e-02
 9.01806e-04  1.95715e-02
 8.38894e-04  1.97091e-02

 1.07205e-03  1.76550e-02
 1.33982e-03  1.96163e-02
 1.24710e-03  1.94966e-02
 1.39708e-03  1.94761e-02
 1.33982e-03  1.96163e-02

 1.50087e-03  1.76550e-02
 1.89077e-03  1.94791e-02
 1.78935e-03  1.93668e-02
 1.93738e-03  1.93351e-02
 1.89077e-03  1.94791e-02

 1.92969e-03  1.76550e-02
 2.40395e-03  1.92835e-02
 2.29463e-03  1.91788e-02
 2.43996e-03  1.91365e-02
 2.40395e-03  1.92835e-02

 2.35851e-03  1.76550e-02
 2.91552e-03  1.90523e-02
 2.79668e-03  1.89586e-02
 2.93729e-03  1.89025e-02
 2.91552e-03  1.90523e-02

 2.78733e-03  1.76550e-02
 3.40706e-03  1.87926e-02
 3.27789e-03  1.87137e-02
 3.41081e-03  1.86413e-02
 3.40706e-03  1.87926e-02

 3.21615e-03  1.76550e-02
 3.88562e-03  1.85183e-02
 3.74548e-03  1.84611e-02
 3.86510e-03  1.83684e-02
 3.88562e-03  1.85183e-02

 3.64497e-03  1.76550e-02
 4.34810e-03  1.82390e-02
 4.19890e-03  1.82134e-02
 4.29560e-03  1.80970e-02
 4.34810e-03  1.82390e-02

 2.16146e-04  1.82250e-02
 2.16146e-04  2.00903e-02
 1.40462e-04  1.99592e-02
 2.91829e-04  1.99592e-02
 2.16146e-04  2.00903e-02

 6.48438e-04  1.82250e-02
 9.11422e-04  2.00956e-02
 8.18226e-04  1.99763e-02
 9.68119e-04  1.99552e-02
 9.11422e-04  2.00956e-02

 1.08073e-03  1.82250e-02
 1.43982e-03  2.00117e-02
 1.33979e-03  1.98981e-02
 1.48819e-03  1.98682e-02
 1.43982e-03  2.00117e-02

 1.51302e-03  1.82250e-02
 2.03829e-03  1.98853e-02
 1.92659e-03  1.97831e-02
 2.07091e-03  1.97375e-02
 2.03829e-03  1.98853e-02

 1.94531e-03  1.82250e-02
 2.58626e-03  1.97065e-02
 2.46475e-03  1.96162e-02
 2.60367e-03  1.95561e-02
 2.58626e-03  1.97065e-02

 2.37760e-03  1.82250e-02
 3.13380e-03  1.94944e-02
 3.00169e-03  1.94205e-02
 3.13173e-03  1.93430e-02
 3.13380e-03  1.94944e-02

 2.80990e-03  1.82250e-02
 3.65483e-03  1.92557e-02
 3.51319e-03  1.92023e-02
 3.63025e-03  1.91064e-02
 3.65483e-03  1.92557e-02

 3.24219e-03  1.82250e-02
 4.15879e-03  1.90031e-02
 4.00988e-03  1.89760e-02
 4.10783e-03  1.88606e-02
 4.15879e-03  1.90031e-02

 3.67448e-03  1.82250e-02
 4.64073e-03  1.87454e-02
 4.48943e-03  1.87499e-02
 4.56121e-03  1.86166e-02
 4.64073e-03  1.87454e-02

 2.17882e-04  1.87950e-02
 2.17882e-04  2.04359e-02
 1.42198e-04  2.03048e-02
 2.93565e-04  2.03048e-02
 2.17882e-04  2.04359e-02

 6.53646e-04  1.87950e-02
 9.71244e-04  2.04342e-02
 8.72008e-04  2.03199e-02
 1.02061e-03  2.02911e-02
 9.71244e-04  2.04342e-02

 1.08941e-03  1.87950e-02
 1.52252e-03  2.03605e-02
 1.41463e-03  2.02544e-02
 1.56051e-03  2.02140e-02
 1.52252e-03  2.03605e-02

 1.52517e-03  1.87950e-02
 2.16051e-03  2.02474e-02
 2.03864e-03  2.01576e-02
 2.17732e-03  2.00969e-02
 2.16051e-03  2.02474e-02

 1.96094e-03  1.87950e-02
 2.73753e-03  2.00895e-02
 2.60519e-03  2.00160e-02
 2.73499e-03  1.99381e-02
 2.73753e-03  2.00895e-02

 2.39670e-03  1.87950e-02
 3.31527e-03  1.99015e-02
 3.17331e-03  1.98490e-02
 3.28977e-03  1.97523e-02
 3.31527e-03  1.99015e-02

 2.83247e-03  1.87950e-02
 3.86108e-03  1.96901e-02
 3.71251e-03  1.96611e-02
 3.81187e-03  1.95470e-02
 3.86108e-03  1.96901e-02

 3.26823e-03  1.87950e-02
 4.38653e-03  1.94659e-02
 4.23518e-03  1.94634e-02
 4.31306e-03  1.93336e-02
 4.38653e-03  1.94659e-02

 3.70399e-03  1.87950e-02
 4.88488e-03  1.92372e-02
 4.73558e-03  1.92621e-02
 4.78866e-03  1.91204e-02
 4.88488e-03  1.92372e-02

 2.19618e-04  1.93650e-02
 2.19618e-04  2.07513e-02
 1.43935e-04  2.06202e-02
 2.95302e-04  2.06202e-02
 2.19618e-04  2.07513e-02

 6.58854e-04  1.93650e-02
 1.01753e-03  2.07418e-02
 9.11246e-04  2.06340e-02
 1.05772e-03  2.05958e-02
 1.01753e-03  2.07418e-02

 1.09809e-03  1.93650e-02
 1.58681e-03  2.06788e-02
 1.47017e-03  2.05823e-02
 1.61204e-03  2.05295e-02
 1.58681e-03  2.06788e-02

 1.53733e-03  1.93650e-02
 2.25527e-03  2.05804e-02
 2.12343e-03  2.05060e-02
 2.25376e-03  2.04290e-02
 2.25527e-03  2.05804e-02

 1.97656e-03  1.93650e-02
 2.85464e-03  2.04459e-02
 2.71325e-03  2.03919e-02
 2.83073e-03  2.02964e-02
 2.85464e-03  2.04459e-02

 2.41580e-03  1.93650e-02
 3.45546e-03  2.02854e-02
 3.30714e-03  2.02552e-02
 3.40748e-03  2.01418e-02
 3.45546e-03  2.02854e-02

 2.85503e-03  1.93650e-02
 4.02026e-03  2.01054e-02
 3.86903e-03  2.00989e-02
 3.95020e-03  1.99712e-02
 4.02026e-03  2.01054e-02

 3.29427e-03  1.93650e-02
 4.56197e-03  1.99144e-02
 4.41160e-03  1.99317e-02
 4.47179e-03  1.97928e-02
 4.56197e-03  1.99144e-02

 3.73351e-03  1.93650e-02
 5.07265e-03  1.97197e-02
 4.92655e-03  1.97593e-02
 4.96531e-03  1.96130e-02
 5.07265e-03  1.97197e-02

 2.21354e-04  1.99350e-02
 2.21354e-04  2.10350e-02
 1.45671e-04  2.09039e-02
 2.97038e-04  2.09039e-02
 2.21354e-04  2.10350e-02

 6.64062e-04  1.99350e-02
 1.04701e-03  2.10177e-02
 9.31948e-04  2.09193e-02
 1.07465e-03  2.08688e-02
 1.04701e-03  2.10177e-02

 1.10677e-03  1.99350e-02
 1.62800e-03  2.09669e-02
 1.50134e-03  2.08841e-02
 1.63645e-03  2.08158e-02
 1.62800e-03  2.09669e-02

 1.54948e-03  1.99350e-02
 2.31555e-03  2.08858e-02
 2.17437e-03  2.08312e-02
 2.29224e-03  2.07363e-02
 2.31555e-03  2.08858e-02

 1.99219e-03  1.99350e-02
 2.92862e-03  2.07781e-02
 2.78056e-03  2.07466e-02
 2.88184e-03  2.06342e-02
 2.92862e-03  2.07781e-02

 2.43490e-03  1.99350e-02
 3.54366e-03  2.06493e-02
 3.39247e-03  2.06420e-02
 3.47445e-03  2.05147e-02
 3.54366e-03  2.06493e-02

 2.87760e-03  1.99350e-02
 4.11980e-03  2.05054e-02
 3.96909e-03  2.05195e-02
 4.03225e-03  2.03820e-02
 4.11980e-03  2.05054e-02

 3.32031e-03  1.99350e-02
 4.67111e-03  2.03529e-02
 4.52351e-03  2.03865e-02
 4.56825e-03  2.02419e-02
 4.67111e-03  2.03529e-02

 3.76302e-03  1.99350e-02
 5.18882e-03  2.01978e-02
 5.04619e-03  2.02485e-02
 5.07363e-03  2.00996e-02
 5.18882e-03  2.01978e-02

 2.23090e-04  2.05050e-02
 2.23090e-04  2.13249e-02
 1.47407e-04  2.11938e-02
 2.98774e-04  2.11938e-02
 2.23090e-04  2.13249e-02

 6.69271e-04  2.05050e-02
 1.05977e-03  2.12981e-02
 9.33962e-04  2.12139e-02
 1.06976e-03  2.11471e-02
 1.05977e-03  2.12981e-02

 1.11545e-03  2.05050e-02
 1.64509e-03  2.12600e-02
 1.50785e-03  2.11961e-02
 1.63177e-03  2.11092e-02
 1.64509e-03  2.12600e-02

 1.56163e-03  2.05050e-02
 2.33905e-03  2.11960e-02
 2.19079e-03  2.11655e-02
 2.29135e-03  2.10523e-02
 2.33905e-03  2.11960e-02

 2.00781e-03  2.05050e-02
 2.95598e-03  2.11151e-02
 2.80478e-03  2.11078e-02
 2.88669e-03  2.09805e-02
 2.95598e-03  2.11151e-02

 2.45399e-03  2.05050e-02
 3.57494e-03  2.10178e-02
 3.42425e-03  2.10321e-02
 3.48722e-03  2.08944e-02
 3.57494e-03  2.10178e-02

 2.90017e-03  2.05050e-02
 4.15364e-03  2.09100e-02
 4.00564e-03  2.09417e-02
 4.05217e-03  2.07976e-02
 4.15364e-03  2.09100e-02

 3.34635e-03  2.05050e-02
 4.70684e-03  2.07958e-02
 4.56283e-03  2.08424e-02
 4.59447e-03  2.06944e-02
 4.70684e-03  2.07958e-02

 3.79253e-03  2.05050e-02
 5.22537e-03  2.06802e-02
 5.08607e-03  2.07394e-02
 5.10444e-03  2.05892e-02
 5.22537e-03  2.06802e-02

 2.24826e-04  2.10750e-02
 2.24826e-04  2.15872e-02
 1.49143e-04  2.14561e-02
 3.00510e-04  2.14561e-02
 2.24826e-04  2.15872e-02

 6.74479e-04  2.10750e-02
 1.04548e-03  2.15572e-02
 9.05561e-04  2.14995e-02
 1.02553e-03  2.14072e-02
 1.04548e-03  2.15572e-02

 1.12413e-03  2.10750e-02
 1.62336e-03  2.15345e-02
 1.47565e-03  2.15014e-02
 1.57816e-03  2.13900e-02
 1.62336e-03  2.15345e-02

 1.57378e-03  2.10750e-02
 2.30520e-03  2.14923e-02
 2.15383e-03  2.14931e-02
 2.22884e-03  2.13616e-02
 2.30520e-03  2.14923e-02

 2.02344e-03  2.10750e-02
 2.91196e-03  2.14422e-02
 2.76191e-03  2.14621e-02
 2.81972e-03  2.13222e-02
 2.91196e-03  2.14422e-02

 2.47309e-03  2.10750e-02
 3.52100e-03  2.13811e-02
 3.37395e-03  2.14170e-02
 3.41640e-03  2.12717e-02
 3.52100e-03  2.13811e-02

 2.92274e-03  2.10750e-02
 4.09122e-03  2.13140e-02
 3.94762e-03  2.13619e-02
 3.97796e-03  2.12136e-02
 4.09122e-03  2.13140e-02

 3.37240e-03  2.10750e-02
 4.63737e-03  2.12430e-02
 4.49746e-03  2.13008e-02
 4.51739e-03  2.11508e-02
 4.63737e-03  2.12430e-02

 3.82205e-03  2.10750e-02
 5.15029e-03  2.11716e-02
 5.01406e-03  2.12376e-02
 5.02504e-03  2.10866e-02
 5.15029e-03  2.11716e-02

 2.26562e-04  2.16450e-02
 2.26562e-04  2.19367e-02
 1.50879e-04  2.18056e-02
 3.02246e-04  2.18056e-02
 2.26563e-04  2.19367e-02

 6.79687e-04  2.16450e-02
 1.00829e-03  2.18987e-02
 8.58278e-04  2.18785e-02
 9.50782e-04  2.17587e-02
 1.00829e-03  2.18987e-02

 1.13281e-03  2.16450e-02
 1.56220e-03  2.18907e-02
 1.41084e-03  2.18913e-02
 1.48602e-03  2.17599e-02
 1.56220e-03  2.18907e-02

 1.58594e-03  2.16450e-02
 2.21369e-03  2.18633e-02
 2.06502e-03  2.18917e-02
 2.11474e-03  2.17488e-02
 2.21369e-03  2.18633e-02

 2.03906e-03  2.16450e-02
 2.79530e-03  2.18363e-02
 2.64966e-03  2.18775e-02
 2.68677e-03  2.17307e-02
 2.79530e-03  2.18363e-02

 2.49219e-03  2.16450e-02
 3.38086e-03  2.18009e-02
 3.23867e-03  2.18528e-02
 3.26482e-03  2.17037e-02
 3.38086e-03  2.18009e-02

 2.94531e-03  2.16450e-02
 3.93124e-03  2.17631e-02
 3.79208e-03  2.18227e-02
 3.81009e-03  2.16724e-02
 3.93124e-03  2.17631e-02

 3.39844e-03  2.16450e-02
 4.46103e-03  2.17229e-02
 4.32477e-03  2.17888e-02
 4.33583e-03  2.16378e-02
 4.46103e-03  2.17229e-02

 3.85156e-03  2.16450e-02
 4.96161e-03  2.16827e-02
 4.82803e-03  2.17539e-02
 4.83317e-03  2.16026e-02
 4.96161e-03  2.16827e-02

 2.28299e-04  2.22150e-02
 2.28299e-04  2.22150e-02
 3.03982e-04  2.23461e-02
 1.52615e-04  2.23461e-02
 2.28299e-04  2.22150e-02

 6.84896e-04  2.22150e-02
 9.05975e-04  2.22150e-02
 7.74887e-04  2.22907e-02
 7.74887e-04  2.21393e-02
 9.05975e-04  2.22150e-02

 1.14149e-03  2.22150e-02
 1.41814e-03  2.22150e-02
 1.28705e-03  2.22907e-02
 1.28705e-03  2.21393e-02
 1.41814e-03  2.22150e-02

 1.59809e-03  2.22150e-02
 2.00366e-03  2.22150e-02
 1.87258e-03  2.22907e-02
 1.87258e-03  2.21393e-02
 2.00366e-03  2.22150e-02

 2.05469e-03  2.22150e-02
 2.53828e-03  2.22150e-02
 2.40719e-03  2.22907e-02
 2.40719e-03  2.21393e-02
 2.53828e-03  2.22150e-02

 2.51128e-03  2.22150e-02
 3.07837e-03  2.22150e-02
 2.94728e-03  2.22907e-02
 2.94728e-03  2.21393e-02
 3.07837e-03  2.22150e-02

 2.96788e-03  2.22150e-02
 3.59437e-03  2.22150e-02
 3.46329e-03  2.22907e-02
 3.46329e-03  2.21393e-02
 3.59437e-03  2.22150e-02

 3.42448e-03  2.22150e-02
 4.09777e-03  2.22150e-02
 3.96668e-03  2.22907e-02
 3.96668e-03  2.21393e-02
 4.09777e-03  2.22150e-02

 3.88108e-03  2.22150e-02
 4.58219e-03  2.22150e-02
 4.45110e-03  2.22907e-02
 4.45110e-03  2.21393e-02
 4.58219e-03  2.22150e-02

 3.76510e-03  1.13850e-02
 2.78069e-03  1.13850e-02
 2.91178e-03  1.13093e-02
 2.91178e-03  1.14607e-02
 2.78069e-03  1.13850e-02

 4.26406e-03  1.13850e-02
 3.25119e-03  1.13850e-02
 3.38228e-03  1.13093e-02
 3.38228e-03  1.14607e-02
 3.25119e-03  1.13850e-02

 4.76302e-03  1.13850e-02
 3.74636e-03  1.13850e-02
 3.87745e-03  1.13093e-02
 3.87745e-03  1.14607e-02
 3.74636e-03  1.13850e-02

 5.26198e-03  1.13850e-02
 4.26485e-03  1.13850e-02
 4.39594e-03  1.13093e-02
 4.39594e-03  1.14607e-02
 4.26485e-03  1.13850e-02

 5.76094e-03  1.13850e-02
 4.80430e-03  1.13850e-02
 4.93539e-03  1.13093e-02
 4.93539e-03  1.14607e-02
 4.80430e-03  1.13850e-02

 6.25990e-03  1.13850e-02
 5.36221e-03  1.13850e-02
 5.49330e-03  1.13093e-02
 5.49330e-03  1.14607e-02
 5.36221e-03  1.13850e-02

 6.75885e-03  1.13850e-02
 5.93625e-03  1.13850e-02
 6.06734e-03  1.13093e-02
 6.06734e-03  1.14607e-02
 5.93625e-03  1.13850e-02

 7.25781e-03  1.13850e-02
 6.52322e-03  1.13850e-02
 6.65431e-03  1.13093e-02
 6.65431e-03  1.14607e-02
 6.52322e-03  1.13850e-02

 7.75677e-03  1.13850e-02
 7.12159e-03  1.13850e-02
 7.25268e-03  1.13093e-02
 7.25268e-03  1.14607e-02
 7.12159e-03  1.13850e-02

 8.25573e-03  1.13850e-02
 7.72609e-03  1.13850e-02
 7.85718e-03  1.13093e-02
 7.85718e-03  1.14607e-02
 7.72609e-03  1.13850e-02

 8.75469e-03  1.13850e-02
 8.33825e-03  1.13850e-02
 8.46934e-03  1.13093e-02
 8.46934e-03  1.14607e-02
 8.33825e-03  1.13850e-02

 9.25365e-03  1.13850e-02
 8.94383e-03  1.13850e-02
 9.07492e-03  1.13093e-02
 9.07492e-03  1.14607e-02
 8.94383e-03  1.13850e-02

 9.75260e-03  1.13850e-02
 9.55930e-03  1.13850e-02
 9.69039e-03  1.13093e-02
 9.69039e-03  1.14607e-02
 9.55930e-03  1.13850e-02

 1.02516e-02  1.13850e-02
 1.01357e-02  1.13850e-02
 1.02668e-02  1.13093e-02
 1.02668e-02  1.14607e-02
 1.01357e-02  1.13850e-02

 1.07505e-02  1.13850e-02
 1.07505e-02  1.13850e-02
 1.06194e-02  1.14607e-02
 1.06194e-02  1.13093e-02
 1.07505e-02  1.13850e-02

 3.79531e-03  1.19550e-02
 2.29322e-03  1.20650e-02
 2.41843e-03  1.19799e-02
 2.42949e-03  1.21309e-02
 2.29322e-03  1.20650e-02

 4.29219e-03  1.19550e-02
 2.75422e-03  1.20081e-02
 2.88262e-03  1.19279e-02
 2.88785e-03  1.20792e-02
 2.75422e-03  1.20081e-02

 4.78906e-03  1.19550e-02
 3.25329e-03  1.19545e-02
 3.38441e-03  1.18789e-02
 3.38436e-03  1.20302e-02
 3.25329e-03  1.19545e-02

 5.28594e-03  1.19550e-02
 3.78687e-03  1.19051e-02
 3.92041e-03  1.18338e-02
 3.91537e-03  1.19851e-02
 3.78687e-03  1.19051e-02

 5.78281e-03  1.19550e-02
 4.35164e-03  1.18605e-02
 4.48743e-03  1.17936e-02
 4.47745e-03  1.19447e-02
 4.35164e-03  1.18605e-02

 6.27969e-03  1.19550e-02
 4.94342e-03  1.18213e-02
 5.08139e-03  1.17590e-02
 5.06632e-03  1.19096e-02
 4.94342e-03  1.18213e-02

 6.77656e-03  1.19550e-02
 5.55866e-03  1.17877e-02
 5.69883e-03  1.17305e-02
 5.67823e-03  1.18805e-02
 5.55866e-03  1.17877e-02

 7.27344e-03  1.19550e-02
 6.19253e-03  1.17601e-02
 6.33496e-03  1.17089e-02
 6.30810e-03  1.18579e-02
 6.19253e-03  1.17601e-02

 7.77031e-03  1.19550e-02
 6.84236e-03  1.17389e-02
 6.98719e-03  1.16949e-02
 6.95286e-03  1.18424e-02
 6.84236e-03  1.17389e-02

 8.26719e-03  1.19550e-02
 7.50074e-03  1.17249e-02
 7.64806e-03  1.16901e-02
 7.60453e-03  1.18351e-02
 7.50074e-03  1.17249e-02

 8.76406e-03  1.19550e-02
 8.16841e-03  1.17183e-02
 8.31818e-03  1.16964e-02
 8.26229e-03  1.18371e-02
 8.16841e-03  1.17183e-02

 9.26094e-03  1.19550e-02
 8.82667e-03  1.17212e-02
 8.97797e-03  1.17167e-02
 8.90622e-03  1.18500e-02
 8.82667e-03  1.17212e-02

 9.75781e-03  1.19550e-02
 9.49302e-03  1.17337e-02
 9.64214e-03  1.17597e-02
 9.54508e-03  1.18759e-02
 9.49302e-03  1.17337e-02

 1.02547e-02  1.19550e-02
 1.01069e-02  1.17623e-02
 1.02467e-02  1.18203e-02
 1.01266e-02  1.19124e-02
 1.01069e-02  1.17623e-02

 1.07516e-02  1.19550e-02
 1.07516e-02  1.18092e-02
 1.08272e-02  1.19403e-02
 1.06759e-02  1.19403e-02
 1.07516e-02  1.18092e-02

 3.82552e-03  1.25250e-02
 2.12158e-03  1.26721e-02
 2.24567e-03  1.25854e-02
 2.25870e-03  1.27362e-02
 2.12158e-03  1.26721e-02

 4.32031e-03  1.25250e-02
 2.58156e-03  1.25749e-02
 2.71042e-03  1.24955e-02
 2.71476e-03  1.26468e-02
 2.58156e-03  1.25749e-02

 4.81510e-03  1.25250e-02
 3.08415e-03  1.24843e-02
 3.21698e-03  1.24117e-02
 3.21342e-03  1.25630e-02
 3.08415e-03  1.24843e-02

 5.30990e-03  1.25250e-02
 3.62533e-03  1.24018e-02
 3.76159e-03  1.23359e-02
 3.75055e-03  1.24869e-02
 3.62533e-03  1.24018e-02

 5.80469e-03  1.25250e-02
 4.20103e-03  1.23283e-02
 4.34036e-03  1.22692e-02
 4.32193e-03  1.24194e-02
 4.20103e-03  1.23283e-02

 6.29948e-03  1.25250e-02
 4.80662e-03  1.22643e-02
 4.94878e-03  1.22123e-02
 4.92274e-03  1.23614e-02
 4.80662e-03  1.22643e-02

 6.79427e-03  1.25250e-02
 5.43787e-03  1.22103e-02
 5.58267e-03  1.21662e-02
 5.54846e-03  1.23136e-02
 5.43787e-03  1.22103e-02

 7.28906e-03  1.25250e-02
 6.08933e-03  1.21667e-02
 6.23659e-03  1.21317e-02
 6.19327e-03  1.22767e-02
 6.08933e-03  1.21667e-02

 7.78385e-03  1.25250e-02
 6.75781e-03  1.21343e-02
 6.90725e-03  1.21102e-02
 6.85338e-03  1.22516e-02
 6.75781e-03  1.21343e-02

 8.27865e-03  1.25250e-02
 7.43500e-03  1.21141e-02
 7.58599e-03  1.21035e-02
 7.51972e-03  1.22396e-02
 7.43500e-03  1.21141e-02

 8.77344e-03  1.25250e-02
 8.12108e-03  1.21080e-02
 8.27229e-03  1.21149e-02
 8.19077e-03  1.22424e-02
 8.12108e-03  1.21080e-02

 9.26823e-03  1.25250e-02
 8.79613e-03  1.21183e-02
 8.94484e-03  1.21465e-02
 8.84605e-03  1.22612e-02
 8.79613e-03  1.21183e-02

 9.76302e-03  1.25250e-02
 9.47686e-03  1.21493e-02
 9.61650e-03  1.22077e-02
 9.49608e-03  1.22994e-02
 9.47686e-03  1.21493e-02

 1.02578e-02  1.25250e-02
 1.00999e-02  1.22071e-02
 1.02260e-02  1.22909e-02
 1.00905e-02  1.23582e-02
 1.00999e-02  1.22071e-02

 1.07526e-02  1.25250e-02
 1.07526e-02  1.23026e-02
 1.08283e-02  1.24336e-02
 1.06769e-02  1.24336e-02
 1.07526e-02  1.23026e-02

 3.85573e-03  1.30950e-02
 2.13915e-03  1.33157e-02
 2.25952e-03  1.32239e-02
 2.27882e-03  1.33740e-02
 2.13915e-03  1.33157e-02

 4.34844e-03  1.30950e-02
 2.60053e-03  1.31615e-02
 2.72864e-03  1.30809e-02
 2.73440e-03  1.32321e-02
 2.60053e-03  1.31615e-02

 4.84115e-03  1.30950e-02
 3.10474e-03  1.30182e-02
 3.23904e-03  1.29484e-02
 3.23236e-03  1.30996e-02
 3.10474e-03  1.30182e-02

 5.33385e-03  1.30950e-02
 3.64763e-03  1.28881e-02
 3.78696e-03  1.28289e-02
 3.76852e-03  1.29792e-02
 3.64763e-03  1.28881e-02

 5.82656e-03  1.30950e-02
 4.22495e-03  1.27724e-02
 4.36840e-03  1.27241e-02
 4.33851e-03  1.28725e-02
 4.22495e-03  1.27724e-02

 6.31927e-03  1.30950e-02
 4.83186e-03  1.26719e-02
 4.97866e-03  1.26350e-02
 4.93724e-03  1.27806e-02
 4.83186e-03  1.26719e-02

 6.81198e-03  1.30950e-02
 5.46398e-03  1.25874e-02
 5.61333e-03  1.25628e-02
 5.55999e-03  1.27045e-02
 5.46398e-03  1.25874e-02

 7.30469e-03  1.30950e-02
 6.11600e-03  1.25197e-02
 6.26697e-03  1.25087e-02
 6.20103e-03  1.26449e-02
 6.11600e-03  1.25197e-02

 7.79740e-03  1.30950e-02
 6.78422e-03  1.24700e-02
 6.93552e-03  1.24744e-02
 6.85605e-03  1.26032e-02
 6.78422e-03  1.24700e-02

 8.29010e-03  1.30950e-02
 7.46069e-03  1.24400e-02
 7.61047e-03  1.24619e-02
 7.51666e-03  1.25807e-02
 7.46069e-03  1.24400e-02

 8.78281e-03  1.30950e-02
 8.14476e-03  1.24328e-02
 8.29021e-03  1.24747e-02
 8.18121e-03  1.25797e-02
 8.14476e-03  1.24328e-02

 9.27552e-03  1.30950e-02
 8.81710e-03  1.24519e-02
 8.95482e-03  1.25147e-02
 8.83156e-03  1.26026e-02
 8.81710e-03  1.24519e-02

 9.76823e-03  1.30950e-02
 9.49269e-03  1.25049e-02
 9.61673e-03  1.25917e-02
 9.47958e-03  1.26557e-02
 9.49269e-03  1.25049e-02

 1.02609e-02  1.30950e-02
 1.01113e-02  1.25989e-02
 1.02216e-02  1.27025e-02
 1.00767e-02  1.27462e-02
 1.01113e-02  1.25989e-02

 1.07536e-02  1.30950e-02
 1.07536e-02  1.27528e-02
 1.08293e-02  1.28839e-02
 1.06780e-02  1.28839e-02
 1.07536e-02  1.27528e-02

 3.88594e-03  1.36650e-02
 2.31831e-03  1.39274e-02
 2.43510e-03  1.38312e-02
 2.46009e-03  1.39804e-02
 2.31831e-03  1.39274e-02

 4.37656e-03  1.36650e-02
 2.78237e-03  1.37267e-02
 2.91043e-03  1.36460e-02
 2.91628e-03  1.37972e-02
 2.78237e-03  1.37267e-02

 4.86719e-03  1.36650e-02
 3.28533e-03  1.35408e-02
 3.42194e-03  1.34756e-02
 3.41009e-03  1.36265e-02
 3.28533e-03  1.35408e-02

 5.35781e-03  1.36650e-02
 3.82348e-03  1.33727e-02
 3.96642e-03  1.33229e-02
 3.93809e-03  1.34715e-02
 3.82348e-03  1.33727e-02

 5.84844e-03  1.36650e-02
 4.39289e-03  1.32237e-02
 4.54030e-03  1.31893e-02
 4.49638e-03  1.33342e-02
 4.39289e-03  1.32237e-02

 6.33906e-03  1.36650e-02
 4.98917e-03  1.30950e-02
 5.13938e-03  1.30762e-02
 5.08049e-03  1.32157e-02
 4.98917e-03  1.30950e-02

 6.82969e-03  1.36650e-02
 5.60816e-03  1.29873e-02
 5.75950e-03  1.29847e-02
 5.68607e-03  1.31170e-02
 5.60816e-03  1.29873e-02

 7.32031e-03  1.36650e-02
 6.24493e-03  1.29017e-02
 6.39563e-03  1.29158e-02
 6.30801e-03  1.30392e-02
 6.24493e-03  1.29017e-02

 7.81094e-03  1.36650e-02
 6.89600e-03  1.28398e-02
 7.04403e-03  1.28714e-02
 6.94266e-03  1.29838e-02
 6.89600e-03  1.28398e-02

 8.30156e-03  1.36650e-02
 7.55406e-03  1.28041e-02
 7.69715e-03  1.28535e-02
 7.58286e-03  1.29527e-02
 7.55406e-03  1.28041e-02

 8.79219e-03  1.36650e-02
 8.21842e-03  1.27987e-02
 8.35391e-03  1.28662e-02
 8.22771e-03  1.29498e-02
 8.21842e-03  1.27987e-02

 9.28281e-03  1.36650e-02
 8.87149e-03  1.28282e-02
 8.99724e-03  1.29125e-02
 8.86140e-03  1.29793e-02
 8.87149e-03  1.28282e-02

 9.77344e-03  1.36650e-02
 9.52671e-03  1.29033e-02
 9.63911e-03  1.30047e-02
 9.49511e-03  1.30514e-02
 9.52671e-03  1.29033e-02

 1.02641e-02  1.36650e-02
 1.01296e-02  1.30310e-02
 1.02309e-02  1.31435e-02
 1.00828e-02  1.31749e-02
 1.01296e-02  1.30310e-02

 1.07547e-02  1.36650e-02
 1.07547e-02  1.32347e-02
 1.08304e-02  1.33658e-02
 1.06790e-02  1.33658e-02
 1.07547e-02  1.32347e-02

 3.91615e-03  1.42350e-02
 2.59486e-03  1.45395e-02
 2.70560e-03  1.44363e-02
 2.73960e-03  1.45838e-02
 2.59486e-03  1.45395e-02

 4.40469e-03  1.42350e-02
 3.06100e-03  1.42950e-02
 3.18858e-03  1.42136e-02
 3.19534e-03  1.43648e-02
 3.06100e-03  1.42950e-02

 4.89323e-03  1.42350e-02
 3.56006e-03  1.40690e-02
 3.69950e-03  1.40101e-02
 3.68080e-03  1.41603e-02
 3.56006e-03  1.40690e-02

 5.38177e-03  1.42350e-02
 4.08895e-03  1.38647e-02
 4.23581e-03  1.38280e-02
 4.19412e-03  1.39735e-02
 4.08895e-03  1.38647e-02

 5.87031e-03  1.42350e-02
 4.64432e-03  1.36840e-02
 4.79491e-03  1.36687e-02
 4.73285e-03  1.38067e-02
 4.64432e-03  1.36840e-02

 6.35885e-03  1.42350e-02
 5.22239e-03  1.35281e-02
 5.37368e-03  1.35331e-02
 5.29373e-03  1.36616e-02
 5.22239e-03  1.35281e-02

 6.84740e-03  1.42350e-02
 5.81961e-03  1.33982e-02
 5.96905e-03  1.34222e-02
 5.87348e-03  1.35396e-02
 5.81961e-03  1.33982e-02

 7.33594e-03  1.42350e-02
 6.43167e-03  1.32954e-02
 6.57710e-03  1.33374e-02
 6.46804e-03  1.34423e-02
 6.43167e-03  1.32954e-02

 7.82448e-03  1.42350e-02
 7.05569e-03  1.32219e-02
 7.19522e-03  1.32806e-02
 7.07464e-03  1.33721e-02
 7.05569e-03  1.32219e-02

 8.31302e-03  1.42350e-02
 7.68532e-03  1.31806e-02
 7.81740e-03  1.32545e-02
 7.68734e-03  1.33319e-02
 7.68532e-03  1.31806e-02

 8.80156e-03  1.42350e-02
 8.32000e-03  1.31767e-02
 8.44318e-03  1.32647e-02
 8.30541e-03  1.33274e-02
 8.32000e-03  1.31767e-02

 9.29010e-03  1.42350e-02
 8.94493e-03  1.32156e-02
 9.05866e-03  1.33155e-02
 8.91528e-03  1.33641e-02
 8.94493e-03  1.32156e-02

 9.77865e-03  1.42350e-02
 9.57156e-03  1.33105e-02
 9.67407e-03  1.34219e-02
 9.52636e-03  1.34550e-02
 9.57156e-03  1.33105e-02

 1.02672e-02  1.42350e-02
 1.01542e-02  1.34684e-02
 1.02482e-02  1.35871e-02
 1.00984e-02  1.36091e-02
 1.01542e-02  1.34684e-02

 1.07557e-02  1.42350e-02
 1.07557e-02  1.37172e-02
 1.08314e-02  1.38483e-02
 1.06800e-02  1.38483e-02
 1.07557e-02  1.37172e-02

 3.94635e-03  1.48050e-02
 2.93969e-03  1.51344e-02
 3.04074e-03  1.50217e-02
 3.08781e-03  1.51655e-02
 2.93969e-03  1.51344e-02

 4.43281e-03  1.48050e-02
 3.40768e-03  1.48570e-02
 3.53477e-03  1.47747e-02
 3.54243e-03  1.49259e-02
 3.40768e-03  1.48570e-02

 4.91927e-03  1.48050e-02
 3.90103e-03  1.46007e-02
 4.04444e-03  1.45523e-02
 4.01466e-03  1.47007e-02
 3.90103e-03  1.46007e-02

 5.40573e-03  1.48050e-02
 4.41753e-03  1.43692e-02
 4.56801e-03  1.43529e-02
 4.50693e-03  1.44914e-02
 4.41753e-03  1.43692e-02

 5.89219e-03  1.48050e-02
 4.95447e-03  1.41648e-02
 5.10541e-03  1.41762e-02
 5.02006e-03  1.43012e-02
 4.95447e-03  1.41648e-02

 6.37865e-03  1.48050e-02
 5.50904e-03  1.39889e-02
 5.65642e-03  1.40234e-02
 5.55284e-03  1.41338e-02
 5.50904e-03  1.39889e-02

 6.86510e-03  1.48050e-02
 6.07837e-03  1.38427e-02
 6.21994e-03  1.38963e-02
 6.10275e-03  1.39921e-02
 6.07837e-03  1.38427e-02

 7.35156e-03  1.48050e-02
 6.65913e-03  1.37276e-02
 6.79367e-03  1.37970e-02
 6.66634e-03  1.38788e-02
 6.65913e-03  1.37276e-02

 7.83802e-03  1.48050e-02
 7.24894e-03  1.36462e-02
 7.37581e-03  1.37288e-02
 7.24088e-03  1.37974e-02
 7.24894e-03  1.36462e-02

 8.32448e-03  1.48050e-02
 7.84295e-03  1.36013e-02
 7.96191e-03  1.36949e-02
 7.82137e-03  1.37512e-02
 7.84295e-03  1.36013e-02

 8.81094e-03  1.48050e-02
 8.44086e-03  1.35995e-02
 8.55168e-03  1.37026e-02
 8.40698e-03  1.37470e-02
 8.44086e-03  1.35995e-02

 9.29740e-03  1.48050e-02
 9.03131e-03  1.36463e-02
 9.13441e-03  1.37571e-02
 8.98688e-03  1.37910e-02
 9.03131e-03  1.36463e-02

 9.78385e-03  1.48050e-02
 9.62355e-03  1.37570e-02
 9.71818e-03  1.38751e-02
 9.56856e-03  1.38980e-02
 9.62355e-03  1.37570e-02

 1.02703e-02  1.48050e-02
 1.01820e-02  1.39384e-02
 1.02706e-02  1.40612e-02
 1.01200e-02  1.40765e-02
 1.01820e-02  1.39384e-02

 1.07568e-02  1.48050e-02
 1.07568e-02  1.42216e-02
 1.08325e-02  1.43526e-02
 1.06811e-02  1.43526e-02
 1.07568e-02  1.42216e-02

 3.97656e-03  1.53750e-02
 3.31927e-03  1.57210e-02
 3.40002e-03  1.55930e-02
 3.47053e-03  1.57269e-02
 3.31927e-03  1.57210e-02

 4.46094e-03  1.53750e-02
 3.78907e-03  1.54198e-02
 3.91482e-03  1.53356e-02
 3.92490e-03  1.54866e-02
 3.78907e-03  1.54198e-02

 4.94531e-03  1.53750e-02
 4.27596e-03  1.51415e-02
 4.42466e-03  1.51132e-02
 4.37480e-03  1.52561e-02
 4.27596e-03  1.51415e-02

 5.42969e-03  1.53750e-02
 4.77854e-03  1.48901e-02
 4.92889e-03  1.49077e-02
 4.83848e-03  1.50291e-02
 4.77854e-03  1.48901e-02

 5.91406e-03  1.53750e-02
 5.29515e-03  1.46682e-02
 5.43845e-03  1.47170e-02
 5.32457e-03  1.48167e-02
 5.29515e-03  1.46682e-02

 6.39844e-03  1.53750e-02
 5.82370e-03  1.44775e-02
 5.95813e-03  1.45471e-02
 5.83066e-03  1.46288e-02
 5.82370e-03  1.44775e-02

 6.88281e-03  1.53750e-02
 6.36222e-03  1.43195e-02
 6.48809e-03  1.44036e-02
 6.35233e-03  1.44706e-02
 6.36222e-03  1.43195e-02

 7.36719e-03  1.53750e-02
 6.90835e-03  1.41955e-02
 7.02641e-03  1.42903e-02
 6.88534e-03  1.43452e-02
 6.90835e-03  1.41955e-02

 7.85156e-03  1.53750e-02
 7.46049e-03  1.41083e-02
 7.57148e-03  1.42112e-02
 7.42684e-03  1.42559e-02
 7.46049e-03  1.41083e-02

 8.33594e-03  1.53750e-02
 8.01541e-03  1.40610e-02
 8.12000e-03  1.41704e-02
 7.97295e-03  1.42063e-02
 8.01541e-03  1.40610e-02

 8.82031e-03  1.53750e-02
 8.57302e-03  1.40604e-02
 8.67164e-03  1.41752e-02
 8.52288e-03  1.42032e-02
 8.57302e-03  1.40604e-02

 9.30469e-03  1.53750e-02
 9.12588e-03  1.41127e-02
 9.21920e-03  1.42319e-02
 9.06933e-03  1.42531e-02
 9.12588e-03  1.41127e-02

 9.78906e-03  1.53750e-02
 9.68056e-03  1.42343e-02
 9.76831e-03  1.43576e-02
 9.61763e-03  1.43720e-02
 9.68056e-03  1.42343e-02

 1.02734e-02  1.53750e-02
 1.02130e-02  1.44321e-02
 1.02969e-02  1.45580e-02
 1.01458e-02  1.45677e-02
 1.02130e-02  1.44321e-02

 1.07578e-02  1.53750e-02
 1.07578e-02  1.47400e-02
 1.08335e-02  1.48711e-02
 1.06821e-02  1.48711e-02
 1.07578e-02  1.47400e-02

 4.00677e-03  1.59450e-02
 3.71366e-03  1.62947e-02
 3.73987e-03  1.61456e-02
 3.85587e-03  1.62428e-02
 3.71366e-03  1.62947e-02

 4.48906e-03  1.59450e-02
 4.18564e-03  1.59809e-02
 4.30694e-03  1.58903e-02
 4.32470e-03  1.60406e-02
 4.18564e-03  1.59809e-02

 4.97135e-03  1.59450e-02
 4.66619e-03  1.56906e-02
 4.81534e-03  1.57164e-02
 4.71841e-03  1.58327e-02
 4.66619e-03  1.56906e-02

 5.45365e-03  1.59450e-02
 5.15473e-03  1.54284e-02
 5.28588e-03  1.55039e-02
 5.15487e-03  1.55797e-02
 5.15473e-03  1.54284e-02

 5.93594e-03  1.59450e-02
 5.65043e-03  1.51971e-02
 5.76789e-03  1.52926e-02
 5.62648e-03  1.53466e-02
 5.65043e-03  1.51971e-02

 6.41823e-03  1.59450e-02
 6.15217e-03  1.49987e-02
 6.26051e-03  1.51044e-02
 6.11479e-03  1.51454e-02
 6.15217e-03  1.49987e-02

 6.90052e-03  1.59450e-02
 6.65883e-03  1.48346e-02
 6.76066e-03  1.49466e-02
 6.61276e-03  1.49788e-02
 6.65883e-03  1.48346e-02

 7.38281e-03  1.59450e-02
 7.16911e-03  1.47064e-02
 7.26597e-03  1.48227e-02
 7.11681e-03  1.48484e-02
 7.16911e-03  1.47064e-02

 7.86510e-03  1.59450e-02
 7.68215e-03  1.46165e-02
 7.77501e-03  1.47360e-02
 7.62505e-03  1.47566e-02
 7.68215e-03  1.46165e-02

 8.34740e-03  1.59450e-02
 8.19645e-03  1.45682e-02
 8.28597e-03  1.46903e-02
 8.13551e-03  1.47068e-02
 8.19645e-03  1.45682e-02

 8.82969e-03  1.59450e-02
 8.71213e-03  1.45687e-02
 8.79869e-03  1.46929e-02
 8.64788e-03  1.47057e-02
 8.71213e-03  1.45687e-02

 9.31198e-03  1.59450e-02
 9.22580e-03  1.46239e-02
 9.30985e-03  1.47498e-02
 9.15881e-03  1.47597e-02
 9.22580e-03  1.46239e-02

 9.79427e-03  1.59450e-02
 9.74105e-03  1.47515e-02
 9.82250e-03  1.48791e-02
 9.67128e-03  1.48858e-02
 9.74105e-03  1.47515e-02

 1.02766e-02  1.59450e-02
 1.02461e-02  1.49578e-02
 1.03258e-02  1.50865e-02
 1.01745e-02  1.50911e-02
 1.02461e-02  1.49578e-02

 1.07589e-02  1.59450e-02
 1.07589e-02  1.52794e-02
 1.08345e-02  1.54105e-02
 1.06832e-02  1.54105e-02
 1.07589e-02  1.52794e-02

 4.03698e-03  1.65150e-02
 4.10416e-03  1.68577e-02
 4.00467e-03  1.67436e-02
 4.15321e-03  1.67145e-02
 4.10416e-03  1.68577e-02

 4.51719e-03  1.65150e-02
 4.57884e-03  1.65415e-02
 4.42852e-03  1.65592e-02
 4.48833e-03  1.64202e-02
 4.57884e-03  1.65415e-02

 4.99740e-03  1.65150e-02
 5.05370e-03  1.62488e-02
 5.10062e-03  1.63927e-02
 4.95253e-03  1.63614e-02
 5.05370e-03  1.62488e-02

 5.47760e-03  1.65150e-02
 5.52889e-03  1.59843e-02
 5.59161e-03  1.61221e-02
 5.44095e-03  1.61075e-02
 5.52889e-03  1.59843e-02

 5.95781e-03  1.65150e-02
 6.00441e-03  1.57513e-02
 6.07197e-03  1.58867e-02
 5.92088e-03  1.58775e-02
 6.00441e-03  1.57513e-02

 6.43802e-03  1.65150e-02
 6.48003e-03  1.55515e-02
 6.54993e-03  1.56858e-02
 6.39870e-03  1.56792e-02
 6.48003e-03  1.55515e-02

 6.91823e-03  1.65150e-02
 6.95545e-03  1.53868e-02
 7.02677e-03  1.55203e-02
 6.87549e-03  1.55153e-02
 6.95545e-03  1.53868e-02

 7.39844e-03  1.65150e-02
 7.43048e-03  1.52583e-02
 7.50280e-03  1.53913e-02
 7.35148e-03  1.53874e-02
 7.43048e-03  1.52583e-02

 7.87865e-03  1.65150e-02
 7.90498e-03  1.51687e-02
 7.97809e-03  1.53013e-02
 7.82675e-03  1.52983e-02
 7.90498e-03  1.51687e-02

 8.35885e-03  1.65150e-02
 8.37915e-03  1.51210e-02
 8.45292e-03  1.52532e-02
 8.30157e-03  1.52510e-02
 8.37915e-03  1.51210e-02

 8.83906e-03  1.65150e-02
 8.85317e-03  1.51221e-02
 8.92753e-03  1.52540e-02
 8.77617e-03  1.52524e-02
 8.85317e-03  1.51221e-02

 9.31927e-03  1.65150e-02
 9.32782e-03  1.51780e-02
 9.40266e-03  1.53095e-02
 9.25130e-03  1.53086e-02
 9.32782e-03  1.51780e-02

 9.79948e-03  1.65150e-02
 9.80333e-03  1.53065e-02
 9.87860e-03  1.54378e-02
 9.72723e-03  1.54373e-02
 9.80333e-03  1.53065e-02

 1.02797e-02  1.65150e-02
 1.02807e-02  1.55140e-02
 1.03563e-02  1.56452e-02
 1.02049e-02  1.56450e-02
 1.02807e-02  1.55140e-02

 1.07599e-02  1.65150e-02
 1.07599e-02  1.58384e-02
 1.08356e-02  1.59695e-02
 1.06842e-02  1.59695e-02
 1.07599e-02  1.58384e-02

 4.06719e-03  1.70850e-02
 4.47744e-03  1.74087e-02
 4.32765e-03  1.73869e-02
 4.42141e-03  1.72681e-02
 4.47744e-03  1.74087e-02

 4.54531e-03  1.70850e-02
 4.95525e-03  1.71005e-02
 4.82141e-03  1.71711e-02
 4.82711e-03  1.70199e-02
 4.95525e-03  1.71005e-02

 5.02344e-03  1.70850e-02
 5.42527e-03  1.68148e-02
 5.35871e-03  1.69508e-02
 5.27426e-03  1.68252e-02
 5.42527e-03  1.68148e-02

 5.50156e-03  1.70850e-02
 5.88827e-03  1.65568e-02
 5.87191e-03  1.67073e-02
 5.74977e-03  1.66178e-02
 5.88827e-03  1.65568e-02

 5.97969e-03  1.70850e-02
 6.34500e-03  1.63296e-02
 6.35606e-03  1.64806e-02
 6.21979e-03  1.64147e-02
 6.34500e-03  1.63296e-02

 6.45781e-03  1.70850e-02
 6.79605e-03  1.61353e-02
 6.82336e-03  1.62842e-02
 6.68077e-03  1.62334e-02
 6.79605e-03  1.61353e-02

 6.93594e-03  1.70850e-02
 7.24196e-03  1.59755e-02
 7.28006e-03  1.61220e-02
 7.13414e-03  1.60817e-02
 7.24196e-03  1.59755e-02

 7.41406e-03  1.70850e-02
 7.68356e-03  1.58513e-02
 7.72952e-03  1.59955e-02
 7.58164e-03  1.59632e-02
 7.68356e-03  1.58513e-02

 7.89219e-03  1.70850e-02
 8.12138e-03  1.57651e-02
 8.17352e-03  1.59072e-02
 8.02439e-03  1.58813e-02
 8.12138e-03  1.57651e-02

 8.37031e-03  1.70850e-02
 8.55727e-03  1.57195e-02
 8.61447e-03  1.58597e-02
 8.46450e-03  1.58391e-02
 8.55727e-03  1.57195e-02

 8.84844e-03  1.70850e-02
 8.99138e-03  1.57213e-02
 9.05299e-03  1.58595e-02
 8.90244e-03  1.58437e-02
 8.99138e-03  1.57213e-02

 9.32656e-03  1.70850e-02
 9.42846e-03  1.57759e-02
 9.49374e-03  1.59125e-02
 9.34283e-03  1.59007e-02
 9.42846e-03  1.57759e-02

 9.80469e-03  1.70850e-02
 9.86527e-03  1.59010e-02
 9.93416e-03  1.60358e-02
 9.78299e-03  1.60281e-02
 9.86527e-03  1.59010e-02

 1.02828e-02  1.70850e-02
 1.03155e-02  1.61027e-02
 1.03868e-02  1.62362e-02
 1.02355e-02  1.62312e-02
 1.03155e-02  1.61027e-02

 1.07609e-02  1.70850e-02
 1.07609e-02  1.64190e-02
 1.08366e-02  1.65501e-02
 1.06853e-02  1.65501e-02
 1.07609e-02  1.64190e-02

 4.09740e-03  1.76550e-02
 4.82113e-03  1.79490e-02
 4.67120e-03  1.79698e-02
 4.72816e-03  1.78295e-02
 4.82113e-03  1.79490e-02

 4.57344e-03  1.76550e-02
 5.30207e-03  1.76580e-02
 5.17067e-03  1.77332e-02
 5.17130e-03  1.75818e-02
 5.30207e-03  1.76580e-02

 5.04948e-03  1.76550e-02
 5.76797e-03  1.73883e-02
 5.67140e-03  1.75049e-02
 5.61873e-03  1.73630e-02
 5.76797e-03  1.73883e-02

 5.52552e-03  1.76550e-02
 6.22008e-03  1.71448e-02
 6.15923e-03  1.72834e-02
 6.06962e-03  1.71614e-02
 6.22008e-03  1.71448e-02

 6.00156e-03  1.76550e-02
 6.65980e-03  1.69308e-02
 6.62763e-03  1.70787e-02
 6.51562e-03  1.69769e-02
 6.65980e-03  1.69308e-02

 6.47760e-03  1.76550e-02
 7.08851e-03  1.67482e-02
 7.07803e-03  1.68992e-02
 6.95249e-03  1.68147e-02
 7.08851e-03  1.67482e-02

 6.95365e-03  1.76550e-02
 7.50748e-03  1.65985e-02
 7.51365e-03  1.67497e-02
 7.37959e-03  1.66794e-02
 7.50748e-03  1.65985e-02

 7.42969e-03  1.76550e-02
 7.91854e-03  1.64827e-02
 7.93794e-03  1.66328e-02
 7.79824e-03  1.65745e-02
 7.91854e-03  1.64827e-02

 7.90573e-03  1.76550e-02
 8.32283e-03  1.64027e-02
 8.35321e-03  1.65510e-02
 8.20960e-03  1.65031e-02
 8.32283e-03  1.64027e-02

 8.38177e-03  1.76550e-02
 8.72366e-03  1.63609e-02
 8.76335e-03  1.65070e-02
 8.61701e-03  1.64683e-02
 8.72366e-03  1.63609e-02

 8.85781e-03  1.76550e-02
 9.12112e-03  1.63645e-02
 9.16907e-03  1.65081e-02
 9.02076e-03  1.64778e-02
 9.12112e-03  1.63645e-02

 9.33385e-03  1.76550e-02
 9.52358e-03  1.64166e-02
 9.57854e-03  1.65576e-02
 9.42892e-03  1.65347e-02
 9.52358e-03  1.64166e-02

 9.80990e-03  1.76550e-02
 9.92438e-03  1.65344e-02
 9.98635e-03  1.66725e-02
 9.83577e-03  1.66571e-02
 9.92438e-03  1.65344e-02

 1.02859e-02  1.76550e-02
 1.03488e-02  1.67245e-02
 1.04155e-02  1.68604e-02
 1.02644e-02  1.68502e-02
 1.03488e-02  1.67245e-02

 1.07620e-02  1.76550e-02
 1.07620e-02  1.70292e-02
 1.08377e-02  1.71603e-02
 1.06863e-02  1.71603e-02
 1.07620e-02  1.70292e-02

 4.12760e-03  1.82250e-02
 5.12458e-03  1.84793e-02
 4.97886e-03  1.85202e-02
 5.01627e-03  1.83736e-02
 5.12458e-03  1.84793e-02

 4.60156e-03  1.82250e-02
 5.60793e-03  1.82141e-02
 5.47767e-03  1.82912e-02
 5.47602e-03  1.81398e-02
 5.60793e-03  1.82141e-02

 5.07552e-03  1.82250e-02
 6.07000e-03  1.79683e-02
 5.96199e-03  1.80744e-02
 5.92416e-03  1.79278e-02
 6.07000e-03  1.79683e-02

 5.54948e-03  1.82250e-02
 6.51240e-03  1.77468e-02
 6.42866e-03  1.78729e-02
 6.36133e-03  1.77373e-02
 6.51240e-03  1.77468e-02

 6.02344e-03  1.82250e-02
 6.93701e-03  1.75524e-02
 6.87632e-03  1.76911e-02
 6.78658e-03  1.75692e-02
 6.93701e-03  1.75524e-02

 6.49740e-03  1.82250e-02
 7.34596e-03  1.73873e-02
 7.30584e-03  1.75332e-02
 7.19950e-03  1.74255e-02
 7.34596e-03  1.73873e-02

 6.97135e-03  1.82250e-02
 7.74121e-03  1.72523e-02
 7.71920e-03  1.74021e-02
 7.60051e-03  1.73081e-02
 7.74121e-03  1.72523e-02

 7.44531e-03  1.82250e-02
 8.12551e-03  1.71486e-02
 8.11947e-03  1.72998e-02
 7.99150e-03  1.72189e-02
 8.12551e-03  1.71486e-02

 7.91927e-03  1.82250e-02
 8.50059e-03  1.70775e-02
 8.50886e-03  1.72286e-02
 8.37383e-03  1.71602e-02
 8.50059e-03  1.70775e-02

 8.39323e-03  1.82250e-02
 8.87092e-03  1.70412e-02
 8.89205e-03  1.71910e-02
 8.75168e-03  1.71344e-02
 8.87092e-03  1.70412e-02

 8.86719e-03  1.82250e-02
 9.23655e-03  1.70446e-02
 9.26963e-03  1.71923e-02
 9.12517e-03  1.71471e-02
 9.23655e-03  1.70446e-02

 9.34115e-03  1.82250e-02
 9.60848e-03  1.70929e-02
 9.65201e-03  1.72378e-02
 9.50470e-03  1.72030e-02
 9.60848e-03  1.70929e-02

 9.81510e-03  1.82250e-02
 9.97751e-03  1.72003e-02
 1.00317e-02  1.73416e-02
 9.88224e-03  1.73179e-02
 9.97751e-03  1.72003e-02

 1.02891e-02  1.82250e-02
 1.03790e-02  1.73733e-02
 1.04405e-02  1.75116e-02
 1.02900e-02  1.74957e-02
 1.03790e-02  1.73733e-02

 1.07630e-02  1.82250e-02
 1.07630e-02  1.76500e-02
 1.08387e-02  1.77811e-02
 1.06873e-02  1.77811e-02
 1.07630e-02  1.76500e-02

 4.15781e-03  1.87950e-02
 5.37768e-03  1.90025e-02
 5.23576e-03  1.90551e-02
 5.26114e-03  1.89059e-02
 5.37768e-03  1.90025e-02

 4.62969e-03  1.87950e-02
 5.86219e-03  1.87701e-02
 5.73266e-03  1.88484e-02
 5.72960e-03  1.86971e-02
 5.86219e-03  1.87701e-02

 5.10156e-03  1.87950e-02
 6.32022e-03  1.85550e-02
 6.20622e-03  1.86546e-02
 6.17698e-03  1.85061e-02
 6.32022e-03  1.85550e-02

 5.57344e-03  1.87950e-02
 6.75387e-03  1.83616e-02
 6.65690e-03  1.84778e-02
 6.60473e-03  1.83357e-02
 6.75387e-03  1.83616e-02

 6.04531e-03  1.87950e-02
 7.16535e-03  1.81926e-02
 7.08575e-03  1.83213e-02
 7.01405e-03  1.81880e-02
 7.16535e-03  1.81926e-02

 6.51719e-03  1.87950e-02
 7.55761e-03  1.80495e-02
 7.49513e-03  1.81874e-02
 7.40697e-03  1.80643e-02
 7.55761e-03  1.80495e-02

 6.98906e-03  1.87950e-02
 7.93299e-03  1.79333e-02
 7.88720e-03  1.80775e-02
 7.78515e-03  1.79658e-02
 7.93299e-03  1.79333e-02

 7.46094e-03  1.87950e-02
 8.29512e-03  1.78446e-02
 8.26553e-03  1.79930e-02
 8.15177e-03  1.78932e-02
 8.29512e-03  1.78446e-02

 7.93281e-03  1.87950e-02
 8.64611e-03  1.77844e-02
 8.63235e-03  1.79351e-02
 8.50868e-03  1.78479e-02
 8.64611e-03  1.77844e-02

 8.40469e-03  1.87950e-02
 8.99149e-03  1.77544e-02
 8.99302e-03  1.79058e-02
 8.86118e-03  1.78314e-02
 8.99149e-03  1.77544e-02

 8.87656e-03  1.87950e-02
 9.33119e-03  1.77591e-02
 9.34781e-03  1.79096e-02
 9.20920e-03  1.78487e-02
 9.33119e-03  1.77591e-02

 9.34844e-03  1.87950e-02
 9.67846e-03  1.78025e-02
 9.70892e-03  1.79508e-02
 9.56528e-03  1.79030e-02
 9.67846e-03  1.78025e-02

 9.82031e-03  1.87950e-02
 1.00217e-02  1.78970e-02
 1.00668e-02  1.80415e-02
 9.91914e-03  1.80084e-02
 1.00217e-02  1.78970e-02

 1.02922e-02  1.87950e-02
 1.04044e-02  1.80489e-02
 1.04598e-02  1.81897e-02
 1.03101e-02  1.81672e-02
 1.04044e-02  1.80489e-02

 1.07641e-02  1.87950e-02
 1.07641e-02  1.82892e-02
 1.08397e-02  1.84202e-02
 1.06884e-02  1.84202e-02
 1.07641e-02  1.82892e-02

 4.18802e-03  1.93650e-02
 5.57076e-03  1.95215e-02
 5.43199e-03  1.95819e-02
 5.44901e-03  1.94315e-02
 5.57076e-03  1.95215e-02

 4.65781e-03  1.93650e-02
 6.05425e-03  1.93267e-02
 5.92529e-03  1.94059e-02
 5.92113e-03  1.92546e-02
 6.05425e-03  1.93267e-02

 5.12760e-03  1.93650e-02
 6.50762e-03  1.91470e-02
 6.38994e-03  1.92422e-02
 6.36633e-03  1.90927e-02
 6.50762e-03  1.91470e-02

 5.59740e-03  1.93650e-02
 6.93313e-03  1.89860e-02
 6.82768e-03  1.90946e-02
 6.78636e-03  1.89490e-02
 6.93313e-03  1.89860e-02

 6.06719e-03  1.93650e-02
 7.33367e-03  1.88459e-02
 7.24108e-03  1.89657e-02
 7.18368e-03  1.88256e-02
 7.33367e-03  1.88459e-02

 6.53698e-03  1.93650e-02
 7.71234e-03  1.87281e-02
 7.63315e-03  1.88571e-02
 7.56103e-03  1.87240e-02
 7.71234e-03  1.87281e-02

 7.00677e-03  1.93650e-02
 8.07224e-03  1.86330e-02
 8.00705e-03  1.87696e-02
 7.92134e-03  1.86448e-02
 8.07224e-03  1.86330e-02

 7.47656e-03  1.93650e-02
 8.41754e-03  1.85610e-02
 8.36704e-03  1.87037e-02
 8.26871e-03  1.85886e-02
 8.41754e-03  1.85610e-02

 7.94635e-03  1.93650e-02
 8.75064e-03  1.85130e-02
 8.71570e-03  1.86602e-02
 8.60562e-03  1.85563e-02
 8.75064e-03  1.85130e-02

 8.41615e-03  1.93650e-02
 9.07780e-03  1.84900e-02
 9.05910e-03  1.86402e-02
 8.93837e-03  1.85489e-02
 9.07780e-03  1.84900e-02

 8.88594e-03  1.93650e-02
 9.39885e-03  1.84956e-02
 9.39743e-03  1.86470e-02
 9.26706e-03  1.85701e-02
 9.39885e-03  1.84956e-02

 9.35573e-03  1.93650e-02
 9.72852e-03  1.85335e-02
 9.74395e-03  1.86840e-02
 9.60583e-03  1.86221e-02
 9.72852e-03  1.85335e-02

 9.82552e-03  1.93650e-02
 1.00535e-02  1.86132e-02
 1.00879e-02  1.87606e-02
 9.94301e-03  1.87167e-02
 1.00535e-02  1.86132e-02

 1.02953e-02  1.93650e-02
 1.04227e-02  1.87411e-02
 1.04706e-02  1.88847e-02
 1.03223e-02  1.88544e-02
 1.04227e-02  1.87411e-02

 1.07651e-02  1.93650e-02
 1.07651e-02  1.89396e-02
 1.08408e-02  1.90707e-02
 1.06894e-02  1.90707e-02
 1.07651e-02  1.89396e-02

 4.21823e-03  1.99350e-02
 5.68846e-03  2.00413e-02
 5.55225e-03  2.01073e-02
 5.56317e-03  1.99563e-02
 5.68846e-03  2.00413e-02

 4.68594e-03  1.99350e-02
 6.16858e-03  1.98888e-02
 6.03991e-03  1.99685e-02
 6.03520e-03  1.98172e-02
 6.16858e-03  1.98888e-02

 5.15365e-03  1.99350e-02
 6.61668e-03  1.97487e-02
 6.49620e-03  1.98404e-02
 6.47709e-03  1.96902e-02
 6.61668e-03  1.97487e-02

 5.62135e-03  1.99350e-02
 7.03535e-03  1.96239e-02
 6.92359e-03  1.97260e-02
 6.89106e-03  1.95781e-02
 7.03535e-03  1.96239e-02

 6.08906e-03  1.99350e-02
 7.42760e-03  1.95160e-02
 7.32511e-03  1.96274e-02
 7.27989e-03  1.94829e-02
 7.42760e-03  1.95160e-02

 6.55677e-03  1.99350e-02
 7.79707e-03  1.94258e-02
 7.70455e-03  1.95456e-02
 7.64706e-03  1.94055e-02
 7.79707e-03  1.94258e-02

 7.02448e-03  1.99350e-02
 8.14717e-03  1.93536e-02
 8.06557e-03  1.94811e-02
 7.99596e-03  1.93467e-02
 8.14717e-03  1.93536e-02

 7.49219e-03  1.99350e-02
 8.48228e-03  1.92995e-02
 8.41284e-03  1.94340e-02
 8.33108e-03  1.93067e-02
 8.48228e-03  1.92995e-02

 7.95990e-03  1.99350e-02
 8.80528e-03  1.92641e-02
 8.74965e-03  1.94049e-02
 8.65555e-03  1.92863e-02
 8.80528e-03  1.92641e-02

 8.42760e-03  1.99350e-02
 9.12248e-03  1.92482e-02
 9.08246e-03  1.93941e-02
 8.97605e-03  1.92865e-02
 9.12248e-03  1.92482e-02

 8.89531e-03  1.99350e-02
 9.43379e-03  1.92543e-02
 9.41182e-03  1.94041e-02
 9.29310e-03  1.93101e-02
 9.43379e-03  1.92543e-02

 9.36302e-03  1.99350e-02
 9.75446e-03  1.92858e-02
 9.75159e-03  1.94371e-02
 9.62196e-03  1.93590e-02
 9.75446e-03  1.92858e-02

 9.83073e-03  1.99350e-02
 1.00704e-02  1.93492e-02
 1.00908e-02  1.94992e-02
 9.95070e-03  1.94419e-02
 1.00704e-02  1.93492e-02

 1.02984e-02  1.99350e-02
 1.04328e-02  1.94510e-02
 1.04706e-02  1.95976e-02
 1.03248e-02  1.95571e-02
 1.04328e-02  1.94510e-02

 1.07661e-02  1.99350e-02
 1.07661e-02  1.96031e-02
 1.08418e-02  1.97342e-02
 1.06905e-02  1.97342e-02
 1.07661e-02  1.96031e-02

 4.24844e-03  2.05050e-02
 5.72146e-03  2.05649e-02
 5.58741e-03  2.06352e-02
 5.59356e-03  2.04840e-02
 5.72146e-03  2.05649e-02

 4.71406e-03  2.05050e-02
 6.19534e-03  2.04538e-02
 6.06694e-03  2.05340e-02
 6.06172e-03  2.03827e-02
 6.19534e-03  2.04538e-02

 5.17969e-03  2.05050e-02
 6.63735e-03  2.03524e-02
 6.51485e-03  2.04414e-02
 6.49910e-03  2.02908e-02
 6.63735e-03  2.03524e-02

 5.64531e-03  2.05050e-02
 7.05022e-03  2.02627e-02
 6.93391e-03  2.03596e-02
 6.90818e-03  2.02104e-02
 7.05022e-03  2.02627e-02

 6.11094e-03  2.05050e-02
 7.43729e-03  2.01857e-02
 7.32756e-03  2.02900e-02
 7.29213e-03  2.01428e-02
 7.43729e-03  2.01857e-02

 6.57656e-03  2.05050e-02
 7.80226e-03  2.01219e-02
 7.69971e-03  2.02333e-02
 7.65456e-03  2.00888e-02
 7.80226e-03  2.01219e-02

 7.04219e-03  2.05050e-02
 8.14883e-03  2.00714e-02
 8.05439e-03  2.01897e-02
 7.99917e-03  2.00487e-02
 8.14883e-03  2.00714e-02

 7.50781e-03  2.05050e-02
 8.48133e-03  2.00340e-02
 8.39629e-03  2.01592e-02
 8.33037e-03  2.00230e-02
 8.48133e-03  2.00340e-02

 7.97344e-03  2.05050e-02
 8.80263e-03  2.00100e-02
 8.72886e-03  2.01422e-02
 8.65127e-03  2.00122e-02
 8.80263e-03  2.00100e-02

 8.43906e-03  2.05050e-02
 9.11901e-03  2.00002e-02
 9.05887e-03  2.01391e-02
 8.96864e-03  2.00176e-02
 9.11901e-03  2.00002e-02

 8.90469e-03  2.05050e-02
 9.43032e-03  2.00061e-02
 9.38735e-03  2.01512e-02
 9.28314e-03  2.00414e-02
 9.43032e-03  2.00061e-02

 9.37031e-03  2.05050e-02
 9.75145e-03  2.00307e-02
 9.72834e-03  2.01802e-02
 9.61035e-03  2.00854e-02
 9.75145e-03  2.00307e-02

 9.83594e-03  2.05050e-02
 1.00687e-02  2.00776e-02
 1.00724e-02  2.02289e-02
 9.93951e-03  2.01565e-02
 1.00687e-02  2.00776e-02

 1.03016e-02  2.05050e-02
 1.04315e-02  2.01535e-02
 1.04571e-02  2.03027e-02
 1.03151e-02  2.02502e-02
 1.04315e-02  2.01535e-02

 1.07672e-02  2.05050e-02
 1.07672e-02  2.02607e-02
 1.08429e-02  2.03918e-02
 1.06915e-02  2.03918e-02
 1.07672e-02  2.02607e-02

 4.27865e-03  2.10750e-02
 5.63951e-03  2.11011e-02
 5.50699e-03  2.11743e-02
 5.50990e-03  2.10230e-02
 5.63951e-03  2.11011e-02

 4.74219e-03  2.10750e-02
 6.10600e-03  2.10341e-02
 5.97725e-03  2.11137e-02
 5.97270e-03  2.09624e-02
 6.10600e-03  2.10341e-02

 5.20573e-03  2.10750e-02
 6.54336e-03  2.09733e-02
 6.41838e-03  2.10587e-02
 6.40691e-03  2.09078e-02
 6.54336e-03  2.09733e-02

 5.66927e-03  2.10750e-02
 6.95438e-03  2.09201e-02
 6.83329e-03  2.10109e-02
 6.81517e-03  2.08606e-02
 6.95438e-03  2.09201e-02

 6.13281e-03  2.10750e-02
 7.34231e-03  2.08747e-02
 7.22535e-03  2.09708e-02
 7.20062e-03  2.08215e-02
 7.34231e-03  2.08747e-02

 6.59635e-03  2.10750e-02
 7.71079e-03  2.08376e-02
 7.59835e-03  2.09389e-02
 7.56681e-03  2.07909e-02
 7.71079e-03  2.08376e-02

 7.05990e-03  2.10750e-02
 8.06316e-03  2.08084e-02
 7.95590e-03  2.09152e-02
 7.91703e-03  2.07689e-02
 8.06316e-03  2.08084e-02

 7.52344e-03  2.10750e-02
 8.40364e-03  2.07871e-02
 8.30257e-03  2.08998e-02
 8.25552e-03  2.07559e-02
 8.40364e-03  2.07871e-02

 7.98698e-03  2.10750e-02
 8.73469e-03  2.07738e-02
 8.64138e-03  2.08930e-02
 8.58481e-03  2.07526e-02
 8.73469e-03  2.07738e-02

 8.45052e-03  2.10750e-02
 9.06207e-03  2.07689e-02
 8.97872e-03  2.08953e-02
 8.91097e-03  2.07599e-02
 9.06207e-03  2.07689e-02

 8.91406e-03  2.10750e-02
 9.38547e-03  2.07734e-02
 9.31584e-03  2.09078e-02
 9.23426e-03  2.07803e-02
 9.38547e-03  2.07734e-02

 9.37760e-03  2.10750e-02
 9.71857e-03  2.07897e-02
 9.66661e-03  2.09319e-02
 9.56947e-03  2.08158e-02
 9.71857e-03  2.07897e-02

 9.84115e-03  2.10750e-02
 1.00487e-02  2.08191e-02
 1.00249e-02  2.09686e-02
 9.90731e-03  2.08733e-02
 1.00487e-02  2.08191e-02

 1.03047e-02  2.10750e-02
 1.04211e-02  2.08681e-02
 1.04228e-02  2.10195e-02
 1.02908e-02  2.09453e-02
 1.04211e-02  2.08681e-02

 1.07682e-02  2.10750e-02
 1.07682e-02  2.09297e-02
 1.08439e-02  2.10608e-02
 1.06925e-02  2.10608e-02
 1.07682e-02  2.09297e-02

 4.30885e-03  2.16450e-02
 5.43911e-03  2.16440e-02
 5.30809e-03  2.17198e-02
 5.30796e-03  2.15684e-02
 5.43911e-03  2.16440e-02

 4.77031e-03  2.16450e-02
 5.89686e-03  2.16080e-02
 5.76833e-03  2.16879e-02
 5.76336e-03  2.15366e-02
 5.89686e-03  2.16080e-02

 5.23177e-03  2.16450e-02
 6.33092e-03  2.15756e-02
 6.20486e-03  2.16594e-02
 6.19533e-03  2.15083e-02
 6.33092e-03  2.15756e-02

 5.69323e-03  2.16450e-02
 6.74387e-03  2.15475e-02
 6.62034e-03  2.16349e-02
 6.60634e-03  2.14842e-02
 6.74387e-03  2.15475e-02

 6.15469e-03  2.16450e-02
 7.13872e-03  2.15238e-02
 7.01787e-03  2.16149e-02
 6.99937e-03  2.14647e-02
 7.13872e-03  2.15238e-02

 6.61615e-03  2.16450e-02
 7.51860e-03  2.15045e-02
 7.40071e-03  2.15995e-02
 7.37743e-03  2.14499e-02
 7.51860e-03  2.15045e-02

 7.07760e-03  2.16450e-02
 7.88628e-03  2.14896e-02
 7.77183e-03  2.15886e-02
 7.74327e-03  2.14400e-02
 7.88628e-03  2.14896e-02

 7.53906e-03  2.16450e-02
 8.24519e-03  2.14789e-02
 8.13492e-03  2.15826e-02
 8.10025e-03  2.14352e-02
 8.24519e-03  2.14789e-02

 8.00052e-03  2.16450e-02
 8.59722e-03  2.14723e-02
 8.49234e-03  2.15814e-02
 8.45026e-03  2.14360e-02
 8.59722e-03  2.14723e-02

 8.46198e-03  2.16450e-02
 8.94710e-03  2.14703e-02
 8.84942e-03  2.15859e-02
 8.79812e-03  2.14435e-02
 8.94710e-03  2.14703e-02

 8.92344e-03  2.16450e-02
 9.29421e-03  2.14730e-02
 9.20715e-03  2.15968e-02
 9.14345e-03  2.14595e-02
 9.29421e-03  2.14730e-02

 9.38490e-03  2.16450e-02
 9.65023e-03  2.14823e-02
 9.57804e-03  2.16154e-02
 9.49892e-03  2.14863e-02
 9.65023e-03  2.14823e-02

 9.84635e-03  2.16450e-02
 1.00046e-02  2.14976e-02
 9.96023e-03  2.16423e-02
 9.85705e-03  2.15316e-02
 1.00046e-02  2.14976e-02

 1.03078e-02  2.16450e-02
 1.03949e-02  2.15253e-02
 1.03789e-02  2.16759e-02
 1.02566e-02  2.15868e-02
 1.03949e-02  2.15253e-02

 1.07693e-02  2.16450e-02
 1.07693e-02  2.15550e-02
 1.08450e-02  2.16861e-02
 1.06936e-02  2.16861e-02
 1.07693e-02  2.15550e-02

 4.33906e-03  2.22150e-02
 5.04281e-03  2.22150e-02
 4.91172e-03  2.22907e-02
 4.91172e-03  2.21393e-02
 5.04281e-03  2.22150e-02

 4.79844e-03  2.22150e-02
 5.49762e-03  2.22150e-02
 5.36654e-03  2.22907e-02
 5.36654e-03  2.21393e-02
 5.49762e-03  2.22150e-02

 5.25781e-03  2.22150e-02
 5.93800e-03  2.22150e-02
 5.80691e-03  2.22907e-02
 5.80691e-03  2.21393e-02
 5.93800e-03  2.22150e-02

 5.71719e-03  2.22150e-02
 6.36573e-03  2.22150e-02
 6.23465e-03  2.22907e-02
 6.23465e-03  2.21393e-02
 6.36573e-03  2.22150e-02

 6.17656e-03  2.22150e-02
 6.78269e-03  2.22150e-02
 6.65160e-03  2.22907e-02
 6.65160e-03  2.21393e-02
 6.78269e-03  2.22150e-02

 6.63594e-03  2.22150e-02
 7.19087e-03  2.22150e-02
 7.05978e-03  2.22907e-02
 7.05978e-03  2.21393e-02
 7.19087e-03  2.22150e-02

 7.09531e-03  2.22150e-02
 7.59200e-03  2.22150e-02
 7.46091e-03  2.22907e-02
 7.46091e-03  2.21393e-02
 7.59200e-03  2.22150e-02

 7.55469e-03  2.22150e-02
 7.98819e-03  2.22150e-02
 7.85710e-03  2.22907e-02
 7.85710e-03  2.21393e-02
 7.98819e-03  2.22150e-02

 8.01406e-03  2.22150e-02
 8.38044e-03  2.22150e-02
 8.24935e-03  2.22907e-02
 8.24935e-03  2.21393e-02
 8.38044e-03  2.22150e-02

 8.47344e-03  2.22150e-02
 8.77174e-03  2.22150e-02
 8.64066e-03  2.22907e-02
 8.64066e-03  2.21393e-02
 8.77174e-03  2.22150e-02

 8.93281e-03  2.22150e-02
 9.16125e-03  2.22150e-02
 9.03016e-03  2.22907e-02
 9.03016e-03  2.21393e-02
 9.16125e-03  2.22150e-02

 9.39219e-03  2.22150e-02
 9.55676e-03  2.22150e-02
 9.42567e-03  2.22907e-02
 9.42567e-03  2.21393e-02
 9.55676e-03  2.22150e-02

 9.85156e-03  2.22150e-02
 9.95013e-03  2.22150e-02
 9.81905e-03  2.22907e-02
 9.81905e-03  2.21393e-02
 9.95013e-03  2.22150e-02

 1.03109e-02  2.22150e-02
 1.03674e-02  2.22150e-02
 1.02363e-02  2.22907e-02
 1.02363e-02  2.21393e-02
 1.03674e-02  2.22150e-02

 1.07703e-02  2.22150e-02
 1.07703e-02  2.22150e-02
 1.06392e-02  2.22907e-02
 1.06392e-02  2.21393e-02
 1.07703e-02  2.22150e-02

