#[ Fluid velocity 2D plot data file: flw.dat ]
 1.95313e-04  1.13850e-02
 1.85899e-04  1.14010e-02
 1.87165e-04  1.12496e-02
 3.17615e-04  1.13264e-02
 1.85899e-04  1.14010e-02

 5.85937e-04  1.13850e-02
 4.93975e-04  1.13996e-02
 6.11612e-04  1.13043e-02
 6.35286e-04  1.14538e-02
 4.93975e-04  1.13996e-02

 9.76562e-04  1.13850e-02
 8.45426e-04  1.13994e-02
 9.67483e-04  1.13099e-02
 9.83982e-04  1.14603e-02
 8.45426e-04  1.13994e-02

 1.36719e-03  1.13850e-02
 1.17971e-03  1.13987e-02
 1.30492e-03  1.13137e-02
 1.31598e-03  1.14646e-02
 1.17971e-03  1.13987e-02

 1.75781e-03  1.13850e-02
 1.52518e-03  1.13981e-02
 1.65179e-03  1.13152e-02
 1.66033e-03  1.14663e-02
 1.52518e-03  1.13981e-02

 2.14844e-03  1.13850e-02
 1.86942e-03  1.13973e-02
 1.99705e-03  1.13159e-02
 2.00372e-03  1.14671e-02
 1.86942e-03  1.13973e-02

 2.53906e-03  1.13850e-02
 2.21897e-03  1.13963e-02
 2.34730e-03  1.13161e-02
 2.35265e-03  1.14673e-02
 2.21897e-03  1.13963e-02

 2.92969e-03  1.13850e-02
 2.57190e-03  1.13952e-02
 2.70079e-03  1.13158e-02
 2.70508e-03  1.14671e-02
 2.57190e-03  1.13952e-02

 3.32031e-03  1.13850e-02
 2.92993e-03  1.13939e-02
 3.05927e-03  1.13152e-02
 3.06270e-03  1.14665e-02
 2.92993e-03  1.13939e-02

 1.97049e-04  1.19550e-02
 1.82965e-04  1.21389e-02
 1.17510e-04  1.20025e-02
 2.68435e-04  1.20140e-02
 1.82965e-04  1.21389e-02

 5.91146e-04  1.19550e-02
 4.33702e-04  1.21266e-02
 4.66565e-04  1.19788e-02
 5.78094e-04  1.20812e-02
 4.33702e-04  1.21266e-02

 9.85243e-04  1.19550e-02
 7.57595e-04  1.21224e-02
 8.18362e-04  1.19838e-02
 9.08039e-04  1.21057e-02
 7.57595e-04  1.21224e-02

 1.37934e-03  1.19550e-02
 1.05211e-03  1.21155e-02
 1.13648e-03  1.19898e-02
 1.20313e-03  1.21257e-02
 1.05211e-03  1.21155e-02

 1.77344e-03  1.19550e-02
 1.36615e-03  1.21079e-02
 1.46226e-03  1.19910e-02
 1.51547e-03  1.21327e-02
 1.36615e-03  1.21079e-02

 2.16753e-03  1.19550e-02
 1.67865e-03  1.20980e-02
 1.78323e-03  1.19885e-02
 1.82571e-03  1.21338e-02
 1.67865e-03  1.20980e-02

 2.56163e-03  1.19550e-02
 2.00094e-03  1.20861e-02
 2.11135e-03  1.19825e-02
 2.14581e-03  1.21299e-02
 2.00094e-03  1.20861e-02

 2.95573e-03  1.19550e-02
 2.32974e-03  1.20722e-02
 2.44467e-03  1.19737e-02
 2.47252e-03  1.21224e-02
 2.32974e-03  1.20722e-02

 3.34983e-03  1.19550e-02
 2.66808e-03  1.20565e-02
 2.78659e-03  1.19623e-02
 2.80888e-03  1.21120e-02
 2.66808e-03  1.20565e-02

 1.98785e-04  1.25250e-02
 1.82325e-04  1.28429e-02
 1.13521e-04  1.27081e-02
 2.64685e-04  1.27159e-02
 1.82325e-04  1.28429e-02

 5.96354e-04  1.25250e-02
 4.10370e-04  1.28329e-02
 4.13354e-04  1.26816e-02
 5.42924e-04  1.27599e-02
 4.10370e-04  1.28329e-02

 9.93924e-04  1.25250e-02
 7.19579e-04  1.28246e-02
 7.52295e-04  1.26768e-02
 8.63926e-04  1.27790e-02
 7.19579e-04  1.28246e-02

 1.39149e-03  1.25250e-02
 9.95714e-04  1.28123e-02
 1.05733e-03  1.26741e-02
 1.14626e-03  1.27966e-02
 9.95714e-04  1.28123e-02

 1.78906e-03  1.25250e-02
 1.29471e-03  1.27968e-02
 1.37311e-03  1.26673e-02
 1.44604e-03  1.28000e-02
 1.29471e-03  1.27968e-02

 2.18663e-03  1.25250e-02
 1.59311e-03  1.27771e-02
 1.68418e-03  1.26562e-02
 1.74335e-03  1.27955e-02
 1.59311e-03  1.27771e-02

 2.58420e-03  1.25250e-02
 1.90390e-03  1.27534e-02
 2.00408e-03  1.26400e-02
 2.05226e-03  1.27834e-02
 1.90390e-03  1.27534e-02

 2.98177e-03  1.25250e-02
 2.22350e-03  1.27261e-02
 2.33081e-03  1.26193e-02
 2.36961e-03  1.27656e-02
 2.22350e-03  1.27261e-02

 3.37934e-03  1.25250e-02
 2.55530e-03  1.26955e-02
 2.66834e-03  1.25948e-02
 2.69900e-03  1.27430e-02
 2.55530e-03  1.26955e-02

 2.00521e-04  1.30950e-02
 1.82961e-04  1.35943e-02
 1.11932e-04  1.34606e-02
 2.63205e-04  1.34659e-02
 1.82961e-04  1.35943e-02

 6.01563e-04  1.30950e-02
 4.03181e-04  1.35888e-02
 3.81823e-04  1.34389e-02
 5.22278e-04  1.34954e-02
 4.03181e-04  1.35888e-02

 1.00260e-03  1.30950e-02
 7.08226e-04  1.35754e-02
 7.12184e-04  1.34241e-02
 8.41248e-04  1.35032e-02
 7.08226e-04  1.35754e-02

 1.40365e-03  1.30950e-02
 9.78100e-04  1.35562e-02
 1.01138e-03  1.34085e-02
 1.12262e-03  1.35112e-02
 9.78100e-04  1.35562e-02

 1.80469e-03  1.30950e-02
 1.27243e-03  1.35295e-02
 1.32611e-03  1.33880e-02
 1.42184e-03  1.35053e-02
 1.27243e-03  1.35295e-02

 2.20573e-03  1.30950e-02
 1.56664e-03  1.34962e-02
 1.63742e-03  1.33624e-02
 1.71791e-03  1.34906e-02
 1.56664e-03  1.34962e-02

 2.60677e-03  1.30950e-02
 1.87472e-03  1.34564e-02
 1.95877e-03  1.33305e-02
 2.02577e-03  1.34662e-02
 1.87472e-03  1.34564e-02

 3.00781e-03  1.30950e-02
 2.19285e-03  1.34106e-02
 2.28776e-03  1.32927e-02
 2.34243e-03  1.34338e-02
 2.19285e-03  1.34106e-02

 3.40885e-03  1.30950e-02
 2.52487e-03  1.33596e-02
 2.62875e-03  1.32495e-02
 2.67216e-03  1.33945e-02
 2.52487e-03  1.33596e-02

 2.02257e-04  1.36650e-02
 1.85058e-04  1.43292e-02
 1.12793e-04  1.41962e-02
 2.64109e-04  1.42001e-02
 1.85058e-04  1.43292e-02

 6.06771e-04  1.36650e-02
 4.12143e-04  1.43298e-02
 3.76338e-04  1.41828e-02
 5.21608e-04  1.42253e-02
 4.12143e-04  1.43298e-02

 1.01128e-03  1.36650e-02
 7.22038e-04  1.43123e-02
 7.06421e-04  1.41617e-02
 8.44617e-04  1.42235e-02
 7.22038e-04  1.43123e-02

 1.41580e-03  1.36650e-02
 9.96974e-04  1.42866e-02
 1.00746e-03  1.41356e-02
 1.13299e-03  1.42202e-02
 9.96974e-04  1.42866e-02

 1.82031e-03  1.36650e-02
 1.29619e-03  1.42489e-02
 1.32744e-03  1.41008e-02
 1.44008e-03  1.42019e-02
 1.29619e-03  1.42489e-02

 2.22483e-03  1.36650e-02
 1.59551e-03  1.42019e-02
 1.64612e-03  1.40592e-02
 1.74436e-03  1.41744e-02
 1.59551e-03  1.42019e-02

 2.62934e-03  1.36650e-02
 1.90898e-03  1.41454e-02
 1.97604e-03  1.40097e-02
 2.06003e-03  1.41357e-02
 1.90898e-03  1.41454e-02

 3.03385e-03  1.36650e-02
 2.23290e-03  1.40810e-02
 2.31434e-03  1.39535e-02
 2.38411e-03  1.40878e-02
 2.23290e-03  1.40810e-02

 3.43837e-03  1.36650e-02
 2.57088e-03  1.40096e-02
 2.66477e-03  1.38909e-02
 2.72065e-03  1.40316e-02
 2.57088e-03  1.40096e-02

 2.03993e-04  1.42350e-02
 1.88264e-04  1.50621e-02
 1.15087e-04  1.49296e-02
 2.66426e-04  1.49324e-02
 1.88264e-04  1.50621e-02

 6.11979e-04  1.42350e-02
 4.34025e-04  1.50685e-02
 3.87380e-04  1.49245e-02
 5.35411e-04  1.49561e-02
 4.34025e-04  1.50685e-02

 1.01997e-03  1.42350e-02
 7.55557e-04  1.50470e-02
 7.24181e-04  1.48989e-02
 8.68109e-04  1.49458e-02
 7.55557e-04  1.50470e-02

 1.42795e-03  1.42350e-02
 1.04464e-03  1.50148e-02
 1.03455e-03  1.48638e-02
 1.17039e-03  1.49306e-02
 1.04464e-03  1.50148e-02

 1.83594e-03  1.42350e-02
 1.35622e-03  1.49660e-02
 1.36487e-03  1.48149e-02
 1.49142e-03  1.48979e-02
 1.35622e-03  1.49660e-02

 2.24392e-03  1.42350e-02
 1.66794e-03  1.49050e-02
 1.69601e-03  1.47562e-02
 1.81079e-03  1.48549e-02
 1.66794e-03  1.49050e-02

 2.65191e-03  1.42350e-02
 1.99299e-03  1.48316e-02
 2.03936e-03  1.46876e-02
 2.14096e-03  1.47998e-02
 1.99299e-03  1.48316e-02

 3.05990e-03  1.42350e-02
 2.32790e-03  1.47482e-02
 2.39178e-03  1.46110e-02
 2.47868e-03  1.47350e-02
 2.32790e-03  1.47482e-02

 3.46788e-03  1.42350e-02
 2.67616e-03  1.46561e-02
 2.75636e-03  1.45277e-02
 2.82743e-03  1.46613e-02
 2.67616e-03  1.46561e-02

 2.05729e-04  1.48050e-02
 1.92458e-04  1.57696e-02
 1.18585e-04  1.56375e-02
 2.69938e-04  1.56396e-02
 1.92458e-04  1.57696e-02

 6.17187e-04  1.48050e-02
 4.67016e-04  1.57810e-02
 4.12148e-04  1.56399e-02
 5.61754e-04  1.56630e-02
 4.67016e-04  1.57810e-02

 1.02865e-03  1.48050e-02
 8.05675e-04  1.57563e-02
 7.61901e-04  1.56114e-02
 9.09275e-04  1.56460e-02
 8.05675e-04  1.57563e-02

 1.44010e-03  1.48050e-02
 1.11650e-03  1.57185e-02
 1.08893e-03  1.55697e-02
 1.23161e-03  1.56202e-02
 1.11650e-03  1.57185e-02

 1.85156e-03  1.48050e-02
 1.44653e-03  1.56597e-02
 1.43428e-03  1.55088e-02
 1.57106e-03  1.55736e-02
 1.44653e-03  1.56597e-02

 2.26302e-03  1.48050e-02
 1.77669e-03  1.55861e-02
 1.78173e-03  1.54348e-02
 1.91022e-03  1.55148e-02
 1.77669e-03  1.55861e-02

 2.67448e-03  1.48050e-02
 2.11837e-03  1.54975e-02
 2.14144e-03  1.53479e-02
 2.25946e-03  1.54427e-02
 2.11837e-03  1.54975e-02

 3.08594e-03  1.48050e-02
 2.46864e-03  1.53970e-02
 2.51087e-03  1.52516e-02
 2.61564e-03  1.53609e-02
 2.46864e-03  1.53970e-02

 3.49740e-03  1.48050e-02
 2.83053e-03  1.52861e-02
 2.89256e-03  1.51480e-02
 2.98112e-03  1.52708e-02
 2.83053e-03  1.52861e-02

 2.07465e-04  1.53750e-02
 1.97399e-04  1.64509e-02
 1.22945e-04  1.63191e-02
 2.74305e-04  1.63205e-02
 1.97399e-04  1.64509e-02

 6.22396e-04  1.53750e-02
 5.08538e-04  1.64663e-02
 4.46866e-04  1.63280e-02
 5.97416e-04  1.63438e-02
 5.08538e-04  1.64663e-02

 1.03733e-03  1.53750e-02
 8.68333e-04  1.64390e-02
 8.14148e-04  1.62977e-02
 9.63641e-04  1.63214e-02
 8.68333e-04  1.64390e-02

 1.45226e-03  1.53750e-02
 1.20666e-03  1.63964e-02
 1.16372e-03  1.62513e-02
 1.31089e-03  1.62867e-02
 1.20666e-03  1.63964e-02

 1.86719e-03  1.53750e-02
 1.55971e-03  1.63292e-02
 1.52788e-03  1.61812e-02
 1.67195e-03  1.62277e-02
 1.55971e-03  1.63292e-02

 2.28212e-03  1.53750e-02
 1.91282e-03  1.62448e-02
 1.89438e-03  1.60946e-02
 2.03371e-03  1.61537e-02
 1.91282e-03  1.62448e-02

 2.69705e-03  1.53750e-02
 2.27492e-03  1.61433e-02
 2.27171e-03  1.59919e-02
 2.40437e-03  1.60648e-02
 2.27492e-03  1.61433e-02

 3.11198e-03  1.53750e-02
 2.64373e-03  1.60281e-02
 2.65860e-03  1.58774e-02
 2.78162e-03  1.59656e-02
 2.64373e-03  1.60281e-02

 3.52691e-03  1.53750e-02
 3.02164e-03  1.59013e-02
 3.05783e-03  1.57543e-02
 3.16702e-03  1.58591e-02
 3.02164e-03  1.59013e-02

 2.09201e-04  1.59450e-02
 2.02895e-04  1.70971e-02
 1.27931e-04  1.69656e-02
 2.79295e-04  1.69664e-02
 2.02895e-04  1.70971e-02

 6.27604e-04  1.59450e-02
 5.56335e-04  1.71151e-02
 4.88762e-04  1.69796e-02
 6.39849e-04  1.69888e-02
 5.56335e-04  1.71151e-02

 1.04601e-03  1.59450e-02
 9.40156e-04  1.70862e-02
 8.76903e-04  1.69486e-02
 1.02762e-03  1.69626e-02
 9.40156e-04  1.70862e-02

 1.46441e-03  1.59450e-02
 1.31021e-03  1.70400e-02
 1.25355e-03  1.68996e-02
 1.40344e-03  1.69207e-02
 1.31021e-03  1.70400e-02

 1.88281e-03  1.59450e-02
 1.68959e-03  1.69665e-02
 1.63958e-03  1.68236e-02
 1.78831e-03  1.68518e-02
 1.68959e-03  1.69665e-02

 2.30122e-03  1.59450e-02
 2.06900e-03  1.68740e-02
 2.02737e-03  1.67285e-02
 2.17422e-03  1.67652e-02
 2.06900e-03  1.68740e-02

 2.71962e-03  1.59450e-02
 2.45426e-03  1.67626e-02
 2.42274e-03  1.66146e-02
 2.56671e-03  1.66613e-02
 2.45426e-03  1.67626e-02

 3.13802e-03  1.59450e-02
 2.84394e-03  1.66363e-02
 2.82561e-03  1.64861e-02
 2.96490e-03  1.65453e-02
 2.84394e-03  1.66363e-02

 3.55642e-03  1.59450e-02
 3.23963e-03  1.64975e-02
 3.23918e-03  1.63461e-02
 3.37049e-03  1.64214e-02
 3.23963e-03  1.64975e-02

 2.10937e-04  1.65150e-02
 2.08735e-04  1.77060e-02
 1.33294e-04  1.75748e-02
 2.84660e-04  1.75751e-02
 2.08735e-04  1.77060e-02

 6.32812e-04  1.65150e-02
 6.08028e-04  1.77256e-02
 5.35043e-04  1.75929e-02
 6.86379e-04  1.75960e-02
 6.08028e-04  1.77256e-02

 1.05469e-03  1.65150e-02
 1.01761e-03  1.76957e-02
 9.46074e-04  1.75623e-02
 1.09737e-03  1.75671e-02
 1.01761e-03  1.76957e-02

 1.47656e-03  1.65150e-02
 1.42207e-03  1.76475e-02
 1.35277e-03  1.75129e-02
 1.50397e-03  1.75202e-02
 1.42207e-03  1.76475e-02

 1.89844e-03  1.65150e-02
 1.82984e-03  1.75700e-02
 1.76282e-03  1.74343e-02
 1.91387e-03  1.74441e-02
 1.82984e-03  1.75700e-02

 2.32031e-03  1.65150e-02
 2.23767e-03  1.74724e-02
 2.17354e-03  1.73353e-02
 2.32435e-03  1.73483e-02
 2.23767e-03  1.74724e-02

 2.74219e-03  1.65150e-02
 2.64781e-03  1.73547e-02
 2.58724e-03  1.72160e-02
 2.73766e-03  1.72329e-02
 2.64781e-03  1.73547e-02

 3.16406e-03  1.65150e-02
 3.05982e-03  1.72213e-02
 3.00409e-03  1.70806e-02
 3.15383e-03  1.71027e-02
 3.05982e-03  1.72213e-02

 3.58594e-03  1.65150e-02
 3.47433e-03  1.70749e-02
 3.42574e-03  1.69315e-02
 3.57418e-03  1.69611e-02
 3.47433e-03  1.70749e-02

 2.12674e-04  1.70850e-02
 2.14724e-04  1.82757e-02
 1.38815e-04  1.81447e-02
 2.90182e-04  1.81444e-02
 2.14724e-04  1.82757e-02

 6.38021e-04  1.70850e-02
 6.61402e-04  1.82953e-02
 5.83201e-04  1.81657e-02
 7.34540e-04  1.81627e-02
 6.61402e-04  1.82953e-02

 1.06337e-03  1.70850e-02
 1.09746e-03  1.82654e-02
 1.01802e-03  1.81366e-02
 1.16933e-03  1.81322e-02
 1.09746e-03  1.82654e-02

 1.48872e-03  1.70850e-02
 1.53759e-03  1.82163e-02
 1.45632e-03  1.80886e-02
 1.60754e-03  1.80821e-02
 1.53759e-03  1.82163e-02

 1.91406e-03  1.70850e-02
 1.97469e-03  1.81375e-02
 1.89159e-03  1.80109e-02
 2.04271e-03  1.80022e-02
 1.97469e-03  1.81375e-02

 2.33941e-03  1.70850e-02
 2.41193e-03  1.80379e-02
 2.32652e-03  1.79130e-02
 2.47745e-03  1.79015e-02
 2.41193e-03  1.80379e-02

 2.76476e-03  1.70850e-02
 2.84774e-03  1.79179e-02
 2.75944e-03  1.77950e-02
 2.91006e-03  1.77800e-02
 2.84774e-03  1.79179e-02

 3.19010e-03  1.70850e-02
 3.28271e-03  1.77819e-02
 3.19042e-03  1.76619e-02
 3.34047e-03  1.76420e-02
 3.28271e-03  1.77819e-02

 3.61545e-03  1.70850e-02
 3.71646e-03  1.76327e-02
 3.61826e-03  1.75175e-02
 3.76711e-03  1.74901e-02
 3.71646e-03  1.76327e-02

 2.14410e-04  1.76550e-02
 2.20663e-04  1.88060e-02
 1.44268e-04  1.86753e-02
 2.95633e-04  1.86745e-02
 2.20663e-04  1.88060e-02

 6.43229e-04  1.76550e-02
 7.14212e-04  1.88245e-02
 6.30725e-04  1.86982e-02
 7.81814e-04  1.86890e-02
 7.14212e-04  1.88245e-02

 1.07205e-03  1.76550e-02
 1.17647e-03  1.87954e-02
 1.08915e-03  1.86718e-02
 1.23988e-03  1.86580e-02
 1.17647e-03  1.87954e-02

 1.50087e-03  1.76550e-02
 1.65204e-03  1.87468e-02
 1.55909e-03  1.86273e-02
 1.70903e-03  1.86066e-02
 1.65204e-03  1.87468e-02

 1.92969e-03  1.76550e-02
 2.11825e-03  1.86692e-02
 2.01988e-03  1.85542e-02
 2.16869e-03  1.85265e-02
 2.11825e-03  1.86692e-02

 2.35851e-03  1.76550e-02
 2.58469e-03  1.85710e-02
 2.47979e-03  1.84619e-02
 2.62674e-03  1.84256e-02
 2.58469e-03  1.85710e-02

 2.78733e-03  1.76550e-02
 3.04594e-03  1.84527e-02
 2.93352e-03  1.83513e-02
 3.07751e-03  1.83047e-02
 3.04594e-03  1.84527e-02

 3.21615e-03  1.76550e-02
 3.50358e-03  1.83186e-02
 3.38204e-03  1.82284e-02
 3.52093e-03  1.81683e-02
 3.50358e-03  1.83186e-02

 3.64497e-03  1.76550e-02
 3.95620e-03  1.81718e-02
 3.82374e-03  1.80985e-02
 3.95340e-03  1.80204e-02
 3.95620e-03  1.81718e-02

 2.16146e-04  1.82250e-02
 2.26369e-04  1.92996e-02
 1.49442e-04  1.91692e-02
 3.00802e-04  1.91678e-02
 2.26369e-04  1.92996e-02

 6.48438e-04  1.82250e-02
 7.64347e-04  1.93154e-02
 6.75230e-04  1.91930e-02
 8.25749e-04  1.91770e-02
 7.64347e-04  1.93154e-02

 1.08073e-03  1.82250e-02
 1.25157e-03  1.92878e-02
 1.15604e-03  1.91704e-02
 1.30549e-03  1.91464e-02
 1.25157e-03  1.92878e-02

 1.51302e-03  1.82250e-02
 1.76092e-03  1.92411e-02
 1.65633e-03  1.91317e-02
 1.80338e-03  1.90958e-02
 1.76092e-03  1.92411e-02

 1.94531e-03  1.82250e-02
 2.25485e-03  1.91672e-02
 2.14203e-03  1.90663e-02
 2.28584e-03  1.90190e-02
 2.25485e-03  1.91672e-02

 2.37760e-03  1.82250e-02
 2.74908e-03  1.90735e-02
 2.62718e-03  1.89838e-02
 2.76584e-03  1.89231e-02
 2.74908e-03  1.90735e-02

 2.80990e-03  1.82250e-02
 3.23444e-03  1.89608e-02
 3.10337e-03  1.88850e-02
 3.23448e-03  1.88094e-02
 3.23444e-03  1.89608e-02

 3.24219e-03  1.82250e-02
 3.71349e-03  1.88332e-02
 3.57337e-03  1.87760e-02
 3.69302e-03  1.86832e-02
 3.71349e-03  1.88332e-02

 3.67448e-03  1.82250e-02
 4.18378e-03  1.86937e-02
 4.03607e-03  1.86606e-02
 4.13856e-03  1.85492e-02
 4.18378e-03  1.86937e-02

 2.17882e-04  1.87950e-02
 2.31629e-04  1.97586e-02
 1.54083e-04  1.96286e-02
 3.05435e-04  1.96264e-02
 2.31629e-04  1.97586e-02

 6.53646e-04  1.87950e-02
 8.09440e-04  1.97706e-02
 7.14033e-04  1.96531e-02
 8.63506e-04  1.96293e-02
 8.09440e-04  1.97706e-02

 1.08941e-03  1.87950e-02
 1.31930e-03  1.97451e-02
 1.21491e-03  1.96354e-02
 1.36203e-03  1.95998e-02
 1.31930e-03  1.97451e-02

 1.52517e-03  1.87950e-02
 1.85913e-03  1.97016e-02
 1.74280e-03  1.96048e-02
 1.88484e-03  1.95524e-02
 1.85913e-03  1.97016e-02

 1.96094e-03  1.87950e-02
 2.37801e-03  1.96338e-02
 2.25188e-03  1.95501e-02
 2.38742e-03  1.94827e-02
 2.37801e-03  1.96338e-02

 2.39670e-03  1.87950e-02
 2.89718e-03  1.95479e-02
 2.76158e-03  1.94806e-02
 2.88764e-03  1.93968e-02
 2.89718e-03  1.95479e-02

 2.83247e-03  1.87950e-02
 3.40406e-03  1.94448e-02
 3.26066e-03  1.93964e-02
 3.37431e-03  1.92964e-02
 3.40406e-03  1.94448e-02

 3.26823e-03  1.87950e-02
 3.90210e-03  1.93283e-02
 3.75307e-03  1.93018e-02
 3.85051e-03  1.91860e-02
 3.90210e-03  1.93283e-02

 3.70399e-03  1.87950e-02
 4.38789e-03  1.92010e-02
 4.23654e-03  1.91991e-02
 4.31380e-03  1.90690e-02
 4.38789e-03  1.92010e-02

 2.19618e-04  1.93650e-02
 2.36270e-04  2.01911e-02
 1.57960e-04  2.00615e-02
 3.09296e-04  2.00585e-02
 2.36270e-04  2.01911e-02

 6.58854e-04  1.93650e-02
 8.47359e-04  2.01977e-02
 7.44602e-04  2.00866e-02
 8.92233e-04  2.00532e-02
 8.47359e-04  2.01977e-02

 1.09809e-03  1.93650e-02
 1.37643e-03  2.01747e-02
 1.26225e-03  2.00754e-02
 1.40539e-03  2.00262e-02
 1.37643e-03  2.01747e-02

 1.53733e-03  1.93650e-02
 1.94177e-03  2.01356e-02
 1.81384e-03  2.00547e-02
 1.94787e-03  1.99844e-02
 1.94177e-03  2.01356e-02

 1.97656e-03  1.93650e-02
 2.48146e-03  2.00760e-02
 2.34386e-03  2.00129e-02
 2.46727e-03  1.99253e-02
 2.48146e-03  2.00760e-02

 2.41580e-03  1.93650e-02
 3.02124e-03  2.00005e-02
 2.87603e-03  1.99578e-02
 2.98562e-03  1.98534e-02
 3.02124e-03  2.00005e-02

 2.85503e-03  1.93650e-02
 3.54575e-03  1.99104e-02
 3.39597e-03  1.98885e-02
 3.48977e-03  1.97697e-02
 3.54575e-03  1.99104e-02

 3.29427e-03  1.93650e-02
 4.05913e-03  1.98085e-02
 3.90776e-03  1.98083e-02
 3.98370e-03  1.96773e-02
 4.05913e-03  1.98085e-02

 3.73351e-03  1.93650e-02
 4.55725e-03  1.96976e-02
 4.40736e-03  1.97187e-02
 4.46403e-03  1.95784e-02
 4.55725e-03  1.96976e-02

 2.21354e-04  1.99350e-02
 2.39992e-04  2.05992e-02
 1.60661e-04  2.04702e-02
 3.11969e-04  2.04660e-02
 2.39992e-04  2.05992e-02

 6.64062e-04  1.99350e-02
 8.75000e-04  2.05996e-02
 7.63207e-04  2.04976e-02
 9.07481e-04  2.04518e-02
 8.75000e-04  2.05996e-02

 1.10677e-03  1.99350e-02
 1.41814e-03  2.05801e-02
 1.29300e-03  2.04949e-02
 1.42932e-03  2.04291e-02
 1.41814e-03  2.05801e-02

 1.54948e-03  1.99350e-02
 2.00173e-03  2.05468e-02
 1.86294e-03  2.04863e-02
 1.98466e-03  2.03964e-02
 2.00173e-03  2.05468e-02

 1.99219e-03  1.99350e-02
 2.55611e-03  2.04978e-02
 2.40986e-03  2.04587e-02
 2.51679e-03  2.03516e-02
 2.55611e-03  2.04978e-02

 2.43490e-03  1.99350e-02
 3.11029e-03  2.04357e-02
 2.95991e-03  2.04185e-02
 3.05006e-03  2.02969e-02
 3.11029e-03  2.04357e-02

 2.87760e-03  1.99350e-02
 3.64693e-03  2.03619e-02
 3.49558e-03  2.03645e-02
 3.56903e-03  2.02322e-02
 3.64693e-03  2.03619e-02

 3.32031e-03  1.99350e-02
 4.17069e-03  2.02788e-02
 4.02079e-03  2.02998e-02
 4.07752e-03  2.01595e-02
 4.17069e-03  2.02788e-02

 3.76302e-03  1.99350e-02
 4.67682e-03  2.01884e-02
 4.53028e-03  2.02263e-02
 4.57073e-03  2.00804e-02
 4.67682e-03  2.01884e-02

 2.23090e-04  2.05050e-02
 2.42682e-04  2.10014e-02
 1.61887e-04  2.08734e-02
 3.13137e-04  2.08674e-02
 2.42682e-04  2.10014e-02

 6.69271e-04  2.05050e-02
 8.90304e-04  2.09948e-02
 7.67399e-04  2.09064e-02
 9.05367e-04  2.08442e-02
 8.90304e-04  2.09948e-02

 1.11545e-03  2.05050e-02
 1.44078e-03  2.09792e-02
 1.30422e-03  2.09139e-02
 1.42904e-03  2.08283e-02
 1.44078e-03  2.09792e-02

 1.56163e-03  2.05050e-02
 2.03337e-03  2.09523e-02
 1.88618e-03  2.09171e-02
 1.99033e-03  2.08072e-02
 2.03337e-03  2.09523e-02

 2.00781e-03  2.05050e-02
 2.59465e-03  2.09149e-02
 2.44385e-03  2.09019e-02
 2.53053e-03  2.07778e-02
 2.59465e-03  2.09149e-02

 2.45399e-03  2.05050e-02
 3.15542e-03  2.08674e-02
 3.00422e-03  2.08744e-02
 3.07369e-03  2.07400e-02
 3.15542e-03  2.08674e-02

 2.90017e-03  2.05050e-02
 3.69727e-03  2.08112e-02
 3.54776e-03  2.08348e-02
 3.60204e-03  2.06935e-02
 3.69727e-03  2.08112e-02

 3.34635e-03  2.05050e-02
 4.22527e-03  2.07480e-02
 4.07875e-03  2.07860e-02
 4.11908e-03  2.06401e-02
 4.22527e-03  2.07480e-02

 3.79253e-03  2.05050e-02
 4.73449e-03  2.06795e-02
 4.59181e-03  2.07301e-02
 4.61939e-03  2.05812e-02
 4.73449e-03  2.06795e-02

 2.24826e-04  2.10750e-02
 2.43740e-04  2.13914e-02
 1.60369e-04  2.12650e-02
 3.11466e-04  2.12560e-02
 2.43740e-04  2.13914e-02

 6.74479e-04  2.10750e-02
 8.87763e-04  2.13799e-02
 7.50609e-04  2.13159e-02
 8.74643e-04  2.12291e-02
 8.87763e-04  2.13799e-02

 1.12413e-03  2.10750e-02
 1.43548e-03  2.13700e-02
 1.28827e-03  2.13348e-02
 1.39238e-03  2.12249e-02
 1.43548e-03  2.13700e-02

 1.57378e-03  2.10750e-02
 2.02428e-03  2.13517e-02
 1.87297e-03  2.13476e-02
 1.95219e-03  2.12186e-02
 2.02428e-03  2.13517e-02

 2.02344e-03  2.10750e-02
 2.58172e-03  2.13279e-02
 2.43108e-03  2.13428e-02
 2.49354e-03  2.12049e-02
 2.58172e-03  2.13279e-02

 2.47309e-03  2.10750e-02
 3.13875e-03  2.12973e-02
 2.99044e-03  2.13275e-02
 3.03838e-03  2.11839e-02
 3.13875e-03  2.12973e-02

 2.92274e-03  2.10750e-02
 3.67701e-03  2.12613e-02
 3.53160e-03  2.13033e-02
 3.56789e-03  2.11564e-02
 3.67701e-03  2.12613e-02

 3.37240e-03  2.10750e-02
 4.20181e-03  2.12207e-02
 4.05961e-03  2.12726e-02
 4.08580e-03  2.11235e-02
 4.20181e-03  2.12207e-02

 3.82205e-03  2.10750e-02
 4.70815e-03  2.11770e-02
 4.56927e-03  2.12372e-02
 4.58658e-03  2.10868e-02
 4.70815e-03  2.11770e-02

 2.26562e-04  2.16450e-02
 2.43370e-04  2.18170e-02
 1.55295e-04  2.16939e-02
 3.05944e-04  2.16791e-02
 2.43370e-04  2.18170e-02

 6.79687e-04  2.16450e-02
 8.66542e-04  2.18020e-02
 7.17496e-04  2.17756e-02
 8.14885e-04  2.16598e-02
 8.66542e-04  2.18020e-02

 1.13281e-03  2.16450e-02
 1.39923e-03  2.17972e-02
 1.24787e-03  2.17979e-02
 1.32297e-03  2.16665e-02
 1.39923e-03  2.17972e-02

 1.58594e-03  2.16450e-02
 1.97027e-03  2.17859e-02
 1.82115e-03  2.18118e-02
 1.87323e-03  2.16697e-02
 1.97027e-03  2.17859e-02

 2.03906e-03  2.16450e-02
 2.51224e-03  2.17729e-02
 2.36595e-03  2.18118e-02
 2.40545e-03  2.16657e-02
 2.51224e-03  2.17729e-02

 2.49219e-03  2.16450e-02
 3.05473e-03  2.17555e-02
 2.91151e-03  2.18045e-02
 2.94069e-03  2.16560e-02
 3.05473e-03  2.17555e-02

 2.94531e-03  2.16450e-02
 3.58033e-03  2.17355e-02
 3.43988e-03  2.17919e-02
 3.46123e-03  2.16420e-02
 3.58033e-03  2.17355e-02

 3.39844e-03  2.16450e-02
 4.09434e-03  2.17127e-02
 3.95654e-03  2.17754e-02
 3.97120e-03  2.16247e-02
 4.09434e-03  2.17127e-02

 3.85156e-03  2.16450e-02
 4.59208e-03  2.16884e-02
 4.45679e-03  2.17563e-02
 4.46564e-03  2.16052e-02
 4.59208e-03  2.16884e-02

 2.28299e-04  2.22150e-02
 2.39951e-04  2.22298e-02
 9.94383e-05  2.21735e-02
 2.18440e-04  2.20800e-02
 2.39951e-04  2.22298e-02

 6.84896e-04  2.22150e-02
 7.97172e-04  2.22281e-02
 6.58212e-04  2.22881e-02
 6.75717e-04  2.21377e-02
 7.97172e-04  2.22281e-02

 1.14149e-03  2.22150e-02
 1.29865e-03  2.22279e-02
 1.16180e-03  2.22926e-02
 1.17420e-03  2.21417e-02
 1.29865e-03  2.22279e-02

 1.59809e-03  2.22150e-02
 1.82354e-03  2.22268e-02
 1.68867e-03  2.22955e-02
 1.69659e-03  2.21444e-02
 1.82354e-03  2.22268e-02

 2.05469e-03  2.22150e-02
 2.33057e-03  2.22258e-02
 2.19663e-03  2.22963e-02
 2.20253e-03  2.21450e-02
 2.33057e-03  2.22258e-02

 2.51128e-03  2.22150e-02
 2.83814e-03  2.22242e-02
 2.70497e-03  2.22962e-02
 2.70924e-03  2.21449e-02
 2.83814e-03  2.22242e-02

 2.96788e-03  2.22150e-02
 3.33553e-03  2.22225e-02
 3.20293e-03  2.22955e-02
 3.20601e-03  2.21442e-02
 3.33553e-03  2.22225e-02

 3.42448e-03  2.22150e-02
 3.82606e-03  2.22205e-02
 3.69395e-03  2.22944e-02
 3.69603e-03  2.21430e-02
 3.82606e-03  2.22205e-02

 3.88108e-03  2.22150e-02
 4.30694e-03  2.22184e-02
 4.17525e-03  2.22930e-02
 4.17646e-03  2.21417e-02
 4.30694e-03  2.22184e-02

 3.76510e-03  1.13850e-02
 3.34380e-03  1.13922e-02
 3.47358e-03  1.13143e-02
 3.47617e-03  1.14656e-02
 3.34380e-03  1.13922e-02

 4.26406e-03  1.13850e-02
 3.81773e-03  1.13901e-02
 3.94794e-03  1.13130e-02
 3.94969e-03  1.14643e-02
 3.81773e-03  1.13901e-02

 4.76302e-03  1.13850e-02
 4.30185e-03  1.13880e-02
 4.43245e-03  1.13114e-02
 4.43342e-03  1.14628e-02
 4.30185e-03  1.13880e-02

 5.26198e-03  1.13850e-02
 4.79672e-03  1.13857e-02
 4.92770e-03  1.13098e-02
 4.92792e-03  1.14612e-02
 4.79672e-03  1.13857e-02

 5.76094e-03  1.13850e-02
 5.30252e-03  1.13834e-02
 5.43387e-03  1.13082e-02
 5.43335e-03  1.14595e-02
 5.30252e-03  1.13834e-02

 6.25990e-03  1.13850e-02
 5.81907e-03  1.13812e-02
 5.95081e-03  1.13066e-02
 5.94950e-03  1.14580e-02
 5.81907e-03  1.13812e-02

 6.75885e-03  1.13850e-02
 6.34596e-03  1.13791e-02
 6.47811e-03  1.13053e-02
 6.47595e-03  1.14566e-02
 6.34596e-03  1.13791e-02

 7.25781e-03  1.13850e-02
 6.88207e-03  1.13772e-02
 7.01470e-03  1.13043e-02
 7.01157e-03  1.14556e-02
 6.88207e-03  1.13772e-02

 7.75677e-03  1.13850e-02
 7.42654e-03  1.13757e-02
 7.55972e-03  1.13037e-02
 7.55543e-03  1.14550e-02
 7.42654e-03  1.13757e-02

 8.25573e-03  1.13850e-02
 7.97674e-03  1.13745e-02
 8.11059e-03  1.13038e-02
 8.10489e-03  1.14551e-02
 7.97674e-03  1.13745e-02

 8.75469e-03  1.13850e-02
 8.53233e-03  1.13738e-02
 8.66706e-03  1.13048e-02
 8.65944e-03  1.14560e-02
 8.53233e-03  1.13738e-02

 9.25365e-03  1.13850e-02
 9.08707e-03  1.13737e-02
 9.22298e-03  1.13071e-02
 9.21274e-03  1.14581e-02
 9.08707e-03  1.13737e-02

 9.75260e-03  1.13850e-02
 9.64533e-03  1.13742e-02
 9.78335e-03  1.13120e-02
 9.76817e-03  1.14626e-02
 9.64533e-03  1.13742e-02

 1.02516e-02  1.13850e-02
 1.01891e-02  1.13756e-02
 1.03300e-02  1.13203e-02
 1.03075e-02  1.14699e-02
 1.01891e-02  1.13756e-02

 1.07505e-02  1.13850e-02
 1.07441e-02  1.13776e-02
 1.08870e-02  1.14276e-02
 1.07723e-02  1.15263e-02
 1.07441e-02  1.13776e-02

 3.79531e-03  1.19550e-02
 3.06192e-03  1.20367e-02
 3.18382e-03  1.19470e-02
 3.20058e-03  1.20974e-02
 3.06192e-03  1.20367e-02

 4.29219e-03  1.19550e-02
 3.51779e-03  1.20125e-02
 3.64292e-03  1.19273e-02
 3.65412e-03  1.20782e-02
 3.51779e-03  1.20125e-02

 4.78906e-03  1.19550e-02
 3.99174e-03  1.19868e-02
 4.11970e-03  1.19060e-02
 4.12574e-03  1.20572e-02
 3.99174e-03  1.19868e-02

 5.28594e-03  1.19550e-02
 4.48445e-03  1.19603e-02
 4.61503e-03  1.18838e-02
 4.61604e-03  1.20351e-02
 4.48445e-03  1.19603e-02

 5.78281e-03  1.19550e-02
 4.99608e-03  1.19337e-02
 5.12917e-03  1.18616e-02
 5.12508e-03  1.20129e-02
 4.99608e-03  1.19337e-02

 6.27969e-03  1.19550e-02
 5.52609e-03  1.19079e-02
 5.66164e-03  1.18406e-02
 5.65221e-03  1.19916e-02
 5.52609e-03  1.19079e-02

 6.77656e-03  1.19550e-02
 6.07376e-03  1.18837e-02
 6.21181e-03  1.18217e-02
 6.19654e-03  1.19723e-02
 6.07376e-03  1.18837e-02

 7.27344e-03  1.19550e-02
 6.63708e-03  1.18622e-02
 6.77771e-03  1.18062e-02
 6.75587e-03  1.19560e-02
 6.63708e-03  1.18622e-02

 7.77031e-03  1.19550e-02
 7.21437e-03  1.18442e-02
 7.35772e-03  1.17956e-02
 7.32814e-03  1.19441e-02
 7.21437e-03  1.18442e-02

 8.26719e-03  1.19550e-02
 7.80120e-03  1.18310e-02
 7.94735e-03  1.17916e-02
 7.90842e-03  1.19378e-02
 7.80120e-03  1.18310e-02

 8.76406e-03  1.19550e-02
 8.39656e-03  1.18233e-02
 8.54549e-03  1.17963e-02
 8.49443e-03  1.19388e-02
 8.39656e-03  1.18233e-02

 9.26094e-03  1.19550e-02
 8.99007e-03  1.18225e-02
 9.14108e-03  1.18121e-02
 9.07458e-03  1.19481e-02
 8.99007e-03  1.18225e-02

 9.75781e-03  1.19550e-02
 9.58755e-03  1.18291e-02
 9.73795e-03  1.18462e-02
 9.64796e-03  1.19679e-02
 9.58755e-03  1.18291e-02

 1.02547e-02  1.19550e-02
 1.01597e-02  1.18459e-02
 1.03028e-02  1.18950e-02
 1.01887e-02  1.19944e-02
 1.01597e-02  1.18459e-02

 1.07516e-02  1.19550e-02
 1.07433e-02  1.18825e-02
 1.08333e-02  1.20043e-02
 1.06829e-02  1.20213e-02
 1.07433e-02  1.18825e-02

 3.82552e-03  1.25250e-02
 2.94229e-03  1.26577e-02
 3.06068e-03  1.25634e-02
 3.08317e-03  1.27131e-02
 2.94229e-03  1.26577e-02

 4.32031e-03  1.25250e-02
 3.39183e-03  1.26127e-02
 3.51522e-03  1.25250e-02
 3.52945e-03  1.26757e-02
 3.39183e-03  1.26127e-02

 4.81510e-03  1.25250e-02
 3.86316e-03  1.25655e-02
 3.99091e-03  1.24843e-02
 3.99734e-03  1.26355e-02
 3.86316e-03  1.25655e-02

 5.30990e-03  1.25250e-02
 4.35689e-03  1.25172e-02
 4.48860e-03  1.24426e-02
 4.48735e-03  1.25939e-02
 4.35689e-03  1.25172e-02

 5.80469e-03  1.25250e-02
 4.87295e-03  1.24691e-02
 5.00833e-03  1.24014e-02
 4.99927e-03  1.25525e-02
 4.87295e-03  1.24691e-02

 6.29948e-03  1.25250e-02
 5.41065e-03  1.24227e-02
 5.54953e-03  1.23625e-02
 5.53223e-03  1.25129e-02
 5.41065e-03  1.24227e-02

 6.79427e-03  1.25250e-02
 5.96864e-03  1.23797e-02
 6.11086e-03  1.23279e-02
 6.08463e-03  1.24770e-02
 5.96864e-03  1.23797e-02

 7.28906e-03  1.25250e-02
 6.54464e-03  1.23417e-02
 6.69002e-03  1.22996e-02
 6.65383e-03  1.24466e-02
 6.54464e-03  1.23417e-02

 7.78385e-03  1.25250e-02
 7.13631e-03  1.23106e-02
 7.28454e-03  1.22800e-02
 7.23696e-03  1.24237e-02
 7.13631e-03  1.23106e-02

 8.27865e-03  1.25250e-02
 7.73855e-03  1.22882e-02
 7.88899e-03  1.22715e-02
 7.82822e-03  1.24102e-02
 7.73855e-03  1.22882e-02

 8.77344e-03  1.25250e-02
 8.34968e-03  1.22765e-02
 8.50104e-03  1.22775e-02
 8.42447e-03  1.24081e-02
 8.34968e-03  1.22765e-02

 9.26823e-03  1.25250e-02
 8.95824e-03  1.22776e-02
 9.10791e-03  1.23002e-02
 9.01350e-03  1.24185e-02
 8.95824e-03  1.22776e-02

 9.76302e-03  1.25250e-02
 9.56950e-03  1.22940e-02
 9.71169e-03  1.23459e-02
 9.59566e-03  1.24431e-02
 9.56950e-03  1.22940e-02

 1.02578e-02  1.25250e-02
 1.01517e-02  1.23291e-02
 1.02807e-02  1.24083e-02
 1.01476e-02  1.24804e-02
 1.01517e-02  1.23291e-02

 1.07526e-02  1.25250e-02
 1.07435e-02  1.24007e-02
 1.08286e-02  1.25259e-02
 1.06776e-02  1.25370e-02
 1.07435e-02  1.24007e-02

 3.85573e-03  1.30950e-02
 2.91090e-03  1.32978e-02
 3.02318e-03  1.31963e-02
 3.05495e-03  1.33443e-02
 2.91090e-03  1.32978e-02

 4.34844e-03  1.30950e-02
 3.35850e-03  1.32251e-02
 3.47861e-03  1.31330e-02
 3.49833e-03  1.32830e-02
 3.35850e-03  1.32251e-02

 4.84115e-03  1.30950e-02
 3.82971e-03  1.31493e-02
 3.95656e-03  1.30667e-02
 3.96467e-03  1.32178e-02
 3.82971e-03  1.31493e-02

 5.33385e-03  1.30950e-02
 4.32469e-03  1.30722e-02
 4.45745e-03  1.29995e-02
 4.45404e-03  1.31508e-02
 4.32469e-03  1.30722e-02

 5.82656e-03  1.30950e-02
 4.84328e-03  1.29960e-02
 4.98129e-03  1.29338e-02
 4.96613e-03  1.30845e-02
 4.84328e-03  1.29960e-02

 6.31927e-03  1.30950e-02
 5.38450e-03  1.29230e-02
 5.52712e-03  1.28723e-02
 5.49973e-03  1.30212e-02
 5.38450e-03  1.29230e-02

 6.81198e-03  1.30950e-02
 5.94677e-03  1.28557e-02
 6.09329e-03  1.28177e-02
 6.05293e-03  1.29636e-02
 5.94677e-03  1.28557e-02

 7.30469e-03  1.30950e-02
 6.52749e-03  1.27967e-02
 6.67700e-03  1.27730e-02
 6.62276e-03  1.29143e-02
 6.52749e-03  1.27967e-02

 7.79740e-03  1.30950e-02
 7.12402e-03  1.27489e-02
 7.27521e-03  1.27415e-02
 7.20602e-03  1.28761e-02
 7.12402e-03  1.27489e-02

 8.29010e-03  1.30950e-02
 7.73105e-03  1.27151e-02
 7.88201e-03  1.27262e-02
 7.79693e-03  1.28514e-02
 7.73105e-03  1.27151e-02

 8.78281e-03  1.30950e-02
 8.34644e-03  1.26986e-02
 8.49436e-03  1.27307e-02
 8.39258e-03  1.28427e-02
 8.34644e-03  1.26986e-02

 9.27552e-03  1.30950e-02
 8.95847e-03  1.27024e-02
 9.09971e-03  1.27568e-02
 8.98195e-03  1.28519e-02
 8.95847e-03  1.27024e-02

 9.76823e-03  1.30950e-02
 9.57175e-03  1.27311e-02
 9.70062e-03  1.28105e-02
 9.56743e-03  1.28824e-02
 9.57175e-03  1.27311e-02

 1.02609e-02  1.30950e-02
 1.01545e-02  1.27886e-02
 1.02690e-02  1.28876e-02
 1.01260e-02  1.29372e-02
 1.01545e-02  1.27886e-02

 1.07536e-02  1.30950e-02
 1.07445e-02  1.29047e-02
 1.08264e-02  1.30321e-02
 1.06752e-02  1.30393e-02
 1.07445e-02  1.29047e-02

 3.88594e-03  1.36650e-02
 2.96116e-03  1.39243e-02
 3.06695e-03  1.38160e-02
 3.10781e-03  1.39618e-02
 2.96116e-03  1.39243e-02

 4.37656e-03  1.36650e-02
 3.41077e-03  1.38251e-02
 3.52771e-03  1.37290e-02
 3.55247e-03  1.38783e-02
 3.41077e-03  1.38251e-02

 4.86719e-03  1.36650e-02
 3.88345e-03  1.37224e-02
 4.00991e-03  1.36393e-02
 4.01873e-03  1.37904e-02
 3.88345e-03  1.37224e-02

 5.35781e-03  1.36650e-02
 4.37938e-03  1.36188e-02
 4.51389e-03  1.35494e-02
 4.50675e-03  1.37006e-02
 4.37938e-03  1.36188e-02

 5.84844e-03  1.36650e-02
 4.89793e-03  1.35169e-02
 5.03911e-03  1.34623e-02
 5.01580e-03  1.36118e-02
 4.89793e-03  1.35169e-02

 6.33906e-03  1.36650e-02
 5.43813e-03  1.34198e-02
 5.58449e-03  1.33812e-02
 5.54474e-03  1.35273e-02
 5.43813e-03  1.34198e-02

 6.82969e-03  1.36650e-02
 5.99830e-03  1.33309e-02
 6.14816e-03  1.33096e-02
 6.09172e-03  1.34500e-02
 5.99830e-03  1.33309e-02

 7.32031e-03  1.36650e-02
 6.57568e-03  1.32536e-02
 6.72702e-03  1.32507e-02
 6.65382e-03  1.33832e-02
 6.57568e-03  1.32536e-02

 7.81094e-03  1.36650e-02
 7.16773e-03  1.31916e-02
 7.31817e-03  1.32084e-02
 7.22845e-03  1.33303e-02
 7.16773e-03  1.31916e-02

 8.30156e-03  1.36650e-02
 7.76924e-03  1.31488e-02
 7.91604e-03  1.31857e-02
 7.81066e-03  1.32944e-02
 7.76924e-03  1.31488e-02

 8.79219e-03  1.36650e-02
 8.37805e-03  1.31294e-02
 8.51810e-03  1.31868e-02
 8.39836e-03  1.32794e-02
 8.37805e-03  1.31294e-02

 9.28281e-03  1.36650e-02
 8.98298e-03  1.31376e-02
 9.11356e-03  1.32141e-02
 8.98198e-03  1.32890e-02
 8.98298e-03  1.31376e-02

 9.77344e-03  1.36650e-02
 9.58825e-03  1.31797e-02
 9.70570e-03  1.32752e-02
 9.56428e-03  1.33292e-02
 9.58825e-03  1.31797e-02

 1.02641e-02  1.36650e-02
 1.01640e-02  1.32598e-02
 1.02689e-02  1.33689e-02
 1.01219e-02  1.34052e-02
 1.01640e-02  1.32598e-02

 1.07547e-02  1.36650e-02
 1.07461e-02  1.34167e-02
 1.08263e-02  1.35451e-02
 1.06750e-02  1.35503e-02
 1.07461e-02  1.34167e-02

 3.91615e-03  1.42350e-02
 3.07402e-03  1.45471e-02
 3.17063e-03  1.44306e-02
 3.22324e-03  1.45725e-02
 3.07402e-03  1.45471e-02

 4.40469e-03  1.42350e-02
 3.52759e-03  1.44220e-02
 3.64002e-03  1.43206e-02
 3.67158e-03  1.44687e-02
 3.52759e-03  1.44220e-02

 4.89323e-03  1.42350e-02
 4.00221e-03  1.42930e-02
 4.12810e-03  1.42090e-02
 4.13794e-03  1.43600e-02
 4.00221e-03  1.42930e-02

 5.38177e-03  1.42350e-02
 4.49779e-03  1.41635e-02
 4.63455e-03  1.40986e-02
 4.62235e-03  1.42495e-02
 4.49779e-03  1.41635e-02

 5.87031e-03  1.42350e-02
 5.01380e-03  1.40369e-02
 5.15858e-03  1.39927e-02
 5.12446e-03  1.41401e-02
 5.01380e-03  1.40369e-02

 6.35885e-03  1.42350e-02
 5.54897e-03  1.39168e-02
 5.69865e-03  1.38943e-02
 5.64330e-03  1.40352e-02
 5.54897e-03  1.39168e-02

 6.84740e-03  1.42350e-02
 6.10178e-03  1.38074e-02
 6.25315e-03  1.38070e-02
 6.17785e-03  1.39383e-02
 6.10178e-03  1.38074e-02

 7.33594e-03  1.42350e-02
 6.66969e-03  1.37129e-02
 6.81955e-03  1.37342e-02
 6.72618e-03  1.38533e-02
 6.66969e-03  1.37129e-02

 7.82448e-03  1.42350e-02
 7.25029e-03  1.36378e-02
 7.39570e-03  1.36799e-02
 7.28659e-03  1.37848e-02
 7.25029e-03  1.36378e-02

 8.31302e-03  1.42350e-02
 7.83889e-03  1.35868e-02
 7.97736e-03  1.36479e-02
 7.85519e-03  1.37373e-02
 7.83889e-03  1.35868e-02

 8.80156e-03  1.42350e-02
 8.43348e-03  1.35652e-02
 8.56295e-03  1.36437e-02
 8.43029e-03  1.37166e-02
 8.43348e-03  1.35652e-02

 9.29010e-03  1.42350e-02
 9.02418e-03  1.35781e-02
 9.14352e-03  1.36712e-02
 9.00321e-03  1.37280e-02
 9.02418e-03  1.35781e-02

 9.77865e-03  1.42350e-02
 9.61467e-03  1.36333e-02
 9.72216e-03  1.37399e-02
 9.57612e-03  1.37797e-02
 9.61467e-03  1.36333e-02

 1.02672e-02  1.42350e-02
 1.01786e-02  1.37347e-02
 1.02760e-02  1.38506e-02
 1.01270e-02  1.38770e-02
 1.01786e-02  1.37347e-02

 1.07557e-02  1.42350e-02
 1.07482e-02  1.39305e-02
 1.08271e-02  1.40597e-02
 1.06758e-02  1.40635e-02
 1.07482e-02  1.39305e-02

 3.94635e-03  1.48050e-02
 3.23849e-03  1.51564e-02
 3.32225e-03  1.50303e-02
 3.38956e-03  1.51659e-02
 3.23849e-03  1.51564e-02

 4.43281e-03  1.48050e-02
 3.69745e-03  1.50090e-02
 3.80354e-03  1.49010e-02
 3.84400e-03  1.50469e-02
 3.69745e-03  1.50090e-02

 4.91927e-03  1.48050e-02
 4.17408e-03  1.48578e-02
 4.29949e-03  1.47730e-02
 4.31018e-03  1.49240e-02
 4.17408e-03  1.48578e-02

 5.40573e-03  1.48050e-02
 4.66818e-03  1.47065e-02
 4.80813e-03  1.46488e-02
 4.78810e-03  1.47989e-02
 4.66818e-03  1.47065e-02

 5.89219e-03  1.48050e-02
 5.17920e-03  1.45593e-02
 5.32780e-03  1.45304e-02
 5.27848e-03  1.46736e-02
 5.17920e-03  1.45593e-02

 6.37865e-03  1.48050e-02
 5.70600e-03  1.44204e-02
 5.85737e-03  1.44198e-02
 5.78223e-03  1.45512e-02
 5.70600e-03  1.44204e-02

 6.86510e-03  1.48050e-02
 6.24715e-03  1.42944e-02
 6.39641e-03  1.43196e-02
 6.30000e-03  1.44363e-02
 6.24715e-03  1.42944e-02

 7.35156e-03  1.48050e-02
 6.80045e-03  1.41862e-02
 6.94415e-03  1.42338e-02
 6.83112e-03  1.43344e-02
 6.80045e-03  1.41862e-02

 7.83802e-03  1.48050e-02
 7.36388e-03  1.41010e-02
 7.49988e-03  1.41674e-02
 7.37433e-03  1.42520e-02
 7.36388e-03  1.41010e-02

 8.32448e-03  1.48050e-02
 7.93352e-03  1.40439e-02
 8.06074e-03  1.41259e-02
 7.92610e-03  1.41951e-02
 7.93352e-03  1.40439e-02

 8.81094e-03  1.48050e-02
 8.50773e-03  1.40214e-02
 8.62562e-03  1.41164e-02
 8.48446e-03  1.41710e-02
 8.50773e-03  1.40214e-02

 9.29740e-03  1.48050e-02
 9.07845e-03  1.40389e-02
 9.18724e-03  1.41442e-02
 9.04170e-03  1.41858e-02
 9.07845e-03  1.40389e-02

 9.78385e-03  1.48050e-02
 9.64879e-03  1.41058e-02
 9.74796e-03  1.42201e-02
 9.59934e-03  1.42488e-02
 9.64879e-03  1.41058e-02

 1.02703e-02  1.48050e-02
 1.01972e-02  1.42254e-02
 1.02887e-02  1.43460e-02
 1.01385e-02  1.43649e-02
 1.01972e-02  1.42254e-02

 1.07568e-02  1.48050e-02
 1.07505e-02  1.44537e-02
 1.08285e-02  1.45834e-02
 1.06772e-02  1.45861e-02
 1.07505e-02  1.44537e-02

 3.97656e-03  1.53750e-02
 3.44133e-03  1.57544e-02
 3.50451e-03  1.56168e-02
 3.59204e-03  1.57403e-02
 3.44133e-03  1.57544e-02

 4.46094e-03  1.53750e-02
 3.90637e-03  1.55888e-02
 4.00146e-03  1.54710e-02
 4.05590e-03  1.56123e-02
 3.90637e-03  1.55888e-02

 4.94531e-03  1.53750e-02
 4.38482e-03  1.54197e-02
 4.50948e-03  1.53338e-02
 4.52150e-03  1.54847e-02
 4.38482e-03  1.54197e-02

 5.42969e-03  1.53750e-02
 4.87643e-03  1.52511e-02
 5.02088e-03  1.52059e-02
 4.98781e-03  1.53536e-02
 4.87643e-03  1.52511e-02

 5.91406e-03  1.53750e-02
 5.38065e-03  1.50877e-02
 5.53195e-03  1.50833e-02
 5.46017e-03  1.52165e-02
 5.38065e-03  1.50877e-02

 6.39844e-03  1.53750e-02
 5.89650e-03  1.49342e-02
 6.04493e-03  1.49638e-02
 5.94505e-03  1.50775e-02
 5.89650e-03  1.49342e-02

 6.88281e-03  1.53750e-02
 6.42282e-03  1.47955e-02
 6.56359e-03  1.48511e-02
 6.44504e-03  1.49452e-02
 6.42282e-03  1.47955e-02

 7.36719e-03  1.53750e-02
 6.95786e-03  1.46769e-02
 7.08946e-03  1.47517e-02
 6.95888e-03  1.48283e-02
 6.95786e-03  1.46769e-02

 7.85156e-03  1.53750e-02
 7.50007e-03  1.45842e-02
 7.62247e-03  1.46732e-02
 7.48415e-03  1.47347e-02
 7.50007e-03  1.45842e-02

 8.33594e-03  1.53750e-02
 8.04654e-03  1.45230e-02
 8.16036e-03  1.46227e-02
 8.01704e-03  1.46714e-02
 8.04654e-03  1.45230e-02

 8.82031e-03  1.53750e-02
 8.59605e-03  1.45002e-02
 8.70192e-03  1.46084e-02
 8.55529e-03  1.46460e-02
 8.59605e-03  1.45002e-02

 9.30469e-03  1.53750e-02
 9.14277e-03  1.45217e-02
 9.24156e-03  1.46363e-02
 9.09285e-03  1.46646e-02
 9.14277e-03  1.45217e-02

 9.78906e-03  1.53750e-02
 9.68907e-03  1.45978e-02
 9.78086e-03  1.47182e-02
 9.63073e-03  1.47375e-02
 9.68907e-03  1.45978e-02

 1.02734e-02  1.53750e-02
 1.02192e-02  1.47317e-02
 1.03057e-02  1.48560e-02
 1.01548e-02  1.48687e-02
 1.02192e-02  1.47317e-02

 1.07578e-02  1.53750e-02
 1.07532e-02  1.49857e-02
 1.08304e-02  1.51159e-02
 1.06791e-02  1.51177e-02
 1.07532e-02  1.49857e-02

 4.00677e-03  1.59450e-02
 3.67216e-03  1.63380e-02
 3.69951e-03  1.61892e-02
 3.81476e-03  1.62873e-02
 3.67216e-03  1.63380e-02

 4.48906e-03  1.59450e-02
 4.14370e-03  1.61599e-02
 4.21502e-03  1.60264e-02
 4.29499e-03  1.61549e-02
 4.14370e-03  1.61599e-02

 4.97135e-03  1.59450e-02
 4.62379e-03  1.59785e-02
 4.74701e-03  1.58906e-02
 4.76154e-03  1.60413e-02
 4.62379e-03  1.59785e-02

 5.45365e-03  1.59450e-02
 5.11215e-03  1.57984e-02
 5.26246e-03  1.57806e-02
 5.20276e-03  1.59197e-02
 5.11215e-03  1.57984e-02

 5.93594e-03  1.59450e-02
 5.60828e-03  1.56244e-02
 5.75491e-03  1.56620e-02
 5.64905e-03  1.57702e-02
 5.60828e-03  1.56244e-02

 6.41823e-03  1.59450e-02
 6.11142e-03  1.54615e-02
 6.24556e-03  1.55316e-02
 6.11775e-03  1.56127e-02
 6.11142e-03  1.54615e-02

 6.90052e-03  1.59450e-02
 6.62073e-03  1.53149e-02
 6.74310e-03  1.54040e-02
 6.60476e-03  1.54654e-02
 6.62073e-03  1.53149e-02

 7.38281e-03  1.59450e-02
 7.13500e-03  1.51902e-02
 7.24780e-03  1.52911e-02
 7.10399e-03  1.53384e-02
 7.13500e-03  1.51902e-02

 7.86510e-03  1.59450e-02
 7.65320e-03  1.50933e-02
 7.75829e-03  1.52023e-02
 7.61141e-03  1.52388e-02
 7.65320e-03  1.50933e-02

 8.34740e-03  1.59450e-02
 8.17355e-03  1.50301e-02
 8.27237e-03  1.51447e-02
 8.12367e-03  1.51730e-02
 8.17355e-03  1.50301e-02

 8.82969e-03  1.59450e-02
 8.69530e-03  1.50078e-02
 8.78883e-03  1.51268e-02
 8.63899e-03  1.51483e-02
 8.69530e-03  1.50078e-02

 9.31198e-03  1.59450e-02
 9.21510e-03  1.50325e-02
 9.30420e-03  1.51548e-02
 9.15368e-03  1.51708e-02
 9.21510e-03  1.50325e-02

 9.79427e-03  1.59450e-02
 9.73439e-03  1.51152e-02
 9.81931e-03  1.52405e-02
 9.66834e-03  1.52514e-02
 9.73439e-03  1.51152e-02

 1.02766e-02  1.59450e-02
 1.02441e-02  1.52587e-02
 1.03259e-02  1.53860e-02
 1.01747e-02  1.53932e-02
 1.02441e-02  1.52587e-02

 1.07589e-02  1.59450e-02
 1.07561e-02  1.55298e-02
 1.08326e-02  1.56604e-02
 1.06813e-02  1.56614e-02
 1.07561e-02  1.55298e-02

 4.03698e-03  1.65150e-02
 3.92026e-03  1.69081e-02
 3.88502e-03  1.67609e-02
 4.03013e-03  1.68040e-02
 3.92026e-03  1.69081e-02

 4.51719e-03  1.65150e-02
 4.39839e-03  1.67233e-02
 4.39759e-03  1.65719e-02
 4.52908e-03  1.66469e-02
 4.39839e-03  1.67233e-02

 4.99740e-03  1.65150e-02
 4.87990e-03  1.65357e-02
 4.99586e-03  1.64384e-02
 5.02213e-03  1.65875e-02
 4.87990e-03  1.65357e-02

 5.47760e-03  1.65150e-02
 5.36446e-03  1.63500e-02
 5.50102e-03  1.64153e-02
 5.37619e-03  1.65009e-02
 5.36446e-03  1.63500e-02

 5.95781e-03  1.65150e-02
 5.85170e-03  1.61712e-02
 5.96268e-03  1.62741e-02
 5.81805e-03  1.63188e-02
 5.85170e-03  1.61712e-02

 6.43802e-03  1.65150e-02
 6.34111e-03  1.60044e-02
 6.43991e-03  1.61190e-02
 6.29119e-03  1.61473e-02
 6.34111e-03  1.60044e-02

 6.91823e-03  1.65150e-02
 6.83215e-03  1.58549e-02
 6.92415e-03  1.59751e-02
 6.77406e-03  1.59946e-02
 6.83215e-03  1.58549e-02

 7.39844e-03  1.65150e-02
 7.32427e-03  1.57283e-02
 7.41192e-03  1.58517e-02
 7.26122e-03  1.58659e-02
 7.32427e-03  1.57283e-02

 7.87865e-03  1.65150e-02
 7.81693e-03  1.56305e-02
 7.90155e-03  1.57560e-02
 7.75055e-03  1.57665e-02
 7.81693e-03  1.56305e-02

 8.35885e-03  1.65150e-02
 8.30956e-03  1.55674e-02
 8.39195e-03  1.56944e-02
 8.24079e-03  1.57023e-02
 8.30956e-03  1.55674e-02

 8.83906e-03  1.65150e-02
 8.80183e-03  1.55465e-02
 8.88249e-03  1.56746e-02
 8.73124e-03  1.56804e-02
 8.80183e-03  1.55465e-02

 9.31927e-03  1.65150e-02
 9.29301e-03  1.55735e-02
 9.37232e-03  1.57024e-02
 9.22101e-03  1.57066e-02
 9.29301e-03  1.55735e-02

 9.79948e-03  1.65150e-02
 9.78342e-03  1.56598e-02
 9.86155e-03  1.57894e-02
 9.71021e-03  1.57923e-02
 9.78342e-03  1.56598e-02

 1.02797e-02  1.65150e-02
 1.02711e-02  1.58078e-02
 1.03484e-02  1.59379e-02
 1.01970e-02  1.59398e-02
 1.02711e-02  1.58078e-02

 1.07599e-02  1.65150e-02
 1.07592e-02  1.60871e-02
 1.08351e-02  1.62180e-02
 1.06837e-02  1.62183e-02
 1.07592e-02  1.60871e-02

 4.06719e-03  1.70850e-02
 4.17579e-03  1.74641e-02
 4.06694e-03  1.73590e-02
 4.21245e-03  1.73173e-02
 4.17579e-03  1.74641e-02

 4.54531e-03  1.70850e-02
 4.66027e-03  1.72790e-02
 4.52832e-03  1.72048e-02
 4.65854e-03  1.71276e-02
 4.66027e-03  1.72790e-02

 5.02344e-03  1.70850e-02
 5.14285e-03  1.70915e-02
 5.00785e-03  1.71599e-02
 5.01606e-03  1.70088e-02
 5.14285e-03  1.70915e-02

 5.50156e-03  1.70850e-02
 5.62324e-03  1.69065e-02
 5.61194e-03  1.70575e-02
 5.48687e-03  1.69722e-02
 5.62324e-03  1.69065e-02

 5.97969e-03  1.70850e-02
 6.10115e-03  1.67290e-02
 6.13045e-03  1.68775e-02
 5.98719e-03  1.68286e-02
 6.10115e-03  1.67290e-02

 6.45781e-03  1.70850e-02
 6.57636e-03  1.65639e-02
 6.62107e-03  1.67085e-02
 6.47348e-03  1.66750e-02
 6.57636e-03  1.65639e-02

 6.93594e-03  1.70850e-02
 7.04868e-03  1.64167e-02
 7.10151e-03  1.65585e-02
 6.95225e-03  1.65333e-02
 7.04868e-03  1.64167e-02

 7.41406e-03  1.70850e-02
 7.51817e-03  1.62926e-02
 7.57613e-03  1.64324e-02
 7.42605e-03  1.64127e-02
 7.51817e-03  1.62926e-02

 7.89219e-03  1.70850e-02
 7.98483e-03  1.61974e-02
 8.04650e-03  1.63356e-02
 7.89595e-03  1.63199e-02
 7.98483e-03  1.61974e-02

 8.37031e-03  1.70850e-02
 8.44928e-03  1.61368e-02
 8.51382e-03  1.62738e-02
 8.36298e-03  1.62612e-02
 8.44928e-03  1.61368e-02

 8.84844e-03  1.70850e-02
 8.91158e-03  1.61181e-02
 8.97856e-03  1.62538e-02
 8.82752e-03  1.62439e-02
 8.91158e-03  1.61181e-02

 9.32656e-03  1.70850e-02
 9.37360e-03  1.61466e-02
 9.44262e-03  1.62813e-02
 9.29145e-03  1.62737e-02
 9.37360e-03  1.61466e-02

 9.80469e-03  1.70850e-02
 9.83441e-03  1.62336e-02
 9.90547e-03  1.63673e-02
 9.75419e-03  1.63620e-02
 9.83441e-03  1.62336e-02

 1.02828e-02  1.70850e-02
 1.02994e-02  1.63811e-02
 1.03720e-02  1.65140e-02
 1.02207e-02  1.65104e-02
 1.02994e-02  1.63811e-02

 1.07609e-02  1.70850e-02
 1.07624e-02  1.66588e-02
 1.08376e-02  1.67901e-02
 1.06862e-02  1.67896e-02
 1.07624e-02  1.66588e-02

 4.09740e-03  1.76550e-02
 4.42834e-03  1.80072e-02
 4.28342e-03  1.79635e-02
 4.39373e-03  1.78599e-02
 4.42834e-03  1.80072e-02

 4.57344e-03  1.76550e-02
 4.91847e-03  1.78279e-02
 4.76737e-03  1.78368e-02
 4.83518e-03  1.77015e-02
 4.91847e-03  1.78279e-02

 5.04948e-03  1.76550e-02
 5.40161e-03  1.76469e-02
 5.27230e-03  1.77256e-02
 5.26881e-03  1.75742e-02
 5.40161e-03  1.76469e-02

 5.52552e-03  1.76550e-02
 5.87745e-03  1.74689e-02
 5.79696e-03  1.75971e-02
 5.72619e-03  1.74633e-02
 5.87745e-03  1.74689e-02

 6.00156e-03  1.76550e-02
 6.34585e-03  1.72986e-02
 6.30920e-03  1.74455e-02
 6.20034e-03  1.73403e-02
 6.34585e-03  1.72986e-02

 6.47760e-03  1.76550e-02
 6.80686e-03  1.71410e-02
 6.79988e-03  1.72922e-02
 6.67242e-03  1.72105e-02
 6.80686e-03  1.71410e-02

 6.95365e-03  1.76550e-02
 7.26067e-03  1.70010e-02
 7.27348e-03  1.71518e-02
 7.13646e-03  1.70875e-02
 7.26067e-03  1.70010e-02

 7.42969e-03  1.76550e-02
 7.70795e-03  1.68836e-02
 7.73466e-03  1.70326e-02
 7.59228e-03  1.69813e-02
 7.70795e-03  1.68836e-02

 7.90573e-03  1.76550e-02
 8.14924e-03  1.67944e-02
 8.18637e-03  1.69411e-02
 8.04073e-03  1.68999e-02
 8.14924e-03  1.67944e-02

 8.38177e-03  1.76550e-02
 8.58628e-03  1.67386e-02
 8.63159e-03  1.68830e-02
 8.48386e-03  1.68501e-02
 8.58628e-03  1.67386e-02

 8.85781e-03  1.76550e-02
 9.01945e-03  1.67228e-02
 9.07162e-03  1.68649e-02
 8.92248e-03  1.68390e-02
 9.01945e-03  1.67228e-02

 9.33385e-03  1.76550e-02
 9.45309e-03  1.67522e-02
 9.51096e-03  1.68921e-02
 9.36090e-03  1.68723e-02
 9.45309e-03  1.67522e-02

 9.80990e-03  1.76550e-02
 9.88498e-03  1.68372e-02
 9.94836e-03  1.69746e-02
 9.79763e-03  1.69608e-02
 9.88498e-03  1.68372e-02

 1.02859e-02  1.76550e-02
 1.03277e-02  1.69794e-02
 1.03951e-02  1.71149e-02
 1.02440e-02  1.71056e-02
 1.03277e-02  1.69794e-02

 1.07620e-02  1.76550e-02
 1.07656e-02  1.72456e-02
 1.08401e-02  1.73773e-02
 1.06887e-02  1.73760e-02
 1.07656e-02  1.72456e-02

 4.12760e-03  1.82250e-02
 4.66741e-03  1.85386e-02
 4.51604e-03  1.85382e-02
 4.59208e-03  1.84073e-02
 4.66741e-03  1.85386e-02

 4.60156e-03  1.82250e-02
 5.16198e-03  1.83710e-02
 5.01605e-03  1.84112e-02
 5.05421e-03  1.82647e-02
 5.16198e-03  1.83710e-02

 5.07552e-03  1.82250e-02
 5.64483e-03  1.82024e-02
 5.51684e-03  1.82833e-02
 5.51084e-03  1.81320e-02
 5.64483e-03  1.82024e-02

 5.54948e-03  1.82250e-02
 6.11565e-03  1.80372e-02
 6.01505e-03  1.81503e-02
 5.96740e-03  1.80067e-02
 6.11565e-03  1.80372e-02

 6.02344e-03  1.82250e-02
 6.57448e-03  1.78798e-02
 6.50356e-03  1.80136e-02
 6.42321e-03  1.78853e-02
 6.57448e-03  1.78798e-02

 6.49740e-03  1.82250e-02
 7.02166e-03  1.77348e-02
 6.97760e-03  1.78796e-02
 6.87422e-03  1.77690e-02
 7.02166e-03  1.77348e-02

 6.97135e-03  1.82250e-02
 7.45779e-03  1.76066e-02
 7.43622e-03  1.77565e-02
 7.31725e-03  1.76629e-02
 7.45779e-03  1.76066e-02

 7.44531e-03  1.82250e-02
 7.88409e-03  1.75000e-02
 7.88096e-03  1.76513e-02
 7.75147e-03  1.75730e-02
 7.88409e-03  1.75000e-02

 7.91927e-03  1.82250e-02
 8.30165e-03  1.74198e-02
 8.31378e-03  1.75707e-02
 8.17705e-03  1.75058e-02
 8.30165e-03  1.74198e-02

 8.39323e-03  1.82250e-02
 8.71320e-03  1.73707e-02
 8.73810e-03  1.75200e-02
 8.59635e-03  1.74669e-02
 8.71320e-03  1.73707e-02

 8.86719e-03  1.82250e-02
 9.11947e-03  1.73587e-02
 9.15549e-03  1.75057e-02
 9.01015e-03  1.74634e-02
 9.11947e-03  1.73587e-02

 9.34115e-03  1.82250e-02
 9.52695e-03  1.73884e-02
 9.57241e-03  1.75328e-02
 9.42464e-03  1.75000e-02
 9.52695e-03  1.73884e-02

 9.81510e-03  1.82250e-02
 9.93217e-03  1.74688e-02
 9.98691e-03  1.76099e-02
 9.83732e-03  1.75868e-02
 9.93217e-03  1.74688e-02

 1.02891e-02  1.82250e-02
 1.03541e-02  1.76014e-02
 1.04158e-02  1.77396e-02
 1.02652e-02  1.77239e-02
 1.03541e-02  1.76014e-02

 1.07630e-02  1.82250e-02
 1.07686e-02  1.78467e-02
 1.08424e-02  1.79789e-02
 1.06910e-02  1.79767e-02
 1.07686e-02  1.78467e-02

 4.15781e-03  1.87950e-02
 4.88090e-03  1.90608e-02
 4.73175e-03  1.90866e-02
 4.78397e-03  1.89445e-02
 4.88090e-03  1.90608e-02

 4.62969e-03  1.87950e-02
 5.37815e-03  1.89106e-02
 5.23705e-03  1.89654e-02
 5.26015e-03  1.88158e-02
 5.37815e-03  1.89106e-02

 5.10156e-03  1.87950e-02
 5.85953e-03  1.87600e-02
 5.73208e-03  1.88416e-02
 5.72509e-03  1.86904e-02
 5.85953e-03  1.87600e-02

 5.57344e-03  1.87950e-02
 6.32482e-03  1.86130e-02
 6.21523e-03  1.87174e-02
 6.17960e-03  1.85703e-02
 6.32482e-03  1.86130e-02

 6.04531e-03  1.87950e-02
 6.77423e-03  1.84736e-02
 6.68481e-03  1.85958e-02
 6.62375e-03  1.84573e-02
 6.77423e-03  1.84736e-02

 6.51719e-03  1.87950e-02
 7.20842e-03  1.83458e-02
 7.13974e-03  1.84807e-02
 7.05726e-03  1.83538e-02
 7.20842e-03  1.83458e-02

 6.98906e-03  1.87950e-02
 7.62836e-03  1.82336e-02
 7.57980e-03  1.83770e-02
 7.47992e-03  1.82632e-02
 7.62836e-03  1.82336e-02

 7.46094e-03  1.87950e-02
 8.03585e-03  1.81410e-02
 8.00615e-03  1.82894e-02
 7.89246e-03  1.81895e-02
 8.03585e-03  1.81410e-02

 7.93281e-03  1.87950e-02
 8.43246e-03  1.80722e-02
 8.42017e-03  1.82231e-02
 8.29566e-03  1.81370e-02
 8.43246e-03  1.80722e-02

 8.40469e-03  1.87950e-02
 8.82182e-03  1.80314e-02
 8.82539e-03  1.81828e-02
 8.69255e-03  1.81102e-02
 8.82182e-03  1.80314e-02

 8.87656e-03  1.87950e-02
 9.20493e-03  1.80237e-02
 9.22322e-03  1.81740e-02
 9.08395e-03  1.81147e-02
 9.20493e-03  1.80237e-02

 9.34844e-03  1.87950e-02
 9.59003e-03  1.80530e-02
 9.62141e-03  1.82011e-02
 9.47748e-03  1.81542e-02
 9.59003e-03  1.80530e-02

 9.82031e-03  1.87950e-02
 9.97263e-03  1.81266e-02
 1.00173e-02  1.82713e-02
 9.86971e-03  1.82376e-02
 9.97263e-03  1.81266e-02

 1.02922e-02  1.87950e-02
 1.03769e-02  1.82458e-02
 1.04317e-02  1.83869e-02
 1.02821e-02  1.83638e-02
 1.03769e-02  1.82458e-02

 1.07641e-02  1.87950e-02
 1.07714e-02  1.84617e-02
 1.08442e-02  1.85944e-02
 1.06928e-02  1.85911e-02
 1.07714e-02  1.84617e-02

 4.18802e-03  1.93650e-02
 5.05672e-03  1.95766e-02
 4.91144e-03  1.96191e-02
 4.94726e-03  1.94720e-02
 5.05672e-03  1.95766e-02

 4.65781e-03  1.93650e-02
 5.55428e-03  1.94481e-02
 5.41677e-03  1.95114e-02
 5.43074e-03  1.93606e-02
 5.55428e-03  1.94481e-02

 5.12760e-03  1.93650e-02
 6.03278e-03  1.93199e-02
 5.90562e-03  1.94020e-02
 5.89808e-03  1.92508e-02
 6.03278e-03  1.93199e-02

 5.59740e-03  1.93650e-02
 6.49190e-03  1.91953e-02
 6.37722e-03  1.92941e-02
 6.34900e-03  1.91453e-02
 6.49190e-03  1.91953e-02

 6.06719e-03  1.93650e-02
 6.93225e-03  1.90777e-02
 6.83170e-03  1.91908e-02
 6.78399e-03  1.90472e-02
 6.93225e-03  1.90777e-02

 6.53698e-03  1.93650e-02
 7.35474e-03  1.89705e-02
 7.26955e-03  1.90957e-02
 7.20379e-03  1.89593e-02
 7.35474e-03  1.89705e-02

 7.00677e-03  1.93650e-02
 7.76067e-03  1.88771e-02
 7.69174e-03  1.90119e-02
 7.60950e-03  1.88848e-02
 7.76067e-03  1.88771e-02

 7.47656e-03  1.93650e-02
 8.15241e-03  1.88008e-02
 8.10028e-03  1.89429e-02
 8.00328e-03  1.88267e-02
 8.15241e-03  1.88008e-02

 7.94635e-03  1.93650e-02
 8.53196e-03  1.87451e-02
 8.49696e-03  1.88923e-02
 8.38692e-03  1.87884e-02
 8.53196e-03  1.87451e-02

 8.41615e-03  1.93650e-02
 8.90364e-03  1.87134e-02
 8.88571e-03  1.88637e-02
 8.76451e-03  1.87730e-02
 8.90364e-03  1.87134e-02

 8.88594e-03  1.93650e-02
 9.26877e-03  1.87099e-02
 9.26797e-03  1.88613e-02
 9.13728e-03  1.87849e-02
 9.26877e-03  1.87099e-02

 9.35573e-03  1.93650e-02
 9.63681e-03  1.87380e-02
 9.65225e-03  1.88886e-02
 9.51412e-03  1.88267e-02
 9.63681e-03  1.87380e-02

 9.82552e-03  1.93650e-02
 1.00026e-02  1.88030e-02
 1.00354e-02  1.89507e-02
 9.89101e-03  1.89052e-02
 1.00026e-02  1.88030e-02

 1.02953e-02  1.93650e-02
 1.03936e-02  1.89058e-02
 1.04402e-02  1.90499e-02
 1.02922e-02  1.90182e-02
 1.03936e-02  1.89058e-02

 1.07651e-02  1.93650e-02
 1.07736e-02  1.90861e-02
 1.08452e-02  1.92194e-02
 1.06939e-02  1.92148e-02
 1.07736e-02  1.90861e-02

 4.21823e-03  1.99350e-02
 5.17918e-03  2.00906e-02
 5.03768e-03  2.01444e-02
 5.06188e-03  1.99950e-02
 5.17918e-03  2.00906e-02

 4.68594e-03  1.99350e-02
 5.67444e-03  1.99880e-02
 5.53949e-03  2.00565e-02
 5.54759e-03  1.99054e-02
 5.67444e-03  1.99880e-02

 5.15365e-03  1.99350e-02
 6.14851e-03  1.98859e-02
 6.02131e-03  1.99680e-02
 6.01385e-03  1.98168e-02
 6.14851e-03  1.98859e-02

 5.62135e-03  1.99350e-02
 6.60130e-03  1.97873e-02
 6.48296e-03  1.98817e-02
 6.46040e-03  1.97320e-02
 6.60130e-03  1.97873e-02

 6.08906e-03  1.99350e-02
 7.03359e-03  1.96947e-02
 6.92521e-03  1.98004e-02
 6.88789e-03  1.96537e-02
 7.03359e-03  1.96947e-02

 6.55677e-03  1.99350e-02
 7.44658e-03  1.96109e-02
 7.34931e-03  1.97269e-02
 7.29751e-03  1.95846e-02
 7.44658e-03  1.96109e-02

 7.02448e-03  1.99350e-02
 7.84194e-03  1.95384e-02
 7.75703e-03  1.96637e-02
 7.69096e-03  1.95275e-02
 7.84194e-03  1.95384e-02

 7.49219e-03  1.99350e-02
 8.22237e-03  1.94798e-02
 8.15117e-03  1.96134e-02
 8.07109e-03  1.94849e-02
 8.22237e-03  1.94798e-02

 7.95990e-03  1.99350e-02
 8.59028e-03  1.94379e-02
 8.53421e-03  1.95785e-02
 8.44048e-03  1.94597e-02
 8.59028e-03  1.94379e-02

 8.42760e-03  1.99350e-02
 8.95043e-03  1.94155e-02
 8.91079e-03  1.95616e-02
 8.80409e-03  1.94542e-02
 8.95043e-03  1.94155e-02

 8.89531e-03  1.99350e-02
 9.30443e-03  1.94156e-02
 9.28277e-03  1.95654e-02
 9.16386e-03  1.94718e-02
 9.30443e-03  1.94156e-02

 9.36302e-03  1.99350e-02
 9.66237e-03  1.94412e-02
 9.65913e-03  1.95926e-02
 9.52969e-03  1.95141e-02
 9.66237e-03  1.94412e-02

 9.83073e-03  1.99350e-02
 1.00189e-02  1.94956e-02
 1.00369e-02  1.96459e-02
 9.89771e-03  1.95863e-02
 1.00189e-02  1.94956e-02

 1.02984e-02  1.99350e-02
 1.04027e-02  1.95797e-02
 1.04384e-02  1.97268e-02
 1.02932e-02  1.96842e-02
 1.04027e-02  1.95797e-02

 1.07661e-02  1.99350e-02
 1.07751e-02  1.97190e-02
 1.08453e-02  1.98532e-02
 1.06941e-02  1.98469e-02
 1.07751e-02  1.97190e-02

 4.24844e-03  2.05050e-02
 5.23558e-03  2.06063e-02
 5.09745e-03  2.06682e-02
 5.11290e-03  2.05176e-02
 5.23558e-03  2.06063e-02

 4.71406e-03  2.05050e-02
 5.72572e-03  2.05302e-02
 5.59279e-03  2.06026e-02
 5.59656e-03  2.04513e-02
 5.72572e-03  2.05302e-02

 5.17969e-03  2.05050e-02
 6.19400e-03  2.04550e-02
 6.06679e-03  2.05371e-02
 6.05934e-03  2.03859e-02
 6.19400e-03  2.04550e-02

 5.64531e-03  2.05050e-02
 6.64055e-03  2.03828e-02
 6.51966e-03  2.04739e-02
 6.50122e-03  2.03237e-02
 6.64055e-03  2.03828e-02

 6.11094e-03  2.05050e-02
 7.06637e-03  2.03155e-02
 6.95251e-03  2.04152e-02
 6.92306e-03  2.02667e-02
 7.06637e-03  2.03155e-02

 6.57656e-03  2.05050e-02
 7.47296e-03  2.02549e-02
 7.36703e-03  2.03631e-02
 7.32635e-03  2.02173e-02
 7.47296e-03  2.02549e-02

 7.04219e-03  2.05050e-02
 7.86207e-03  2.02031e-02
 7.76521e-03  2.03194e-02
 7.71290e-03  2.01774e-02
 7.86207e-03  2.02031e-02

 7.50781e-03  2.05050e-02
 8.23669e-03  2.01617e-02
 8.15034e-03  2.02861e-02
 8.08585e-03  2.01491e-02
 8.23669e-03  2.01617e-02

 7.97344e-03  2.05050e-02
 8.59944e-03  2.01329e-02
 8.52542e-03  2.02650e-02
 8.44808e-03  2.01348e-02
 8.59944e-03  2.01329e-02

 8.43906e-03  2.05050e-02
 8.95527e-03  2.01187e-02
 8.89566e-03  2.02579e-02
 8.80497e-03  2.01367e-02
 8.95527e-03  2.01187e-02

 8.90469e-03  2.05050e-02
 9.30607e-03  2.01214e-02
 9.26360e-03  2.02667e-02
 9.15902e-03  2.01572e-02
 9.30607e-03  2.01214e-02

 9.37031e-03  2.05050e-02
 9.66192e-03  2.01432e-02
 9.63858e-03  2.02928e-02
 9.52073e-03  2.01978e-02
 9.66192e-03  2.01432e-02

 9.83594e-03  2.05050e-02
 1.00179e-02  2.01857e-02
 1.00188e-02  2.03371e-02
 9.88725e-03  2.02621e-02
 1.00179e-02  2.01857e-02

 1.03016e-02  2.05050e-02
 1.04017e-02  2.02503e-02
 1.04242e-02  2.04000e-02
 1.02833e-02  2.03446e-02
 1.04017e-02  2.02503e-02

 1.07672e-02  2.05050e-02
 1.07758e-02  2.03497e-02
 1.08441e-02  2.04848e-02
 1.06930e-02  2.04764e-02
 1.07758e-02  2.03497e-02

 4.27865e-03  2.10750e-02
 5.20395e-03  2.11306e-02
 5.06856e-03  2.11983e-02
 5.07764e-03  2.10472e-02
 5.20395e-03  2.11306e-02

 4.74219e-03  2.10750e-02
 5.68672e-03  2.10831e-02
 5.55499e-03  2.11576e-02
 5.55628e-03  2.10063e-02
 5.68672e-03  2.10831e-02

 5.20573e-03  2.10750e-02
 6.14890e-03  2.10363e-02
 6.02102e-03  2.11173e-02
 6.01482e-03  2.09661e-02
 6.14890e-03  2.10363e-02

 5.66927e-03  2.10750e-02
 6.59102e-03  2.09917e-02
 6.46728e-03  2.10789e-02
 6.45365e-03  2.09281e-02
 6.59102e-03  2.09917e-02

 6.13281e-03  2.10750e-02
 7.01392e-03  2.09503e-02
 6.89473e-03  2.10436e-02
 6.87352e-03  2.08938e-02
 7.01392e-03  2.09503e-02

 6.59635e-03  2.10750e-02
 7.41926e-03  2.09134e-02
 7.30521e-03  2.10129e-02
 7.27605e-03  2.08644e-02
 7.41926e-03  2.09134e-02

 7.05990e-03  2.10750e-02
 7.80902e-03  2.08820e-02
 7.70096e-03  2.09880e-02
 7.66320e-03  2.08414e-02
 7.80902e-03  2.08820e-02

 7.52344e-03  2.10750e-02
 8.18593e-03  2.08573e-02
 8.08502e-03  2.09701e-02
 8.03777e-03  2.08263e-02
 8.18593e-03  2.08573e-02

 7.98698e-03  2.10750e-02
 8.55259e-03  2.08405e-02
 8.46048e-03  2.09606e-02
 8.40251e-03  2.08208e-02
 8.55259e-03  2.08405e-02

 8.45052e-03  2.10750e-02
 8.91373e-03  2.08331e-02
 8.83258e-03  2.09608e-02
 8.76250e-03  2.08267e-02
 8.91373e-03  2.08331e-02

 8.91406e-03  2.10750e-02
 9.27132e-03  2.08363e-02
 9.20437e-03  2.09721e-02
 9.12028e-03  2.08462e-02
 9.27132e-03  2.08363e-02

 9.37760e-03  2.10750e-02
 9.63472e-03  2.08522e-02
 9.58522e-03  2.09952e-02
 9.48609e-03  2.08808e-02
 9.63472e-03  2.08522e-02

 9.84115e-03  2.10750e-02
 9.99988e-03  2.08808e-02
 9.97550e-03  2.10302e-02
 9.85832e-03  2.09344e-02
 9.99988e-03  2.08808e-02

 1.03047e-02  2.10750e-02
 1.03914e-02  2.09243e-02
 1.03916e-02  2.10756e-02
 1.02604e-02  2.10002e-02
 1.03914e-02  2.09243e-02

 1.07682e-02  2.10750e-02
 1.07757e-02  2.09825e-02
 1.08406e-02  2.11193e-02
 1.06897e-02  2.11071e-02
 1.07757e-02  2.09825e-02

 4.30885e-03  2.16450e-02
 5.07856e-03  2.16630e-02
 4.94573e-03  2.17356e-02
 4.94927e-03  2.15843e-02
 5.07856e-03  2.16630e-02

 4.77031e-03  2.16450e-02
 5.55227e-03  2.16374e-02
 5.42193e-03  2.17144e-02
 5.42046e-03  2.15630e-02
 5.55227e-03  2.16374e-02

 5.23177e-03  2.16450e-02
 6.00881e-03  2.16125e-02
 5.88100e-03  2.16936e-02
 5.87468e-03  2.15424e-02
 6.00881e-03  2.16125e-02

 5.69323e-03  2.16450e-02
 6.44882e-03  2.15889e-02
 6.32369e-03  2.16741e-02
 6.31248e-03  2.15231e-02
 6.44882e-03  2.15889e-02

 6.15469e-03  2.16450e-02
 6.87320e-03  2.15672e-02
 6.75103e-03  2.16565e-02
 6.73473e-03  2.15061e-02
 6.87320e-03  2.15672e-02

 6.61615e-03  2.16450e-02
 7.28343e-03  2.15480e-02
 7.16459e-03  2.16418e-02
 7.14282e-03  2.14920e-02
 7.28343e-03  2.15480e-02

 7.07760e-03  2.16450e-02
 7.68120e-03  2.15319e-02
 7.56629e-03  2.16304e-02
 7.53842e-03  2.14817e-02
 7.68120e-03  2.15319e-02

 7.53906e-03  2.16450e-02
 8.06895e-03  2.15195e-02
 7.95883e-03  2.16234e-02
 7.92394e-03  2.14761e-02
 8.06895e-03  2.15195e-02

 8.00052e-03  2.16450e-02
 8.44885e-03  2.15114e-02
 8.34484e-03  2.16213e-02
 8.30160e-03  2.14763e-02
 8.44885e-03  2.15114e-02

 8.46198e-03  2.16450e-02
 8.82496e-03  2.15084e-02
 8.72895e-03  2.16254e-02
 8.67562e-03  2.14837e-02
 8.82496e-03  2.15084e-02

 8.92344e-03  2.16450e-02
 9.19903e-03  2.15110e-02
 9.11422e-03  2.16364e-02
 9.04805e-03  2.15003e-02
 9.19903e-03  2.15110e-02

 9.38490e-03  2.16450e-02
 9.57918e-03  2.15208e-02
 9.50952e-03  2.16551e-02
 9.42797e-03  2.15276e-02
 9.57918e-03  2.15208e-02

 9.84635e-03  2.16450e-02
 9.96263e-03  2.15370e-02
 9.91809e-03  2.16817e-02
 9.81508e-03  2.15708e-02
 9.96263e-03  2.15370e-02

 1.03078e-02  2.16450e-02
 1.03695e-02  2.15618e-02
 1.03522e-02  2.17122e-02
 1.02306e-02  2.16221e-02
 1.03695e-02  2.15618e-02

 1.07693e-02  2.16450e-02
 1.07745e-02  2.15926e-02
 1.08369e-02  2.17305e-02
 1.06862e-02  2.17156e-02
 1.07745e-02  2.15926e-02

 4.33906e-03  2.22150e-02
 4.77993e-03  2.22162e-02
 4.64863e-03  2.22916e-02
 4.64905e-03  2.21402e-02
 4.77993e-03  2.22162e-02

 4.79844e-03  2.22150e-02
 5.24459e-03  2.22141e-02
 5.11366e-03  2.22900e-02
 5.11335e-03  2.21387e-02
 5.24459e-03  2.22141e-02

 5.25781e-03  2.22150e-02
 5.69955e-03  2.22120e-02
 5.56899e-03  2.22885e-02
 5.56795e-03  2.21372e-02
 5.69955e-03  2.22120e-02

 5.71719e-03  2.22150e-02
 6.14520e-03  2.22100e-02
 6.01501e-03  2.22872e-02
 6.01323e-03  2.21358e-02
 6.14520e-03  2.22100e-02

 6.17656e-03  2.22150e-02
 6.58217e-03  2.22081e-02
 6.45238e-03  2.22860e-02
 6.44982e-03  2.21347e-02
 6.58217e-03  2.22081e-02

 6.63594e-03  2.22150e-02
 7.01133e-03  2.22065e-02
 6.88198e-03  2.22852e-02
 6.87857e-03  2.21338e-02
 7.01133e-03  2.22065e-02

 7.09531e-03  2.22150e-02
 7.43370e-03  2.22052e-02
 7.30486e-03  2.22846e-02
 7.30047e-03  2.21333e-02
 7.43370e-03  2.22052e-02

 7.55469e-03  2.22150e-02
 7.85073e-03  2.22042e-02
 7.72250e-03  2.22846e-02
 7.71696e-03  2.21333e-02
 7.85073e-03  2.22042e-02

 8.01406e-03  2.22150e-02
 8.26367e-03  2.22035e-02
 8.13621e-03  2.22851e-02
 8.12923e-03  2.21339e-02
 8.26367e-03  2.22035e-02

 8.47344e-03  2.22150e-02
 8.67484e-03  2.22032e-02
 8.54838e-03  2.22864e-02
 8.53956e-03  2.21353e-02
 8.67484e-03  2.22032e-02

 8.93281e-03  2.22150e-02
 9.08521e-03  2.22035e-02
 8.96020e-03  2.22888e-02
 8.94879e-03  2.21379e-02
 9.08521e-03  2.22035e-02

 9.39219e-03  2.22150e-02
 9.49937e-03  2.22043e-02
 9.37642e-03  2.22926e-02
 9.36144e-03  2.21420e-02
 9.49937e-03  2.22043e-02

 9.85156e-03  2.22150e-02
 9.91571e-03  2.22057e-02
 9.79686e-03  2.22994e-02
 9.77512e-03  2.21496e-02
 9.91571e-03  2.22057e-02

 1.03109e-02  2.22150e-02
 1.03452e-02  2.22079e-02
 1.02321e-02  2.23085e-02
 1.02016e-02  2.21602e-02
 1.03452e-02  2.22079e-02

 1.07703e-02  2.22150e-02
 1.07737e-02  2.22097e-02
 1.07675e-02  2.23609e-02
 1.06396e-02  2.22799e-02
 1.07737e-02  2.22097e-02

