#[ Fluid velocity 2D plot data file: flw.dat ]
 1.95313e-04  1.13850e-02
 1.95313e-04  1.13850e-02
 6.42249e-05  1.14607e-02
 6.42249e-05  1.13093e-02
 1.95313e-04  1.13850e-02

 5.85937e-04  1.13850e-02
 2.64858e-04  1.13850e-02
 3.95946e-04  1.13093e-02
 3.95946e-04  1.14607e-02
 2.64858e-04  1.13850e-02

 9.76562e-04  1.13850e-02
 5.57163e-04  1.13850e-02
 6.88250e-04  1.13093e-02
 6.88250e-04  1.14607e-02
 5.57163e-04  1.13850e-02

 1.36719e-03  1.13850e-02
 7.56323e-04  1.13850e-02
 8.87411e-04  1.13093e-02
 8.87411e-04  1.14607e-02
 7.56323e-04  1.13850e-02

 1.75781e-03  1.13850e-02
 1.01627e-03  1.13850e-02
 1.14735e-03  1.13093e-02
 1.14735e-03  1.14607e-02
 1.01627e-03  1.13850e-02

 2.14844e-03  1.13850e-02
 1.27157e-03  1.13850e-02
 1.40266e-03  1.13093e-02
 1.40266e-03  1.14607e-02
 1.27157e-03  1.13850e-02

 2.53906e-03  1.13850e-02
 1.55487e-03  1.13850e-02
 1.68596e-03  1.13093e-02
 1.68596e-03  1.14607e-02
 1.55487e-03  1.13850e-02

 2.92969e-03  1.13850e-02
 1.85430e-03  1.13850e-02
 1.98539e-03  1.13093e-02
 1.98539e-03  1.14607e-02
 1.85430e-03  1.13850e-02

 3.32031e-03  1.13850e-02
 2.17643e-03  1.13850e-02
 2.30752e-03  1.13093e-02
 2.30752e-03  1.14607e-02
 2.17643e-03  1.13850e-02

 1.97049e-04  1.19550e-02
 1.97049e-04  1.25035e-02
 1.21365e-04  1.23724e-02
 2.72732e-04  1.23724e-02
 1.97049e-04  1.25035e-02

 5.91146e-04  1.19550e-02
 1.10018e-04  1.24629e-02
 1.45219e-04  1.23157e-02
 2.55113e-04  1.24198e-02
 1.10018e-04  1.24629e-02

 9.85243e-04  1.19550e-02
 3.36696e-04  1.24436e-02
 3.95862e-04  1.23042e-02
 4.86938e-04  1.24251e-02
 3.36696e-04  1.24436e-02

 1.37934e-03  1.19550e-02
 4.37005e-04  1.24073e-02
 5.22431e-04  1.22824e-02
 5.87935e-04  1.24188e-02
 4.37005e-04  1.24073e-02

 1.77344e-03  1.19550e-02
 6.25925e-04  1.23661e-02
 7.23803e-04  1.22507e-02
 7.74858e-04  1.23932e-02
 6.25925e-04  1.23661e-02

 2.16753e-03  1.19550e-02
 8.13255e-04  1.23156e-02
 9.20453e-04  1.22088e-02
 9.59403e-04  1.23550e-02
 8.13255e-04  1.23156e-02

 2.56163e-03  1.19550e-02
 1.04486e-03  1.22603e-02
 1.15843e-03  1.21603e-02
 1.18831e-03  1.23087e-02
 1.04486e-03  1.22603e-02

 2.95573e-03  1.19550e-02
 1.30401e-03  1.22016e-02
 1.42249e-03  1.21074e-02
 1.44484e-03  1.22571e-02
 1.30401e-03  1.22016e-02

 3.34983e-03  1.19550e-02
 1.59949e-03  1.21419e-02
 1.72180e-03  1.20528e-02
 1.73788e-03  1.22033e-02
 1.59949e-03  1.21419e-02

 1.98785e-04  1.25250e-02
 1.98785e-04  1.34121e-02
 1.23101e-04  1.32810e-02
 2.74468e-04  1.32810e-02
 1.98785e-04  1.34121e-02

 5.96354e-04  1.25250e-02
 5.88274e-05  1.33886e-02
 6.38420e-05  1.32373e-02
 1.92350e-04  1.33173e-02
 5.88274e-05  1.33886e-02

 9.93924e-04  1.25250e-02
 2.55260e-04  1.33428e-02
 2.86966e-04  1.31948e-02
 3.99293e-04  1.32962e-02
 2.55260e-04  1.33428e-02

 1.39149e-03  1.25250e-02
 3.16485e-04  1.32807e-02
 3.80203e-04  1.31434e-02
 4.67251e-04  1.32672e-02
 3.16485e-04  1.32807e-02

 1.78906e-03  1.25250e-02
 4.77089e-04  1.32005e-02
 5.58989e-04  1.30732e-02
 6.28281e-04  1.32078e-02
 4.77089e-04  1.32005e-02

 2.18663e-03  1.25250e-02
 6.39056e-04  1.31076e-02
 7.35070e-04  1.29906e-02
 7.88404e-04  1.31323e-02
 6.39056e-04  1.31076e-02

 2.58420e-03  1.25250e-02
 8.52639e-04  1.30057e-02
 9.58704e-04  1.28977e-02
 9.99195e-04  1.30436e-02
 8.52639e-04  1.30057e-02

 2.98177e-03  1.25250e-02
 1.09899e-03  1.28996e-02
 1.21279e-03  1.27998e-02
 1.24233e-03  1.29482e-02
 1.09899e-03  1.28996e-02

 3.37934e-03  1.25250e-02
 1.38765e-03  1.27932e-02
 1.50747e-03  1.27007e-02
 1.52767e-03  1.28507e-02
 1.38765e-03  1.27932e-02

 2.00521e-04  1.30950e-02
 2.00521e-04  1.44821e-02
 1.24837e-04  1.43510e-02
 2.76204e-04  1.43510e-02
 2.00521e-04  1.44821e-02

 6.01563e-04  1.30950e-02
 5.67777e-05  1.44705e-02
 3.46813e-05  1.43208e-02
 1.75413e-04  1.43765e-02
 5.67777e-05  1.44705e-02

 1.00260e-03  1.30950e-02
 2.52498e-04  1.43943e-02
 2.52496e-04  1.42429e-02
 3.83584e-04  1.43186e-02
 2.52498e-04  1.43943e-02

 1.40365e-03  1.30950e-02
 3.10020e-04  1.42957e-02
 3.42337e-04  1.41478e-02
 4.54243e-04  1.42498e-02
 3.10020e-04  1.42957e-02

 1.80469e-03  1.30950e-02
 4.69253e-04  1.41638e-02
 5.24307e-04  1.40228e-02
 6.18889e-04  1.41410e-02
 4.69253e-04  1.41638e-02

 2.20573e-03  1.30950e-02
 6.30226e-04  1.40133e-02
 7.05371e-04  1.38819e-02
 7.81592e-04  1.40126e-02
 6.30226e-04  1.40133e-02

 2.60677e-03  1.30950e-02
 8.44405e-04  1.38485e-02
 9.35187e-04  1.37274e-02
 9.94691e-04  1.38665e-02
 8.44405e-04  1.38485e-02

 3.00781e-03  1.30950e-02
 1.09211e-03  1.36782e-02
 1.19548e-03  1.35676e-02
 1.23956e-03  1.37124e-02
 1.09211e-03  1.36782e-02

 3.40885e-03  1.30950e-02
 1.38319e-03  1.35080e-02
 1.49651e-03  1.34077e-02
 1.52675e-03  1.35560e-02
 1.38319e-03  1.35080e-02

 2.02257e-04  1.36650e-02
 2.02257e-04  1.54563e-02
 1.26573e-04  1.53252e-02
 2.77940e-04  1.53252e-02
 2.02257e-04  1.54563e-02

 6.06771e-04  1.36650e-02
 1.03279e-04  1.54597e-02
 6.58180e-05  1.53130e-02
 2.11558e-04  1.53539e-02
 1.03279e-04  1.54597e-02

 1.01128e-03  1.36650e-02
 3.18970e-04  1.53580e-02
 2.98533e-04  1.52081e-02
 4.38639e-04  1.52654e-02
 3.18970e-04  1.53580e-02

 1.41580e-03  1.36650e-02
 4.03684e-04  1.52285e-02
 4.11383e-04  1.50774e-02
 5.38451e-04  1.51596e-02
 4.03684e-04  1.52285e-02

 1.82031e-03  1.36650e-02
 5.83493e-04  1.50511e-02
 6.14300e-04  1.49029e-02
 7.27241e-04  1.50036e-02
 5.83493e-04  1.50511e-02

 2.22483e-03  1.36650e-02
 7.63833e-04  1.48500e-02
 8.17968e-04  1.47086e-02
 9.13317e-04  1.48262e-02
 7.63833e-04  1.48500e-02

 2.62934e-03  1.36650e-02
 9.93745e-04  1.46303e-02
 1.06817e-03  1.44985e-02
 1.14510e-03  1.46289e-02
 9.93745e-04  1.46303e-02

 3.03385e-03  1.36650e-02
 1.25446e-03  1.44046e-02
 1.34646e-03  1.42844e-02
 1.40456e-03  1.44242e-02
 1.25446e-03  1.44046e-02

 3.43837e-03  1.36650e-02
 1.55551e-03  1.41798e-02
 1.66200e-03  1.40722e-02
 1.70192e-03  1.42182e-02
 1.55551e-03  1.41798e-02

 2.03993e-04  1.42350e-02
 2.03993e-04  1.64160e-02
 1.28310e-04  1.62849e-02
 2.79677e-04  1.62849e-02
 2.03993e-04  1.64160e-02

 6.11979e-04  1.42350e-02
 1.79880e-04  1.64295e-02
 1.30947e-04  1.62863e-02
 2.79462e-04  1.63155e-02
 1.79880e-04  1.64295e-02

 1.01997e-03  1.42350e-02
 4.27326e-04  1.63062e-02
 3.90623e-04  1.61594e-02
 5.36150e-04  1.62010e-02
 4.27326e-04  1.63062e-02

 1.42795e-03  1.42350e-02
 5.58802e-04  1.61482e-02
 5.44115e-04  1.59975e-02
 6.81928e-04  1.60602e-02
 5.58802e-04  1.61482e-02

 1.83594e-03  1.42350e-02
 7.72206e-04  1.59289e-02
 7.77825e-04  1.57777e-02
 9.06013e-04  1.58582e-02
 7.72206e-04  1.59289e-02

 2.24392e-03  1.42350e-02
 9.84172e-04  1.56809e-02
 1.01322e-03  1.55324e-02
 1.12735e-03  1.56318e-02
 9.84172e-04  1.56809e-02

 2.65191e-03  1.42350e-02
 1.23860e-03  1.54099e-02
 1.29102e-03  1.52679e-02
 1.38778e-03  1.53843e-02
 1.23860e-03  1.54099e-02

 3.05990e-03  1.42350e-02
 1.51898e-03  1.51317e-02
 1.59421e-03  1.50004e-02
 1.67035e-03  1.51312e-02
 1.51898e-03  1.51317e-02

 3.46788e-03  1.42350e-02
 1.83418e-03  1.48547e-02
 1.92991e-03  1.47374e-02
 1.98359e-03  1.48789e-02
 1.83418e-03  1.48547e-02

 2.05729e-04  1.48050e-02
 2.05729e-04  1.72871e-02
 1.30046e-04  1.71560e-02
 2.81413e-04  1.71560e-02
 2.05729e-04  1.72871e-02

 6.17187e-04  1.48050e-02
 2.79094e-04  1.73075e-02
 2.21643e-04  1.71675e-02
 3.71647e-04  1.71878e-02
 2.79094e-04  1.73075e-02

 1.02865e-03  1.48050e-02
 5.66152e-04  1.71694e-02
 5.17041e-04  1.70262e-02
 6.65593e-04  1.70552e-02
 5.66152e-04  1.71694e-02

 1.44010e-03  1.48050e-02
 7.58567e-04  1.69898e-02
 7.25355e-04  1.68421e-02
 8.69854e-04  1.68872e-02
 7.58567e-04  1.69898e-02

 1.85156e-03  1.48050e-02
 1.01503e-03  1.67387e-02
 9.97618e-04  1.65884e-02
 1.13654e-03  1.66485e-02
 1.01503e-03  1.67387e-02

 2.26302e-03  1.48050e-02
 1.26816e-03  1.64541e-02
 1.27107e-03  1.63027e-02
 1.40068e-03  1.63809e-02
 1.26816e-03  1.64541e-02

 2.67448e-03  1.48050e-02
 1.55399e-03  1.61426e-02
 1.58015e-03  1.59935e-02
 1.69618e-03  1.60907e-02
 1.55399e-03  1.61426e-02

 3.08594e-03  1.48050e-02
 1.85949e-03  1.58225e-02
 1.91205e-03  1.56805e-02
 2.00870e-03  1.57970e-02
 1.85949e-03  1.58225e-02

 3.49740e-03  1.48050e-02
 2.19261e-03  1.55033e-02
 2.27248e-03  1.53747e-02
 2.34390e-03  1.55082e-02
 2.19261e-03  1.55033e-02

 2.07465e-04  1.53750e-02
 2.07465e-04  1.80843e-02
 1.31782e-04  1.79532e-02
 2.83149e-04  1.79532e-02
 2.07465e-04  1.80843e-02

 6.22396e-04  1.53750e-02
 3.91296e-04  1.81080e-02
 3.26927e-04  1.79710e-02
 4.77756e-04  1.79838e-02
 3.91296e-04  1.81080e-02

 1.03733e-03  1.53750e-02
 7.21908e-04  1.79611e-02
 6.62652e-04  1.78218e-02
 8.12905e-04  1.78401e-02
 7.21908e-04  1.79611e-02

 1.45226e-03  1.53750e-02
 9.83784e-04  1.77667e-02
 9.34710e-04  1.76235e-02
 1.08325e-03  1.76526e-02
 9.83784e-04  1.77667e-02

 1.86719e-03  1.53750e-02
 1.28882e-03  1.74934e-02
 1.25034e-03  1.73470e-02
 1.39636e-03  1.73869e-02
 1.28882e-03  1.74934e-02

 2.28212e-03  1.53750e-02
 1.58911e-03  1.71821e-02
 1.56539e-03  1.70326e-02
 1.70672e-03  1.70868e-02
 1.58911e-03  1.71821e-02

 2.69705e-03  1.53750e-02
 1.91100e-03  1.68404e-02
 1.90627e-03  1.66891e-02
 2.03966e-03  1.67606e-02
 1.91100e-03  1.68404e-02

 3.11198e-03  1.53750e-02
 2.24578e-03  1.64884e-02
 2.26654e-03  1.63384e-02
 2.38601e-03  1.64314e-02
 2.24578e-03  1.64884e-02

 3.52691e-03  1.53750e-02
 2.59971e-03  1.61363e-02
 2.65300e-03  1.59946e-02
 2.74905e-03  1.61116e-02
 2.59971e-03  1.61363e-02

 2.09201e-04  1.59450e-02
 2.09201e-04  1.87884e-02
 1.33518e-04  1.86573e-02
 2.84885e-04  1.86573e-02
 2.09201e-04  1.87884e-02

 6.27604e-04  1.59450e-02
 5.10370e-04  1.88127e-02
 4.40105e-04  1.86787e-02
 5.91345e-04  1.86848e-02
 5.10370e-04  1.88127e-02

 1.04601e-03  1.59450e-02
 8.86383e-04  1.86636e-02
 8.18513e-04  1.85283e-02
 9.69620e-04  1.85371e-02
 8.86383e-04  1.86636e-02

 1.46441e-03  1.59450e-02
 1.22268e-03  1.84616e-02
 1.15988e-03  1.83238e-02
 1.31055e-03  1.83383e-02
 1.22268e-03  1.84616e-02

 1.88281e-03  1.59450e-02
 1.57990e-03  1.81766e-02
 1.52254e-03  1.80365e-02
 1.67253e-03  1.80569e-02
 1.57990e-03  1.81766e-02

 2.30122e-03  1.59450e-02
 1.93159e-03  1.78500e-02
 1.88226e-03  1.77069e-02
 2.03086e-03  1.77358e-02
 1.93159e-03  1.78500e-02

 2.71962e-03  1.59450e-02
 2.29329e-03  1.74902e-02
 2.25520e-03  1.73437e-02
 2.40112e-03  1.73839e-02
 2.29329e-03  1.74902e-02

 3.13802e-03  1.59450e-02
 2.66064e-03  1.71178e-02
 2.63996e-03  1.69678e-02
 2.78016e-03  1.70249e-02
 2.66064e-03  1.71178e-02

 3.55642e-03  1.59450e-02
 3.03828e-03  1.67441e-02
 3.04609e-03  1.65930e-02
 3.17310e-03  1.66753e-02
 3.03828e-03  1.67441e-02

 2.10937e-04  1.65150e-02
 2.10937e-04  1.94037e-02
 1.35254e-04  1.92726e-02
 2.86621e-04  1.92726e-02
 2.10938e-04  1.94037e-02

 6.32812e-04  1.65150e-02
 6.30597e-04  1.94265e-02
 5.55013e-04  1.92953e-02
 7.06380e-04  1.92954e-02
 6.30597e-04  1.94265e-02

 1.05469e-03  1.65150e-02
 1.05197e-03  1.92804e-02
 9.76412e-04  1.91492e-02
 1.12778e-03  1.91494e-02
 1.05197e-03  1.92804e-02

 1.47656e-03  1.65150e-02
 1.46435e-03  1.90776e-02
 1.38929e-03  1.89462e-02
 1.54066e-03  1.89469e-02
 1.46435e-03  1.90776e-02

 1.89844e-03  1.65150e-02
 1.87527e-03  1.87908e-02
 1.80093e-03  1.86590e-02
 1.95229e-03  1.86605e-02
 1.87527e-03  1.87908e-02

 2.32031e-03  1.65150e-02
 2.28067e-03  1.84597e-02
 2.20767e-03  1.83271e-02
 2.35901e-03  1.83302e-02
 2.28067e-03  1.84597e-02

 2.74219e-03  1.65150e-02
 2.68456e-03  1.80932e-02
 2.61371e-03  1.79594e-02
 2.76498e-03  1.79649e-02
 2.68456e-03  1.80932e-02

 3.16406e-03  1.65150e-02
 3.08708e-03  1.77120e-02
 3.01997e-03  1.75763e-02
 3.17102e-03  1.75860e-02
 3.08708e-03  1.77120e-02

 3.58594e-03  1.65150e-02
 3.49073e-03  1.73279e-02
 3.43081e-03  1.71889e-02
 3.58115e-03  1.72065e-02
 3.49073e-03  1.73279e-02

 2.12674e-04  1.70850e-02
 2.12674e-04  1.99300e-02
 1.36990e-04  1.97989e-02
 2.88357e-04  1.97989e-02
 2.12674e-04  1.99300e-02

 6.38021e-04  1.70850e-02
 7.47815e-04  1.99495e-02
 6.67166e-04  1.98214e-02
 8.18422e-04  1.98156e-02
 7.47815e-04  1.99495e-02

 1.06337e-03  1.70850e-02
 1.21322e-03  1.98110e-02
 1.13046e-03  1.96842e-02
 1.28160e-03  1.96759e-02
 1.21322e-03  1.98110e-02

 1.48872e-03  1.70850e-02
 1.70085e-03  1.96134e-02
 1.61447e-03  1.94891e-02
 1.76531e-03  1.94764e-02
 1.70085e-03  1.96134e-02

 1.91406e-03  1.70850e-02
 2.16547e-03  1.93335e-02
 2.07569e-03  1.92116e-02
 2.22612e-03  1.91948e-02
 2.16547e-03  1.93335e-02

 2.33941e-03  1.70850e-02
 2.62530e-03  1.90078e-02
 2.53116e-03  1.88893e-02
 2.68089e-03  1.88670e-02
 2.62530e-03  1.90078e-02

 2.76476e-03  1.70850e-02
 3.07269e-03  1.86457e-02
 2.97306e-03  1.85317e-02
 3.12157e-03  1.85024e-02
 3.07269e-03  1.86457e-02

 3.19010e-03  1.70850e-02
 3.51201e-03  1.82671e-02
 3.40454e-03  1.81605e-02
 3.55059e-03  1.81207e-02
 3.51201e-03  1.82671e-02

 3.61545e-03  1.70850e-02
 3.94338e-03  1.78840e-02
 3.82359e-03  1.77915e-02
 3.96362e-03  1.77340e-02
 3.94338e-03  1.78840e-02

 2.14410e-04  1.76550e-02
 2.14410e-04  2.03722e-02
 1.38726e-04  2.02411e-02
 2.90093e-04  2.02411e-02
 2.14410e-04  2.03722e-02

 6.43229e-04  1.76550e-02
 8.58208e-04  2.03870e-02
 7.72475e-04  2.02623e-02
 9.23375e-04  2.02504e-02
 8.58208e-04  2.03870e-02

 1.07205e-03  1.76550e-02
 1.36513e-03  2.02593e-02
 1.27526e-03  2.01375e-02
 1.42568e-03  2.01205e-02
 1.36513e-03  2.02593e-02

 1.50087e-03  1.76550e-02
 1.92474e-03  2.00720e-02
 1.82755e-03  1.99559e-02
 1.97664e-03  1.99298e-02
 1.92474e-03  2.00720e-02

 1.92969e-03  1.76550e-02
 2.44137e-03  1.98067e-02
 2.33741e-03  1.96967e-02
 2.48467e-03  1.96616e-02
 2.44137e-03  1.98067e-02

 2.35851e-03  1.76550e-02
 2.95458e-03  1.94956e-02
 2.84219e-03  1.93942e-02
 2.98620e-03  1.93476e-02
 2.95458e-03  1.94956e-02

 2.78733e-03  1.76550e-02
 3.44527e-03  1.91482e-02
 3.32315e-03  1.90587e-02
 3.46167e-03  1.89977e-02
 3.44527e-03  1.91482e-02

 3.21615e-03  1.76550e-02
 3.92170e-03  1.87831e-02
 3.78802e-03  1.87121e-02
 3.91636e-03  1.86319e-02
 3.92170e-03  1.87831e-02

 3.64497e-03  1.76550e-02
 4.38143e-03  1.84124e-02
 4.23579e-03  1.83711e-02
 4.34431e-03  1.82656e-02
 4.38143e-03  1.84124e-02

 2.16146e-04  1.82250e-02
 2.16146e-04  2.07399e-02
 1.40462e-04  2.06088e-02
 2.91829e-04  2.06088e-02
 2.16146e-04  2.07399e-02

 6.48438e-04  1.82250e-02
 9.59042e-04  2.07487e-02
 8.67913e-04  2.06278e-02
 1.01815e-03  2.06093e-02
 9.59042e-04  2.07487e-02

 1.08073e-03  1.82250e-02
 1.50419e-03  2.06336e-02
 1.40695e-03  2.05176e-02
 1.55603e-03  2.04914e-02
 1.50419e-03  2.06336e-02

 1.51302e-03  1.82250e-02
 2.13054e-03  2.04603e-02
 2.02268e-03  2.03541e-02
 2.16858e-03  2.03138e-02
 2.13054e-03  2.04603e-02

 1.94531e-03  1.82250e-02
 2.69598e-03  2.02157e-02
 2.57891e-03  2.01197e-02
 2.72054e-03  2.00663e-02
 2.69598e-03  2.02157e-02

 2.37760e-03  1.82250e-02
 3.25970e-03  1.99269e-02
 3.13218e-03  1.98453e-02
 3.26657e-03  1.97757e-02
 3.25970e-03  1.99269e-02

 2.80990e-03  1.82250e-02
 3.79181e-03  1.96031e-02
 3.65411e-03  1.95403e-02
 3.77738e-03  1.94524e-02
 3.79181e-03  1.96031e-02

 3.24219e-03  1.82250e-02
 4.30403e-03  1.92616e-02
 4.15736e-03  1.92241e-02
 4.26309e-03  1.91158e-02
 4.30403e-03  1.92616e-02

 3.67448e-03  1.82250e-02
 4.79126e-03  1.89135e-02
 4.63996e-03  1.89091e-02
 4.71940e-03  1.87803e-02
 4.79126e-03  1.89135e-02

 2.17882e-04  1.87950e-02
 2.17882e-04  2.10373e-02
 1.42198e-04  2.09062e-02
 2.93565e-04  2.09062e-02
 2.17882e-04  2.10373e-02

 6.53646e-04  1.87950e-02
 1.04694e-03  2.10389e-02
 9.49764e-04  2.09228e-02
 1.09886e-03  2.08967e-02
 1.04694e-03  2.10389e-02

 1.08941e-03  1.87950e-02
 1.62589e-03  2.09379e-02
 1.52064e-03  2.08291e-02
 1.66747e-03  2.07924e-02
 1.62589e-03  2.09379e-02

 1.52517e-03  1.87950e-02
 2.31130e-03  2.07821e-02
 2.19270e-03  2.06880e-02
 2.33345e-03  2.06323e-02
 2.31130e-03  2.07821e-02

 1.96094e-03  1.87950e-02
 2.92030e-03  2.05638e-02
 2.79127e-03  2.04847e-02
 2.92433e-03  2.04125e-02
 2.92030e-03  2.05638e-02

 2.39670e-03  1.87950e-02
 3.52923e-03  2.03044e-02
 3.39002e-03  2.02449e-02
 3.51109e-03  2.01541e-02
 3.52923e-03  2.03044e-02

 2.83247e-03  1.87950e-02
 4.09873e-03  2.00131e-02
 3.95178e-03  1.99768e-02
 4.05672e-03  1.98677e-02
 4.09873e-03  2.00131e-02

 3.26823e-03  1.87950e-02
 4.64317e-03  1.97048e-02
 4.49208e-03  1.96956e-02
 4.57561e-03  1.95693e-02
 4.64317e-03  1.97048e-02

 3.70399e-03  1.87950e-02
 5.15507e-03  1.93901e-02
 5.00507e-03  1.94104e-02
 5.06251e-03  1.92703e-02
 5.15507e-03  1.93901e-02

 2.19618e-04  1.93650e-02
 2.19618e-04  2.12861e-02
 1.43935e-04  2.11550e-02
 2.95302e-04  2.11550e-02
 2.19618e-04  2.12861e-02

 6.58854e-04  1.93650e-02
 1.12003e-03  2.12782e-02
 1.01574e-03  2.11685e-02
 1.16289e-03  2.11330e-02
 1.12003e-03  2.12782e-02

 1.09809e-03  1.93650e-02
 1.72763e-03  2.11918e-02
 1.61336e-03  2.10926e-02
 1.75647e-03  2.10433e-02
 1.72763e-03  2.11918e-02

 1.53733e-03  1.93650e-02
 2.46225e-03  2.10552e-02
 2.33293e-03  2.09766e-02
 2.46572e-03  2.09039e-02
 2.46225e-03  2.10552e-02

 1.97656e-03  1.93650e-02
 3.10765e-03  2.08668e-02
 2.96833e-03  2.08076e-02
 3.08924e-03  2.07165e-02
 3.10765e-03  2.08668e-02

 2.41580e-03  1.93650e-02
 3.75426e-03  2.06419e-02
 3.60717e-03  2.06061e-02
 3.71165e-03  2.04966e-02
 3.75426e-03  2.06419e-02

 2.85503e-03  1.93650e-02
 4.35455e-03  2.03894e-02
 4.20362e-03  2.03779e-02
 4.28900e-03  2.02529e-02
 4.35455e-03  2.03894e-02

 3.29427e-03  1.93650e-02
 4.92517e-03  2.01216e-02
 4.77441e-03  2.01351e-02
 4.83811e-03  1.99978e-02
 4.92517e-03  2.01216e-02

 3.73351e-03  1.93650e-02
 5.45659e-03  1.98484e-02
 5.30993e-03  1.98859e-02
 5.35082e-03  1.97402e-02
 5.45659e-03  1.98484e-02

 2.21354e-04  1.99350e-02
 2.21354e-04  2.14801e-02
 1.45671e-04  2.13490e-02
 2.97038e-04  2.13490e-02
 2.21354e-04  2.14801e-02

 6.64062e-04  1.99350e-02
 1.17231e-03  2.14621e-02
 1.05910e-03  2.13617e-02
 1.20272e-03  2.13139e-02
 1.17231e-03  2.14621e-02

 1.10677e-03  1.99350e-02
 1.80084e-03  2.13921e-02
 1.67614e-03  2.13063e-02
 1.81279e-03  2.12412e-02
 1.80084e-03  2.13921e-02

 1.54948e-03  1.99350e-02
 2.57052e-03  2.12783e-02
 2.43095e-03  2.12197e-02
 2.55145e-03  2.11281e-02
 2.57052e-03  2.12783e-02

 1.99219e-03  1.99350e-02
 3.24149e-03  2.11250e-02
 3.09438e-03  2.10894e-02
 3.19878e-03  2.09798e-02
 3.24149e-03  2.11250e-02

 2.43490e-03  1.99350e-02
 3.91421e-03  2.09414e-02
 3.76325e-03  2.09302e-02
 3.84839e-03  2.08051e-02
 3.91421e-03  2.09414e-02

 2.87760e-03  1.99350e-02
 4.53537e-03  2.07358e-02
 4.38442e-03  2.07469e-02
 4.45026e-03  2.06106e-02
 4.53537e-03  2.07358e-02

 3.32031e-03  1.99350e-02
 5.12324e-03  2.05177e-02
 4.97523e-03  2.05494e-02
 5.02179e-03  2.04054e-02
 5.12324e-03  2.05177e-02

 3.76302e-03  1.99350e-02
 5.66676e-03  2.02958e-02
 5.52388e-03  2.03457e-02
 5.55206e-03  2.01970e-02
 5.66676e-03  2.02958e-02

 2.23090e-04  2.05050e-02
 2.23090e-04  2.16739e-02
 1.47407e-04  2.15428e-02
 2.98774e-04  2.15428e-02
 2.23090e-04  2.16739e-02

 6.69271e-04  2.05050e-02
 1.20260e-03  2.16421e-02
 1.07841e-03  2.15556e-02
 1.21546e-03  2.14913e-02
 1.20260e-03  2.16421e-02

 1.11545e-03  2.05050e-02
 1.84217e-03  2.15886e-02
 1.70630e-03  2.15219e-02
 1.83202e-03  2.14376e-02
 1.84217e-03  2.15886e-02

 1.56163e-03  2.05050e-02
 2.62975e-03  2.14974e-02
 2.48220e-03  2.14636e-02
 2.58523e-03  2.13527e-02
 2.62975e-03  2.14974e-02

 2.00781e-03  2.05050e-02
 3.31252e-03  2.13798e-02
 3.16149e-03  2.13697e-02
 3.24579e-03  2.12440e-02
 3.31252e-03  2.13798e-02

 2.45399e-03  2.05050e-02
 3.99688e-03  2.12382e-02
 3.84599e-03  2.12503e-02
 3.91096e-03  2.11135e-02
 3.99688e-03  2.12382e-02

 2.90017e-03  2.05050e-02
 4.62598e-03  2.10806e-02
 4.47768e-03  2.11110e-02
 4.52558e-03  2.09674e-02
 4.62598e-03  2.10806e-02

 3.34635e-03  2.05050e-02
 5.21937e-03  2.09138e-02
 5.07516e-03  2.09598e-02
 5.10744e-03  2.08119e-02
 5.21937e-03  2.09138e-02

 3.79253e-03  2.05050e-02
 5.76507e-03  2.07449e-02
 5.62581e-03  2.08042e-02
 5.64408e-03  2.06539e-02
 5.76507e-03  2.07449e-02

 2.24826e-04  2.10750e-02
 2.24826e-04  2.18156e-02
 1.49143e-04  2.16846e-02
 3.00510e-04  2.16846e-02
 2.24826e-04  2.18156e-02

 6.74479e-04  2.10750e-02
 1.19349e-03  2.17781e-02
 1.05474e-03  2.17176e-02
 1.17653e-03  2.16277e-02
 1.19349e-03  2.17781e-02

 1.12413e-03  2.10750e-02
 1.82655e-03  2.17454e-02
 1.67947e-03  2.17096e-02
 1.78398e-03  2.16001e-02
 1.82655e-03  2.17454e-02

 1.57378e-03  2.10750e-02
 2.60444e-03  2.16842e-02
 2.45308e-03  2.16827e-02
 2.53011e-03  2.15524e-02
 2.60444e-03  2.16842e-02

 2.02344e-03  2.10750e-02
 3.27774e-03  2.16098e-02
 3.12747e-03  2.16280e-02
 3.18684e-03  2.14887e-02
 3.27774e-03  2.16098e-02

 2.47309e-03  2.10750e-02
 3.95263e-03  2.15189e-02
 3.80532e-03  2.15537e-02
 3.84882e-03  2.14087e-02
 3.95263e-03  2.15189e-02

 2.92274e-03  2.10750e-02
 4.57242e-03  2.14187e-02
 4.42865e-03  2.14661e-02
 4.45952e-03  2.13179e-02
 4.57242e-03  2.14187e-02

 3.37240e-03  2.10750e-02
 5.15716e-03  2.13128e-02
 5.01723e-03  2.13705e-02
 5.03722e-03  2.12205e-02
 5.15716e-03  2.13128e-02

 3.82205e-03  2.10750e-02
 5.69468e-03  2.12062e-02
 5.55863e-03  2.12726e-02
 5.56921e-03  2.11216e-02
 5.69468e-03  2.12062e-02

 2.26562e-04  2.16450e-02
 2.26562e-04  2.20731e-02
 1.50879e-04  2.19420e-02
 3.02246e-04  2.19420e-02
 2.26563e-04  2.20731e-02

 6.79687e-04  2.16450e-02
 1.14905e-03  2.20215e-02
 9.99442e-04  2.19985e-02
 1.09415e-03  2.18804e-02
 1.14905e-03  2.20215e-02

 1.13281e-03  2.16450e-02
 1.75047e-03  2.20092e-02
 1.59911e-03  2.20078e-02
 1.67600e-03  2.18775e-02
 1.75047e-03  2.20092e-02

 1.58594e-03  2.16450e-02
 2.49028e-03  2.19686e-02
 2.34136e-03  2.19957e-02
 2.39235e-03  2.18531e-02
 2.49028e-03  2.19686e-02

 2.03906e-03  2.16450e-02
 3.13027e-03  2.19270e-02
 2.98441e-03  2.19674e-02
 3.02228e-03  2.18209e-02
 3.13027e-03  2.19270e-02

 2.49219e-03  2.16450e-02
 3.77389e-03  2.18730e-02
 3.63157e-03  2.19245e-02
 3.65808e-03  2.17755e-02
 3.77389e-03  2.18730e-02

 2.94531e-03  2.16450e-02
 4.36612e-03  2.18152e-02
 4.22696e-03  2.18747e-02
 4.24496e-03  2.17244e-02
 4.36612e-03  2.18152e-02

 3.39844e-03  2.16450e-02
 4.92709e-03  2.17538e-02
 4.79096e-03  2.18199e-02
 4.80171e-03  2.16690e-02
 4.92709e-03  2.17538e-02

 3.85156e-03  2.16450e-02
 5.44523e-03  2.16927e-02
 5.31194e-03  2.17644e-02
 5.31646e-03  2.16131e-02
 5.44523e-03  2.16927e-02

 2.28299e-04  2.22150e-02
 2.28299e-04  2.22150e-02
 9.72110e-05  2.22907e-02
 9.72110e-05  2.21393e-02
 2.28299e-04  2.22150e-02

 6.84896e-04  2.22150e-02
 1.00503e-03  2.22150e-02
 8.73942e-04  2.22907e-02
 8.73942e-04  2.21393e-02
 1.00503e-03  2.22150e-02

 1.14149e-03  2.22150e-02
 1.54526e-03  2.22150e-02
 1.41418e-03  2.22907e-02
 1.41418e-03  2.21393e-02
 1.54526e-03  2.22150e-02

 1.59809e-03  2.22150e-02
 2.19104e-03  2.22150e-02
 2.05995e-03  2.22907e-02
 2.05995e-03  2.21393e-02
 2.19104e-03  2.22150e-02

 2.05469e-03  2.22150e-02
 2.76273e-03  2.22150e-02
 2.63164e-03  2.22907e-02
 2.63164e-03  2.21393e-02
 2.76273e-03  2.22150e-02

 2.51128e-03  2.22150e-02
 3.34055e-03  2.22150e-02
 3.20946e-03  2.22907e-02
 3.20946e-03  2.21393e-02
 3.34055e-03  2.22150e-02

 2.96788e-03  2.22150e-02
 3.88252e-03  2.22150e-02
 3.75143e-03  2.22907e-02
 3.75143e-03  2.21393e-02
 3.88252e-03  2.22150e-02

 3.42448e-03  2.22150e-02
 4.40458e-03  2.22150e-02
 4.27349e-03  2.22907e-02
 4.27349e-03  2.21393e-02
 4.40458e-03  2.22150e-02

 3.88108e-03  2.22150e-02
 4.89841e-03  2.22150e-02
 4.76733e-03  2.22907e-02
 4.76733e-03  2.21393e-02
 4.89841e-03  2.22150e-02

 3.76510e-03  1.13850e-02
 2.56613e-03  1.13850e-02
 2.69721e-03  1.13093e-02
 2.69721e-03  1.14607e-02
 2.56613e-03  1.13850e-02

 4.26406e-03  1.13850e-02
 3.03860e-03  1.13850e-02
 3.16968e-03  1.13093e-02
 3.16968e-03  1.14607e-02
 3.03860e-03  1.13850e-02

 4.76302e-03  1.13850e-02
 3.54172e-03  1.13850e-02
 3.67280e-03  1.13093e-02
 3.67280e-03  1.14607e-02
 3.54172e-03  1.13850e-02

 5.26198e-03  1.13850e-02
 4.07329e-03  1.13850e-02
 4.20438e-03  1.13093e-02
 4.20438e-03  1.14607e-02
 4.07329e-03  1.13850e-02

 5.76094e-03  1.13850e-02
 4.63000e-03  1.13850e-02
 4.76109e-03  1.13093e-02
 4.76109e-03  1.14607e-02
 4.63000e-03  1.13850e-02

 6.25990e-03  1.13850e-02
 5.20835e-03  1.13850e-02
 5.33944e-03  1.13093e-02
 5.33944e-03  1.14607e-02
 5.20835e-03  1.13850e-02

 6.75885e-03  1.13850e-02
 5.80509e-03  1.13850e-02
 5.93618e-03  1.13093e-02
 5.93618e-03  1.14607e-02
 5.80509e-03  1.13850e-02

 7.25781e-03  1.13850e-02
 6.41591e-03  1.13850e-02
 6.54700e-03  1.13093e-02
 6.54700e-03  1.14607e-02
 6.41591e-03  1.13850e-02

 7.75677e-03  1.13850e-02
 7.03795e-03  1.13850e-02
 7.16904e-03  1.13093e-02
 7.16904e-03  1.14607e-02
 7.03795e-03  1.13850e-02

 8.25573e-03  1.13850e-02
 7.66443e-03  1.13850e-02
 7.79552e-03  1.13093e-02
 7.79552e-03  1.14607e-02
 7.66443e-03  1.13850e-02

 8.75469e-03  1.13850e-02
 8.29594e-03  1.13850e-02
 8.42703e-03  1.13093e-02
 8.42703e-03  1.14607e-02
 8.29594e-03  1.13850e-02

 9.25365e-03  1.13850e-02
 8.91693e-03  1.13850e-02
 9.04802e-03  1.13093e-02
 9.04802e-03  1.14607e-02
 8.91693e-03  1.13850e-02

 9.75260e-03  1.13850e-02
 9.54427e-03  1.13850e-02
 9.67536e-03  1.13093e-02
 9.67536e-03  1.14607e-02
 9.54427e-03  1.13850e-02

 1.02516e-02  1.13850e-02
 1.01282e-02  1.13850e-02
 1.02593e-02  1.13093e-02
 1.02593e-02  1.14607e-02
 1.01282e-02  1.13850e-02

 1.07505e-02  1.13850e-02
 1.07505e-02  1.13850e-02
 1.08967e-02  1.14242e-02
 1.07897e-02  1.15312e-02
 1.07505e-02  1.13850e-02

 3.79531e-03  1.19550e-02
 1.97043e-03  1.20738e-02
 2.09633e-03  1.19897e-02
 2.10616e-03  1.21408e-02
 1.97043e-03  1.20738e-02

 4.29219e-03  1.19550e-02
 2.43499e-03  1.20013e-02
 2.56415e-03  1.19223e-02
 2.56792e-03  1.20737e-02
 2.43499e-03  1.20013e-02

 4.78906e-03  1.19550e-02
 2.94609e-03  1.19345e-02
 3.07802e-03  1.18603e-02
 3.07633e-03  1.20116e-02
 2.94609e-03  1.19345e-02

 5.28594e-03  1.19550e-02
 3.49920e-03  1.18742e-02
 3.63358e-03  1.18045e-02
 3.62674e-03  1.19557e-02
 3.49920e-03  1.18742e-02

 5.78281e-03  1.19550e-02
 4.08939e-03  1.18210e-02
 4.22604e-03  1.17559e-02
 4.21410e-03  1.19068e-02
 4.08939e-03  1.18210e-02

 6.27969e-03  1.19550e-02
 4.71137e-03  1.17754e-02
 4.85022e-03  1.17151e-02
 4.83300e-03  1.18655e-02
 4.71137e-03  1.17754e-02

 6.77656e-03  1.19550e-02
 5.36007e-03  1.17377e-02
 5.50112e-03  1.16828e-02
 5.47817e-03  1.18324e-02
 5.36007e-03  1.17377e-02

 7.27344e-03  1.19550e-02
 6.02935e-03  1.17085e-02
 6.17265e-03  1.16598e-02
 6.14323e-03  1.18082e-02
 6.02935e-03  1.17085e-02

 7.77031e-03  1.19550e-02
 6.71460e-03  1.16883e-02
 6.86024e-03  1.16470e-02
 6.82316e-03  1.17938e-02
 6.71460e-03  1.16883e-02

 8.26719e-03  1.19550e-02
 7.40644e-03  1.16780e-02
 7.55441e-03  1.16461e-02
 7.50804e-03  1.17902e-02
 7.40644e-03  1.16780e-02

 8.76406e-03  1.19550e-02
 8.10406e-03  1.16776e-02
 8.25424e-03  1.16586e-02
 8.19558e-03  1.17981e-02
 8.10406e-03  1.16776e-02

 9.26094e-03  1.19550e-02
 8.78661e-03  1.16888e-02
 8.93796e-03  1.16869e-02
 8.86387e-03  1.18189e-02
 8.78661e-03  1.16888e-02

 9.75781e-03  1.19550e-02
 9.47195e-03  1.17103e-02
 9.62075e-03  1.17380e-02
 9.52232e-03  1.18530e-02
 9.47195e-03  1.17103e-02

 1.02547e-02  1.19550e-02
 1.00974e-02  1.17484e-02
 1.02371e-02  1.18069e-02
 1.01166e-02  1.18985e-02
 1.00974e-02  1.17484e-02

 1.07516e-02  1.19550e-02
 1.07516e-02  1.18016e-02
 1.08272e-02  1.19327e-02
 1.06759e-02  1.19327e-02
 1.07516e-02  1.18016e-02

 3.82552e-03  1.25250e-02
 1.75376e-03  1.26768e-02
 1.87897e-03  1.25917e-02
 1.89003e-03  1.27427e-02
 1.75376e-03  1.26768e-02

 4.32031e-03  1.25250e-02
 2.21624e-03  1.25555e-02
 2.34621e-03  1.24779e-02
 2.34841e-03  1.26293e-02
 2.21624e-03  1.25555e-02

 4.81510e-03  1.25250e-02
 2.73033e-03  1.24445e-02
 2.86424e-03  1.23739e-02
 2.85840e-03  1.25252e-02
 2.73033e-03  1.24445e-02

 5.30990e-03  1.25250e-02
 3.29104e-03  1.23451e-02
 3.42833e-03  1.22813e-02
 3.41489e-03  1.24321e-02
 3.29104e-03  1.23451e-02

 5.80469e-03  1.25250e-02
 3.89315e-03  1.22580e-02
 4.03345e-03  1.22012e-02
 4.01251e-03  1.23511e-02
 3.89315e-03  1.22580e-02

 6.29948e-03  1.25250e-02
 4.53076e-03  1.21838e-02
 4.67381e-03  1.21343e-02
 4.64514e-03  1.22830e-02
 4.53076e-03  1.21838e-02

 6.79427e-03  1.25250e-02
 5.19833e-03  1.21231e-02
 5.34393e-03  1.20817e-02
 5.30697e-03  1.22285e-02
 5.19833e-03  1.21231e-02

 7.28906e-03  1.25250e-02
 5.88892e-03  1.20768e-02
 6.03684e-03  1.20447e-02
 5.99069e-03  1.21888e-02
 5.88892e-03  1.20768e-02

 7.78385e-03  1.25250e-02
 6.59729e-03  1.20459e-02
 6.74718e-03  1.20248e-02
 6.69051e-03  1.21652e-02
 6.59729e-03  1.20459e-02

 8.27865e-03  1.25250e-02
 7.31300e-03  1.20318e-02
 7.46417e-03  1.20240e-02
 7.39532e-03  1.21588e-02
 7.31300e-03  1.20318e-02

 8.77344e-03  1.25250e-02
 8.03456e-03  1.20359e-02
 8.18565e-03  1.20451e-02
 8.10209e-03  1.21713e-02
 8.03456e-03  1.20359e-02

 9.26823e-03  1.25250e-02
 8.73947e-03  1.20601e-02
 8.88789e-03  1.20898e-02
 8.78794e-03  1.22035e-02
 8.73947e-03  1.20601e-02

 9.76302e-03  1.25250e-02
 9.44523e-03  1.21068e-02
 9.58480e-03  1.21654e-02
 9.46428e-03  1.22569e-02
 9.44523e-03  1.21068e-02

 1.02578e-02  1.25250e-02
 1.00843e-02  1.21815e-02
 1.02110e-02  1.22644e-02
 1.00758e-02  1.23326e-02
 1.00843e-02  1.21815e-02

 1.07526e-02  1.25250e-02
 1.07526e-02  1.22889e-02
 1.08283e-02  1.24200e-02
 1.06769e-02  1.24200e-02
 1.07526e-02  1.22889e-02

 3.85573e-03  1.30950e-02
 1.75029e-03  1.33243e-02
 1.87242e-03  1.32348e-02
 1.88880e-03  1.33853e-02
 1.75029e-03  1.33243e-02

 4.34844e-03  1.30950e-02
 2.21151e-03  1.31338e-02
 2.34120e-03  1.30558e-02
 2.34396e-03  1.32071e-02
 2.21151e-03  1.31338e-02

 4.84115e-03  1.30950e-02
 2.72481e-03  1.29593e-02
 2.86047e-03  1.28922e-02
 2.85079e-03  1.30432e-02
 2.72481e-03  1.29593e-02

 5.33385e-03  1.30950e-02
 3.28510e-03  1.28027e-02
 3.42556e-03  1.27463e-02
 3.40419e-03  1.28962e-02
 3.28510e-03  1.28027e-02

 5.82656e-03  1.30950e-02
 3.88732e-03  1.26654e-02
 4.03168e-03  1.26199e-02
 3.99894e-03  1.27676e-02
 3.88732e-03  1.26654e-02

 6.31927e-03  1.30950e-02
 4.52580e-03  1.25482e-02
 4.67326e-03  1.25140e-02
 4.62912e-03  1.26588e-02
 4.52580e-03  1.25482e-02

 6.81198e-03  1.30950e-02
 5.19485e-03  1.24524e-02
 5.34462e-03  1.24304e-02
 5.28872e-03  1.25711e-02
 5.19485e-03  1.24524e-02

 7.30469e-03  1.30950e-02
 5.88744e-03  1.23793e-02
 6.03857e-03  1.23708e-02
 5.97034e-03  1.25059e-02
 5.88744e-03  1.23793e-02

 7.79740e-03  1.30950e-02
 6.59812e-03  1.23308e-02
 6.74934e-03  1.23374e-02
 6.66800e-03  1.24651e-02
 6.59812e-03  1.23308e-02

 8.29010e-03  1.30950e-02
 7.31628e-03  1.23091e-02
 7.46583e-03  1.23325e-02
 7.37077e-03  1.24503e-02
 7.31628e-03  1.23091e-02

 8.78281e-03  1.30950e-02
 8.04008e-03  1.23167e-02
 8.18533e-03  1.23593e-02
 8.07583e-03  1.24638e-02
 8.04008e-03  1.23167e-02

 9.27552e-03  1.30950e-02
 8.74671e-03  1.23566e-02
 8.88456e-03  1.24192e-02
 8.76150e-03  1.25073e-02
 8.74671e-03  1.23566e-02

 9.76823e-03  1.30950e-02
 9.45246e-03  1.24338e-02
 9.57725e-03  1.25195e-02
 9.44066e-03  1.25847e-02
 9.45246e-03  1.24338e-02

 1.02609e-02  1.30950e-02
 1.00908e-02  1.25539e-02
 1.02023e-02  1.26563e-02
 1.00579e-02  1.27017e-02
 1.00908e-02  1.25539e-02

 1.07536e-02  1.30950e-02
 1.07536e-02  1.27286e-02
 1.08293e-02  1.28597e-02
 1.06780e-02  1.28597e-02
 1.07536e-02  1.27286e-02

 3.88594e-03  1.36650e-02
 1.92831e-03  1.39397e-02
 2.04761e-03  1.38465e-02
 2.06864e-03  1.39964e-02
 1.92831e-03  1.39397e-02

 4.37656e-03  1.36650e-02
 2.38874e-03  1.36929e-02
 2.51875e-03  1.36154e-02
 2.52087e-03  1.37668e-02
 2.38874e-03  1.36929e-02

 4.86719e-03  1.36650e-02
 2.89715e-03  1.34667e-02
 3.03515e-03  1.34045e-02
 3.02000e-03  1.35552e-02
 2.89715e-03  1.34667e-02

 5.35781e-03  1.36650e-02
 3.44930e-03  1.32637e-02
 3.59316e-03  1.32166e-02
 3.56201e-03  1.33648e-02
 3.44930e-03  1.32637e-02

 5.84844e-03  1.36650e-02
 4.04074e-03  1.30855e-02
 4.18867e-03  1.30534e-02
 4.14246e-03  1.31976e-02
 4.04074e-03  1.30855e-02

 6.33906e-03  1.36650e-02
 4.66616e-03  1.29335e-02
 4.81658e-03  1.29166e-02
 4.75594e-03  1.30553e-02
 4.66616e-03  1.29335e-02

 6.82969e-03  1.36650e-02
 5.32041e-03  1.28092e-02
 5.47177e-03  1.28081e-02
 5.39711e-03  1.29397e-02
 5.32041e-03  1.28092e-02

 7.32031e-03  1.36650e-02
 5.99699e-03  1.27148e-02
 6.14761e-03  1.27298e-02
 6.05932e-03  1.28527e-02
 5.99699e-03  1.27148e-02

 7.81094e-03  1.36650e-02
 6.69067e-03  1.26528e-02
 6.83868e-03  1.26845e-02
 6.73720e-03  1.27968e-02
 6.69067e-03  1.26528e-02

 8.30156e-03  1.36650e-02
 7.39170e-03  1.26261e-02
 7.53500e-03  1.26748e-02
 7.42113e-03  1.27746e-02
 7.39170e-03  1.26261e-02

 8.79219e-03  1.36650e-02
 8.09803e-03  1.26387e-02
 8.23416e-03  1.27048e-02
 8.10878e-03  1.27896e-02
 8.09803e-03  1.26387e-02

 9.28281e-03  1.36650e-02
 8.78837e-03  1.26944e-02
 8.91531e-03  1.27768e-02
 8.78043e-03  1.28455e-02
 8.78837e-03  1.26944e-02

 9.77344e-03  1.36650e-02
 9.47799e-03  1.28009e-02
 9.59202e-03  1.29005e-02
 9.44879e-03  1.29494e-02
 9.47799e-03  1.28009e-02

 1.02641e-02  1.36650e-02
 1.01039e-02  1.29636e-02
 1.02069e-02  1.30746e-02
 1.00593e-02  1.31082e-02
 1.01039e-02  1.29636e-02

 1.07547e-02  1.36650e-02
 1.07547e-02  1.31975e-02
 1.08304e-02  1.33286e-02
 1.06790e-02  1.33286e-02
 1.07547e-02  1.31975e-02

 3.91615e-03  1.42350e-02
 2.21471e-03  1.45607e-02
 2.32922e-03  1.44618e-02
 2.35769e-03  1.46104e-02
 2.21471e-03  1.45607e-02

 4.40469e-03  1.42350e-02
 2.67418e-03  1.42598e-02
 2.80417e-03  1.41823e-02
 2.80635e-03  1.43336e-02
 2.67418e-03  1.42598e-02

 4.89323e-03  1.42350e-02
 3.17529e-03  1.39834e-02
 3.31596e-03  1.39275e-02
 3.29403e-03  1.40773e-02
 3.17529e-03  1.39834e-02

 5.38177e-03  1.42350e-02
 3.71492e-03  1.37346e-02
 3.86223e-03  1.36998e-02
 3.81871e-03  1.38448e-02
 3.71492e-03  1.37346e-02

 5.87031e-03  1.42350e-02
 4.28921e-03  1.35158e-02
 4.43987e-03  1.35012e-02
 4.37720e-03  1.36390e-02
 4.28921e-03  1.35158e-02

 6.35885e-03  1.42350e-02
 4.89362e-03  1.33288e-02
 5.04492e-03  1.33334e-02
 4.96530e-03  1.34622e-02
 4.89362e-03  1.33288e-02

 6.84740e-03  1.42350e-02
 5.52384e-03  1.31760e-02
 5.67348e-03  1.31988e-02
 5.57892e-03  1.33170e-02
 5.52384e-03  1.31760e-02

 7.33594e-03  1.42350e-02
 6.17389e-03  1.30599e-02
 6.31988e-03  1.30999e-02
 6.21225e-03  1.32063e-02
 6.17389e-03  1.30599e-02

 7.82448e-03  1.42350e-02
 6.83946e-03  1.29838e-02
 6.98001e-03  1.30400e-02
 6.86108e-03  1.31336e-02
 6.83946e-03  1.29838e-02

 8.31302e-03  1.42350e-02
 7.51176e-03  1.29513e-02
 7.64537e-03  1.30224e-02
 7.51697e-03  1.31025e-02
 7.51176e-03  1.29513e-02

 8.80156e-03  1.42350e-02
 8.18915e-03  1.29677e-02
 8.31433e-03  1.30528e-02
 8.17804e-03  1.31186e-02
 8.18915e-03  1.29677e-02

 9.29010e-03  1.42350e-02
 8.85288e-03  1.30374e-02
 8.96893e-03  1.31346e-02
 8.82674e-03  1.31865e-02
 8.85288e-03  1.30374e-02

 9.77865e-03  1.42350e-02
 9.51667e-03  1.31709e-02
 9.62149e-03  1.32801e-02
 9.47452e-03  1.33163e-02
 9.51667e-03  1.31709e-02

 1.02672e-02  1.42350e-02
 1.01246e-02  1.33726e-02
 1.02207e-02  1.34896e-02
 1.00713e-02  1.35143e-02
 1.01246e-02  1.33726e-02

 1.07557e-02  1.42350e-02
 1.07557e-02  1.36625e-02
 1.08314e-02  1.37936e-02
 1.06800e-02  1.37936e-02
 1.07557e-02  1.36625e-02

 3.94635e-03  1.48050e-02
 2.58337e-03  1.51667e-02
 2.69066e-03  1.50599e-02
 2.72948e-03  1.52062e-02
 2.58337e-03  1.51667e-02

 4.43281e-03  1.48050e-02
 3.04243e-03  1.48233e-02
 3.17251e-03  1.47459e-02
 3.17450e-03  1.48972e-02
 3.04243e-03  1.48233e-02

 4.91927e-03  1.48050e-02
 3.53525e-03  1.45071e-02
 3.67933e-03  1.44607e-02
 3.64747e-03  1.46087e-02
 3.53525e-03  1.45071e-02

 5.40573e-03  1.48050e-02
 4.05955e-03  1.42220e-02
 4.20992e-03  1.42046e-02
 4.14976e-03  1.43435e-02
 4.05955e-03  1.42220e-02

 5.89219e-03  1.48050e-02
 4.61230e-03  1.39707e-02
 4.76345e-03  1.39789e-02
 4.68079e-03  1.41057e-02
 4.61230e-03  1.39707e-02

 6.37865e-03  1.48050e-02
 5.19004e-03  1.37560e-02
 5.33840e-03  1.37860e-02
 5.23824e-03  1.38994e-02
 5.19004e-03  1.37560e-02

 6.86510e-03  1.48050e-02
 5.78904e-03  1.35804e-02
 5.93242e-03  1.36289e-02
 5.81871e-03  1.37288e-02
 5.78904e-03  1.35804e-02

 7.35156e-03  1.48050e-02
 6.40461e-03  1.34469e-02
 6.54167e-03  1.35111e-02
 6.41750e-03  1.35977e-02
 6.40461e-03  1.34469e-02

 7.83802e-03  1.48050e-02
 7.03313e-03  1.33596e-02
 7.16303e-03  1.34373e-02
 7.03078e-03  1.35109e-02
 7.03313e-03  1.33596e-02

 8.32448e-03  1.48050e-02
 7.66761e-03  1.33224e-02
 7.78990e-03  1.34116e-02
 7.65151e-03  1.34729e-02
 7.66761e-03  1.33224e-02

 8.81094e-03  1.48050e-02
 8.30684e-03  1.33420e-02
 8.42110e-03  1.34412e-02
 8.27799e-03  1.34906e-02
 8.30684e-03  1.33420e-02

 9.29740e-03  1.48050e-02
 8.93555e-03  1.34230e-02
 9.04197e-03  1.35307e-02
 8.89554e-03  1.35690e-02
 8.93555e-03  1.34230e-02

 9.78385e-03  1.48050e-02
 9.56558e-03  1.35783e-02
 9.66305e-03  1.36941e-02
 9.51403e-03  1.37206e-02
 9.56558e-03  1.35783e-02

 1.02703e-02  1.48050e-02
 1.01502e-02  1.38117e-02
 1.02411e-02  1.39327e-02
 1.00908e-02  1.39509e-02
 1.01502e-02  1.38117e-02

 1.07568e-02  1.48050e-02
 1.07568e-02  1.41471e-02
 1.08325e-02  1.42782e-02
 1.06811e-02  1.42782e-02
 1.07568e-02  1.41471e-02

 3.97656e-03  1.53750e-02
 3.00267e-03  1.57664e-02
 3.09608e-03  1.56472e-02
 3.15252e-03  1.57877e-02
 3.00267e-03  1.57664e-02

 4.46094e-03  1.53750e-02
 3.46245e-03  1.53901e-02
 3.59238e-03  1.53124e-02
 3.59466e-03  1.54638e-02
 3.46245e-03  1.53901e-02

 4.94531e-03  1.53750e-02
 3.94705e-03  1.50426e-02
 4.09533e-03  1.50122e-02
 4.04751e-03  1.51558e-02
 3.94705e-03  1.50426e-02

 5.42969e-03  1.53750e-02
 4.45504e-03  1.47285e-02
 4.60611e-03  1.47379e-02
 4.52245e-03  1.48641e-02
 4.45504e-03  1.47285e-02

 5.91406e-03  1.53750e-02
 4.98444e-03  1.44514e-02
 5.13078e-03  1.44901e-02
 5.02410e-03  1.45975e-02
 4.98444e-03  1.44514e-02

 6.39844e-03  1.53750e-02
 5.53254e-03  1.42143e-02
 5.67159e-03  1.42741e-02
 5.55027e-03  1.43646e-02
 5.53254e-03  1.42143e-02

 6.88281e-03  1.53750e-02
 6.09669e-03  1.40203e-02
 6.22794e-03  1.40957e-02
 6.09702e-03  1.41716e-02
 6.09669e-03  1.40203e-02

 7.36719e-03  1.53750e-02
 6.67321e-03  1.38728e-02
 6.79689e-03  1.39601e-02
 6.65948e-03  1.40236e-02
 6.67321e-03  1.38728e-02

 7.85156e-03  1.53750e-02
 7.25954e-03  1.37763e-02
 7.37603e-03  1.38729e-02
 7.23408e-03  1.39255e-02
 7.25954e-03  1.37763e-02

 8.33594e-03  1.53750e-02
 7.85057e-03  1.37349e-02
 7.96034e-03  1.38392e-02
 7.81520e-03  1.38821e-02
 7.85057e-03  1.37349e-02

 8.82031e-03  1.53750e-02
 8.44568e-03  1.37561e-02
 8.54897e-03  1.38668e-02
 8.40150e-03  1.39009e-02
 8.44568e-03  1.37561e-02

 9.30469e-03  1.53750e-02
 9.03379e-03  1.38450e-02
 9.13117e-03  1.39609e-02
 8.98212e-03  1.39873e-02
 9.03379e-03  1.38450e-02

 9.78906e-03  1.53750e-02
 9.62413e-03  1.40163e-02
 9.71505e-03  1.41373e-02
 9.56479e-03  1.41556e-02
 9.62413e-03  1.40163e-02

 1.02734e-02  1.53750e-02
 1.01817e-02  1.42730e-02
 1.02680e-02  1.43974e-02
 1.01171e-02  1.44100e-02
 1.01817e-02  1.42730e-02

 1.07578e-02  1.53750e-02
 1.07578e-02  1.46446e-02
 1.08335e-02  1.47757e-02
 1.06821e-02  1.47757e-02
 1.07578e-02  1.46446e-02

 4.00677e-03  1.59450e-02
 3.45570e-03  1.63528e-02
 3.51605e-03  1.62140e-02
 3.60610e-03  1.63357e-02
 3.45570e-03  1.63528e-02

 4.48906e-03  1.59450e-02
 3.91785e-03  1.59559e-02
 4.04747e-03  1.58777e-02
 4.05035e-03  1.60290e-02
 3.91785e-03  1.59559e-02

 4.97135e-03  1.59450e-02
 4.39525e-03  1.55884e-02
 4.54655e-03  1.55930e-02
 4.46687e-03  1.57217e-02
 4.39525e-03  1.55884e-02

 5.45365e-03  1.59450e-02
 4.88725e-03  1.52556e-02
 5.02895e-03  1.53089e-02
 4.91199e-03  1.54050e-02
 4.88725e-03  1.52556e-02

 5.93594e-03  1.59450e-02
 5.39270e-03  1.49617e-02
 5.52234e-03  1.50399e-02
 5.38985e-03  1.51131e-02
 5.39270e-03  1.49617e-02

 6.41823e-03  1.59450e-02
 5.90989e-03  1.47101e-02
 6.02977e-03  1.48026e-02
 5.88980e-03  1.48602e-02
 5.90989e-03  1.47101e-02

 6.90052e-03  1.59450e-02
 6.43697e-03  1.45044e-02
 6.54917e-03  1.46060e-02
 6.40508e-03  1.46524e-02
 6.43697e-03  1.45044e-02

 7.38281e-03  1.59450e-02
 6.97171e-03  1.43482e-02
 7.07768e-03  1.44562e-02
 6.93110e-03  1.44940e-02
 6.97171e-03  1.43482e-02

 7.86510e-03  1.59450e-02
 7.51243e-03  1.42458e-02
 7.61318e-03  1.43588e-02
 7.46497e-03  1.43896e-02
 7.51243e-03  1.42458e-02

 8.34740e-03  1.59450e-02
 8.05620e-03  1.42018e-02
 8.15244e-03  1.43186e-02
 8.00315e-03  1.43435e-02
 8.05620e-03  1.42018e-02

 8.82969e-03  1.59450e-02
 8.60279e-03  1.42239e-02
 8.69496e-03  1.43440e-02
 8.54489e-03  1.43637e-02
 8.60279e-03  1.42239e-02

 9.31198e-03  1.59450e-02
 9.14591e-03  1.43170e-02
 9.23450e-03  1.44398e-02
 9.08392e-03  1.44551e-02
 9.14591e-03  1.43170e-02

 9.79427e-03  1.59450e-02
 9.69157e-03  1.44980e-02
 9.77634e-03  1.46234e-02
 9.62536e-03  1.46341e-02
 9.69157e-03  1.44980e-02

 1.02766e-02  1.59450e-02
 1.02183e-02  1.47689e-02
 1.03004e-02  1.48961e-02
 1.01492e-02  1.49035e-02
 1.02183e-02  1.47689e-02

 1.07589e-02  1.59450e-02
 1.07589e-02  1.51642e-02
 1.08345e-02  1.52953e-02
 1.06832e-02  1.52953e-02
 1.07589e-02  1.51642e-02

 4.03698e-03  1.65150e-02
 3.92457e-03  1.69269e-02
 3.88607e-03  1.67805e-02
 4.03209e-03  1.68203e-02
 3.92457e-03  1.69269e-02

 4.51719e-03  1.65150e-02
 4.39086e-03  1.65211e-02
 4.51816e-03  1.64392e-02
 4.52544e-03  1.65904e-02
 4.39086e-03  1.65211e-02

 4.99740e-03  1.65150e-02
 4.86252e-03  1.61445e-02
 4.97848e-03  1.62418e-02
 4.83625e-03  1.62936e-02
 4.86252e-03  1.61445e-02

 5.47760e-03  1.65150e-02
 5.33956e-03  1.58031e-02
 5.43881e-03  1.59174e-02
 5.29021e-03  1.59462e-02
 5.33956e-03  1.58031e-02

 5.95781e-03  1.65150e-02
 5.82160e-03  1.55015e-02
 5.91407e-03  1.56214e-02
 5.76405e-03  1.56415e-02
 5.82160e-03  1.55015e-02

 6.43802e-03  1.65150e-02
 6.30787e-03  1.52435e-02
 6.39651e-03  1.53662e-02
 6.24593e-03  1.53816e-02
 6.30787e-03  1.52435e-02

 6.91823e-03  1.65150e-02
 6.79748e-03  1.50328e-02
 6.88355e-03  1.51573e-02
 6.73269e-03  1.51696e-02
 6.79748e-03  1.50328e-02

 7.39844e-03  1.65150e-02
 7.28948e-03  1.48729e-02
 7.37367e-03  1.49987e-02
 7.22264e-03  1.50087e-02
 7.28948e-03  1.48729e-02

 7.87865e-03  1.65150e-02
 7.78316e-03  1.47684e-02
 7.86589e-03  1.48951e-02
 7.71475e-03  1.49034e-02
 7.78316e-03  1.47684e-02

 8.35885e-03  1.65150e-02
 8.27782e-03  1.47233e-02
 8.35935e-03  1.48509e-02
 8.20814e-03  1.48577e-02
 8.27782e-03  1.47233e-02

 8.83906e-03  1.65150e-02
 8.77352e-03  1.47457e-02
 8.85400e-03  1.48739e-02
 8.70274e-03  1.48795e-02
 8.77352e-03  1.47457e-02

 9.31927e-03  1.65150e-02
 9.26904e-03  1.48402e-02
 9.34862e-03  1.49690e-02
 9.19732e-03  1.49735e-02
 9.26904e-03  1.48402e-02

 9.79948e-03  1.65150e-02
 9.76654e-03  1.50246e-02
 9.84510e-03  1.51539e-02
 9.69377e-03  1.51573e-02
 9.76654e-03  1.50246e-02

 1.02797e-02  1.65150e-02
 1.02598e-02  1.53004e-02
 1.03377e-02  1.54303e-02
 1.01863e-02  1.54327e-02
 1.02598e-02  1.53004e-02

 1.07599e-02  1.65150e-02
 1.07599e-02  1.57065e-02
 1.08356e-02  1.58376e-02
 1.06842e-02  1.58376e-02
 1.07599e-02  1.57065e-02

 4.06719e-03  1.70850e-02
 4.39512e-03  1.74853e-02
 4.25350e-03  1.74318e-02
 4.37059e-03  1.73359e-02
 4.39512e-03  1.74853e-02

 4.54531e-03  1.70850e-02
 4.86711e-03  1.70830e-02
 4.73650e-03  1.71595e-02
 4.73556e-03  1.70081e-02
 4.86711e-03  1.70830e-02

 5.02344e-03  1.70850e-02
 5.33447e-03  1.67091e-02
 5.30921e-03  1.68583e-02
 5.19259e-03  1.67619e-02
 5.33447e-03  1.67091e-02

 5.50156e-03  1.70850e-02
 5.79780e-03  1.63699e-02
 5.81755e-03  1.65200e-02
 5.67771e-03  1.64621e-02
 5.79780e-03  1.63699e-02

 5.97969e-03  1.70850e-02
 6.25745e-03  1.60705e-02
 6.29583e-03  1.62170e-02
 6.14984e-03  1.61770e-02
 6.25745e-03  1.60705e-02

 6.45781e-03  1.70850e-02
 6.71358e-03  1.58148e-02
 6.76190e-03  1.59583e-02
 6.61351e-03  1.59284e-02
 6.71358e-03  1.58148e-02

 6.93594e-03  1.70850e-02
 7.16619e-03  1.56066e-02
 7.22080e-03  1.57478e-02
 7.07123e-03  1.57245e-02
 7.16619e-03  1.56066e-02

 7.41406e-03  1.70850e-02
 7.61569e-03  1.54492e-02
 7.67477e-03  1.55885e-02
 7.52454e-03  1.55700e-02
 7.61569e-03  1.54492e-02

 7.89219e-03  1.70850e-02
 8.06234e-03  1.53468e-02
 8.12489e-03  1.54846e-02
 7.97424e-03  1.54699e-02
 8.06234e-03  1.53468e-02

 8.37031e-03  1.70850e-02
 8.50763e-03  1.53031e-02
 8.57302e-03  1.54396e-02
 8.42210e-03  1.54280e-02
 8.50763e-03  1.53031e-02

 8.84844e-03  1.70850e-02
 8.95179e-03  1.53258e-02
 9.01966e-03  1.54611e-02
 8.86855e-03  1.54522e-02
 8.95179e-03  1.53258e-02

 9.32656e-03  1.70850e-02
 9.39876e-03  1.54191e-02
 9.46869e-03  1.55534e-02
 9.31747e-03  1.55468e-02
 9.39876e-03  1.54191e-02

 9.80469e-03  1.70850e-02
 9.84635e-03  1.56011e-02
 9.91832e-03  1.57342e-02
 9.76702e-03  1.57300e-02
 9.84635e-03  1.56011e-02

 1.02828e-02  1.70850e-02
 1.03046e-02  1.58729e-02
 1.03779e-02  1.60053e-02
 1.02266e-02  1.60026e-02
 1.03046e-02  1.58729e-02

 1.07609e-02  1.70850e-02
 1.07609e-02  1.62759e-02
 1.08366e-02  1.64070e-02
 1.06853e-02  1.64070e-02
 1.07609e-02  1.62759e-02

 4.09740e-03  1.76550e-02
 4.85165e-03  1.80277e-02
 4.70060e-03  1.80375e-02
 4.76766e-03  1.79018e-02
 4.85165e-03  1.80277e-02

 4.57344e-03  1.76550e-02
 5.33011e-03  1.76411e-02
 5.20043e-03  1.77192e-02
 5.19766e-03  1.75679e-02
 5.33011e-03  1.76411e-02

 5.04948e-03  1.76550e-02
 5.79420e-03  1.72815e-02
 5.71095e-03  1.74079e-02
 5.64309e-03  1.72726e-02
 5.79420e-03  1.72815e-02

 5.52552e-03  1.76550e-02
 6.24495e-03  1.69555e-02
 6.20373e-03  1.71011e-02
 6.09821e-03  1.69926e-02
 6.24495e-03  1.69555e-02

 6.00156e-03  1.76550e-02
 6.68345e-03  1.66682e-02
 6.67119e-03  1.68190e-02
 6.54666e-03  1.67330e-02
 6.68345e-03  1.66682e-02

 6.47760e-03  1.76550e-02
 7.11070e-03  1.64236e-02
 7.11807e-03  1.65748e-02
 6.98346e-03  1.65056e-02
 7.11070e-03  1.64236e-02

 6.95365e-03  1.76550e-02
 7.52771e-03  1.62254e-02
 7.54910e-03  1.63753e-02
 7.40863e-03  1.63189e-02
 7.52771e-03  1.62254e-02

 7.42969e-03  1.76550e-02
 7.93621e-03  1.60765e-02
 7.96823e-03  1.62244e-02
 7.82410e-03  1.61782e-02
 7.93621e-03  1.60765e-02

 7.90573e-03  1.76550e-02
 8.33740e-03  1.59805e-02
 8.37796e-03  1.61263e-02
 8.23139e-03  1.60885e-02
 8.33740e-03  1.59805e-02

 8.38177e-03  1.76550e-02
 8.73493e-03  1.59408e-02
 8.78260e-03  1.60844e-02
 8.63435e-03  1.60539e-02
 8.73493e-03  1.59408e-02

 8.85781e-03  1.76550e-02
 9.12905e-03  1.59640e-02
 9.18301e-03  1.61054e-02
 9.03356e-03  1.60815e-02
 9.12905e-03  1.59640e-02

 9.33385e-03  1.76550e-02
 9.52867e-03  1.60542e-02
 9.58796e-03  1.61935e-02
 9.43771e-03  1.61752e-02
 9.52867e-03  1.60542e-02

 9.80990e-03  1.76550e-02
 9.92704e-03  1.62286e-02
 9.99174e-03  1.63654e-02
 9.84088e-03  1.63530e-02
 9.92704e-03  1.62286e-02

 1.02859e-02  1.76550e-02
 1.03504e-02  1.64881e-02
 1.04187e-02  1.66232e-02
 1.02676e-02  1.66148e-02
 1.03504e-02  1.64881e-02

 1.07620e-02  1.76550e-02
 1.07620e-02  1.68739e-02
 1.08377e-02  1.70050e-02
 1.06863e-02  1.70050e-02
 1.07620e-02  1.68739e-02

 4.12760e-03  1.82250e-02
 5.27905e-03  1.85540e-02
 5.13221e-03  1.85908e-02
 5.17381e-03  1.84453e-02
 5.27905e-03  1.85540e-02

 4.60156e-03  1.82250e-02
 5.76353e-03  1.81945e-02
 5.63447e-03  1.82736e-02
 5.63051e-03  1.81223e-02
 5.76353e-03  1.81945e-02

 5.07552e-03  1.82250e-02
 6.22440e-03  1.78603e-02
 6.12235e-03  1.79721e-02
 6.07655e-03  1.78278e-02
 6.22440e-03  1.78603e-02

 5.54948e-03  1.82250e-02
 6.66316e-03  1.75578e-02
 6.58960e-03  1.76901e-02
 6.51181e-03  1.75602e-02
 6.66316e-03  1.75578e-02

 6.02344e-03  1.82250e-02
 7.08157e-03  1.72922e-02
 7.03328e-03  1.74357e-02
 6.93319e-03  1.73221e-02
 7.08157e-03  1.72922e-02

 6.49740e-03  1.82250e-02
 7.48143e-03  1.70673e-02
 7.45420e-03  1.72162e-02
 7.33887e-03  1.71181e-02
 7.48143e-03  1.70673e-02

 6.97135e-03  1.82250e-02
 7.86495e-03  1.68862e-02
 7.85513e-03  1.70372e-02
 7.72923e-03  1.69532e-02
 7.86495e-03  1.68862e-02

 7.44531e-03  1.82250e-02
 8.23499e-03  1.67513e-02
 8.23979e-03  1.69026e-02
 8.10637e-03  1.68311e-02
 8.23499e-03  1.67513e-02

 7.91927e-03  1.82250e-02
 8.59379e-03  1.66658e-02
 8.61120e-03  1.68162e-02
 8.47228e-03  1.67561e-02
 8.59379e-03  1.66658e-02

 8.39323e-03  1.82250e-02
 8.94699e-03  1.66323e-02
 8.97543e-03  1.67810e-02
 8.83245e-03  1.67313e-02
 8.94699e-03  1.66323e-02

 8.86719e-03  1.82250e-02
 9.29484e-03  1.66567e-02
 9.33337e-03  1.68031e-02
 9.18733e-03  1.67632e-02
 9.29484e-03  1.66567e-02

 9.34115e-03  1.82250e-02
 9.65066e-03  1.67422e-02
 9.69796e-03  1.68860e-02
 9.54979e-03  1.68551e-02
 9.65066e-03  1.67422e-02

 9.81510e-03  1.82250e-02
 1.00033e-02  1.69044e-02
 1.00598e-02  1.70449e-02
 9.90990e-03  1.70235e-02
 1.00033e-02  1.69044e-02

 1.02891e-02  1.82250e-02
 1.03940e-02  1.71444e-02
 1.04567e-02  1.72822e-02
 1.03060e-02  1.72676e-02
 1.03940e-02  1.71444e-02

 1.07630e-02  1.82250e-02
 1.07630e-02  1.74995e-02
 1.08387e-02  1.76306e-02
 1.06873e-02  1.76306e-02
 1.07630e-02  1.74995e-02

 4.15781e-03  1.87950e-02
 5.65793e-03  1.90669e-02
 5.51545e-03  1.91180e-02
 5.54244e-03  1.89690e-02
 5.65793e-03  1.90669e-02

 4.62969e-03  1.87950e-02
 6.14661e-03  1.87456e-02
 6.01805e-03  1.88256e-02
 6.01313e-03  1.86743e-02
 6.14661e-03  1.87456e-02

 5.10156e-03  1.87950e-02
 6.60350e-03  1.84476e-02
 6.49284e-03  1.85508e-02
 6.45873e-03  1.84034e-02
 6.60350e-03  1.84476e-02

 5.57344e-03  1.87950e-02
 7.03034e-03  1.81788e-02
 6.93910e-03  1.82995e-02
 6.88013e-03  1.81601e-02
 7.03034e-03  1.81788e-02

 6.04531e-03  1.87950e-02
 7.42964e-03  1.79439e-02
 7.35760e-03  1.80771e-02
 7.27833e-03  1.79481e-02
 7.42964e-03  1.79439e-02

 6.51719e-03  1.87950e-02
 7.80434e-03  1.77465e-02
 7.75050e-03  1.78880e-02
 7.65490e-03  1.77706e-02
 7.80434e-03  1.77465e-02

 6.98906e-03  1.87950e-02
 8.15739e-03  1.75888e-02
 8.12055e-03  1.77356e-02
 8.01182e-03  1.76303e-02
 8.15739e-03  1.75888e-02

 7.46094e-03  1.87950e-02
 8.49311e-03  1.74730e-02
 8.47209e-03  1.76229e-02
 8.35278e-03  1.75298e-02
 8.49311e-03  1.74730e-02

 7.93281e-03  1.87950e-02
 8.81460e-03  1.74014e-02
 8.80846e-03  1.75527e-02
 8.68055e-03  1.74717e-02
 8.81460e-03  1.74014e-02

 8.40469e-03  1.87950e-02
 9.12923e-03  1.73759e-02
 9.13702e-03  1.75271e-02
 9.00221e-03  1.74583e-02
 9.12923e-03  1.73759e-02

 8.87656e-03  1.87950e-02
 9.43724e-03  1.74014e-02
 9.45853e-03  1.75513e-02
 9.31810e-03  1.74948e-02
 9.43724e-03  1.74014e-02

 9.34844e-03  1.87950e-02
 9.75559e-03  1.74808e-02
 9.78909e-03  1.76284e-02
 9.64451e-03  1.75836e-02
 9.75559e-03  1.74808e-02

 9.82031e-03  1.87950e-02
 1.00693e-02  1.76267e-02
 1.01160e-02  1.77707e-02
 9.96797e-03  1.77392e-02
 1.00693e-02  1.76267e-02

 1.02922e-02  1.87950e-02
 1.04320e-02  1.78409e-02
 1.04879e-02  1.79815e-02
 1.03381e-02  1.79596e-02
 1.04320e-02  1.78409e-02

 1.07641e-02  1.87950e-02
 1.07641e-02  1.81529e-02
 1.08397e-02  1.82840e-02
 1.06884e-02  1.82840e-02
 1.07641e-02  1.81529e-02

 4.18802e-03  1.93650e-02
 5.96976e-03  1.95699e-02
 5.83089e-03  1.96301e-02
 5.84818e-03  1.94797e-02
 5.96976e-03  1.95699e-02

 4.65781e-03  1.93650e-02
 6.45900e-03  1.92954e-02
 6.33094e-03  1.93761e-02
 6.32509e-03  1.92248e-02
 6.45900e-03  1.92954e-02

 5.12760e-03  1.93650e-02
 6.90957e-03  1.90417e-02
 6.79410e-03  1.91395e-02
 6.76708e-03  1.89906e-02
 6.90957e-03  1.90417e-02

 5.59740e-03  1.93650e-02
 7.32396e-03  1.88141e-02
 7.22208e-03  1.89261e-02
 7.17607e-03  1.87819e-02
 7.32396e-03  1.88141e-02

 6.06719e-03  1.93650e-02
 7.70520e-03  1.86168e-02
 7.61741e-03  1.87401e-02
 7.55452e-03  1.86024e-02
 7.70520e-03  1.86168e-02

 6.53698e-03  1.93650e-02
 8.05731e-03  1.84524e-02
 7.98387e-03  1.85848e-02
 7.90596e-03  1.84550e-02
 8.05731e-03  1.84524e-02

 7.00677e-03  1.93650e-02
 8.38406e-03  1.83227e-02
 8.32520e-03  1.84621e-02
 8.23386e-03  1.83414e-02
 8.38406e-03  1.83227e-02

 7.47656e-03  1.93650e-02
 8.69106e-03  1.82291e-02
 8.64701e-03  1.83740e-02
 8.54362e-03  1.82634e-02
 8.69106e-03  1.82291e-02

 7.94635e-03  1.93650e-02
 8.98223e-03  1.81732e-02
 8.95336e-03  1.83218e-02
 8.83912e-03  1.82225e-02
 8.98223e-03  1.81732e-02

 8.41615e-03  1.93650e-02
 9.26622e-03  1.81565e-02
 9.25271e-03  1.83072e-02
 9.12890e-03  1.82202e-02
 9.26622e-03  1.81565e-02

 8.88594e-03  1.93650e-02
 9.54345e-03  1.81825e-02
 9.54589e-03  1.83339e-02
 9.41360e-03  1.82603e-02
 9.54345e-03  1.81825e-02

 9.35573e-03  1.93650e-02
 9.83329e-03  1.82540e-02
 9.85105e-03  1.84044e-02
 9.71199e-03  1.83446e-02
 9.83329e-03  1.82540e-02

 9.82552e-03  1.93650e-02
 1.01181e-02  1.83805e-02
 1.01533e-02  1.85277e-02
 1.00082e-02  1.84846e-02
 1.01181e-02  1.83805e-02

 1.02953e-02  1.93650e-02
 1.04599e-02  1.85643e-02
 1.05076e-02  1.87080e-02
 1.03594e-02  1.86775e-02
 1.04599e-02  1.85643e-02

 1.07651e-02  1.93650e-02
 1.07651e-02  1.88243e-02
 1.08408e-02  1.89554e-02
 1.06894e-02  1.89554e-02
 1.07651e-02  1.88243e-02

 4.21823e-03  1.99350e-02
 6.18403e-03  2.00714e-02
 6.04802e-03  2.01379e-02
 6.05850e-03  1.99869e-02
 6.18403e-03  2.00714e-02

 4.68594e-03  1.99350e-02
 6.66945e-03  1.98526e-02
 6.54161e-03  1.99337e-02
 6.53534e-03  1.97825e-02
 6.66945e-03  1.98526e-02

 5.15365e-03  1.99350e-02
 7.11173e-03  1.96516e-02
 6.99283e-03  1.97453e-02
 6.97115e-03  1.95955e-02
 7.11173e-03  1.96516e-02

 5.62135e-03  1.99350e-02
 7.51382e-03  1.94727e-02
 7.40444e-03  1.95773e-02
 7.36852e-03  1.94303e-02
 7.51382e-03  1.94727e-02

 6.08906e-03  1.99350e-02
 7.87958e-03  1.93189e-02
 7.78025e-03  1.94331e-02
 7.73100e-03  1.92900e-02
 7.87958e-03  1.93189e-02

 6.55677e-03  1.99350e-02
 8.21371e-03  1.91922e-02
 8.12505e-03  1.93149e-02
 8.06313e-03  1.91768e-02
 8.21371e-03  1.91922e-02

 7.02448e-03  1.99350e-02
 8.52104e-03  1.90937e-02
 8.44386e-03  1.92239e-02
 8.36969e-03  1.90920e-02
 8.52104e-03  1.90937e-02

 7.49219e-03  1.99350e-02
 8.80787e-03  1.90241e-02
 8.74317e-03  1.91610e-02
 8.65701e-03  1.90365e-02
 8.80787e-03  1.90241e-02

 7.95990e-03  1.99350e-02
 9.07880e-03  1.89846e-02
 9.02789e-03  1.91271e-02
 8.92989e-03  1.90118e-02
 9.07880e-03  1.89846e-02

 8.42760e-03  1.99350e-02
 9.34337e-03  1.89761e-02
 9.30757e-03  1.91232e-02
 9.19810e-03  1.90186e-02
 9.34337e-03  1.89761e-02

 8.89531e-03  1.99350e-02
 9.60204e-03  1.90011e-02
 9.58328e-03  1.91513e-02
 9.46258e-03  1.90600e-02
 9.60204e-03  1.90011e-02

 9.36302e-03  1.99350e-02
 9.87543e-03  1.90625e-02
 9.87430e-03  1.92139e-02
 9.74378e-03  1.91372e-02
 9.87543e-03  1.90625e-02

 9.83073e-03  1.99350e-02
 1.01446e-02  1.91661e-02
 1.01651e-02  1.93160e-02
 1.00250e-02  1.92588e-02
 1.01446e-02  1.91661e-02

 1.02984e-02  1.99350e-02
 1.04752e-02  1.93155e-02
 1.05120e-02  1.94624e-02
 1.03665e-02  1.94208e-02
 1.04752e-02  1.93155e-02

 1.07661e-02  1.99350e-02
 1.07661e-02  1.95159e-02
 1.08418e-02  1.96470e-02
 1.06905e-02  1.96470e-02
 1.07661e-02  1.95159e-02

 4.24844e-03  2.05050e-02
 6.27827e-03  2.05761e-02
 6.14461e-03  2.06472e-02
 6.14991e-03  2.04959e-02
 6.27827e-03  2.05761e-02

 4.71406e-03  2.05050e-02
 6.75441e-03  2.04138e-02
 6.62683e-03  2.04953e-02
 6.62008e-03  2.03441e-02
 6.75441e-03  2.04138e-02

 5.17969e-03  2.05050e-02
 7.18591e-03  2.02660e-02
 7.06469e-03  2.03566e-02
 7.04678e-03  2.02063e-02
 7.18591e-03  2.02660e-02

 5.64531e-03  2.05050e-02
 7.57615e-03  2.01357e-02
 7.46161e-03  2.02347e-02
 7.43318e-03  2.00860e-02
 7.57615e-03  2.01357e-02

 6.11094e-03  2.05050e-02
 7.92976e-03  2.00251e-02
 7.82232e-03  2.01317e-02
 7.78370e-03  1.99854e-02
 7.92976e-03  2.00251e-02

 6.57656e-03  2.05050e-02
 8.25212e-03  1.99352e-02
 8.15238e-03  2.00491e-02
 8.10364e-03  1.99057e-02
 8.25212e-03  1.99352e-02

 7.04219e-03  2.05050e-02
 8.54852e-03  1.98666e-02
 8.45736e-03  1.99874e-02
 8.39829e-03  1.98480e-02
 8.54852e-03  1.98666e-02

 7.50781e-03  2.05050e-02
 8.82576e-03  1.98195e-02
 8.74439e-03  1.99471e-02
 8.67454e-03  1.98128e-02
 8.82576e-03  1.98195e-02

 7.97344e-03  2.05050e-02
 9.08871e-03  1.97944e-02
 9.01882e-03  1.99287e-02
 8.93749e-03  1.98010e-02
 9.08871e-03  1.97944e-02

 8.43906e-03  2.05050e-02
 9.34704e-03  1.97923e-02
 9.29066e-03  1.99327e-02
 9.19719e-03  1.98137e-02
 9.34704e-03  1.97923e-02

 8.90469e-03  2.05050e-02
 9.60150e-03  1.98146e-02
 9.56165e-03  1.99606e-02
 9.45511e-03  1.98531e-02
 9.60150e-03  1.98146e-02

 9.37031e-03  2.05050e-02
 9.87242e-03  1.98642e-02
 9.85114e-03  2.00140e-02
 9.73200e-03  1.99207e-02
 9.87242e-03  1.98642e-02

 9.83594e-03  2.05050e-02
 1.01416e-02  1.99434e-02
 1.01454e-02  2.00947e-02
 1.00125e-02  2.00223e-02
 1.01416e-02  1.99434e-02

 1.03016e-02  2.05050e-02
 1.04723e-02  2.00577e-02
 1.04963e-02  2.02072e-02
 1.03549e-02  2.01532e-02
 1.04723e-02  2.00577e-02

 1.07672e-02  2.05050e-02
 1.07672e-02  2.01995e-02
 1.08429e-02  2.03306e-02
 1.06915e-02  2.03306e-02
 1.07672e-02  2.01995e-02

 4.27865e-03  2.10750e-02
 6.19752e-03  2.11012e-02
 6.06542e-03  2.11751e-02
 6.06748e-03  2.10237e-02
 6.19752e-03  2.11012e-02

 4.74219e-03  2.10750e-02
 6.66213e-03  2.10017e-02
 6.53402e-03  2.10823e-02
 6.52825e-03  2.09311e-02
 6.66213e-03  2.10017e-02

 5.20573e-03  2.10750e-02
 7.08465e-03  2.09120e-02
 6.96059e-03  2.09987e-02
 6.94751e-03  2.08479e-02
 7.08465e-03  2.09120e-02

 5.66927e-03  2.10750e-02
 7.46895e-03  2.08339e-02
 7.34907e-03  2.09264e-02
 7.32897e-03  2.07763e-02
 7.46895e-03  2.08339e-02

 6.13281e-03  2.10750e-02
 7.81980e-03  2.07685e-02
 7.70435e-03  2.08664e-02
 7.67729e-03  2.07175e-02
 7.81980e-03  2.07685e-02

 6.59635e-03  2.10750e-02
 8.14272e-03  2.07161e-02
 8.03214e-03  2.08195e-02
 7.99791e-03  2.06720e-02
 8.14272e-03  2.07161e-02

 7.05990e-03  2.10750e-02
 8.44309e-03  2.06768e-02
 8.33805e-03  2.07858e-02
 8.29618e-03  2.06404e-02
 8.44309e-03  2.06768e-02

 7.52344e-03  2.10750e-02
 8.72741e-03  2.06508e-02
 8.62893e-03  2.07657e-02
 8.57862e-03  2.06229e-02
 8.72741e-03  2.06508e-02

 7.98698e-03  2.10750e-02
 9.00023e-03  2.06380e-02
 8.90984e-03  2.07594e-02
 8.84989e-03  2.06204e-02
 9.00023e-03  2.06380e-02

 8.45052e-03  2.10750e-02
 9.27055e-03  2.06392e-02
 9.19032e-03  2.07675e-02
 9.11928e-03  2.06339e-02
 9.27055e-03  2.06392e-02

 8.91406e-03  2.10750e-02
 9.53925e-03  2.06553e-02
 9.47260e-03  2.07912e-02
 9.38823e-03  2.06655e-02
 9.53925e-03  2.06553e-02

 9.37760e-03  2.10750e-02
 9.82489e-03  2.06890e-02
 9.77510e-03  2.08319e-02
 9.67620e-03  2.07173e-02
 9.82489e-03  2.06890e-02

 9.84115e-03  2.10750e-02
 1.01113e-02  2.07402e-02
 1.00879e-02  2.08898e-02
 9.97008e-03  2.07947e-02
 1.01113e-02  2.07402e-02

 1.03047e-02  2.10750e-02
 1.04553e-02  2.08160e-02
 1.04548e-02  2.09674e-02
 1.03240e-02  2.08913e-02
 1.04553e-02  2.08160e-02

 1.07682e-02  2.10750e-02
 1.07682e-02  2.08975e-02
 1.08439e-02  2.10286e-02
 1.06925e-02  2.10286e-02
 1.07682e-02  2.08975e-02

 4.30885e-03  2.16450e-02
 5.93045e-03  2.16338e-02
 5.79989e-03  2.17103e-02
 5.79884e-03  2.15590e-02
 5.93045e-03  2.16338e-02

 4.77031e-03  2.16450e-02
 6.38116e-03  2.15794e-02
 6.25326e-03  2.16603e-02
 6.24710e-03  2.15091e-02
 6.38116e-03  2.15794e-02

 5.23177e-03  2.16450e-02
 6.79706e-03  2.15310e-02
 6.67181e-03  2.16160e-02
 6.66082e-03  2.14650e-02
 6.79706e-03  2.15310e-02

 5.69323e-03  2.16450e-02
 7.18177e-03  2.14895e-02
 7.05926e-03  2.15784e-02
 7.04353e-03  2.14278e-02
 7.18177e-03  2.14895e-02

 6.15469e-03  2.16450e-02
 7.54007e-03  2.14552e-02
 7.42047e-03  2.15480e-02
 7.39993e-03  2.13980e-02
 7.54007e-03  2.14552e-02

 6.61615e-03  2.16450e-02
 7.87688e-03  2.14283e-02
 7.76051e-03  2.15251e-02
 7.73487e-03  2.13759e-02
 7.87688e-03  2.14283e-02

 7.07760e-03  2.16450e-02
 8.19674e-03  2.14086e-02
 8.08412e-03  2.15097e-02
 8.05284e-03  2.13616e-02
 8.19674e-03  2.14086e-02

 7.53906e-03  2.16450e-02
 8.50516e-03  2.13961e-02
 8.39710e-03  2.15021e-02
 8.35934e-03  2.13555e-02
 8.50516e-03  2.13961e-02

 8.00052e-03  2.16450e-02
 8.80587e-03  2.13907e-02
 8.70365e-03  2.15024e-02
 8.65808e-03  2.13580e-02
 8.80587e-03  2.13907e-02

 8.46198e-03  2.16450e-02
 9.10635e-03  2.13930e-02
 9.01183e-03  2.15113e-02
 8.95670e-03  2.13703e-02
 9.10635e-03  2.13930e-02

 8.92344e-03  2.16450e-02
 9.40707e-03  2.14031e-02
 9.32369e-03  2.15294e-02
 9.25597e-03  2.13940e-02
 9.40707e-03  2.14031e-02

 9.38490e-03  2.16450e-02
 9.72394e-03  2.14233e-02
 9.65564e-03  2.15584e-02
 9.57280e-03  2.14317e-02
 9.72394e-03  2.14233e-02

 9.84635e-03  2.16450e-02
 1.00444e-02  2.14517e-02
 1.00035e-02  2.15974e-02
 9.89776e-03  2.14891e-02
 1.00444e-02  2.14517e-02

 1.03078e-02  2.16450e-02
 1.04142e-02  2.14962e-02
 1.03995e-02  2.16469e-02
 1.02764e-02  2.15588e-02
 1.04142e-02  2.14962e-02

 1.07693e-02  2.16450e-02
 1.07693e-02  2.15363e-02
 1.08450e-02  2.16674e-02
 1.06936e-02  2.16674e-02
 1.07693e-02  2.15363e-02

 4.33906e-03  2.22150e-02
 5.36896e-03  2.22150e-02
 5.23788e-03  2.22907e-02
 5.23788e-03  2.21393e-02
 5.36896e-03  2.22150e-02

 4.79844e-03  2.22150e-02
 5.81706e-03  2.22150e-02
 5.68597e-03  2.22907e-02
 5.68597e-03  2.21393e-02
 5.81706e-03  2.22150e-02

 5.25781e-03  2.22150e-02
 6.24329e-03  2.22150e-02
 6.11220e-03  2.22907e-02
 6.11220e-03  2.21393e-02
 6.24329e-03  2.22150e-02

 5.71719e-03  2.22150e-02
 6.65074e-03  2.22150e-02
 6.51966e-03  2.22907e-02
 6.51966e-03  2.21393e-02
 6.65074e-03  2.22150e-02

 6.17656e-03  2.22150e-02
 7.04215e-03  2.22150e-02
 6.91107e-03  2.22907e-02
 6.91107e-03  2.21393e-02
 7.04215e-03  2.22150e-02

 6.63594e-03  2.22150e-02
 7.42100e-03  2.22150e-02
 7.28991e-03  2.22907e-02
 7.28991e-03  2.21393e-02
 7.42100e-03  2.22150e-02

 7.09531e-03  2.22150e-02
 7.79002e-03  2.22150e-02
 7.65893e-03  2.22907e-02
 7.65893e-03  2.21393e-02
 7.79002e-03  2.22150e-02

 7.55469e-03  2.22150e-02
 8.15278e-03  2.22150e-02
 8.02169e-03  2.22907e-02
 8.02169e-03  2.21393e-02
 8.15278e-03  2.22150e-02

 8.01406e-03  2.22150e-02
 8.51145e-03  2.22150e-02
 8.38036e-03  2.22907e-02
 8.38036e-03  2.21393e-02
 8.51145e-03  2.22150e-02

 8.47344e-03  2.22150e-02
 8.87081e-03  2.22150e-02
 8.73973e-03  2.22907e-02
 8.73973e-03  2.21393e-02
 8.87081e-03  2.22150e-02

 8.93281e-03  2.22150e-02
 9.23072e-03  2.22150e-02
 9.09963e-03  2.22907e-02
 9.09963e-03  2.21393e-02
 9.23072e-03  2.22150e-02

 9.39219e-03  2.22150e-02
 9.60170e-03  2.22150e-02
 9.47061e-03  2.22907e-02
 9.47061e-03  2.21393e-02
 9.60170e-03  2.22150e-02

 9.85156e-03  2.22150e-02
 9.97425e-03  2.22150e-02
 9.84316e-03  2.22907e-02
 9.84316e-03  2.21393e-02
 9.97425e-03  2.22150e-02

 1.03109e-02  2.22150e-02
 1.03791e-02  2.22150e-02
 1.02480e-02  2.22907e-02
 1.02480e-02  2.21393e-02
 1.03791e-02  2.22150e-02

 1.07703e-02  2.22150e-02
 1.07703e-02  2.22150e-02
 1.09014e-02  2.21393e-02
 1.09014e-02  2.22907e-02
 1.07703e-02  2.22150e-02

