#[ Fluid velocity 2D plot data file: flw.dat ]
 1.95313e-04  1.13850e-02
 1.95313e-04  1.13850e-02
 3.26400e-04  1.13093e-02
 3.26400e-04  1.14607e-02
 1.95312e-04  1.13850e-02

 5.85937e-04  1.13850e-02
 4.40890e-04  1.13850e-02
 5.71978e-04  1.13093e-02
 5.71978e-04  1.14607e-02
 4.40890e-04  1.13850e-02

 9.76562e-04  1.13850e-02
 7.81110e-04  1.13850e-02
 9.12198e-04  1.13093e-02
 9.12198e-04  1.14607e-02
 7.81110e-04  1.13850e-02

 1.36719e-03  1.13850e-02
 1.08633e-03  1.13850e-02
 1.21742e-03  1.13093e-02
 1.21742e-03  1.14607e-02
 1.08633e-03  1.13850e-02

 1.75781e-03  1.13850e-02
 1.41091e-03  1.13850e-02
 1.54200e-03  1.13093e-02
 1.54200e-03  1.14607e-02
 1.41091e-03  1.13850e-02

 2.14844e-03  1.13850e-02
 1.73284e-03  1.13850e-02
 1.86392e-03  1.13093e-02
 1.86392e-03  1.14607e-02
 1.73284e-03  1.13850e-02

 2.53906e-03  1.13850e-02
 2.06360e-03  1.13850e-02
 2.19469e-03  1.13093e-02
 2.19469e-03  1.14607e-02
 2.06360e-03  1.13850e-02

 2.92969e-03  1.13850e-02
 2.39926e-03  1.13850e-02
 2.53035e-03  1.13093e-02
 2.53035e-03  1.14607e-02
 2.39926e-03  1.13850e-02

 3.32031e-03  1.13850e-02
 2.74266e-03  1.13850e-02
 2.87375e-03  1.13093e-02
 2.87375e-03  1.14607e-02
 2.74266e-03  1.13850e-02

 1.97049e-04  1.19550e-02
 1.97049e-04  1.22150e-02
 1.21365e-04  1.20840e-02
 2.72732e-04  1.20840e-02
 1.97049e-04  1.22150e-02

 5.91146e-04  1.19550e-02
 3.54211e-04  1.21935e-02
 3.92897e-04  1.20472e-02
 5.00288e-04  1.21539e-02
 3.54211e-04  1.21935e-02

 9.85243e-04  1.19550e-02
 6.57019e-04  1.21879e-02
 7.20117e-04  1.20504e-02
 8.07723e-04  1.21738e-02
 6.57019e-04  1.21879e-02

 1.37934e-03  1.19550e-02
 9.05690e-04  1.21770e-02
 9.92270e-04  1.20528e-02
 1.05651e-03  1.21899e-02
 9.05690e-04  1.21770e-02

 1.77344e-03  1.19550e-02
 1.18619e-03  1.21656e-02
 1.28404e-03  1.20501e-02
 1.33513e-03  1.21926e-02
 1.18619e-03  1.21656e-02

 2.16753e-03  1.19550e-02
 1.46388e-03  1.21505e-02
 1.56992e-03  1.20425e-02
 1.61045e-03  1.21883e-02
 1.46388e-03  1.21505e-02

 2.56163e-03  1.19550e-02
 1.75712e-03  1.21331e-02
 1.86875e-03  1.20309e-02
 1.90146e-03  1.21786e-02
 1.75712e-03  1.21331e-02

 2.95573e-03  1.19550e-02
 2.05979e-03  1.21130e-02
 2.17574e-03  1.20157e-02
 2.20203e-03  1.21647e-02
 2.05979e-03  1.21130e-02

 3.34983e-03  1.19550e-02
 2.37661e-03  1.20907e-02
 2.49599e-03  1.19976e-02
 2.51690e-03  1.21476e-02
 2.37661e-03  1.20907e-02

 1.98785e-04  1.25250e-02
 1.98785e-04  1.29731e-02
 1.23101e-04  1.28420e-02
 2.74468e-04  1.28420e-02
 1.98785e-04  1.29731e-02

 5.96354e-04  1.25250e-02
 3.17037e-04  1.29570e-02
 3.24649e-04  1.28059e-02
 4.51765e-04  1.28881e-02
 3.17037e-04  1.29570e-02

 9.93924e-04  1.25250e-02
 5.98409e-04  1.29435e-02
 6.33437e-04  1.27963e-02
 7.43453e-04  1.29002e-02
 5.98409e-04  1.29435e-02

 1.39149e-03  1.25250e-02
 8.18637e-04  1.29243e-02
 8.82906e-04  1.27872e-02
 9.69457e-04  1.29114e-02
 8.18637e-04  1.29243e-02

 1.78906e-03  1.25250e-02
 1.07622e-03  1.29001e-02
 1.15699e-03  1.27721e-02
 1.22747e-03  1.29060e-02
 1.07622e-03  1.29001e-02

 2.18663e-03  1.25250e-02
 1.33247e-03  1.28701e-02
 1.42566e-03  1.27508e-02
 1.48236e-03  1.28912e-02
 1.33247e-03  1.28701e-02

 2.58420e-03  1.25250e-02
 1.60841e-03  1.28350e-02
 1.71043e-03  1.27232e-02
 1.75626e-03  1.28675e-02
 1.60841e-03  1.28350e-02

 2.98177e-03  1.25250e-02
 1.89723e-03  1.27953e-02
 2.00613e-03  1.26901e-02
 2.04272e-03  1.28370e-02
 1.89723e-03  1.27953e-02

 3.37934e-03  1.25250e-02
 2.20420e-03  1.27515e-02
 2.31860e-03  1.26524e-02
 2.34725e-03  1.28010e-02
 2.20420e-03  1.27515e-02

 2.00521e-04  1.30950e-02
 2.00521e-04  1.38099e-02
 1.24837e-04  1.36788e-02
 2.76204e-04  1.36788e-02
 2.00521e-04  1.38099e-02

 6.01563e-04  1.30950e-02
 3.03385e-04  1.38009e-02
 2.84676e-04  1.36507e-02
 4.24113e-04  1.37096e-02
 3.03385e-04  1.38009e-02

 1.00260e-03  1.30950e-02
 5.77891e-04  1.37783e-02
 5.82813e-04  1.36270e-02
 7.11371e-04  1.37069e-02
 5.77891e-04  1.37783e-02

 1.40365e-03  1.30950e-02
 7.87212e-04  1.37473e-02
 8.22245e-04  1.36000e-02
 9.32257e-04  1.37040e-02
 7.87212e-04  1.37473e-02

 1.80469e-03  1.30950e-02
 1.03665e-03  1.37051e-02
 1.09222e-03  1.35643e-02
 1.18637e-03  1.36828e-02
 1.03665e-03  1.37051e-02

 2.20573e-03  1.30950e-02
 1.28542e-03  1.36538e-02
 1.35819e-03  1.35211e-02
 1.43675e-03  1.36504e-02
 1.28542e-03  1.36538e-02

 2.60677e-03  1.30950e-02
 1.55621e-03  1.35936e-02
 1.64219e-03  1.34690e-02
 1.70709e-03  1.36057e-02
 1.55621e-03  1.35936e-02

 3.00781e-03  1.30950e-02
 1.84176e-03  1.35259e-02
 1.93848e-03  1.34095e-02
 1.99095e-03  1.35515e-02
 1.84176e-03  1.35259e-02

 3.40885e-03  1.30950e-02
 2.14774e-03  1.34519e-02
 2.25326e-03  1.33434e-02
 2.29448e-03  1.34891e-02
 2.14774e-03  1.34519e-02

 2.02257e-04  1.36650e-02
 2.02257e-04  1.46199e-02
 1.26573e-04  1.44888e-02
 2.77940e-04  1.44888e-02
 2.02257e-04  1.46199e-02

 6.06771e-04  1.36650e-02
 3.14133e-04  1.46206e-02
 2.80152e-04  1.44731e-02
 4.24884e-04  1.45174e-02
 3.14133e-04  1.46206e-02

 1.01128e-03  1.36650e-02
 5.93853e-04  1.45902e-02
 5.78775e-04  1.44396e-02
 7.16749e-04  1.45019e-02
 5.93853e-04  1.45902e-02

 1.41580e-03  1.36650e-02
 8.08817e-04  1.45485e-02
 8.20670e-04  1.43976e-02
 9.45429e-04  1.44833e-02
 8.08817e-04  1.45485e-02

 1.82031e-03  1.36650e-02
 1.06361e-03  1.44885e-02
 1.09658e-03  1.43408e-02
 1.20804e-03  1.44432e-02
 1.06361e-03  1.44885e-02

 2.22483e-03  1.36650e-02
 1.31806e-03  1.44158e-02
 1.37076e-03  1.42739e-02
 1.46730e-03  1.43905e-02
 1.31806e-03  1.44158e-02

 2.62934e-03  1.36650e-02
 1.59490e-03  1.43304e-02
 1.66421e-03  1.41958e-02
 1.74609e-03  1.43231e-02
 1.59490e-03  1.43304e-02

 3.03385e-03  1.36650e-02
 1.88695e-03  1.42350e-02
 1.97066e-03  1.41089e-02
 2.03802e-03  1.42444e-02
 1.88695e-03  1.42350e-02

 3.43837e-03  1.36650e-02
 2.19988e-03  1.41311e-02
 2.29591e-03  1.40141e-02
 2.34923e-03  1.41558e-02
 2.19988e-03  1.41311e-02

 2.03993e-04  1.42350e-02
 2.03993e-04  1.54278e-02
 1.28310e-04  1.52967e-02
 2.79677e-04  1.52967e-02
 2.03993e-04  1.54278e-02

 6.11979e-04  1.42350e-02
 3.44241e-04  1.54375e-02
 2.98857e-04  1.52931e-02
 4.46606e-04  1.53260e-02
 3.44241e-04  1.54375e-02

 1.01997e-03  1.42350e-02
 6.38195e-04  1.53999e-02
 6.07099e-04  1.52518e-02
 7.50939e-04  1.52989e-02
 6.38195e-04  1.53999e-02

 1.42795e-03  1.42350e-02
 8.72011e-04  1.53474e-02
 8.62914e-04  1.51963e-02
 9.98313e-04  1.52640e-02
 8.72011e-04  1.53474e-02

 1.83594e-03  1.42350e-02
 1.14268e-03  1.52697e-02
 1.15277e-03  1.51186e-02
 1.27852e-03  1.52029e-02
 1.14268e-03  1.52697e-02

 2.24392e-03  1.42350e-02
 1.41299e-03  1.51752e-02
 1.44309e-03  1.50269e-02
 1.55651e-03  1.51271e-02
 1.41299e-03  1.51752e-02

 2.65191e-03  1.42350e-02
 1.70428e-03  1.50643e-02
 1.75309e-03  1.49210e-02
 1.85277e-03  1.50349e-02
 1.70428e-03  1.50643e-02

 3.05990e-03  1.42350e-02
 2.00979e-03  1.49406e-02
 2.07638e-03  1.48047e-02
 2.16080e-03  1.49303e-02
 2.00979e-03  1.49406e-02

 3.46788e-03  1.42350e-02
 2.33505e-03  1.48065e-02
 2.41800e-03  1.46799e-02
 2.48618e-03  1.48150e-02
 2.33505e-03  1.48065e-02

 2.05729e-04  1.48050e-02
 2.05729e-04  1.61983e-02
 1.30046e-04  1.60672e-02
 2.81413e-04  1.60672e-02
 2.05729e-04  1.61983e-02

 6.17187e-04  1.48050e-02
 3.91060e-04  1.62157e-02
 3.37079e-04  1.60743e-02
 4.86538e-04  1.60982e-02
 3.91060e-04  1.62157e-02

 1.02865e-03  1.48050e-02
 7.06469e-04  1.61724e-02
 6.62866e-04  1.60274e-02
 8.10198e-04  1.60621e-02
 7.06469e-04  1.61724e-02

 1.44010e-03  1.48050e-02
 9.70125e-04  1.61107e-02
 9.43310e-04  1.59617e-02
 1.08573e-03  1.60130e-02
 9.70125e-04  1.61107e-02

 1.85156e-03  1.48050e-02
 1.26521e-03  1.60174e-02
 1.25415e-03  1.58664e-02
 1.39042e-03  1.59323e-02
 1.26521e-03  1.60174e-02

 2.26302e-03  1.48050e-02
 1.55975e-03  1.59037e-02
 1.56668e-03  1.57525e-02
 1.69416e-03  1.58341e-02
 1.55975e-03  1.59037e-02

 2.67448e-03  1.48050e-02
 1.87231e-03  1.57699e-02
 1.89791e-03  1.56207e-02
 2.01431e-03  1.57175e-02
 1.87231e-03  1.57699e-02

 3.08594e-03  1.48050e-02
 2.19719e-03  1.56212e-02
 2.24255e-03  1.54768e-02
 2.34493e-03  1.55882e-02
 2.19719e-03  1.56212e-02

 3.49740e-03  1.48050e-02
 2.53902e-03  1.54601e-02
 2.60453e-03  1.53236e-02
 2.68995e-03  1.54486e-02
 2.53902e-03  1.54601e-02

 2.07465e-04  1.53750e-02
 2.07465e-04  1.69311e-02
 1.31782e-04  1.68000e-02
 2.83149e-04  1.68000e-02
 2.07465e-04  1.69311e-02

 6.22396e-04  1.53750e-02
 4.50549e-04  1.69544e-02
 3.89488e-04  1.68159e-02
 5.39967e-04  1.68323e-02
 4.50549e-04  1.69544e-02

 1.03733e-03  1.53750e-02
 7.92589e-04  1.69069e-02
 7.38533e-04  1.67655e-02
 8.88005e-04  1.67894e-02
 7.92589e-04  1.69069e-02

 1.45226e-03  1.53750e-02
 1.09440e-03  1.68377e-02
 1.05203e-03  1.66924e-02
 1.19906e-03  1.67284e-02
 1.09440e-03  1.68377e-02

 1.86719e-03  1.53750e-02
 1.42022e-03  1.67316e-02
 1.38936e-03  1.65834e-02
 1.53313e-03  1.66307e-02
 1.42022e-03  1.67316e-02

 2.28212e-03  1.53750e-02
 1.74531e-03  1.66018e-02
 1.72852e-03  1.64514e-02
 1.86719e-03  1.65121e-02
 1.74531e-03  1.66018e-02

 2.69705e-03  1.53750e-02
 2.08429e-03  1.64489e-02
 2.08352e-03  1.62975e-02
 2.21499e-03  1.63725e-02
 2.08429e-03  1.64489e-02

 3.11198e-03  1.53750e-02
 2.43273e-03  1.62789e-02
 2.45098e-03  1.61286e-02
 2.57198e-03  1.62196e-02
 2.43273e-03  1.62789e-02

 3.52691e-03  1.53750e-02
 2.79438e-03  1.60950e-02
 2.83482e-03  1.59492e-02
 2.94093e-03  1.60571e-02
 2.79438e-03  1.60950e-02

 2.09201e-04  1.59450e-02
 2.09201e-04  1.76131e-02
 1.33518e-04  1.74820e-02
 2.84885e-04  1.74820e-02
 2.09201e-04  1.76131e-02

 6.27604e-04  1.59450e-02
 5.19263e-04  1.76405e-02
 4.52093e-04  1.75048e-02
 6.03152e-04  1.75145e-02
 5.19263e-04  1.76405e-02

 1.04601e-03  1.59450e-02
 8.91590e-04  1.75904e-02
 8.28486e-04  1.74528e-02
 9.79191e-04  1.74670e-02
 8.91590e-04  1.75904e-02

 1.46441e-03  1.59450e-02
 1.23762e-03  1.75160e-02
 1.18144e-03  1.73755e-02
 1.33125e-03  1.73971e-02
 1.23762e-03  1.75160e-02

 1.88281e-03  1.59450e-02
 1.59880e-03  1.74006e-02
 1.54962e-03  1.72575e-02
 1.69819e-03  1.72865e-02
 1.59880e-03  1.74006e-02

 2.30122e-03  1.59450e-02
 1.95916e-03  1.72591e-02
 1.91894e-03  1.71132e-02
 2.06543e-03  1.71513e-02
 1.95916e-03  1.72591e-02

 2.71962e-03  1.59450e-02
 2.32840e-03  1.70919e-02
 2.29909e-03  1.69434e-02
 2.44235e-03  1.69923e-02
 2.32840e-03  1.70919e-02

 3.13802e-03  1.59450e-02
 2.70369e-03  1.69061e-02
 2.68870e-03  1.67555e-02
 2.82664e-03  1.68178e-02
 2.70369e-03  1.69061e-02

 3.55642e-03  1.59450e-02
 3.08764e-03  1.67054e-02
 3.09201e-03  1.65541e-02
 3.22086e-03  1.66335e-02
 3.08764e-03  1.67054e-02

 2.10937e-04  1.65150e-02
 2.10937e-04  1.82418e-02
 1.35254e-04  1.81107e-02
 2.86621e-04  1.81107e-02
 2.10938e-04  1.82418e-02

 6.32812e-04  1.65150e-02
 5.93566e-04  1.82712e-02
 5.20830e-04  1.81384e-02
 6.72159e-04  1.81418e-02
 5.93566e-04  1.82712e-02

 1.05469e-03  1.65150e-02
 9.98311e-04  1.82205e-02
 9.27000e-04  1.80869e-02
 1.07828e-03  1.80919e-02
 9.98311e-04  1.82205e-02

 1.47656e-03  1.65150e-02
 1.39240e-03  1.81431e-02
 1.32359e-03  1.80083e-02
 1.47475e-03  1.80161e-02
 1.39240e-03  1.81431e-02

 1.89844e-03  1.65150e-02
 1.79186e-03  1.80225e-02
 1.72561e-03  1.78864e-02
 1.87660e-03  1.78970e-02
 1.79186e-03  1.80225e-02

 2.32031e-03  1.65150e-02
 2.19057e-03  1.78738e-02
 2.12769e-03  1.77361e-02
 2.27837e-03  1.77505e-02
 2.19057e-03  1.78738e-02

 2.74219e-03  1.65150e-02
 2.59263e-03  1.76980e-02
 2.53399e-03  1.75585e-02
 2.68416e-03  1.75774e-02
 2.59263e-03  1.76980e-02

 3.16406e-03  1.65150e-02
 2.99705e-03  1.75024e-02
 2.94429e-03  1.73606e-02
 3.09354e-03  1.73858e-02
 2.99705e-03  1.75024e-02

 3.58594e-03  1.65150e-02
 3.40506e-03  1.72911e-02
 3.36111e-03  1.71462e-02
 3.50852e-03  1.71806e-02
 3.40506e-03  1.72911e-02

 2.12674e-04  1.70850e-02
 2.12674e-04  1.88139e-02
 1.36990e-04  1.86828e-02
 2.88357e-04  1.86828e-02
 2.12674e-04  1.88139e-02

 6.38021e-04  1.70850e-02
 6.70211e-04  1.88435e-02
 5.92141e-04  1.87138e-02
 7.43482e-04  1.87111e-02
 6.70211e-04  1.88435e-02

 1.06337e-03  1.70850e-02
 1.10825e-03  1.87936e-02
 1.02915e-03  1.86646e-02
 1.18046e-03  1.86606e-02
 1.10825e-03  1.87936e-02

 1.48872e-03  1.70850e-02
 1.55223e-03  1.87158e-02
 1.47151e-03  1.85877e-02
 1.62276e-03  1.85818e-02
 1.55223e-03  1.87158e-02

 1.91406e-03  1.70850e-02
 1.99140e-03  1.85938e-02
 1.90911e-03  1.84668e-02
 2.06028e-03  1.84590e-02
 1.99140e-03  1.85938e-02

 2.33941e-03  1.70850e-02
 2.43009e-03  1.84431e-02
 2.34584e-03  1.83173e-02
 2.49688e-03  1.83072e-02
 2.43009e-03  1.84431e-02

 2.76476e-03  1.70850e-02
 2.86640e-03  1.82644e-02
 2.77974e-03  1.81403e-02
 2.93055e-03  1.81273e-02
 2.86640e-03  1.82644e-02

 3.19010e-03  1.70850e-02
 3.30126e-03  1.80654e-02
 3.21129e-03  1.79437e-02
 3.36169e-03  1.79266e-02
 3.30126e-03  1.80654e-02

 3.61545e-03  1.70850e-02
 3.73436e-03  1.78504e-02
 3.63945e-03  1.77325e-02
 3.78902e-03  1.77092e-02
 3.73436e-03  1.78504e-02

 2.14410e-04  1.76550e-02
 2.14410e-04  1.93297e-02
 1.38726e-04  1.91986e-02
 2.90093e-04  1.91986e-02
 2.14410e-04  1.93297e-02

 6.43229e-04  1.76550e-02
 7.45977e-04  1.93576e-02
 6.62534e-04  1.92313e-02
 8.13627e-04  1.92222e-02
 7.45977e-04  1.93576e-02

 1.07205e-03  1.76550e-02
 1.21694e-03  1.93100e-02
 1.13011e-03  1.91860e-02
 1.28090e-03  1.91728e-02
 1.21694e-03  1.93100e-02

 1.50087e-03  1.76550e-02
 1.71063e-03  1.92338e-02
 1.61834e-03  1.91139e-02
 1.76839e-03  1.90939e-02
 1.71063e-03  1.92338e-02

 1.92969e-03  1.76550e-02
 2.18943e-03  1.91146e-02
 2.09195e-03  1.89988e-02
 2.24097e-03  1.89722e-02
 2.18943e-03  1.91146e-02

 2.35851e-03  1.76550e-02
 2.66818e-03  1.89665e-02
 2.56440e-03  1.88563e-02
 2.71172e-03  1.88215e-02
 2.66818e-03  1.89665e-02

 2.78733e-03  1.76550e-02
 3.13887e-03  1.87909e-02
 3.02781e-03  1.86881e-02
 3.17241e-03  1.86433e-02
 3.13887e-03  1.87909e-02

 3.21615e-03  1.76550e-02
 3.60431e-03  1.85952e-02
 3.48433e-03  1.85029e-02
 3.62424e-03  1.84452e-02
 3.60431e-03  1.85952e-02

 3.64497e-03  1.76550e-02
 4.06262e-03  1.83837e-02
 3.93177e-03  1.83076e-02
 4.06309e-03  1.82323e-02
 4.06262e-03  1.83837e-02

 2.16146e-04  1.82250e-02
 2.16146e-04  1.97929e-02
 1.40462e-04  1.96618e-02
 2.91829e-04  1.96618e-02
 2.16146e-04  1.97929e-02

 6.48438e-04  1.82250e-02
 8.17999e-04  1.98170e-02
 7.28858e-04  1.96947e-02
 8.79373e-04  1.96786e-02
 8.17999e-04  1.98170e-02

 1.08073e-03  1.82250e-02
 1.32044e-03  1.97726e-02
 1.22558e-03  1.96546e-02
 1.37517e-03  1.96314e-02
 1.32044e-03  1.97726e-02

 1.51302e-03  1.82250e-02
 1.86178e-03  1.97001e-02
 1.75796e-03  1.95899e-02
 1.90527e-03  1.95551e-02
 1.86178e-03  1.97001e-02

 1.94531e-03  1.82250e-02
 2.37863e-03  1.95872e-02
 2.26677e-03  1.94852e-02
 2.41101e-03  1.94393e-02
 2.37863e-03  1.95872e-02

 2.37760e-03  1.82250e-02
 2.89593e-03  1.94465e-02
 2.77505e-03  1.93553e-02
 2.91439e-03  1.92962e-02
 2.89593e-03  1.94465e-02

 2.80990e-03  1.82250e-02
 3.39971e-03  1.92795e-02
 3.26967e-03  1.92020e-02
 3.40177e-03  1.91281e-02
 3.39971e-03  1.92795e-02

 3.24219e-03  1.82250e-02
 3.89459e-03  1.90932e-02
 3.75533e-03  1.90339e-02
 3.87635e-03  1.89430e-02
 3.89459e-03  1.90932e-02

 3.67448e-03  1.82250e-02
 4.37706e-03  1.88921e-02
 4.22988e-03  1.88567e-02
 4.33410e-03  1.87469e-02
 4.37706e-03  1.88921e-02

 2.17882e-04  1.87950e-02
 2.17882e-04  2.02054e-02
 1.42198e-04  2.00743e-02
 2.93565e-04  2.00743e-02
 2.17882e-04  2.02054e-02

 6.53646e-04  1.87950e-02
 8.83020e-04  2.02239e-02
 7.87516e-04  2.01065e-02
 9.36970e-04  2.00825e-02
 8.83020e-04  2.02239e-02

 1.08941e-03  1.87950e-02
 1.41421e-03  2.01837e-02
 1.31066e-03  2.00733e-02
 1.45805e-03  2.00388e-02
 1.41421e-03  2.01837e-02

 1.52517e-03  1.87950e-02
 1.99888e-03  2.01167e-02
 1.88340e-03  2.00189e-02
 2.02590e-03  1.99678e-02
 1.99888e-03  2.01167e-02

 1.96094e-03  1.87950e-02
 2.55039e-03  2.00136e-02
 2.42518e-03  1.99285e-02
 2.56144e-03  1.98626e-02
 2.55039e-03  2.00136e-02

 2.39670e-03  1.87950e-02
 3.10275e-03  1.98848e-02
 2.96796e-03  1.98160e-02
 3.09500e-03  1.97337e-02
 3.10275e-03  1.98848e-02

 2.83247e-03  1.87950e-02
 3.63660e-03  1.97322e-02
 3.49380e-03  1.96820e-02
 3.60868e-03  1.95834e-02
 3.63660e-03  1.97322e-02

 3.26823e-03  1.87950e-02
 4.15804e-03  1.95619e-02
 4.00933e-03  1.95336e-02
 4.10815e-03  1.94190e-02
 4.15804e-03  1.95619e-02

 3.70399e-03  1.87950e-02
 4.66222e-03  1.93781e-02
 4.51089e-03  1.93746e-02
 4.58958e-03  1.92453e-02
 4.66222e-03  1.93781e-02

 2.19618e-04  1.93650e-02
 2.19618e-04  2.05793e-02
 1.43935e-04  2.04482e-02
 2.95302e-04  2.04482e-02
 2.19618e-04  2.05793e-02

 6.58854e-04  1.93650e-02
 9.38255e-04  2.05901e-02
 8.35318e-04  2.04791e-02
 9.82895e-04  2.04455e-02
 9.38255e-04  2.05901e-02

 1.09809e-03  1.93650e-02
 1.49425e-03  2.05545e-02
 1.38102e-03  2.04541e-02
 1.52463e-03  2.04062e-02
 1.49425e-03  2.05545e-02

 1.53733e-03  1.93650e-02
 2.11573e-03  2.04944e-02
 1.98861e-03  2.04122e-02
 2.12334e-03  2.03432e-02
 2.11573e-03  2.04944e-02

 1.97656e-03  1.93650e-02
 2.69662e-03  2.04040e-02
 2.55975e-03  2.03394e-02
 2.68416e-03  2.02531e-02
 2.69662e-03  2.04040e-02

 2.41580e-03  1.93650e-02
 3.27851e-03  2.02908e-02
 3.13378e-03  2.02465e-02
 3.24451e-03  2.01433e-02
 3.27851e-03  2.02908e-02

 2.85503e-03  1.93650e-02
 3.83741e-03  2.01570e-02
 3.68785e-03  2.01337e-02
 3.78286e-03  2.00158e-02
 3.83741e-03  2.01570e-02

 3.29427e-03  1.93650e-02
 4.38078e-03  2.00078e-02
 4.22942e-03  2.00062e-02
 4.30650e-03  1.98759e-02
 4.38078e-03  2.00078e-02

 3.73351e-03  1.93650e-02
 4.90244e-03  1.98471e-02
 4.75240e-03  1.98671e-02
 4.81011e-03  1.97272e-02
 4.90244e-03  1.98471e-02

 2.21354e-04  1.99350e-02
 2.21354e-04  2.09146e-02
 1.45671e-04  2.07835e-02
 2.97038e-04  2.07835e-02
 2.21354e-04  2.09146e-02

 6.64062e-04  1.99350e-02
 9.79065e-04  2.09161e-02
 8.66930e-04  2.08144e-02
 1.01105e-03  2.07681e-02
 9.79065e-04  2.09161e-02

 1.10677e-03  1.99350e-02
 1.55358e-03  2.08863e-02
 1.42935e-03  2.07999e-02
 1.56636e-03  2.07355e-02
 1.55358e-03  2.08863e-02

 1.54948e-03  1.99350e-02
 2.20195e-03  2.08354e-02
 2.06375e-03  2.07737e-02
 2.18632e-03  2.06848e-02
 2.20195e-03  2.08354e-02

 1.99219e-03  1.99350e-02
 2.80404e-03  2.07610e-02
 2.65818e-03  2.07206e-02
 2.76613e-03  2.06145e-02
 2.80404e-03  2.07610e-02

 2.43490e-03  1.99350e-02
 3.40690e-03  2.06678e-02
 3.25666e-03  2.06494e-02
 3.34779e-03  2.05285e-02
 3.40690e-03  2.06678e-02

 2.87760e-03  1.99350e-02
 3.98334e-03  2.05581e-02
 3.83198e-03  2.05597e-02
 3.90630e-03  2.04278e-02
 3.98334e-03  2.05581e-02

 3.32031e-03  1.99350e-02
 4.54169e-03  2.04359e-02
 4.39169e-03  2.04562e-02
 4.44913e-03  2.03161e-02
 4.54169e-03  2.04359e-02

 3.76302e-03  1.99350e-02
 5.07484e-03  2.03046e-02
 4.92814e-03  2.03419e-02
 4.96919e-03  2.01962e-02
 5.07484e-03  2.03046e-02

 2.23090e-04  2.05050e-02
 2.23090e-04  2.12414e-02
 1.47407e-04  2.11103e-02
 2.98774e-04  2.11103e-02
 2.23090e-04  2.12414e-02

 6.69271e-04  2.05050e-02
 1.00260e-03  2.12318e-02
 8.79154e-04  2.11442e-02
 1.01674e-03  2.10811e-02
 1.00260e-03  2.12318e-02

 1.11545e-03  2.05050e-02
 1.58719e-03  2.12084e-02
 1.45132e-03  2.11417e-02
 1.57704e-03  2.10574e-02
 1.58719e-03  2.12084e-02

 1.56163e-03  2.05050e-02
 2.24959e-03  2.11673e-02
 2.10267e-03  2.11309e-02
 2.20764e-03  2.10218e-02
 2.24959e-03  2.11673e-02

 2.00781e-03  2.05050e-02
 2.86198e-03  2.11103e-02
 2.71126e-03  2.10962e-02
 2.79878e-03  2.09727e-02
 2.86198e-03  2.11103e-02

 2.45399e-03  2.05050e-02
 3.47496e-03  2.10385e-02
 3.32373e-03  2.10449e-02
 3.39384e-03  2.09107e-02
 3.47496e-03  2.10385e-02

 2.90017e-03  2.05050e-02
 4.05911e-03  2.09547e-02
 3.90953e-03  2.09778e-02
 3.96428e-03  2.08367e-02
 4.05911e-03  2.09547e-02

 3.34635e-03  2.05050e-02
 4.62359e-03  2.08613e-02
 4.47698e-03  2.08990e-02
 4.51766e-03  2.07532e-02
 4.62359e-03  2.08613e-02

 3.79253e-03  2.05050e-02
 5.16066e-03  2.07615e-02
 5.01787e-03  2.08118e-02
 5.04577e-03  2.06630e-02
 5.16066e-03  2.07615e-02

 2.24826e-04  2.10750e-02
 2.24826e-04  2.15409e-02
 1.49143e-04  2.14098e-02
 3.00510e-04  2.14098e-02
 2.24826e-04  2.15409e-02

 6.74479e-04  2.10750e-02
 9.99426e-04  2.15233e-02
 8.61217e-04  2.14616e-02
 9.83779e-04  2.13728e-02
 9.99426e-04  2.15233e-02

 1.12413e-03  2.10750e-02
 1.58053e-03  2.15091e-02
 1.43338e-03  2.14736e-02
 1.53770e-03  2.13639e-02
 1.58053e-03  2.15091e-02

 1.57378e-03  2.10750e-02
 2.23802e-03  2.14813e-02
 2.08670e-03  2.14775e-02
 2.16569e-03  2.13484e-02
 2.23802e-03  2.14813e-02

 2.02344e-03  2.10750e-02
 2.84506e-03  2.14454e-02
 2.69445e-03  2.14606e-02
 2.75666e-03  2.13226e-02
 2.84506e-03  2.14454e-02

 2.47309e-03  2.10750e-02
 3.45281e-03  2.13995e-02
 3.30458e-03  2.14301e-02
 3.35217e-03  2.12864e-02
 3.45281e-03  2.13995e-02

 2.92274e-03  2.10750e-02
 4.03158e-03  2.13462e-02
 3.88627e-03  2.13886e-02
 3.92223e-03  2.12416e-02
 4.03158e-03  2.13462e-02

 3.37240e-03  2.10750e-02
 4.59098e-03  2.12869e-02
 4.44886e-03  2.13390e-02
 4.47479e-03  2.11898e-02
 4.59098e-03  2.12869e-02

 3.82205e-03  2.10750e-02
 5.12312e-03  2.12237e-02
 4.98429e-03  2.12840e-02
 5.00148e-03  2.11336e-02
 5.12312e-03  2.12237e-02

 2.26562e-04  2.16450e-02
 2.26562e-04  2.19036e-02
 1.50879e-04  2.17726e-02
 3.02246e-04  2.17726e-02
 2.26563e-04  2.19036e-02

 6.79687e-04  2.16450e-02
 9.68655e-04  2.18778e-02
 8.19093e-04  2.18545e-02
 9.14062e-04  2.17366e-02
 9.68655e-04  2.18778e-02

 1.13281e-03  2.16450e-02
 1.52880e-03  2.18724e-02
 1.37743e-03  2.18727e-02
 1.45280e-03  2.17415e-02
 1.52880e-03  2.18724e-02

 1.58594e-03  2.16450e-02
 2.16050e-03  2.18545e-02
 2.01142e-03  2.18807e-02
 2.06326e-03  2.17385e-02
 2.16050e-03  2.18545e-02

 2.03906e-03  2.16450e-02
 2.74489e-03  2.18350e-02
 2.59863e-03  2.18740e-02
 2.63798e-03  2.17279e-02
 2.74489e-03  2.18350e-02

 2.49219e-03  2.16450e-02
 3.33106e-03  2.18085e-02
 3.18792e-03  2.18577e-02
 3.21688e-03  2.17092e-02
 3.33106e-03  2.18085e-02

 2.94531e-03  2.16450e-02
 3.89075e-03  2.17786e-02
 3.75037e-03  2.18352e-02
 3.77154e-03  2.16853e-02
 3.89075e-03  2.17786e-02

 3.39844e-03  2.16450e-02
 4.43341e-03  2.17449e-02
 4.29565e-03  2.18077e-02
 4.31020e-03  2.16570e-02
 4.43341e-03  2.17449e-02

 3.85156e-03  2.16450e-02
 4.95162e-03  2.17095e-02
 4.81633e-03  2.17774e-02
 4.82519e-03  2.16263e-02
 4.95162e-03  2.17095e-02

 2.28299e-04  2.22150e-02
 2.28299e-04  2.22150e-02
 3.03982e-04  2.23461e-02
 1.52615e-04  2.23461e-02
 2.28299e-04  2.22150e-02

 6.84896e-04  2.22150e-02
 8.69193e-04  2.22150e-02
 7.38105e-04  2.22907e-02
 7.38105e-04  2.21393e-02
 8.69193e-04  2.22150e-02

 1.14149e-03  2.22150e-02
 1.38591e-03  2.22150e-02
 1.25482e-03  2.22907e-02
 1.25482e-03  2.21393e-02
 1.38591e-03  2.22150e-02

 1.59809e-03  2.22150e-02
 1.95137e-03  2.22150e-02
 1.82028e-03  2.22907e-02
 1.82028e-03  2.21393e-02
 1.95137e-03  2.22150e-02

 2.05469e-03  2.22150e-02
 2.48545e-03  2.22150e-02
 2.35436e-03  2.22907e-02
 2.35436e-03  2.21393e-02
 2.48545e-03  2.22150e-02

 2.51128e-03  2.22150e-02
 3.02163e-03  2.22150e-02
 2.89055e-03  2.22907e-02
 2.89055e-03  2.21393e-02
 3.02163e-03  2.22150e-02

 2.96788e-03  2.22150e-02
 3.54071e-03  2.22150e-02
 3.40962e-03  2.22907e-02
 3.40962e-03  2.21393e-02
 3.54071e-03  2.22150e-02

 3.42448e-03  2.22150e-02
 4.04939e-03  2.22150e-02
 3.91830e-03  2.22907e-02
 3.91830e-03  2.21393e-02
 4.04939e-03  2.22150e-02

 3.88108e-03  2.22150e-02
 4.54280e-03  2.22150e-02
 4.41171e-03  2.22907e-02
 4.41171e-03  2.21393e-02
 4.54280e-03  2.22150e-02

 3.76510e-03  1.13850e-02
 3.14240e-03  1.13850e-02
 3.27348e-03  1.13093e-02
 3.27348e-03  1.14607e-02
 3.14240e-03  1.13850e-02

 4.26406e-03  1.13850e-02
 3.60562e-03  1.13850e-02
 3.73671e-03  1.13093e-02
 3.73671e-03  1.14607e-02
 3.60562e-03  1.13850e-02

 4.76302e-03  1.13850e-02
 4.08397e-03  1.13850e-02
 4.21506e-03  1.13093e-02
 4.21506e-03  1.14607e-02
 4.08397e-03  1.13850e-02

 5.26198e-03  1.13850e-02
 4.57818e-03  1.13850e-02
 4.70927e-03  1.13093e-02
 4.70927e-03  1.14607e-02
 4.57818e-03  1.13850e-02

 5.76094e-03  1.13850e-02
 5.08847e-03  1.13850e-02
 5.21956e-03  1.13093e-02
 5.21956e-03  1.14607e-02
 5.08847e-03  1.13850e-02

 6.25990e-03  1.13850e-02
 5.61463e-03  1.13850e-02
 5.74572e-03  1.13093e-02
 5.74572e-03  1.14607e-02
 5.61463e-03  1.13850e-02

 6.75885e-03  1.13850e-02
 6.15613e-03  1.13850e-02
 6.28721e-03  1.13093e-02
 6.28721e-03  1.14607e-02
 6.15613e-03  1.13850e-02

 7.25781e-03  1.13850e-02
 6.71129e-03  1.13850e-02
 6.84237e-03  1.13093e-02
 6.84237e-03  1.14607e-02
 6.71129e-03  1.13850e-02

 7.75677e-03  1.13850e-02
 7.27888e-03  1.13850e-02
 7.40996e-03  1.13093e-02
 7.40996e-03  1.14607e-02
 7.27888e-03  1.13850e-02

 8.25573e-03  1.13850e-02
 7.85468e-03  1.13850e-02
 7.98577e-03  1.13093e-02
 7.98577e-03  1.14607e-02
 7.85468e-03  1.13850e-02

 8.75469e-03  1.13850e-02
 8.43842e-03  1.13850e-02
 8.56951e-03  1.13093e-02
 8.56951e-03  1.14607e-02
 8.43842e-03  1.13850e-02

 9.25365e-03  1.13850e-02
 9.01984e-03  1.13850e-02
 9.15093e-03  1.13093e-02
 9.15093e-03  1.14607e-02
 9.01984e-03  1.13850e-02

 9.75260e-03  1.13850e-02
 9.60717e-03  1.13850e-02
 9.73826e-03  1.13093e-02
 9.73826e-03  1.14607e-02
 9.60717e-03  1.13850e-02

 1.02516e-02  1.13850e-02
 1.01677e-02  1.13850e-02
 1.02988e-02  1.13093e-02
 1.02988e-02  1.14607e-02
 1.01677e-02  1.13850e-02

 1.07505e-02  1.13850e-02
 1.07505e-02  1.13850e-02
 1.07113e-02  1.15312e-02
 1.06043e-02  1.14242e-02
 1.07505e-02  1.13850e-02

 3.79531e-03  1.19550e-02
 2.75065e-03  1.20630e-02
 2.87327e-03  1.19742e-02
 2.88883e-03  1.21248e-02
 2.75065e-03  1.20630e-02

 4.29219e-03  1.19550e-02
 3.19205e-03  1.20293e-02
 3.31774e-03  1.19449e-02
 3.32794e-03  1.20960e-02
 3.19205e-03  1.20293e-02

 4.78906e-03  1.19550e-02
 3.65926e-03  1.19938e-02
 3.78767e-03  1.19137e-02
 3.79287e-03  1.20650e-02
 3.65926e-03  1.19938e-02

 5.28594e-03  1.19550e-02
 4.15288e-03  1.19574e-02
 4.28381e-03  1.18814e-02
 4.28413e-03  1.20328e-02
 4.15288e-03  1.19574e-02

 5.78281e-03  1.19550e-02
 4.67322e-03  1.19209e-02
 4.80657e-03  1.18492e-02
 4.80191e-03  1.20005e-02
 4.67322e-03  1.19209e-02

 6.27969e-03  1.19550e-02
 5.21944e-03  1.18854e-02
 5.35520e-03  1.18184e-02
 5.34528e-03  1.19695e-02
 5.21944e-03  1.18854e-02

 6.77656e-03  1.19550e-02
 5.79063e-03  1.18522e-02
 5.92886e-03  1.17905e-02
 5.91316e-03  1.19411e-02
 5.79063e-03  1.18522e-02

 7.27344e-03  1.19550e-02
 6.38378e-03  1.18227e-02
 6.52457e-03  1.17672e-02
 6.50231e-03  1.19169e-02
 6.38378e-03  1.18227e-02

 7.77031e-03  1.19550e-02
 6.99668e-03  1.17985e-02
 7.14017e-03  1.17503e-02
 7.11015e-03  1.18986e-02
 6.99668e-03  1.17985e-02

 8.26719e-03  1.19550e-02
 7.62255e-03  1.17811e-02
 7.76882e-03  1.17421e-02
 7.72939e-03  1.18883e-02
 7.62255e-03  1.17811e-02

 8.76406e-03  1.19550e-02
 8.26015e-03  1.17716e-02
 8.40921e-03  1.17453e-02
 8.35745e-03  1.18876e-02
 8.26015e-03  1.17716e-02

 9.26094e-03  1.19550e-02
 8.89377e-03  1.17722e-02
 9.04485e-03  1.17629e-02
 8.97740e-03  1.18984e-02
 8.89377e-03  1.17722e-02

 9.75781e-03  1.19550e-02
 9.53339e-03  1.17828e-02
 9.68346e-03  1.18025e-02
 9.59131e-03  1.19226e-02
 9.53339e-03  1.17828e-02

 1.02547e-02  1.19550e-02
 1.01317e-02  1.18082e-02
 1.02739e-02  1.18600e-02
 1.01578e-02  1.19572e-02
 1.01317e-02  1.18082e-02

 1.07516e-02  1.19550e-02
 1.07516e-02  1.18538e-02
 1.08272e-02  1.19849e-02
 1.06759e-02  1.19849e-02
 1.07516e-02  1.18538e-02

 3.82552e-03  1.25250e-02
 2.56918e-03  1.26984e-02
 2.68868e-03  1.26055e-02
 2.70938e-03  1.27555e-02
 2.56918e-03  1.26984e-02

 4.32031e-03  1.25250e-02
 3.00357e-03  1.26358e-02
 3.12785e-03  1.25494e-02
 3.14054e-03  1.27002e-02
 3.00357e-03  1.26358e-02

 4.81510e-03  1.25250e-02
 3.46907e-03  1.25707e-02
 3.59752e-03  1.24906e-02
 3.60265e-03  1.26419e-02
 3.46907e-03  1.25707e-02

 5.30990e-03  1.25250e-02
 3.96591e-03  1.25045e-02
 4.09814e-03  1.24308e-02
 4.09583e-03  1.25822e-02
 3.96591e-03  1.25045e-02

 5.80469e-03  1.25250e-02
 4.49400e-03  1.24388e-02
 4.62977e-03  1.23719e-02
 4.61984e-03  1.25229e-02
 4.49400e-03  1.24388e-02

 6.29948e-03  1.25250e-02
 5.05222e-03  1.23755e-02
 5.19138e-03  1.23160e-02
 5.17336e-03  1.24662e-02
 5.05222e-03  1.23755e-02

 6.79427e-03  1.25250e-02
 5.63874e-03  1.23169e-02
 5.78116e-03  1.22657e-02
 5.75433e-03  1.24146e-02
 5.63874e-03  1.23169e-02

 7.28906e-03  1.25250e-02
 6.25016e-03  1.22655e-02
 6.39568e-03  1.22238e-02
 6.35899e-03  1.23707e-02
 6.25016e-03  1.22655e-02

 7.78385e-03  1.25250e-02
 6.88345e-03  1.22238e-02
 7.03177e-03  1.21936e-02
 6.98375e-03  1.23371e-02
 6.88345e-03  1.22238e-02

 8.27865e-03  1.25250e-02
 7.53106e-03  1.21947e-02
 7.68155e-03  1.21785e-02
 7.62038e-03  1.23169e-02
 7.53106e-03  1.21947e-02

 8.77344e-03  1.25250e-02
 8.19094e-03  1.21809e-02
 8.34230e-03  1.21824e-02
 8.26531e-03  1.23127e-02
 8.19094e-03  1.21809e-02

 9.26823e-03  1.25250e-02
 8.84588e-03  1.21854e-02
 8.99546e-03  1.22086e-02
 8.90062e-03  1.23266e-02
 8.84588e-03  1.21854e-02

 9.76302e-03  1.25250e-02
 9.50542e-03  1.22110e-02
 9.64708e-03  1.22643e-02
 9.53004e-03  1.23603e-02
 9.50542e-03  1.22110e-02

 1.02578e-02  1.25250e-02
 1.01180e-02  1.22625e-02
 1.02464e-02  1.23426e-02
 1.01128e-02  1.24138e-02
 1.01180e-02  1.22625e-02

 1.07526e-02  1.25250e-02
 1.07526e-02  1.23539e-02
 1.08283e-02  1.24850e-02
 1.06769e-02  1.24850e-02
 1.07526e-02  1.23539e-02

 3.85573e-03  1.30950e-02
 2.51151e-03  1.33637e-02
 2.62523e-03  1.32638e-02
 2.65489e-03  1.34122e-02
 2.51151e-03  1.33637e-02

 4.34844e-03  1.30950e-02
 2.94443e-03  1.32611e-02
 3.06572e-03  1.31705e-02
 3.08350e-03  1.33208e-02
 2.94443e-03  1.32611e-02

 4.84115e-03  1.30950e-02
 3.41065e-03  1.31551e-02
 3.53845e-03  1.30740e-02
 3.54480e-03  1.32252e-02
 3.41065e-03  1.31551e-02

 5.33385e-03  1.30950e-02
 3.91017e-03  1.30481e-02
 4.04368e-03  1.29768e-02
 4.03870e-03  1.31281e-02
 3.91017e-03  1.30481e-02

 5.82656e-03  1.30950e-02
 4.44246e-03  1.29427e-02
 4.58104e-03  1.28818e-02
 4.56448e-03  1.30322e-02
 4.44246e-03  1.29427e-02

 6.31927e-03  1.30950e-02
 5.00594e-03  1.28418e-02
 5.14898e-03  1.27923e-02
 5.12033e-03  1.29410e-02
 5.00594e-03  1.28418e-02

 6.81198e-03  1.30950e-02
 5.59870e-03  1.27491e-02
 5.74551e-03  1.27122e-02
 5.70401e-03  1.28578e-02
 5.59870e-03  1.27491e-02

 7.30469e-03  1.30950e-02
 6.21689e-03  1.26681e-02
 6.36656e-03  1.26455e-02
 6.31127e-03  1.27864e-02
 6.21689e-03  1.26681e-02

 7.79740e-03  1.30950e-02
 6.85718e-03  1.26031e-02
 7.00842e-03  1.25968e-02
 6.93825e-03  1.27310e-02
 6.85718e-03  1.26031e-02

 8.29010e-03  1.30950e-02
 7.51185e-03  1.25584e-02
 7.66273e-03  1.25705e-02
 7.57681e-03  1.26951e-02
 7.51185e-03  1.25584e-02

 8.78281e-03  1.30950e-02
 8.17843e-03  1.25385e-02
 8.32613e-03  1.25716e-02
 8.22360e-03  1.26829e-02
 8.17843e-03  1.25385e-02

 9.27552e-03  1.30950e-02
 8.83932e-03  1.25478e-02
 8.98021e-03  1.26031e-02
 8.86185e-03  1.26975e-02
 8.83932e-03  1.25478e-02

 9.76823e-03  1.30950e-02
 9.50347e-03  1.25916e-02
 9.63148e-03  1.26724e-02
 9.49751e-03  1.27429e-02
 9.50347e-03  1.25916e-02

 1.02609e-02  1.30950e-02
 1.01187e-02  1.26756e-02
 1.02325e-02  1.27755e-02
 1.00891e-02  1.28241e-02
 1.01187e-02  1.26756e-02

 1.07536e-02  1.30950e-02
 1.07536e-02  1.28255e-02
 1.08293e-02  1.29566e-02
 1.06780e-02  1.29566e-02
 1.07536e-02  1.28255e-02

 3.88594e-03  1.36650e-02
 2.56905e-03  1.40089e-02
 2.67675e-03  1.39026e-02
 2.71500e-03  1.40490e-02
 2.56905e-03  1.40089e-02

 4.37656e-03  1.36650e-02
 3.00518e-03  1.38690e-02
 3.12370e-03  1.37749e-02
 3.14597e-03  1.39246e-02
 3.00518e-03  1.38690e-02

 4.86719e-03  1.36650e-02
 3.47378e-03  1.37255e-02
 3.60146e-03  1.36442e-02
 3.60803e-03  1.37954e-02
 3.47378e-03  1.37255e-02

 5.35781e-03  1.36650e-02
 3.97455e-03  1.35816e-02
 4.10995e-03  1.35139e-02
 4.10084e-03  1.36650e-02
 3.97455e-03  1.35816e-02

 5.84844e-03  1.36650e-02
 4.50665e-03  1.34407e-02
 4.64842e-03  1.33876e-02
 4.62346e-03  1.35369e-02
 4.50665e-03  1.34407e-02

 6.33906e-03  1.36650e-02
 5.06841e-03  1.33067e-02
 5.21512e-03  1.32694e-02
 5.17404e-03  1.34151e-02
 5.06841e-03  1.33067e-02

 6.82969e-03  1.36650e-02
 5.65788e-03  1.31841e-02
 5.80789e-03  1.31638e-02
 5.75042e-03  1.33039e-02
 5.65788e-03  1.31841e-02

 7.32031e-03  1.36650e-02
 6.27111e-03  1.30778e-02
 6.42247e-03  1.30757e-02
 6.34854e-03  1.32078e-02
 6.27111e-03  1.30778e-02

 7.81094e-03  1.36650e-02
 6.90516e-03  1.29931e-02
 7.05553e-03  1.30104e-02
 6.96535e-03  1.31320e-02
 6.90516e-03  1.29931e-02

 8.30156e-03  1.36650e-02
 7.55252e-03  1.29357e-02
 7.69924e-03  1.29730e-02
 7.59365e-03  1.30814e-02
 7.55252e-03  1.29357e-02

 8.79219e-03  1.36650e-02
 8.21089e-03  1.29119e-02
 8.35090e-03  1.29694e-02
 8.23107e-03  1.30619e-02
 8.21089e-03  1.29119e-02

 9.28281e-03  1.36650e-02
 8.86348e-03  1.29275e-02
 8.99407e-03  1.30041e-02
 8.86248e-03  1.30789e-02
 8.86348e-03  1.29275e-02

 9.77344e-03  1.36650e-02
 9.51891e-03  1.29905e-02
 9.63600e-03  1.30864e-02
 9.49438e-03  1.31398e-02
 9.51891e-03  1.29905e-02

 1.02641e-02  1.36650e-02
 1.01270e-02  1.31064e-02
 1.02318e-02  1.32157e-02
 1.00848e-02  1.32518e-02
 1.01270e-02  1.31064e-02

 1.07547e-02  1.36650e-02
 1.07547e-02  1.33101e-02
 1.08304e-02  1.34412e-02
 1.06790e-02  1.34412e-02
 1.07547e-02  1.33101e-02

 3.91615e-03  1.42350e-02
 2.71361e-03  1.46506e-02
 2.81279e-03  1.45362e-02
 2.86223e-03  1.46793e-02
 2.71361e-03  1.46506e-02

 4.40469e-03  1.42350e-02
 3.15500e-03  1.44739e-02
 3.26955e-03  1.43749e-02
 3.29797e-03  1.45236e-02
 3.15500e-03  1.44739e-02

 4.89323e-03  1.42350e-02
 3.62576e-03  1.42937e-02
 3.75320e-03  1.42121e-02
 3.76021e-03  1.43633e-02
 3.62576e-03  1.42937e-02

 5.38177e-03  1.42350e-02
 4.12550e-03  1.41139e-02
 4.26324e-03  1.40512e-02
 4.24872e-03  1.42018e-02
 4.12550e-03  1.41139e-02

 5.87031e-03  1.42350e-02
 4.65325e-03  1.39388e-02
 4.79851e-03  1.38962e-02
 4.76272e-03  1.40433e-02
 4.65325e-03  1.39388e-02

 6.35885e-03  1.42350e-02
 5.20748e-03  1.37729e-02
 5.35733e-03  1.37515e-02
 5.30095e-03  1.38920e-02
 5.20748e-03  1.37729e-02

 6.84740e-03  1.42350e-02
 5.78616e-03  1.36217e-02
 5.93753e-03  1.36218e-02
 5.86179e-03  1.37528e-02
 5.78616e-03  1.36217e-02

 7.33594e-03  1.42350e-02
 6.38596e-03  1.34911e-02
 6.53583e-03  1.35123e-02
 6.44251e-03  1.36315e-02
 6.38596e-03  1.34911e-02

 7.82448e-03  1.42350e-02
 7.00415e-03  1.33876e-02
 7.14970e-03  1.34291e-02
 7.04094e-03  1.35344e-02
 7.00415e-03  1.33876e-02

 8.31302e-03  1.42350e-02
 7.63413e-03  1.33180e-02
 7.77296e-03  1.33783e-02
 7.65131e-03  1.34684e-02
 7.63413e-03  1.33180e-02

 8.80156e-03  1.42350e-02
 8.27408e-03  1.32903e-02
 8.40407e-03  1.33679e-02
 8.27191e-03  1.34417e-02
 8.27408e-03  1.32903e-02

 9.29010e-03  1.42350e-02
 8.90892e-03  1.33117e-02
 9.02891e-03  1.34040e-02
 8.88899e-03  1.34618e-02
 8.90892e-03  1.33117e-02

 9.77865e-03  1.42350e-02
 9.54674e-03  1.33926e-02
 9.65450e-03  1.34989e-02
 9.50856e-03  1.35390e-02
 9.54674e-03  1.33926e-02

 1.02672e-02  1.42350e-02
 1.01419e-02  1.35385e-02
 1.02396e-02  1.36541e-02
 1.00906e-02  1.36809e-02
 1.01419e-02  1.35385e-02

 1.07557e-02  1.42350e-02
 1.07557e-02  1.37942e-02
 1.08314e-02  1.39253e-02
 1.06800e-02  1.39253e-02
 1.07557e-02  1.37942e-02

 3.94635e-03  1.48050e-02
 2.93030e-03  1.52748e-02
 3.01752e-03  1.51511e-02
 3.08105e-03  1.52885e-02
 2.93030e-03  1.52748e-02

 4.43281e-03  1.48050e-02
 3.37839e-03  1.50670e-02
 3.48736e-03  1.49619e-02
 3.52386e-03  1.51088e-02
 3.37839e-03  1.50670e-02

 4.91927e-03  1.48050e-02
 3.85123e-03  1.48561e-02
 3.97855e-03  1.47742e-02
 3.98578e-03  1.49254e-02
 3.85123e-03  1.48561e-02

 5.40573e-03  1.48050e-02
 4.34805e-03  1.46464e-02
 4.48891e-03  1.45910e-02
 4.46647e-03  1.47407e-02
 4.34805e-03  1.46464e-02

 5.89219e-03  1.48050e-02
 4.86811e-03  1.44430e-02
 5.01693e-03  1.44153e-02
 4.96648e-03  1.45580e-02
 4.86811e-03  1.44430e-02

 6.37865e-03  1.48050e-02
 5.40990e-03  1.42510e-02
 5.56126e-03  1.42504e-02
 5.48612e-03  1.43818e-02
 5.40990e-03  1.42510e-02

 6.86510e-03  1.48050e-02
 5.97189e-03  1.40765e-02
 6.12131e-03  1.41007e-02
 6.02564e-03  1.42180e-02
 5.97189e-03  1.40765e-02

 7.35156e-03  1.48050e-02
 6.55121e-03  1.39262e-02
 6.69543e-03  1.39721e-02
 6.58352e-03  1.40740e-02
 6.55121e-03  1.39262e-02

 7.83802e-03  1.48050e-02
 7.14571e-03  1.38073e-02
 7.28263e-03  1.38719e-02
 7.15827e-03  1.39582e-02
 7.14571e-03  1.38073e-02

 8.32448e-03  1.48050e-02
 7.75013e-03  1.37279e-02
 7.87859e-03  1.38079e-02
 7.74503e-03  1.38792e-02
 7.75013e-03  1.37279e-02

 8.81094e-03  1.48050e-02
 8.36317e-03  1.36971e-02
 8.48246e-03  1.37903e-02
 8.34212e-03  1.38470e-02
 8.36317e-03  1.36971e-02

 9.29740e-03  1.48050e-02
 8.97235e-03  1.37233e-02
 9.08256e-03  1.38270e-02
 8.93759e-03  1.38706e-02
 8.97235e-03  1.37233e-02

 9.78385e-03  1.48050e-02
 9.58497e-03  1.38192e-02
 9.68509e-03  1.39328e-02
 9.53671e-03  1.39627e-02
 9.58497e-03  1.38192e-02

 1.02703e-02  1.48050e-02
 1.01620e-02  1.39904e-02
 1.02543e-02  1.41104e-02
 1.01042e-02  1.41303e-02
 1.01620e-02  1.39904e-02

 1.07568e-02  1.48050e-02
 1.07568e-02  1.42904e-02
 1.08325e-02  1.44215e-02
 1.06811e-02  1.44215e-02
 1.07568e-02  1.42904e-02

 3.97656e-03  1.53750e-02
 3.20043e-03  1.58855e-02
 3.26836e-03  1.57502e-02
 3.35154e-03  1.58767e-02
 3.20043e-03  1.58855e-02

 4.46094e-03  1.53750e-02
 3.65620e-03  1.56525e-02
 3.75545e-03  1.55382e-02
 3.80479e-03  1.56813e-02
 3.65620e-03  1.56525e-02

 4.94531e-03  1.53750e-02
 4.13066e-03  1.54168e-02
 4.25769e-03  1.53345e-02
 4.26545e-03  1.54857e-02
 4.13066e-03  1.54168e-02

 5.42969e-03  1.53750e-02
 4.62328e-03  1.51834e-02
 4.76831e-03  1.51400e-02
 4.73332e-03  1.52873e-02
 4.62328e-03  1.51834e-02

 5.91406e-03  1.53750e-02
 5.13331e-03  1.49575e-02
 5.28460e-03  1.49526e-02
 5.21322e-03  1.50860e-02
 5.13331e-03  1.49575e-02

 6.39844e-03  1.53750e-02
 5.65952e-03  1.47449e-02
 5.80838e-03  1.47724e-02
 5.71016e-03  1.48875e-02
 5.65952e-03  1.47449e-02

 6.88281e-03  1.53750e-02
 6.20071e-03  1.45521e-02
 6.34263e-03  1.46047e-02
 6.22609e-03  1.47013e-02
 6.20071e-03  1.45521e-02

 7.36719e-03  1.53750e-02
 6.75480e-03  1.43860e-02
 6.88816e-03  1.44576e-02
 6.75947e-03  1.45373e-02
 6.75480e-03  1.43860e-02

 7.85156e-03  1.53750e-02
 7.32032e-03  1.42551e-02
 7.44488e-03  1.43411e-02
 7.30812e-03  1.44060e-02
 7.32032e-03  1.42551e-02

 8.33594e-03  1.53750e-02
 7.89342e-03  1.41675e-02
 8.00958e-03  1.42645e-02
 7.86746e-03  1.43166e-02
 7.89342e-03  1.41675e-02

 8.82031e-03  1.53750e-02
 8.47346e-03  1.41338e-02
 8.58163e-03  1.42397e-02
 8.43585e-03  1.42804e-02
 8.47346e-03  1.41338e-02

 9.30469e-03  1.53750e-02
 9.05118e-03  1.41631e-02
 9.15210e-03  1.42759e-02
 9.00394e-03  1.43069e-02
 9.05118e-03  1.41631e-02

 9.78906e-03  1.53750e-02
 9.63266e-03  1.42702e-02
 9.72597e-03  1.43894e-02
 9.57609e-03  1.44107e-02
 9.63266e-03  1.42702e-02

 1.02734e-02  1.53750e-02
 1.01874e-02  1.44608e-02
 1.02750e-02  1.45842e-02
 1.01243e-02  1.45984e-02
 1.01874e-02  1.44608e-02

 1.07578e-02  1.53750e-02
 1.07578e-02  1.47972e-02
 1.08335e-02  1.49283e-02
 1.06821e-02  1.49283e-02
 1.07578e-02  1.47972e-02

 4.00677e-03  1.59450e-02
 3.51010e-03  1.64784e-02
 3.54405e-03  1.63308e-02
 3.65482e-03  1.64340e-02
 3.51010e-03  1.64784e-02

 4.48906e-03  1.59450e-02
 3.97439e-03  1.62280e-02
 4.05279e-03  1.60985e-02
 4.12573e-03  1.62312e-02
 3.97439e-03  1.62280e-02

 4.97135e-03  1.59450e-02
 4.45066e-03  1.59754e-02
 4.57711e-03  1.58922e-02
 4.58594e-03  1.60433e-02
 4.45066e-03  1.59754e-02

 5.45365e-03  1.59450e-02
 4.93845e-03  1.57260e-02
 5.08869e-03  1.57076e-02
 5.02947e-03  1.58469e-02
 4.93845e-03  1.57260e-02

 5.93594e-03  1.59450e-02
 5.43713e-03  1.54852e-02
 5.58481e-03  1.55184e-02
 5.48222e-03  1.56297e-02
 5.43713e-03  1.54852e-02

 6.41823e-03  1.59450e-02
 5.94584e-03  1.52591e-02
 6.08252e-03  1.53241e-02
 5.95786e-03  1.54100e-02
 5.94584e-03  1.52591e-02

 6.90052e-03  1.59450e-02
 6.46370e-03  1.50544e-02
 6.58937e-03  1.51387e-02
 6.45347e-03  1.52054e-02
 6.46370e-03  1.50544e-02

 7.38281e-03  1.59450e-02
 6.98945e-03  1.48782e-02
 7.10581e-03  1.49750e-02
 6.96379e-03  1.50274e-02
 6.98945e-03  1.48782e-02

 7.86510e-03  1.59450e-02
 7.52226e-03  1.47393e-02
 7.63091e-03  1.48447e-02
 7.48531e-03  1.48861e-02
 7.52226e-03  1.47393e-02

 8.34740e-03  1.59450e-02
 8.05993e-03  1.46463e-02
 8.16215e-03  1.47579e-02
 8.01436e-03  1.47906e-02
 8.05993e-03  1.46463e-02

 8.82969e-03  1.59450e-02
 8.60238e-03  1.46104e-02
 8.69900e-03  1.47269e-02
 8.54978e-03  1.47523e-02
 8.60238e-03  1.46104e-02

 9.31198e-03  1.59450e-02
 9.14398e-03  1.46410e-02
 9.23580e-03  1.47614e-02
 9.08567e-03  1.47807e-02
 9.14398e-03  1.46410e-02

 9.79427e-03  1.59450e-02
 9.68921e-03  1.47553e-02
 9.77613e-03  1.48792e-02
 9.62535e-03  1.48925e-02
 9.68921e-03  1.47553e-02

 1.02766e-02  1.59450e-02
 1.02179e-02  1.49583e-02
 1.03012e-02  1.50847e-02
 1.01501e-02  1.50937e-02
 1.02179e-02  1.49583e-02

 1.07589e-02  1.59450e-02
 1.07589e-02  1.53204e-02
 1.08345e-02  1.54515e-02
 1.06832e-02  1.54515e-02
 1.07589e-02  1.53204e-02

 4.03698e-03  1.65150e-02
 3.84511e-03  1.70539e-02
 3.81777e-03  1.69050e-02
 3.96037e-03  1.69558e-02
 3.84511e-03  1.70539e-02

 4.51719e-03  1.65150e-02
 4.31853e-03  1.67943e-02
 4.33282e-03  1.66436e-02
 4.45618e-03  1.67314e-02
 4.31853e-03  1.67943e-02

 4.99740e-03  1.65150e-02
 4.79686e-03  1.65331e-02
 4.92062e-03  1.64459e-02
 4.93421e-03  1.65967e-02
 4.79686e-03  1.65331e-02

 5.47760e-03  1.65150e-02
 5.27970e-03  1.62756e-02
 5.42156e-03  1.63284e-02
 5.30490e-03  1.64249e-02
 5.27970e-03  1.62756e-02

 5.95781e-03  1.65150e-02
 5.76657e-03  1.60277e-02
 5.88491e-03  1.61221e-02
 5.74401e-03  1.61774e-02
 5.76657e-03  1.60277e-02

 6.43802e-03  1.65150e-02
 6.25691e-03  1.57954e-02
 6.36230e-03  1.59041e-02
 6.21551e-03  1.59410e-02
 6.25691e-03  1.57954e-02

 6.91823e-03  1.65150e-02
 6.75024e-03  1.55855e-02
 6.84803e-03  1.57010e-02
 6.69908e-03  1.57279e-02
 6.75024e-03  1.55855e-02

 7.39844e-03  1.65150e-02
 7.24606e-03  1.54050e-02
 7.33887e-03  1.55245e-02
 7.18891e-03  1.55451e-02
 7.24606e-03  1.54050e-02

 7.87865e-03  1.65150e-02
 7.74416e-03  1.52626e-02
 7.83341e-03  1.53848e-02
 7.68291e-03  1.54010e-02
 7.74416e-03  1.52626e-02

 8.35885e-03  1.65150e-02
 8.24400e-03  1.51670e-02
 8.33054e-03  1.52912e-02
 8.17972e-03  1.53040e-02
 8.24400e-03  1.51670e-02

 8.83906e-03  1.65150e-02
 8.74596e-03  1.51298e-02
 8.83027e-03  1.52555e-02
 8.67924e-03  1.52656e-02
 8.74596e-03  1.51298e-02

 9.31927e-03  1.65150e-02
 9.24832e-03  1.51606e-02
 9.33075e-03  1.52875e-02
 9.17959e-03  1.52954e-02
 9.24832e-03  1.51606e-02

 9.79948e-03  1.65150e-02
 9.75345e-03  1.52775e-02
 9.83395e-03  1.54057e-02
 9.68269e-03  1.54113e-02
 9.75345e-03  1.52775e-02

 1.02797e-02  1.65150e-02
 1.02530e-02  1.54859e-02
 1.03320e-02  1.56150e-02
 1.01807e-02  1.56189e-02
 1.02530e-02  1.54859e-02

 1.07599e-02  1.65150e-02
 1.07599e-02  1.58620e-02
 1.08356e-02  1.59931e-02
 1.06842e-02  1.59931e-02
 1.07599e-02  1.58620e-02

 4.06719e-03  1.70850e-02
 4.19260e-03  1.76109e-02
 4.08857e-03  1.75009e-02
 4.23581e-03  1.74658e-02
 4.19260e-03  1.76109e-02

 4.54531e-03  1.70850e-02
 4.67549e-03  1.73506e-02
 4.54984e-03  1.72662e-02
 4.68576e-03  1.71996e-02
 4.67549e-03  1.73506e-02

 5.02344e-03  1.70850e-02
 5.15613e-03  1.70893e-02
 5.02268e-03  1.71607e-02
 5.02755e-03  1.70094e-02
 5.15613e-03  1.70893e-02

 5.50156e-03  1.70850e-02
 5.63417e-03  1.68323e-02
 5.64026e-03  1.69836e-02
 5.50623e-03  1.69132e-02
 5.63417e-03  1.68323e-02

 5.97969e-03  1.70850e-02
 6.10925e-03  1.65856e-02
 6.14959e-03  1.67315e-02
 6.00307e-03  1.66935e-02
 6.10925e-03  1.65856e-02

 6.45781e-03  1.70850e-02
 6.58112e-03  1.63549e-02
 6.63391e-03  1.64967e-02
 6.48466e-03  1.64715e-02
 6.58112e-03  1.63549e-02

 6.93594e-03  1.70850e-02
 7.04967e-03  1.61468e-02
 7.10903e-03  1.62860e-02
 6.95876e-03  1.62678e-02
 7.04967e-03  1.61468e-02

 7.41406e-03  1.70850e-02
 7.51512e-03  1.59681e-02
 7.57868e-03  1.61055e-02
 7.42793e-03  1.60919e-02
 7.51512e-03  1.59681e-02

 7.89219e-03  1.70850e-02
 7.97785e-03  1.58274e-02
 8.04445e-03  1.59633e-02
 7.89344e-03  1.59530e-02
 7.97785e-03  1.58274e-02

 8.37031e-03  1.70850e-02
 8.43894e-03  1.57328e-02
 8.50789e-03  1.58675e-02
 8.35671e-03  1.58598e-02
 8.43894e-03  1.57328e-02

 8.84844e-03  1.70850e-02
 8.89909e-03  1.56958e-02
 8.96994e-03  1.58295e-02
 8.81868e-03  1.58240e-02
 8.89909e-03  1.56958e-02

 9.32656e-03  1.70850e-02
 9.36055e-03  1.57258e-02
 9.43294e-03  1.58587e-02
 9.28162e-03  1.58550e-02
 9.36055e-03  1.57258e-02

 9.80469e-03  1.70850e-02
 9.82325e-03  1.58416e-02
 9.89697e-03  1.59738e-02
 9.74562e-03  1.59715e-02
 9.82325e-03  1.58416e-02

 1.02828e-02  1.70850e-02
 1.02916e-02  1.60482e-02
 1.03661e-02  1.61799e-02
 1.02148e-02  1.61787e-02
 1.02916e-02  1.60482e-02

 1.07609e-02  1.70850e-02
 1.07609e-02  1.64254e-02
 1.08366e-02  1.65565e-02
 1.06853e-02  1.65565e-02
 1.07609e-02  1.64254e-02

 4.09740e-03  1.76550e-02
 4.53887e-03  1.81497e-02
 4.39512e-03  1.81023e-02
 4.50806e-03  1.80015e-02
 4.53887e-03  1.81497e-02

 4.57344e-03  1.76550e-02
 5.03100e-03  1.78973e-02
 4.87973e-03  1.79029e-02
 4.95057e-03  1.77691e-02
 5.03100e-03  1.78973e-02

 5.04948e-03  1.76550e-02
 5.51389e-03  1.76445e-02
 5.38455e-03  1.77231e-02
 5.38112e-03  1.75718e-02
 5.51389e-03  1.76445e-02

 5.52552e-03  1.76550e-02
 5.98720e-03  1.73966e-02
 5.90978e-03  1.75266e-02
 5.83584e-03  1.73945e-02
 5.98720e-03  1.73966e-02

 6.00156e-03  1.76550e-02
 6.45072e-03  1.71591e-02
 6.41881e-03  1.73071e-02
 6.30662e-03  1.72055e-02
 6.45072e-03  1.71591e-02

 6.47760e-03  1.76550e-02
 6.90450e-03  1.69378e-02
 6.90248e-03  1.70892e-02
 6.77241e-03  1.70118e-02
 6.90450e-03  1.69378e-02

 6.95365e-03  1.76550e-02
 7.34878e-03  1.67388e-02
 7.36637e-03  1.68891e-02
 7.22737e-03  1.68292e-02
 7.34878e-03  1.67388e-02

 7.42969e-03  1.76550e-02
 7.78452e-03  1.65683e-02
 7.81578e-03  1.67164e-02
 7.67189e-03  1.66695e-02
 7.78452e-03  1.65683e-02

 7.90573e-03  1.76550e-02
 8.21259e-03  1.64343e-02
 8.25403e-03  1.65799e-02
 8.10723e-03  1.65430e-02
 8.21259e-03  1.64343e-02

 8.38177e-03  1.76550e-02
 8.63562e-03  1.63445e-02
 8.68499e-03  1.64876e-02
 8.53639e-03  1.64588e-02
 8.63562e-03  1.63445e-02

 8.85781e-03  1.76550e-02
 9.05448e-03  1.63095e-02
 9.11040e-03  1.64502e-02
 8.96063e-03  1.64283e-02
 9.05448e-03  1.63095e-02

 9.33385e-03  1.76550e-02
 9.47531e-03  1.63384e-02
 9.53655e-03  1.64768e-02
 9.38605e-03  1.64607e-02
 9.47531e-03  1.63384e-02

 9.80990e-03  1.76550e-02
 9.89528e-03  1.64495e-02
 9.96151e-03  1.65856e-02
 9.81053e-03  1.65749e-02
 9.89528e-03  1.64495e-02

 1.02859e-02  1.76550e-02
 1.03318e-02  1.66478e-02
 1.04015e-02  1.67822e-02
 1.02503e-02  1.67753e-02
 1.03318e-02  1.66478e-02

 1.07620e-02  1.76550e-02
 1.07620e-02  1.70124e-02
 1.08377e-02  1.71435e-02
 1.06863e-02  1.71435e-02
 1.07620e-02  1.70124e-02

 4.12760e-03  1.82250e-02
 4.87010e-03  1.86712e-02
 4.71875e-03  1.86685e-02
 4.79672e-03  1.85388e-02
 4.87010e-03  1.86712e-02

 4.60156e-03  1.82250e-02
 5.37036e-03  1.84348e-02
 5.22397e-03  1.84733e-02
 5.26382e-03  1.83273e-02
 5.37036e-03  1.84348e-02

 5.07552e-03  1.82250e-02
 5.85483e-03  1.81986e-02
 5.72638e-03  1.82787e-02
 5.72126e-03  1.81274e-02
 5.85483e-03  1.81986e-02

 5.54948e-03  1.82250e-02
 6.32312e-03  1.79678e-02
 6.22260e-03  1.80810e-02
 6.17485e-03  1.79374e-02
 6.32312e-03  1.79678e-02

 6.02344e-03  1.82250e-02
 6.77528e-03  1.77476e-02
 6.70519e-03  1.78817e-02
 6.62404e-03  1.77540e-02
 6.77528e-03  1.77476e-02

 6.49740e-03  1.82250e-02
 7.21160e-03  1.75431e-02
 7.16905e-03  1.76883e-02
 7.06452e-03  1.75789e-02
 7.21160e-03  1.75431e-02

 6.97135e-03  1.82250e-02
 7.63272e-03  1.73599e-02
 7.61324e-03  1.75100e-02
 7.49298e-03  1.74180e-02
 7.63272e-03  1.73599e-02

 7.44531e-03  1.82250e-02
 8.04030e-03  1.72036e-02
 8.03971e-03  1.73549e-02
 7.90892e-03  1.72788e-02
 8.04030e-03  1.72036e-02

 7.91927e-03  1.82250e-02
 8.43570e-03  1.70813e-02
 8.45073e-03  1.72319e-02
 8.31277e-03  1.71696e-02
 8.43570e-03  1.70813e-02

 8.39323e-03  1.82250e-02
 8.82296e-03  1.69998e-02
 8.85099e-03  1.71485e-02
 8.70816e-03  1.70984e-02
 8.82296e-03  1.69998e-02

 8.86719e-03  1.82250e-02
 9.20303e-03  1.69689e-02
 9.24228e-03  1.71151e-02
 9.09605e-03  1.70760e-02
 9.20303e-03  1.69689e-02

 9.34115e-03  1.82250e-02
 9.58559e-03  1.69967e-02
 9.63423e-03  1.71401e-02
 9.48577e-03  1.71105e-02
 9.58559e-03  1.69967e-02

 9.81510e-03  1.82250e-02
 9.96502e-03  1.71003e-02
 1.00227e-02  1.72402e-02
 9.87268e-03  1.72202e-02
 9.96502e-03  1.71003e-02

 1.02891e-02  1.82250e-02
 1.03711e-02  1.72843e-02
 1.04351e-02  1.74214e-02
 1.02843e-02  1.74083e-02
 1.03711e-02  1.72843e-02

 1.07630e-02  1.82250e-02
 1.07630e-02  1.76231e-02
 1.08387e-02  1.77542e-02
 1.06873e-02  1.77542e-02
 1.07630e-02  1.76231e-02

 4.15781e-03  1.87950e-02
 5.16955e-03  1.91779e-02
 5.02016e-03  1.92022e-02
 5.07373e-03  1.90607e-02
 5.16955e-03  1.91779e-02

 4.62969e-03  1.87950e-02
 5.67586e-03  1.89654e-02
 5.53431e-03  1.90190e-02
 5.55864e-03  1.88696e-02
 5.67586e-03  1.89654e-02

 5.10156e-03  1.87950e-02
 6.16053e-03  1.87538e-02
 6.03248e-03  1.88345e-02
 6.02659e-03  1.86832e-02
 6.16053e-03  1.87538e-02

 5.57344e-03  1.87950e-02
 6.62317e-03  1.85478e-02
 6.51292e-03  1.86515e-02
 6.47822e-03  1.85042e-02
 6.62317e-03  1.85478e-02

 6.04531e-03  1.87950e-02
 7.06409e-03  1.83522e-02
 6.97404e-03  1.84738e-02
 6.91370e-03  1.83350e-02
 7.06409e-03  1.83522e-02

 6.51719e-03  1.87950e-02
 7.48397e-03  1.81713e-02
 7.41484e-03  1.83060e-02
 7.33279e-03  1.81788e-02
 7.48397e-03  1.81713e-02

 6.98906e-03  1.87950e-02
 7.88379e-03  1.80101e-02
 7.83516e-03  1.81534e-02
 7.73534e-03  1.80396e-02
 7.88379e-03  1.80101e-02

 7.46094e-03  1.87950e-02
 8.26591e-03  1.78735e-02
 8.23667e-03  1.80220e-02
 8.12267e-03  1.79224e-02
 8.26591e-03  1.78735e-02

 7.93281e-03  1.87950e-02
 8.63220e-03  1.77671e-02
 8.62103e-03  1.79181e-02
 8.49589e-03  1.78329e-02
 8.63220e-03  1.77671e-02

 8.40469e-03  1.87950e-02
 8.98790e-03  1.76972e-02
 8.99324e-03  1.78485e-02
 8.85957e-03  1.77775e-02
 8.98790e-03  1.76972e-02

 8.87656e-03  1.87950e-02
 9.33399e-03  1.76722e-02
 9.35463e-03  1.78221e-02
 9.21445e-03  1.77650e-02
 9.33399e-03  1.76722e-02

 9.34844e-03  1.87950e-02
 9.68310e-03  1.76990e-02
 9.71720e-03  1.78465e-02
 9.57243e-03  1.78023e-02
 9.68310e-03  1.76990e-02

 9.82031e-03  1.87950e-02
 1.00271e-02  1.77925e-02
 1.00747e-02  1.79362e-02
 9.92650e-03  1.79056e-02
 1.00271e-02  1.77925e-02

 1.02922e-02  1.87950e-02
 1.04064e-02  1.79572e-02
 1.04637e-02  1.80973e-02
 1.03137e-02  1.80769e-02
 1.04064e-02  1.79572e-02

 1.07641e-02  1.87950e-02
 1.07641e-02  1.82577e-02
 1.08397e-02  1.83888e-02
 1.06884e-02  1.83888e-02
 1.07641e-02  1.82577e-02

 4.18802e-03  1.93650e-02
 5.42015e-03  1.96736e-02
 5.27460e-03  1.97152e-02
 5.31138e-03  1.95683e-02
 5.42015e-03  1.96736e-02

 4.65781e-03  1.93650e-02
 5.92922e-03  1.94912e-02
 5.79130e-03  1.95535e-02
 5.80625e-03  1.94029e-02
 5.92922e-03  1.94912e-02

 5.12760e-03  1.93650e-02
 6.41180e-03  1.93103e-02
 6.28405e-03  1.93915e-02
 6.27761e-03  1.92403e-02
 6.41180e-03  1.93103e-02

 5.59740e-03  1.93650e-02
 6.86782e-03  1.91352e-02
 6.75230e-03  1.92330e-02
 6.72535e-03  1.90840e-02
 6.86782e-03  1.91352e-02

 6.06719e-03  1.93650e-02
 7.29757e-03  1.89697e-02
 7.19592e-03  1.90819e-02
 7.14962e-03  1.89377e-02
 7.29757e-03  1.89697e-02

 6.53698e-03  1.93650e-02
 7.70235e-03  1.88177e-02
 7.61587e-03  1.89419e-02
 7.55153e-03  1.88049e-02
 7.70235e-03  1.88177e-02

 7.00677e-03  1.93650e-02
 8.08352e-03  1.86830e-02
 8.01327e-03  1.88171e-02
 7.93228e-03  1.86892e-02
 8.08352e-03  1.86830e-02

 7.47656e-03  1.93650e-02
 8.44410e-03  1.85697e-02
 8.39089e-03  1.87114e-02
 8.29477e-03  1.85945e-02
 8.44410e-03  1.85697e-02

 7.94635e-03  1.93650e-02
 8.78637e-03  1.84825e-02
 8.75080e-03  1.86297e-02
 8.64117e-03  1.85253e-02
 8.78637e-03  1.84825e-02

 8.41615e-03  1.93650e-02
 9.11656e-03  1.84264e-02
 9.09882e-03  1.85767e-02
 8.97750e-03  1.84862e-02
 9.11656e-03  1.84264e-02

 8.88594e-03  1.93650e-02
 9.43575e-03  1.84081e-02
 9.43606e-03  1.85595e-02
 9.30482e-03  1.84841e-02
 9.43575e-03  1.84081e-02

 9.35573e-03  1.93650e-02
 9.75869e-03  1.84339e-02
 9.77608e-03  1.85843e-02
 9.63717e-03  1.85242e-02
 9.75869e-03  1.84339e-02

 9.82552e-03  1.93650e-02
 1.00753e-02  1.85154e-02
 1.01110e-02  1.86625e-02
 9.96574e-03  1.86198e-02
 1.00753e-02  1.85154e-02

 1.02953e-02  1.93650e-02
 1.04337e-02  1.86570e-02
 1.04828e-02  1.88002e-02
 1.03343e-02  1.87711e-02
 1.04337e-02  1.86570e-02

 1.07651e-02  1.93650e-02
 1.07651e-02  1.89098e-02
 1.08408e-02  1.90409e-02
 1.06894e-02  1.90409e-02
 1.07651e-02  1.89098e-02

 4.21823e-03  1.99350e-02
 5.59771e-03  2.01642e-02
 5.45599e-03  2.02173e-02
 5.48080e-03  2.00680e-02
 5.59771e-03  2.01642e-02

 4.68594e-03  1.99350e-02
 6.10553e-03  2.00180e-02
 5.97025e-03  2.00859e-02
 5.97909e-03  1.99348e-02
 6.10553e-03  2.00180e-02

 5.15365e-03  1.99350e-02
 6.58361e-03  1.98739e-02
 6.45587e-03  1.99551e-02
 6.44941e-03  1.98039e-02
 6.58361e-03  1.98739e-02

 5.62135e-03  1.99350e-02
 7.03202e-03  1.97351e-02
 6.91284e-03  1.98285e-02
 6.89161e-03  1.96786e-02
 7.03202e-03  1.97351e-02

 6.08906e-03  1.99350e-02
 7.45159e-03  1.96049e-02
 7.34201e-03  1.97093e-02
 7.30637e-03  1.95622e-02
 7.45159e-03  1.96049e-02

 6.55677e-03  1.99350e-02
 7.84392e-03  1.94860e-02
 7.74507e-03  1.96007e-02
 7.69522e-03  1.94577e-02
 7.84392e-03  1.94860e-02

 7.02448e-03  1.99350e-02
 8.21082e-03  1.93815e-02
 8.12402e-03  1.95055e-02
 8.06002e-03  1.93683e-02
 8.21082e-03  1.93815e-02

 7.49219e-03  1.99350e-02
 8.55577e-03  1.92944e-02
 8.48253e-03  1.94268e-02
 8.40443e-03  1.92972e-02
 8.55577e-03  1.92944e-02

 7.95990e-03  1.99350e-02
 8.88142e-03  1.92282e-02
 8.82347e-03  1.93680e-02
 8.73134e-03  1.92479e-02
 8.88142e-03  1.92282e-02

 8.42760e-03  1.99350e-02
 9.19473e-03  1.91868e-02
 9.15374e-03  1.93325e-02
 9.04805e-03  1.92241e-02
 9.19473e-03  1.91868e-02

 8.89531e-03  1.99350e-02
 9.49690e-03  1.91754e-02
 9.47484e-03  1.93252e-02
 9.35618e-03  1.92312e-02
 9.49690e-03  1.91754e-02

 9.36302e-03  1.99350e-02
 9.80374e-03  1.91995e-02
 9.80129e-03  1.93508e-02
 9.67144e-03  1.92730e-02
 9.80374e-03  1.91995e-02

 9.83073e-03  1.99350e-02
 1.01042e-02  1.92669e-02
 1.01246e-02  1.94168e-02
 9.98450e-03  1.93595e-02
 1.01042e-02  1.92669e-02

 1.02984e-02  1.99350e-02
 1.04503e-02  1.93823e-02
 1.04885e-02  1.95288e-02
 1.03426e-02  1.94887e-02
 1.04503e-02  1.93823e-02

 1.07661e-02  1.99350e-02
 1.07661e-02  1.95791e-02
 1.08418e-02  1.97102e-02
 1.06905e-02  1.97102e-02
 1.07661e-02  1.95791e-02

 4.24844e-03  2.05050e-02
 5.68234e-03  2.06559e-02
 5.54405e-03  2.07175e-02
 5.55989e-03  2.05669e-02
 5.68234e-03  2.06559e-02

 4.71406e-03  2.05050e-02
 6.18414e-03  2.05474e-02
 6.05092e-03  2.06193e-02
 6.05529e-03  2.04680e-02
 6.18414e-03  2.05474e-02

 5.17969e-03  2.05050e-02
 6.65506e-03  2.04411e-02
 6.52737e-03  2.05224e-02
 6.52082e-03  2.03712e-02
 6.65506e-03  2.04411e-02

 5.64531e-03  2.05050e-02
 7.09548e-03  2.03396e-02
 6.97382e-03  2.04296e-02
 6.95666e-03  2.02792e-02
 7.09548e-03  2.03396e-02

 6.11094e-03  2.05050e-02
 7.50647e-03  2.02450e-02
 7.39146e-03  2.03434e-02
 7.36373e-03  2.01946e-02
 7.50647e-03  2.02450e-02

 6.57656e-03  2.05050e-02
 7.88997e-03  2.01594e-02
 7.78246e-03  2.02659e-02
 7.74394e-03  2.01195e-02
 7.88997e-03  2.01594e-02

 7.04219e-03  2.05050e-02
 8.24828e-03  2.00848e-02
 8.14939e-03  2.01994e-02
 8.09959e-03  2.00564e-02
 8.24828e-03  2.00848e-02

 7.50781e-03  2.05050e-02
 8.58509e-03  2.00233e-02
 8.49632e-03  2.01459e-02
 8.43453e-03  2.00077e-02
 8.58509e-03  2.00233e-02

 7.97344e-03  2.05050e-02
 8.90344e-03  1.99773e-02
 8.82677e-03  2.01079e-02
 8.75207e-03  1.99762e-02
 8.90344e-03  1.99773e-02

 8.43906e-03  2.05050e-02
 9.21028e-03  1.99499e-02
 9.14810e-03  2.00879e-02
 9.05967e-03  1.99650e-02
 9.21028e-03  1.99499e-02

 8.90469e-03  2.05050e-02
 9.50707e-03  1.99445e-02
 9.46266e-03  2.00892e-02
 9.35955e-03  1.99784e-02
 9.50707e-03  1.99445e-02

 9.37031e-03  2.05050e-02
 9.80978e-03  1.99656e-02
 9.78566e-03  2.01150e-02
 9.66830e-03  2.00194e-02
 9.80978e-03  1.99656e-02

 9.83594e-03  2.05050e-02
 1.01075e-02  2.00177e-02
 1.01098e-02  2.01691e-02
 9.97756e-03  2.00954e-02
 1.01075e-02  2.00177e-02

 1.03016e-02  2.05050e-02
 1.04516e-02  2.01061e-02
 1.04763e-02  2.02555e-02
 1.03346e-02  2.02022e-02
 1.04516e-02  2.01061e-02

 1.07672e-02  2.05050e-02
 1.07672e-02  2.02470e-02
 1.08429e-02  2.03781e-02
 1.06915e-02  2.03781e-02
 1.07672e-02  2.02470e-02

 4.27865e-03  2.10750e-02
 5.63701e-03  2.11576e-02
 5.50157e-03  2.12252e-02
 5.51076e-03  2.10741e-02
 5.63701e-03  2.11576e-02

 4.74219e-03  2.10750e-02
 6.12916e-03  2.10905e-02
 5.99724e-03  2.11648e-02
 5.99893e-03  2.10134e-02
 6.12916e-03  2.10905e-02

 5.20573e-03  2.10750e-02
 6.59202e-03  2.10253e-02
 6.46373e-03  2.11057e-02
 6.45831e-03  2.09544e-02
 6.59202e-03  2.10253e-02

 5.66927e-03  2.10750e-02
 7.02628e-03  2.09635e-02
 6.90182e-03  2.10497e-02
 6.88943e-03  2.08988e-02
 7.02628e-03  2.09635e-02

 6.13281e-03  2.10750e-02
 7.43336e-03  2.09064e-02
 7.31309e-03  2.09983e-02
 7.29363e-03  2.08482e-02
 7.43336e-03  2.09064e-02

 6.59635e-03  2.10750e-02
 7.81531e-03  2.08551e-02
 7.69974e-03  2.09528e-02
 7.67287e-03  2.08039e-02
 7.81531e-03  2.08551e-02

 7.05990e-03  2.10750e-02
 8.17456e-03  2.08107e-02
 8.06447e-03  2.09146e-02
 8.02955e-03  2.07673e-02
 8.17456e-03  2.08107e-02

 7.52344e-03  2.10750e-02
 8.51489e-03  2.07746e-02
 8.41138e-03  2.08850e-02
 8.36749e-03  2.07402e-02
 8.51489e-03  2.07746e-02

 7.98698e-03  2.10750e-02
 8.83895e-03  2.07480e-02
 8.74369e-03  2.08656e-02
 8.68944e-03  2.07243e-02
 8.83895e-03  2.07480e-02

 8.45052e-03  2.10750e-02
 9.15364e-03  2.07329e-02
 9.06889e-03  2.08583e-02
 9.00265e-03  2.07222e-02
 9.15364e-03  2.07329e-02

 8.91406e-03  2.10750e-02
 9.46020e-03  2.07314e-02
 9.38955e-03  2.08653e-02
 9.30894e-03  2.07372e-02
 9.46020e-03  2.07314e-02

 9.37760e-03  2.10750e-02
 9.77365e-03  2.07470e-02
 9.72096e-03  2.08889e-02
 9.62441e-03  2.07724e-02
 9.77365e-03  2.07470e-02

 9.84115e-03  2.10750e-02
 1.00841e-02  2.07817e-02
 1.00588e-02  2.09309e-02
 9.94219e-03  2.08344e-02
 1.00841e-02  2.07817e-02

 1.03047e-02  2.10750e-02
 1.04388e-02  2.08407e-02
 1.04394e-02  2.09920e-02
 1.03080e-02  2.09169e-02
 1.04388e-02  2.08407e-02

 1.07682e-02  2.10750e-02
 1.07682e-02  2.09231e-02
 1.08439e-02  2.10542e-02
 1.06925e-02  2.10542e-02
 1.07682e-02  2.09231e-02

 4.30885e-03  2.16450e-02
 5.45145e-03  2.16730e-02
 5.31854e-03  2.17455e-02
 5.32226e-03  2.15941e-02
 5.45145e-03  2.16730e-02

 4.77031e-03  2.16450e-02
 5.93069e-03  2.16369e-02
 5.80014e-03  2.17135e-02
 5.79908e-03  2.15621e-02
 5.93069e-03  2.16369e-02

 5.23177e-03  2.16450e-02
 6.38541e-03  2.16021e-02
 6.25723e-03  2.16826e-02
 6.25160e-03  2.15313e-02
 6.38541e-03  2.16021e-02

 5.69323e-03  2.16450e-02
 6.81652e-03  2.15694e-02
 6.69081e-03  2.16537e-02
 6.68065e-03  2.15027e-02
 6.81652e-03  2.15694e-02

 6.15469e-03  2.16450e-02
 7.22546e-03  2.15395e-02
 7.10242e-03  2.16277e-02
 7.08758e-03  2.14771e-02
 7.22546e-03  2.15395e-02

 6.61615e-03  2.16450e-02
 7.61426e-03  2.15130e-02
 7.49423e-03  2.16052e-02
 7.47438e-03  2.14552e-02
 7.61426e-03  2.15130e-02

 7.07760e-03  2.16450e-02
 7.98497e-03  2.14904e-02
 7.86846e-03  2.15870e-02
 7.84303e-03  2.14378e-02
 7.98497e-03  2.14904e-02

 7.53906e-03  2.16450e-02
 8.34100e-03  2.14722e-02
 8.22880e-03  2.15738e-02
 8.19692e-03  2.14258e-02
 8.34100e-03  2.14722e-02

 8.00052e-03  2.16450e-02
 8.68452e-03  2.14592e-02
 8.57785e-03  2.15666e-02
 8.53817e-03  2.14205e-02
 8.68452e-03  2.14592e-02

 8.46198e-03  2.16450e-02
 9.02132e-03  2.14525e-02
 8.92200e-03  2.15667e-02
 8.87273e-03  2.14236e-02
 9.02132e-03  2.14525e-02

 8.92344e-03  2.16450e-02
 9.35243e-03  2.14528e-02
 9.26373e-03  2.15755e-02
 9.20185e-03  2.14374e-02
 9.35243e-03  2.14528e-02

 9.38490e-03  2.16450e-02
 9.69093e-03  2.14628e-02
 9.61701e-03  2.15949e-02
 9.53958e-03  2.14648e-02
 9.69093e-03  2.14628e-02

 9.84635e-03  2.16450e-02
 1.00289e-02  2.14820e-02
 9.98152e-03  2.16258e-02
 9.88072e-03  2.15129e-02
 1.00289e-02  2.14820e-02

 1.03078e-02  2.16450e-02
 1.04059e-02  2.15162e-02
 1.03867e-02  2.16663e-02
 1.02663e-02  2.15746e-02
 1.04059e-02  2.15162e-02

 1.07693e-02  2.16450e-02
 1.07693e-02  2.15580e-02
 1.08450e-02  2.16891e-02
 1.06936e-02  2.16891e-02
 1.07693e-02  2.15580e-02

 4.33906e-03  2.22150e-02
 5.02334e-03  2.22150e-02
 4.89225e-03  2.22907e-02
 4.89225e-03  2.21393e-02
 5.02334e-03  2.22150e-02

 4.79844e-03  2.22150e-02
 5.49059e-03  2.22150e-02
 5.35950e-03  2.22907e-02
 5.35950e-03  2.21393e-02
 5.49059e-03  2.22150e-02

 5.25781e-03  2.22150e-02
 5.94322e-03  2.22150e-02
 5.81214e-03  2.22907e-02
 5.81214e-03  2.21393e-02
 5.94322e-03  2.22150e-02

 5.71719e-03  2.22150e-02
 6.38204e-03  2.22150e-02
 6.25095e-03  2.22907e-02
 6.25095e-03  2.21393e-02
 6.38204e-03  2.22150e-02

 6.17656e-03  2.22150e-02
 6.80801e-03  2.22150e-02
 6.67692e-03  2.22907e-02
 6.67692e-03  2.21393e-02
 6.80801e-03  2.22150e-02

 6.63594e-03  2.22150e-02
 7.22245e-03  2.22150e-02
 7.09136e-03  2.22907e-02
 7.09136e-03  2.21393e-02
 7.22245e-03  2.22150e-02

 7.09531e-03  2.22150e-02
 7.62668e-03  2.22150e-02
 7.49559e-03  2.22907e-02
 7.49559e-03  2.21393e-02
 7.62668e-03  2.22150e-02

 7.55469e-03  2.22150e-02
 8.02268e-03  2.22150e-02
 7.89159e-03  2.22907e-02
 7.89159e-03  2.21393e-02
 8.02268e-03  2.22150e-02

 8.01406e-03  2.22150e-02
 8.41182e-03  2.22150e-02
 8.28073e-03  2.22907e-02
 8.28073e-03  2.21393e-02
 8.41182e-03  2.22150e-02

 8.47344e-03  2.22150e-02
 8.79758e-03  2.22150e-02
 8.66649e-03  2.22907e-02
 8.66649e-03  2.21393e-02
 8.79758e-03  2.22150e-02

 8.93281e-03  2.22150e-02
 9.18039e-03  2.22150e-02
 9.04930e-03  2.22907e-02
 9.04930e-03  2.21393e-02
 9.18039e-03  2.22150e-02

 9.39219e-03  2.22150e-02
 9.56828e-03  2.22150e-02
 9.43719e-03  2.22907e-02
 9.43719e-03  2.21393e-02
 9.56828e-03  2.22150e-02

 9.85156e-03  2.22150e-02
 9.95584e-03  2.22150e-02
 9.82475e-03  2.22907e-02
 9.82475e-03  2.21393e-02
 9.95584e-03  2.22150e-02

 1.03109e-02  2.22150e-02
 1.03677e-02  2.22150e-02
 1.02367e-02  2.22907e-02
 1.02367e-02  2.21393e-02
 1.03677e-02  2.22150e-02

 1.07703e-02  2.22150e-02
 1.07703e-02  2.22150e-02
 1.06392e-02  2.22907e-02
 1.06392e-02  2.21393e-02
 1.07703e-02  2.22150e-02

