#[ Fluid velocity 2D plot data file: flw.dat ]
 1.95313e-04  1.13850e-02
 1.95313e-04  1.13850e-02
 6.42249e-05  1.14607e-02
 6.42249e-05  1.13093e-02
 1.95313e-04  1.13850e-02

 5.85937e-04  1.13850e-02
 4.83757e-04  1.13850e-02
 6.14845e-04  1.13093e-02
 6.14845e-04  1.14607e-02
 4.83757e-04  1.13850e-02

 9.76562e-04  1.13850e-02
 8.43829e-04  1.13850e-02
 9.74916e-04  1.13093e-02
 9.74916e-04  1.14607e-02
 8.43829e-04  1.13850e-02

 1.36719e-03  1.13850e-02
 1.17189e-03  1.13850e-02
 1.30298e-03  1.13093e-02
 1.30298e-03  1.14607e-02
 1.17189e-03  1.13850e-02

 1.75781e-03  1.13850e-02
 1.51759e-03  1.13850e-02
 1.64868e-03  1.13093e-02
 1.64868e-03  1.14607e-02
 1.51759e-03  1.13850e-02

 2.14844e-03  1.13850e-02
 1.85923e-03  1.13850e-02
 1.99032e-03  1.13093e-02
 1.99032e-03  1.14607e-02
 1.85923e-03  1.13850e-02

 2.53906e-03  1.13850e-02
 2.20719e-03  1.13850e-02
 2.33828e-03  1.13093e-02
 2.33828e-03  1.14607e-02
 2.20719e-03  1.13850e-02

 2.92969e-03  1.13850e-02
 2.55782e-03  1.13850e-02
 2.68891e-03  1.13093e-02
 2.68891e-03  1.14607e-02
 2.55782e-03  1.13850e-02

 3.32031e-03  1.13850e-02
 2.91349e-03  1.13850e-02
 3.04458e-03  1.13093e-02
 3.04458e-03  1.14607e-02
 2.91349e-03  1.13850e-02

 1.97049e-04  1.19550e-02
 1.97049e-04  1.21277e-02
 1.21365e-04  1.19966e-02
 2.72732e-04  1.19966e-02
 1.97049e-04  1.21277e-02

 5.91146e-04  1.19550e-02
 4.35563e-04  1.21123e-02
 4.73937e-04  1.19659e-02
 5.81555e-04  1.20723e-02
 4.35563e-04  1.21123e-02

 9.85243e-04  1.19550e-02
 7.75804e-04  1.21105e-02
 8.35948e-04  1.19716e-02
 9.26172e-04  1.20931e-02
 7.75804e-04  1.21105e-02

 1.37934e-03  1.19550e-02
 1.07148e-03  1.21039e-02
 1.15655e-03  1.19787e-02
 1.22244e-03  1.21149e-02
 1.07148e-03  1.21039e-02

 1.77344e-03  1.19550e-02
 1.39246e-03  1.20977e-02
 1.48867e-03  1.19809e-02
 1.54177e-03  1.21226e-02
 1.39246e-03  1.20977e-02

 2.16753e-03  1.19550e-02
 1.70875e-03  1.20890e-02
 1.81336e-03  1.19796e-02
 1.85580e-03  1.21249e-02
 1.70875e-03  1.20890e-02

 2.56163e-03  1.19550e-02
 2.03509e-03  1.20788e-02
 2.14539e-03  1.19751e-02
 2.18002e-03  1.21224e-02
 2.03509e-03  1.20788e-02

 2.95573e-03  1.19550e-02
 2.36652e-03  1.20666e-02
 2.48122e-03  1.19679e-02
 2.50940e-03  1.21166e-02
 2.36652e-03  1.20666e-02

 3.34983e-03  1.19550e-02
 2.70658e-03  1.20530e-02
 2.82477e-03  1.19584e-02
 2.84757e-03  1.21081e-02
 2.70658e-03  1.20530e-02

 1.98785e-04  1.25250e-02
 1.98785e-04  1.28112e-02
 1.23101e-04  1.26801e-02
 2.74468e-04  1.26801e-02
 1.98785e-04  1.28112e-02

 5.96354e-04  1.25250e-02
 4.15622e-04  1.28014e-02
 4.24031e-04  1.26502e-02
 5.50712e-04  1.27331e-02
 4.15622e-04  1.28014e-02

 9.93924e-04  1.25250e-02
 7.44130e-04  1.27947e-02
 7.77684e-04  1.26471e-02
 8.88734e-04  1.27499e-02
 7.44130e-04  1.27947e-02

 1.39149e-03  1.25250e-02
 1.02339e-03  1.27842e-02
 1.08700e-03  1.26469e-02
 1.17415e-03  1.27706e-02
 1.02339e-03  1.27842e-02

 1.78906e-03  1.25250e-02
 1.33153e-03  1.27710e-02
 1.41115e-03  1.26423e-02
 1.48283e-03  1.27756e-02
 1.33153e-03  1.27710e-02

 2.18663e-03  1.25250e-02
 1.63560e-03  1.27541e-02
 1.72758e-03  1.26339e-02
 1.78569e-03  1.27737e-02
 1.63560e-03  1.27541e-02

 2.58420e-03  1.25250e-02
 1.95212e-03  1.27339e-02
 2.05284e-03  1.26209e-02
 2.10034e-03  1.27646e-02
 1.95212e-03  1.27339e-02

 2.98177e-03  1.25250e-02
 2.27570e-03  1.27104e-02
 2.38327e-03  1.26039e-02
 2.42171e-03  1.27503e-02
 2.27570e-03  1.27104e-02

 3.37934e-03  1.25250e-02
 2.61032e-03  1.26839e-02
 2.72338e-03  1.25833e-02
 2.75401e-03  1.27315e-02
 2.61032e-03  1.26839e-02

 2.00521e-04  1.30950e-02
 2.00521e-04  1.35533e-02
 1.24837e-04  1.34222e-02
 2.76204e-04  1.34222e-02
 2.00521e-04  1.35533e-02

 6.01563e-04  1.30950e-02
 4.10659e-04  1.35488e-02
 3.91728e-04  1.33986e-02
 5.31252e-04  1.34573e-02
 4.10659e-04  1.35488e-02

 1.00260e-03  1.30950e-02
 7.37288e-04  1.35370e-02
 7.39862e-04  1.33857e-02
 8.69644e-04  1.34636e-02
 7.37288e-04  1.35370e-02

 1.40365e-03  1.30950e-02
 1.01185e-03  1.35205e-02
 1.04497e-03  1.33728e-02
 1.15632e-03  1.34753e-02
 1.01185e-03  1.35205e-02

 1.80469e-03  1.30950e-02
 1.31704e-03  1.34972e-02
 1.37001e-03  1.33554e-02
 1.46632e-03  1.34722e-02
 1.31704e-03  1.34972e-02

 2.20573e-03  1.30950e-02
 1.61833e-03  1.34681e-02
 1.68840e-03  1.33340e-02
 1.76957e-03  1.34617e-02
 1.61833e-03  1.34681e-02

 2.60677e-03  1.30950e-02
 1.93342e-03  1.34332e-02
 2.01660e-03  1.33067e-02
 2.08453e-03  1.34420e-02
 1.93342e-03  1.34332e-02

 3.00781e-03  1.30950e-02
 2.25659e-03  1.33929e-02
 2.35054e-03  1.32743e-02
 2.40634e-03  1.34150e-02
 2.25659e-03  1.33929e-02

 3.40885e-03  1.30950e-02
 2.59215e-03  1.33479e-02
 2.69498e-03  1.32369e-02
 2.73976e-03  1.33815e-02
 2.59215e-03  1.33479e-02

 2.02257e-04  1.36650e-02
 2.02257e-04  1.42708e-02
 1.26573e-04  1.41397e-02
 2.77940e-04  1.41397e-02
 2.02257e-04  1.42708e-02

 6.06771e-04  1.36650e-02
 4.21800e-04  1.42738e-02
 3.87493e-04  1.41264e-02
 5.32323e-04  1.41704e-02
 4.21800e-04  1.42738e-02

 1.01128e-03  1.36650e-02
 7.53817e-04  1.42577e-02
 7.36630e-04  1.41073e-02
 8.75463e-04  1.41676e-02
 7.53817e-04  1.42577e-02

 1.41580e-03  1.36650e-02
 1.03485e-03  1.42360e-02
 1.04465e-03  1.40849e-02
 1.17056e-03  1.41690e-02
 1.03485e-03  1.42360e-02

 1.82031e-03  1.36650e-02
 1.34592e-03  1.42030e-02
 1.37585e-03  1.40546e-02
 1.48939e-03  1.41547e-02
 1.34592e-03  1.42030e-02

 2.22483e-03  1.36650e-02
 1.65339e-03  1.41621e-02
 1.70262e-03  1.40189e-02
 1.80196e-03  1.41331e-02
 1.65339e-03  1.41621e-02

 2.62934e-03  1.36650e-02
 1.97475e-03  1.41126e-02
 2.04024e-03  1.39761e-02
 2.12567e-03  1.41011e-02
 1.97475e-03  1.41126e-02

 3.03385e-03  1.36650e-02
 2.30442e-03  1.40561e-02
 2.38419e-03  1.39274e-02
 2.45571e-03  1.40608e-02
 2.30442e-03  1.40561e-02

 3.43837e-03  1.36650e-02
 2.64664e-03  1.39931e-02
 2.73877e-03  1.38730e-02
 2.79672e-03  1.40128e-02
 2.64664e-03  1.39931e-02

 2.03993e-04  1.42350e-02
 2.03993e-04  1.49887e-02
 1.28310e-04  1.48576e-02
 2.79677e-04  1.48576e-02
 2.03993e-04  1.49887e-02

 6.11979e-04  1.42350e-02
 4.45120e-04  1.49984e-02
 3.99173e-04  1.48542e-02
 5.47049e-04  1.48865e-02
 4.45120e-04  1.49984e-02

 1.01997e-03  1.42350e-02
 7.87844e-04  1.49783e-02
 7.54676e-04  1.48306e-02
 8.99162e-04  1.48757e-02
 7.87844e-04  1.49783e-02

 1.42795e-03  1.42350e-02
 1.08403e-03  1.49513e-02
 1.07254e-03  1.48004e-02
 1.20899e-03  1.48659e-02
 1.08403e-03  1.49513e-02

 1.83594e-03  1.42350e-02
 1.40764e-03  1.49085e-02
 1.41412e-03  1.47573e-02
 1.54184e-03  1.48385e-02
 1.40764e-03  1.49085e-02

 2.24392e-03  1.42350e-02
 1.72800e-03  1.48554e-02
 1.75362e-03  1.47062e-02
 1.87001e-03  1.48030e-02
 1.72800e-03  1.48554e-02

 2.65191e-03  1.42350e-02
 2.06127e-03  1.47911e-02
 2.10483e-03  1.46461e-02
 2.20859e-03  1.47563e-02
 2.06127e-03  1.47911e-02

 3.05990e-03  1.42350e-02
 2.40234e-03  1.47178e-02
 2.46321e-03  1.45792e-02
 2.55280e-03  1.47012e-02
 2.40234e-03  1.47178e-02

 3.46788e-03  1.42350e-02
 2.75516e-03  1.46364e-02
 2.83223e-03  1.45062e-02
 2.90651e-03  1.46380e-02
 2.75516e-03  1.46364e-02

 2.05729e-04  1.48050e-02
 2.05729e-04  1.56795e-02
 1.30046e-04  1.55484e-02
 2.81413e-04  1.55484e-02
 2.05729e-04  1.56795e-02

 6.17187e-04  1.48050e-02
 4.78891e-04  1.56950e-02
 4.24232e-04  1.55539e-02
 5.73804e-04  1.55771e-02
 4.78891e-04  1.56950e-02

 1.02865e-03  1.48050e-02
 8.36455e-04  1.56718e-02
 7.90942e-04  1.55274e-02
 9.38720e-04  1.55602e-02
 8.36455e-04  1.56718e-02

 1.44010e-03  1.48050e-02
 1.15492e-03  1.56404e-02
 1.12565e-03  1.54919e-02
 1.26890e-03  1.55408e-02
 1.15492e-03  1.56404e-02

 1.85156e-03  1.48050e-02
 1.49642e-03  1.55890e-02
 1.48157e-03  1.54384e-02
 1.61945e-03  1.55008e-02
 1.49642e-03  1.55890e-02

 2.26302e-03  1.48050e-02
 1.83515e-03  1.55251e-02
 1.83704e-03  1.53738e-02
 1.96718e-03  1.54511e-02
 1.83515e-03  1.55251e-02

 2.67448e-03  1.48050e-02
 2.18489e-03  1.54477e-02
 2.20412e-03  1.52976e-02
 2.32453e-03  1.53893e-02
 2.18489e-03  1.54477e-02

 3.08594e-03  1.48050e-02
 2.54130e-03  1.53597e-02
 2.57914e-03  1.52131e-02
 2.68715e-03  1.53192e-02
 2.54130e-03  1.53597e-02

 3.49740e-03  1.48050e-02
 2.90778e-03  1.52621e-02
 2.96500e-03  1.51220e-02
 3.05775e-03  1.52416e-02
 2.90778e-03  1.52621e-02

 2.07465e-04  1.53750e-02
 2.07465e-04  1.63459e-02
 1.31782e-04  1.62149e-02
 2.83149e-04  1.62149e-02
 2.07465e-04  1.63459e-02

 6.22396e-04  1.53750e-02
 5.20314e-04  1.63658e-02
 4.58463e-04  1.62277e-02
 6.09033e-04  1.62432e-02
 5.20314e-04  1.63658e-02

 1.03733e-03  1.53750e-02
 8.95556e-04  1.63403e-02
 8.39725e-04  1.61996e-02
 9.89485e-04  1.62216e-02
 8.95556e-04  1.63403e-02

 1.45226e-03  1.53750e-02
 1.24152e-03  1.63051e-02
 1.19668e-03  1.61605e-02
 1.34430e-03  1.61940e-02
 1.24152e-03  1.63051e-02

 1.86719e-03  1.53750e-02
 1.60468e-03  1.62466e-02
 1.57002e-03  1.60992e-02
 1.71495e-03  1.61429e-02
 1.60468e-03  1.62466e-02

 2.28212e-03  1.53750e-02
 1.96574e-03  1.61738e-02
 1.94365e-03  1.60240e-02
 2.08438e-03  1.60798e-02
 1.96574e-03  1.61738e-02

 2.69705e-03  1.53750e-02
 2.33513e-03  1.60853e-02
 2.32721e-03  1.59342e-02
 2.46208e-03  1.60029e-02
 2.33513e-03  1.60853e-02

 3.11198e-03  1.53750e-02
 2.70962e-03  1.59848e-02
 2.71864e-03  1.58338e-02
 2.84499e-03  1.59171e-02
 2.70962e-03  1.59848e-02

 3.52691e-03  1.53750e-02
 3.09178e-03  1.58737e-02
 3.12093e-03  1.57252e-02
 3.23499e-03  1.58247e-02
 3.09178e-03  1.58737e-02

 2.09201e-04  1.59450e-02
 2.09201e-04  1.69788e-02
 1.33518e-04  1.68477e-02
 2.84885e-04  1.68477e-02
 2.09201e-04  1.69788e-02

 6.27604e-04  1.59450e-02
 5.67108e-04  1.70016e-02
 4.99041e-04  1.68664e-02
 6.50161e-04  1.68751e-02
 5.67108e-04  1.70016e-02

 1.04601e-03  1.59450e-02
 9.61938e-04  1.69746e-02
 8.97173e-04  1.68378e-02
 1.04804e-03  1.68501e-02
 9.61938e-04  1.69746e-02

 1.46441e-03  1.59450e-02
 1.33906e-03  1.69367e-02
 1.28042e-03  1.67971e-02
 1.43059e-03  1.68161e-02
 1.33906e-03  1.69367e-02

 1.88281e-03  1.59450e-02
 1.72650e-03  1.68731e-02
 1.67364e-03  1.67313e-02
 1.82290e-03  1.67564e-02
 1.72650e-03  1.68731e-02

 2.30122e-03  1.59450e-02
 2.11264e-03  1.67937e-02
 2.06719e-03  1.66493e-02
 2.21496e-03  1.66822e-02
 2.11264e-03  1.67937e-02

 2.71962e-03  1.59450e-02
 2.50391e-03  1.66972e-02
 2.46729e-03  1.65504e-02
 2.61280e-03  1.65921e-02
 2.50391e-03  1.66972e-02

 3.13802e-03  1.59450e-02
 2.89838e-03  1.65877e-02
 2.87326e-03  1.64384e-02
 3.01509e-03  1.64913e-02
 2.89838e-03  1.65877e-02

 3.55642e-03  1.59450e-02
 3.29763e-03  1.64667e-02
 3.28809e-03  1.63156e-02
 3.42369e-03  1.63829e-02
 3.29763e-03  1.64667e-02

 2.10937e-04  1.65150e-02
 2.10937e-04  1.75781e-02
 1.35254e-04  1.74470e-02
 2.86621e-04  1.74470e-02
 2.10938e-04  1.75781e-02

 6.32812e-04  1.65150e-02
 6.16864e-04  1.76023e-02
 5.43111e-04  1.74701e-02
 6.94462e-04  1.74723e-02
 6.16864e-04  1.76023e-02

 1.05469e-03  1.65150e-02
 1.03225e-03  1.75746e-02
 9.59362e-04  1.74419e-02
 1.11070e-03  1.74451e-02
 1.03225e-03  1.75746e-02

 1.47656e-03  1.65150e-02
 1.44261e-03  1.75351e-02
 1.37133e-03  1.74015e-02
 1.52261e-03  1.74066e-02
 1.44261e-03  1.75351e-02

 1.89844e-03  1.65150e-02
 1.85574e-03  1.74685e-02
 1.78600e-03  1.73342e-02
 1.93721e-03  1.73410e-02
 1.85574e-03  1.74685e-02

 2.32031e-03  1.65150e-02
 2.26854e-03  1.73851e-02
 2.20077e-03  1.72498e-02
 2.35187e-03  1.72588e-02
 2.26854e-03  1.73851e-02

 2.74219e-03  1.65150e-02
 2.68290e-03  1.72839e-02
 2.61752e-03  1.71474e-02
 2.76844e-03  1.71590e-02
 2.68290e-03  1.72839e-02

 3.16406e-03  1.65150e-02
 3.09837e-03  1.71689e-02
 3.03617e-03  1.70309e-02
 3.18678e-03  1.70460e-02
 3.09837e-03  1.71689e-02

 3.58594e-03  1.65150e-02
 3.51543e-03  1.70420e-02
 3.45780e-03  1.69020e-02
 3.60783e-03  1.69221e-02
 3.51543e-03  1.70420e-02

 2.12674e-04  1.70850e-02
 2.12674e-04  1.81418e-02
 1.36990e-04  1.80108e-02
 2.88357e-04  1.80108e-02
 2.12674e-04  1.81418e-02

 6.38021e-04  1.70850e-02
 6.67436e-04  1.81659e-02
 5.88215e-04  1.80369e-02
 7.39525e-04  1.80328e-02
 6.67436e-04  1.81659e-02

 1.06337e-03  1.70850e-02
 1.10359e-03  1.81385e-02
 1.02296e-03  1.80104e-02
 1.17422e-03  1.80046e-02
 1.10359e-03  1.81385e-02

 1.48872e-03  1.70850e-02
 1.54785e-03  1.80985e-02
 1.46466e-03  1.79720e-02
 1.61577e-03  1.79632e-02
 1.54785e-03  1.80985e-02

 1.91406e-03  1.70850e-02
 1.98709e-03  1.80312e-02
 1.90154e-03  1.79063e-02
 2.05246e-03  1.78947e-02
 1.98709e-03  1.80312e-02

 2.33941e-03  1.70850e-02
 2.42702e-03  1.79467e-02
 2.33847e-03  1.78239e-02
 2.48906e-03  1.78086e-02
 2.42702e-03  1.79467e-02

 2.76476e-03  1.70850e-02
 2.86483e-03  1.78440e-02
 2.77266e-03  1.77240e-02
 2.92273e-03  1.77042e-02
 2.86483e-03  1.78440e-02

 3.19010e-03  1.70850e-02
 3.30157e-03  1.77275e-02
 3.20459e-03  1.76113e-02
 3.35373e-03  1.75854e-02
 3.30157e-03  1.77275e-02

 3.61545e-03  1.70850e-02
 3.73655e-03  1.75991e-02
 3.63283e-03  1.74888e-02
 3.78016e-03  1.74541e-02
 3.73655e-03  1.75991e-02

 2.14410e-04  1.76550e-02
 2.14410e-04  1.86711e-02
 1.38726e-04  1.85400e-02
 2.90093e-04  1.85400e-02
 2.14410e-04  1.86711e-02

 6.43229e-04  1.76550e-02
 7.16693e-04  1.86935e-02
 6.31948e-04  1.85681e-02
 7.82938e-04  1.85574e-02
 7.16693e-04  1.86935e-02

 1.07205e-03  1.76550e-02
 1.17306e-03  1.86671e-02
 1.08473e-03  1.85442e-02
 1.23535e-03  1.85292e-02
 1.17306e-03  1.86671e-02

 1.50087e-03  1.76550e-02
 1.65048e-03  1.86278e-02
 1.55575e-03  1.85097e-02
 1.70536e-03  1.84867e-02
 1.65048e-03  1.86278e-02

 1.92969e-03  1.76550e-02
 2.11520e-03  1.85620e-02
 2.01479e-03  1.84487e-02
 2.16308e-03  1.84184e-02
 2.11520e-03  1.85620e-02

 2.35851e-03  1.76550e-02
 2.58167e-03  1.84792e-02
 2.47435e-03  1.83724e-02
 2.62046e-03  1.83329e-02
 2.58167e-03  1.84792e-02

 2.78733e-03  1.76550e-02
 3.04236e-03  1.83787e-02
 2.92741e-03  1.82802e-02
 3.07017e-03  1.82299e-02
 3.04236e-03  1.83787e-02

 3.21615e-03  1.76550e-02
 3.49981e-03  1.82647e-02
 3.37589e-03  1.81778e-02
 3.51313e-03  1.81139e-02
 3.49981e-03  1.82647e-02

 3.64497e-03  1.76550e-02
 3.95216e-03  1.81392e-02
 3.81802e-03  1.80691e-02
 3.94584e-03  1.79880e-02
 3.95216e-03  1.81392e-02

 2.16146e-04  1.82250e-02
 2.16146e-04  1.91685e-02
 1.40462e-04  1.90375e-02
 2.91829e-04  1.90375e-02
 2.16146e-04  1.91685e-02

 6.48438e-04  1.82250e-02
 7.62735e-04  1.91879e-02
 6.72127e-04  1.90667e-02
 8.22439e-04  1.90488e-02
 7.62735e-04  1.91879e-02

 1.08073e-03  1.82250e-02
 1.23811e-03  1.91631e-02
 1.14178e-03  1.90463e-02
 1.29106e-03  1.90213e-02
 1.23811e-03  1.91631e-02

 1.51302e-03  1.82250e-02
 1.74663e-03  1.91254e-02
 1.64045e-03  1.90175e-02
 1.78697e-03  1.89795e-02
 1.74663e-03  1.91254e-02

 1.94531e-03  1.82250e-02
 2.23527e-03  1.90632e-02
 2.12089e-03  1.89641e-02
 2.26394e-03  1.89146e-02
 2.23527e-03  1.90632e-02

 2.37760e-03  1.82250e-02
 2.72661e-03  1.89848e-02
 2.60312e-03  1.88973e-02
 2.74067e-03  1.88341e-02
 2.72661e-03  1.89848e-02

 2.80990e-03  1.82250e-02
 3.20868e-03  1.88898e-02
 3.07635e-03  1.88164e-02
 3.20615e-03  1.87385e-02
 3.20868e-03  1.88898e-02

 3.24219e-03  1.82250e-02
 3.68546e-03  1.87822e-02
 3.54462e-03  1.87267e-02
 3.66307e-03  1.86325e-02
 3.68546e-03  1.87822e-02

 3.67448e-03  1.82250e-02
 4.15393e-03  1.86638e-02
 4.00614e-03  1.86312e-02
 4.10834e-03  1.85195e-02
 4.15393e-03  1.86638e-02

 2.17882e-04  1.87950e-02
 2.17882e-04  1.96361e-02
 1.42198e-04  1.95051e-02
 2.93565e-04  1.95051e-02
 2.17882e-04  1.96361e-02

 6.53646e-04  1.87950e-02
 8.03446e-04  1.96511e-02
 7.06300e-04  1.95350e-02
 8.55401e-04  1.95089e-02
 8.03446e-04  1.96511e-02

 1.08941e-03  1.87950e-02
 1.29584e-03  1.96285e-02
 1.19087e-03  1.95195e-02
 1.33779e-03  1.94831e-02
 1.29584e-03  1.96285e-02

 1.52517e-03  1.87950e-02
 1.83196e-03  1.95936e-02
 1.71431e-03  1.94984e-02
 1.85561e-03  1.94441e-02
 1.83196e-03  1.95936e-02

 1.96094e-03  1.87950e-02
 2.34180e-03  1.95371e-02
 2.21461e-03  1.94550e-02
 2.34928e-03  1.93859e-02
 2.34180e-03  1.95371e-02

 2.39670e-03  1.87950e-02
 2.85514e-03  1.94658e-02
 2.71869e-03  1.94003e-02
 2.84366e-03  1.93149e-02
 2.85514e-03  1.94658e-02

 2.83247e-03  1.87950e-02
 3.35607e-03  1.93798e-02
 3.21225e-03  1.93326e-02
 3.32501e-03  1.92316e-02
 3.35607e-03  1.93798e-02

 3.26823e-03  1.87950e-02
 3.84983e-03  1.92823e-02
 3.70075e-03  1.92561e-02
 3.79795e-03  1.91401e-02
 3.84983e-03  1.92823e-02

 3.70399e-03  1.87950e-02
 4.33239e-03  1.91753e-02
 4.18106e-03  1.91722e-02
 4.25943e-03  1.90427e-02
 4.33239e-03  1.91753e-02

 2.19618e-04  1.93650e-02
 2.19618e-04  2.00821e-02
 1.43935e-04  1.99510e-02
 2.95302e-04  1.99510e-02
 2.19618e-04  2.00821e-02

 6.58854e-04  1.93650e-02
 8.37104e-04  2.00910e-02
 7.32348e-04  1.99818e-02
 8.79350e-04  1.99457e-02
 8.37104e-04  2.00910e-02

 1.09809e-03  1.93650e-02
 1.34386e-03  2.00713e-02
 1.22930e-03  1.99724e-02
 1.37226e-03  1.99226e-02
 1.34386e-03  2.00713e-02

 1.53733e-03  1.93650e-02
 1.90268e-03  2.00399e-02
 1.77372e-03  1.99606e-02
 1.90683e-03  1.98886e-02
 1.90268e-03  2.00399e-02

 1.97656e-03  1.93650e-02
 2.42995e-03  1.99908e-02
 2.29175e-03  1.99290e-02
 2.41433e-03  1.98402e-02
 2.42995e-03  1.99908e-02

 2.41580e-03  1.93650e-02
 2.96127e-03  1.99287e-02
 2.81573e-03  1.98872e-02
 2.92451e-03  1.97819e-02
 2.96127e-03  1.99287e-02

 2.85503e-03  1.93650e-02
 3.47752e-03  1.98542e-02
 3.32769e-03  1.98327e-02
 3.42122e-03  1.97137e-02
 3.47752e-03  1.98542e-02

 3.29427e-03  1.93650e-02
 3.98498e-03  1.97698e-02
 3.83362e-03  1.97688e-02
 3.91015e-03  1.96382e-02
 3.98498e-03  1.97698e-02

 3.73351e-03  1.93650e-02
 4.47878e-03  1.96774e-02
 4.32863e-03  1.96965e-02
 4.38715e-03  1.95569e-02
 4.47878e-03  1.96774e-02

 2.21354e-04  1.99350e-02
 2.21354e-04  2.05068e-02
 1.45671e-04  2.03757e-02
 2.97038e-04  2.03757e-02
 2.21354e-04  2.05068e-02

 6.64062e-04  1.99350e-02
 8.60961e-04  2.05090e-02
 7.46839e-04  2.04096e-02
 8.90017e-04  2.03605e-02
 8.60961e-04  2.05090e-02

 1.10677e-03  1.99350e-02
 1.37819e-03  2.04929e-02
 1.25279e-03  2.04082e-02
 1.38891e-03  2.03419e-02
 1.37819e-03  2.04929e-02

 1.54948e-03  1.99350e-02
 1.95285e-03  2.04663e-02
 1.81330e-03  2.04077e-02
 1.93386e-03  2.03161e-02
 1.95285e-03  2.04663e-02

 1.99219e-03  1.99350e-02
 2.49222e-03  2.04266e-02
 2.34568e-03  2.03886e-02
 2.45180e-03  2.02807e-02
 2.49222e-03  2.04266e-02

 2.43490e-03  1.99350e-02
 3.03591e-03  2.03762e-02
 2.88545e-03  2.03596e-02
 2.97502e-03  2.02376e-02
 3.03591e-03  2.03762e-02

 2.87760e-03  1.99350e-02
 3.56259e-03  2.03160e-02
 3.41124e-03  2.03184e-02
 3.48482e-03  2.01862e-02
 3.56259e-03  2.03160e-02

 3.32031e-03  1.99350e-02
 4.07934e-03  2.02479e-02
 3.92930e-03  2.02679e-02
 3.98700e-03  2.01280e-02
 4.07934e-03  2.02479e-02

 3.76302e-03  1.99350e-02
 4.58071e-03  2.01736e-02
 4.43366e-03  2.02095e-02
 4.47607e-03  2.00642e-02
 4.58071e-03  2.01736e-02

 2.23090e-04  2.05050e-02
 2.23090e-04  2.09309e-02
 1.47407e-04  2.07998e-02
 2.98774e-04  2.07998e-02
 2.23090e-04  2.09309e-02

 6.69271e-04  2.05050e-02
 8.73783e-04  2.09251e-02
 7.48355e-04  2.08403e-02
 8.84451e-04  2.07741e-02
 8.73783e-04  2.09251e-02

 1.11545e-03  2.05050e-02
 1.39647e-03  2.09131e-02
 1.25979e-03  2.08480e-02
 1.38446e-03  2.07622e-02
 1.39647e-03  2.09131e-02

 1.56163e-03  2.05050e-02
 1.97867e-03  2.08915e-02
 1.83108e-03  2.08579e-02
 1.93396e-03  2.07469e-02
 1.97867e-03  2.08915e-02

 2.00781e-03  2.05050e-02
 2.52361e-03  2.08616e-02
 2.37274e-03  2.08493e-02
 2.45882e-03  2.07248e-02
 2.52361e-03  2.08616e-02

 2.45399e-03  2.05050e-02
 3.07291e-03  2.08233e-02
 2.92172e-03  2.08307e-02
 2.99095e-03  2.06961e-02
 3.07291e-03  2.08233e-02

 2.90017e-03  2.05050e-02
 3.60420e-03  2.07780e-02
 3.45461e-03  2.08012e-02
 3.50934e-03  2.06600e-02
 3.60420e-03  2.07780e-02

 3.34635e-03  2.05050e-02
 4.12499e-03  2.07267e-02
 3.97818e-03  2.07636e-02
 4.01963e-03  2.06180e-02
 4.12499e-03  2.07267e-02

 3.79253e-03  2.05050e-02
 4.62952e-03  2.06709e-02
 4.48621e-03  2.07197e-02
 4.51565e-03  2.05712e-02
 4.62952e-03  2.06709e-02

 2.24826e-04  2.10750e-02
 2.24826e-04  2.13405e-02
 1.49143e-04  2.12094e-02
 3.00510e-04  2.12094e-02
 2.24826e-04  2.13405e-02

 6.74479e-04  2.10750e-02
 8.70310e-04  2.13296e-02
 7.30403e-04  2.12719e-02
 8.50391e-04  2.11796e-02
 8.70310e-04  2.13296e-02

 1.12413e-03  2.10750e-02
 1.39101e-03  2.13230e-02
 1.24347e-03  2.12892e-02
 1.34651e-03  2.11783e-02
 1.39101e-03  2.13230e-02

 1.57378e-03  2.10750e-02
 1.96919e-03  2.13085e-02
 1.81783e-03  2.13070e-02
 1.89480e-03  2.11767e-02
 1.96919e-03  2.13085e-02

 2.02344e-03  2.10750e-02
 2.51063e-03  2.12903e-02
 2.36014e-03  2.13065e-02
 2.42132e-03  2.11681e-02
 2.51063e-03  2.12903e-02

 2.47309e-03  2.10750e-02
 3.05650e-03  2.12664e-02
 2.90836e-03  2.12974e-02
 2.95553e-03  2.11536e-02
 3.05650e-03  2.12664e-02

 2.92274e-03  2.10750e-02
 3.58473e-03  2.12382e-02
 3.43934e-03  2.12803e-02
 3.47558e-03  2.11334e-02
 3.58473e-03  2.12382e-02

 3.37240e-03  2.10750e-02
 4.10295e-03  2.12063e-02
 3.96053e-03  2.12576e-02
 3.98732e-03  2.11087e-02
 4.10295e-03  2.12063e-02

 3.82205e-03  2.10750e-02
 4.60545e-03  2.11718e-02
 4.46607e-03  2.12308e-02
 4.48463e-03  2.10806e-02
 4.60545e-03  2.11718e-02

 2.26562e-04  2.16450e-02
 2.26562e-04  2.17930e-02
 1.50879e-04  2.16619e-02
 3.02246e-04  2.16619e-02
 2.26563e-04  2.17930e-02

 6.79687e-04  2.16450e-02
 8.51784e-04  2.17757e-02
 7.01615e-04  2.17567e-02
 7.93155e-04  2.16361e-02
 8.51784e-04  2.17757e-02

 1.13281e-03  2.16450e-02
 1.36028e-03  2.17746e-02
 1.20891e-03  2.17755e-02
 1.28386e-03  2.16440e-02
 1.36028e-03  2.17746e-02

 1.58594e-03  2.16450e-02
 1.92268e-03  2.17647e-02
 1.77382e-03  2.17921e-02
 1.82451e-03  2.16495e-02
 1.92268e-03  2.17647e-02

 2.03906e-03  2.16450e-02
 2.45096e-03  2.17552e-02
 2.30477e-03  2.17944e-02
 2.34390e-03  2.16482e-02
 2.45096e-03  2.17552e-02

 2.49219e-03  2.16450e-02
 2.98434e-03  2.17414e-02
 2.84115e-03  2.17904e-02
 2.87024e-03  2.16419e-02
 2.98434e-03  2.17414e-02

 2.94531e-03  2.16450e-02
 3.50184e-03  2.17257e-02
 3.36125e-03  2.17818e-02
 3.38296e-03  2.16320e-02
 3.50184e-03  2.17257e-02

 3.39844e-03  2.16450e-02
 4.01094e-03  2.17076e-02
 3.87285e-03  2.17695e-02
 3.88822e-03  2.16189e-02
 4.01094e-03  2.17076e-02

 3.85156e-03  2.16450e-02
 4.50629e-03  2.16881e-02
 4.37051e-03  2.17550e-02
 4.38045e-03  2.16040e-02
 4.50629e-03  2.16881e-02

 2.28299e-04  2.22150e-02
 2.28299e-04  2.22150e-02
 9.72110e-05  2.22907e-02
 9.72110e-05  2.21393e-02
 2.28299e-04  2.22150e-02

 6.84896e-04  2.22150e-02
 8.00472e-04  2.22150e-02
 6.69384e-04  2.22907e-02
 6.69384e-04  2.21393e-02
 8.00472e-04  2.22150e-02

 1.14149e-03  2.22150e-02
 1.28771e-03  2.22150e-02
 1.15663e-03  2.22907e-02
 1.15663e-03  2.21393e-02
 1.28771e-03  2.22150e-02

 1.59809e-03  2.22150e-02
 1.81525e-03  2.22150e-02
 1.68416e-03  2.22907e-02
 1.68416e-03  2.21393e-02
 1.81525e-03  2.22150e-02

 2.05469e-03  2.22150e-02
 2.31768e-03  2.22150e-02
 2.18659e-03  2.22907e-02
 2.18659e-03  2.21393e-02
 2.31768e-03  2.22150e-02

 2.51128e-03  2.22150e-02
 2.82483e-03  2.22150e-02
 2.69375e-03  2.22907e-02
 2.69375e-03  2.21393e-02
 2.82483e-03  2.22150e-02

 2.96788e-03  2.22150e-02
 3.32101e-03  2.22150e-02
 3.18992e-03  2.22907e-02
 3.18992e-03  2.21393e-02
 3.32101e-03  2.22150e-02

 3.42448e-03  2.22150e-02
 3.81208e-03  2.22150e-02
 3.68100e-03  2.22907e-02
 3.68100e-03  2.21393e-02
 3.81208e-03  2.22150e-02

 3.88108e-03  2.22150e-02
 4.29416e-03  2.22150e-02
 4.16308e-03  2.22907e-02
 4.16308e-03  2.21393e-02
 4.29416e-03  2.22150e-02

 3.76510e-03  1.13850e-02
 3.32400e-03  1.13850e-02
 3.45509e-03  1.13093e-02
 3.45509e-03  1.14607e-02
 3.32400e-03  1.13850e-02

 4.26406e-03  1.13850e-02
 3.79479e-03  1.13850e-02
 3.92588e-03  1.13093e-02
 3.92588e-03  1.14607e-02
 3.79479e-03  1.13850e-02

 4.76302e-03  1.13850e-02
 4.27556e-03  1.13850e-02
 4.40665e-03  1.13093e-02
 4.40665e-03  1.14607e-02
 4.27556e-03  1.13850e-02

 5.26198e-03  1.13850e-02
 4.76722e-03  1.13850e-02
 4.89831e-03  1.13093e-02
 4.89831e-03  1.14607e-02
 4.76722e-03  1.13850e-02

 5.76094e-03  1.13850e-02
 5.27015e-03  1.13850e-02
 5.40123e-03  1.13093e-02
 5.40123e-03  1.14607e-02
 5.27015e-03  1.13850e-02

 6.25990e-03  1.13850e-02
 5.78443e-03  1.13850e-02
 5.91552e-03  1.13093e-02
 5.91552e-03  1.14607e-02
 5.78443e-03  1.13850e-02

 6.75885e-03  1.13850e-02
 6.31010e-03  1.13850e-02
 6.44119e-03  1.13093e-02
 6.44119e-03  1.14607e-02
 6.31010e-03  1.13850e-02

 7.25781e-03  1.13850e-02
 6.84620e-03  1.13850e-02
 6.97729e-03  1.13093e-02
 6.97729e-03  1.14607e-02
 6.84620e-03  1.13850e-02

 7.75677e-03  1.13850e-02
 7.39243e-03  1.13850e-02
 7.52352e-03  1.13093e-02
 7.52352e-03  1.14607e-02
 7.39243e-03  1.13850e-02

 8.25573e-03  1.13850e-02
 7.94553e-03  1.13850e-02
 8.07662e-03  1.13093e-02
 8.07662e-03  1.14607e-02
 7.94553e-03  1.13850e-02

 8.75469e-03  1.13850e-02
 8.50652e-03  1.13850e-02
 8.63761e-03  1.13093e-02
 8.63761e-03  1.14607e-02
 8.50652e-03  1.13850e-02

 9.25365e-03  1.13850e-02
 9.06576e-03  1.13850e-02
 9.19685e-03  1.13093e-02
 9.19685e-03  1.14607e-02
 9.06576e-03  1.13850e-02

 9.75260e-03  1.13850e-02
 9.63379e-03  1.13850e-02
 9.76488e-03  1.13093e-02
 9.76488e-03  1.14607e-02
 9.63379e-03  1.13850e-02

 1.02516e-02  1.13850e-02
 1.01790e-02  1.13850e-02
 1.03101e-02  1.13093e-02
 1.03101e-02  1.14607e-02
 1.01790e-02  1.13850e-02

 1.07505e-02  1.13850e-02
 1.07505e-02  1.13850e-02
 1.08816e-02  1.13093e-02
 1.08816e-02  1.14607e-02
 1.07505e-02  1.13850e-02

 3.79531e-03  1.19550e-02
 3.10058e-03  1.20357e-02
 3.22207e-03  1.19454e-02
 3.23953e-03  1.20957e-02
 3.10058e-03  1.20357e-02

 4.29219e-03  1.19550e-02
 3.55549e-03  1.20141e-02
 3.68011e-03  1.19282e-02
 3.69221e-03  1.20790e-02
 3.55549e-03  1.20141e-02

 4.78906e-03  1.19550e-02
 4.02678e-03  1.19910e-02
 4.15415e-03  1.19092e-02
 4.16129e-03  1.20604e-02
 4.02678e-03  1.19910e-02

 5.28594e-03  1.19550e-02
 4.51533e-03  1.19668e-02
 4.64524e-03  1.18892e-02
 4.64756e-03  1.20405e-02
 4.51533e-03  1.19668e-02

 5.78281e-03  1.19550e-02
 5.02151e-03  1.19422e-02
 5.15385e-03  1.18688e-02
 5.15131e-03  1.20201e-02
 5.02151e-03  1.19422e-02

 6.27969e-03  1.19550e-02
 5.54544e-03  1.19178e-02
 5.68019e-03  1.18488e-02
 5.67252e-03  1.20000e-02
 5.54544e-03  1.19178e-02

 6.77656e-03  1.19550e-02
 6.08681e-03  1.18942e-02
 6.22404e-03  1.18303e-02
 6.21075e-03  1.19811e-02
 6.08681e-03  1.18942e-02

 7.27344e-03  1.19550e-02
 6.64415e-03  1.18724e-02
 6.78397e-03  1.18144e-02
 6.76428e-03  1.19645e-02
 6.64415e-03  1.18724e-02

 7.77031e-03  1.19550e-02
 7.21663e-03  1.18533e-02
 7.35923e-03  1.18025e-02
 7.33188e-03  1.19514e-02
 7.21663e-03  1.18533e-02

 8.26719e-03  1.19550e-02
 7.79960e-03  1.18380e-02
 7.94514e-03  1.17964e-02
 7.90840e-03  1.19433e-02
 7.79960e-03  1.18380e-02

 8.76406e-03  1.19550e-02
 8.39364e-03  1.18275e-02
 8.54222e-03  1.17986e-02
 8.49297e-03  1.19418e-02
 8.39364e-03  1.18275e-02

 9.26094e-03  1.19550e-02
 8.98570e-03  1.18238e-02
 9.13660e-03  1.18119e-02
 9.07146e-03  1.19485e-02
 8.98570e-03  1.18238e-02

 9.75781e-03  1.19550e-02
 9.58724e-03  1.18270e-02
 9.73752e-03  1.18451e-02
 9.64664e-03  1.19662e-02
 9.58724e-03  1.18270e-02

 1.02547e-02  1.19550e-02
 1.01574e-02  1.18421e-02
 1.03003e-02  1.18920e-02
 1.01856e-02  1.19908e-02
 1.01574e-02  1.18421e-02

 1.07516e-02  1.19550e-02
 1.07516e-02  1.18682e-02
 1.08272e-02  1.19993e-02
 1.06759e-02  1.19993e-02
 1.07516e-02  1.18682e-02

 3.82552e-03  1.25250e-02
 2.99815e-03  1.26513e-02
 3.11632e-03  1.25567e-02
 3.13916e-03  1.27063e-02
 2.99815e-03  1.26513e-02

 4.32031e-03  1.25250e-02
 3.44700e-03  1.26119e-02
 3.56995e-03  1.25236e-02
 3.58494e-03  1.26743e-02
 3.44700e-03  1.26119e-02

 4.81510e-03  1.25250e-02
 3.91561e-03  1.25703e-02
 4.04273e-03  1.24881e-02
 4.05033e-03  1.26393e-02
 3.91561e-03  1.25703e-02

 5.30990e-03  1.25250e-02
 4.40465e-03  1.25271e-02
 4.53556e-03  1.24511e-02
 4.53591e-03  1.26025e-02
 4.40465e-03  1.25271e-02

 5.80469e-03  1.25250e-02
 4.91450e-03  1.24835e-02
 5.04897e-03  1.24140e-02
 5.04192e-03  1.25652e-02
 4.91450e-03  1.24835e-02

 6.29948e-03  1.25250e-02
 5.44486e-03  1.24405e-02
 5.58276e-03  1.23781e-02
 5.56786e-03  1.25287e-02
 5.44486e-03  1.24405e-02

 6.79427e-03  1.25250e-02
 5.99528e-03  1.23995e-02
 6.13652e-03  1.23451e-02
 6.11304e-03  1.24946e-02
 5.99528e-03  1.23995e-02

 7.28906e-03  1.25250e-02
 6.56366e-03  1.23620e-02
 6.70815e-03  1.23169e-02
 6.67496e-03  1.24646e-02
 6.56366e-03  1.23620e-02

 7.78385e-03  1.25250e-02
 7.14880e-03  1.23297e-02
 7.29635e-03  1.22959e-02
 7.25185e-03  1.24405e-02
 7.14880e-03  1.23297e-02

 8.27865e-03  1.25250e-02
 7.74542e-03  1.23045e-02
 7.89548e-03  1.22846e-02
 7.83763e-03  1.24245e-02
 7.74542e-03  1.23045e-02

 8.77344e-03  1.25250e-02
 8.35342e-03  1.22886e-02
 8.50478e-03  1.22870e-02
 8.43054e-03  1.24189e-02
 8.35342e-03  1.22886e-02

 9.26823e-03  1.25250e-02
 8.95877e-03  1.22848e-02
 9.10872e-03  1.23054e-02
 9.01590e-03  1.24249e-02
 8.95877e-03  1.22848e-02

 9.76302e-03  1.25250e-02
 9.57244e-03  1.22960e-02
 9.71447e-03  1.23483e-02
 9.59812e-03  1.24452e-02
 9.57244e-03  1.22960e-02

 1.02578e-02  1.25250e-02
 1.01508e-02  1.23274e-02
 1.02798e-02  1.24066e-02
 1.01467e-02  1.24788e-02
 1.01508e-02  1.23274e-02

 1.07526e-02  1.25250e-02
 1.07526e-02  1.23842e-02
 1.08283e-02  1.25153e-02
 1.06769e-02  1.25153e-02
 1.07526e-02  1.23842e-02

 3.85573e-03  1.30950e-02
 2.97954e-03  1.32932e-02
 3.09070e-03  1.31905e-02
 3.12410e-03  1.33381e-02
 2.97954e-03  1.32932e-02

 4.34844e-03  1.30950e-02
 3.42676e-03  1.32283e-02
 3.54567e-03  1.31346e-02
 3.56733e-03  1.32844e-02
 3.42676e-03  1.32283e-02

 4.84115e-03  1.30950e-02
 3.89518e-03  1.31599e-02
 4.02078e-03  1.30754e-02
 4.03114e-03  1.32264e-02
 3.89518e-03  1.31599e-02

 5.33385e-03  1.30950e-02
 4.38516e-03  1.30896e-02
 4.51668e-03  1.30146e-02
 4.51581e-03  1.31660e-02
 4.38516e-03  1.30896e-02

 5.82656e-03  1.30950e-02
 4.89709e-03  1.30189e-02
 5.03392e-03  1.29542e-02
 5.02157e-03  1.31050e-02
 4.89709e-03  1.30189e-02

 6.31927e-03  1.30950e-02
 5.43029e-03  1.29498e-02
 5.57187e-03  1.28962e-02
 5.54746e-03  1.30456e-02
 5.43029e-03  1.29498e-02

 6.81198e-03  1.30950e-02
 5.98400e-03  1.28843e-02
 6.12971e-03  1.28432e-02
 6.09237e-03  1.29899e-02
 5.98400e-03  1.28843e-02

 7.30469e-03  1.30950e-02
 6.55606e-03  1.28248e-02
 6.70506e-03  1.27981e-02
 6.65367e-03  1.29405e-02
 6.55606e-03  1.28248e-02

 7.79740e-03  1.30950e-02
 7.14489e-03  1.27741e-02
 7.29592e-03  1.27640e-02
 7.22912e-03  1.28999e-02
 7.14489e-03  1.27741e-02

 8.29010e-03  1.30950e-02
 7.74500e-03  1.27352e-02
 7.89610e-03  1.27442e-02
 7.81271e-03  1.28706e-02
 7.74500e-03  1.27352e-02

 8.78281e-03  1.30950e-02
 8.35591e-03  1.27118e-02
 8.50402e-03  1.27430e-02
 8.40291e-03  1.28557e-02
 8.35591e-03  1.27118e-02

 9.27552e-03  1.30950e-02
 8.96342e-03  1.27078e-02
 9.10461e-03  1.27624e-02
 8.98676e-03  1.28573e-02
 8.96342e-03  1.27078e-02

 9.76823e-03  1.30950e-02
 9.57763e-03  1.27290e-02
 9.70530e-03  1.28103e-02
 9.57104e-03  1.28802e-02
 9.57763e-03  1.27290e-02

 1.02609e-02  1.30950e-02
 1.01555e-02  1.27812e-02
 1.02690e-02  1.28814e-02
 1.01255e-02  1.29295e-02
 1.01555e-02  1.27812e-02

 1.07536e-02  1.30950e-02
 1.07536e-02  1.28752e-02
 1.08293e-02  1.30063e-02
 1.06780e-02  1.30063e-02
 1.07536e-02  1.28752e-02

 3.88594e-03  1.36650e-02
 3.03889e-03  1.39175e-02
 3.14289e-03  1.38075e-02
 3.18613e-03  1.39526e-02
 3.03889e-03  1.39175e-02

 4.37656e-03  1.36650e-02
 3.48857e-03  1.38291e-02
 3.60372e-03  1.37309e-02
 3.63123e-03  1.38797e-02
 3.48857e-03  1.38291e-02

 4.86719e-03  1.36650e-02
 3.95876e-03  1.37367e-02
 4.08348e-03  1.36509e-02
 4.09540e-03  1.38018e-02
 3.95876e-03  1.37367e-02

 5.35781e-03  1.36650e-02
 4.44984e-03  1.36423e-02
 4.58278e-03  1.35699e-02
 4.57899e-03  1.37212e-02
 4.44984e-03  1.36423e-02

 5.84844e-03  1.36650e-02
 4.96173e-03  1.35480e-02
 5.10159e-03  1.34901e-02
 5.08179e-03  1.36402e-02
 4.96173e-03  1.35480e-02

 6.33906e-03  1.36650e-02
 5.49368e-03  1.34564e-02
 5.63908e-03  1.34143e-02
 5.60281e-03  1.35613e-02
 5.49368e-03  1.34564e-02

 6.82969e-03  1.36650e-02
 6.04485e-03  1.33701e-02
 6.19418e-03  1.33454e-02
 6.14094e-03  1.34871e-02
 6.04485e-03  1.33701e-02

 7.32031e-03  1.36650e-02
 6.61297e-03  1.32924e-02
 6.76422e-03  1.32866e-02
 6.69368e-03  1.34205e-02
 6.61297e-03  1.32924e-02

 7.81094e-03  1.36650e-02
 7.19641e-03  1.32269e-02
 7.34708e-03  1.32414e-02
 7.25922e-03  1.33646e-02
 7.19641e-03  1.32269e-02

 8.30156e-03  1.36650e-02
 7.78993e-03  1.31775e-02
 7.93705e-03  1.32132e-02
 7.83264e-03  1.33228e-02
 7.78993e-03  1.31775e-02

 8.79219e-03  1.36650e-02
 8.39290e-03  1.31494e-02
 8.53300e-03  1.32067e-02
 8.41332e-03  1.32994e-02
 8.39290e-03  1.31494e-02

 9.28281e-03  1.36650e-02
 8.99199e-03  1.31475e-02
 9.12219e-03  1.32247e-02
 8.99023e-03  1.32988e-02
 8.99199e-03  1.31475e-02

 9.77344e-03  1.36650e-02
 9.59645e-03  1.31800e-02
 9.71249e-03  1.32772e-02
 9.57030e-03  1.33291e-02
 9.59645e-03  1.31800e-02

 1.02641e-02  1.36650e-02
 1.01663e-02  1.32530e-02
 1.02702e-02  1.33631e-02
 1.01229e-02  1.33981e-02
 1.01663e-02  1.32530e-02

 1.07547e-02  1.36650e-02
 1.07547e-02  1.33811e-02
 1.08304e-02  1.35122e-02
 1.06790e-02  1.35122e-02
 1.07547e-02  1.33811e-02

 3.91615e-03  1.42350e-02
 3.15538e-03  1.45399e-02
 3.24890e-03  1.44209e-02
 3.30521e-03  1.45614e-02
 3.15538e-03  1.45399e-02

 4.40469e-03  1.42350e-02
 3.60933e-03  1.44282e-02
 3.71885e-03  1.43237e-02
 3.75458e-03  1.44708e-02
 3.60933e-03  1.44282e-02

 4.89323e-03  1.42350e-02
 4.08175e-03  1.43120e-02
 4.20510e-03  1.42243e-02
 4.21941e-03  1.43750e-02
 4.08175e-03  1.43120e-02

 5.38177e-03  1.42350e-02
 4.57287e-03  1.41940e-02
 4.70762e-03  1.41250e-02
 4.69995e-03  1.42762e-02
 4.57287e-03  1.41940e-02

 5.87031e-03  1.42350e-02
 5.08230e-03  1.40767e-02
 5.22572e-03  1.40283e-02
 5.19591e-03  1.41767e-02
 5.08230e-03  1.40767e-02

 6.35885e-03  1.42350e-02
 5.60946e-03  1.39633e-02
 5.75850e-03  1.39368e-02
 5.70689e-03  1.40791e-02
 5.60946e-03  1.39633e-02

 6.84740e-03  1.42350e-02
 6.15330e-03  1.38571e-02
 6.30461e-03  1.38533e-02
 6.23223e-03  1.39862e-02
 6.15330e-03  1.38571e-02

 7.33594e-03  1.42350e-02
 6.71178e-03  1.37620e-02
 6.86196e-03  1.37808e-02
 6.77054e-03  1.39015e-02
 6.71178e-03  1.37620e-02

 7.82448e-03  1.42350e-02
 7.28336e-03  1.36825e-02
 7.42915e-03  1.37232e-02
 7.32100e-03  1.38291e-02
 7.28336e-03  1.36825e-02

 8.31302e-03  1.42350e-02
 7.86342e-03  1.36233e-02
 8.00204e-03  1.36841e-02
 7.88007e-03  1.37738e-02
 7.86342e-03  1.36233e-02

 8.80156e-03  1.42350e-02
 8.45133e-03  1.35910e-02
 8.58045e-03  1.36700e-02
 8.44747e-03  1.37423e-02
 8.45133e-03  1.35910e-02

 9.29010e-03  1.42350e-02
 9.03545e-03  1.35913e-02
 9.15405e-03  1.36854e-02
 9.01330e-03  1.37411e-02
 9.03545e-03  1.35913e-02

 9.77865e-03  1.42350e-02
 9.62388e-03  1.36348e-02
 9.72990e-03  1.37428e-02
 9.58332e-03  1.37806e-02
 9.62388e-03  1.36348e-02

 1.02672e-02  1.42350e-02
 1.01818e-02  1.37273e-02
 1.02782e-02  1.38440e-02
 1.01289e-02  1.38691e-02
 1.01818e-02  1.37273e-02

 1.07557e-02  1.42350e-02
 1.07557e-02  1.38871e-02
 1.08314e-02  1.40182e-02
 1.06800e-02  1.40182e-02
 1.07557e-02  1.38871e-02

 3.94635e-03  1.48050e-02
 3.31828e-03  1.51476e-02
 3.39711e-03  1.50184e-02
 3.46960e-03  1.51513e-02
 3.31828e-03  1.51476e-02

 4.43281e-03  1.48050e-02
 3.77790e-03  1.50164e-02
 3.87940e-03  1.49041e-02
 3.92590e-03  1.50482e-02
 3.77790e-03  1.50164e-02

 4.91927e-03  1.48050e-02
 4.25278e-03  1.48807e-02
 4.37449e-03  1.47907e-02
 4.39157e-03  1.49411e-02
 4.25278e-03  1.48807e-02

 5.40573e-03  1.48050e-02
 4.74286e-03  1.47433e-02
 4.88040e-03  1.46801e-02
 4.86638e-03  1.48308e-02
 4.74286e-03  1.47433e-02

 5.89219e-03  1.48050e-02
 5.24791e-03  1.46075e-02
 5.39542e-03  1.45736e-02
 5.35106e-03  1.47183e-02
 5.24791e-03  1.46075e-02

 6.37865e-03  1.48050e-02
 5.76715e-03  1.44767e-02
 5.91844e-03  1.44720e-02
 5.84684e-03  1.46054e-02
 5.76715e-03  1.44767e-02

 6.86510e-03  1.48050e-02
 6.29972e-03  1.43548e-02
 6.44941e-03  1.43773e-02
 6.35513e-03  1.44957e-02
 6.29972e-03  1.43548e-02

 7.35156e-03  1.48050e-02
 6.84387e-03  1.42463e-02
 6.98804e-03  1.42924e-02
 6.87601e-03  1.43942e-02
 6.84387e-03  1.42463e-02

 7.83802e-03  1.48050e-02
 7.39834e-03  1.41561e-02
 7.53453e-03  1.42222e-02
 7.40922e-03  1.43071e-02
 7.39834e-03  1.41561e-02

 8.32448e-03  1.48050e-02
 7.95937e-03  1.40899e-02
 8.08638e-03  1.41722e-02
 7.95157e-03  1.42410e-02
 7.95937e-03  1.40899e-02

 8.81094e-03  1.48050e-02
 8.52652e-03  1.40549e-02
 8.64376e-03  1.41506e-02
 8.50223e-03  1.42043e-02
 8.52652e-03  1.40549e-02

 9.29740e-03  1.48050e-02
 9.09043e-03  1.40578e-02
 9.19836e-03  1.41639e-02
 9.05249e-03  1.42043e-02
 9.09043e-03  1.40578e-02

 9.78385e-03  1.48050e-02
 9.65786e-03  1.41108e-02
 9.75573e-03  1.42262e-02
 9.60680e-03  1.42533e-02
 9.65786e-03  1.41108e-02

 1.02703e-02  1.48050e-02
 1.02005e-02  1.42197e-02
 1.02911e-02  1.43409e-02
 1.01408e-02  1.43589e-02
 1.02005e-02  1.42197e-02

 1.07568e-02  1.48050e-02
 1.07568e-02  1.44055e-02
 1.08325e-02  1.45366e-02
 1.06811e-02  1.45366e-02
 1.07568e-02  1.44055e-02

 3.97656e-03  1.53750e-02
 3.51399e-03  1.57445e-02
 3.56918e-03  1.56035e-02
 3.66364e-03  1.57218e-02
 3.51399e-03  1.57445e-02

 4.46094e-03  1.53750e-02
 3.97979e-03  1.55978e-02
 4.06694e-03  1.54740e-02
 4.13054e-03  1.56114e-02
 3.97979e-03  1.55978e-02

 4.94531e-03  1.53750e-02
 4.45684e-03  1.54465e-02
 4.57557e-03  1.53527e-02
 4.59751e-03  1.55024e-02
 4.45684e-03  1.54465e-02

 5.42969e-03  1.53750e-02
 4.94500e-03  1.52941e-02
 5.08676e-03  1.52410e-02
 5.06183e-03  1.53903e-02
 4.94500e-03  1.52941e-02

 5.91406e-03  1.53750e-02
 5.44396e-03  1.51439e-02
 5.59499e-03  1.51338e-02
 5.52821e-03  1.52697e-02
 5.44396e-03  1.51439e-02

 6.39844e-03  1.53750e-02
 5.95307e-03  1.49998e-02
 6.10209e-03  1.50264e-02
 6.00456e-03  1.51421e-02
 5.95307e-03  1.49998e-02

 6.88281e-03  1.53750e-02
 6.47162e-03  1.48661e-02
 6.61287e-03  1.49205e-02
 6.49513e-03  1.50156e-02
 6.47162e-03  1.48661e-02

 7.36719e-03  1.53750e-02
 6.99828e-03  1.47474e-02
 7.12996e-03  1.48220e-02
 6.99946e-03  1.48987e-02
 6.99828e-03  1.47474e-02

 7.85156e-03  1.53750e-02
 7.53216e-03  1.46493e-02
 7.65424e-03  1.47388e-02
 7.51569e-03  1.47998e-02
 7.53216e-03  1.46493e-02

 8.33594e-03  1.53750e-02
 8.07055e-03  1.45778e-02
 8.18376e-03  1.46783e-02
 8.04014e-03  1.47261e-02
 8.07055e-03  1.45778e-02

 8.82031e-03  1.53750e-02
 8.61326e-03  1.45410e-02
 8.71830e-03  1.46500e-02
 8.57139e-03  1.46865e-02
 8.61326e-03  1.45410e-02

 9.30469e-03  1.53750e-02
 9.15361e-03  1.45460e-02
 9.25157e-03  1.46614e-02
 9.10265e-03  1.46886e-02
 9.15361e-03  1.45460e-02

 9.78906e-03  1.53750e-02
 9.69672e-03  1.46063e-02
 9.78750e-03  1.47274e-02
 9.63721e-03  1.47455e-02
 9.69672e-03  1.46063e-02

 1.02734e-02  1.53750e-02
 1.02219e-02  1.47277e-02
 1.03078e-02  1.48524e-02
 1.01569e-02  1.48644e-02
 1.02219e-02  1.47277e-02

 1.07578e-02  1.53750e-02
 1.07578e-02  1.49337e-02
 1.08335e-02  1.50648e-02
 1.06821e-02  1.50648e-02
 1.07578e-02  1.49337e-02

 4.00677e-03  1.59450e-02
 3.73237e-03  1.63271e-02
 3.74736e-03  1.61765e-02
 3.87031e-03  1.62648e-02
 3.73237e-03  1.63271e-02

 4.48906e-03  1.59450e-02
 4.20462e-03  1.61701e-02
 4.26044e-03  1.60294e-02
 4.35438e-03  1.61481e-02
 4.20462e-03  1.61701e-02

 4.97135e-03  1.59450e-02
 4.68363e-03  1.60089e-02
 4.79520e-03  1.59066e-02
 4.82800e-03  1.60543e-02
 4.68363e-03  1.60089e-02

 5.45365e-03  1.59450e-02
 5.16918e-03  1.58468e-02
 5.31779e-03  1.58180e-02
 5.26840e-03  1.59611e-02
 5.16918e-03  1.58468e-02

 5.93594e-03  1.59450e-02
 5.66098e-03  1.56877e-02
 5.80841e-03  1.57220e-02
 5.70498e-03  1.58325e-02
 5.66098e-03  1.56877e-02

 6.41823e-03  1.59450e-02
 6.15851e-03  1.55355e-02
 6.29264e-03  1.56057e-02
 6.16481e-03  1.56868e-02
 6.15851e-03  1.55355e-02

 6.90052e-03  1.59450e-02
 6.66126e-03  1.53948e-02
 6.78294e-03  1.54848e-02
 6.64413e-03  1.55452e-02
 6.66126e-03  1.53948e-02

 7.38281e-03  1.59450e-02
 7.16842e-03  1.52702e-02
 7.28025e-03  1.53723e-02
 7.13599e-03  1.54181e-02
 7.16842e-03  1.52702e-02

 7.86510e-03  1.59450e-02
 7.67945e-03  1.51678e-02
 7.78352e-03  1.52777e-02
 7.63629e-03  1.53129e-02
 7.67945e-03  1.51678e-02

 8.34740e-03  1.59450e-02
 8.19287e-03  1.50936e-02
 8.29074e-03  1.52090e-02
 8.14181e-03  1.52361e-02
 8.19287e-03  1.50936e-02

 8.82969e-03  1.59450e-02
 8.70868e-03  1.50560e-02
 8.80135e-03  1.51757e-02
 8.65137e-03  1.51961e-02
 8.70868e-03  1.50560e-02

 9.31198e-03  1.59450e-02
 9.22316e-03  1.50625e-02
 9.31159e-03  1.51854e-02
 9.16098e-03  1.52005e-02
 9.22316e-03  1.50625e-02

 9.79427e-03  1.59450e-02
 9.73952e-03  1.51275e-02
 9.82379e-03  1.52533e-02
 9.67277e-03  1.52634e-02
 9.73952e-03  1.51275e-02

 1.02766e-02  1.59450e-02
 1.02457e-02  1.52568e-02
 1.03272e-02  1.53844e-02
 1.01759e-02  1.53912e-02
 1.02457e-02  1.52568e-02

 1.07589e-02  1.59450e-02
 1.07589e-02  1.54758e-02
 1.08345e-02  1.56069e-02
 1.06832e-02  1.56069e-02
 1.07589e-02  1.54758e-02

 4.03698e-03  1.65150e-02
 3.96298e-03  1.68969e-02
 3.91362e-03  1.67538e-02
 4.06222e-03  1.67826e-02
 3.96298e-03  1.68969e-02

 4.51719e-03  1.65150e-02
 4.44160e-03  1.67350e-02
 4.41262e-03  1.65864e-02
 4.55577e-03  1.66356e-02
 4.44160e-03  1.67350e-02

 4.99740e-03  1.65150e-02
 4.92228e-03  1.65692e-02
 4.98433e-03  1.64311e-02
 5.07288e-03  1.65539e-02
 4.92228e-03  1.65692e-02

 5.47760e-03  1.65150e-02
 5.40478e-03  1.64030e-02
 5.53970e-03  1.64717e-02
 5.41282e-03  1.65542e-02
 5.40478e-03  1.64030e-02

 5.95781e-03  1.65150e-02
 5.88881e-03  1.62404e-02
 5.99416e-03  1.63491e-02
 5.84736e-03  1.63860e-02
 5.88881e-03  1.62404e-02

 6.43802e-03  1.65150e-02
 6.37404e-03  1.60854e-02
 6.46821e-03  1.62039e-02
 6.31849e-03  1.62262e-02
 6.37404e-03  1.60854e-02

 6.91823e-03  1.65150e-02
 6.86018e-03  1.59423e-02
 6.94869e-03  1.60651e-02
 6.79810e-03  1.60804e-02
 6.86018e-03  1.59423e-02

 7.39844e-03  1.65150e-02
 7.34692e-03  1.58161e-02
 7.43204e-03  1.59413e-02
 7.28108e-03  1.59524e-02
 7.34692e-03  1.58161e-02

 7.87865e-03  1.65150e-02
 7.83413e-03  1.57126e-02
 7.91696e-03  1.58393e-02
 7.76583e-03  1.58477e-02
 7.83413e-03  1.57126e-02

 8.35885e-03  1.65150e-02
 8.32155e-03  1.56378e-02
 8.40273e-03  1.57656e-02
 8.25150e-03  1.57720e-02
 8.32155e-03  1.56378e-02

 8.83906e-03  1.65150e-02
 8.80933e-03  1.56005e-02
 8.88923e-03  1.57291e-02
 8.73794e-03  1.57340e-02
 8.80933e-03  1.56005e-02

 9.31927e-03  1.65150e-02
 9.29682e-03  1.56079e-02
 9.37572e-03  1.57370e-02
 9.22440e-03  1.57408e-02
 9.29682e-03  1.56079e-02

 9.79948e-03  1.65150e-02
 9.78508e-03  1.56750e-02
 9.86300e-03  1.58048e-02
 9.71165e-03  1.58074e-02
 9.78508e-03  1.56750e-02

 1.02797e-02  1.65150e-02
 1.02712e-02  1.58074e-02
 1.03484e-02  1.59376e-02
 1.01971e-02  1.59394e-02
 1.02712e-02  1.58074e-02

 1.07599e-02  1.65150e-02
 1.07599e-02  1.60319e-02
 1.08356e-02  1.61630e-02
 1.06842e-02  1.61630e-02
 1.07599e-02  1.60319e-02

 4.06719e-03  1.70850e-02
 4.19673e-03  1.74535e-02
 4.08185e-03  1.73549e-02
 4.22465e-03  1.73047e-02
 4.19673e-03  1.74535e-02

 4.54531e-03  1.70850e-02
 4.68136e-03  1.72923e-02
 4.54616e-03  1.72242e-02
 4.67270e-03  1.71411e-02
 4.68136e-03  1.72923e-02

 5.02344e-03  1.70850e-02
 5.16341e-03  1.71276e-02
 5.01597e-03  1.71618e-02
 5.06005e-03  1.70170e-02
 5.16341e-03  1.71276e-02

 5.50156e-03  1.70850e-02
 5.64258e-03  1.69631e-02
 5.59288e-03  1.71061e-02
 5.49391e-03  1.69916e-02
 5.64258e-03  1.69631e-02

 5.97969e-03  1.70850e-02
 6.11863e-03  1.68026e-02
 6.12867e-03  1.69536e-02
 5.99285e-03  1.68868e-02
 6.11863e-03  1.68026e-02

 6.45781e-03  1.70850e-02
 6.59141e-03  1.66499e-02
 6.62528e-03  1.67975e-02
 6.48058e-03  1.67530e-02
 6.59141e-03  1.66499e-02

 6.93594e-03  1.70850e-02
 7.06085e-03  1.65095e-02
 7.10700e-03  1.66537e-02
 6.95908e-03  1.66216e-02
 7.06085e-03  1.65095e-02

 7.41406e-03  1.70850e-02
 7.52718e-03  1.63859e-02
 7.58095e-03  1.65274e-02
 7.43153e-03  1.65032e-02
 7.52718e-03  1.63859e-02

 7.89219e-03  1.70850e-02
 7.99061e-03  1.62848e-02
 8.04972e-03  1.64241e-02
 7.89949e-03  1.64057e-02
 7.99061e-03  1.62848e-02

 8.37031e-03  1.70850e-02
 8.45207e-03  1.62119e-02
 8.51520e-03  1.63495e-02
 8.36450e-03  1.63354e-02
 8.45207e-03  1.62119e-02

 8.84844e-03  1.70850e-02
 8.91180e-03  1.61759e-02
 8.97819e-03  1.63119e-02
 8.82719e-03  1.63014e-02
 8.91180e-03  1.61759e-02

 9.32656e-03  1.70850e-02
 9.37220e-03  1.61838e-02
 9.44116e-03  1.63185e-02
 9.28999e-03  1.63109e-02
 9.37220e-03  1.61838e-02

 9.80469e-03  1.70850e-02
 9.83199e-03  1.62504e-02
 9.90334e-03  1.63839e-02
 9.75206e-03  1.63789e-02
 9.83199e-03  1.62504e-02

 1.02828e-02  1.70850e-02
 1.02976e-02  1.63812e-02
 1.03705e-02  1.65139e-02
 1.02192e-02  1.65107e-02
 1.02976e-02  1.63812e-02

 1.07609e-02  1.70850e-02
 1.07609e-02  1.66035e-02
 1.08366e-02  1.67346e-02
 1.06853e-02  1.67346e-02
 1.07609e-02  1.66035e-02

 4.09740e-03  1.76550e-02
 4.42423e-03  1.79980e-02
 4.27901e-03  1.79553e-02
 4.38860e-03  1.78509e-02
 4.42423e-03  1.79980e-02

 4.57344e-03  1.76550e-02
 4.91419e-03  1.78430e-02
 4.76285e-03  1.78459e-02
 4.83597e-03  1.77134e-02
 4.91419e-03  1.78430e-02

 5.04948e-03  1.76550e-02
 5.39715e-03  1.76851e-02
 5.26002e-03  1.77492e-02
 5.27308e-03  1.75984e-02
 5.39715e-03  1.76851e-02

 5.52552e-03  1.76550e-02
 5.87277e-03  1.75278e-02
 5.77571e-03  1.76440e-02
 5.72365e-03  1.75018e-02
 5.87277e-03  1.75278e-02

 6.00156e-03  1.76550e-02
 6.34089e-03  1.73748e-02
 6.28801e-03  1.75166e-02
 6.19162e-03  1.73999e-02
 6.34089e-03  1.73748e-02

 6.47760e-03  1.76550e-02
 6.80154e-03  1.72296e-02
 6.78234e-03  1.73797e-02
 6.66191e-03  1.72880e-02
 6.80154e-03  1.72296e-02

 6.95365e-03  1.76550e-02
 7.25489e-03  1.70964e-02
 7.25928e-03  1.72477e-02
 7.12605e-03  1.71759e-02
 7.25489e-03  1.70964e-02

 7.42969e-03  1.76550e-02
 7.70163e-03  1.69795e-02
 7.72288e-03  1.71294e-02
 7.58247e-03  1.70728e-02
 7.70163e-03  1.69795e-02

 7.90573e-03  1.76550e-02
 8.14232e-03  1.68841e-02
 8.17621e-03  1.70316e-02
 8.03150e-03  1.69872e-02
 8.14232e-03  1.68841e-02

 8.38177e-03  1.76550e-02
 8.57896e-03  1.68156e-02
 8.62266e-03  1.69605e-02
 8.47531e-03  1.69259e-02
 8.57896e-03  1.68156e-02

 8.85781e-03  1.76550e-02
 9.01184e-03  1.67820e-02
 9.06359e-03  1.69242e-02
 8.91453e-03  1.68979e-02
 9.01184e-03  1.67820e-02

 9.33385e-03  1.76550e-02
 9.44619e-03  1.67900e-02
 9.50436e-03  1.69298e-02
 9.35426e-03  1.69103e-02
 9.44619e-03  1.67900e-02

 9.80990e-03  1.76550e-02
 9.87837e-03  1.68538e-02
 9.94261e-03  1.69909e-02
 9.79180e-03  1.69780e-02
 9.87837e-03  1.68538e-02

 1.02859e-02  1.76550e-02
 1.03240e-02  1.69787e-02
 1.03922e-02  1.71139e-02
 1.02411e-02  1.71054e-02
 1.03240e-02  1.69787e-02

 1.07620e-02  1.76550e-02
 1.07620e-02  1.71911e-02
 1.08377e-02  1.73222e-02
 1.06863e-02  1.73222e-02
 1.07620e-02  1.71911e-02

 4.12760e-03  1.82250e-02
 4.63661e-03  1.85318e-02
 4.48527e-03  1.85289e-02
 4.56340e-03  1.83993e-02
 4.63661e-03  1.85318e-02

 4.60156e-03  1.82250e-02
 5.13077e-03  1.83880e-02
 4.98321e-03  1.84217e-02
 5.02777e-03  1.82771e-02
 5.13077e-03  1.83880e-02

 5.07552e-03  1.82250e-02
 5.61396e-03  1.82420e-02
 5.48055e-03  1.83135e-02
 5.48532e-03  1.81622e-02
 5.61396e-03  1.82420e-02

 5.54948e-03  1.82250e-02
 6.08579e-03  1.80969e-02
 5.97587e-03  1.82010e-02
 5.94071e-03  1.80538e-02
 6.08579e-03  1.80969e-02

 6.02344e-03  1.82250e-02
 6.54620e-03  1.79562e-02
 6.46422e-03  1.80835e-02
 6.39501e-03  1.79489e-02
 6.54620e-03  1.79562e-02

 6.49740e-03  1.82250e-02
 6.99540e-03  1.78232e-02
 6.94090e-03  1.79644e-02
 6.84585e-03  1.78466e-02
 6.99540e-03  1.78232e-02

 6.97135e-03  1.82250e-02
 7.43377e-03  1.77015e-02
 7.40370e-03  1.78499e-02
 7.29026e-03  1.77497e-02
 7.43377e-03  1.77015e-02

 7.44531e-03  1.82250e-02
 7.86246e-03  1.75950e-02
 7.85319e-03  1.77461e-02
 7.72698e-03  1.76625e-02
 7.86246e-03  1.75950e-02

 7.91927e-03  1.82250e-02
 8.28229e-03  1.75083e-02
 8.29057e-03  1.76595e-02
 8.15554e-03  1.75911e-02
 8.28229e-03  1.75083e-02

 8.39323e-03  1.82250e-02
 8.69628e-03  1.74464e-02
 8.71926e-03  1.75960e-02
 8.57820e-03  1.75411e-02
 8.69628e-03  1.74464e-02

 8.86719e-03  1.82250e-02
 9.10463e-03  1.74164e-02
 9.14031e-03  1.75635e-02
 8.99508e-03  1.75209e-02
 9.10463e-03  1.74164e-02

 9.34115e-03  1.82250e-02
 9.51515e-03  1.74244e-02
 9.56126e-03  1.75686e-02
 9.41335e-03  1.75364e-02
 9.51515e-03  1.74244e-02

 9.81510e-03  1.82250e-02
 9.92189e-03  1.74835e-02
 9.97812e-03  1.76240e-02
 9.82830e-03  1.76025e-02
 9.92189e-03  1.74835e-02

 1.02891e-02  1.82250e-02
 1.03489e-02  1.75986e-02
 1.04118e-02  1.77363e-02
 1.02611e-02  1.77219e-02
 1.03489e-02  1.75986e-02

 1.07630e-02  1.82250e-02
 1.07630e-02  1.77940e-02
 1.08387e-02  1.79251e-02
 1.06873e-02  1.79251e-02
 1.07630e-02  1.77940e-02

 4.15781e-03  1.87950e-02
 4.82372e-03  1.90569e-02
 4.67403e-03  1.90794e-02
 4.72943e-03  1.89385e-02
 4.82372e-03  1.90569e-02

 4.62969e-03  1.87950e-02
 5.32056e-03  1.89291e-02
 5.17746e-03  1.89784e-02
 5.20630e-03  1.88298e-02
 5.32056e-03  1.89291e-02

 5.10156e-03  1.87950e-02
 5.80306e-03  1.87997e-02
 5.67147e-03  1.88745e-02
 5.67248e-03  1.87231e-02
 5.80306e-03  1.87997e-02

 5.57344e-03  1.87950e-02
 6.27084e-03  1.86716e-02
 6.15494e-03  1.87690e-02
 6.12857e-03  1.86199e-02
 6.27084e-03  1.86716e-02

 6.04531e-03  1.87950e-02
 6.72392e-03  1.85477e-02
 6.62667e-03  1.86637e-02
 6.57484e-03  1.85215e-02
 6.72392e-03  1.85477e-02

 6.51719e-03  1.87950e-02
 7.16272e-03  1.84310e-02
 7.08571e-03  1.85613e-02
 7.01136e-03  1.84295e-02
 7.16272e-03  1.84310e-02

 6.98906e-03  1.87950e-02
 7.58783e-03  1.83246e-02
 7.53151e-03  1.84651e-02
 7.43800e-03  1.83460e-02
 7.58783e-03  1.83246e-02

 7.46094e-03  1.87950e-02
 8.00079e-03  1.82317e-02
 7.96473e-03  1.83787e-02
 7.85544e-03  1.82740e-02
 8.00079e-03  1.82317e-02

 7.93281e-03  1.87950e-02
 8.40266e-03  1.81564e-02
 8.38594e-03  1.83069e-02
 8.26401e-03  1.82172e-02
 8.40266e-03  1.81564e-02

 8.40469e-03  1.87950e-02
 8.79725e-03  1.81030e-02
 8.79840e-03  1.82543e-02
 8.66674e-03  1.81796e-02
 8.79725e-03  1.81030e-02

 8.87656e-03  1.87950e-02
 9.18470e-03  1.80775e-02
 9.20251e-03  1.82278e-02
 9.06343e-03  1.81681e-02
 9.18470e-03  1.80775e-02

 9.34844e-03  1.87950e-02
 9.57491e-03  1.80856e-02
 9.60715e-03  1.82335e-02
 9.46295e-03  1.81874e-02
 9.57491e-03  1.80856e-02

 9.82031e-03  1.87950e-02
 9.95993e-03  1.81383e-02
 1.00067e-02  1.82822e-02
 9.85864e-03  1.82508e-02
 9.95993e-03  1.81383e-02

 1.02922e-02  1.87950e-02
 1.03709e-02  1.82405e-02
 1.04274e-02  1.83809e-02
 1.02776e-02  1.83596e-02
 1.03709e-02  1.82405e-02

 1.07641e-02  1.87950e-02
 1.07641e-02  1.84121e-02
 1.08397e-02  1.85432e-02
 1.06884e-02  1.85432e-02
 1.07641e-02  1.84121e-02

 4.18802e-03  1.93650e-02
 4.97619e-03  1.95761e-02
 4.82998e-03  1.96153e-02
 4.86914e-03  1.94691e-02
 4.97619e-03  1.95761e-02

 4.65781e-03  1.93650e-02
 5.47376e-03  1.94677e-02
 5.33424e-03  1.95264e-02
 5.35314e-03  1.93762e-02
 5.47376e-03  1.94677e-02

 5.12760e-03  1.93650e-02
 5.95437e-03  1.93583e-02
 5.82390e-03  1.94351e-02
 5.82267e-03  1.92837e-02
 5.95437e-03  1.93583e-02

 5.59740e-03  1.93650e-02
 6.41773e-03  1.92504e-02
 6.29837e-03  1.93435e-02
 6.27743e-03  1.91936e-02
 6.41773e-03  1.92504e-02

 6.06719e-03  1.93650e-02
 6.86398e-03  1.91465e-02
 6.75757e-03  1.92542e-02
 6.71755e-03  1.91082e-02
 6.86398e-03  1.91465e-02

 6.53698e-03  1.93650e-02
 7.29377e-03  1.90490e-02
 7.20197e-03  1.91693e-02
 7.14364e-03  1.90297e-02
 7.29377e-03  1.90490e-02

 7.00677e-03  1.93650e-02
 7.70783e-03  1.89604e-02
 7.63213e-03  1.90914e-02
 7.55646e-03  1.89603e-02
 7.70783e-03  1.89604e-02

 7.47656e-03  1.93650e-02
 8.10803e-03  1.88834e-02
 8.04970e-03  1.90230e-02
 7.95790e-03  1.89027e-02
 8.10803e-03  1.88834e-02

 7.94635e-03  1.93650e-02
 8.49564e-03  1.88212e-02
 8.45573e-03  1.89672e-02
 8.34924e-03  1.88597e-02
 8.49564e-03  1.88212e-02

 8.41615e-03  1.93650e-02
 8.87507e-03  1.87775e-02
 8.85401e-03  1.89274e-02
 8.73473e-03  1.88342e-02
 8.87507e-03  1.87775e-02

 8.88594e-03  1.93650e-02
 9.24640e-03  1.87573e-02
 9.24461e-03  1.89086e-02
 9.11443e-03  1.88314e-02
 9.24640e-03  1.87573e-02

 9.35573e-03  1.93650e-02
 9.62099e-03  1.87653e-02
 9.63718e-03  1.89158e-02
 9.49875e-03  1.88546e-02
 9.62099e-03  1.87653e-02

 9.82552e-03  1.93650e-02
 9.98945e-03  1.88104e-02
 1.00249e-02  1.89576e-02
 9.87971e-03  1.89147e-02
 9.98945e-03  1.88104e-02

 1.02953e-02  1.93650e-02
 1.03880e-02  1.88974e-02
 1.04368e-02  1.90407e-02
 1.02883e-02  1.90112e-02
 1.03880e-02  1.88974e-02

 1.07651e-02  1.93650e-02
 1.07651e-02  1.90406e-02
 1.08408e-02  1.91717e-02
 1.06894e-02  1.91717e-02
 1.07651e-02  1.90406e-02

 4.21823e-03  1.99350e-02
 5.08102e-03  2.00928e-02
 4.93846e-03  2.01436e-02
 4.96569e-03  1.99947e-02
 5.08102e-03  2.00928e-02

 4.68594e-03  1.99350e-02
 5.57696e-03  2.00071e-02
 5.44019e-03  2.00720e-02
 5.45240e-03  1.99211e-02
 5.57696e-03  2.00071e-02

 5.15365e-03  1.99350e-02
 6.05451e-03  1.99210e-02
 5.92461e-03  1.99987e-02
 5.92226e-03  1.98474e-02
 6.05451e-03  1.99210e-02

 5.62135e-03  1.99350e-02
 6.51336e-03  1.98364e-02
 6.39138e-03  1.99261e-02
 6.37475e-03  1.97756e-02
 6.51336e-03  1.98364e-02

 6.08906e-03  1.99350e-02
 6.95382e-03  1.97553e-02
 6.84088e-03  1.98560e-02
 6.81008e-03  1.97078e-02
 6.95382e-03  1.97553e-02

 6.55677e-03  1.99350e-02
 7.37657e-03  1.96794e-02
 7.27396e-03  1.97907e-02
 7.22890e-03  1.96461e-02
 7.37657e-03  1.96794e-02

 7.02448e-03  1.99350e-02
 7.78275e-03  1.96107e-02
 7.69199e-03  1.97318e-02
 7.63246e-03  1.95927e-02
 7.78275e-03  1.96107e-02

 7.49219e-03  1.99350e-02
 8.17425e-03  1.95513e-02
 8.09711e-03  1.96815e-02
 8.02289e-03  1.95496e-02
 8.17425e-03  1.95513e-02

 7.95990e-03  1.99350e-02
 8.55257e-03  1.95036e-02
 8.49113e-03  1.96419e-02
 8.40205e-03  1.95196e-02
 8.55257e-03  1.95036e-02

 8.42760e-03  1.99350e-02
 8.92242e-03  1.94705e-02
 8.87865e-03  1.96154e-02
 8.77505e-03  1.95050e-02
 8.92242e-03  1.94705e-02

 8.89531e-03  1.99350e-02
 9.28388e-03  1.94557e-02
 9.26011e-03  1.96052e-02
 9.14253e-03  1.95099e-02
 9.28388e-03  1.94557e-02

 9.36302e-03  1.99350e-02
 9.64907e-03  1.94635e-02
 9.64579e-03  1.96148e-02
 9.51638e-03  1.95363e-02
 9.64907e-03  1.94635e-02

 9.83073e-03  1.99350e-02
 1.00078e-02  1.94999e-02
 1.00285e-02  1.96499e-02
 9.88826e-03  1.95928e-02
 1.00078e-02  1.94999e-02

 1.02984e-02  1.99350e-02
 1.03989e-02  1.95700e-02
 1.04371e-02  1.97164e-02
 1.02911e-02  1.96763e-02
 1.03989e-02  1.95700e-02

 1.07661e-02  1.99350e-02
 1.07661e-02  1.96807e-02
 1.08418e-02  1.98118e-02
 1.06905e-02  1.98118e-02
 1.07661e-02  1.96807e-02

 4.24844e-03  2.05050e-02
 5.12924e-03  2.06109e-02
 4.99006e-03  2.06704e-02
 5.00812e-03  2.05201e-02
 5.12924e-03  2.06109e-02

 4.71406e-03  2.05050e-02
 5.62113e-03  2.05479e-02
 5.48661e-03  2.06173e-02
 5.49376e-03  2.04661e-02
 5.62113e-03  2.05479e-02

 5.17969e-03  2.05050e-02
 6.09425e-03  2.04849e-02
 5.96485e-03  2.05635e-02
 5.96153e-03  2.04121e-02
 6.09425e-03  2.04849e-02

 5.64531e-03  2.05050e-02
 6.54852e-03  2.04234e-02
 6.42478e-03  2.05106e-02
 6.41115e-03  2.03598e-02
 6.54852e-03  2.04234e-02

 6.11094e-03  2.05050e-02
 6.98440e-03  2.03646e-02
 6.86699e-03  2.04601e-02
 6.84296e-03  2.03107e-02
 6.98440e-03  2.03646e-02

 6.57656e-03  2.05050e-02
 7.40280e-03  2.03099e-02
 7.29261e-03  2.04137e-02
 7.25783e-03  2.02664e-02
 7.40280e-03  2.03099e-02

 7.04219e-03  2.05050e-02
 7.80462e-03  2.02606e-02
 7.70289e-03  2.03727e-02
 7.65669e-03  2.02286e-02
 7.80462e-03  2.02606e-02

 7.50781e-03  2.05050e-02
 8.19214e-03  2.02182e-02
 8.10050e-03  2.03387e-02
 8.04199e-03  2.01991e-02
 8.19214e-03  2.02182e-02

 7.97344e-03  2.05050e-02
 8.56680e-03  2.01844e-02
 8.48745e-03  2.03133e-02
 8.41550e-03  2.01801e-02
 8.56680e-03  2.01844e-02

 8.43906e-03  2.05050e-02
 8.93337e-03  2.01613e-02
 8.86895e-03  2.02983e-02
 8.78254e-03  2.01740e-02
 8.93337e-03  2.01613e-02

 8.90469e-03  2.05050e-02
 9.29199e-03  2.01516e-02
 9.24616e-03  2.02959e-02
 9.14414e-03  2.01841e-02
 9.29199e-03  2.01516e-02

 9.37031e-03  2.05050e-02
 9.65475e-03  2.01587e-02
 9.63004e-03  2.03080e-02
 9.51307e-03  2.02119e-02
 9.65475e-03  2.01587e-02

 9.83594e-03  2.05050e-02
 1.00116e-02  2.01861e-02
 1.00146e-02  2.03375e-02
 9.88203e-03  2.02644e-02
 1.00116e-02  2.01861e-02

 1.03016e-02  2.05050e-02
 1.04009e-02  2.02390e-02
 1.04259e-02  2.03883e-02
 1.02841e-02  2.03354e-02
 1.04009e-02  2.02390e-02

 1.07672e-02  2.05050e-02
 1.07672e-02  2.03175e-02
 1.08429e-02  2.04486e-02
 1.06915e-02  2.04486e-02
 1.07672e-02  2.03175e-02

 4.27865e-03  2.10750e-02
 5.10087e-03  2.11349e-02
 4.96463e-03  2.12008e-02
 4.97562e-03  2.10498e-02
 5.10087e-03  2.11349e-02

 4.74219e-03  2.10750e-02
 5.58636e-03  2.10966e-02
 5.45338e-03  2.11689e-02
 5.45725e-03  2.10176e-02
 5.58636e-03  2.10966e-02

 5.20573e-03  2.10750e-02
 6.05452e-03  2.10585e-02
 5.92493e-03  2.11367e-02
 5.92198e-03  2.09854e-02
 6.05452e-03  2.10585e-02

 5.66927e-03  2.10750e-02
 6.50535e-03  2.10214e-02
 6.37937e-03  2.11053e-02
 6.36969e-03  2.09543e-02
 6.50535e-03  2.10214e-02

 6.13281e-03  2.10750e-02
 6.93930e-03  2.09862e-02
 6.81728e-03  2.10757e-02
 6.80071e-03  2.09253e-02
 6.93930e-03  2.09862e-02

 6.59635e-03  2.10750e-02
 7.35728e-03  2.09535e-02
 7.23976e-03  2.10489e-02
 7.21589e-03  2.08994e-02
 7.35728e-03  2.09535e-02

 7.05990e-03  2.10750e-02
 7.76041e-03  2.09241e-02
 7.64820e-03  2.10257e-02
 7.61633e-03  2.08778e-02
 7.76041e-03  2.09241e-02

 7.52344e-03  2.10750e-02
 8.15069e-03  2.08990e-02
 8.04493e-03  2.10073e-02
 8.00403e-03  2.08615e-02
 8.15069e-03  2.08990e-02

 7.98698e-03  2.10750e-02
 8.52952e-03  2.08790e-02
 8.43194e-03  2.09948e-02
 8.38052e-03  2.08524e-02
 8.52952e-03  2.08790e-02

 8.45052e-03  2.10750e-02
 8.90135e-03  2.08657e-02
 8.81433e-03  2.09895e-02
 8.75058e-03  2.08522e-02
 8.90135e-03  2.08657e-02

 8.91406e-03  2.10750e-02
 9.26629e-03  2.08604e-02
 9.19371e-03  2.09933e-02
 9.11496e-03  2.08640e-02
 9.26629e-03  2.08604e-02

 9.37760e-03  2.10750e-02
 9.63562e-03  2.08658e-02
 9.58145e-03  2.10072e-02
 9.48613e-03  2.08896e-02
 9.63562e-03  2.08658e-02

 9.84115e-03  2.10750e-02
 9.99997e-03  2.08834e-02
 9.97456e-03  2.10327e-02
 9.85804e-03  2.09360e-02
 9.99997e-03  2.08834e-02

 1.03047e-02  2.10750e-02
 1.03948e-02  2.09182e-02
 1.03951e-02  2.10696e-02
 1.02639e-02  2.09942e-02
 1.03948e-02  2.09182e-02

 1.07682e-02  2.10750e-02
 1.07682e-02  2.09635e-02
 1.08439e-02  2.10946e-02
 1.06925e-02  2.10946e-02
 1.07682e-02  2.09635e-02

 4.30885e-03  2.16450e-02
 4.99346e-03  2.16676e-02
 4.85994e-03  2.17389e-02
 4.86494e-03  2.15877e-02
 4.99346e-03  2.16676e-02

 4.77031e-03  2.16450e-02
 5.47056e-03  2.16469e-02
 5.33927e-03  2.17222e-02
 5.33968e-03  2.15709e-02
 5.47056e-03  2.16469e-02

 5.23177e-03  2.16450e-02
 5.93333e-03  2.16264e-02
 5.80429e-03  2.17055e-02
 5.80028e-03  2.15542e-02
 5.93333e-03  2.16264e-02

 5.69323e-03  2.16450e-02
 6.38188e-03  2.16066e-02
 6.25521e-03  2.16894e-02
 6.24678e-03  2.15383e-02
 6.38188e-03  2.16066e-02

 6.15469e-03  2.16450e-02
 6.81672e-03  2.15878e-02
 6.69263e-03  2.16745e-02
 6.67961e-03  2.15237e-02
 6.81672e-03  2.15878e-02

 6.61615e-03  2.16450e-02
 7.23870e-03  2.15706e-02
 7.11752e-03  2.16613e-02
 7.09956e-03  2.15110e-02
 7.23870e-03  2.15706e-02

 7.07760e-03  2.16450e-02
 7.64870e-03  2.15552e-02
 7.53095e-03  2.16503e-02
 7.50744e-03  2.15008e-02
 7.64870e-03  2.15552e-02

 7.53906e-03  2.16450e-02
 8.04844e-03  2.15421e-02
 7.93493e-03  2.16423e-02
 7.90497e-03  2.14939e-02
 8.04844e-03  2.15421e-02

 8.00052e-03  2.16450e-02
 8.43901e-03  2.15318e-02
 8.33100e-03  2.16378e-02
 8.29316e-03  2.14913e-02
 8.43901e-03  2.15318e-02

 8.46198e-03  2.16450e-02
 8.82419e-03  2.15251e-02
 8.72354e-03  2.16381e-02
 8.67596e-03  2.14944e-02
 8.82419e-03  2.15251e-02

 8.92344e-03  2.16450e-02
 9.20395e-03  2.15226e-02
 9.11408e-03  2.16444e-02
 9.05353e-03  2.15056e-02
 9.20395e-03  2.15226e-02

 9.38490e-03  2.16450e-02
 9.58811e-03  2.15262e-02
 9.51315e-03  2.16577e-02
 9.43675e-03  2.15270e-02
 9.58811e-03  2.15262e-02

 9.84635e-03  2.16450e-02
 9.96889e-03  2.15355e-02
 9.92157e-03  2.16793e-02
 9.82072e-03  2.15664e-02
 9.96889e-03  2.15355e-02

 1.03078e-02  2.16450e-02
 1.03760e-02  2.15557e-02
 1.03566e-02  2.17058e-02
 1.02363e-02  2.16139e-02
 1.03760e-02  2.15557e-02

 1.07693e-02  2.16450e-02
 1.07693e-02  2.15773e-02
 1.08450e-02  2.17083e-02
 1.06936e-02  2.17083e-02
 1.07693e-02  2.15773e-02

 4.33906e-03  2.22150e-02
 4.76945e-03  2.22150e-02
 4.63836e-03  2.22907e-02
 4.63836e-03  2.21393e-02
 4.76945e-03  2.22150e-02

 4.79844e-03  2.22150e-02
 5.23739e-03  2.22150e-02
 5.10631e-03  2.22907e-02
 5.10631e-03  2.21393e-02
 5.23739e-03  2.22150e-02

 5.25781e-03  2.22150e-02
 5.69636e-03  2.22150e-02
 5.56527e-03  2.22907e-02
 5.56527e-03  2.21393e-02
 5.69636e-03  2.22150e-02

 5.71719e-03  2.22150e-02
 6.14662e-03  2.22150e-02
 6.01554e-03  2.22907e-02
 6.01554e-03  2.21393e-02
 6.14662e-03  2.22150e-02

 6.17656e-03  2.22150e-02
 6.58849e-03  2.22150e-02
 6.45740e-03  2.22907e-02
 6.45740e-03  2.21393e-02
 6.58849e-03  2.22150e-02

 6.63594e-03  2.22150e-02
 7.02254e-03  2.22150e-02
 6.89146e-03  2.22907e-02
 6.89146e-03  2.21393e-02
 7.02254e-03  2.22150e-02

 7.09531e-03  2.22150e-02
 7.44932e-03  2.22150e-02
 7.31823e-03  2.22907e-02
 7.31823e-03  2.21393e-02
 7.44932e-03  2.22150e-02

 7.55469e-03  2.22150e-02
 7.86995e-03  2.22150e-02
 7.73887e-03  2.22907e-02
 7.73887e-03  2.21393e-02
 7.86995e-03  2.22150e-02

 8.01406e-03  2.22150e-02
 8.28506e-03  2.22150e-02
 8.15397e-03  2.22907e-02
 8.15397e-03  2.21393e-02
 8.28506e-03  2.22150e-02

 8.47344e-03  2.22150e-02
 8.69718e-03  2.22150e-02
 8.56609e-03  2.22907e-02
 8.56609e-03  2.21393e-02
 8.69718e-03  2.22150e-02

 8.93281e-03  2.22150e-02
 9.10602e-03  2.22150e-02
 8.97493e-03  2.22907e-02
 8.97493e-03  2.21393e-02
 9.10602e-03  2.22150e-02

 9.39219e-03  2.22150e-02
 9.51830e-03  2.22150e-02
 9.38721e-03  2.22907e-02
 9.38721e-03  2.21393e-02
 9.51830e-03  2.22150e-02

 9.85156e-03  2.22150e-02
 9.92785e-03  2.22150e-02
 9.79676e-03  2.22907e-02
 9.79676e-03  2.21393e-02
 9.92785e-03  2.22150e-02

 1.03109e-02  2.22150e-02
 1.03551e-02  2.22150e-02
 1.02240e-02  2.22907e-02
 1.02240e-02  2.21393e-02
 1.03551e-02  2.22150e-02

 1.07703e-02  2.22150e-02
 1.07703e-02  2.22150e-02
 1.06392e-02  2.22907e-02
 1.06392e-02  2.21393e-02
 1.07703e-02  2.22150e-02

