#[ Fluid velocity 2D plot data file: flw.dat ]
 1.95313e-04  1.13850e-02
 1.95313e-04  1.13850e-02
 6.42249e-05  1.14607e-02
 6.42249e-05  1.13093e-02
 1.95313e-04  1.13850e-02

 5.85937e-04  1.13850e-02
 4.61438e-04  1.13850e-02
 5.92526e-04  1.13093e-02
 5.92526e-04  1.14607e-02
 4.61438e-04  1.13850e-02

 9.76562e-04  1.13850e-02
 7.99690e-04  1.13850e-02
 9.30778e-04  1.13093e-02
 9.30778e-04  1.14607e-02
 7.99690e-04  1.13850e-02

 1.36719e-03  1.13850e-02
 1.11409e-03  1.13850e-02
 1.24518e-03  1.13093e-02
 1.24518e-03  1.14607e-02
 1.11409e-03  1.13850e-02

 1.75781e-03  1.13850e-02
 1.44457e-03  1.13850e-02
 1.57566e-03  1.13093e-02
 1.57566e-03  1.14607e-02
 1.44457e-03  1.13850e-02

 2.14844e-03  1.13850e-02
 1.77306e-03  1.13850e-02
 1.90414e-03  1.13093e-02
 1.90414e-03  1.14607e-02
 1.77306e-03  1.13850e-02

 2.53906e-03  1.13850e-02
 2.10919e-03  1.13850e-02
 2.24028e-03  1.13093e-02
 2.24028e-03  1.14607e-02
 2.10919e-03  1.13850e-02

 2.92969e-03  1.13850e-02
 2.44983e-03  1.13850e-02
 2.58092e-03  1.13093e-02
 2.58092e-03  1.14607e-02
 2.44983e-03  1.13850e-02

 3.32031e-03  1.13850e-02
 2.79748e-03  1.13850e-02
 2.92856e-03  1.13093e-02
 2.92856e-03  1.14607e-02
 2.79748e-03  1.13850e-02

 1.97049e-04  1.19550e-02
 1.97049e-04  1.22005e-02
 1.21365e-04  1.20694e-02
 2.72732e-04  1.20694e-02
 1.97049e-04  1.22005e-02

 5.91146e-04  1.19550e-02
 3.79391e-04  1.21836e-02
 4.12959e-04  1.20360e-02
 5.23999e-04  1.21388e-02
 3.79391e-04  1.21836e-02

 9.85243e-04  1.19550e-02
 6.79860e-04  1.21773e-02
 7.41294e-04  1.20390e-02
 8.30383e-04  1.21614e-02
 6.79860e-04  1.21773e-02

 1.37934e-03  1.19550e-02
 9.40399e-04  1.21673e-02
 1.02545e-03  1.20421e-02
 1.09136e-03  1.21784e-02
 9.40399e-04  1.21673e-02

 1.77344e-03  1.19550e-02
 1.22846e-03  1.21564e-02
 1.32519e-03  1.20400e-02
 1.37766e-03  1.21820e-02
 1.22846e-03  1.21564e-02

 2.16753e-03  1.19550e-02
 1.51427e-03  1.21423e-02
 1.61941e-03  1.20334e-02
 1.66114e-03  1.21789e-02
 1.51427e-03  1.21423e-02

 2.56163e-03  1.19550e-02
 1.81395e-03  1.21258e-02
 1.92489e-03  1.20228e-02
 1.95861e-03  1.21704e-02
 1.81395e-03  1.21258e-02

 2.95573e-03  1.19550e-02
 2.12245e-03  1.21068e-02
 2.23786e-03  1.20088e-02
 2.26498e-03  1.21577e-02
 2.12245e-03  1.21068e-02

 3.34983e-03  1.19550e-02
 2.44390e-03  1.20856e-02
 2.56285e-03  1.19920e-02
 2.58444e-03  1.21418e-02
 2.44390e-03  1.20856e-02

 1.98785e-04  1.25250e-02
 1.98785e-04  1.29500e-02
 1.23101e-04  1.28189e-02
 2.74468e-04  1.28189e-02
 1.98785e-04  1.29500e-02

 5.96354e-04  1.25250e-02
 3.45819e-04  1.29362e-02
 3.49392e-04  1.27849e-02
 4.78656e-04  1.28636e-02
 3.45819e-04  1.29362e-02

 9.93924e-04  1.25250e-02
 6.25171e-04  1.29237e-02
 6.58618e-04  1.27761e-02
 7.69742e-04  1.28788e-02
 6.25171e-04  1.29237e-02

 1.39149e-03  1.25250e-02
 8.59711e-04  1.29059e-02
 9.22214e-04  1.27680e-02
 1.01035e-03  1.28911e-02
 8.59711e-04  1.29059e-02

 1.78906e-03  1.25250e-02
 1.12647e-03  1.28835e-02
 1.20575e-03  1.27546e-02
 1.27778e-03  1.28877e-02
 1.12647e-03  1.28835e-02

 2.18663e-03  1.25250e-02
 1.39233e-03  1.28557e-02
 1.48427e-03  1.27354e-02
 1.54244e-03  1.28752e-02
 1.39233e-03  1.28557e-02

 2.58420e-03  1.25250e-02
 1.67585e-03  1.28229e-02
 1.77682e-03  1.27101e-02
 1.82399e-03  1.28540e-02
 1.67585e-03  1.28229e-02

 2.98177e-03  1.25250e-02
 1.97125e-03  1.27856e-02
 2.07928e-03  1.26796e-02
 2.11708e-03  1.28262e-02
 1.97125e-03  1.27856e-02

 3.37934e-03  1.25250e-02
 2.28337e-03  1.27444e-02
 2.39705e-03  1.26444e-02
 2.42676e-03  1.27929e-02
 2.28337e-03  1.27444e-02

 2.00521e-04  1.30950e-02
 2.00521e-04  1.37639e-02
 1.24837e-04  1.36328e-02
 2.76204e-04  1.36328e-02
 2.00521e-04  1.37639e-02

 6.01563e-04  1.30950e-02
 3.33794e-04  1.37559e-02
 3.12876e-04  1.36060e-02
 4.53165e-04  1.36628e-02
 3.33794e-04  1.37559e-02

 1.00260e-03  1.30950e-02
 6.06189e-04  1.37357e-02
 6.10797e-04  1.35844e-02
 7.39520e-04  1.36641e-02
 6.06189e-04  1.37357e-02

 1.40365e-03  1.30950e-02
 8.30835e-04  1.37076e-02
 8.65089e-04  1.35601e-02
 9.75649e-04  1.36635e-02
 8.30835e-04  1.37076e-02

 1.80469e-03  1.30950e-02
 1.09005e-03  1.36692e-02
 1.14483e-03  1.35281e-02
 1.23965e-03  1.36461e-02
 1.09005e-03  1.36692e-02

 2.20573e-03  1.30950e-02
 1.34907e-03  1.36222e-02
 1.42104e-03  1.34891e-02
 1.50038e-03  1.36180e-02
 1.34907e-03  1.36222e-02

 2.60677e-03  1.30950e-02
 1.62773e-03  1.35669e-02
 1.71296e-03  1.34418e-02
 1.77868e-03  1.35781e-02
 1.62773e-03  1.35669e-02

 3.00781e-03  1.30950e-02
 1.92017e-03  1.35044e-02
 2.01619e-03  1.33874e-02
 2.06951e-03  1.35290e-02
 1.92017e-03  1.35044e-02

 3.40885e-03  1.30950e-02
 2.23145e-03  1.34357e-02
 2.33633e-03  1.33265e-02
 2.37840e-03  1.34719e-02
 2.23145e-03  1.34357e-02

 2.02257e-04  1.36650e-02
 2.02257e-04  1.45562e-02
 1.26573e-04  1.44251e-02
 2.77940e-04  1.44251e-02
 2.02257e-04  1.45562e-02

 6.06771e-04  1.36650e-02
 3.43756e-04  1.45562e-02
 3.08274e-04  1.44090e-02
 4.53450e-04  1.44519e-02
 3.43756e-04  1.45562e-02

 1.01128e-03  1.36650e-02
 6.21326e-04  1.45295e-02
 6.06235e-04  1.43789e-02
 7.44215e-04  1.44412e-02
 6.21326e-04  1.45295e-02

 1.41580e-03  1.36650e-02
 8.51329e-04  1.44918e-02
 8.62739e-04  1.43408e-02
 9.87748e-04  1.44262e-02
 8.51329e-04  1.44918e-02

 1.82031e-03  1.36650e-02
 1.11571e-03  1.44375e-02
 1.14814e-03  1.42896e-02
 1.25997e-03  1.43917e-02
 1.11571e-03  1.44375e-02

 2.22483e-03  1.36650e-02
 1.38012e-03  1.43712e-02
 1.43215e-03  1.42291e-02
 1.52924e-03  1.43452e-02
 1.38012e-03  1.43712e-02

 2.62934e-03  1.36650e-02
 1.66468e-03  1.42929e-02
 1.73325e-03  1.41580e-02
 1.81583e-03  1.42849e-02
 1.66468e-03  1.42929e-02

 3.03385e-03  1.36650e-02
 1.96331e-03  1.42050e-02
 2.04626e-03  1.40784e-02
 2.11444e-03  1.42136e-02
 1.96331e-03  1.42050e-02

 3.43837e-03  1.36650e-02
 2.28117e-03  1.41089e-02
 2.37645e-03  1.39913e-02
 2.43067e-03  1.41326e-02
 2.28117e-03  1.41089e-02

 2.03993e-04  1.42350e-02
 2.03993e-04  1.53461e-02
 1.28310e-04  1.52150e-02
 2.79677e-04  1.52150e-02
 2.03993e-04  1.53461e-02

 6.11979e-04  1.42350e-02
 3.71238e-04  1.53538e-02
 3.24825e-04  1.52097e-02
 4.72805e-04  1.52415e-02
 3.71238e-04  1.53538e-02

 1.01997e-03  1.42350e-02
 6.63133e-04  1.53210e-02
 6.32152e-04  1.51728e-02
 7.75955e-04  1.52201e-02
 6.63133e-04  1.53210e-02

 1.42795e-03  1.42350e-02
 9.10731e-04  1.52737e-02
 9.01415e-04  1.51226e-02
 1.03691e-03  1.51901e-02
 9.10731e-04  1.52737e-02

 1.83594e-03  1.42350e-02
 1.19015e-03  1.52034e-02
 1.19991e-03  1.50524e-02
 1.32585e-03  1.51364e-02
 1.19015e-03  1.52034e-02

 2.24392e-03  1.42350e-02
 1.46961e-03  1.51175e-02
 1.49918e-03  1.49690e-02
 1.61295e-03  1.50689e-02
 1.46961e-03  1.51175e-02

 2.65191e-03  1.42350e-02
 1.76793e-03  1.50159e-02
 1.81606e-03  1.48724e-02
 1.91628e-03  1.49858e-02
 1.76793e-03  1.50159e-02

 3.05990e-03  1.42350e-02
 2.07949e-03  1.49022e-02
 2.14528e-03  1.47659e-02
 2.23045e-03  1.48910e-02
 2.07949e-03  1.49022e-02

 3.46788e-03  1.42350e-02
 2.40922e-03  1.47782e-02
 2.49130e-03  1.46510e-02
 2.56040e-03  1.47857e-02
 2.40922e-03  1.47782e-02

 2.05729e-04  1.48050e-02
 2.05729e-04  1.61021e-02
 1.30046e-04  1.59711e-02
 2.81413e-04  1.59711e-02
 2.05729e-04  1.61021e-02

 6.17187e-04  1.48050e-02
 4.13781e-04  1.61163e-02
 3.59085e-04  1.59752e-02
 5.08664e-04  1.59984e-02
 4.13781e-04  1.61163e-02

 1.02865e-03  1.48050e-02
 7.27380e-04  1.60787e-02
 6.83903e-04  1.59337e-02
 8.31205e-04  1.59685e-02
 7.27380e-04  1.60787e-02

 1.44010e-03  1.48050e-02
 1.00274e-03  1.60232e-02
 9.75801e-04  1.58743e-02
 1.11826e-03  1.59254e-02
 1.00274e-03  1.60232e-02

 1.85156e-03  1.48050e-02
 1.30526e-03  1.59388e-02
 1.29398e-03  1.57879e-02
 1.43034e-03  1.58536e-02
 1.30526e-03  1.59388e-02

 2.26302e-03  1.48050e-02
 1.60763e-03  1.58354e-02
 1.61413e-03  1.56841e-02
 1.74185e-03  1.57654e-02
 1.60763e-03  1.58354e-02

 2.67448e-03  1.48050e-02
 1.92624e-03  1.57130e-02
 1.95120e-03  1.55637e-02
 2.06801e-03  1.56599e-02
 1.92624e-03  1.57130e-02

 3.08594e-03  1.48050e-02
 2.25630e-03  1.55761e-02
 2.30079e-03  1.54315e-02
 2.40384e-03  1.55423e-02
 2.25630e-03  1.55761e-02

 3.49740e-03  1.48050e-02
 2.60214e-03  1.54273e-02
 2.66658e-03  1.52903e-02
 2.75297e-03  1.54146e-02
 2.60214e-03  1.54273e-02

 2.07465e-04  1.53750e-02
 2.07465e-04  1.68232e-02
 1.31782e-04  1.66921e-02
 2.83149e-04  1.66921e-02
 2.07465e-04  1.68232e-02

 6.22396e-04  1.53750e-02
 4.67790e-04  1.68425e-02
 4.06257e-04  1.67042e-02
 5.56791e-04  1.67201e-02
 4.67790e-04  1.68425e-02

 1.03733e-03  1.53750e-02
 8.08429e-04  1.68011e-02
 7.54477e-04  1.66597e-02
 9.03931e-04  1.66837e-02
 8.08429e-04  1.68011e-02

 1.45226e-03  1.53750e-02
 1.11925e-03  1.67389e-02
 1.07682e-03  1.65936e-02
 1.22387e-03  1.66295e-02
 1.11925e-03  1.67389e-02

 1.86719e-03  1.53750e-02
 1.45085e-03  1.66428e-02
 1.41984e-03  1.64947e-02
 1.56366e-03  1.65419e-02
 1.45085e-03  1.66428e-02

 2.28212e-03  1.53750e-02
 1.78211e-03  1.65247e-02
 1.76498e-03  1.63743e-02
 1.90379e-03  1.64347e-02
 1.78211e-03  1.65247e-02

 2.69705e-03  1.53750e-02
 2.12588e-03  1.63847e-02
 2.12455e-03  1.62333e-02
 2.25630e-03  1.63079e-02
 2.12588e-03  1.63847e-02

 3.11198e-03  1.53750e-02
 2.47852e-03  1.62283e-02
 2.49590e-03  1.60779e-02
 2.61743e-03  1.61681e-02
 2.47852e-03  1.62283e-02

 3.52691e-03  1.53750e-02
 2.84342e-03  1.60584e-02
 2.88261e-03  1.59121e-02
 2.98963e-03  1.60192e-02
 2.84342e-03  1.60584e-02

 2.09201e-04  1.59450e-02
 2.09201e-04  1.74972e-02
 1.33518e-04  1.73661e-02
 2.84885e-04  1.73661e-02
 2.09201e-04  1.74972e-02

 6.27604e-04  1.59450e-02
 5.30154e-04  1.75199e-02
 4.62711e-04  1.73844e-02
 6.13789e-04  1.73937e-02
 5.30154e-04  1.75199e-02

 1.04601e-03  1.59450e-02
 9.01633e-04  1.74763e-02
 8.38588e-04  1.73387e-02
 9.89287e-04  1.73529e-02
 9.01633e-04  1.74763e-02

 1.46441e-03  1.59450e-02
 1.25355e-03  1.74093e-02
 1.19732e-03  1.72688e-02
 1.34714e-03  1.72904e-02
 1.25355e-03  1.74093e-02

 1.88281e-03  1.59450e-02
 1.61859e-03  1.73049e-02
 1.56930e-03  1.71618e-02
 1.71788e-03  1.71906e-02
 1.61859e-03  1.73049e-02

 2.30122e-03  1.59450e-02
 1.98314e-03  1.71758e-02
 1.94266e-03  1.70300e-02
 2.08921e-03  1.70679e-02
 1.98314e-03  1.71758e-02

 2.71962e-03  1.59450e-02
 2.35572e-03  1.70227e-02
 2.32595e-03  1.68743e-02
 2.46937e-03  1.69227e-02
 2.35572e-03  1.70227e-02

 3.13802e-03  1.59450e-02
 2.73403e-03  1.68517e-02
 2.71825e-03  1.67011e-02
 2.85651e-03  1.67628e-02
 2.73403e-03  1.68517e-02

 3.55642e-03  1.59450e-02
 3.12037e-03  1.66660e-02
 3.12344e-03  1.65147e-02
 3.25296e-03  1.65930e-02
 3.12037e-03  1.66660e-02

 2.10937e-04  1.65150e-02
 2.10937e-04  1.81217e-02
 1.35254e-04  1.79906e-02
 2.86621e-04  1.79906e-02
 2.10938e-04  1.81217e-02

 6.32812e-04  1.65150e-02
 5.97623e-04  1.81462e-02
 5.24784e-04  1.80135e-02
 6.76116e-04  1.80168e-02
 5.97623e-04  1.81462e-02

 1.05469e-03  1.65150e-02
 1.00217e-03  1.81018e-02
 9.30861e-04  1.79683e-02
 1.08215e-03  1.79733e-02
 1.00217e-03  1.81018e-02

 1.47656e-03  1.65150e-02
 1.39874e-03  1.80321e-02
 1.32988e-03  1.78973e-02
 1.48104e-03  1.79050e-02
 1.39874e-03  1.80321e-02

 1.89844e-03  1.65150e-02
 1.79997e-03  1.79227e-02
 1.73362e-03  1.77867e-02
 1.88462e-03  1.77972e-02
 1.79997e-03  1.79227e-02

 2.32031e-03  1.65150e-02
 2.20071e-03  1.77871e-02
 2.13763e-03  1.76495e-02
 2.28833e-03  1.76637e-02
 2.20071e-03  1.77871e-02

 2.74219e-03  1.65150e-02
 2.60450e-03  1.76259e-02
 2.54552e-03  1.74865e-02
 2.69574e-03  1.75051e-02
 2.60450e-03  1.76259e-02

 3.16406e-03  1.65150e-02
 3.01057e-03  1.74457e-02
 2.95723e-03  1.73040e-02
 3.10658e-03  1.73287e-02
 3.01057e-03  1.74457e-02

 3.58594e-03  1.65150e-02
 3.41995e-03  1.72502e-02
 3.37499e-03  1.71057e-02
 3.52264e-03  1.71390e-02
 3.41995e-03  1.72502e-02

 2.12674e-04  1.70850e-02
 2.12674e-04  1.86935e-02
 1.36990e-04  1.85624e-02
 2.88357e-04  1.85624e-02
 2.12674e-04  1.86935e-02

 6.38021e-04  1.70850e-02
 6.67253e-04  1.87182e-02
 5.89236e-04  1.85885e-02
 7.40578e-04  1.85858e-02
 6.67253e-04  1.87182e-02

 1.06337e-03  1.70850e-02
 1.10579e-03  1.86744e-02
 1.02663e-03  1.85453e-02
 1.17795e-03  1.85413e-02
 1.10579e-03  1.86744e-02

 1.48872e-03  1.70850e-02
 1.54872e-03  1.86040e-02
 1.46792e-03  1.84760e-02
 1.61917e-03  1.84701e-02
 1.54872e-03  1.86040e-02

 1.91406e-03  1.70850e-02
 1.98748e-03  1.84934e-02
 1.90507e-03  1.83664e-02
 2.05623e-03  1.83585e-02
 1.98748e-03  1.84934e-02

 2.33941e-03  1.70850e-02
 2.42589e-03  1.83556e-02
 2.34148e-03  1.82300e-02
 2.49249e-03  1.82197e-02
 2.42589e-03  1.83556e-02

 2.76476e-03  1.70850e-02
 2.86218e-03  1.81917e-02
 2.77529e-03  1.80678e-02
 2.92607e-03  1.80545e-02
 2.86218e-03  1.81917e-02

 3.19010e-03  1.70850e-02
 3.29714e-03  1.80083e-02
 3.20687e-03  1.78868e-02
 3.35723e-03  1.78693e-02
 3.29714e-03  1.80083e-02

 3.61545e-03  1.70850e-02
 3.73048e-03  1.78093e-02
 3.63517e-03  1.76917e-02
 3.78466e-03  1.76680e-02
 3.73048e-03  1.78093e-02

 2.14410e-04  1.76550e-02
 2.14410e-04  1.92129e-02
 1.38726e-04  1.90819e-02
 2.90093e-04  1.90819e-02
 2.14410e-04  1.92129e-02

 6.43229e-04  1.76550e-02
 7.36131e-04  1.92362e-02
 6.52889e-04  1.91098e-02
 8.03995e-04  1.91009e-02
 7.36131e-04  1.92362e-02

 1.07205e-03  1.76550e-02
 1.20829e-03  1.91941e-02
 1.12134e-03  1.90702e-02
 1.27212e-03  1.90568e-02
 1.20829e-03  1.91941e-02

 1.50087e-03  1.76550e-02
 1.69740e-03  1.91252e-02
 1.60501e-03  1.90052e-02
 1.75504e-03  1.89852e-02
 1.69740e-03  1.91252e-02

 1.92969e-03  1.76550e-02
 2.17355e-03  1.90168e-02
 2.07595e-03  1.89011e-02
 2.22495e-03  1.88744e-02
 2.17355e-03  1.90168e-02

 2.35851e-03  1.76550e-02
 2.64964e-03  1.88814e-02
 2.54572e-03  1.87713e-02
 2.69300e-03  1.87364e-02
 2.64964e-03  1.88814e-02

 2.78733e-03  1.76550e-02
 3.11846e-03  1.87202e-02
 3.00727e-03  1.86175e-02
 3.15181e-03  1.85725e-02
 3.11846e-03  1.87202e-02

 3.21615e-03  1.76550e-02
 3.58239e-03  1.85397e-02
 3.46232e-03  1.84475e-02
 3.60217e-03  1.83896e-02
 3.58239e-03  1.85397e-02

 3.64497e-03  1.76550e-02
 4.03967e-03  1.83439e-02
 3.90883e-03  1.82678e-02
 4.04017e-03  1.81925e-02
 4.03967e-03  1.83439e-02

 2.16146e-04  1.82250e-02
 2.16146e-04  1.96833e-02
 1.40462e-04  1.95522e-02
 2.91829e-04  1.95522e-02
 2.16146e-04  1.96833e-02

 6.48438e-04  1.82250e-02
 8.01606e-04  1.97033e-02
 7.12816e-04  1.95807e-02
 8.63377e-04  1.95651e-02
 8.01606e-04  1.97033e-02

 1.08073e-03  1.82250e-02
 1.30586e-03  1.96638e-02
 1.21083e-03  1.95460e-02
 1.36037e-03  1.95226e-02
 1.30586e-03  1.96638e-02

 1.51302e-03  1.82250e-02
 1.83918e-03  1.95980e-02
 1.73525e-03  1.94880e-02
 1.88252e-03  1.94530e-02
 1.83918e-03  1.95980e-02

 1.94531e-03  1.82250e-02
 2.35121e-03  1.94952e-02
 2.23922e-03  1.93934e-02
 2.38340e-03  1.93473e-02
 2.35121e-03  1.94952e-02

 2.37760e-03  1.82250e-02
 2.86346e-03  1.93664e-02
 2.74248e-03  1.92754e-02
 2.88176e-03  1.92161e-02
 2.86346e-03  1.93664e-02

 2.80990e-03  1.82250e-02
 3.36350e-03  1.92130e-02
 3.23340e-03  1.91357e-02
 3.36545e-03  1.90617e-02
 3.36350e-03  1.92130e-02

 3.24219e-03  1.82250e-02
 3.85518e-03  1.90412e-02
 3.71594e-03  1.89819e-02
 3.83698e-03  1.88910e-02
 3.85518e-03  1.90412e-02

 3.67448e-03  1.82250e-02
 4.33532e-03  1.88551e-02
 4.18822e-03  1.88194e-02
 4.29267e-03  1.87099e-02
 4.33532e-03  1.88551e-02

 2.17882e-04  1.87950e-02
 2.17882e-04  2.01068e-02
 1.42198e-04  1.99757e-02
 2.93565e-04  1.99757e-02
 2.17882e-04  2.01068e-02

 6.53646e-04  1.87950e-02
 8.60708e-04  2.01220e-02
 7.65720e-04  2.00042e-02
 9.15277e-04  1.99808e-02
 8.60708e-04  2.01220e-02

 1.08941e-03  1.87950e-02
 1.39419e-03  2.00860e-02
 1.29041e-03  1.99758e-02
 1.43773e-03  1.99410e-02
 1.39419e-03  2.00860e-02

 1.52517e-03  1.87950e-02
 1.96764e-03  2.00251e-02
 1.85206e-03  1.99274e-02
 1.99449e-03  1.98761e-02
 1.96764e-03  2.00251e-02

 1.96094e-03  1.87950e-02
 2.51226e-03  1.99311e-02
 2.38694e-03  1.98462e-02
 2.52312e-03  1.97801e-02
 2.51226e-03  1.99311e-02

 2.39670e-03  1.87950e-02
 3.05731e-03  1.98131e-02
 2.92247e-03  1.97443e-02
 3.04945e-03  1.96619e-02
 3.05731e-03  1.98131e-02

 2.83247e-03  1.87950e-02
 3.58560e-03  1.96728e-02
 3.44280e-03  1.96226e-02
 3.55768e-03  1.95240e-02
 3.58560e-03  1.96728e-02

 3.26823e-03  1.87950e-02
 4.10226e-03  1.95157e-02
 3.95359e-03  1.94872e-02
 4.05256e-03  1.93727e-02
 4.10226e-03  1.95157e-02

 3.70399e-03  1.87950e-02
 4.60281e-03  1.93456e-02
 4.45149e-03  1.93416e-02
 4.53056e-03  1.92126e-02
 4.60281e-03  1.93456e-02

 2.19618e-04  1.93650e-02
 2.19618e-04  2.04945e-02
 1.43935e-04  2.03634e-02
 2.95302e-04  2.03634e-02
 2.19618e-04  2.04945e-02

 6.58854e-04  1.93650e-02
 9.10812e-04  2.05030e-02
 8.08580e-04  2.03913e-02
 9.56368e-04  2.03586e-02
 9.10812e-04  2.05030e-02

 1.09809e-03  1.93650e-02
 1.46932e-03  2.04708e-02
 1.35585e-03  2.03706e-02
 1.49935e-03  2.03225e-02
 1.46932e-03  2.04708e-02

 1.53733e-03  1.93650e-02
 2.07675e-03  2.04162e-02
 1.94957e-03  2.03341e-02
 2.08424e-03  2.02650e-02
 2.07675e-03  2.04162e-02

 1.97656e-03  1.93650e-02
 2.64887e-03  2.03335e-02
 2.51194e-03  2.02690e-02
 2.63629e-03  2.01827e-02
 2.64887e-03  2.03335e-02

 2.41580e-03  1.93650e-02
 3.22145e-03  2.02298e-02
 3.07672e-03  2.01854e-02
 3.18747e-03  2.00823e-02
 3.22145e-03  2.02298e-02

 2.85503e-03  1.93650e-02
 3.77315e-03  2.01068e-02
 3.62362e-03  2.00832e-02
 3.71875e-03  1.99655e-02
 3.77315e-03  2.01068e-02

 3.29427e-03  1.93650e-02
 4.31032e-03  1.99691e-02
 4.15897e-03  1.99672e-02
 4.23632e-03  1.98371e-02
 4.31032e-03  1.99691e-02

 3.73351e-03  1.93650e-02
 4.82736e-03  1.98204e-02
 4.67725e-03  1.98399e-02
 4.73543e-03  1.97001e-02
 4.82736e-03  1.98204e-02

 2.21354e-04  1.99350e-02
 2.21354e-04  2.08473e-02
 1.45671e-04  2.07162e-02
 2.97038e-04  2.07162e-02
 2.21354e-04  2.08473e-02

 6.64062e-04  1.99350e-02
 9.47732e-04  2.08477e-02
 8.36551e-04  2.07449e-02
 9.81097e-04  2.07000e-02
 9.47732e-04  2.08477e-02

 1.10677e-03  1.99350e-02
 1.52475e-03  2.08206e-02
 1.40035e-03  2.07343e-02
 1.53724e-03  2.06697e-02
 1.52475e-03  2.08206e-02

 1.54948e-03  1.99350e-02
 2.15685e-03  2.07740e-02
 2.01868e-03  2.07122e-02
 2.14129e-03  2.06235e-02
 2.15685e-03  2.07740e-02

 1.99219e-03  1.99350e-02
 2.74866e-03  2.07060e-02
 2.60283e-03  2.06654e-02
 2.71087e-03  2.05594e-02
 2.74866e-03  2.07060e-02

 2.43490e-03  1.99350e-02
 3.34068e-03  2.06204e-02
 3.19047e-03  2.06016e-02
 3.28181e-03  2.04809e-02
 3.34068e-03  2.06204e-02

 2.87760e-03  1.99350e-02
 3.90872e-03  2.05194e-02
 3.75735e-03  2.05206e-02
 3.83199e-03  2.03889e-02
 3.90872e-03  2.05194e-02

 3.32031e-03  1.99350e-02
 4.45988e-03  2.04065e-02
 4.30981e-03  2.04263e-02
 4.36768e-03  2.02864e-02
 4.45988e-03  2.04065e-02

 3.76302e-03  1.99350e-02
 4.98766e-03  2.02848e-02
 4.84082e-03  2.03216e-02
 4.88240e-03  2.01761e-02
 4.98766e-03  2.02848e-02

 2.23090e-04  2.05050e-02
 2.23090e-04  2.11921e-02
 1.47407e-04  2.10610e-02
 2.98774e-04  2.10610e-02
 2.23090e-04  2.11921e-02

 6.69271e-04  2.05050e-02
 9.68712e-04  2.11831e-02
 8.46525e-04  2.10938e-02
 9.84993e-04  2.10326e-02
 9.68712e-04  2.11831e-02

 1.11545e-03  2.05050e-02
 1.55556e-03  2.11614e-02
 1.41970e-03  2.10947e-02
 1.54542e-03  2.10104e-02
 1.55556e-03  2.11614e-02

 1.56163e-03  2.05050e-02
 2.20026e-03  2.11237e-02
 2.05345e-03  2.10869e-02
 2.15877e-03  2.09782e-02
 2.20026e-03  2.11237e-02

 2.00781e-03  2.05050e-02
 2.80151e-03  2.10714e-02
 2.65084e-03  2.10569e-02
 2.73877e-03  2.09337e-02
 2.80151e-03  2.10714e-02

 2.45399e-03  2.05050e-02
 3.40269e-03  2.10054e-02
 3.25143e-03  2.10112e-02
 3.32205e-03  2.08773e-02
 3.40269e-03  2.10054e-02

 2.90017e-03  2.05050e-02
 3.97783e-03  2.09280e-02
 3.82815e-03  2.09506e-02
 3.88346e-03  2.08097e-02
 3.97783e-03  2.09280e-02

 3.34635e-03  2.05050e-02
 4.53466e-03  2.08417e-02
 4.38791e-03  2.08787e-02
 4.42917e-03  2.07331e-02
 4.53466e-03  2.08417e-02

 3.79253e-03  2.05050e-02
 5.06621e-03  2.07490e-02
 4.92323e-03  2.07987e-02
 4.95170e-03  2.06500e-02
 5.06621e-03  2.07490e-02

 2.24826e-04  2.10750e-02
 2.24826e-04  2.15151e-02
 1.49143e-04  2.13840e-02
 3.00510e-04  2.13840e-02
 2.24826e-04  2.15151e-02

 6.74479e-04  2.10750e-02
 9.65520e-04  2.14997e-02
 8.28985e-04  2.14343e-02
 9.53843e-04  2.13488e-02
 9.65520e-04  2.14997e-02

 1.12413e-03  2.10750e-02
 1.54856e-03  2.14858e-02
 1.40173e-03  2.14490e-02
 1.50700e-03  2.13402e-02
 1.54856e-03  2.14858e-02

 1.57378e-03  2.10750e-02
 2.18843e-03  2.14600e-02
 2.03716e-03  2.14545e-02
 2.11751e-03  2.13263e-02
 2.18843e-03  2.14600e-02

 2.02344e-03  2.10750e-02
 2.78451e-03  2.14265e-02
 2.63377e-03  2.14403e-02
 2.69724e-03  2.13028e-02
 2.78451e-03  2.14265e-02

 2.47309e-03  2.10750e-02
 3.38061e-03  2.13837e-02
 3.23213e-03  2.14131e-02
 3.28088e-03  2.12698e-02
 3.38061e-03  2.13837e-02

 2.92274e-03  2.10750e-02
 3.95068e-03  2.13338e-02
 3.80508e-03  2.13752e-02
 3.84203e-03  2.12284e-02
 3.95068e-03  2.13338e-02

 3.37240e-03  2.10750e-02
 4.50265e-03  2.12781e-02
 4.36024e-03  2.13294e-02
 4.38702e-03  2.11805e-02
 4.50265e-03  2.12781e-02

 3.82205e-03  2.10750e-02
 5.02981e-03  2.12187e-02
 4.89070e-03  2.12783e-02
 4.90857e-03  2.11280e-02
 5.02981e-03  2.12187e-02

 2.26562e-04  2.16450e-02
 2.26562e-04  2.18897e-02
 1.50879e-04  2.17586e-02
 3.02246e-04  2.17586e-02
 2.26563e-04  2.18897e-02

 6.79687e-04  2.16450e-02
 9.36928e-04  2.18693e-02
 7.88384e-04  2.18402e-02
 8.87856e-04  2.17261e-02
 9.36928e-04  2.18693e-02

 1.13281e-03  2.16450e-02
 1.49922e-03  2.18624e-02
 1.34786e-03  2.18606e-02
 1.42509e-03  2.17304e-02
 1.49922e-03  2.18624e-02

 1.58594e-03  2.16450e-02
 2.11506e-03  2.18461e-02
 1.96563e-03  2.18703e-02
 2.01941e-03  2.17288e-02
 2.11506e-03  2.18461e-02

 2.03906e-03  2.16450e-02
 2.68980e-03  2.18276e-02
 2.54314e-03  2.18650e-02
 2.58403e-03  2.17193e-02
 2.68980e-03  2.18276e-02

 2.49219e-03  2.16450e-02
 3.26575e-03  2.18029e-02
 3.12217e-03  2.18509e-02
 3.15245e-03  2.17026e-02
 3.26575e-03  2.18029e-02

 2.94531e-03  2.16450e-02
 3.81794e-03  2.17747e-02
 3.67715e-03  2.18303e-02
 3.69941e-03  2.16806e-02
 3.81794e-03  2.17747e-02

 3.39844e-03  2.16450e-02
 4.35447e-03  2.17431e-02
 4.21634e-03  2.18050e-02
 4.23179e-03  2.16544e-02
 4.35447e-03  2.17431e-02

 3.85156e-03  2.16450e-02
 4.86875e-03  2.17096e-02
 4.73313e-03  2.17768e-02
 4.74272e-03  2.16257e-02
 4.86875e-03  2.17096e-02

 2.28299e-04  2.22150e-02
 2.28299e-04  2.22150e-02
 9.72110e-05  2.22907e-02
 9.72110e-05  2.21393e-02
 2.28299e-04  2.22150e-02

 6.84896e-04  2.22150e-02
 8.41901e-04  2.22150e-02
 7.10814e-04  2.22907e-02
 7.10814e-04  2.21393e-02
 8.41901e-04  2.22150e-02

 1.14149e-03  2.22150e-02
 1.36077e-03  2.22150e-02
 1.22968e-03  2.22907e-02
 1.22968e-03  2.21393e-02
 1.36077e-03  2.22150e-02

 1.59809e-03  2.22150e-02
 1.91330e-03  2.22150e-02
 1.78222e-03  2.22907e-02
 1.78222e-03  2.21393e-02
 1.91330e-03  2.22150e-02

 2.05469e-03  2.22150e-02
 2.43976e-03  2.22150e-02
 2.30867e-03  2.22907e-02
 2.30867e-03  2.21393e-02
 2.43976e-03  2.22150e-02

 2.51128e-03  2.22150e-02
 2.96757e-03  2.22150e-02
 2.83649e-03  2.22907e-02
 2.83649e-03  2.21393e-02
 2.96757e-03  2.22150e-02

 2.96788e-03  2.22150e-02
 3.48065e-03  2.22150e-02
 3.34956e-03  2.22907e-02
 3.34956e-03  2.21393e-02
 3.48065e-03  2.22150e-02

 3.42448e-03  2.22150e-02
 3.98440e-03  2.22150e-02
 3.85331e-03  2.22907e-02
 3.85331e-03  2.21393e-02
 3.98440e-03  2.22150e-02

 3.88108e-03  2.22150e-02
 4.47472e-03  2.22150e-02
 4.34363e-03  2.22907e-02
 4.34363e-03  2.21393e-02
 4.47472e-03  2.22150e-02

 3.76510e-03  1.13850e-02
 3.20159e-03  1.13850e-02
 3.33268e-03  1.13093e-02
 3.33268e-03  1.14607e-02
 3.20159e-03  1.13850e-02

 4.26406e-03  1.13850e-02
 3.66782e-03  1.13850e-02
 3.79891e-03  1.13093e-02
 3.79891e-03  1.14607e-02
 3.66782e-03  1.13850e-02

 4.76302e-03  1.13850e-02
 4.14753e-03  1.13850e-02
 4.27862e-03  1.13093e-02
 4.27862e-03  1.14607e-02
 4.14753e-03  1.13850e-02

 5.26198e-03  1.13850e-02
 4.64150e-03  1.13850e-02
 4.77258e-03  1.13093e-02
 4.77258e-03  1.14607e-02
 4.64150e-03  1.13850e-02

 5.76094e-03  1.13850e-02
 5.14993e-03  1.13850e-02
 5.28102e-03  1.13093e-02
 5.28102e-03  1.14607e-02
 5.14993e-03  1.13850e-02

 6.25990e-03  1.13850e-02
 5.67263e-03  1.13850e-02
 5.80372e-03  1.13093e-02
 5.80372e-03  1.14607e-02
 5.67263e-03  1.13850e-02

 6.75885e-03  1.13850e-02
 6.20911e-03  1.13850e-02
 6.34020e-03  1.13093e-02
 6.34020e-03  1.14607e-02
 6.20911e-03  1.13850e-02

 7.25781e-03  1.13850e-02
 6.75792e-03  1.13850e-02
 6.88900e-03  1.13093e-02
 6.88900e-03  1.14607e-02
 6.75792e-03  1.13850e-02

 7.75677e-03  1.13850e-02
 7.31791e-03  1.13850e-02
 7.44900e-03  1.13093e-02
 7.44900e-03  1.14607e-02
 7.31791e-03  1.13850e-02

 8.25573e-03  1.13850e-02
 7.88546e-03  1.13850e-02
 8.01655e-03  1.13093e-02
 8.01655e-03  1.14607e-02
 7.88546e-03  1.13850e-02

 8.75469e-03  1.13850e-02
 8.46020e-03  1.13850e-02
 8.59129e-03  1.13093e-02
 8.59129e-03  1.14607e-02
 8.46020e-03  1.13850e-02

 9.25365e-03  1.13850e-02
 9.03333e-03  1.13850e-02
 9.16442e-03  1.13093e-02
 9.16442e-03  1.14607e-02
 9.03333e-03  1.13850e-02

 9.75260e-03  1.13850e-02
 9.61126e-03  1.13850e-02
 9.74235e-03  1.13093e-02
 9.74235e-03  1.14607e-02
 9.61126e-03  1.13850e-02

 1.02516e-02  1.13850e-02
 1.01687e-02  1.13850e-02
 1.02998e-02  1.13093e-02
 1.02998e-02  1.14607e-02
 1.01687e-02  1.13850e-02

 1.07505e-02  1.13850e-02
 1.07505e-02  1.13850e-02
 1.06194e-02  1.14607e-02
 1.06194e-02  1.13093e-02
 1.07505e-02  1.13850e-02

 3.79531e-03  1.19550e-02
 2.82240e-03  1.20591e-02
 2.94470e-03  1.19699e-02
 2.96080e-03  1.21204e-02
 2.82240e-03  1.20591e-02

 4.29219e-03  1.19550e-02
 3.26668e-03  1.20269e-02
 3.39215e-03  1.19422e-02
 3.40274e-03  1.20932e-02
 3.26668e-03  1.20269e-02

 4.78906e-03  1.19550e-02
 3.73464e-03  1.19929e-02
 3.86292e-03  1.19126e-02
 3.86836e-03  1.20639e-02
 3.73464e-03  1.19929e-02

 5.28594e-03  1.19550e-02
 4.22713e-03  1.19579e-02
 4.35800e-03  1.18819e-02
 4.35842e-03  1.20332e-02
 4.22713e-03  1.19579e-02

 5.78281e-03  1.19550e-02
 4.74436e-03  1.19227e-02
 4.87773e-03  1.18512e-02
 4.87303e-03  1.20025e-02
 4.74436e-03  1.19227e-02

 6.27969e-03  1.19550e-02
 5.28581e-03  1.18885e-02
 5.42166e-03  1.18217e-02
 5.41155e-03  1.19727e-02
 5.28581e-03  1.18885e-02

 6.77656e-03  1.19550e-02
 5.85042e-03  1.18563e-02
 5.98880e-03  1.17949e-02
 5.97275e-03  1.19454e-02
 5.85042e-03  1.18563e-02

 7.27344e-03  1.19550e-02
 6.43562e-03  1.18275e-02
 6.57660e-03  1.17724e-02
 6.55384e-03  1.19221e-02
 6.43562e-03  1.18275e-02

 7.77031e-03  1.19550e-02
 7.03937e-03  1.18037e-02
 7.18308e-03  1.17562e-02
 7.15239e-03  1.19044e-02
 7.03937e-03  1.18037e-02

 8.26719e-03  1.19550e-02
 7.65555e-03  1.17863e-02
 7.80204e-03  1.17482e-02
 7.76180e-03  1.18941e-02
 7.65555e-03  1.17863e-02

 8.76406e-03  1.19550e-02
 8.28287e-03  1.17766e-02
 8.43210e-03  1.17512e-02
 8.37947e-03  1.18931e-02
 8.28287e-03  1.17766e-02

 9.26094e-03  1.19550e-02
 8.90712e-03  1.17763e-02
 9.05826e-03  1.17678e-02
 8.99002e-03  1.19030e-02
 8.90712e-03  1.17763e-02

 9.75781e-03  1.19550e-02
 9.53636e-03  1.17860e-02
 9.68648e-03  1.18053e-02
 9.59464e-03  1.19257e-02
 9.53636e-03  1.17860e-02

 1.02547e-02  1.19550e-02
 1.01308e-02  1.18090e-02
 1.02733e-02  1.18600e-02
 1.01579e-02  1.19579e-02
 1.01308e-02  1.18090e-02

 1.07516e-02  1.19550e-02
 1.07516e-02  1.18566e-02
 1.08272e-02  1.19877e-02
 1.06759e-02  1.19877e-02
 1.07516e-02  1.18566e-02

 3.82552e-03  1.25250e-02
 2.65311e-03  1.26941e-02
 2.77205e-03  1.26005e-02
 2.79366e-03  1.27503e-02
 2.65311e-03  1.26941e-02

 4.32031e-03  1.25250e-02
 3.09015e-03  1.26347e-02
 3.21400e-03  1.25476e-02
 3.22744e-03  1.26984e-02
 3.09015e-03  1.26347e-02

 4.81510e-03  1.25250e-02
 3.55588e-03  1.25726e-02
 3.68402e-03  1.24920e-02
 3.68973e-03  1.26433e-02
 3.55588e-03  1.25726e-02

 5.30990e-03  1.25250e-02
 4.05090e-03  1.25092e-02
 4.18293e-03  1.24352e-02
 4.18103e-03  1.25865e-02
 4.05090e-03  1.25092e-02

 5.80469e-03  1.25250e-02
 4.57506e-03  1.24461e-02
 4.71072e-03  1.23790e-02
 4.70103e-03  1.25300e-02
 4.57506e-03  1.24461e-02

 6.29948e-03  1.25250e-02
 5.12744e-03  1.23852e-02
 5.26658e-03  1.23255e-02
 5.24864e-03  1.24758e-02
 5.12744e-03  1.23852e-02

 6.79427e-03  1.25250e-02
 5.70640e-03  1.23284e-02
 5.84885e-03  1.22773e-02
 5.82194e-03  1.24262e-02
 5.70640e-03  1.23284e-02

 7.28906e-03  1.25250e-02
 6.30889e-03  1.22783e-02
 6.45448e-03  1.22369e-02
 6.41754e-03  1.23837e-02
 6.30889e-03  1.22783e-02

 7.78385e-03  1.25250e-02
 6.93196e-03  1.22373e-02
 7.08037e-03  1.22075e-02
 7.03194e-03  1.23510e-02
 6.93196e-03  1.22373e-02

 8.27865e-03  1.25250e-02
 7.56886e-03  1.22082e-02
 7.71941e-03  1.21925e-02
 7.65771e-03  1.23307e-02
 7.56886e-03  1.22082e-02

 8.77344e-03  1.25250e-02
 8.21746e-03  1.21935e-02
 8.36881e-03  1.21956e-02
 8.29130e-03  1.23257e-02
 8.21746e-03  1.21935e-02

 9.26823e-03  1.25250e-02
 8.86210e-03  1.21964e-02
 9.01162e-03  1.22200e-02
 8.91641e-03  1.23377e-02
 8.86210e-03  1.21964e-02

 9.76302e-03  1.25250e-02
 9.51025e-03  1.22196e-02
 9.65214e-03  1.22723e-02
 9.53554e-03  1.23689e-02
 9.51025e-03  1.22196e-02

 1.02578e-02  1.25250e-02
 1.01188e-02  1.22675e-02
 1.02476e-02  1.23469e-02
 1.01145e-02  1.24189e-02
 1.01188e-02  1.22675e-02

 1.07526e-02  1.25250e-02
 1.07526e-02  1.23600e-02
 1.08283e-02  1.24911e-02
 1.06769e-02  1.24911e-02
 1.07526e-02  1.23600e-02

 3.85573e-03  1.30950e-02
 2.59984e-03  1.33533e-02
 2.71299e-03  1.32528e-02
 2.74348e-03  1.34010e-02
 2.59984e-03  1.33533e-02

 4.34844e-03  1.30950e-02
 3.03518e-03  1.32573e-02
 3.15600e-03  1.31661e-02
 3.17456e-03  1.33163e-02
 3.03518e-03  1.32573e-02

 4.84115e-03  1.30950e-02
 3.50140e-03  1.31577e-02
 3.62881e-03  1.30759e-02
 3.63588e-03  1.32271e-02
 3.50140e-03  1.31577e-02

 5.33385e-03  1.30950e-02
 3.99865e-03  1.30567e-02
 4.13185e-03  1.29848e-02
 4.12751e-03  1.31361e-02
 3.99865e-03  1.30567e-02

 5.82656e-03  1.30950e-02
 4.52670e-03  1.29569e-02
 4.66505e-03  1.28955e-02
 4.64906e-03  1.30460e-02
 4.52670e-03  1.29569e-02

 6.31927e-03  1.30950e-02
 5.08404e-03  1.28611e-02
 5.22692e-03  1.28111e-02
 5.19876e-03  1.29598e-02
 5.08404e-03  1.28611e-02

 6.81198e-03  1.30950e-02
 5.66886e-03  1.27725e-02
 5.81557e-03  1.27352e-02
 5.77447e-03  1.28809e-02
 5.66886e-03  1.27725e-02

 7.30469e-03  1.30950e-02
 6.27781e-03  1.26947e-02
 6.42744e-03  1.26718e-02
 6.37247e-03  1.28129e-02
 6.27781e-03  1.26947e-02

 7.79740e-03  1.30950e-02
 6.90766e-03  1.26317e-02
 7.05888e-03  1.26252e-02
 6.98898e-03  1.27594e-02
 6.90766e-03  1.26317e-02

 8.29010e-03  1.30950e-02
 7.55139e-03  1.25876e-02
 7.70229e-03  1.25995e-02
 7.61660e-03  1.27242e-02
 7.55139e-03  1.25876e-02

 8.78281e-03  1.30950e-02
 8.20641e-03  1.25668e-02
 8.35418e-03  1.25995e-02
 8.25192e-03  1.27111e-02
 8.20641e-03  1.25668e-02

 9.27552e-03  1.30950e-02
 8.85668e-03  1.25737e-02
 8.99778e-03  1.26285e-02
 8.87978e-03  1.27233e-02
 8.85668e-03  1.25737e-02

 9.76823e-03  1.30950e-02
 9.50904e-03  1.26136e-02
 9.63783e-03  1.26932e-02
 9.50455e-03  1.27649e-02
 9.50904e-03  1.26136e-02

 1.02609e-02  1.30950e-02
 1.01198e-02  1.26916e-02
 1.02345e-02  1.27903e-02
 1.00916e-02  1.28403e-02
 1.01198e-02  1.26916e-02

 1.07536e-02  1.30950e-02
 1.07536e-02  1.28419e-02
 1.08293e-02  1.29729e-02
 1.06780e-02  1.29729e-02
 1.07536e-02  1.28419e-02

 3.88594e-03  1.36650e-02
 2.65464e-03  1.39953e-02
 2.76165e-03  1.38882e-02
 2.80086e-03  1.40344e-02
 2.65464e-03  1.39953e-02

 4.37656e-03  1.36650e-02
 3.09290e-03  1.38646e-02
 3.21080e-03  1.37697e-02
 3.23405e-03  1.39192e-02
 3.09290e-03  1.38646e-02

 4.86719e-03  1.36650e-02
 3.56134e-03  1.37300e-02
 3.68851e-03  1.36479e-02
 3.69604e-03  1.37991e-02
 3.56134e-03  1.37300e-02

 5.35781e-03  1.36650e-02
 4.05984e-03  1.35946e-02
 4.19484e-03  1.35261e-02
 4.18664e-03  1.36773e-02
 4.05984e-03  1.35946e-02

 5.84844e-03  1.36650e-02
 4.58778e-03  1.34615e-02
 4.72925e-03  1.34077e-02
 4.70513e-03  1.35571e-02
 4.58778e-03  1.34615e-02

 6.33906e-03  1.36650e-02
 5.14379e-03  1.33345e-02
 5.29031e-03  1.32965e-02
 5.24997e-03  1.34424e-02
 5.14379e-03  1.33345e-02

 6.82969e-03  1.36650e-02
 5.72577e-03  1.32178e-02
 5.87568e-03  1.31968e-02
 5.81885e-03  1.33371e-02
 5.72577e-03  1.32178e-02

 7.32031e-03  1.36650e-02
 6.33037e-03  1.31159e-02
 6.48172e-03  1.31133e-02
 6.40830e-03  1.32457e-02
 6.33037e-03  1.31159e-02

 7.81094e-03  1.36650e-02
 6.95450e-03  1.30342e-02
 7.10493e-03  1.30510e-02
 7.01516e-03  1.31728e-02
 6.95450e-03  1.30342e-02

 8.30156e-03  1.36650e-02
 7.59149e-03  1.29778e-02
 7.73832e-03  1.30146e-02
 7.63305e-03  1.31233e-02
 7.59149e-03  1.29778e-02

 8.79219e-03  1.36650e-02
 8.23882e-03  1.29529e-02
 8.37902e-03  1.30100e-02
 8.25950e-03  1.31029e-02
 8.23882e-03  1.29529e-02

 9.28281e-03  1.36650e-02
 8.88119e-03  1.29654e-02
 9.01209e-03  1.30414e-02
 8.88081e-03  1.31167e-02
 8.88119e-03  1.29654e-02

 9.77344e-03  1.36650e-02
 9.52511e-03  1.30231e-02
 9.64299e-03  1.31180e-02
 9.50182e-03  1.31726e-02
 9.52511e-03  1.30231e-02

 1.02641e-02  1.36650e-02
 1.01287e-02  1.31310e-02
 1.02343e-02  1.32395e-02
 1.00876e-02  1.32767e-02
 1.01287e-02  1.31310e-02

 1.07547e-02  1.36650e-02
 1.07547e-02  1.33344e-02
 1.08304e-02  1.34655e-02
 1.06790e-02  1.34655e-02
 1.07547e-02  1.33344e-02

 3.91615e-03  1.42350e-02
 2.79179e-03  1.46334e-02
 2.89007e-03  1.45183e-02
 2.94063e-03  1.46610e-02
 2.79179e-03  1.46334e-02

 4.40469e-03  1.42350e-02
 3.23500e-03  1.44686e-02
 3.34872e-03  1.43687e-02
 3.37837e-03  1.45172e-02
 3.23500e-03  1.44686e-02

 4.89323e-03  1.42350e-02
 3.70568e-03  1.42999e-02
 3.83244e-03  1.42172e-02
 3.84070e-03  1.43684e-02
 3.70568e-03  1.42999e-02

 5.38177e-03  1.42350e-02
 4.20345e-03  1.41310e-02
 4.34069e-03  1.40671e-02
 4.32738e-03  1.42179e-02
 4.20345e-03  1.41310e-02

 5.87031e-03  1.42350e-02
 4.72764e-03  1.39658e-02
 4.87259e-03  1.39222e-02
 4.83788e-03  1.40695e-02
 4.72764e-03  1.39658e-02

 6.35885e-03  1.42350e-02
 5.27673e-03  1.38088e-02
 5.42643e-03  1.37864e-02
 5.37097e-03  1.39273e-02
 5.27673e-03  1.38088e-02

 6.84740e-03  1.42350e-02
 5.84890e-03  1.36652e-02
 6.00027e-03  1.36644e-02
 5.92524e-03  1.37959e-02
 5.84890e-03  1.36652e-02

 7.33594e-03  1.42350e-02
 6.44106e-03  1.35404e-02
 6.59102e-03  1.35610e-02
 6.49820e-03  1.36806e-02
 6.44106e-03  1.35404e-02

 7.82448e-03  1.42350e-02
 7.05046e-03  1.34408e-02
 7.19616e-03  1.34818e-02
 7.08775e-03  1.35875e-02
 7.05046e-03  1.34408e-02

 8.31302e-03  1.42350e-02
 7.67115e-03  1.33727e-02
 7.81013e-03  1.34327e-02
 7.68872e-03  1.35231e-02
 7.67115e-03  1.33727e-02

 8.80156e-03  1.42350e-02
 8.30105e-03  1.33441e-02
 8.43124e-03  1.34213e-02
 8.29927e-03  1.34954e-02
 8.30105e-03  1.33441e-02

 9.29010e-03  1.42350e-02
 8.92645e-03  1.33618e-02
 9.04671e-03  1.34537e-02
 8.90698e-03  1.35119e-02
 8.92645e-03  1.33618e-02

 9.77865e-03  1.42350e-02
 9.55345e-03  1.34362e-02
 9.66186e-03  1.35418e-02
 9.51617e-03  1.35829e-02
 9.55345e-03  1.34362e-02

 1.02672e-02  1.42350e-02
 1.01441e-02  1.35722e-02
 1.02425e-02  1.36873e-02
 1.00937e-02  1.37149e-02
 1.01441e-02  1.35722e-02

 1.07557e-02  1.42350e-02
 1.07557e-02  1.38272e-02
 1.08314e-02  1.39583e-02
 1.06800e-02  1.39583e-02
 1.07557e-02  1.38272e-02

 3.94635e-03  1.48050e-02
 2.99675e-03  1.52552e-02
 3.08278e-03  1.51307e-02
 3.14763e-03  1.52675e-02
 2.99675e-03  1.52552e-02

 4.43281e-03  1.48050e-02
 3.44658e-03  1.50614e-02
 3.55441e-03  1.49552e-02
 3.59250e-03  1.51017e-02
 3.44658e-03  1.50614e-02

 4.91927e-03  1.48050e-02
 3.91942e-03  1.48639e-02
 4.04583e-03  1.47806e-02
 4.05473e-03  1.49317e-02
 3.91942e-03  1.48639e-02

 5.40573e-03  1.48050e-02
 4.41481e-03  1.46669e-02
 4.55508e-03  1.46101e-02
 4.53420e-03  1.47600e-02
 4.41481e-03  1.46669e-02

 5.89219e-03  1.48050e-02
 4.93207e-03  1.44751e-02
 5.08063e-03  1.44462e-02
 5.03145e-03  1.45893e-02
 4.93207e-03  1.44751e-02

 6.37865e-03  1.48050e-02
 5.46984e-03  1.42936e-02
 5.62120e-03  1.42919e-02
 5.54696e-03  1.44238e-02
 5.46984e-03  1.42936e-02

 6.86510e-03  1.48050e-02
 6.02653e-03  1.41280e-02
 6.17607e-03  1.41514e-02
 6.08098e-03  1.42692e-02
 6.02653e-03  1.41280e-02

 7.35156e-03  1.48050e-02
 6.59962e-03  1.39845e-02
 6.74399e-03  1.40300e-02
 6.63240e-03  1.41323e-02
 6.59962e-03  1.39845e-02

 7.83802e-03  1.48050e-02
 7.18693e-03  1.38705e-02
 7.32396e-03  1.39348e-02
 7.19977e-03  1.40213e-02
 7.18693e-03  1.38705e-02

 8.32448e-03  1.48050e-02
 7.78355e-03  1.37931e-02
 7.91209e-03  1.38730e-02
 7.77860e-03  1.39444e-02
 7.78355e-03  1.37931e-02

 8.81094e-03  1.48050e-02
 8.38801e-03  1.37616e-02
 8.50739e-03  1.38546e-02
 8.36711e-03  1.39115e-02
 8.38801e-03  1.37616e-02

 9.29740e-03  1.48050e-02
 8.98897e-03  1.37838e-02
 9.09932e-03  1.38874e-02
 8.95442e-03  1.39312e-02
 8.98897e-03  1.37838e-02

 9.78385e-03  1.48050e-02
 9.59196e-03  1.38725e-02
 9.69251e-03  1.39856e-02
 9.54425e-03  1.40162e-02
 9.59196e-03  1.38725e-02

 1.02703e-02  1.48050e-02
 1.01647e-02  1.40323e-02
 1.02575e-02  1.41519e-02
 1.01075e-02  1.41724e-02
 1.01647e-02  1.40323e-02

 1.07568e-02  1.48050e-02
 1.07568e-02  1.43310e-02
 1.08325e-02  1.44621e-02
 1.06811e-02  1.44621e-02
 1.07568e-02  1.43310e-02

 3.97656e-03  1.53750e-02
 3.25220e-03  1.58637e-02
 3.31853e-03  1.57277e-02
 3.40319e-03  1.58532e-02
 3.25220e-03  1.58637e-02

 4.46094e-03  1.53750e-02
 3.70952e-03  1.56464e-02
 3.80710e-03  1.55307e-02
 3.85852e-03  1.56731e-02
 3.70952e-03  1.56464e-02

 4.94531e-03  1.53750e-02
 4.18424e-03  1.54258e-02
 4.31000e-03  1.53415e-02
 4.32007e-03  1.54926e-02
 4.18424e-03  1.54258e-02

 5.42969e-03  1.53750e-02
 4.67602e-03  1.52065e-02
 4.82046e-03  1.51612e-02
 4.78743e-03  1.53089e-02
 4.67602e-03  1.52065e-02

 5.91406e-03  1.53750e-02
 5.18414e-03  1.49936e-02
 5.33537e-03  1.49872e-02
 5.26528e-03  1.51214e-02
 5.18414e-03  1.49936e-02

 6.39844e-03  1.53750e-02
 5.70751e-03  1.47927e-02
 5.85652e-03  1.48193e-02
 5.75897e-03  1.49350e-02
 5.70751e-03  1.47927e-02

 6.88281e-03  1.53750e-02
 6.24490e-03  1.46098e-02
 6.38697e-03  1.46621e-02
 6.27071e-03  1.47590e-02
 6.24490e-03  1.46098e-02

 7.36719e-03  1.53750e-02
 6.79440e-03  1.44518e-02
 6.92782e-03  1.45233e-02
 6.79920e-03  1.46031e-02
 6.79440e-03  1.44518e-02

 7.85156e-03  1.53750e-02
 7.35447e-03  1.43263e-02
 7.47901e-03  1.44124e-02
 7.34223e-03  1.44772e-02
 7.35447e-03  1.43263e-02

 8.33594e-03  1.53750e-02
 7.92159e-03  1.42415e-02
 8.03767e-03  1.43386e-02
 7.89551e-03  1.43906e-02
 7.92159e-03  1.42415e-02

 8.82031e-03  1.53750e-02
 8.49489e-03  1.42074e-02
 8.60299e-03  1.43133e-02
 8.45718e-03  1.43539e-02
 8.49489e-03  1.42074e-02

 9.30469e-03  1.53750e-02
 9.06597e-03  1.42327e-02
 9.16687e-03  1.43455e-02
 9.01871e-03  1.43765e-02
 9.06597e-03  1.42327e-02

 9.78906e-03  1.53750e-02
 9.63947e-03  1.43322e-02
 9.73300e-03  1.44512e-02
 9.58317e-03  1.44727e-02
 9.63947e-03  1.43322e-02

 1.02734e-02  1.53750e-02
 1.01904e-02  1.45103e-02
 1.02783e-02  1.46336e-02
 1.01276e-02  1.46480e-02
 1.01904e-02  1.45103e-02

 1.07578e-02  1.53750e-02
 1.07578e-02  1.48449e-02
 1.08335e-02  1.49759e-02
 1.06821e-02  1.49759e-02
 1.07578e-02  1.48449e-02

 4.00677e-03  1.59450e-02
 3.54488e-03  1.64551e-02
 3.57676e-03  1.63072e-02
 3.68897e-03  1.64088e-02
 3.54488e-03  1.64551e-02

 4.48906e-03  1.59450e-02
 4.01046e-03  1.62216e-02
 4.08609e-03  1.60905e-02
 4.16182e-03  1.62215e-02
 4.01046e-03  1.62216e-02

 4.97135e-03  1.59450e-02
 4.48716e-03  1.59851e-02
 4.61155e-03  1.58989e-02
 4.62405e-03  1.60497e-02
 4.48716e-03  1.59851e-02

 5.45365e-03  1.59450e-02
 4.97465e-03  1.57508e-02
 5.12457e-03  1.57299e-02
 5.06770e-03  1.58702e-02
 4.97465e-03  1.57508e-02

 5.93594e-03  1.59450e-02
 5.47234e-03  1.55240e-02
 5.62026e-03  1.55561e-02
 5.51850e-03  1.56681e-02
 5.47234e-03  1.55240e-02

 6.41823e-03  1.59450e-02
 5.97941e-03  1.53104e-02
 6.11621e-03  1.53751e-02
 5.99171e-03  1.54612e-02
 5.97941e-03  1.53104e-02

 6.90052e-03  1.59450e-02
 6.49500e-03  1.51164e-02
 6.62060e-03  1.52009e-02
 6.48465e-03  1.52674e-02
 6.49500e-03  1.51164e-02

 7.38281e-03  1.59450e-02
 7.01791e-03  1.49490e-02
 7.13407e-03  1.50461e-02
 6.99194e-03  1.50981e-02
 7.01791e-03  1.49490e-02

 7.86510e-03  1.59450e-02
 7.54726e-03  1.48163e-02
 7.65565e-03  1.49219e-02
 7.50994e-03  1.49630e-02
 7.54726e-03  1.48163e-02

 8.34740e-03  1.59450e-02
 8.08100e-03  1.47266e-02
 8.18293e-03  1.48385e-02
 8.03506e-03  1.48708e-02
 8.08100e-03  1.47266e-02

 8.82969e-03  1.59450e-02
 8.61888e-03  1.46905e-02
 8.71524e-03  1.48073e-02
 8.56597e-03  1.48324e-02
 8.61888e-03  1.46905e-02

 9.31198e-03  1.59450e-02
 9.15583e-03  1.47176e-02
 9.24745e-03  1.48381e-02
 9.09729e-03  1.48572e-02
 9.15583e-03  1.47176e-02

 9.79427e-03  1.59450e-02
 9.69524e-03  1.48240e-02
 9.78216e-03  1.49479e-02
 9.63138e-03  1.49612e-02
 9.69524e-03  1.48240e-02

 1.02766e-02  1.59450e-02
 1.02209e-02  1.50141e-02
 1.03042e-02  1.51404e-02
 1.01531e-02  1.51495e-02
 1.02209e-02  1.50141e-02

 1.07589e-02  1.59450e-02
 1.07589e-02  1.53738e-02
 1.08345e-02  1.55049e-02
 1.06832e-02  1.55049e-02
 1.07589e-02  1.53738e-02

 4.03698e-03  1.65150e-02
 3.86124e-03  1.70298e-02
 3.83196e-03  1.68813e-02
 3.97521e-03  1.69302e-02
 3.86124e-03  1.70298e-02

 4.51719e-03  1.65150e-02
 4.33558e-03  1.67877e-02
 4.34526e-03  1.66366e-02
 4.47124e-03  1.67205e-02
 4.33558e-03  1.67877e-02

 4.99740e-03  1.65150e-02
 4.81442e-03  1.65431e-02
 4.93252e-03  1.64484e-02
 4.95547e-03  1.65980e-02
 4.81442e-03  1.65431e-02

 5.47760e-03  1.65150e-02
 5.29742e-03  1.63013e-02
 5.43978e-03  1.63527e-02
 5.32406e-03  1.64503e-02
 5.29742e-03  1.63013e-02

 5.95781e-03  1.65150e-02
 5.78413e-03  1.60679e-02
 5.90214e-03  1.61627e-02
 5.76104e-03  1.62175e-02
 5.78413e-03  1.60679e-02

 6.43802e-03  1.65150e-02
 6.27401e-03  1.58486e-02
 6.37882e-03  1.59578e-02
 6.23184e-03  1.59939e-02
 6.27401e-03  1.58486e-02

 6.91823e-03  1.65150e-02
 6.76659e-03  1.56498e-02
 6.86377e-03  1.57658e-02
 6.71467e-03  1.57920e-02
 6.76659e-03  1.56498e-02

 7.39844e-03  1.65150e-02
 7.26136e-03  1.54784e-02
 7.35358e-03  1.55985e-02
 7.20352e-03  1.56183e-02
 7.26136e-03  1.54784e-02

 7.87865e-03  1.65150e-02
 7.75808e-03  1.53427e-02
 7.84678e-03  1.54654e-02
 7.69621e-03  1.54809e-02
 7.75808e-03  1.53427e-02

 8.35885e-03  1.65150e-02
 8.25623e-03  1.52509e-02
 8.34228e-03  1.53755e-02
 8.19141e-03  1.53877e-02
 8.25623e-03  1.52509e-02

 8.83906e-03  1.65150e-02
 8.75605e-03  1.52142e-02
 8.83993e-03  1.53402e-02
 8.68887e-03  1.53498e-02
 8.75605e-03  1.52142e-02

 9.31927e-03  1.65150e-02
 9.25605e-03  1.52417e-02
 9.33814e-03  1.53689e-02
 9.18696e-03  1.53764e-02
 9.25605e-03  1.52417e-02

 9.79948e-03  1.65150e-02
 9.75802e-03  1.53509e-02
 9.83832e-03  1.54792e-02
 9.68705e-03  1.54846e-02
 9.75802e-03  1.53509e-02

 1.02797e-02  1.65150e-02
 1.02555e-02  1.55462e-02
 1.03345e-02  1.56753e-02
 1.01831e-02  1.56791e-02
 1.02555e-02  1.55462e-02

 1.07599e-02  1.65150e-02
 1.07599e-02  1.59195e-02
 1.08356e-02  1.60506e-02
 1.06842e-02  1.60506e-02
 1.07599e-02  1.59195e-02

 4.06719e-03  1.70850e-02
 4.18903e-03  1.75868e-02
 4.08455e-03  1.74772e-02
 4.23164e-03  1.74415e-02
 4.18903e-03  1.75868e-02

 4.54531e-03  1.70850e-02
 4.67233e-03  1.73440e-02
 4.54666e-03  1.72596e-02
 4.68256e-03  1.71930e-02
 4.67233e-03  1.73440e-02

 5.02344e-03  1.70850e-02
 5.15342e-03  1.70994e-02
 5.01482e-03  1.71602e-02
 5.03143e-03  1.70097e-02
 5.15342e-03  1.70994e-02

 5.50156e-03  1.70850e-02
 5.63197e-03  1.68582e-02
 5.63224e-03  1.70095e-02
 5.50102e-03  1.69341e-02
 5.63197e-03  1.68582e-02

 5.97969e-03  1.70850e-02
 6.10761e-03  1.66259e-02
 6.14533e-03  1.67725e-02
 5.99952e-03  1.67319e-02
 6.10761e-03  1.66259e-02

 6.45781e-03  1.70850e-02
 6.58012e-03  1.64082e-02
 6.63129e-03  1.65507e-02
 6.48233e-03  1.65238e-02
 6.58012e-03  1.64082e-02

 6.93594e-03  1.70850e-02
 7.04939e-03  1.62114e-02
 7.10757e-03  1.63511e-02
 6.95746e-03  1.63316e-02
 7.04939e-03  1.62114e-02

 7.41406e-03  1.70850e-02
 7.51561e-03  1.60421e-02
 7.57824e-03  1.61799e-02
 7.42758e-03  1.61652e-02
 7.51561e-03  1.60421e-02

 7.89219e-03  1.70850e-02
 7.97910e-03  1.59081e-02
 8.04493e-03  1.60444e-02
 7.89397e-03  1.60333e-02
 7.97910e-03  1.59081e-02

 8.37031e-03  1.70850e-02
 8.44086e-03  1.58176e-02
 8.50914e-03  1.59527e-02
 8.35801e-03  1.59443e-02
 8.44086e-03  1.58176e-02

 8.84844e-03  1.70850e-02
 8.90149e-03  1.57814e-02
 8.97178e-03  1.59154e-02
 8.82054e-03  1.59093e-02
 8.90149e-03  1.57814e-02

 9.32656e-03  1.70850e-02
 9.36315e-03  1.58085e-02
 9.43504e-03  1.59417e-02
 9.28374e-03  1.59374e-02
 9.36315e-03  1.58085e-02

 9.80469e-03  1.70850e-02
 9.82571e-03  1.59169e-02
 9.89903e-03  1.60493e-02
 9.74768e-03  1.60466e-02
 9.82571e-03  1.59169e-02

 1.02828e-02  1.70850e-02
 1.02933e-02  1.61107e-02
 1.03676e-02  1.62426e-02
 1.02162e-02  1.62410e-02
 1.02933e-02  1.61107e-02

 1.07609e-02  1.70850e-02
 1.07609e-02  1.64849e-02
 1.08366e-02  1.66159e-02
 1.06853e-02  1.66159e-02
 1.07609e-02  1.64849e-02

 4.09740e-03  1.76550e-02
 4.51520e-03  1.81264e-02
 4.37161e-03  1.80785e-02
 4.48490e-03  1.79781e-02
 4.51520e-03  1.81264e-02

 4.57344e-03  1.76550e-02
 5.00713e-03  1.78911e-02
 4.85581e-03  1.78949e-02
 4.92818e-03  1.77620e-02
 5.00713e-03  1.78911e-02

 5.04948e-03  1.76550e-02
 5.49031e-03  1.76545e-02
 5.35931e-03  1.77303e-02
 5.35914e-03  1.75790e-02
 5.49031e-03  1.76545e-02

 5.52552e-03  1.76550e-02
 5.96436e-03  1.74219e-02
 5.88410e-03  1.75502e-02
 5.81309e-03  1.74165e-02
 5.96436e-03  1.74219e-02

 6.00156e-03  1.76550e-02
 6.42911e-03  1.71985e-02
 6.39473e-03  1.73460e-02
 6.28426e-03  1.72425e-02
 6.42911e-03  1.71985e-02

 6.47760e-03  1.76550e-02
 6.88457e-03  1.69899e-02
 6.88071e-03  1.71412e-02
 6.75159e-03  1.70622e-02
 6.88457e-03  1.69899e-02

 6.95365e-03  1.76550e-02
 7.33100e-03  1.68017e-02
 7.34719e-03  1.69522e-02
 7.20876e-03  1.68910e-02
 7.33100e-03  1.68017e-02

 7.42969e-03  1.76550e-02
 7.76927e-03  1.66403e-02
 7.79944e-03  1.67886e-02
 7.65590e-03  1.67406e-02
 7.76927e-03  1.66403e-02

 7.90573e-03  1.76550e-02
 8.20024e-03  1.65129e-02
 8.24079e-03  1.66588e-02
 8.09422e-03  1.66210e-02
 8.20024e-03  1.65129e-02

 8.38177e-03  1.76550e-02
 8.62631e-03  1.64271e-02
 8.67493e-03  1.65705e-02
 8.52648e-03  1.65409e-02
 8.62631e-03  1.64271e-02

 8.85781e-03  1.76550e-02
 9.04836e-03  1.63931e-02
 9.10362e-03  1.65340e-02
 8.95395e-03  1.65114e-02
 9.04836e-03  1.63931e-02

 9.33385e-03  1.76550e-02
 9.47204e-03  1.64196e-02
 9.53269e-03  1.65583e-02
 9.38226e-03  1.65415e-02
 9.47204e-03  1.64196e-02

 9.80990e-03  1.76550e-02
 9.89514e-03  1.65238e-02
 9.96076e-03  1.66602e-02
 9.80982e-03  1.66488e-02
 9.89514e-03  1.65238e-02

 1.02859e-02  1.76550e-02
 1.03324e-02  1.67099e-02
 1.04016e-02  1.68445e-02
 1.02504e-02  1.68371e-02
 1.03324e-02  1.67099e-02

 1.07620e-02  1.76550e-02
 1.07620e-02  1.70713e-02
 1.08377e-02  1.72024e-02
 1.06863e-02  1.72024e-02
 1.07620e-02  1.70713e-02

 4.12760e-03  1.82250e-02
 4.82659e-03  1.86499e-02
 4.67526e-03  1.86465e-02
 4.75388e-03  1.85171e-02
 4.82659e-03  1.86499e-02

 4.60156e-03  1.82250e-02
 5.32602e-03  1.84296e-02
 5.17930e-03  1.84668e-02
 5.22043e-03  1.83211e-02
 5.32602e-03  1.84296e-02

 5.07552e-03  1.82250e-02
 5.81056e-03  1.82087e-02
 5.68118e-03  1.82873e-02
 5.67782e-03  1.81359e-02
 5.81056e-03  1.82087e-02

 5.54948e-03  1.82250e-02
 6.27983e-03  1.79922e-02
 6.17792e-03  1.81041e-02
 6.13195e-03  1.79599e-02
 6.27983e-03  1.79922e-02

 6.02344e-03  1.82250e-02
 6.73380e-03  1.77851e-02
 6.66220e-03  1.79185e-02
 6.58251e-03  1.77898e-02
 6.73380e-03  1.77851e-02

 6.49740e-03  1.82250e-02
 7.17281e-03  1.75924e-02
 7.12888e-03  1.77372e-02
 7.02540e-03  1.76267e-02
 7.17281e-03  1.75924e-02

 6.97135e-03  1.82250e-02
 7.59747e-03  1.74193e-02
 7.57679e-03  1.75692e-02
 7.45727e-03  1.74763e-02
 7.59747e-03  1.74193e-02

 7.44531e-03  1.82250e-02
 8.00931e-03  1.72713e-02
 8.00773e-03  1.74227e-02
 7.87744e-03  1.73456e-02
 8.00931e-03  1.72713e-02

 7.91927e-03  1.82250e-02
 8.40969e-03  1.71551e-02
 8.42387e-03  1.73058e-02
 8.28627e-03  1.72428e-02
 8.40969e-03  1.71551e-02

 8.39323e-03  1.82250e-02
 8.80232e-03  1.70774e-02
 8.82959e-03  1.72263e-02
 8.68701e-03  1.71755e-02
 8.80232e-03  1.70774e-02

 8.86719e-03  1.82250e-02
 9.18822e-03  1.70474e-02
 9.22676e-03  1.71938e-02
 9.08072e-03  1.71540e-02
 9.18822e-03  1.70474e-02

 9.34115e-03  1.82250e-02
 9.57624e-03  1.70730e-02
 9.62418e-03  1.72166e-02
 9.47587e-03  1.71863e-02
 9.57624e-03  1.70730e-02

 9.81510e-03  1.82250e-02
 9.96202e-03  1.71703e-02
 1.00189e-02  1.73106e-02
 9.86898e-03  1.72897e-02
 9.96202e-03  1.71703e-02

 1.02891e-02  1.82250e-02
 1.03703e-02  1.73429e-02
 1.04337e-02  1.74804e-02
 1.02830e-02  1.74665e-02
 1.03703e-02  1.73429e-02

 1.07630e-02  1.82250e-02
 1.07630e-02  1.76788e-02
 1.08387e-02  1.78099e-02
 1.06873e-02  1.78099e-02
 1.07630e-02  1.76788e-02

 4.15781e-03  1.87950e-02
 5.10741e-03  1.91596e-02
 4.95791e-03  1.91833e-02
 5.01216e-03  1.90419e-02
 5.10741e-03  1.91596e-02

 4.62969e-03  1.87950e-02
 5.61229e-03  1.89616e-02
 5.47039e-03  1.90143e-02
 5.49569e-03  1.88650e-02
 5.61229e-03  1.89616e-02

 5.10156e-03  1.87950e-02
 6.09688e-03  1.87637e-02
 5.96823e-03  1.88435e-02
 5.96348e-03  1.86922e-02
 6.09688e-03  1.87637e-02

 5.57344e-03  1.87950e-02
 6.56073e-03  1.85706e-02
 6.44967e-03  1.86735e-02
 6.41613e-03  1.85259e-02
 6.56073e-03  1.85706e-02

 6.04531e-03  1.87950e-02
 7.00415e-03  1.83866e-02
 6.91320e-03  1.85076e-02
 6.85389e-03  1.83684e-02
 7.00415e-03  1.83866e-02

 6.51719e-03  1.87950e-02
 7.42766e-03  1.82162e-02
 7.35764e-03  1.83504e-02
 7.27643e-03  1.82227e-02
 7.42766e-03  1.82162e-02

 6.98906e-03  1.87950e-02
 7.83240e-03  1.80639e-02
 7.78293e-03  1.82069e-02
 7.68378e-03  1.80925e-02
 7.83240e-03  1.80639e-02

 7.46094e-03  1.87950e-02
 8.22042e-03  1.79344e-02
 8.19043e-03  1.80828e-02
 8.07694e-03  1.79826e-02
 8.22042e-03  1.79344e-02

 7.93281e-03  1.87950e-02
 8.59364e-03  1.78334e-02
 8.58176e-03  1.79843e-02
 8.45702e-03  1.78986e-02
 8.59364e-03  1.78334e-02

 8.40469e-03  1.87950e-02
 8.95682e-03  1.77667e-02
 8.96149e-03  1.79180e-02
 8.82813e-03  1.78464e-02
 8.95682e-03  1.77667e-02

 8.87656e-03  1.87950e-02
 9.31114e-03  1.77422e-02
 9.33108e-03  1.78923e-02
 9.19117e-03  1.78345e-02
 9.31114e-03  1.77422e-02

 9.34844e-03  1.87950e-02
 9.66809e-03  1.77671e-02
 9.70143e-03  1.79147e-02
 9.55689e-03  1.78698e-02
 9.66809e-03  1.77671e-02

 9.82031e-03  1.87950e-02
 1.00214e-02  1.78549e-02
 1.00679e-02  1.79989e-02
 9.91993e-03  1.79672e-02
 1.00214e-02  1.78549e-02

 1.02922e-02  1.87950e-02
 1.04042e-02  1.80093e-02
 1.04606e-02  1.81497e-02
 1.03108e-02  1.81283e-02
 1.04042e-02  1.80093e-02

 1.07641e-02  1.87950e-02
 1.07641e-02  1.83072e-02
 1.08397e-02  1.84382e-02
 1.06884e-02  1.84382e-02
 1.07641e-02  1.83072e-02

 4.18802e-03  1.93650e-02
 5.34159e-03  1.96592e-02
 5.19586e-03  1.97002e-02
 5.23327e-03  1.95535e-02
 5.34159e-03  1.96592e-02

 4.65781e-03  1.93650e-02
 5.84884e-03  1.94893e-02
 5.71061e-03  1.95509e-02
 5.72632e-03  1.94004e-02
 5.84884e-03  1.94893e-02

 5.12760e-03  1.93650e-02
 6.33135e-03  1.93202e-02
 6.20317e-03  1.94007e-02
 6.19754e-03  1.92494e-02
 6.33135e-03  1.93202e-02

 5.59740e-03  1.93650e-02
 6.78888e-03  1.91559e-02
 6.67285e-03  1.92531e-02
 6.64669e-03  1.91040e-02
 6.78888e-03  1.91559e-02

 6.06719e-03  1.93650e-02
 7.22189e-03  1.90003e-02
 7.11968e-03  1.91120e-02
 7.07410e-03  1.89676e-02
 7.22189e-03  1.90003e-02

 6.53698e-03  1.93650e-02
 7.63136e-03  1.88569e-02
 7.54433e-03  1.89808e-02
 7.48059e-03  1.88435e-02
 7.63136e-03  1.88569e-02

 7.00677e-03  1.93650e-02
 8.01866e-03  1.87296e-02
 7.94789e-03  1.88634e-02
 7.86740e-03  1.87352e-02
 8.01866e-03  1.87296e-02

 7.47656e-03  1.93650e-02
 8.38666e-03  1.86221e-02
 8.33296e-03  1.87637e-02
 8.23725e-03  1.86464e-02
 8.38666e-03  1.86221e-02

 7.94635e-03  1.93650e-02
 8.73755e-03  1.85391e-02
 8.70151e-03  1.86862e-02
 8.59221e-03  1.85814e-02
 8.73755e-03  1.85391e-02

 8.41615e-03  1.93650e-02
 9.07705e-03  1.84854e-02
 9.05881e-03  1.86357e-02
 8.93780e-03  1.85447e-02
 9.07705e-03  1.84854e-02

 8.88594e-03  1.93650e-02
 9.40645e-03  1.84675e-02
 9.40616e-03  1.86188e-02
 9.27522e-03  1.85429e-02
 9.40645e-03  1.84675e-02

 9.35573e-03  1.93650e-02
 9.73913e-03  1.84912e-02
 9.75577e-03  1.86417e-02
 9.61716e-03  1.85809e-02
 9.73913e-03  1.84912e-02

 9.82552e-03  1.93650e-02
 1.00673e-02  1.85676e-02
 1.01017e-02  1.87150e-02
 9.95688e-03  1.86711e-02
 1.00673e-02  1.85676e-02

 1.02953e-02  1.93650e-02
 1.04305e-02  1.87002e-02
 1.04785e-02  1.88437e-02
 1.03302e-02  1.88135e-02
 1.04305e-02  1.87002e-02

 1.07651e-02  1.93650e-02
 1.07651e-02  1.89508e-02
 1.08408e-02  1.90819e-02
 1.06894e-02  1.90819e-02
 1.07651e-02  1.89508e-02

 4.21823e-03  1.99350e-02
 5.50666e-03  2.01543e-02
 5.36474e-03  2.02069e-02
 5.39013e-03  2.00577e-02
 5.50666e-03  2.01543e-02

 4.68594e-03  1.99350e-02
 6.01259e-03  2.00179e-02
 5.87704e-03  2.00853e-02
 5.88648e-03  1.99342e-02
 6.01259e-03  2.00179e-02

 5.15365e-03  1.99350e-02
 6.49090e-03  1.98830e-02
 6.36285e-03  1.99637e-02
 6.35697e-03  1.98125e-02
 6.49090e-03  1.98830e-02

 5.62135e-03  1.99350e-02
 6.94135e-03  1.97527e-02
 6.82185e-03  1.98456e-02
 6.80114e-03  1.96956e-02
 6.94135e-03  1.97527e-02

 6.08906e-03  1.99350e-02
 7.36486e-03  1.96299e-02
 7.25497e-03  1.97340e-02
 7.21976e-03  1.95868e-02
 7.36486e-03  1.96299e-02

 6.55677e-03  1.99350e-02
 7.76279e-03  1.95176e-02
 7.66367e-03  1.96320e-02
 7.61415e-03  1.94889e-02
 7.76279e-03  1.95176e-02

 7.02448e-03  1.99350e-02
 8.13695e-03  1.94184e-02
 8.04993e-03  1.95423e-02
 7.98618e-03  1.94050e-02
 8.13695e-03  1.94184e-02

 7.49219e-03  1.99350e-02
 8.49045e-03  1.93355e-02
 8.41703e-03  1.94679e-02
 8.33911e-03  1.93381e-02
 8.49045e-03  1.93355e-02

 7.95990e-03  1.99350e-02
 8.82609e-03  1.92723e-02
 8.76797e-03  1.94120e-02
 8.67599e-03  1.92918e-02
 8.82609e-03  1.92723e-02

 8.42760e-03  1.99350e-02
 9.14998e-03  1.92325e-02
 9.10877e-03  1.93781e-02
 9.00324e-03  1.92696e-02
 9.14998e-03  1.92325e-02

 8.89531e-03  1.99350e-02
 9.46363e-03  1.92210e-02
 9.44121e-03  1.93707e-02
 9.32278e-03  1.92765e-02
 9.46363e-03  1.92210e-02

 9.36302e-03  1.99350e-02
 9.78145e-03  1.92431e-02
 9.77838e-03  1.93945e-02
 9.64885e-03  1.93161e-02
 9.78145e-03  1.92431e-02

 9.83073e-03  1.99350e-02
 1.00949e-02  1.93062e-02
 1.01139e-02  1.94564e-02
 9.97431e-03  1.93977e-02
 1.00949e-02  1.93062e-02

 1.02984e-02  1.99350e-02
 1.04464e-02  1.94140e-02
 1.04834e-02  1.95607e-02
 1.03378e-02  1.95194e-02
 1.04464e-02  1.94140e-02

 1.07661e-02  1.99350e-02
 1.07661e-02  1.96091e-02
 1.08418e-02  1.97402e-02
 1.06905e-02  1.97402e-02
 1.07661e-02  1.96091e-02

 4.24844e-03  2.05050e-02
 5.58410e-03  2.06506e-02
 5.44558e-03  2.07116e-02
 5.46198e-03  2.05611e-02
 5.58410e-03  2.06506e-02

 4.71406e-03  2.05050e-02
 6.08446e-03  2.05491e-02
 5.95101e-03  2.06205e-02
 5.95588e-03  2.04693e-02
 6.08446e-03  2.05491e-02

 5.17969e-03  2.05050e-02
 6.55607e-03  2.04493e-02
 6.42814e-03  2.05303e-02
 6.42203e-03  2.03790e-02
 6.55607e-03  2.04493e-02

 5.64531e-03  2.05050e-02
 6.99914e-03  2.03536e-02
 6.87727e-03  2.04434e-02
 6.86045e-03  2.02930e-02
 6.99914e-03  2.03536e-02

 6.11094e-03  2.05050e-02
 7.41481e-03  2.02642e-02
 7.29965e-03  2.03624e-02
 7.27216e-03  2.02135e-02
 7.41481e-03  2.02642e-02

 6.57656e-03  2.05050e-02
 7.80475e-03  2.01829e-02
 7.69715e-03  2.02894e-02
 7.65875e-03  2.01429e-02
 7.80475e-03  2.01829e-02

 7.04219e-03  2.05050e-02
 8.17116e-03  2.01118e-02
 8.07225e-03  2.02264e-02
 8.02247e-03  2.00835e-02
 8.17116e-03  2.01118e-02

 7.50781e-03  2.05050e-02
 8.51735e-03  2.00530e-02
 8.42864e-03  2.01756e-02
 8.36678e-03  2.00375e-02
 8.51735e-03  2.00530e-02

 7.97344e-03  2.05050e-02
 8.84629e-03  2.00088e-02
 8.76974e-03  2.01394e-02
 8.69493e-03  2.00078e-02
 8.84629e-03  2.00088e-02

 8.43906e-03  2.05050e-02
 9.16440e-03  1.99821e-02
 9.10232e-03  2.01201e-02
 9.01380e-03  1.99974e-02
 9.16440e-03  1.99821e-02

 8.90469e-03  2.05050e-02
 9.47324e-03  1.99763e-02
 9.42878e-03  2.01210e-02
 9.32571e-03  2.00102e-02
 9.47324e-03  1.99763e-02

 9.37031e-03  2.05050e-02
 9.78732e-03  1.99956e-02
 9.76285e-03  2.01450e-02
 9.64572e-03  2.00491e-02
 9.78732e-03  1.99956e-02

 9.83594e-03  2.05050e-02
 1.00982e-02  2.00443e-02
 1.00991e-02  2.01957e-02
 9.96760e-03  2.01208e-02
 1.00982e-02  2.00443e-02

 1.03016e-02  2.05050e-02
 1.04480e-02  2.01264e-02
 1.04713e-02  2.02759e-02
 1.03301e-02  2.02213e-02
 1.04480e-02  2.01264e-02

 1.07672e-02  2.05050e-02
 1.07672e-02  2.02664e-02
 1.08429e-02  2.03975e-02
 1.06915e-02  2.03975e-02
 1.07672e-02  2.02664e-02

 4.27865e-03  2.10750e-02
 5.54052e-03  2.11562e-02
 5.40484e-03  2.12233e-02
 5.41456e-03  2.10722e-02
 5.54052e-03  2.11562e-02

 4.74219e-03  2.10750e-02
 6.03176e-03  2.10926e-02
 5.89965e-03  2.11665e-02
 5.90172e-03  2.10151e-02
 6.03176e-03  2.10926e-02

 5.20573e-03  2.10750e-02
 6.49583e-03  2.10305e-02
 6.36743e-03  2.11107e-02
 6.36221e-03  2.09594e-02
 6.49583e-03  2.10305e-02

 5.66927e-03  2.10750e-02
 6.93334e-03  2.09714e-02
 6.80887e-03  2.10575e-02
 6.79650e-03  2.09066e-02
 6.93334e-03  2.09714e-02

 6.13281e-03  2.10750e-02
 7.34549e-03  2.09165e-02
 7.22532e-03  2.10085e-02
 7.20570e-03  2.08584e-02
 7.34549e-03  2.09165e-02

 6.59635e-03  2.10750e-02
 7.73418e-03  2.08670e-02
 7.61884e-03  2.09650e-02
 7.59162e-03  2.08161e-02
 7.73418e-03  2.08670e-02

 7.05990e-03  2.10750e-02
 8.10168e-03  2.08240e-02
 7.99196e-03  2.09283e-02
 7.95651e-03  2.07811e-02
 8.10168e-03  2.08240e-02

 7.52344e-03  2.10750e-02
 8.45132e-03  2.07888e-02
 8.34836e-03  2.08998e-02
 8.30375e-03  2.07551e-02
 8.45132e-03  2.07888e-02

 7.98698e-03  2.10750e-02
 8.78589e-03  2.07628e-02
 8.69135e-03  2.08810e-02
 8.63625e-03  2.07400e-02
 8.78589e-03  2.07628e-02

 8.45052e-03  2.10750e-02
 9.11145e-03  2.07477e-02
 9.02756e-03  2.08737e-02
 8.96039e-03  2.07381e-02
 9.11145e-03  2.07477e-02

 8.91406e-03  2.10750e-02
 9.42955e-03  2.07458e-02
 9.35980e-03  2.08802e-02
 9.27833e-03  2.07526e-02
 9.42955e-03  2.07458e-02

 9.37760e-03  2.10750e-02
 9.75372e-03  2.07602e-02
 9.70178e-03  2.09024e-02
 9.60462e-03  2.07863e-02
 9.75372e-03  2.07602e-02

 9.84115e-03  2.10750e-02
 1.00763e-02  2.07927e-02
 1.00506e-02  2.09418e-02
 9.93427e-03  2.08450e-02
 1.00763e-02  2.07927e-02

 1.03047e-02  2.10750e-02
 1.04358e-02  2.08473e-02
 1.04360e-02  2.09987e-02
 1.03048e-02  2.09232e-02
 1.04358e-02  2.08473e-02

 1.07682e-02  2.10750e-02
 1.07682e-02  2.09298e-02
 1.08439e-02  2.10609e-02
 1.06925e-02  2.10609e-02
 1.07682e-02  2.09298e-02

 4.30885e-03  2.16450e-02
 5.36653e-03  2.16749e-02
 5.23335e-03  2.17469e-02
 5.23764e-03  2.15956e-02
 5.36653e-03  2.16749e-02

 4.77031e-03  2.16450e-02
 5.84570e-03  2.16404e-02
 5.71493e-03  2.17167e-02
 5.71429e-03  2.15653e-02
 5.84570e-03  2.16404e-02

 5.23177e-03  2.16450e-02
 6.30231e-03  2.16070e-02
 6.17399e-03  2.16873e-02
 6.16862e-03  2.15360e-02
 6.30231e-03  2.16070e-02

 5.69323e-03  2.16450e-02
 6.73698e-03  2.15755e-02
 6.61121e-03  2.16597e-02
 6.60115e-03  2.15087e-02
 6.73698e-03  2.15755e-02

 6.15469e-03  2.16450e-02
 7.15098e-03  2.15465e-02
 7.02798e-03  2.16347e-02
 7.01309e-03  2.14841e-02
 7.15098e-03  2.15465e-02

 6.61615e-03  2.16450e-02
 7.54622e-03  2.15206e-02
 7.42632e-03  2.16130e-02
 7.40626e-03  2.14630e-02
 7.54622e-03  2.15206e-02

 7.07760e-03  2.16450e-02
 7.92465e-03  2.14984e-02
 7.80839e-03  2.15953e-02
 7.78258e-03  2.14462e-02
 7.92465e-03  2.14984e-02

 7.53906e-03  2.16450e-02
 8.28920e-03  2.14805e-02
 8.17737e-03  2.15825e-02
 8.14494e-03  2.14347e-02
 8.28920e-03  2.14805e-02

 8.00052e-03  2.16450e-02
 8.64209e-03  2.14676e-02
 8.53592e-03  2.15754e-02
 8.49557e-03  2.14296e-02
 8.64209e-03  2.14676e-02

 8.46198e-03  2.16450e-02
 8.98854e-03  2.14606e-02
 8.88983e-03  2.15754e-02
 8.83981e-03  2.14325e-02
 8.98854e-03  2.14606e-02

 8.92344e-03  2.16450e-02
 9.32976e-03  2.14606e-02
 9.24166e-03  2.15837e-02
 9.17911e-03  2.14459e-02
 9.32976e-03  2.14606e-02

 9.38490e-03  2.16450e-02
 9.67747e-03  2.14697e-02
 9.60393e-03  2.16020e-02
 9.52612e-03  2.14721e-02
 9.67747e-03  2.14697e-02

 9.84635e-03  2.16450e-02
 1.00255e-02  2.14877e-02
 9.97692e-03  2.16311e-02
 9.87705e-03  2.15173e-02
 1.00255e-02  2.14877e-02

 1.03078e-02  2.16450e-02
 1.04063e-02  2.15186e-02
 1.03854e-02  2.16685e-02
 1.02661e-02  2.15755e-02
 1.04063e-02  2.15186e-02

 1.07693e-02  2.16450e-02
 1.07693e-02  2.15615e-02
 1.08450e-02  2.16926e-02
 1.06936e-02  2.16926e-02
 1.07693e-02  2.15615e-02

 4.33906e-03  2.22150e-02
 4.95379e-03  2.22150e-02
 4.82270e-03  2.22907e-02
 4.82270e-03  2.21393e-02
 4.95379e-03  2.22150e-02

 4.79844e-03  2.22150e-02
 5.42112e-03  2.22150e-02
 5.29003e-03  2.22907e-02
 5.29003e-03  2.21393e-02
 5.42112e-03  2.22150e-02

 5.25781e-03  2.22150e-02
 5.87541e-03  2.22150e-02
 5.74432e-03  2.22907e-02
 5.74432e-03  2.21393e-02
 5.87541e-03  2.22150e-02

 5.71719e-03  2.22150e-02
 6.31729e-03  2.22150e-02
 6.18620e-03  2.22907e-02
 6.18620e-03  2.21393e-02
 6.31729e-03  2.22150e-02

 6.17656e-03  2.22150e-02
 6.74756e-03  2.22150e-02
 6.61648e-03  2.22907e-02
 6.61648e-03  2.21393e-02
 6.74756e-03  2.22150e-02

 6.63594e-03  2.22150e-02
 7.16741e-03  2.22150e-02
 7.03632e-03  2.22907e-02
 7.03632e-03  2.21393e-02
 7.16741e-03  2.22150e-02

 7.09531e-03  2.22150e-02
 7.57801e-03  2.22150e-02
 7.44692e-03  2.22907e-02
 7.44692e-03  2.21393e-02
 7.57801e-03  2.22150e-02

 7.55469e-03  2.22150e-02
 7.98113e-03  2.22150e-02
 7.85004e-03  2.22907e-02
 7.85004e-03  2.21393e-02
 7.98113e-03  2.22150e-02

 8.01406e-03  2.22150e-02
 8.37805e-03  2.22150e-02
 8.24696e-03  2.22907e-02
 8.24696e-03  2.21393e-02
 8.37805e-03  2.22150e-02

 8.47344e-03  2.22150e-02
 8.77183e-03  2.22150e-02
 8.64075e-03  2.22907e-02
 8.64075e-03  2.21393e-02
 8.77183e-03  2.22150e-02

 8.93281e-03  2.22150e-02
 9.16300e-03  2.22150e-02
 9.03191e-03  2.22907e-02
 9.03191e-03  2.21393e-02
 9.16300e-03  2.22150e-02

 9.39219e-03  2.22150e-02
 9.55839e-03  2.22150e-02
 9.42730e-03  2.22907e-02
 9.42730e-03  2.21393e-02
 9.55839e-03  2.22150e-02

 9.85156e-03  2.22150e-02
 9.95393e-03  2.22150e-02
 9.82284e-03  2.22907e-02
 9.82284e-03  2.21393e-02
 9.95393e-03  2.22150e-02

 1.03109e-02  2.22150e-02
 1.03685e-02  2.22150e-02
 1.02374e-02  2.22907e-02
 1.02374e-02  2.21393e-02
 1.03685e-02  2.22150e-02

 1.07703e-02  2.22150e-02
 1.07703e-02  2.22150e-02
 1.06392e-02  2.22907e-02
 1.06392e-02  2.21393e-02
 1.07703e-02  2.22150e-02

