#[ Fluid velocity 2D plot data file: flw.dat ]
 1.95313e-04  1.13850e-02
 1.95313e-04  1.13850e-02
 6.42249e-05  1.14607e-02
 6.42249e-05  1.13093e-02
 1.95313e-04  1.13850e-02

 5.85937e-04  1.13850e-02
 4.42737e-04  1.13850e-02
 5.73824e-04  1.13093e-02
 5.73824e-04  1.14607e-02
 4.42737e-04  1.13850e-02

 9.76562e-04  1.13850e-02
 7.91304e-04  1.13850e-02
 9.22392e-04  1.13093e-02
 9.22392e-04  1.14607e-02
 7.91304e-04  1.13850e-02

 1.36719e-03  1.13850e-02
 1.09424e-03  1.13850e-02
 1.22532e-03  1.13093e-02
 1.22532e-03  1.14607e-02
 1.09424e-03  1.13850e-02

 1.75781e-03  1.13850e-02
 1.42319e-03  1.13850e-02
 1.55428e-03  1.13093e-02
 1.55428e-03  1.14607e-02
 1.42319e-03  1.13850e-02

 2.14844e-03  1.13850e-02
 1.74610e-03  1.13850e-02
 1.87719e-03  1.13093e-02
 1.87719e-03  1.14607e-02
 1.74610e-03  1.13850e-02

 2.53906e-03  1.13850e-02
 2.07867e-03  1.13850e-02
 2.20976e-03  1.13093e-02
 2.20976e-03  1.14607e-02
 2.07867e-03  1.13850e-02

 2.92969e-03  1.13850e-02
 2.41530e-03  1.13850e-02
 2.54639e-03  1.13093e-02
 2.54639e-03  1.14607e-02
 2.41530e-03  1.13850e-02

 3.32031e-03  1.13850e-02
 2.75962e-03  1.13850e-02
 2.89071e-03  1.13093e-02
 2.89071e-03  1.14607e-02
 2.75962e-03  1.13850e-02

 1.97049e-04  1.19550e-02
 1.97049e-04  1.21966e-02
 1.21365e-04  1.20655e-02
 2.72732e-04  1.20655e-02
 1.97049e-04  1.21966e-02

 5.91146e-04  1.19550e-02
 3.72943e-04  1.21744e-02
 4.11717e-04  1.20281e-02
 5.19044e-04  1.21348e-02
 3.72943e-04  1.21744e-02

 9.85243e-04  1.19550e-02
 6.92537e-04  1.21711e-02
 7.53039e-04  1.20324e-02
 8.42949e-04  1.21541e-02
 6.92537e-04  1.21711e-02

 1.37934e-03  1.19550e-02
 9.48951e-04  1.21608e-02
 1.03456e-03  1.20360e-02
 1.09986e-03  1.21725e-02
 9.48951e-04  1.21608e-02

 1.77344e-03  1.19550e-02
 1.24262e-03  1.21511e-02
 1.33936e-03  1.20347e-02
 1.39182e-03  1.21767e-02
 1.24262e-03  1.21511e-02

 2.16753e-03  1.19550e-02
 1.52953e-03  1.21377e-02
 1.63472e-03  1.20288e-02
 1.67639e-03  1.21743e-02
 1.52953e-03  1.21377e-02

 2.56163e-03  1.19550e-02
 1.83171e-03  1.21222e-02
 1.94260e-03  1.20191e-02
 1.97638e-03  1.21667e-02
 1.83171e-03  1.21222e-02

 2.95573e-03  1.19550e-02
 2.14160e-03  1.21040e-02
 2.25692e-03  1.20060e-02
 2.28417e-03  1.21549e-02
 2.14160e-03  1.21040e-02

 3.34983e-03  1.19550e-02
 2.46433e-03  1.20838e-02
 2.58315e-03  1.19901e-02
 2.60495e-03  1.21399e-02
 2.46433e-03  1.20838e-02

 1.98785e-04  1.25250e-02
 1.98785e-04  1.29271e-02
 1.23101e-04  1.27961e-02
 2.74468e-04  1.27961e-02
 1.98785e-04  1.29271e-02

 5.96354e-04  1.25250e-02
 3.40605e-04  1.29124e-02
 3.49669e-04  1.27613e-02
 4.75989e-04  1.28447e-02
 3.40605e-04  1.29124e-02

 9.93924e-04  1.25250e-02
 6.41541e-04  1.29015e-02
 6.75867e-04  1.27540e-02
 7.86377e-04  1.28575e-02
 6.41541e-04  1.29015e-02

 1.39149e-03  1.25250e-02
 8.72236e-04  1.28848e-02
 9.36873e-04  1.27480e-02
 1.02309e-03  1.28724e-02
 8.72236e-04  1.28848e-02

 1.78906e-03  1.25250e-02
 1.14587e-03  1.28642e-02
 1.22652e-03  1.27361e-02
 1.29712e-03  1.28700e-02
 1.14587e-03  1.28642e-02

 2.18663e-03  1.25250e-02
 1.41360e-03  1.28382e-02
 1.50667e-03  1.27189e-02
 1.56352e-03  1.28592e-02
 1.41360e-03  1.28382e-02

 2.58420e-03  1.25250e-02
 1.70045e-03  1.28076e-02
 1.80225e-03  1.26956e-02
 1.84836e-03  1.28398e-02
 1.70045e-03  1.28076e-02

 2.98177e-03  1.25250e-02
 1.99796e-03  1.27727e-02
 2.10661e-03  1.26673e-02
 2.14356e-03  1.28141e-02
 1.99796e-03  1.27727e-02

 3.37934e-03  1.25250e-02
 2.31198e-03  1.27339e-02
 2.42609e-03  1.26344e-02
 2.45516e-03  1.27830e-02
 2.31198e-03  1.27339e-02

 2.00521e-04  1.30950e-02
 2.00521e-04  1.37399e-02
 1.24837e-04  1.36088e-02
 2.76204e-04  1.36088e-02
 2.00521e-04  1.37399e-02

 6.01563e-04  1.30950e-02
 3.28481e-04  1.37322e-02
 3.10557e-04  1.35819e-02
 4.49685e-04  1.36415e-02
 3.28481e-04  1.37322e-02

 1.00260e-03  1.30950e-02
 6.24262e-04  1.37129e-02
 6.28172e-04  1.35616e-02
 7.57261e-04  1.36406e-02
 6.24262e-04  1.37129e-02

 1.40365e-03  1.30950e-02
 8.45041e-04  1.36865e-02
 8.80028e-04  1.35392e-02
 9.90072e-04  1.36431e-02
 8.45041e-04  1.36865e-02

 1.80469e-03  1.30950e-02
 1.11186e-03  1.36500e-02
 1.16684e-03  1.35090e-02
 1.26148e-03  1.36272e-02
 1.11186e-03  1.36500e-02

 2.20573e-03  1.30950e-02
 1.37306e-03  1.36054e-02
 1.44526e-03  1.34724e-02
 1.52437e-03  1.36015e-02
 1.37306e-03  1.36054e-02

 2.60677e-03  1.30950e-02
 1.65551e-03  1.35526e-02
 1.74082e-03  1.34276e-02
 1.80644e-03  1.35640e-02
 1.65551e-03  1.35526e-02

 3.00781e-03  1.30950e-02
 1.95021e-03  1.34929e-02
 2.04625e-03  1.33759e-02
 2.09955e-03  1.35176e-02
 1.95021e-03  1.34929e-02

 3.40885e-03  1.30950e-02
 2.26354e-03  1.34270e-02
 2.36837e-03  1.33178e-02
 2.41051e-03  1.34632e-02
 2.26354e-03  1.34270e-02

 2.02257e-04  1.36650e-02
 2.02257e-04  1.45210e-02
 1.26573e-04  1.43899e-02
 2.77940e-04  1.43899e-02
 2.02257e-04  1.45210e-02

 6.06771e-04  1.36650e-02
 3.39033e-04  1.45236e-02
 3.05803e-04  1.43760e-02
 4.50308e-04  1.44210e-02
 3.39033e-04  1.45236e-02

 1.01128e-03  1.36650e-02
 6.39785e-04  1.44970e-02
 6.24125e-04  1.43464e-02
 7.62339e-04  1.44081e-02
 6.39785e-04  1.44970e-02

 1.41580e-03  1.36650e-02
 8.66231e-04  1.44620e-02
 8.78337e-04  1.43111e-02
 1.00295e-03  1.43971e-02
 8.66231e-04  1.44620e-02

 1.82031e-03  1.36650e-02
 1.13836e-03  1.44103e-02
 1.17102e-03  1.42625e-02
 1.28269e-03  1.43646e-02
 1.13836e-03  1.44103e-02

 2.22483e-03  1.36650e-02
 1.40517e-03  1.43473e-02
 1.45750e-03  1.42053e-02
 1.55434e-03  1.43216e-02
 1.40517e-03  1.43473e-02

 2.62934e-03  1.36650e-02
 1.69351e-03  1.42726e-02
 1.76225e-03  1.41377e-02
 1.84467e-03  1.42647e-02
 1.69351e-03  1.42726e-02

 3.03385e-03  1.36650e-02
 1.99457e-03  1.41885e-02
 2.07759e-03  1.40620e-02
 2.14569e-03  1.41971e-02
 1.99457e-03  1.41885e-02

 3.43837e-03  1.36650e-02
 2.31470e-03  1.40963e-02
 2.40996e-03  1.39787e-02
 2.46420e-03  1.41200e-02
 2.31470e-03  1.40963e-02

 2.03993e-04  1.42350e-02
 2.03993e-04  1.53048e-02
 1.28310e-04  1.51737e-02
 2.79677e-04  1.51737e-02
 2.03993e-04  1.53048e-02

 6.11979e-04  1.42350e-02
 3.67030e-04  1.53167e-02
 3.22165e-04  1.51722e-02
 4.69795e-04  1.52056e-02
 3.67030e-04  1.53167e-02

 1.01997e-03  1.42350e-02
 6.80313e-04  1.52833e-02
 6.48720e-04  1.51353e-02
 7.92717e-04  1.51819e-02
 6.80313e-04  1.52833e-02

 1.42795e-03  1.42350e-02
 9.24717e-04  1.52395e-02
 9.15763e-04  1.50884e-02
 1.05110e-03  1.51562e-02
 9.24717e-04  1.52395e-02

 1.83594e-03  1.42350e-02
 1.21138e-03  1.51722e-02
 1.22110e-03  1.50211e-02
 1.34706e-03  1.51051e-02
 1.21138e-03  1.51722e-02

 2.24392e-03  1.42350e-02
 1.49309e-03  1.50904e-02
 1.52269e-03  1.49419e-02
 1.63645e-03  1.50418e-02
 1.49309e-03  1.50904e-02

 2.65191e-03  1.42350e-02
 1.79502e-03  1.49930e-02
 1.84306e-03  1.48495e-02
 1.94335e-03  1.49629e-02
 1.79502e-03  1.49930e-02

 3.05990e-03  1.42350e-02
 2.10893e-03  1.48839e-02
 2.17455e-03  1.47475e-02
 2.25987e-03  1.48725e-02
 2.10893e-03  1.48839e-02

 3.46788e-03  1.42350e-02
 2.44078e-03  1.47646e-02
 2.52261e-03  1.46372e-02
 2.59198e-03  1.47718e-02
 2.44078e-03  1.47646e-02

 2.05729e-04  1.48050e-02
 2.05729e-04  1.60532e-02
 1.30046e-04  1.59222e-02
 2.81413e-04  1.59222e-02
 2.05729e-04  1.60532e-02

 6.17187e-04  1.48050e-02
 4.10367e-04  1.60734e-02
 3.56767e-04  1.59318e-02
 5.06161e-04  1.59562e-02
 4.10367e-04  1.60734e-02

 1.02865e-03  1.48050e-02
 7.42199e-04  1.60344e-02
 6.98236e-04  1.58896e-02
 8.45654e-04  1.59239e-02
 7.42199e-04  1.60344e-02

 1.44010e-03  1.48050e-02
 1.01492e-03  1.59832e-02
 9.88231e-04  1.58342e-02
 1.13061e-03  1.58856e-02
 1.01492e-03  1.59832e-02

 1.85156e-03  1.48050e-02
 1.32374e-03  1.59022e-02
 1.31237e-03  1.57512e-02
 1.44877e-03  1.58169e-02
 1.32374e-03  1.59022e-02

 2.26302e-03  1.48050e-02
 1.62814e-03  1.58036e-02
 1.63461e-03  1.56523e-02
 1.76234e-03  1.57336e-02
 1.62814e-03  1.58036e-02

 2.67448e-03  1.48050e-02
 1.94998e-03  1.56862e-02
 1.97477e-03  1.55369e-02
 2.09169e-03  1.56330e-02
 1.94998e-03  1.56862e-02

 3.08594e-03  1.48050e-02
 2.28210e-03  1.55548e-02
 2.32634e-03  1.54100e-02
 2.42959e-03  1.55207e-02
 2.28210e-03  1.55548e-02

 3.49740e-03  1.48050e-02
 2.62976e-03  1.54114e-02
 2.69385e-03  1.52743e-02
 2.78056e-03  1.53984e-02
 2.62976e-03  1.54114e-02

 2.07465e-04  1.53750e-02
 2.07465e-04  1.67692e-02
 1.31782e-04  1.66382e-02
 2.83149e-04  1.66382e-02
 2.07465e-04  1.67692e-02

 6.22396e-04  1.53750e-02
 4.65285e-04  1.67955e-02
 4.04471e-04  1.66569e-02
 5.54920e-04  1.66735e-02
 4.65285e-04  1.67955e-02

 1.03733e-03  1.53750e-02
 8.19903e-04  1.67524e-02
 7.65584e-04  1.66112e-02
 9.15099e-04  1.66348e-02
 8.19903e-04  1.67524e-02

 1.45226e-03  1.53750e-02
 1.12878e-03  1.66950e-02
 1.08647e-03  1.65497e-02
 1.23349e-03  1.65857e-02
 1.12878e-03  1.66950e-02

 1.86719e-03  1.53750e-02
 1.46531e-03  1.66026e-02
 1.43417e-03  1.64545e-02
 1.57802e-03  1.65016e-02
 1.46531e-03  1.66026e-02

 2.28212e-03  1.53750e-02
 1.79821e-03  1.64899e-02
 1.78098e-03  1.63395e-02
 1.91983e-03  1.63998e-02
 1.79821e-03  1.64899e-02

 2.69705e-03  1.53750e-02
 2.14459e-03  1.63554e-02
 2.14301e-03  1.62040e-02
 2.27488e-03  1.62784e-02
 2.14459e-03  1.63554e-02

 3.11198e-03  1.53750e-02
 2.49891e-03  1.62051e-02
 2.51591e-03  1.60547e-02
 2.63767e-03  1.61446e-02
 2.49891e-03  1.62051e-02

 3.52691e-03  1.53750e-02
 2.86535e-03  1.60413e-02
 2.90401e-03  1.58949e-02
 3.01142e-03  1.60016e-02
 2.86535e-03  1.60413e-02

 2.09201e-04  1.59450e-02
 2.09201e-04  1.74391e-02
 1.33518e-04  1.73081e-02
 2.84885e-04  1.73081e-02
 2.09201e-04  1.74391e-02

 6.27604e-04  1.59450e-02
 5.28716e-04  1.74696e-02
 4.61676e-04  1.73339e-02
 6.12726e-04  1.73437e-02
 5.28716e-04  1.74696e-02

 1.04601e-03  1.59450e-02
 9.09118e-04  1.74241e-02
 8.45837e-04  1.72866e-02
 9.96560e-04  1.73005e-02
 9.09118e-04  1.74241e-02

 1.46441e-03  1.59450e-02
 1.25991e-03  1.73622e-02
 1.20373e-03  1.72216e-02
 1.35354e-03  1.72432e-02
 1.25991e-03  1.73622e-02

 1.88281e-03  1.59450e-02
 1.62823e-03  1.72616e-02
 1.57881e-03  1.71185e-02
 1.72742e-03  1.71473e-02
 1.62823e-03  1.72616e-02

 2.30122e-03  1.59450e-02
 1.99399e-03  1.71385e-02
 1.95338e-03  1.69926e-02
 2.09997e-03  1.70304e-02
 1.99399e-03  1.71385e-02

 2.71962e-03  1.59450e-02
 2.36840e-03  1.69913e-02
 2.33837e-03  1.68430e-02
 2.48187e-03  1.68911e-02
 2.36840e-03  1.69913e-02

 3.13802e-03  1.59450e-02
 2.74794e-03  1.68268e-02
 2.73176e-03  1.66763e-02
 2.87019e-03  1.67375e-02
 2.74794e-03  1.68268e-02

 3.55642e-03  1.59450e-02
 3.13542e-03  1.66477e-02
 3.13787e-03  1.64964e-02
 3.26771e-03  1.65742e-02
 3.13542e-03  1.66477e-02

 2.10937e-04  1.65150e-02
 2.10937e-04  1.80614e-02
 1.35254e-04  1.79304e-02
 2.86621e-04  1.79304e-02
 2.10938e-04  1.80614e-02

 6.32812e-04  1.65150e-02
 5.97327e-04  1.80941e-02
 5.24608e-04  1.79613e-02
 6.75936e-04  1.79647e-02
 5.97327e-04  1.80941e-02

 1.05469e-03  1.65150e-02
 1.00524e-03  1.80477e-02
 9.33819e-04  1.79143e-02
 1.08511e-03  1.79192e-02
 1.00524e-03  1.80477e-02

 1.47656e-03  1.65150e-02
 1.40158e-03  1.79832e-02
 1.33268e-03  1.78484e-02
 1.48385e-03  1.78561e-02
 1.40158e-03  1.79832e-02

 1.89844e-03  1.65150e-02
 1.80423e-03  1.78778e-02
 1.73777e-03  1.77418e-02
 1.88878e-03  1.77523e-02
 1.80423e-03  1.78778e-02

 2.32031e-03  1.65150e-02
 2.20565e-03  1.77483e-02
 2.14243e-03  1.76107e-02
 2.29315e-03  1.76247e-02
 2.20565e-03  1.77483e-02

 2.74219e-03  1.65150e-02
 2.61038e-03  1.75933e-02
 2.55116e-03  1.74540e-02
 2.70141e-03  1.74723e-02
 2.61038e-03  1.75933e-02

 3.16406e-03  1.65150e-02
 3.01715e-03  1.74199e-02
 2.96345e-03  1.72784e-02
 3.11286e-03  1.73027e-02
 3.01715e-03  1.74199e-02

 3.58594e-03  1.65150e-02
 3.42719e-03  1.72313e-02
 3.38166e-03  1.70869e-02
 3.52945e-03  1.71197e-02
 3.42719e-03  1.72313e-02

 2.12674e-04  1.70850e-02
 2.12674e-04  1.86330e-02
 1.36990e-04  1.85019e-02
 2.88357e-04  1.85019e-02
 2.12674e-04  1.86330e-02

 6.38021e-04  1.70850e-02
 6.68153e-04  1.86656e-02
 5.89985e-04  1.85360e-02
 7.41324e-04  1.85331e-02
 6.68153e-04  1.86656e-02

 1.06337e-03  1.70850e-02
 1.10426e-03  1.86200e-02
 1.02511e-03  1.84910e-02
 1.17643e-03  1.84870e-02
 1.10426e-03  1.86200e-02

 1.48872e-03  1.70850e-02
 1.54790e-03  1.85547e-02
 1.46701e-03  1.84268e-02
 1.61825e-03  1.84207e-02
 1.54790e-03  1.85547e-02

 1.91406e-03  1.70850e-02
 1.98613e-03  1.84481e-02
 1.90363e-03  1.83212e-02
 2.05478e-03  1.83132e-02
 1.98613e-03  1.84481e-02

 2.33941e-03  1.70850e-02
 2.42465e-03  1.83164e-02
 2.34010e-03  1.81908e-02
 2.49110e-03  1.81804e-02
 2.42465e-03  1.83164e-02

 2.76476e-03  1.70850e-02
 2.86091e-03  1.81587e-02
 2.77383e-03  1.80349e-02
 2.92460e-03  1.80214e-02
 2.86091e-03  1.81587e-02

 3.19010e-03  1.70850e-02
 3.29599e-03  1.79822e-02
 3.20547e-03  1.78609e-02
 3.35579e-03  1.78432e-02
 3.29599e-03  1.79822e-02

 3.61545e-03  1.70850e-02
 3.72945e-03  1.77903e-02
 3.63382e-03  1.76729e-02
 3.78324e-03  1.76488e-02
 3.72945e-03  1.77903e-02

 2.14410e-04  1.76550e-02
 2.14410e-04  1.91538e-02
 1.38726e-04  1.90227e-02
 2.90093e-04  1.90227e-02
 2.14410e-04  1.91538e-02

 6.43229e-04  1.76550e-02
 7.38189e-04  1.91846e-02
 6.54529e-04  1.90585e-02
 8.05605e-04  1.90491e-02
 7.38189e-04  1.91846e-02

 1.07205e-03  1.76550e-02
 1.20216e-03  1.91409e-02
 1.11533e-03  1.90169e-02
 1.26612e-03  1.90037e-02
 1.20216e-03  1.91409e-02

 1.50087e-03  1.76550e-02
 1.69290e-03  1.90768e-02
 1.60035e-03  1.89570e-02
 1.75036e-03  1.89368e-02
 1.69290e-03  1.90768e-02

 1.92969e-03  1.76550e-02
 2.16655e-03  1.89723e-02
 2.06887e-03  1.88567e-02
 2.21784e-03  1.88299e-02
 2.16655e-03  1.89723e-02

 2.35851e-03  1.76550e-02
 2.64216e-03  1.88429e-02
 2.53810e-03  1.87329e-02
 2.68533e-03  1.86978e-02
 2.64216e-03  1.88429e-02

 2.78733e-03  1.76550e-02
 3.10993e-03  1.86879e-02
 2.99861e-03  1.85853e-02
 3.14309e-03  1.85402e-02
 3.10993e-03  1.86879e-02

 3.21615e-03  1.76550e-02
 3.57335e-03  1.85141e-02
 3.45314e-03  1.84221e-02
 3.59290e-03  1.83640e-02
 3.57335e-03  1.85141e-02

 3.64497e-03  1.76550e-02
 4.03016e-03  1.83252e-02
 3.89922e-03  1.82493e-02
 4.03045e-03  1.81738e-02
 4.03016e-03  1.83252e-02

 2.16146e-04  1.82250e-02
 2.16146e-04  1.96275e-02
 1.40462e-04  1.94964e-02
 2.91829e-04  1.94964e-02
 2.16146e-04  1.96275e-02

 6.48438e-04  1.82250e-02
 8.04792e-04  1.96544e-02
 7.15303e-04  1.95323e-02
 8.65772e-04  1.95158e-02
 8.04792e-04  1.96544e-02

 1.08073e-03  1.82250e-02
 1.29541e-03  1.96136e-02
 1.20058e-03  1.94956e-02
 1.35017e-03  1.94725e-02
 1.29541e-03  1.96136e-02

 1.51302e-03  1.82250e-02
 1.83124e-03  1.95522e-02
 1.72708e-03  1.94424e-02
 1.87427e-03  1.94071e-02
 1.83124e-03  1.95522e-02

 1.94531e-03  1.82250e-02
 2.33885e-03  1.94531e-02
 2.22678e-03  1.93514e-02
 2.37092e-03  1.93052e-02
 2.33885e-03  1.94531e-02

 2.37760e-03  1.82250e-02
 2.85005e-03  1.93299e-02
 2.72892e-03  1.92391e-02
 2.86810e-03  1.91796e-02
 2.85005e-03  1.93299e-02

 2.80990e-03  1.82250e-02
 3.34805e-03  1.91824e-02
 3.21784e-03  1.91052e-02
 3.34979e-03  1.90310e-02
 3.34805e-03  1.91824e-02

 3.24219e-03  1.82250e-02
 3.83859e-03  1.90171e-02
 3.69928e-03  1.89579e-02
 3.82020e-03  1.88669e-02
 3.83859e-03  1.90171e-02

 3.67448e-03  1.82250e-02
 4.31766e-03  1.88375e-02
 4.17054e-03  1.88019e-02
 4.27492e-03  1.86923e-02
 4.31766e-03  1.88375e-02

 2.17882e-04  1.87950e-02
 2.17882e-04  2.00556e-02
 1.42198e-04  1.99245e-02
 2.93565e-04  1.99245e-02
 2.17882e-04  2.00556e-02

 6.53646e-04  1.87950e-02
 8.64825e-04  2.00765e-02
 7.68835e-04  1.99595e-02
 9.18188e-04  1.99349e-02
 8.64825e-04  2.00765e-02

 1.08941e-03  1.87950e-02
 1.37977e-03  2.00397e-02
 1.27628e-03  1.99292e-02
 1.42369e-03  1.98948e-02
 1.37977e-03  2.00397e-02

 1.52517e-03  1.87950e-02
 1.95651e-03  1.99827e-02
 1.84062e-03  1.98853e-02
 1.98290e-03  1.98337e-02
 1.95651e-03  1.99827e-02

 1.96094e-03  1.87950e-02
 2.49496e-03  1.98923e-02
 2.36954e-03  1.98075e-02
 2.50565e-03  1.97413e-02
 2.49496e-03  1.98923e-02

 2.39670e-03  1.87950e-02
 3.03841e-03  1.97793e-02
 2.90342e-03  1.97109e-02
 3.03023e-03  1.96282e-02
 3.03841e-03  1.97793e-02

 2.83247e-03  1.87950e-02
 3.56373e-03  1.96445e-02
 3.42085e-03  1.95946e-02
 3.53557e-03  1.94958e-02
 3.56373e-03  1.96445e-02

 3.26823e-03  1.87950e-02
 4.07865e-03  1.94935e-02
 3.92994e-03  1.94652e-02
 4.02876e-03  1.93506e-02
 4.07865e-03  1.94935e-02

 3.70399e-03  1.87950e-02
 4.57761e-03  1.93296e-02
 4.42629e-03  1.93257e-02
 4.50529e-03  1.91966e-02
 4.57761e-03  1.93296e-02

 2.19618e-04  1.93650e-02
 2.19618e-04  2.04502e-02
 1.43935e-04  2.03191e-02
 2.95302e-04  2.03191e-02
 2.19618e-04  2.04502e-02

 6.58854e-04  1.93650e-02
 9.15784e-04  2.04629e-02
 8.12223e-04  2.03525e-02
 9.59608e-04  2.03181e-02
 9.15784e-04  2.04629e-02

 1.09809e-03  1.93650e-02
 1.45173e-03  2.04305e-02
 1.33861e-03  2.03300e-02
 1.48227e-03  2.02823e-02
 1.45173e-03  2.04305e-02

 1.53733e-03  1.93650e-02
 2.06313e-03  2.03791e-02
 1.93560e-03  2.02975e-02
 2.06998e-03  2.02279e-02
 2.06313e-03  2.03791e-02

 1.97656e-03  1.93650e-02
 2.62766e-03  2.02997e-02
 2.49063e-03  2.02354e-02
 2.61483e-03  2.01489e-02
 2.62766e-03  2.02997e-02

 2.41580e-03  1.93650e-02
 3.19814e-03  2.02003e-02
 3.05329e-03  2.01564e-02
 3.16377e-03  2.00529e-02
 3.19814e-03  2.02003e-02

 2.85503e-03  1.93650e-02
 3.74621e-03  2.00822e-02
 3.59663e-03  2.00590e-02
 3.69153e-03  1.99411e-02
 3.74621e-03  2.00822e-02

 3.29427e-03  1.93650e-02
 4.28118e-03  1.99499e-02
 4.12983e-03  1.99481e-02
 4.20700e-03  1.98179e-02
 4.28118e-03  1.99499e-02

 3.73351e-03  1.93650e-02
 4.79610e-03  1.98066e-02
 4.64601e-03  1.98262e-02
 4.70410e-03  1.96864e-02
 4.79610e-03  1.98066e-02

 2.21354e-04  1.99350e-02
 2.21354e-04  2.08091e-02
 1.45671e-04  2.06781e-02
 2.97038e-04  2.06781e-02
 2.21354e-04  2.08091e-02

 6.64062e-04  1.99350e-02
 9.53128e-04  2.08122e-02
 8.40221e-04  2.07114e-02
 9.83984e-04  2.06641e-02
 9.53128e-04  2.08122e-02

 1.10677e-03  1.99350e-02
 1.50478e-03  2.07857e-02
 1.38067e-03  2.06990e-02
 1.51777e-03  2.06349e-02
 1.50478e-03  2.07857e-02

 1.54948e-03  1.99350e-02
 2.14126e-03  2.07417e-02
 2.00270e-03  2.06808e-02
 2.12475e-03  2.05912e-02
 2.14126e-03  2.07417e-02

 1.99219e-03  1.99350e-02
 2.72445e-03  2.06767e-02
 2.57849e-03  2.06366e-02
 2.68621e-03  2.05302e-02
 2.72445e-03  2.06767e-02

 2.43490e-03  1.99350e-02
 3.31411e-03  2.05950e-02
 3.16384e-03  2.05768e-02
 3.25471e-03  2.04558e-02
 3.31411e-03  2.05950e-02

 2.87760e-03  1.99350e-02
 3.87791e-03  2.04983e-02
 3.72655e-03  2.05000e-02
 3.80083e-03  2.03681e-02
 3.87791e-03  2.04983e-02

 3.32031e-03  1.99350e-02
 4.42650e-03  2.03902e-02
 4.27648e-03  2.04103e-02
 4.33407e-03  2.02703e-02
 4.42650e-03  2.03902e-02

 3.76302e-03  1.99350e-02
 4.95201e-03  2.02734e-02
 4.80521e-03  2.03103e-02
 4.84664e-03  2.01647e-02
 4.95201e-03  2.02734e-02

 2.23090e-04  2.05050e-02
 2.23090e-04  2.11647e-02
 1.47407e-04  2.10336e-02
 2.98774e-04  2.10336e-02
 2.23090e-04  2.11647e-02

 6.69271e-04  2.05050e-02
 9.74843e-04  2.11558e-02
 8.50623e-04  2.10693e-02
 9.87640e-04  2.10050e-02
 9.74843e-04  2.11558e-02

 1.11545e-03  2.05050e-02
 1.53499e-03  2.11356e-02
 1.39936e-03  2.10684e-02
 1.52539e-03  2.09845e-02
 1.53499e-03  2.11356e-02

 1.56163e-03  2.05050e-02
 2.18458e-03  2.10994e-02
 2.03750e-03  2.10637e-02
 2.14199e-03  2.09542e-02
 2.18458e-03  2.10994e-02

 2.00781e-03  2.05050e-02
 2.77691e-03  2.10496e-02
 2.62619e-03  2.10356e-02
 2.71366e-03  2.09121e-02
 2.77691e-03  2.10496e-02

 2.45399e-03  2.05050e-02
 3.37574e-03  2.09864e-02
 3.22451e-03  2.09928e-02
 3.29458e-03  2.08586e-02
 3.37574e-03  2.09864e-02

 2.90017e-03  2.05050e-02
 3.94657e-03  2.09123e-02
 3.79696e-03  2.09353e-02
 3.85187e-03  2.07942e-02
 3.94657e-03  2.09123e-02

 3.34635e-03  2.05050e-02
 4.50091e-03  2.08294e-02
 4.35423e-03  2.08668e-02
 4.39518e-03  2.07211e-02
 4.50091e-03  2.08294e-02

 3.79253e-03  2.05050e-02
 5.03011e-03  2.07403e-02
 4.88719e-03  2.07902e-02
 4.91547e-03  2.06415e-02
 5.03011e-03  2.07403e-02

 2.24826e-04  2.10750e-02
 2.24826e-04  2.14909e-02
 1.49143e-04  2.13598e-02
 3.00510e-04  2.13598e-02
 2.24826e-04  2.14909e-02

 6.74479e-04  2.10750e-02
 9.71408e-04  2.14746e-02
 8.32475e-04  2.14145e-02
 9.53972e-04  2.13242e-02
 9.71408e-04  2.14746e-02

 1.12413e-03  2.10750e-02
 1.52863e-03  2.14629e-02
 1.38163e-03  2.14268e-02
 1.48640e-03  2.13176e-02
 1.52863e-03  2.14629e-02

 1.57378e-03  2.10750e-02
 2.17341e-03  2.14384e-02
 2.02208e-03  2.14352e-02
 2.10053e-03  2.13057e-02
 2.17341e-03  2.14384e-02

 2.02344e-03  2.10750e-02
 2.76083e-03  2.14073e-02
 2.61022e-03  2.14225e-02
 2.67242e-03  2.12845e-02
 2.76083e-03  2.14073e-02

 2.47309e-03  2.10750e-02
 3.35480e-03  2.13671e-02
 3.20656e-03  2.13977e-02
 3.25417e-03  2.12541e-02
 3.35480e-03  2.13671e-02

 2.92274e-03  2.10750e-02
 3.92078e-03  2.13204e-02
 3.77542e-03  2.13626e-02
 3.81155e-03  2.12156e-02
 3.92078e-03  2.13204e-02

 3.37240e-03  2.10750e-02
 4.47056e-03  2.12680e-02
 4.32836e-03  2.13198e-02
 4.35455e-03  2.11707e-02
 4.47056e-03  2.12680e-02

 3.82205e-03  2.10750e-02
 4.99552e-03  2.12119e-02
 4.85655e-03  2.12719e-02
 4.87409e-03  2.11216e-02
 4.99552e-03  2.12119e-02

 2.26562e-04  2.16450e-02
 2.26562e-04  2.18825e-02
 1.50879e-04  2.17514e-02
 3.02246e-04  2.17514e-02
 2.26563e-04  2.18825e-02

 6.79687e-04  2.16450e-02
 9.44723e-04  2.18555e-02
 7.95005e-04  2.18333e-02
 8.89155e-04  2.17147e-02
 9.44723e-04  2.18555e-02

 1.13281e-03  2.16450e-02
 1.48295e-03  2.18529e-02
 1.33160e-03  2.18510e-02
 1.40887e-03  2.17209e-02
 1.48295e-03  2.18529e-02

 1.58594e-03  2.16450e-02
 2.10457e-03  2.18358e-02
 1.95541e-03  2.18615e-02
 2.00766e-03  2.17195e-02
 2.10457e-03  2.18358e-02

 2.03906e-03  2.16450e-02
 2.67187e-03  2.18189e-02
 2.52541e-03  2.18572e-02
 2.56552e-03  2.17112e-02
 2.67187e-03  2.18189e-02

 2.49219e-03  2.16450e-02
 3.24673e-03  2.17950e-02
 3.10340e-03  2.18436e-02
 3.13291e-03  2.16952e-02
 3.24673e-03  2.17950e-02

 2.94531e-03  2.16450e-02
 3.79569e-03  2.17680e-02
 3.65512e-03  2.18242e-02
 3.67679e-03  2.16744e-02
 3.79569e-03  2.17680e-02

 3.39844e-03  2.16450e-02
 4.33071e-03  2.17376e-02
 4.19278e-03  2.17999e-02
 4.20774e-03  2.16493e-02
 4.33071e-03  2.17376e-02

 3.85156e-03  2.16450e-02
 4.84339e-03  2.17053e-02
 4.70796e-03  2.17729e-02
 4.71714e-03  2.16218e-02
 4.84339e-03  2.17053e-02

 2.28299e-04  2.22150e-02
 2.28299e-04  2.22150e-02
 9.72110e-05  2.22907e-02
 9.72110e-05  2.21393e-02
 2.28299e-04  2.22150e-02

 6.84896e-04  2.22150e-02
 8.65969e-04  2.22150e-02
 7.34881e-04  2.22907e-02
 7.34881e-04  2.21393e-02
 8.65969e-04  2.22150e-02

 1.14149e-03  2.22150e-02
 1.37034e-03  2.22150e-02
 1.23925e-03  2.22907e-02
 1.23925e-03  2.21393e-02
 1.37034e-03  2.22150e-02

 1.59809e-03  2.22150e-02
 1.93839e-03  2.22150e-02
 1.80731e-03  2.22907e-02
 1.80731e-03  2.21393e-02
 1.93839e-03  2.22150e-02

 2.05469e-03  2.22150e-02
 2.46549e-03  2.22150e-02
 2.33440e-03  2.22907e-02
 2.33440e-03  2.21393e-02
 2.46549e-03  2.22150e-02

 2.51128e-03  2.22150e-02
 3.00001e-03  2.22150e-02
 2.86892e-03  2.22907e-02
 2.86892e-03  2.21393e-02
 3.00001e-03  2.22150e-02

 2.96788e-03  2.22150e-02
 3.51616e-03  2.22150e-02
 3.38507e-03  2.22907e-02
 3.38507e-03  2.21393e-02
 3.51616e-03  2.22150e-02

 3.42448e-03  2.22150e-02
 4.02349e-03  2.22150e-02
 3.89240e-03  2.22907e-02
 3.89240e-03  2.21393e-02
 4.02349e-03  2.22150e-02

 3.88108e-03  2.22150e-02
 4.51592e-03  2.22150e-02
 4.38484e-03  2.22907e-02
 4.38484e-03  2.21393e-02
 4.51592e-03  2.22150e-02

 3.76510e-03  1.13850e-02
 3.15964e-03  1.13850e-02
 3.29072e-03  1.13093e-02
 3.29072e-03  1.14607e-02
 3.15964e-03  1.13850e-02

 4.26406e-03  1.13850e-02
 3.62309e-03  1.13850e-02
 3.75418e-03  1.13093e-02
 3.75418e-03  1.14607e-02
 3.62309e-03  1.13850e-02

 4.76302e-03  1.13850e-02
 4.10087e-03  1.13850e-02
 4.23195e-03  1.13093e-02
 4.23195e-03  1.14607e-02
 4.10087e-03  1.13850e-02

 5.26198e-03  1.13850e-02
 4.59400e-03  1.13850e-02
 4.72509e-03  1.13093e-02
 4.72509e-03  1.14607e-02
 4.59400e-03  1.13850e-02

 5.76094e-03  1.13850e-02
 5.10275e-03  1.13850e-02
 5.23384e-03  1.13093e-02
 5.23384e-03  1.14607e-02
 5.10275e-03  1.13850e-02

 6.25990e-03  1.13850e-02
 5.62689e-03  1.13850e-02
 5.75798e-03  1.13093e-02
 5.75798e-03  1.14607e-02
 5.62689e-03  1.13850e-02

 6.75885e-03  1.13850e-02
 6.16603e-03  1.13850e-02
 6.29712e-03  1.13093e-02
 6.29712e-03  1.14607e-02
 6.16603e-03  1.13850e-02

 7.25781e-03  1.13850e-02
 6.71845e-03  1.13850e-02
 6.84954e-03  1.13093e-02
 6.84954e-03  1.14607e-02
 6.71845e-03  1.13850e-02

 7.75677e-03  1.13850e-02
 7.28333e-03  1.13850e-02
 7.41441e-03  1.13093e-02
 7.41441e-03  1.14607e-02
 7.28333e-03  1.13850e-02

 8.25573e-03  1.13850e-02
 7.85600e-03  1.13850e-02
 7.98709e-03  1.13093e-02
 7.98709e-03  1.14607e-02
 7.85600e-03  1.13850e-02

 8.75469e-03  1.13850e-02
 8.43766e-03  1.13850e-02
 8.56874e-03  1.13093e-02
 8.56874e-03  1.14607e-02
 8.43766e-03  1.13850e-02

 9.25365e-03  1.13850e-02
 9.01557e-03  1.13850e-02
 9.14666e-03  1.13093e-02
 9.14666e-03  1.14607e-02
 9.01557e-03  1.13850e-02

 9.75260e-03  1.13850e-02
 9.60330e-03  1.13850e-02
 9.73439e-03  1.13093e-02
 9.73439e-03  1.14607e-02
 9.60330e-03  1.13850e-02

 1.02516e-02  1.13850e-02
 1.01602e-02  1.13850e-02
 1.02913e-02  1.13093e-02
 1.02913e-02  1.14607e-02
 1.01602e-02  1.13850e-02

 1.07505e-02  1.13850e-02
 1.07505e-02  1.13850e-02
 1.06194e-02  1.14607e-02
 1.06194e-02  1.13093e-02
 1.07505e-02  1.13850e-02

 3.79531e-03  1.19550e-02
 2.84314e-03  1.20585e-02
 2.96528e-03  1.19691e-02
 2.98164e-03  1.21196e-02
 2.84314e-03  1.20585e-02

 4.29219e-03  1.19550e-02
 3.28779e-03  1.20274e-02
 3.41310e-03  1.19425e-02
 3.42398e-03  1.20935e-02
 3.28779e-03  1.20274e-02

 4.78906e-03  1.19550e-02
 3.75576e-03  1.19946e-02
 3.88385e-03  1.19139e-02
 3.88964e-03  1.20652e-02
 3.75576e-03  1.19946e-02

 5.28594e-03  1.19550e-02
 4.24771e-03  1.19606e-02
 4.37839e-03  1.18842e-02
 4.37920e-03  1.20356e-02
 4.24771e-03  1.19606e-02

 5.78281e-03  1.19550e-02
 4.76404e-03  1.19263e-02
 4.89720e-03  1.18544e-02
 4.89295e-03  1.20057e-02
 4.76404e-03  1.19263e-02

 6.27969e-03  1.19550e-02
 5.30420e-03  1.18929e-02
 5.43984e-03  1.18257e-02
 5.43022e-03  1.19767e-02
 5.30420e-03  1.18929e-02

 6.77656e-03  1.19550e-02
 5.86730e-03  1.18613e-02
 6.00545e-03  1.17995e-02
 5.98994e-03  1.19501e-02
 5.86730e-03  1.18613e-02

 7.27344e-03  1.19550e-02
 6.45068e-03  1.18331e-02
 6.59145e-03  1.17774e-02
 6.56926e-03  1.19272e-02
 6.45068e-03  1.18331e-02

 7.77031e-03  1.19550e-02
 7.05273e-03  1.18095e-02
 7.19624e-03  1.17613e-02
 7.16616e-03  1.19097e-02
 7.05273e-03  1.18095e-02

 8.26719e-03  1.19550e-02
 7.66674e-03  1.17921e-02
 7.81307e-03  1.17534e-02
 7.77344e-03  1.18995e-02
 7.66674e-03  1.17921e-02

 8.76406e-03  1.19550e-02
 8.29305e-03  1.17820e-02
 8.44220e-03  1.17562e-02
 8.39002e-03  1.18983e-02
 8.29305e-03  1.17820e-02

 9.26094e-03  1.19550e-02
 8.91444e-03  1.17815e-02
 9.06554e-03  1.17725e-02
 8.99775e-03  1.19078e-02
 8.91444e-03  1.17815e-02

 9.75781e-03  1.19550e-02
 9.54537e-03  1.17898e-02
 9.69531e-03  1.18105e-02
 9.60240e-03  1.19300e-02
 9.54537e-03  1.17898e-02

 1.02547e-02  1.19550e-02
 1.01338e-02  1.18129e-02
 1.02764e-02  1.18637e-02
 1.01611e-02  1.19618e-02
 1.01338e-02  1.18129e-02

 1.07516e-02  1.19550e-02
 1.07516e-02  1.18458e-02
 1.08272e-02  1.19769e-02
 1.06759e-02  1.19769e-02
 1.07516e-02  1.18458e-02

 3.82552e-03  1.25250e-02
 2.68240e-03  1.26866e-02
 2.80160e-03  1.25933e-02
 2.82279e-03  1.27431e-02
 2.68240e-03  1.26866e-02

 4.32031e-03  1.25250e-02
 3.12028e-03  1.26303e-02
 3.24424e-03  1.25435e-02
 3.25748e-03  1.26943e-02
 3.12028e-03  1.26303e-02

 4.81510e-03  1.25250e-02
 3.58616e-03  1.25715e-02
 3.71429e-03  1.24909e-02
 3.72001e-03  1.26422e-02
 3.58616e-03  1.25715e-02

 5.30990e-03  1.25250e-02
 4.08064e-03  1.25113e-02
 4.21257e-03  1.24371e-02
 4.21088e-03  1.25884e-02
 4.08064e-03  1.25113e-02

 5.80469e-03  1.25250e-02
 4.60367e-03  1.24513e-02
 4.73914e-03  1.23838e-02
 4.72987e-03  1.25349e-02
 4.60367e-03  1.24513e-02

 6.29948e-03  1.25250e-02
 5.15424e-03  1.23931e-02
 5.29312e-03  1.23330e-02
 5.27581e-03  1.24833e-02
 5.15424e-03  1.23931e-02

 6.79427e-03  1.25250e-02
 5.73107e-03  1.23389e-02
 5.87324e-03  1.22870e-02
 5.84715e-03  1.24361e-02
 5.73107e-03  1.23389e-02

 7.28906e-03  1.25250e-02
 6.33083e-03  1.22909e-02
 6.47614e-03  1.22484e-02
 6.44021e-03  1.23955e-02
 6.33083e-03  1.22909e-02

 7.78385e-03  1.25250e-02
 6.95126e-03  1.22514e-02
 7.09942e-03  1.22204e-02
 7.05217e-03  1.23642e-02
 6.95126e-03  1.22514e-02

 8.27865e-03  1.25250e-02
 7.58483e-03  1.22231e-02
 7.73523e-03  1.22060e-02
 7.67483e-03  1.23448e-02
 7.58483e-03  1.22231e-02

 8.77344e-03  1.25250e-02
 8.23120e-03  1.22085e-02
 8.38257e-03  1.22092e-02
 8.30627e-03  1.23400e-02
 8.23120e-03  1.22085e-02

 9.26823e-03  1.25250e-02
 8.87167e-03  1.22107e-02
 9.02141e-03  1.22328e-02
 8.92740e-03  1.23514e-02
 8.87167e-03  1.22107e-02

 9.76302e-03  1.25250e-02
 9.52063e-03  1.22322e-02
 9.66252e-03  1.22849e-02
 9.54592e-03  1.23814e-02
 9.52063e-03  1.22322e-02

 1.02578e-02  1.25250e-02
 1.01215e-02  1.22785e-02
 1.02512e-02  1.23566e-02
 1.01187e-02  1.24299e-02
 1.01215e-02  1.22785e-02

 1.07526e-02  1.25250e-02
 1.07526e-02  1.23499e-02
 1.08283e-02  1.24809e-02
 1.06769e-02  1.24809e-02
 1.07526e-02  1.23499e-02

 3.85573e-03  1.30950e-02
 2.63261e-03  1.33479e-02
 2.74566e-03  1.32473e-02
 2.77631e-03  1.33955e-02
 2.63261e-03  1.33479e-02

 4.34844e-03  1.30950e-02
 3.06878e-03  1.32553e-02
 3.18945e-03  1.31639e-02
 3.20826e-03  1.33141e-02
 3.06878e-03  1.32553e-02

 4.84115e-03  1.30950e-02
 3.53508e-03  1.31590e-02
 3.66230e-03  1.30770e-02
 3.66971e-03  1.32282e-02
 3.53508e-03  1.31590e-02

 5.33385e-03  1.30950e-02
 4.03172e-03  1.30612e-02
 4.16473e-03  1.29889e-02
 4.16080e-03  1.31402e-02
 4.03172e-03  1.30612e-02

 5.82656e-03  1.30950e-02
 4.55841e-03  1.29643e-02
 4.69657e-03  1.29024e-02
 4.68105e-03  1.30530e-02
 4.55841e-03  1.29643e-02

 6.31927e-03  1.30950e-02
 5.11378e-03  1.28711e-02
 5.25649e-03  1.28206e-02
 5.22885e-03  1.29694e-02
 5.11378e-03  1.28711e-02

 6.81198e-03  1.30950e-02
 5.69633e-03  1.27847e-02
 5.84290e-03  1.27469e-02
 5.80234e-03  1.28928e-02
 5.69633e-03  1.27847e-02

 7.30469e-03  1.30950e-02
 6.30234e-03  1.27087e-02
 6.45187e-03  1.26852e-02
 6.39744e-03  1.28265e-02
 6.30234e-03  1.27087e-02

 7.79740e-03  1.30950e-02
 6.92923e-03  1.26468e-02
 7.08043e-03  1.26397e-02
 7.01099e-03  1.27742e-02
 6.92923e-03  1.26468e-02

 8.29010e-03  1.30950e-02
 7.56937e-03  1.26031e-02
 7.72031e-03  1.26145e-02
 7.63498e-03  1.27395e-02
 7.56937e-03  1.26031e-02

 8.78281e-03  1.30950e-02
 8.22188e-03  1.25818e-02
 8.36968e-03  1.26145e-02
 8.26751e-03  1.27262e-02
 8.22188e-03  1.25818e-02

 9.27552e-03  1.30950e-02
 8.86768e-03  1.25874e-02
 9.00878e-03  1.26422e-02
 8.89078e-03  1.27370e-02
 8.86768e-03  1.25874e-02

 9.76823e-03  1.30950e-02
 9.52050e-03  1.26250e-02
 9.64858e-03  1.27057e-02
 9.51468e-03  1.27763e-02
 9.52050e-03  1.26250e-02

 1.02609e-02  1.30950e-02
 1.01235e-02  1.27007e-02
 1.02381e-02  1.27996e-02
 1.00952e-02  1.28494e-02
 1.01235e-02  1.27007e-02

 1.07536e-02  1.30950e-02
 1.07536e-02  1.28197e-02
 1.08293e-02  1.29508e-02
 1.06780e-02  1.29508e-02
 1.07536e-02  1.28197e-02

 3.88594e-03  1.36650e-02
 2.68900e-03  1.39872e-02
 2.79591e-03  1.38800e-02
 2.83526e-03  1.40262e-02
 2.68900e-03  1.39872e-02

 4.37656e-03  1.36650e-02
 3.12816e-03  1.38612e-02
 3.24591e-03  1.37661e-02
 3.26941e-03  1.39156e-02
 3.12816e-03  1.38612e-02

 4.86719e-03  1.36650e-02
 3.59669e-03  1.37312e-02
 3.72366e-03  1.36488e-02
 3.73154e-03  1.38000e-02
 3.59669e-03  1.37312e-02

 5.35781e-03  1.36650e-02
 4.09458e-03  1.36002e-02
 4.22938e-03  1.35313e-02
 4.22161e-03  1.36825e-02
 4.09458e-03  1.36002e-02

 5.84844e-03  1.36650e-02
 4.62131e-03  1.34711e-02
 4.76260e-03  1.34168e-02
 4.73898e-03  1.35663e-02
 4.62131e-03  1.34711e-02

 6.33906e-03  1.36650e-02
 5.17528e-03  1.33478e-02
 5.32166e-03  1.33092e-02
 5.28185e-03  1.34553e-02
 5.17528e-03  1.33478e-02

 6.82969e-03  1.36650e-02
 5.75483e-03  1.32342e-02
 5.90467e-03  1.32127e-02
 5.84835e-03  1.33532e-02
 5.75483e-03  1.32342e-02

 7.32031e-03  1.36650e-02
 6.35648e-03  1.31348e-02
 6.50782e-03  1.31317e-02
 6.43486e-03  1.32643e-02
 6.35648e-03  1.31348e-02

 7.81094e-03  1.36650e-02
 6.97759e-03  1.30547e-02
 7.12806e-03  1.30711e-02
 7.03863e-03  1.31932e-02
 6.97759e-03  1.30547e-02

 8.30156e-03  1.36650e-02
 7.61077e-03  1.29990e-02
 7.75767e-03  1.30355e-02
 7.65261e-03  1.31445e-02
 7.61077e-03  1.29990e-02

 8.79219e-03  1.36650e-02
 8.25528e-03  1.29737e-02
 8.39546e-03  1.30308e-02
 8.27592e-03  1.31237e-02
 8.25528e-03  1.29737e-02

 9.28281e-03  1.36650e-02
 8.89291e-03  1.29844e-02
 9.02375e-03  1.30605e-02
 8.89241e-03  1.31358e-02
 8.89291e-03  1.29844e-02

 9.77344e-03  1.36650e-02
 9.53681e-03  1.30393e-02
 9.65397e-03  1.31351e-02
 9.51239e-03  1.31887e-02
 9.53681e-03  1.30393e-02

 1.02641e-02  1.36650e-02
 1.01324e-02  1.31440e-02
 1.02379e-02  1.32525e-02
 1.00912e-02  1.32896e-02
 1.01324e-02  1.31440e-02

 1.07547e-02  1.36650e-02
 1.07547e-02  1.33072e-02
 1.08304e-02  1.34383e-02
 1.06790e-02  1.34383e-02
 1.07547e-02  1.33072e-02

 3.91615e-03  1.42350e-02
 2.82411e-03  1.46250e-02
 2.92210e-03  1.45097e-02
 2.97302e-03  1.46522e-02
 2.82411e-03  1.46250e-02

 4.40469e-03  1.42350e-02
 3.26822e-03  1.44657e-02
 3.38164e-03  1.43654e-02
 3.41175e-03  1.45138e-02
 3.26822e-03  1.44657e-02

 4.89323e-03  1.42350e-02
 3.73898e-03  1.43022e-02
 3.86545e-03  1.42191e-02
 3.87425e-03  1.43702e-02
 3.73898e-03  1.43022e-02

 5.38177e-03  1.42350e-02
 4.23623e-03  1.41382e-02
 4.37322e-03  1.40738e-02
 4.36047e-03  1.42246e-02
 4.23623e-03  1.41382e-02

 5.87031e-03  1.42350e-02
 4.75928e-03  1.39775e-02
 4.90407e-03  1.39334e-02
 4.86989e-03  1.40808e-02
 4.75928e-03  1.39775e-02

 6.35885e-03  1.42350e-02
 5.30663e-03  1.38246e-02
 5.45626e-03  1.38017e-02
 5.40125e-03  1.39427e-02
 5.30663e-03  1.38246e-02

 6.84740e-03  1.42350e-02
 5.87660e-03  1.36844e-02
 6.02797e-03  1.36832e-02
 5.95329e-03  1.38149e-02
 5.87660e-03  1.36844e-02

 7.33594e-03  1.42350e-02
 6.46611e-03  1.35623e-02
 6.61610e-03  1.35826e-02
 6.52350e-03  1.37024e-02
 6.46611e-03  1.35623e-02

 7.82448e-03  1.42350e-02
 7.07266e-03  1.34645e-02
 7.21838e-03  1.35054e-02
 7.11004e-03  1.36111e-02
 7.07266e-03  1.34645e-02

 8.31302e-03  1.42350e-02
 7.68986e-03  1.33971e-02
 7.82882e-03  1.34571e-02
 7.70736e-03  1.35475e-02
 7.68986e-03  1.33971e-02

 8.80156e-03  1.42350e-02
 8.31706e-03  1.33680e-02
 8.44707e-03  1.34455e-02
 8.31494e-03  1.35193e-02
 8.31706e-03  1.33680e-02

 9.29010e-03  1.42350e-02
 8.93799e-03  1.33834e-02
 9.05802e-03  1.34756e-02
 8.91814e-03  1.35335e-02
 8.93799e-03  1.33834e-02

 9.77865e-03  1.42350e-02
 9.56469e-03  1.34546e-02
 9.67234e-03  1.35610e-02
 9.52636e-03  1.36010e-02
 9.56469e-03  1.34546e-02

 1.02672e-02  1.42350e-02
 1.01479e-02  1.35865e-02
 1.02461e-02  1.37018e-02
 1.00972e-02  1.37291e-02
 1.01479e-02  1.35865e-02

 1.07557e-02  1.42350e-02
 1.07557e-02  1.37921e-02
 1.08314e-02  1.39232e-02
 1.06800e-02  1.39232e-02
 1.07557e-02  1.37921e-02

 3.94635e-03  1.48050e-02
 3.02521e-03  1.52455e-02
 3.11082e-03  1.51207e-02
 3.17612e-03  1.52572e-02
 3.02521e-03  1.52455e-02

 4.43281e-03  1.48050e-02
 3.47595e-03  1.50580e-02
 3.58333e-03  1.49513e-02
 3.62202e-03  1.50977e-02
 3.47595e-03  1.50580e-02

 4.91927e-03  1.48050e-02
 3.94893e-03  1.48665e-02
 4.07497e-03  1.47827e-02
 4.08455e-03  1.49338e-02
 3.94893e-03  1.48665e-02

 5.40573e-03  1.48050e-02
 4.44394e-03  1.46752e-02
 4.58397e-03  1.46178e-02
 4.56374e-03  1.47678e-02
 4.44394e-03  1.46752e-02

 5.89219e-03  1.48050e-02
 4.96030e-03  1.44887e-02
 5.10875e-03  1.44591e-02
 5.06010e-03  1.46025e-02
 4.96030e-03  1.44887e-02

 6.37865e-03  1.48050e-02
 5.49671e-03  1.43118e-02
 5.64806e-03  1.43097e-02
 5.57418e-03  1.44418e-02
 5.49671e-03  1.43118e-02

 6.86510e-03  1.48050e-02
 6.05158e-03  1.41502e-02
 6.20116e-03  1.41734e-02
 6.10625e-03  1.42914e-02
 6.05158e-03  1.41502e-02

 7.35156e-03  1.48050e-02
 6.62238e-03  1.40099e-02
 6.76676e-03  1.40554e-02
 6.65521e-03  1.41577e-02
 6.62238e-03  1.40099e-02

 7.83802e-03  1.48050e-02
 7.20723e-03  1.38981e-02
 7.34421e-03  1.39625e-02
 7.21995e-03  1.40489e-02
 7.20723e-03  1.38981e-02

 8.32448e-03  1.48050e-02
 7.80078e-03  1.38216e-02
 7.92920e-03  1.39017e-02
 7.79559e-03  1.39728e-02
 7.80078e-03  1.38216e-02

 8.81094e-03  1.48050e-02
 8.40278e-03  1.37896e-02
 8.52189e-03  1.38830e-02
 8.38144e-03  1.39394e-02
 8.40278e-03  1.37896e-02

 9.29740e-03  1.48050e-02
 8.99971e-03  1.38094e-02
 9.10977e-03  1.39133e-02
 8.96475e-03  1.39567e-02
 8.99971e-03  1.38094e-02

 9.78385e-03  1.48050e-02
 9.60214e-03  1.38944e-02
 9.70201e-03  1.40081e-02
 9.55357e-03  1.40377e-02
 9.60214e-03  1.38944e-02

 1.02703e-02  1.48050e-02
 1.01682e-02  1.40494e-02
 1.02608e-02  1.41692e-02
 1.01108e-02  1.41895e-02
 1.01682e-02  1.40494e-02

 1.07568e-02  1.48050e-02
 1.07568e-02  1.42907e-02
 1.08325e-02  1.44218e-02
 1.06811e-02  1.44218e-02
 1.07568e-02  1.42907e-02

 3.97656e-03  1.53750e-02
 3.27492e-03  1.58534e-02
 3.34059e-03  1.57170e-02
 3.42586e-03  1.58421e-02
 3.27492e-03  1.58534e-02

 4.46094e-03  1.53750e-02
 3.73298e-03  1.56430e-02
 3.82985e-03  1.55267e-02
 3.88214e-03  1.56687e-02
 3.73298e-03  1.56430e-02

 4.94531e-03  1.53750e-02
 4.20797e-03  1.54289e-02
 4.33319e-03  1.53438e-02
 4.34422e-03  1.54948e-02
 4.20797e-03  1.54289e-02

 5.42969e-03  1.53750e-02
 4.69954e-03  1.52158e-02
 4.84374e-03  1.51697e-02
 4.81149e-03  1.53176e-02
 4.69954e-03  1.52158e-02

 5.91406e-03  1.53750e-02
 5.20706e-03  1.50086e-02
 5.35827e-03  1.50017e-02
 5.28861e-03  1.51361e-02
 5.20706e-03  1.50086e-02

 6.39844e-03  1.53750e-02
 5.72943e-03  1.48127e-02
 5.87847e-03  1.48391e-02
 5.78108e-03  1.49550e-02
 5.72943e-03  1.48127e-02

 6.88281e-03  1.53750e-02
 6.26549e-03  1.46342e-02
 6.40755e-03  1.46865e-02
 6.29126e-03  1.47834e-02
 6.26549e-03  1.46342e-02

 7.36719e-03  1.53750e-02
 6.81325e-03  1.44797e-02
 6.94658e-03  1.45513e-02
 6.81786e-03  1.46310e-02
 6.81325e-03  1.44797e-02

 7.85156e-03  1.53750e-02
 7.37143e-03  1.43567e-02
 7.49579e-03  1.44430e-02
 7.35888e-03  1.45075e-02
 7.37143e-03  1.43567e-02

 8.33594e-03  1.53750e-02
 7.93613e-03  1.42729e-02
 8.05198e-03  1.43703e-02
 7.90969e-03  1.44219e-02
 7.93613e-03  1.42729e-02

 8.82031e-03  1.53750e-02
 8.50741e-03  1.42384e-02
 8.61517e-03  1.43447e-02
 8.46923e-03  1.43849e-02
 8.50741e-03  1.42384e-02

 9.30469e-03  1.53750e-02
 9.07519e-03  1.42612e-02
 9.17577e-03  1.43743e-02
 9.02752e-03  1.44048e-02
 9.07519e-03  1.42612e-02

 9.78906e-03  1.53750e-02
 9.64799e-03  1.43567e-02
 9.74094e-03  1.44761e-02
 9.59101e-03  1.44969e-02
 9.64799e-03  1.43567e-02

 1.02734e-02  1.53750e-02
 1.01935e-02  1.45294e-02
 1.02812e-02  1.46528e-02
 1.01305e-02  1.46670e-02
 1.01935e-02  1.45294e-02

 1.07578e-02  1.53750e-02
 1.07578e-02  1.47996e-02
 1.08335e-02  1.49307e-02
 1.06821e-02  1.49307e-02
 1.07578e-02  1.47996e-02

 4.00677e-03  1.59450e-02
 3.56061e-03  1.64440e-02
 3.59156e-03  1.62959e-02
 3.70440e-03  1.63968e-02
 3.56061e-03  1.64440e-02

 4.48906e-03  1.59450e-02
 4.02680e-03  1.62178e-02
 4.10122e-03  1.60860e-02
 4.17816e-03  1.62164e-02
 4.02680e-03  1.62178e-02

 4.97135e-03  1.59450e-02
 4.50380e-03  1.59884e-02
 4.62733e-03  1.59009e-02
 4.64131e-03  1.60516e-02
 4.50380e-03  1.59884e-02

 5.45365e-03  1.59450e-02
 4.99127e-03  1.57606e-02
 5.14106e-03  1.57389e-02
 5.08500e-03  1.58795e-02
 4.99127e-03  1.57606e-02

 5.93594e-03  1.59450e-02
 5.48866e-03  1.55398e-02
 5.63662e-03  1.55717e-02
 5.53500e-03  1.56839e-02
 5.48866e-03  1.55398e-02

 6.41823e-03  1.59450e-02
 5.99515e-03  1.53317e-02
 6.13188e-03  1.53966e-02
 6.00729e-03  1.54826e-02
 5.99515e-03  1.53317e-02

 6.90052e-03  1.59450e-02
 6.50993e-03  1.51425e-02
 6.63534e-03  1.52272e-02
 6.49924e-03  1.52934e-02
 6.50993e-03  1.51425e-02

 7.38281e-03  1.59450e-02
 7.03174e-03  1.49788e-02
 7.14764e-03  1.50762e-02
 7.00538e-03  1.51279e-02
 7.03174e-03  1.49788e-02

 7.86510e-03  1.59450e-02
 7.55984e-03  1.48488e-02
 7.66792e-03  1.49548e-02
 7.52210e-03  1.49954e-02
 7.55984e-03  1.48488e-02

 8.34740e-03  1.59450e-02
 8.09193e-03  1.47604e-02
 8.19355e-03  1.48726e-02
 8.04559e-03  1.49045e-02
 8.09193e-03  1.47604e-02

 8.82969e-03  1.59450e-02
 8.62833e-03  1.47243e-02
 8.72434e-03  1.48413e-02
 8.57499e-03  1.48660e-02
 8.62833e-03  1.47243e-02

 9.31198e-03  1.59450e-02
 9.16291e-03  1.47487e-02
 9.25423e-03  1.48695e-02
 9.10402e-03  1.48882e-02
 9.16291e-03  1.47487e-02

 9.79427e-03  1.59450e-02
 9.70155e-03  1.48510e-02
 9.78803e-03  1.49752e-02
 9.63721e-03  1.49880e-02
 9.70155e-03  1.48510e-02

 1.02766e-02  1.59450e-02
 1.02232e-02  1.50352e-02
 1.03065e-02  1.51616e-02
 1.01554e-02  1.51705e-02
 1.02232e-02  1.50352e-02

 1.07589e-02  1.59450e-02
 1.07589e-02  1.53254e-02
 1.08345e-02  1.54564e-02
 1.06832e-02  1.54564e-02
 1.07589e-02  1.53254e-02

 4.03698e-03  1.65150e-02
 3.86896e-03  1.70184e-02
 3.83867e-03  1.68701e-02
 3.98225e-03  1.69180e-02
 3.86896e-03  1.70184e-02

 4.51719e-03  1.65150e-02
 4.34372e-03  1.67838e-02
 4.35121e-03  1.66326e-02
 4.47839e-03  1.67147e-02
 4.34372e-03  1.67838e-02

 4.99740e-03  1.65150e-02
 4.82285e-03  1.65464e-02
 4.93846e-03  1.64487e-02
 4.96527e-03  1.65977e-02
 4.82285e-03  1.65464e-02

 5.47760e-03  1.65150e-02
 5.30597e-03  1.63114e-02
 5.44833e-03  1.63629e-02
 5.33260e-03  1.64604e-02
 5.30597e-03  1.63114e-02

 5.95781e-03  1.65150e-02
 5.79266e-03  1.60842e-02
 5.91026e-03  1.61795e-02
 5.76892e-03  1.62337e-02
 5.79266e-03  1.60842e-02

 6.43802e-03  1.65150e-02
 6.28240e-03  1.58705e-02
 6.38674e-03  1.59802e-02
 6.23960e-03  1.60157e-02
 6.28240e-03  1.58705e-02

 6.91823e-03  1.65150e-02
 6.77470e-03  1.56767e-02
 6.87142e-03  1.57931e-02
 6.72223e-03  1.58186e-02
 6.77470e-03  1.56767e-02

 7.39844e-03  1.65150e-02
 7.26906e-03  1.55093e-02
 7.36085e-03  1.56297e-02
 7.21072e-03  1.56490e-02
 7.26906e-03  1.55093e-02

 7.87865e-03  1.65150e-02
 7.76525e-03  1.53766e-02
 7.85355e-03  1.54995e-02
 7.70293e-03  1.55145e-02
 7.76525e-03  1.53766e-02

 8.35885e-03  1.65150e-02
 8.26264e-03  1.52862e-02
 8.34832e-03  1.54110e-02
 8.19742e-03  1.54228e-02
 8.26264e-03  1.52862e-02

 8.83906e-03  1.65150e-02
 8.76164e-03  1.52494e-02
 8.84519e-03  1.53756e-02
 8.69410e-03  1.53849e-02
 8.76164e-03  1.52494e-02

 9.31927e-03  1.65150e-02
 9.26040e-03  1.52745e-02
 9.34221e-03  1.54018e-02
 9.19101e-03  1.54090e-02
 9.26040e-03  1.52745e-02

 9.79948e-03  1.65150e-02
 9.76160e-03  1.53797e-02
 9.84162e-03  1.55082e-02
 9.69033e-03  1.55132e-02
 9.76160e-03  1.53797e-02

 1.02797e-02  1.65150e-02
 1.02571e-02  1.55688e-02
 1.03359e-02  1.56980e-02
 1.01846e-02  1.57017e-02
 1.02571e-02  1.55688e-02

 1.07599e-02  1.65150e-02
 1.07599e-02  1.58693e-02
 1.08356e-02  1.60004e-02
 1.06842e-02  1.60004e-02
 1.07599e-02  1.58693e-02

 4.06719e-03  1.70850e-02
 4.18820e-03  1.75752e-02
 4.08330e-03  1.74661e-02
 4.23026e-03  1.74298e-02
 4.18820e-03  1.75752e-02

 4.54531e-03  1.70850e-02
 4.67169e-03  1.73400e-02
 4.54567e-03  1.72562e-02
 4.68130e-03  1.71890e-02
 4.67169e-03  1.73400e-02

 5.02344e-03  1.70850e-02
 5.15300e-03  1.71026e-02
 5.01290e-03  1.71599e-02
 5.03332e-03  1.70100e-02
 5.15300e-03  1.71026e-02

 5.50156e-03  1.70850e-02
 5.63176e-03  1.68683e-02
 5.62914e-03  1.70196e-02
 5.49938e-03  1.69417e-02
 5.63176e-03  1.68683e-02

 5.97969e-03  1.70850e-02
 6.10765e-03  1.66423e-02
 6.14396e-03  1.67892e-02
 5.99855e-03  1.67472e-02
 6.10765e-03  1.66423e-02

 6.45781e-03  1.70850e-02
 6.58043e-03  1.64303e-02
 6.63069e-03  1.65730e-02
 6.48191e-03  1.65452e-02
 6.58043e-03  1.64303e-02

 6.93594e-03  1.70850e-02
 7.04995e-03  1.62384e-02
 7.10746e-03  1.63784e-02
 6.95745e-03  1.63582e-02
 7.04995e-03  1.62384e-02

 7.41406e-03  1.70850e-02
 7.51645e-03  1.60731e-02
 7.57855e-03  1.62112e-02
 7.42795e-03  1.61959e-02
 7.51645e-03  1.60731e-02

 7.89219e-03  1.70850e-02
 7.98014e-03  1.59423e-02
 8.04554e-03  1.60788e-02
 7.89462e-03  1.60671e-02
 7.98014e-03  1.59423e-02

 8.37031e-03  1.70850e-02
 8.44207e-03  1.58533e-02
 8.51000e-03  1.59886e-02
 8.35889e-03  1.59798e-02
 8.44207e-03  1.58533e-02

 8.84844e-03  1.70850e-02
 8.90262e-03  1.58173e-02
 8.97264e-03  1.59515e-02
 8.82141e-03  1.59450e-02
 8.90262e-03  1.58173e-02

 9.32656e-03  1.70850e-02
 9.36428e-03  1.58421e-02
 9.43596e-03  1.59754e-02
 9.28466e-03  1.59709e-02
 9.36428e-03  1.58421e-02

 9.80469e-03  1.70850e-02
 9.82616e-03  1.59467e-02
 9.89936e-03  1.60792e-02
 9.74802e-03  1.60764e-02
 9.82616e-03  1.59467e-02

 1.02828e-02  1.70850e-02
 1.02939e-02  1.61343e-02
 1.03680e-02  1.62663e-02
 1.02167e-02  1.62645e-02
 1.02939e-02  1.61343e-02

 1.07609e-02  1.70850e-02
 1.07609e-02  1.64347e-02
 1.08366e-02  1.65657e-02
 1.06853e-02  1.65657e-02
 1.07609e-02  1.64347e-02

 4.09740e-03  1.76550e-02
 4.50557e-03  1.81152e-02
 4.36197e-03  1.80673e-02
 4.47520e-03  1.79669e-02
 4.50557e-03  1.81152e-02

 4.57344e-03  1.76550e-02
 4.99741e-03  1.78872e-02
 4.84608e-03  1.78906e-02
 4.91880e-03  1.77579e-02
 4.99741e-03  1.78872e-02

 5.04948e-03  1.76550e-02
 5.48069e-03  1.76578e-02
 5.34912e-03  1.77326e-02
 5.35009e-03  1.75812e-02
 5.48069e-03  1.76578e-02

 5.52552e-03  1.76550e-02
 5.95504e-03  1.74318e-02
 5.87362e-03  1.75594e-02
 5.80382e-03  1.74251e-02
 5.95504e-03  1.74318e-02

 6.00156e-03  1.76550e-02
 6.42024e-03  1.72146e-02
 6.38478e-03  1.73617e-02
 6.27507e-03  1.72575e-02
 6.42024e-03  1.72146e-02

 6.47760e-03  1.76550e-02
 6.87636e-03  1.70114e-02
 6.87165e-03  1.71627e-02
 6.74298e-03  1.70830e-02
 6.87636e-03  1.70114e-02

 6.95365e-03  1.76550e-02
 7.32356e-03  1.68282e-02
 7.33912e-03  1.69787e-02
 7.20095e-03  1.69169e-02
 7.32356e-03  1.68282e-02

 7.42969e-03  1.76550e-02
 7.76279e-03  1.66707e-02
 7.79246e-03  1.68192e-02
 7.64908e-03  1.67706e-02
 7.76279e-03  1.66707e-02

 7.90573e-03  1.76550e-02
 8.19471e-03  1.65465e-02
 8.23488e-03  1.66924e-02
 8.08841e-03  1.66542e-02
 8.19471e-03  1.65465e-02

 8.38177e-03  1.76550e-02
 8.62193e-03  1.64623e-02
 8.67025e-03  1.66058e-02
 8.52186e-03  1.65759e-02
 8.62193e-03  1.64623e-02

 8.85781e-03  1.76550e-02
 9.04467e-03  1.64287e-02
 9.09975e-03  1.65697e-02
 8.95011e-03  1.65469e-02
 9.04467e-03  1.64287e-02

 9.33385e-03  1.76550e-02
 9.46968e-03  1.64531e-02
 9.53017e-03  1.65918e-02
 9.37976e-03  1.65748e-02
 9.46968e-03  1.64531e-02

 9.80990e-03  1.76550e-02
 9.89224e-03  1.65537e-02
 9.95794e-03  1.66901e-02
 9.80699e-03  1.66788e-02
 9.89224e-03  1.65537e-02

 1.02859e-02  1.76550e-02
 1.03319e-02  1.67338e-02
 1.04010e-02  1.68685e-02
 1.02498e-02  1.68609e-02
 1.03319e-02  1.67338e-02

 1.07620e-02  1.76550e-02
 1.07620e-02  1.70231e-02
 1.08377e-02  1.71542e-02
 1.06863e-02  1.71542e-02
 1.07620e-02  1.70231e-02

 4.12760e-03  1.82250e-02
 4.80845e-03  1.86393e-02
 4.65712e-03  1.86358e-02
 4.73580e-03  1.85065e-02
 4.80845e-03  1.86393e-02

 4.60156e-03  1.82250e-02
 5.30749e-03  1.84260e-02
 5.16069e-03  1.84629e-02
 5.20214e-03  1.83173e-02
 5.30749e-03  1.84260e-02

 5.07552e-03  1.82250e-02
 5.79202e-03  1.82118e-02
 5.66235e-03  1.82899e-02
 5.65956e-03  1.81385e-02
 5.79202e-03  1.82118e-02

 5.54948e-03  1.82250e-02
 6.26163e-03  1.80016e-02
 6.15920e-03  1.81131e-02
 6.11390e-03  1.79686e-02
 6.26163e-03  1.80016e-02

 6.02344e-03  1.82250e-02
 6.71626e-03  1.78003e-02
 6.64405e-03  1.79333e-02
 6.56494e-03  1.78043e-02
 6.71626e-03  1.78003e-02

 6.49740e-03  1.82250e-02
 7.15627e-03  1.76128e-02
 7.11176e-03  1.77574e-02
 7.00872e-03  1.76465e-02
 7.15627e-03  1.76128e-02

 6.97135e-03  1.82250e-02
 7.58219e-03  1.74442e-02
 7.56103e-03  1.75941e-02
 7.44181e-03  1.75008e-02
 7.58219e-03  1.74442e-02

 7.44531e-03  1.82250e-02
 7.99564e-03  1.73001e-02
 7.99365e-03  1.74514e-02
 7.86357e-03  1.73740e-02
 7.99564e-03  1.73001e-02

 7.91927e-03  1.82250e-02
 8.39768e-03  1.71868e-02
 8.41156e-03  1.73375e-02
 8.27408e-03  1.72742e-02
 8.39768e-03  1.71868e-02

 8.39323e-03  1.82250e-02
 8.79237e-03  1.71108e-02
 8.81941e-03  1.72597e-02
 8.67691e-03  1.72087e-02
 8.79237e-03  1.71108e-02

 8.86719e-03  1.82250e-02
 9.17973e-03  1.70813e-02
 9.21818e-03  1.72277e-02
 9.07217e-03  1.71878e-02
 9.17973e-03  1.70813e-02

 9.34115e-03  1.82250e-02
 9.57036e-03  1.71050e-02
 9.61822e-03  1.72486e-02
 9.46993e-03  1.72183e-02
 9.57036e-03  1.71050e-02

 9.81510e-03  1.82250e-02
 9.95579e-03  1.71990e-02
 1.00130e-02  1.73392e-02
 9.86300e-03  1.73186e-02
 9.95579e-03  1.71990e-02

 1.02891e-02  1.82250e-02
 1.03687e-02  1.73663e-02
 1.04320e-02  1.75038e-02
 1.02813e-02  1.74898e-02
 1.03687e-02  1.73663e-02

 1.07630e-02  1.82250e-02
 1.07630e-02  1.76342e-02
 1.08387e-02  1.77653e-02
 1.06873e-02  1.77653e-02
 1.07630e-02  1.76342e-02

 4.15781e-03  1.87950e-02
 5.08138e-03  1.91501e-02
 4.93186e-03  1.91737e-02
 4.98618e-03  1.90324e-02
 5.08138e-03  1.91501e-02

 4.62969e-03  1.87950e-02
 5.58565e-03  1.89586e-02
 5.44367e-03  1.90111e-02
 5.46920e-03  1.88619e-02
 5.58565e-03  1.89586e-02

 5.10156e-03  1.87950e-02
 6.07008e-03  1.87669e-02
 5.94124e-03  1.88464e-02
 5.93686e-03  1.86951e-02
 6.07008e-03  1.87669e-02

 5.57344e-03  1.87950e-02
 6.53431e-03  1.85796e-02
 6.42296e-03  1.86821e-02
 6.38985e-03  1.85344e-02
 6.53431e-03  1.85796e-02

 6.04531e-03  1.87950e-02
 6.97857e-03  1.84009e-02
 6.88724e-03  1.85217e-02
 6.82836e-03  1.83822e-02
 6.97857e-03  1.84009e-02

 6.51719e-03  1.87950e-02
 7.40344e-03  1.82353e-02
 7.33302e-03  1.83692e-02
 7.25219e-03  1.82413e-02
 7.40344e-03  1.82353e-02

 6.98906e-03  1.87950e-02
 7.80993e-03  1.80871e-02
 7.76008e-03  1.82300e-02
 7.66123e-03  1.81154e-02
 7.80993e-03  1.80871e-02

 7.46094e-03  1.87950e-02
 8.20015e-03  1.79611e-02
 8.16983e-03  1.81094e-02
 8.05656e-03  1.80090e-02
 8.20015e-03  1.79611e-02

 7.93281e-03  1.87950e-02
 8.57568e-03  1.78628e-02
 8.56356e-03  1.80137e-02
 8.43895e-03  1.79278e-02
 8.57568e-03  1.78628e-02

 8.40469e-03  1.87950e-02
 8.94176e-03  1.77976e-02
 8.94624e-03  1.79489e-02
 8.81297e-03  1.78772e-02
 8.94176e-03  1.77976e-02

 8.87656e-03  1.87950e-02
 9.29826e-03  1.77737e-02
 9.31819e-03  1.79238e-02
 9.17828e-03  1.78660e-02
 9.29826e-03  1.77737e-02

 9.34844e-03  1.87950e-02
 9.65897e-03  1.77970e-02
 9.69229e-03  1.79447e-02
 9.54776e-03  1.78997e-02
 9.65897e-03  1.77970e-02

 9.82031e-03  1.87950e-02
 1.00121e-02  1.78820e-02
 1.00592e-02  1.80259e-02
 9.91110e-03  1.79948e-02
 1.00121e-02  1.78820e-02

 1.02922e-02  1.87950e-02
 1.04016e-02  1.80317e-02
 1.04580e-02  1.81722e-02
 1.03081e-02  1.81507e-02
 1.04016e-02  1.80317e-02

 1.07641e-02  1.87950e-02
 1.07641e-02  1.82685e-02
 1.08397e-02  1.83996e-02
 1.06884e-02  1.83996e-02
 1.07641e-02  1.82685e-02

 4.18802e-03  1.93650e-02
 5.30920e-03  1.96511e-02
 5.16347e-03  1.96920e-02
 5.20089e-03  1.95454e-02
 5.30920e-03  1.96511e-02

 4.65781e-03  1.93650e-02
 5.81569e-03  1.94868e-02
 5.67741e-03  1.95484e-02
 5.69324e-03  1.93978e-02
 5.81569e-03  1.94868e-02

 5.12760e-03  1.93650e-02
 6.29805e-03  1.93231e-02
 6.16975e-03  1.94034e-02
 6.16434e-03  1.92522e-02
 6.29805e-03  1.93231e-02

 5.59740e-03  1.93650e-02
 6.75603e-03  1.91639e-02
 6.63982e-03  1.92609e-02
 6.61393e-03  1.91117e-02
 6.75603e-03  1.91639e-02

 6.06719e-03  1.93650e-02
 7.19003e-03  1.90128e-02
 7.08760e-03  1.91242e-02
 7.04230e-03  1.89798e-02
 7.19003e-03  1.90128e-02

 6.53698e-03  1.93650e-02
 7.60109e-03  1.88735e-02
 7.51382e-03  1.89972e-02
 7.45035e-03  1.88598e-02
 7.60109e-03  1.88735e-02

 7.00677e-03  1.93650e-02
 7.99050e-03  1.87497e-02
 7.91950e-03  1.88834e-02
 7.83923e-03  1.87550e-02
 7.99050e-03  1.87497e-02

 7.47656e-03  1.93650e-02
 8.36115e-03  1.86452e-02
 8.30724e-03  1.87866e-02
 8.21170e-03  1.86692e-02
 8.36115e-03  1.86452e-02

 7.94635e-03  1.93650e-02
 8.71492e-03  1.85645e-02
 8.67873e-03  1.87115e-02
 8.56954e-03  1.86066e-02
 8.71492e-03  1.85645e-02

 8.41615e-03  1.93650e-02
 9.05792e-03  1.85121e-02
 9.03957e-03  1.86624e-02
 8.91863e-03  1.85714e-02
 9.05792e-03  1.85121e-02

 8.88594e-03  1.93650e-02
 9.39003e-03  1.84946e-02
 9.38983e-03  1.86460e-02
 9.25884e-03  1.85701e-02
 9.39003e-03  1.84946e-02

 9.35573e-03  1.93650e-02
 9.72737e-03  1.85173e-02
 9.74405e-03  1.86678e-02
 9.60542e-03  1.86070e-02
 9.72737e-03  1.85173e-02

 9.82552e-03  1.93650e-02
 1.00557e-02  1.85914e-02
 1.00909e-02  1.87386e-02
 9.94577e-03  1.86954e-02
 1.00557e-02  1.85914e-02

 1.02953e-02  1.93650e-02
 1.04270e-02  1.87203e-02
 1.04749e-02  1.88639e-02
 1.03266e-02  1.88336e-02
 1.04270e-02  1.87203e-02

 1.07651e-02  1.93650e-02
 1.07651e-02  1.89185e-02
 1.08408e-02  1.90495e-02
 1.06894e-02  1.90495e-02
 1.07651e-02  1.89185e-02

 4.21823e-03  1.99350e-02
 5.46973e-03  2.01478e-02
 5.32781e-03  2.02004e-02
 5.35318e-03  2.00512e-02
 5.46973e-03  2.01478e-02

 4.68594e-03  1.99350e-02
 5.97483e-03  2.00164e-02
 5.83923e-03  2.00837e-02
 5.84877e-03  1.99326e-02
 5.97483e-03  2.00164e-02

 5.15365e-03  1.99350e-02
 6.45290e-03  1.98862e-02
 6.32475e-03  1.99668e-02
 6.31907e-03  1.98155e-02
 6.45290e-03  1.98862e-02

 5.62135e-03  1.99350e-02
 6.90404e-03  1.97602e-02
 6.78437e-03  1.98529e-02
 6.76393e-03  1.97029e-02
 6.90404e-03  1.97602e-02

 6.08906e-03  1.99350e-02
 7.32876e-03  1.96414e-02
 7.21864e-03  1.97453e-02
 7.18376e-03  1.95980e-02
 7.32876e-03  1.96414e-02

 6.55677e-03  1.99350e-02
 7.72858e-03  1.95326e-02
 7.62918e-03  1.96467e-02
 7.58002e-03  1.95036e-02
 7.72858e-03  1.95326e-02

 7.02448e-03  1.99350e-02
 8.10509e-03  1.94365e-02
 8.01776e-03  1.95601e-02
 7.95435e-03  1.94227e-02
 8.10509e-03  1.94365e-02

 7.49219e-03  1.99350e-02
 8.46162e-03  1.93561e-02
 8.38787e-03  1.94883e-02
 8.31027e-03  1.93583e-02
 8.46162e-03  1.93561e-02

 7.95990e-03  1.99350e-02
 8.80044e-03  1.92948e-02
 8.74202e-03  1.94344e-02
 8.65030e-03  1.93140e-02
 8.80044e-03  1.92948e-02

 8.42760e-03  1.99350e-02
 9.12828e-03  1.92561e-02
 9.08680e-03  1.94017e-02
 8.98147e-03  1.92930e-02
 9.12828e-03  1.92561e-02

 8.89531e-03  1.99350e-02
 9.44505e-03  1.92451e-02
 9.42254e-03  1.93948e-02
 9.30416e-03  1.93005e-02
 9.44505e-03  1.92451e-02

 9.36302e-03  1.99350e-02
 9.76808e-03  1.92664e-02
 9.76489e-03  1.94177e-02
 9.63542e-03  1.93393e-02
 9.76808e-03  1.92664e-02

 9.83073e-03  1.99350e-02
 1.00818e-02  1.93274e-02
 1.01017e-02  1.94775e-02
 9.96180e-03  1.94197e-02
 1.00818e-02  1.93274e-02

 1.02984e-02  1.99350e-02
 1.04424e-02  1.94328e-02
 1.04791e-02  1.95797e-02
 1.03336e-02  1.95379e-02
 1.04424e-02  1.94328e-02

 1.07661e-02  1.99350e-02
 1.07661e-02  1.95861e-02
 1.08418e-02  1.97171e-02
 1.06905e-02  1.97171e-02
 1.07661e-02  1.95861e-02

 4.24844e-03  2.05050e-02
 5.54671e-03  2.06456e-02
 5.40824e-03  2.07067e-02
 5.42453e-03  2.05562e-02
 5.54671e-03  2.06456e-02

 4.71406e-03  2.05050e-02
 6.04624e-03  2.05477e-02
 5.91280e-03  2.06192e-02
 5.91765e-03  2.04679e-02
 6.04624e-03  2.05477e-02

 5.17969e-03  2.05050e-02
 6.51777e-03  2.04514e-02
 6.38982e-03  2.05322e-02
 6.38376e-03  2.03810e-02
 6.51777e-03  2.04514e-02

 5.64531e-03  2.05050e-02
 6.96152e-03  2.03588e-02
 6.83959e-03  2.04485e-02
 6.82288e-03  2.02981e-02
 6.96152e-03  2.03588e-02

 6.11094e-03  2.05050e-02
 7.37848e-03  2.02722e-02
 7.26323e-03  2.03703e-02
 7.23588e-03  2.02214e-02
 7.37848e-03  2.02722e-02

 6.57656e-03  2.05050e-02
 7.77032e-03  2.01934e-02
 7.66260e-03  2.02997e-02
 7.62437e-03  2.01533e-02
 7.77032e-03  2.01934e-02

 7.04219e-03  2.05050e-02
 8.13899e-03  2.01245e-02
 8.03995e-03  2.02389e-02
 7.99034e-03  2.00959e-02
 8.13899e-03  2.01245e-02

 7.50781e-03  2.05050e-02
 8.48822e-03  2.00674e-02
 8.39936e-03  2.01900e-02
 8.33766e-03  2.00517e-02
 8.48822e-03  2.00674e-02

 7.97344e-03  2.05050e-02
 8.82026e-03  2.00246e-02
 8.74359e-03  2.01551e-02
 8.66890e-03  2.00235e-02
 8.82026e-03  2.00246e-02

 8.43906e-03  2.05050e-02
 9.14220e-03  1.99988e-02
 9.08004e-03  2.01368e-02
 8.99159e-03  2.00139e-02
 9.14220e-03  1.99988e-02

 8.90469e-03  2.05050e-02
 9.45409e-03  1.99933e-02
 9.40975e-03  2.01380e-02
 9.30658e-03  2.00273e-02
 9.45409e-03  1.99933e-02

 9.37031e-03  2.05050e-02
 9.77330e-03  2.00122e-02
 9.74891e-03  2.01616e-02
 9.63173e-03  2.00658e-02
 9.77330e-03  2.00122e-02

 9.83594e-03  2.05050e-02
 1.00847e-02  2.00594e-02
 1.00869e-02  2.02108e-02
 9.95470e-03  2.01370e-02
 1.00847e-02  2.00594e-02

 1.03016e-02  2.05050e-02
 1.04434e-02  2.01405e-02
 1.04664e-02  2.02901e-02
 1.03254e-02  2.02352e-02
 1.04434e-02  2.01405e-02

 1.07672e-02  2.05050e-02
 1.07672e-02  2.02490e-02
 1.08429e-02  2.03801e-02
 1.06915e-02  2.03801e-02
 1.07672e-02  2.02490e-02

 4.27865e-03  2.10750e-02
 5.50525e-03  2.11529e-02
 5.36963e-03  2.12201e-02
 5.37922e-03  2.10691e-02
 5.50525e-03  2.11529e-02

 4.74219e-03  2.10750e-02
 5.99588e-03  2.10928e-02
 5.86374e-03  2.11666e-02
 5.86588e-03  2.10152e-02
 5.99588e-03  2.10928e-02

 5.20573e-03  2.10750e-02
 6.46011e-03  2.10339e-02
 6.33157e-03  2.11138e-02
 6.32661e-03  2.09625e-02
 6.46011e-03  2.10339e-02

 5.66927e-03  2.10750e-02
 6.89837e-03  2.09777e-02
 6.77366e-03  2.10635e-02
 6.76172e-03  2.09126e-02
 6.89837e-03  2.09777e-02

 6.13281e-03  2.10750e-02
 7.31181e-03  2.09255e-02
 7.19128e-03  2.10171e-02
 7.17224e-03  2.08669e-02
 7.31181e-03  2.09255e-02

 6.59635e-03  2.10750e-02
 7.70239e-03  2.08784e-02
 7.58657e-03  2.09759e-02
 7.56008e-03  2.08268e-02
 7.70239e-03  2.08784e-02

 7.05990e-03  2.10750e-02
 8.07209e-03  2.08375e-02
 7.96176e-03  2.09411e-02
 7.92718e-03  2.07937e-02
 8.07209e-03  2.08375e-02

 7.52344e-03  2.10750e-02
 8.42452e-03  2.08039e-02
 8.32080e-03  2.09142e-02
 8.27719e-03  2.07692e-02
 8.42452e-03  2.08039e-02

 7.98698e-03  2.10750e-02
 8.76198e-03  2.07791e-02
 8.66651e-03  2.08966e-02
 8.61252e-03  2.07552e-02
 8.76198e-03  2.07791e-02

 8.45052e-03  2.10750e-02
 9.09108e-03  2.07648e-02
 9.00608e-03  2.08901e-02
 8.94012e-03  2.07538e-02
 9.09108e-03  2.07648e-02

 8.91406e-03  2.10750e-02
 9.41201e-03  2.07631e-02
 9.34109e-03  2.08968e-02
 9.26074e-03  2.07685e-02
 9.41201e-03  2.07631e-02

 9.37760e-03  2.10750e-02
 9.74094e-03  2.07771e-02
 9.68755e-03  2.09187e-02
 9.59158e-03  2.08017e-02
 9.74094e-03  2.07771e-02

 9.84115e-03  2.10750e-02
 1.00641e-02  2.08081e-02
 1.00381e-02  2.09572e-02
 9.92194e-03  2.08602e-02
 1.00641e-02  2.08081e-02

 1.03047e-02  2.10750e-02
 1.04319e-02  2.08625e-02
 1.04295e-02  2.10138e-02
 1.02997e-02  2.09361e-02
 1.04319e-02  2.08625e-02

 1.07682e-02  2.10750e-02
 1.07682e-02  2.09248e-02
 1.08439e-02  2.10559e-02
 1.06925e-02  2.10559e-02
 1.07682e-02  2.09248e-02

 4.30885e-03  2.16450e-02
 5.34034e-03  2.16719e-02
 5.20733e-03  2.17441e-02
 5.21127e-03  2.15928e-02
 5.34034e-03  2.16719e-02

 4.77031e-03  2.16450e-02
 5.81906e-03  2.16386e-02
 5.68843e-03  2.17151e-02
 5.68751e-03  2.15637e-02
 5.81906e-03  2.16386e-02

 5.23177e-03  2.16450e-02
 6.27560e-03  2.16063e-02
 6.14740e-03  2.16868e-02
 6.14180e-03  2.15356e-02
 6.27560e-03  2.16063e-02

 5.69323e-03  2.16450e-02
 6.71072e-03  2.15759e-02
 6.58506e-03  2.16603e-02
 6.57480e-03  2.15093e-02
 6.71072e-03  2.15759e-02

 6.15469e-03  2.16450e-02
 7.12556e-03  2.15479e-02
 7.00265e-03  2.16362e-02
 6.98758e-03  2.14856e-02
 7.12556e-03  2.15479e-02

 6.61615e-03  2.16450e-02
 7.52200e-03  2.15228e-02
 7.40220e-03  2.16154e-02
 7.38198e-03  2.14654e-02
 7.52200e-03  2.15228e-02

 7.07760e-03  2.16450e-02
 7.90180e-03  2.15014e-02
 7.78565e-03  2.15984e-02
 7.75966e-03  2.14493e-02
 7.90180e-03  2.15014e-02

 7.53906e-03  2.16450e-02
 8.26808e-03  2.14841e-02
 8.15638e-03  2.15862e-02
 8.12376e-03  2.14384e-02
 8.26808e-03  2.14841e-02

 8.00052e-03  2.16450e-02
 8.62274e-03  2.14716e-02
 8.51678e-03  2.15797e-02
 8.47614e-03  2.14339e-02
 8.62274e-03  2.14716e-02

 8.46198e-03  2.16450e-02
 8.97151e-03  2.14651e-02
 8.87310e-03  2.15801e-02
 8.82270e-03  2.14374e-02
 8.97151e-03  2.14651e-02

 8.92344e-03  2.16450e-02
 9.31437e-03  2.14652e-02
 9.22691e-03  2.15887e-02
 9.16364e-03  2.14512e-02
 9.31437e-03  2.14652e-02

 9.38490e-03  2.16450e-02
 9.66540e-03  2.14745e-02
 9.59271e-03  2.16072e-02
 9.51407e-03  2.14779e-02
 9.66540e-03  2.14745e-02

 9.84635e-03  2.16450e-02
 1.00136e-02  2.14918e-02
 9.96809e-03  2.16361e-02
 9.86585e-03  2.15245e-02
 1.00136e-02  2.14918e-02

 1.03078e-02  2.16450e-02
 1.04008e-02  2.15243e-02
 1.03808e-02  2.16743e-02
 1.02608e-02  2.15820e-02
 1.04008e-02  2.15243e-02

 1.07693e-02  2.16450e-02
 1.07693e-02  2.15541e-02
 1.08450e-02  2.16852e-02
 1.06936e-02  2.16852e-02
 1.07693e-02  2.15541e-02

 4.33906e-03  2.22150e-02
 4.99629e-03  2.22150e-02
 4.86520e-03  2.22907e-02
 4.86520e-03  2.21393e-02
 4.99629e-03  2.22150e-02

 4.79844e-03  2.22150e-02
 5.46402e-03  2.22150e-02
 5.33293e-03  2.22907e-02
 5.33293e-03  2.21393e-02
 5.46402e-03  2.22150e-02

 5.25781e-03  2.22150e-02
 5.91768e-03  2.22150e-02
 5.78659e-03  2.22907e-02
 5.78659e-03  2.21393e-02
 5.91768e-03  2.22150e-02

 5.71719e-03  2.22150e-02
 6.35802e-03  2.22150e-02
 6.22693e-03  2.22907e-02
 6.22693e-03  2.21393e-02
 6.35802e-03  2.22150e-02

 6.17656e-03  2.22150e-02
 6.78588e-03  2.22150e-02
 6.65479e-03  2.22907e-02
 6.65479e-03  2.21393e-02
 6.78588e-03  2.22150e-02

 6.63594e-03  2.22150e-02
 7.20256e-03  2.22150e-02
 7.07147e-03  2.22907e-02
 7.07147e-03  2.21393e-02
 7.20256e-03  2.22150e-02

 7.09531e-03  2.22150e-02
 7.60926e-03  2.22150e-02
 7.47817e-03  2.22907e-02
 7.47817e-03  2.21393e-02
 7.60926e-03  2.22150e-02

 7.55469e-03  2.22150e-02
 8.00803e-03  2.22150e-02
 7.87694e-03  2.22907e-02
 7.87694e-03  2.21393e-02
 8.00803e-03  2.22150e-02

 8.01406e-03  2.22150e-02
 8.40003e-03  2.22150e-02
 8.26894e-03  2.22907e-02
 8.26894e-03  2.21393e-02
 8.40003e-03  2.22150e-02

 8.47344e-03  2.22150e-02
 8.78907e-03  2.22150e-02
 8.65798e-03  2.22907e-02
 8.65798e-03  2.21393e-02
 8.78907e-03  2.22150e-02

 8.93281e-03  2.22150e-02
 9.17467e-03  2.22150e-02
 9.04359e-03  2.22907e-02
 9.04359e-03  2.21393e-02
 9.17467e-03  2.22150e-02

 9.39219e-03  2.22150e-02
 9.56642e-03  2.22150e-02
 9.43533e-03  2.22907e-02
 9.43533e-03  2.21393e-02
 9.56642e-03  2.22150e-02

 9.85156e-03  2.22150e-02
 9.95566e-03  2.22150e-02
 9.82457e-03  2.22907e-02
 9.82457e-03  2.21393e-02
 9.95566e-03  2.22150e-02

 1.03109e-02  2.22150e-02
 1.03710e-02  2.22150e-02
 1.02399e-02  2.22907e-02
 1.02399e-02  2.21393e-02
 1.03710e-02  2.22150e-02

 1.07703e-02  2.22150e-02
 1.07703e-02  2.22150e-02
 1.09014e-02  2.21393e-02
 1.09014e-02  2.22907e-02
 1.07703e-02  2.22150e-02

