#[ Fluid velocity 2D plot data file: flw.dat ]
 1.95313e-04  1.13850e-02
 1.95313e-04  1.13850e-02
 6.42249e-05  1.14607e-02
 6.42249e-05  1.13093e-02
 1.95313e-04  1.13850e-02

 5.85937e-04  1.13850e-02
 4.39263e-04  1.13850e-02
 5.70351e-04  1.13093e-02
 5.70351e-04  1.14607e-02
 4.39263e-04  1.13850e-02

 9.76562e-04  1.13850e-02
 7.81322e-04  1.13850e-02
 9.12409e-04  1.13093e-02
 9.12409e-04  1.14607e-02
 7.81322e-04  1.13850e-02

 1.36719e-03  1.13850e-02
 1.07926e-03  1.13850e-02
 1.21035e-03  1.13093e-02
 1.21035e-03  1.14607e-02
 1.07926e-03  1.13850e-02

 1.75781e-03  1.13850e-02
 1.40228e-03  1.13850e-02
 1.53337e-03  1.13093e-02
 1.53337e-03  1.14607e-02
 1.40228e-03  1.13850e-02

 2.14844e-03  1.13850e-02
 1.72114e-03  1.13850e-02
 1.85222e-03  1.13093e-02
 1.85222e-03  1.14607e-02
 1.72114e-03  1.13850e-02

 2.53906e-03  1.13850e-02
 2.05118e-03  1.13850e-02
 2.18226e-03  1.13093e-02
 2.18226e-03  1.14607e-02
 2.05118e-03  1.13850e-02

 2.92969e-03  1.13850e-02
 2.38823e-03  1.13850e-02
 2.51932e-03  1.13093e-02
 2.51932e-03  1.14607e-02
 2.38823e-03  1.13850e-02

 3.32031e-03  1.13850e-02
 2.73609e-03  1.13850e-02
 2.86718e-03  1.13093e-02
 2.86718e-03  1.14607e-02
 2.73609e-03  1.13850e-02

 1.97049e-04  1.19550e-02
 1.97049e-04  1.22187e-02
 1.21365e-04  1.20876e-02
 2.72732e-04  1.20876e-02
 1.97049e-04  1.22187e-02

 5.91146e-04  1.19550e-02
 3.83546e-04  1.22068e-02
 4.08543e-04  1.20575e-02
 5.25332e-04  1.21538e-02
 3.83546e-04  1.22068e-02

 9.85243e-04  1.19550e-02
 7.01052e-04  1.22033e-02
 7.49976e-04  1.20600e-02
 8.49565e-04  1.21740e-02
 7.01052e-04  1.22033e-02

 1.37934e-03  1.19550e-02
 9.60954e-04  1.21935e-02
 1.03735e-03  1.20628e-02
 1.11232e-03  1.21943e-02
 9.60954e-04  1.21935e-02

 1.77344e-03  1.19550e-02
 1.25510e-03  1.21807e-02
 1.34507e-03  1.20590e-02
 1.40550e-03  1.21978e-02
 1.25510e-03  1.21807e-02

 2.16753e-03  1.19550e-02
 1.54530e-03  1.21624e-02
 1.64573e-03  1.20491e-02
 1.69360e-03  1.21927e-02
 1.54530e-03  1.21624e-02

 2.56163e-03  1.19550e-02
 1.85205e-03  1.21393e-02
 1.95989e-03  1.20331e-02
 1.99795e-03  1.21796e-02
 1.85205e-03  1.21393e-02

 2.95573e-03  1.19550e-02
 2.16983e-03  1.21118e-02
 2.28358e-03  1.20119e-02
 2.31319e-03  1.21604e-02
 2.16983e-03  1.21118e-02

 3.34983e-03  1.19550e-02
 2.50369e-03  1.20811e-02
 2.62219e-03  1.19869e-02
 2.64450e-03  1.21366e-02
 2.50369e-03  1.20811e-02

 1.98785e-04  1.25250e-02
 1.98785e-04  1.29182e-02
 1.23101e-04  1.27871e-02
 2.74468e-04  1.27871e-02
 1.98785e-04  1.29182e-02

 5.96354e-04  1.25250e-02
 3.73580e-04  1.29168e-02
 3.72582e-04  1.27654e-02
 5.04166e-04  1.28403e-02
 3.73580e-04  1.29168e-02

 9.93924e-04  1.25250e-02
 6.84484e-04  1.29065e-02
 7.08279e-04  1.27570e-02
 8.25839e-04  1.28524e-02
 6.84484e-04  1.29065e-02

 1.39149e-03  1.25250e-02
 9.36212e-04  1.28910e-02
 9.90966e-04  1.27499e-02
 1.08580e-03  1.28678e-02
 9.36212e-04  1.28910e-02

 1.78906e-03  1.25250e-02
 1.22548e-03  1.28669e-02
 1.29830e-03  1.27342e-02
 1.37681e-03  1.28636e-02
 1.22548e-03  1.28669e-02

 2.18663e-03  1.25250e-02
 1.51207e-03  1.28351e-02
 1.59957e-03  1.27116e-02
 1.66279e-03  1.28491e-02
 1.51207e-03  1.28351e-02

 2.58420e-03  1.25250e-02
 1.81730e-03  1.27955e-02
 1.91575e-03  1.26805e-02
 1.96610e-03  1.28233e-02
 1.81730e-03  1.27955e-02

 2.98177e-03  1.25250e-02
 2.13465e-03  1.27495e-02
 2.24197e-03  1.26428e-02
 2.28075e-03  1.27891e-02
 2.13465e-03  1.27495e-02

 3.37934e-03  1.25250e-02
 2.46894e-03  1.26990e-02
 2.58349e-03  1.26001e-02
 2.61191e-03  1.27487e-02
 2.46894e-03  1.26990e-02

 2.00521e-04  1.30950e-02
 2.00521e-04  1.36994e-02
 1.24837e-04  1.35683e-02
 2.76204e-04  1.35683e-02
 2.00521e-04  1.36994e-02

 6.01563e-04  1.30950e-02
 3.85358e-04  1.37051e-02
 3.57806e-04  1.35563e-02
 5.00480e-04  1.36068e-02
 3.85358e-04  1.37051e-02

 1.00260e-03  1.30950e-02
 7.02663e-04  1.36868e-02
 6.94421e-04  1.35356e-02
 8.29435e-04  1.36041e-02
 7.02663e-04  1.36868e-02

 1.40365e-03  1.30950e-02
 9.62139e-04  1.36612e-02
 9.83069e-04  1.35112e-02
 1.10243e-03  1.36043e-02
 9.62139e-04  1.36612e-02

 1.80469e-03  1.30950e-02
 1.25897e-03  1.36208e-02
 1.30086e-03  1.34753e-02
 1.40588e-03  1.35843e-02
 1.25897e-03  1.36208e-02

 2.20573e-03  1.30950e-02
 1.55340e-03  1.35695e-02
 1.61488e-03  1.34312e-02
 1.70393e-03  1.35536e-02
 1.55340e-03  1.35695e-02

 2.60677e-03  1.30950e-02
 1.86620e-03  1.35071e-02
 1.94395e-03  1.33772e-02
 2.01755e-03  1.35095e-02
 1.86620e-03  1.35071e-02

 3.00781e-03  1.30950e-02
 2.19051e-03  1.34360e-02
 2.28234e-03  1.33157e-02
 2.34063e-03  1.34554e-02
 2.19051e-03  1.34360e-02

 3.40885e-03  1.30950e-02
 2.53093e-03  1.33590e-02
 2.63467e-03  1.32488e-02
 2.67825e-03  1.33937e-02
 2.53093e-03  1.33590e-02

 2.02257e-04  1.36650e-02
 2.02257e-04  1.44195e-02
 1.26573e-04  1.42885e-02
 2.77940e-04  1.42885e-02
 2.02257e-04  1.44195e-02

 6.06771e-04  1.36650e-02
 4.16351e-04  1.44324e-02
 3.74464e-04  1.42870e-02
 5.21376e-04  1.43234e-02
 4.16351e-04  1.44324e-02

 1.01128e-03  1.36650e-02
 7.48247e-04  1.44076e-02
 7.20676e-04  1.42587e-02
 8.63356e-04  1.43093e-02
 7.48247e-04  1.44076e-02

 1.41580e-03  1.36650e-02
 1.02814e-03  1.43738e-02
 1.02464e-03  1.42225e-02
 1.15744e-03  1.42951e-02
 1.02814e-03  1.43738e-02

 1.82031e-03  1.36650e-02
 1.34174e-03  1.43199e-02
 1.35798e-03  1.41694e-02
 1.48019e-03  1.42587e-02
 1.34174e-03  1.43199e-02

 2.22483e-03  1.36650e-02
 1.65285e-03  1.42530e-02
 1.69001e-03  1.41062e-02
 1.79850e-03  1.42118e-02
 1.65285e-03  1.42530e-02

 2.62934e-03  1.36650e-02
 1.98023e-03  1.41725e-02
 2.03689e-03  1.40321e-02
 2.13012e-03  1.41514e-02
 1.98023e-03  1.41725e-02

 3.03385e-03  1.36650e-02
 2.31730e-03  1.40824e-02
 2.39248e-03  1.39510e-02
 2.46866e-03  1.40818e-02
 2.31730e-03  1.40824e-02

 3.43837e-03  1.36650e-02
 2.66806e-03  1.39856e-02
 2.76001e-03  1.38653e-02
 2.81817e-03  1.40051e-02
 2.66806e-03  1.39856e-02

 2.03993e-04  1.42350e-02
 2.03993e-04  1.51348e-02
 1.28310e-04  1.50037e-02
 2.79677e-04  1.50037e-02
 2.03993e-04  1.51348e-02

 6.11979e-04  1.42350e-02
 4.57320e-04  1.51519e-02
 4.04494e-04  1.50101e-02
 5.53752e-04  1.50352e-02
 4.57320e-04  1.51519e-02

 1.01997e-03  1.42350e-02
 8.07461e-04  1.51214e-02
 7.64424e-04  1.49763e-02
 9.11620e-04  1.50116e-02
 8.07461e-04  1.51214e-02

 1.42795e-03  1.42350e-02
 1.11421e-03  1.50799e-02
 1.08890e-03  1.49306e-02
 1.23080e-03  1.49833e-02
 1.11421e-03  1.50799e-02

 1.83594e-03  1.42350e-02
 1.44872e-03  1.50136e-02
 1.43932e-03  1.48626e-02
 1.57486e-03  1.49300e-02
 1.44872e-03  1.50136e-02

 2.24392e-03  1.42350e-02
 1.78054e-03  1.49323e-02
 1.79005e-03  1.47812e-02
 1.91612e-03  1.48650e-02
 1.78054e-03  1.49323e-02

 2.65191e-03  1.42350e-02
 2.12539e-03  1.48355e-02
 2.15491e-03  1.46871e-02
 2.26872e-03  1.47868e-02
 2.12539e-03  1.48355e-02

 3.05990e-03  1.42350e-02
 2.47760e-03  1.47281e-02
 2.52873e-03  1.45856e-02
 2.62655e-03  1.47011e-02
 2.47760e-03  1.47281e-02

 3.46788e-03  1.42350e-02
 2.84061e-03  1.46132e-02
 2.91379e-03  1.44807e-02
 2.99195e-03  1.46103e-02
 2.84061e-03  1.46132e-02

 2.05729e-04  1.48050e-02
 2.05729e-04  1.58055e-02
 1.30046e-04  1.56744e-02
 2.81413e-04  1.56744e-02
 2.05729e-04  1.58055e-02

 6.17187e-04  1.48050e-02
 5.04760e-04  1.58249e-02
 4.43895e-04  1.56863e-02
 5.94351e-04  1.57029e-02
 5.04760e-04  1.58249e-02

 1.02865e-03  1.48050e-02
 8.75114e-04  1.57906e-02
 8.20511e-04  1.56494e-02
 9.70074e-04  1.56727e-02
 8.75114e-04  1.57906e-02

 1.44010e-03  1.48050e-02
 1.21277e-03  1.57434e-02
 1.17008e-03  1.55982e-02
 1.31719e-03  1.56338e-02
 1.21277e-03  1.57434e-02

 1.85156e-03  1.48050e-02
 1.57079e-03  1.56685e-02
 1.53935e-03  1.55205e-02
 1.68330e-03  1.55673e-02
 1.57079e-03  1.56685e-02

 2.26302e-03  1.48050e-02
 1.92609e-03  1.55770e-02
 1.90916e-03  1.54266e-02
 2.04789e-03  1.54871e-02
 1.92609e-03  1.55770e-02

 2.67448e-03  1.48050e-02
 2.29057e-03  1.54686e-02
 2.29071e-03  1.53172e-02
 2.42173e-03  1.53930e-02
 2.29057e-03  1.54686e-02

 3.08594e-03  1.48050e-02
 2.65991e-03  1.53488e-02
 2.68118e-03  1.51989e-02
 2.80033e-03  1.52923e-02
 2.65991e-03  1.53488e-02

 3.49740e-03  1.48050e-02
 3.03681e-03  1.52209e-02
 3.08338e-03  1.50769e-02
 3.18482e-03  1.51892e-02
 3.03681e-03  1.52209e-02

 2.07465e-04  1.53750e-02
 2.07465e-04  1.64462e-02
 1.31782e-04  1.63151e-02
 2.83149e-04  1.63151e-02
 2.07465e-04  1.64462e-02

 6.22396e-04  1.53750e-02
 5.54541e-04  1.64662e-02
 4.87139e-04  1.63307e-02
 6.38214e-04  1.63401e-02
 5.54541e-04  1.64662e-02

 1.03733e-03  1.53750e-02
 9.45394e-04  1.64296e-02
 8.81380e-04  1.62925e-02
 1.03217e-03  1.63056e-02
 9.45394e-04  1.64296e-02

 1.45226e-03  1.53750e-02
 1.31547e-03  1.63786e-02
 1.25818e-03  1.62385e-02
 1.40816e-03  1.62590e-02
 1.31547e-03  1.63786e-02

 1.86719e-03  1.53750e-02
 1.69782e-03  1.62980e-02
 1.64704e-03  1.61554e-02
 1.79592e-03  1.61828e-02
 1.69782e-03  1.62980e-02

 2.28212e-03  1.53750e-02
 2.07774e-03  1.61995e-02
 2.03582e-03  1.60540e-02
 2.18274e-03  1.60905e-02
 2.07774e-03  1.61995e-02

 2.69705e-03  1.53750e-02
 2.46282e-03  1.60831e-02
 2.43213e-03  1.59349e-02
 2.57584e-03  1.59824e-02
 2.46282e-03  1.60831e-02

 3.11198e-03  1.53750e-02
 2.85026e-03  1.59547e-02
 2.83522e-03  1.58041e-02
 2.97318e-03  1.58664e-02
 2.85026e-03  1.59547e-02

 3.52691e-03  1.53750e-02
 3.24198e-03  1.58176e-02
 3.24929e-03  1.56664e-02
 3.37657e-03  1.57484e-02
 3.24198e-03  1.58176e-02

 2.09201e-04  1.59450e-02
 2.09201e-04  1.70482e-02
 1.33518e-04  1.69172e-02
 2.84885e-04  1.69172e-02
 2.09201e-04  1.70482e-02

 6.27604e-04  1.59450e-02
 6.04567e-04  1.70675e-02
 5.31589e-04  1.69349e-02
 6.82924e-04  1.69380e-02
 6.04567e-04  1.70675e-02

 1.04601e-03  1.59450e-02
 1.01558e-03  1.70302e-02
 9.43604e-04  1.68971e-02
 1.09491e-03  1.69013e-02
 1.01558e-03  1.70302e-02

 1.46441e-03  1.59450e-02
 1.41832e-03  1.69774e-02
 1.34856e-03  1.68431e-02
 1.49978e-03  1.68498e-02
 1.41832e-03  1.69774e-02

 1.88281e-03  1.59450e-02
 1.82513e-03  1.68941e-02
 1.75754e-03  1.67587e-02
 1.90863e-03  1.67679e-02
 1.82513e-03  1.68941e-02

 2.30122e-03  1.59450e-02
 2.23010e-03  1.67924e-02
 2.16565e-03  1.66554e-02
 2.31649e-03  1.66681e-02
 2.23010e-03  1.67924e-02

 2.71962e-03  1.59450e-02
 2.63625e-03  1.66722e-02
 2.57599e-03  1.65333e-02
 2.72637e-03  1.65506e-02
 2.63625e-03  1.66722e-02

 3.13802e-03  1.59450e-02
 3.04244e-03  1.65395e-02
 2.98853e-03  1.63980e-02
 3.13797e-03  1.64221e-02
 3.04244e-03  1.65395e-02

 3.55642e-03  1.59450e-02
 3.44960e-03  1.63977e-02
 3.40605e-03  1.62527e-02
 3.55337e-03  1.62875e-02
 3.44960e-03  1.63977e-02

 2.10937e-04  1.65150e-02
 2.10937e-04  1.76171e-02
 1.35254e-04  1.74860e-02
 2.86621e-04  1.74860e-02
 2.10938e-04  1.76171e-02

 6.32812e-04  1.65150e-02
 6.53019e-04  1.76348e-02
 5.74983e-04  1.75051e-02
 7.26325e-04  1.75024e-02
 6.53019e-04  1.76348e-02

 1.05469e-03  1.65150e-02
 1.08332e-03  1.75980e-02
 1.00420e-03  1.74689e-02
 1.15551e-03  1.74649e-02
 1.08332e-03  1.75980e-02

 1.47656e-03  1.65150e-02
 1.51785e-03  1.75448e-02
 1.43698e-03  1.74169e-02
 1.58822e-03  1.74108e-02
 1.51785e-03  1.75448e-02

 1.89844e-03  1.65150e-02
 1.94848e-03  1.74617e-02
 1.86598e-03  1.73348e-02
 2.01714e-03  1.73268e-02
 1.94848e-03  1.74617e-02

 2.32031e-03  1.65150e-02
 2.37815e-03  1.73598e-02
 2.29369e-03  1.72342e-02
 2.44471e-03  1.72238e-02
 2.37815e-03  1.73598e-02

 2.74219e-03  1.65150e-02
 2.80522e-03  1.72394e-02
 2.71846e-03  1.71154e-02
 2.86925e-03  1.71022e-02
 2.80522e-03  1.72394e-02

 3.16406e-03  1.65150e-02
 3.23018e-03  1.71062e-02
 3.14040e-03  1.69844e-02
 3.29083e-03  1.69676e-02
 3.23018e-03  1.71062e-02

 3.58594e-03  1.65150e-02
 3.65295e-03  1.69637e-02
 3.55873e-03  1.68452e-02
 3.70844e-03  1.68229e-02
 3.65295e-03  1.69637e-02

 2.12674e-04  1.70850e-02
 2.12674e-04  1.81528e-02
 1.36990e-04  1.80217e-02
 2.88357e-04  1.80217e-02
 2.12674e-04  1.81528e-02

 6.38021e-04  1.70850e-02
 6.98844e-04  1.81683e-02
 6.15931e-04  1.80417e-02
 7.67060e-04  1.80332e-02
 6.98844e-04  1.81683e-02

 1.06337e-03  1.70850e-02
 1.14732e-03  1.81329e-02
 1.06141e-03  1.80083e-02
 1.21229e-03  1.79962e-02
 1.14732e-03  1.81329e-02

 1.48872e-03  1.70850e-02
 1.61212e-03  1.80810e-02
 1.52089e-03  1.79602e-02
 1.67111e-03  1.79416e-02
 1.61212e-03  1.80810e-02

 1.91406e-03  1.70850e-02
 2.06550e-03  1.80003e-02
 1.96943e-03  1.78833e-02
 2.11877e-03  1.78586e-02
 2.06550e-03  1.80003e-02

 2.33941e-03  1.70850e-02
 2.51897e-03  1.79012e-02
 2.41689e-03  1.77894e-02
 2.56472e-03  1.77569e-02
 2.51897e-03  1.79012e-02

 2.76476e-03  1.70850e-02
 2.96633e-03  1.77840e-02
 2.85729e-03  1.76790e-02
 3.00273e-03  1.76370e-02
 2.96633e-03  1.77840e-02

 3.19010e-03  1.70850e-02
 3.40966e-03  1.76541e-02
 3.29187e-03  1.75590e-02
 3.43309e-03  1.75046e-02
 3.40966e-03  1.76541e-02

 3.61545e-03  1.70850e-02
 3.84776e-03  1.75148e-02
 3.71885e-03  1.74355e-02
 3.85201e-03  1.73635e-02
 3.84776e-03  1.75148e-02

 2.14410e-04  1.76550e-02
 2.14410e-04  1.86593e-02
 1.38726e-04  1.85282e-02
 2.90093e-04  1.85282e-02
 2.14410e-04  1.86593e-02

 6.43229e-04  1.76550e-02
 7.41050e-04  1.86721e-02
 6.53165e-04  1.85489e-02
 8.03836e-04  1.85344e-02
 7.41050e-04  1.86721e-02

 1.07205e-03  1.76550e-02
 1.20633e-03  1.86388e-02
 1.11362e-03  1.85192e-02
 1.26359e-03  1.84987e-02
 1.20633e-03  1.86388e-02

 1.50087e-03  1.76550e-02
 1.69922e-03  1.85894e-02
 1.59796e-03  1.84769e-02
 1.74603e-03  1.84454e-02
 1.69922e-03  1.85894e-02

 1.92969e-03  1.76550e-02
 2.17380e-03  1.85132e-02
 2.06514e-03  1.84078e-02
 2.21073e-03  1.83664e-02
 2.17380e-03  1.85132e-02

 2.35851e-03  1.76550e-02
 2.64958e-03  1.84193e-02
 2.53219e-03  1.83237e-02
 2.67365e-03  1.82698e-02
 2.64958e-03  1.84193e-02

 2.78733e-03  1.76550e-02
 3.11605e-03  1.83083e-02
 2.98952e-03  1.82252e-02
 3.12474e-03  1.81572e-02
 3.11605e-03  1.83083e-02

 3.21615e-03  1.76550e-02
 3.57676e-03  1.81852e-02
 3.44046e-03  1.81194e-02
 3.56562e-03  1.80342e-02
 3.57676e-03  1.81852e-02

 3.64497e-03  1.76550e-02
 4.02943e-03  1.80529e-02
 3.88391e-03  1.80112e-02
 3.99277e-03  1.79060e-02
 4.02943e-03  1.80529e-02

 2.16146e-04  1.82250e-02
 2.16146e-04  1.91402e-02
 1.40462e-04  1.90091e-02
 2.91829e-04  1.90091e-02
 2.16146e-04  1.91402e-02

 6.48438e-04  1.82250e-02
 7.78870e-04  1.91495e-02
 6.85616e-04  1.90302e-02
 8.35498e-04  1.90091e-02
 7.78870e-04  1.91495e-02

 1.08073e-03  1.82250e-02
 1.25945e-03  1.91190e-02
 1.15954e-03  1.90053e-02
 1.30797e-03  1.89756e-02
 1.25945e-03  1.91190e-02

 1.51302e-03  1.82250e-02
 1.77766e-03  1.90730e-02
 1.66636e-03  1.89704e-02
 1.81085e-03  1.89253e-02
 1.77766e-03  1.90730e-02

 1.94531e-03  1.82250e-02
 2.27146e-03  1.90030e-02
 2.15098e-03  1.89113e-02
 2.29058e-03  1.88528e-02
 2.27146e-03  1.90030e-02

 2.37760e-03  1.82250e-02
 2.76749e-03  1.89165e-02
 2.63718e-03  1.88395e-02
 2.76903e-03  1.87652e-02
 2.76749e-03  1.89165e-02

 2.80990e-03  1.82250e-02
 3.25134e-03  1.88145e-02
 3.11219e-03  1.87549e-02
 3.23335e-03  1.86642e-02
 3.25134e-03  1.88145e-02

 3.24219e-03  1.82250e-02
 3.72788e-03  1.87011e-02
 3.58128e-03  1.86634e-02
 3.68724e-03  1.85553e-02
 3.72788e-03  1.87011e-02

 3.67448e-03  1.82250e-02
 4.19380e-03  1.85792e-02
 4.04286e-03  1.85678e-02
 4.12815e-03  1.84428e-02
 4.19380e-03  1.85792e-02

 2.17882e-04  1.87950e-02
 2.17882e-04  1.95985e-02
 1.42198e-04  1.94674e-02
 2.93565e-04  1.94674e-02
 2.17882e-04  1.95985e-02

 6.53646e-04  1.87950e-02
 8.11204e-04  1.96038e-02
 7.11852e-04  1.94896e-02
 8.60426e-04  1.94607e-02
 8.11204e-04  1.96038e-02

 1.08941e-03  1.87950e-02
 1.30515e-03  1.95767e-02
 1.19731e-03  1.94704e-02
 1.34323e-03  1.94302e-02
 1.30515e-03  1.95767e-02

 1.52517e-03  1.87950e-02
 1.84511e-03  1.95350e-02
 1.72362e-03  1.94447e-02
 1.86255e-03  1.93846e-02
 1.84511e-03  1.95350e-02

 1.96094e-03  1.87950e-02
 2.35550e-03  1.94728e-02
 2.22414e-03  1.93976e-02
 2.35496e-03  1.93214e-02
 2.35550e-03  1.94728e-02

 2.39670e-03  1.87950e-02
 2.86894e-03  1.93960e-02
 2.72844e-03  1.93397e-02
 2.84746e-03  1.92461e-02
 2.86894e-03  1.93960e-02

 2.83247e-03  1.87950e-02
 3.36775e-03  1.93054e-02
 3.22065e-03  1.92697e-02
 3.32511e-03  1.91602e-02
 3.36775e-03  1.93054e-02

 3.26823e-03  1.87950e-02
 3.85789e-03  1.92047e-02
 3.70705e-03  1.91920e-02
 3.79342e-03  1.90677e-02
 3.85789e-03  1.92047e-02

 3.70399e-03  1.87950e-02
 4.33516e-03  1.90964e-02
 4.18425e-03  1.91082e-02
 4.24948e-03  1.89716e-02
 4.33516e-03  1.90964e-02

 2.19618e-04  1.93650e-02
 2.19618e-04  2.00414e-02
 1.43935e-04  1.99103e-02
 2.95302e-04  1.99103e-02
 2.19618e-04  2.00414e-02

 6.58854e-04  1.93650e-02
 8.37195e-04  2.00419e-02
 7.30611e-04  1.99344e-02
 8.76983e-04  1.98959e-02
 8.37195e-04  2.00419e-02

 1.09809e-03  1.93650e-02
 1.34222e-03  2.00185e-02
 1.22545e-03  1.99221e-02
 1.36724e-03  1.98692e-02
 1.34222e-03  2.00185e-02

 1.53733e-03  1.93650e-02
 1.89959e-03  1.99817e-02
 1.76793e-03  1.99070e-02
 1.89845e-03  1.98304e-02
 1.89959e-03  1.99817e-02

 1.97656e-03  1.93650e-02
 2.42327e-03  1.99286e-02
 2.28253e-03  1.98729e-02
 2.40116e-03  1.97788e-02
 2.42327e-03  1.99286e-02

 2.41580e-03  1.93650e-02
 2.95056e-03  1.98628e-02
 2.80304e-03  1.98289e-02
 2.90617e-03  1.97181e-02
 2.95056e-03  1.98628e-02

 2.85503e-03  1.93650e-02
 3.46119e-03  1.97855e-02
 3.31034e-03  1.97730e-02
 3.39663e-03  1.96486e-02
 3.46119e-03  1.97855e-02

 3.29427e-03  1.93650e-02
 3.96200e-03  1.96996e-02
 3.81090e-03  1.97085e-02
 3.87871e-03  1.95732e-02
 3.96200e-03  1.96996e-02

 3.73351e-03  1.93650e-02
 4.44810e-03  1.96073e-02
 4.29965e-03  1.96369e-02
 4.34826e-03  1.94935e-02
 4.44810e-03  1.96073e-02

 2.21354e-04  1.99350e-02
 2.21354e-04  2.04699e-02
 1.45671e-04  2.03388e-02
 2.97038e-04  2.03388e-02
 2.21354e-04  2.04699e-02

 6.64062e-04  1.99350e-02
 8.54762e-04  2.04652e-02
 7.39180e-04  2.03675e-02
 8.81615e-04  2.03163e-02
 8.54762e-04  2.04652e-02

 1.10677e-03  1.99350e-02
 1.36765e-03  2.04463e-02
 1.24066e-03  2.03639e-02
 1.37549e-03  2.02951e-02
 1.36765e-03  2.04463e-02

 1.54948e-03  1.99350e-02
 1.93654e-03  2.04157e-02
 1.79538e-03  2.03610e-02
 1.91327e-03  2.02661e-02
 1.93654e-03  2.04157e-02

 1.99219e-03  1.99350e-02
 2.46903e-03  2.03731e-02
 2.32130e-03  2.03402e-02
 2.42371e-03  2.02287e-02
 2.46903e-03  2.03731e-02

 2.43490e-03  1.99350e-02
 3.00539e-03  2.03203e-02
 2.85440e-03  2.03096e-02
 2.93912e-03  2.01842e-02
 3.00539e-03  2.03203e-02

 2.87760e-03  1.99350e-02
 3.52373e-03  2.02586e-02
 3.37263e-03  2.02675e-02
 3.44041e-03  2.01322e-02
 3.52373e-03  2.02586e-02

 3.32031e-03  1.99350e-02
 4.03149e-03  2.01899e-02
 3.88255e-03  2.02169e-02
 3.93362e-03  2.00744e-02
 4.03149e-03  2.01899e-02

 3.76302e-03  1.99350e-02
 4.52326e-03  2.01162e-02
 4.37820e-03  2.01595e-02
 4.41330e-03  2.00122e-02
 4.52326e-03  2.01162e-02

 2.23090e-04  2.05050e-02
 2.23090e-04  2.09001e-02
 1.47407e-04  2.07690e-02
 2.98774e-04  2.07690e-02
 2.23090e-04  2.09001e-02

 6.69271e-04  2.05050e-02
 8.63346e-04  2.08893e-02
 7.36698e-04  2.08064e-02
 8.71815e-04  2.07382e-02
 8.63346e-04  2.08893e-02

 1.11545e-03  2.05050e-02
 1.37998e-03  2.08752e-02
 1.24219e-03  2.08126e-02
 1.36535e-03  2.07246e-02
 1.37998e-03  2.08752e-02

 1.56163e-03  2.05050e-02
 1.95354e-03  2.08507e-02
 1.80517e-03  2.08207e-02
 1.90530e-03  2.07072e-02
 1.95354e-03  2.08507e-02

 2.00781e-03  2.05050e-02
 2.48949e-03  2.08189e-02
 2.33835e-03  2.08107e-02
 2.42098e-03  2.06839e-02
 2.48949e-03  2.08189e-02

 2.45399e-03  2.05050e-02
 3.02935e-03  2.07789e-02
 2.87846e-03  2.07909e-02
 2.94353e-03  2.06543e-02
 3.02935e-03  2.07789e-02

 2.90017e-03  2.05050e-02
 3.55059e-03  2.07327e-02
 3.40186e-03  2.07608e-02
 3.45187e-03  2.06179e-02
 3.55059e-03  2.07327e-02

 3.34635e-03  2.05050e-02
 4.06096e-03  2.06812e-02
 3.91556e-03  2.07233e-02
 3.95180e-03  2.05763e-02
 4.06096e-03  2.06812e-02

 3.79253e-03  2.05050e-02
 4.55489e-03  2.06261e-02
 4.41355e-03  2.06803e-02
 4.43731e-03  2.05308e-02
 4.55489e-03  2.06261e-02

 2.24826e-04  2.10750e-02
 2.24826e-04  2.13213e-02
 1.49143e-04  2.11902e-02
 3.00510e-04  2.11902e-02
 2.24826e-04  2.13213e-02

 6.74479e-04  2.10750e-02
 8.57928e-04  2.13076e-02
 7.17328e-04  2.12516e-02
 8.36185e-04  2.11578e-02
 8.57928e-04  2.13076e-02

 1.12413e-03  2.10750e-02
 1.37203e-03  2.12996e-02
 1.22407e-03  2.12677e-02
 1.32570e-03  2.11555e-02
 1.37203e-03  2.12996e-02

 1.57378e-03  2.10750e-02
 1.94047e-03  2.12833e-02
 1.78911e-03  2.12843e-02
 1.86387e-03  2.11527e-02
 1.94047e-03  2.12833e-02

 2.02344e-03  2.10750e-02
 2.47232e-03  2.12638e-02
 2.32214e-03  2.12828e-02
 2.38084e-03  2.11433e-02
 2.47232e-03  2.12638e-02

 2.47309e-03  2.10750e-02
 3.00816e-03  2.12389e-02
 2.86066e-03  2.12729e-02
 2.90499e-03  2.11281e-02
 3.00816e-03  2.12389e-02

 2.92274e-03  2.10750e-02
 3.52605e-03  2.12102e-02
 3.38158e-03  2.12554e-02
 3.41468e-03  2.11077e-02
 3.52605e-03  2.12102e-02

 3.37240e-03  2.10750e-02
 4.03373e-03  2.11782e-02
 3.89255e-03  2.12328e-02
 3.91588e-03  2.10832e-02
 4.03373e-03  2.11782e-02

 3.82205e-03  2.10750e-02
 4.52576e-03  2.11441e-02
 4.38791e-03  2.12066e-02
 4.40269e-03  2.10559e-02
 4.52576e-03  2.11441e-02

 2.26562e-04  2.16450e-02
 2.26562e-04  2.17797e-02
 1.50879e-04  2.16486e-02
 3.02246e-04  2.16486e-02
 2.26563e-04  2.17797e-02

 6.79687e-04  2.16450e-02
 8.40371e-04  2.17612e-02
 6.89802e-04  2.17457e-02
 7.78526e-04  2.16231e-02
 8.40371e-04  2.17612e-02

 1.13281e-03  2.16450e-02
 1.34310e-03  2.17593e-02
 1.19178e-03  2.17632e-02
 1.26406e-03  2.16302e-02
 1.34310e-03  2.17593e-02

 1.58594e-03  2.16450e-02
 1.89675e-03  2.17483e-02
 1.74848e-03  2.17788e-02
 1.79621e-03  2.16351e-02
 1.89675e-03  2.17483e-02

 2.03906e-03  2.16450e-02
 2.41650e-03  2.17380e-02
 2.27112e-03  2.17801e-02
 2.30732e-03  2.16331e-02
 2.41650e-03  2.17380e-02

 2.49219e-03  2.16450e-02
 2.94098e-03  2.17234e-02
 2.79882e-03  2.17754e-02
 2.82486e-03  2.16263e-02
 2.94098e-03  2.17234e-02

 2.94531e-03  2.16450e-02
 3.44934e-03  2.17072e-02
 3.30997e-03  2.17663e-02
 3.32851e-03  2.16160e-02
 3.44934e-03  2.17072e-02

 3.39844e-03  2.16450e-02
 3.94919e-03  2.16889e-02
 3.81251e-03  2.17539e-02
 3.82453e-03  2.16030e-02
 3.94919e-03  2.16889e-02

 3.85156e-03  2.16450e-02
 4.43534e-03  2.16696e-02
 4.30119e-03  2.17397e-02
 4.30755e-03  2.15884e-02
 4.43534e-03  2.16696e-02

 2.28299e-04  2.22150e-02
 2.28299e-04  2.22150e-02
 3.03982e-04  2.23461e-02
 1.52615e-04  2.23461e-02
 2.28299e-04  2.22150e-02

 6.84896e-04  2.22150e-02
 7.93358e-04  2.22150e-02
 6.62270e-04  2.22907e-02
 6.62270e-04  2.21393e-02
 7.93358e-04  2.22150e-02

 1.14149e-03  2.22150e-02
 1.27724e-03  2.22150e-02
 1.14615e-03  2.22907e-02
 1.14615e-03  2.21393e-02
 1.27724e-03  2.22150e-02

 1.59809e-03  2.22150e-02
 1.79962e-03  2.22150e-02
 1.66853e-03  2.22907e-02
 1.66853e-03  2.21393e-02
 1.79962e-03  2.22150e-02

 2.05469e-03  2.22150e-02
 2.29685e-03  2.22150e-02
 2.16576e-03  2.22907e-02
 2.16576e-03  2.21393e-02
 2.29685e-03  2.22150e-02

 2.51128e-03  2.22150e-02
 2.79868e-03  2.22150e-02
 2.66759e-03  2.22907e-02
 2.66759e-03  2.21393e-02
 2.79868e-03  2.22150e-02

 2.96788e-03  2.22150e-02
 3.28926e-03  2.22150e-02
 3.15818e-03  2.22907e-02
 3.15818e-03  2.21393e-02
 3.28926e-03  2.22150e-02

 3.42448e-03  2.22150e-02
 3.77461e-03  2.22150e-02
 3.64353e-03  2.22907e-02
 3.64353e-03  2.21393e-02
 3.77461e-03  2.22150e-02

 3.88108e-03  2.22150e-02
 4.25096e-03  2.22150e-02
 4.11987e-03  2.22907e-02
 4.11987e-03  2.21393e-02
 4.25096e-03  2.22150e-02

 3.76510e-03  1.13850e-02
 3.14420e-03  1.13850e-02
 3.27529e-03  1.13093e-02
 3.27529e-03  1.14607e-02
 3.14420e-03  1.13850e-02

 4.26406e-03  1.13850e-02
 3.62147e-03  1.13850e-02
 3.75256e-03  1.13093e-02
 3.75256e-03  1.14607e-02
 3.62147e-03  1.13850e-02

 4.76302e-03  1.13850e-02
 4.11637e-03  1.13850e-02
 4.24745e-03  1.13093e-02
 4.24745e-03  1.14607e-02
 4.11637e-03  1.13850e-02

 5.26198e-03  1.13850e-02
 4.62757e-03  1.13850e-02
 4.75866e-03  1.13093e-02
 4.75866e-03  1.14607e-02
 4.62757e-03  1.13850e-02

 5.76094e-03  1.13850e-02
 5.15294e-03  1.13850e-02
 5.28403e-03  1.13093e-02
 5.28403e-03  1.14607e-02
 5.15294e-03  1.13850e-02

 6.25990e-03  1.13850e-02
 5.69017e-03  1.13850e-02
 5.82126e-03  1.13093e-02
 5.82126e-03  1.14607e-02
 5.69017e-03  1.13850e-02

 6.75885e-03  1.13850e-02
 6.23738e-03  1.13850e-02
 6.36847e-03  1.13093e-02
 6.36847e-03  1.14607e-02
 6.23738e-03  1.13850e-02

 7.25781e-03  1.13850e-02
 6.79228e-03  1.13850e-02
 6.92337e-03  1.13093e-02
 6.92337e-03  1.14607e-02
 6.79228e-03  1.13850e-02

 7.75677e-03  1.13850e-02
 7.35387e-03  1.13850e-02
 7.48496e-03  1.13093e-02
 7.48496e-03  1.14607e-02
 7.35387e-03  1.13850e-02

 8.25573e-03  1.13850e-02
 7.91876e-03  1.13850e-02
 8.04984e-03  1.13093e-02
 8.04984e-03  1.14607e-02
 7.91876e-03  1.13850e-02

 8.75469e-03  1.13850e-02
 8.48840e-03  1.13850e-02
 8.61948e-03  1.13093e-02
 8.61948e-03  1.14607e-02
 8.48840e-03  1.13850e-02

 9.25365e-03  1.13850e-02
 9.05371e-03  1.13850e-02
 9.18480e-03  1.13093e-02
 9.18480e-03  1.14607e-02
 9.05371e-03  1.13850e-02

 9.75260e-03  1.13850e-02
 9.62633e-03  1.13850e-02
 9.75741e-03  1.13093e-02
 9.75741e-03  1.14607e-02
 9.62633e-03  1.13850e-02

 1.02516e-02  1.13850e-02
 1.01743e-02  1.13850e-02
 1.03054e-02  1.13093e-02
 1.03054e-02  1.14607e-02
 1.01743e-02  1.13850e-02

 1.07505e-02  1.13850e-02
 1.07505e-02  1.13850e-02
 1.06194e-02  1.14607e-02
 1.06194e-02  1.13093e-02
 1.07505e-02  1.13850e-02

 3.79531e-03  1.19550e-02
 2.89907e-03  1.20441e-02
 3.02202e-03  1.19559e-02
 3.03700e-03  1.21065e-02
 2.89907e-03  1.20441e-02

 4.29219e-03  1.19550e-02
 3.36620e-03  1.20025e-02
 3.49324e-03  1.19202e-02
 3.50100e-03  1.20714e-02
 3.36620e-03  1.20025e-02

 4.78906e-03  1.19550e-02
 3.85861e-03  1.19635e-02
 3.98900e-03  1.18866e-02
 3.99038e-03  1.20379e-02
 3.85861e-03  1.19635e-02

 5.28594e-03  1.19550e-02
 4.37372e-03  1.19285e-02
 4.50696e-03  1.18566e-02
 4.50256e-03  1.20079e-02
 4.37372e-03  1.19285e-02

 5.78281e-03  1.19550e-02
 4.90905e-03  1.18983e-02
 5.04476e-03  1.18313e-02
 5.03496e-03  1.19823e-02
 4.90905e-03  1.18983e-02

 6.27969e-03  1.19550e-02
 5.46140e-03  1.18729e-02
 5.59939e-03  1.18107e-02
 5.58427e-03  1.19613e-02
 5.46140e-03  1.18729e-02

 6.77656e-03  1.19550e-02
 6.02835e-03  1.18519e-02
 6.16854e-03  1.17948e-02
 6.14788e-03  1.19448e-02
 6.02835e-03  1.18519e-02

 7.27344e-03  1.19550e-02
 6.60690e-03  1.18350e-02
 6.74932e-03  1.17837e-02
 6.72250e-03  1.19327e-02
 6.60690e-03  1.18350e-02

 7.77031e-03  1.19550e-02
 7.19547e-03  1.18220e-02
 7.34025e-03  1.17778e-02
 7.30613e-03  1.19253e-02
 7.19547e-03  1.18220e-02

 8.26719e-03  1.19550e-02
 7.78949e-03  1.18131e-02
 7.93670e-03  1.17779e-02
 7.89361e-03  1.19230e-02
 7.78949e-03  1.18131e-02

 8.76406e-03  1.19550e-02
 8.39003e-03  1.18086e-02
 8.53968e-03  1.17859e-02
 8.48452e-03  1.19269e-02
 8.39003e-03  1.18086e-02

 9.26094e-03  1.19550e-02
 8.98530e-03  1.18096e-02
 9.13656e-03  1.18038e-02
 9.06593e-03  1.19377e-02
 8.98530e-03  1.18096e-02

 9.75781e-03  1.19550e-02
 9.58754e-03  1.18165e-02
 9.73699e-03  1.18405e-02
 9.64148e-03  1.19579e-02
 9.58754e-03  1.18165e-02

 1.02547e-02  1.19550e-02
 1.01575e-02  1.18335e-02
 1.02985e-02  1.18886e-02
 1.01803e-02  1.19831e-02
 1.01575e-02  1.18335e-02

 1.07516e-02  1.19550e-02
 1.07516e-02  1.18617e-02
 1.08272e-02  1.19928e-02
 1.06759e-02  1.19928e-02
 1.07516e-02  1.18617e-02

 3.82552e-03  1.25250e-02
 2.86275e-03  1.26399e-02
 2.98395e-03  1.25492e-02
 3.00188e-03  1.26995e-02
 2.86275e-03  1.26399e-02

 4.32031e-03  1.25250e-02
 3.32545e-03  1.25752e-02
 3.45256e-03  1.24930e-02
 3.46019e-03  1.26442e-02
 3.32545e-03  1.25752e-02

 4.81510e-03  1.25250e-02
 3.81328e-03  1.25146e-02
 3.94515e-03  1.24403e-02
 3.94358e-03  1.25916e-02
 3.81328e-03  1.25146e-02

 5.30990e-03  1.25250e-02
 4.32465e-03  1.24602e-02
 4.46042e-03  1.23933e-02
 4.45049e-03  1.25443e-02
 4.32465e-03  1.24602e-02

 5.80469e-03  1.25250e-02
 4.85758e-03  1.24128e-02
 4.99666e-03  1.23531e-02
 4.97886e-03  1.25034e-02
 4.85758e-03  1.24128e-02

 6.29948e-03  1.25250e-02
 5.40974e-03  1.23724e-02
 5.55174e-03  1.23200e-02
 5.52616e-03  1.24692e-02
 5.40974e-03  1.23724e-02

 6.79427e-03  1.25250e-02
 5.97878e-03  1.23387e-02
 6.12343e-03  1.22941e-02
 6.08972e-03  1.24416e-02
 5.97878e-03  1.23387e-02

 7.28906e-03  1.25250e-02
 6.56169e-03  1.23112e-02
 6.70880e-03  1.22756e-02
 6.66612e-03  1.24208e-02
 6.56169e-03  1.23112e-02

 7.78385e-03  1.25250e-02
 7.15654e-03  1.22903e-02
 7.30583e-03  1.22653e-02
 7.25279e-03  1.24071e-02
 7.15654e-03  1.22903e-02

 8.27865e-03  1.25250e-02
 7.75822e-03  1.22763e-02
 7.90913e-03  1.22645e-02
 7.84386e-03  1.24011e-02
 7.75822e-03  1.22763e-02

 8.77344e-03  1.25250e-02
 8.36713e-03  1.22704e-02
 8.51840e-03  1.22759e-02
 8.43802e-03  1.24041e-02
 8.36713e-03  1.22704e-02

 9.26823e-03  1.25250e-02
 8.97058e-03  1.22741e-02
 9.11959e-03  1.23007e-02
 9.02203e-03  1.24164e-02
 8.97058e-03  1.22741e-02

 9.76302e-03  1.25250e-02
 9.58010e-03  1.22907e-02
 9.72043e-03  1.23475e-02
 9.60112e-03  1.24406e-02
 9.58010e-03  1.22907e-02

 1.02578e-02  1.25250e-02
 1.01546e-02  1.23242e-02
 1.02818e-02  1.24062e-02
 1.01472e-02  1.24754e-02
 1.01546e-02  1.23242e-02

 1.07526e-02  1.25250e-02
 1.07526e-02  1.23820e-02
 1.08283e-02  1.25130e-02
 1.06769e-02  1.25130e-02
 1.07526e-02  1.23820e-02

 3.85573e-03  1.30950e-02
 2.92702e-03  1.32702e-02
 3.04180e-03  1.31715e-02
 3.06986e-03  1.33203e-02
 2.92702e-03  1.32702e-02

 4.34844e-03  1.30950e-02
 3.38748e-03  1.31733e-02
 3.51199e-03  1.30872e-02
 3.52429e-03  1.32381e-02
 3.38748e-03  1.31733e-02

 4.84115e-03  1.30950e-02
 3.87119e-03  1.30817e-02
 4.00330e-03  1.30079e-02
 4.00123e-03  1.31592e-02
 3.87119e-03  1.30817e-02

 5.33385e-03  1.30950e-02
 4.37737e-03  1.29982e-02
 4.51541e-03  1.29361e-02
 4.50017e-03  1.30867e-02
 4.37737e-03  1.29982e-02

 5.82656e-03  1.30950e-02
 4.90474e-03  1.29241e-02
 5.04743e-03  1.28736e-02
 5.01983e-03  1.30224e-02
 4.90474e-03  1.29241e-02

 6.31927e-03  1.30950e-02
 5.45148e-03  1.28597e-02
 5.59781e-03  1.28210e-02
 5.55820e-03  1.29671e-02
 5.45148e-03  1.28597e-02

 6.81198e-03  1.30950e-02
 6.01571e-03  1.28052e-02
 6.16478e-03  1.27789e-02
 6.11301e-03  1.29211e-02
 6.01571e-03  1.28052e-02

 7.30469e-03  1.30950e-02
 6.59439e-03  1.27605e-02
 6.74523e-03  1.27479e-02
 6.68075e-03  1.28849e-02
 6.59439e-03  1.27605e-02

 7.79740e-03  1.30950e-02
 7.18556e-03  1.27264e-02
 7.33690e-03  1.27292e-02
 7.25878e-03  1.28589e-02
 7.18556e-03  1.27264e-02

 8.29010e-03  1.30950e-02
 7.78397e-03  1.27037e-02
 7.93397e-03  1.27240e-02
 7.84139e-03  1.28438e-02
 7.78397e-03  1.27037e-02

 8.78281e-03  1.30950e-02
 8.38948e-03  1.26946e-02
 8.53534e-03  1.27351e-02
 8.42736e-03  1.28412e-02
 8.38948e-03  1.26946e-02

 9.27552e-03  1.30950e-02
 8.98948e-03  1.27014e-02
 9.12777e-03  1.27629e-02
 9.00532e-03  1.28519e-02
 8.98948e-03  1.27014e-02

 9.76823e-03  1.30950e-02
 9.59406e-03  1.27296e-02
 9.71878e-03  1.28154e-02
 9.58214e-03  1.28805e-02
 9.59406e-03  1.27296e-02

 1.02609e-02  1.30950e-02
 1.01642e-02  1.27836e-02
 1.02754e-02  1.28863e-02
 1.01308e-02  1.29312e-02
 1.01642e-02  1.27836e-02

 1.07536e-02  1.30950e-02
 1.07536e-02  1.28764e-02
 1.08293e-02  1.30075e-02
 1.06780e-02  1.30075e-02
 1.07536e-02  1.28764e-02

 3.88594e-03  1.36650e-02
 3.07022e-03  1.38754e-02
 3.17825e-03  1.37694e-02
 3.21606e-03  1.39159e-02
 3.07022e-03  1.38754e-02

 4.37656e-03  1.36650e-02
 3.53088e-03  1.37559e-02
 3.65312e-03  1.36667e-02
 3.66930e-03  1.38172e-02
 3.53088e-03  1.37559e-02

 4.86719e-03  1.36650e-02
 4.01128e-03  1.36421e-02
 4.14435e-03  1.35699e-02
 4.14030e-03  1.37213e-02
 4.01128e-03  1.36421e-02

 5.35781e-03  1.36650e-02
 4.51129e-03  1.35370e-02
 4.65222e-03  1.34818e-02
 4.62959e-03  1.36314e-02
 4.51129e-03  1.35370e-02

 5.84844e-03  1.36650e-02
 5.03037e-03  1.34424e-02
 5.17673e-03  1.34038e-02
 5.13699e-03  1.35499e-02
 5.03037e-03  1.34424e-02

 6.33906e-03  1.36650e-02
 5.56724e-03  1.33592e-02
 5.71699e-03  1.33371e-02
 5.66123e-03  1.34778e-02
 5.56724e-03  1.33592e-02

 6.82969e-03  1.36650e-02
 6.12041e-03  1.32879e-02
 6.27169e-03  1.32826e-02
 6.20063e-03  1.34163e-02
 6.12041e-03  1.32879e-02

 7.32031e-03  1.36650e-02
 6.68729e-03  1.32293e-02
 6.83818e-03  1.32413e-02
 6.75236e-03  1.33660e-02
 6.68729e-03  1.32293e-02

 7.81094e-03  1.36650e-02
 7.26593e-03  1.31846e-02
 7.41432e-03  1.32145e-02
 7.31423e-03  1.33281e-02
 7.26593e-03  1.31846e-02

 8.30156e-03  1.36650e-02
 7.85145e-03  1.31553e-02
 7.99495e-03  1.32035e-02
 7.88150e-03  1.33037e-02
 7.85145e-03  1.31553e-02

 8.79219e-03  1.36650e-02
 8.44334e-03  1.31447e-02
 8.57920e-03  1.32114e-02
 8.45347e-03  1.32957e-02
 8.44334e-03  1.31447e-02

 9.28281e-03  1.36650e-02
 9.03007e-03  1.31554e-02
 9.15612e-03  1.32392e-02
 9.02051e-03  1.33065e-02
 9.03007e-03  1.31554e-02

 9.77344e-03  1.36650e-02
 9.62023e-03  1.31954e-02
 9.73284e-03  1.32965e-02
 9.58894e-03  1.33435e-02
 9.62023e-03  1.31954e-02

 1.02641e-02  1.36650e-02
 1.01791e-02  1.32687e-02
 1.02806e-02  1.33810e-02
 1.01326e-02  1.34127e-02
 1.01791e-02  1.32687e-02

 1.07547e-02  1.36650e-02
 1.07547e-02  1.33913e-02
 1.08304e-02  1.35223e-02
 1.06790e-02  1.35223e-02
 1.07547e-02  1.33913e-02

 3.91615e-03  1.42350e-02
 3.25046e-03  1.44836e-02
 3.34680e-03  1.43668e-02
 3.39974e-03  1.45086e-02
 3.25046e-03  1.44836e-02

 4.40469e-03  1.42350e-02
 3.71265e-03  1.43432e-02
 3.83048e-03  1.42482e-02
 3.85386e-03  1.43977e-02
 3.71265e-03  1.43432e-02

 4.89323e-03  1.42350e-02
 4.19079e-03  1.42084e-02
 4.32465e-03  1.41377e-02
 4.31891e-03  1.42890e-02
 4.19079e-03  1.42084e-02

 5.38177e-03  1.42350e-02
 4.68506e-03  1.40825e-02
 4.82930e-03  1.40366e-02
 4.79693e-03  1.41844e-02
 4.68506e-03  1.40825e-02

 5.87031e-03  1.42350e-02
 5.19536e-03  1.39678e-02
 5.34510e-03  1.39457e-02
 5.28938e-03  1.40864e-02
 5.19536e-03  1.39678e-02

 6.35885e-03  1.42350e-02
 5.72087e-03  1.38658e-02
 5.87223e-03  1.38660e-02
 5.79642e-03  1.39970e-02
 5.72087e-03  1.38658e-02

 6.84740e-03  1.42350e-02
 6.26045e-03  1.37779e-02
 6.41038e-03  1.37988e-02
 6.31737e-03  1.39182e-02
 6.26045e-03  1.37779e-02

 7.33594e-03  1.42350e-02
 6.81195e-03  1.37054e-02
 6.95795e-03  1.37454e-02
 6.85035e-03  1.38518e-02
 6.81195e-03  1.37054e-02

 7.82448e-03  1.42350e-02
 7.37364e-03  1.36502e-02
 7.51361e-03  1.37078e-02
 7.39373e-03  1.38002e-02
 7.37364e-03  1.36502e-02

 8.31302e-03  1.42350e-02
 7.94128e-03  1.36144e-02
 8.07357e-03  1.36880e-02
 7.94372e-03  1.37658e-02
 7.94128e-03  1.36144e-02

 8.80156e-03  1.42350e-02
 8.51420e-03  1.36021e-02
 8.63731e-03  1.36902e-02
 8.49948e-03  1.37528e-02
 8.51420e-03  1.36021e-02

 9.29010e-03  1.42350e-02
 9.08264e-03  1.36167e-02
 9.19609e-03  1.37169e-02
 9.05259e-03  1.37651e-02
 9.08264e-03  1.36167e-02

 9.77865e-03  1.42350e-02
 9.65343e-03  1.36675e-02
 9.75558e-03  1.37792e-02
 9.60777e-03  1.38118e-02
 9.65343e-03  1.36675e-02

 1.02672e-02  1.42350e-02
 1.01980e-02  1.37584e-02
 1.02917e-02  1.38772e-02
 1.01420e-02  1.38990e-02
 1.01980e-02  1.37584e-02

 1.07557e-02  1.42350e-02
 1.07557e-02  1.39075e-02
 1.08314e-02  1.40386e-02
 1.06800e-02  1.40386e-02
 1.07557e-02  1.39075e-02

 3.94635e-03  1.48050e-02
 3.45580e-03  1.50776e-02
 3.53362e-03  1.49477e-02
 3.60714e-03  1.50801e-02
 3.45580e-03  1.50776e-02

 4.43281e-03  1.48050e-02
 3.92084e-03  1.49227e-02
 4.03164e-03  1.48196e-02
 4.06556e-03  1.49671e-02
 3.92084e-03  1.49227e-02

 4.91927e-03  1.48050e-02
 4.39758e-03  1.47730e-02
 4.53306e-03  1.47055e-02
 4.52379e-03  1.48565e-02
 4.39758e-03  1.47730e-02

 5.40573e-03  1.48050e-02
 4.88646e-03  1.46319e-02
 5.03475e-03  1.46016e-02
 4.98689e-03  1.47452e-02
 4.88646e-03  1.46319e-02

 5.89219e-03  1.48050e-02
 5.38761e-03  1.45023e-02
 5.53896e-03  1.45049e-02
 5.46110e-03  1.46347e-02
 5.38761e-03  1.45023e-02

 6.37865e-03  1.48050e-02
 5.90061e-03  1.43863e-02
 6.04909e-03  1.44158e-02
 5.94936e-03  1.45296e-02
 5.90061e-03  1.43863e-02

 6.86510e-03  1.48050e-02
 6.42468e-03  1.42858e-02
 6.56719e-03  1.43368e-02
 6.45177e-03  1.44348e-02
 6.42468e-03  1.42858e-02

 7.35156e-03  1.48050e-02
 6.95816e-03  1.42028e-02
 7.09321e-03  1.42711e-02
 6.96649e-03  1.43539e-02
 6.95816e-03  1.42028e-02

 7.83802e-03  1.48050e-02
 7.49966e-03  1.41397e-02
 7.62655e-03  1.42222e-02
 7.49163e-03  1.42908e-02
 7.49966e-03  1.41397e-02

 8.32448e-03  1.48050e-02
 8.04584e-03  1.40993e-02
 8.16438e-03  1.41934e-02
 8.02359e-03  1.42490e-02
 8.04584e-03  1.40993e-02

 8.81094e-03  1.48050e-02
 8.59600e-03  1.40863e-02
 8.70607e-03  1.41902e-02
 8.56105e-03  1.42336e-02
 8.59600e-03  1.40863e-02

 9.29740e-03  1.48050e-02
 9.14264e-03  1.41045e-02
 9.24482e-03  1.42162e-02
 9.09702e-03  1.42489e-02
 9.14264e-03  1.41045e-02

 9.78385e-03  1.48050e-02
 9.69073e-03  1.41644e-02
 9.78448e-03  1.42832e-02
 9.63469e-03  1.43050e-02
 9.69073e-03  1.41644e-02

 1.02703e-02  1.48050e-02
 1.02189e-02  1.42693e-02
 1.03068e-02  1.43926e-02
 1.01561e-02  1.44070e-02
 1.02189e-02  1.42693e-02

 1.07568e-02  1.48050e-02
 1.07568e-02  1.44384e-02
 1.08325e-02  1.45695e-02
 1.06811e-02  1.45695e-02
 1.07568e-02  1.44384e-02

 3.97656e-03  1.53750e-02
 3.67090e-03  1.56647e-02
 3.71399e-03  1.55196e-02
 3.81811e-03  1.56294e-02
 3.67090e-03  1.56647e-02

 4.46094e-03  1.53750e-02
 4.13956e-03  1.54997e-02
 4.23438e-03  1.53818e-02
 4.28915e-03  1.55229e-02
 4.13956e-03  1.54997e-02

 4.94531e-03  1.53750e-02
 4.61558e-03  1.53393e-02
 4.75406e-03  1.52782e-02
 4.73776e-03  1.54286e-02
 4.61558e-03  1.53393e-02

 5.42969e-03  1.53750e-02
 5.09953e-03  1.51872e-02
 5.25090e-03  1.51862e-02
 5.17604e-03  1.53178e-02
 5.09953e-03  1.51872e-02

 5.91406e-03  1.53750e-02
 5.59172e-03  1.50465e-02
 5.73755e-03  1.50870e-02
 5.62951e-03  1.51931e-02
 5.59172e-03  1.50465e-02

 6.39844e-03  1.53750e-02
 6.09200e-03  1.49199e-02
 6.22800e-03  1.49864e-02
 6.10244e-03  1.50709e-02
 6.09200e-03  1.49199e-02

 6.88281e-03  1.53750e-02
 6.59993e-03  1.48099e-02
 6.72629e-03  1.48932e-02
 6.59093e-03  1.49610e-02
 6.59993e-03  1.48099e-02

 7.36719e-03  1.53750e-02
 7.11439e-03  1.47189e-02
 7.23214e-03  1.48140e-02
 7.09090e-03  1.48684e-02
 7.11439e-03  1.47189e-02

 7.85156e-03  1.53750e-02
 7.63437e-03  1.46500e-02
 7.74449e-03  1.47539e-02
 7.59949e-03  1.47973e-02
 7.63437e-03  1.46500e-02

 8.33594e-03  1.53750e-02
 8.15754e-03  1.46063e-02
 8.26090e-03  1.47169e-02
 8.11345e-03  1.47511e-02
 8.15754e-03  1.46063e-02

 8.82031e-03  1.53750e-02
 8.68323e-03  1.45930e-02
 8.78042e-03  1.47091e-02
 8.63132e-03  1.47352e-02
 8.68323e-03  1.45930e-02

 9.30469e-03  1.53750e-02
 9.20653e-03  1.46142e-02
 9.29836e-03  1.47346e-02
 9.14824e-03  1.47539e-02
 9.20653e-03  1.46142e-02

 9.78906e-03  1.53750e-02
 9.73033e-03  1.46808e-02
 9.81680e-03  1.48051e-02
 9.66597e-03  1.48178e-02
 9.73033e-03  1.46808e-02

 1.02734e-02  1.53750e-02
 1.02413e-02  1.47960e-02
 1.03241e-02  1.49227e-02
 1.01730e-02  1.49311e-02
 1.02413e-02  1.47960e-02

 1.07578e-02  1.53750e-02
 1.07578e-02  1.49793e-02
 1.08335e-02  1.51104e-02
 1.06821e-02  1.51104e-02
 1.07578e-02  1.49793e-02

 4.00677e-03  1.59450e-02
 3.88901e-03  1.62401e-02
 3.86730e-03  1.60903e-02
 4.00789e-03  1.61464e-02
 3.88901e-03  1.62401e-02

 4.48906e-03  1.59450e-02
 4.36182e-03  1.60706e-02
 4.40197e-03  1.59246e-02
 4.50829e-03  1.60324e-02
 4.36182e-03  1.60706e-02

 4.97135e-03  1.59450e-02
 4.83767e-03  1.59049e-02
 4.98498e-03  1.58701e-02
 4.94147e-03  1.60150e-02
 4.83767e-03  1.59049e-02

 5.45365e-03  1.59450e-02
 5.31712e-03  1.57470e-02
 5.45384e-03  1.58120e-02
 5.32923e-03  1.58979e-02
 5.31712e-03  1.57470e-02

 5.93594e-03  1.59450e-02
 5.80062e-03  1.56004e-02
 5.91898e-03  1.56947e-02
 5.77809e-03  1.57501e-02
 5.80062e-03  1.56004e-02

 6.41823e-03  1.59450e-02
 6.28829e-03  1.54680e-02
 6.39577e-03  1.55746e-02
 6.24972e-03  1.56144e-02
 6.28829e-03  1.54680e-02

 6.90052e-03  1.59450e-02
 6.77995e-03  1.53528e-02
 6.88026e-03  1.54661e-02
 6.73194e-03  1.54963e-02
 6.77995e-03  1.53528e-02

 7.38281e-03  1.59450e-02
 7.27508e-03  1.52575e-02
 7.37014e-03  1.53753e-02
 7.22060e-03  1.53987e-02
 7.27508e-03  1.52575e-02

 7.86510e-03  1.59450e-02
 7.77302e-03  1.51856e-02
 7.86393e-03  1.53066e-02
 7.71367e-03  1.53248e-02
 7.77302e-03  1.51856e-02

 8.34740e-03  1.59450e-02
 8.27256e-03  1.51405e-02
 8.36006e-03  1.52640e-02
 8.20935e-03  1.52780e-02
 8.27256e-03  1.51405e-02

 8.82969e-03  1.59450e-02
 8.77307e-03  1.51276e-02
 8.85763e-03  1.52532e-02
 8.70663e-03  1.52636e-02
 8.77307e-03  1.51276e-02

 9.31198e-03  1.59450e-02
 9.27234e-03  1.51511e-02
 9.35446e-03  1.52782e-02
 9.20329e-03  1.52858e-02
 9.27234e-03  1.51511e-02

 9.79427e-03  1.59450e-02
 9.77112e-03  1.52220e-02
 9.85096e-03  1.53506e-02
 9.69967e-03  1.53555e-02
 9.77112e-03  1.52220e-02

 1.02766e-02  1.59450e-02
 1.02643e-02  1.53433e-02
 1.03426e-02  1.54728e-02
 1.01913e-02  1.54759e-02
 1.02643e-02  1.53433e-02

 1.07589e-02  1.59450e-02
 1.07589e-02  1.55340e-02
 1.08345e-02  1.56651e-02
 1.06832e-02  1.56651e-02
 1.07589e-02  1.55340e-02

 4.03698e-03  1.65150e-02
 4.10293e-03  1.68060e-02
 4.00014e-03  1.66949e-02
 4.14776e-03  1.66614e-02
 4.10293e-03  1.68060e-02

 4.51719e-03  1.65150e-02
 4.58009e-03  1.66367e-02
 4.45267e-03  1.65550e-02
 4.58714e-03  1.64855e-02
 4.58009e-03  1.66367e-02

 4.99740e-03  1.65150e-02
 5.05607e-03  1.64707e-02
 4.99708e-03  1.66101e-02
 4.90585e-03  1.64893e-02
 5.05607e-03  1.64707e-02

 5.47760e-03  1.65150e-02
 5.53144e-03  1.63119e-02
 5.57100e-03  1.64580e-02
 5.42469e-03  1.64192e-02
 5.53144e-03  1.63119e-02

 5.95781e-03  1.65150e-02
 6.00672e-03  1.61640e-02
 6.06359e-03  1.63043e-02
 5.91367e-03  1.62834e-02
 6.00672e-03  1.61640e-02

 6.43802e-03  1.65150e-02
 6.48223e-03  1.60302e-02
 6.54570e-03  1.61677e-02
 6.39495e-03  1.61539e-02
 6.48223e-03  1.60302e-02

 6.91823e-03  1.65150e-02
 6.95810e-03  1.59137e-02
 7.02494e-03  1.60495e-02
 6.87391e-03  1.60395e-02
 6.95810e-03  1.59137e-02

 7.39844e-03  1.65150e-02
 7.43432e-03  1.58175e-02
 7.50317e-03  1.59523e-02
 7.35200e-03  1.59445e-02
 7.43432e-03  1.58175e-02

 7.87865e-03  1.65150e-02
 7.91063e-03  1.57452e-02
 7.98081e-03  1.58793e-02
 7.82957e-03  1.58731e-02
 7.91063e-03  1.57452e-02

 8.35885e-03  1.65150e-02
 8.38692e-03  1.57004e-02
 8.45804e-03  1.58340e-02
 8.30676e-03  1.58288e-02
 8.38692e-03  1.57004e-02

 8.83906e-03  1.65150e-02
 8.86257e-03  1.56885e-02
 8.93449e-03  1.58217e-02
 8.78319e-03  1.58174e-02
 8.86257e-03  1.56885e-02

 9.31927e-03  1.65150e-02
 9.33808e-03  1.57136e-02
 9.41066e-03  1.58464e-02
 9.25934e-03  1.58429e-02
 9.33808e-03  1.57136e-02

 9.79948e-03  1.65150e-02
 9.81201e-03  1.57865e-02
 9.88543e-03  1.59189e-02
 9.73409e-03  1.59163e-02
 9.81201e-03  1.57865e-02

 1.02797e-02  1.65150e-02
 1.02876e-02  1.59097e-02
 1.03616e-02  1.60417e-02
 1.02102e-02  1.60397e-02
 1.02876e-02  1.59097e-02

 1.07599e-02  1.65150e-02
 1.07599e-02  1.61014e-02
 1.08356e-02  1.62325e-02
 1.06842e-02  1.62325e-02
 1.07599e-02  1.61014e-02

 4.06719e-03  1.70850e-02
 4.30804e-03  1.73614e-02
 4.16485e-03  1.73123e-02
 4.27897e-03  1.72128e-02
 4.30804e-03  1.73614e-02

 4.54531e-03  1.70850e-02
 4.78939e-03  1.71973e-02
 4.63867e-03  1.72112e-02
 4.70192e-03  1.70737e-02
 4.78939e-03  1.71973e-02

 5.02344e-03  1.70850e-02
 5.26559e-03  1.70359e-02
 5.15217e-03  1.71361e-02
 5.12208e-03  1.69878e-02
 5.26559e-03  1.70359e-02

 5.50156e-03  1.70850e-02
 5.73717e-03  1.68812e-02
 5.68753e-03  1.70242e-02
 5.58851e-03  1.69097e-02
 5.73717e-03  1.68812e-02

 5.97969e-03  1.70850e-02
 6.20467e-03  1.67369e-02
 6.19708e-03  1.68880e-02
 6.06996e-03  1.68059e-02
 6.20467e-03  1.67369e-02

 6.45781e-03  1.70850e-02
 6.66864e-03  1.66062e-02
 6.68508e-03  1.67567e-02
 6.54654e-03  1.66957e-02
 6.66864e-03  1.66062e-02

 6.93594e-03  1.70850e-02
 7.12945e-03  1.64925e-02
 7.16069e-03  1.66406e-02
 7.01681e-03  1.65936e-02
 7.12945e-03  1.64925e-02

 7.41406e-03  1.70850e-02
 7.58761e-03  1.63988e-02
 7.62884e-03  1.65445e-02
 7.48210e-03  1.65074e-02
 7.58761e-03  1.63988e-02

 7.89219e-03  1.70850e-02
 8.04324e-03  1.63289e-02
 8.09177e-03  1.64723e-02
 7.94334e-03  1.64427e-02
 8.04324e-03  1.63289e-02

 8.37031e-03  1.70850e-02
 8.49726e-03  1.62862e-02
 8.55143e-03  1.64276e-02
 8.40194e-03  1.64038e-02
 8.49726e-03  1.62862e-02

 8.84844e-03  1.70850e-02
 8.94910e-03  1.62761e-02
 9.00801e-03  1.64155e-02
 8.85780e-03  1.63968e-02
 8.94910e-03  1.62761e-02

 9.32656e-03  1.70850e-02
 9.40182e-03  1.63022e-02
 9.46461e-03  1.64399e-02
 9.31394e-03  1.64254e-02
 9.40182e-03  1.63022e-02

 9.80469e-03  1.70850e-02
 9.85183e-03  1.63748e-02
 9.91867e-03  1.65106e-02
 9.76763e-03  1.65006e-02
 9.85183e-03  1.63748e-02

 1.02828e-02  1.70850e-02
 1.03104e-02  1.64959e-02
 1.03798e-02  1.66304e-02
 1.02286e-02  1.66233e-02
 1.03104e-02  1.64959e-02

 1.07609e-02  1.70850e-02
 1.07609e-02  1.66823e-02
 1.08366e-02  1.68134e-02
 1.06853e-02  1.68134e-02
 1.07609e-02  1.66823e-02

 4.09740e-03  1.76550e-02
 4.49924e-03  1.79079e-02
 4.34798e-03  1.79021e-02
 4.42859e-03  1.77740e-02
 4.49924e-03  1.79079e-02

 4.57344e-03  1.76550e-02
 4.98422e-03  1.77534e-02
 4.83912e-03  1.77964e-02
 4.87437e-03  1.76492e-02
 4.98422e-03  1.77534e-02

 5.04948e-03  1.76550e-02
 5.46043e-03  1.76012e-02
 5.34027e-03  1.76933e-02
 5.32063e-03  1.75432e-02
 5.46043e-03  1.76012e-02

 5.52552e-03  1.76550e-02
 5.92830e-03  1.74552e-02
 5.84449e-03  1.75813e-02
 5.77724e-03  1.74457e-02
 5.92830e-03  1.74552e-02

 6.00156e-03  1.76550e-02
 6.38846e-03  1.73189e-02
 6.33913e-03  1.74620e-02
 6.23987e-03  1.73477e-02
 6.38846e-03  1.73189e-02

 6.47760e-03  1.76550e-02
 6.84161e-03  1.71956e-02
 6.81953e-03  1.73453e-02
 6.70088e-03  1.72513e-02
 6.84161e-03  1.71956e-02

 6.95365e-03  1.76550e-02
 7.28839e-03  1.70884e-02
 7.28687e-03  1.72398e-02
 7.15655e-03  1.71628e-02
 7.28839e-03  1.70884e-02

 7.42969e-03  1.76550e-02
 7.72977e-03  1.70006e-02
 7.74393e-03  1.71513e-02
 7.60634e-03  1.70882e-02
 7.72977e-03  1.70006e-02

 7.90573e-03  1.76550e-02
 8.16623e-03  1.69356e-02
 8.19276e-03  1.70846e-02
 8.05044e-03  1.70330e-02
 8.16623e-03  1.69356e-02

 8.38177e-03  1.76550e-02
 8.59968e-03  1.68967e-02
 8.63622e-03  1.70435e-02
 8.49074e-03  1.70017e-02
 8.59968e-03  1.68967e-02

 8.85781e-03  1.76550e-02
 9.02955e-03  1.68889e-02
 9.07473e-03  1.70333e-02
 8.92703e-03  1.70002e-02
 9.02955e-03  1.68889e-02

 9.33385e-03  1.76550e-02
 9.46123e-03  1.69154e-02
 9.51357e-03  1.70575e-02
 9.36439e-03  1.70318e-02
 9.46123e-03  1.69154e-02

 9.80990e-03  1.76550e-02
 9.88914e-03  1.69856e-02
 9.94889e-03  1.71247e-02
 9.79857e-03  1.71069e-02
 9.88914e-03  1.69856e-02

 1.02859e-02  1.76550e-02
 1.03318e-02  1.71011e-02
 1.03964e-02  1.72380e-02
 1.02456e-02  1.72255e-02
 1.03318e-02  1.71011e-02

 1.07620e-02  1.76550e-02
 1.07620e-02  1.72762e-02
 1.08377e-02  1.74073e-02
 1.06863e-02  1.74073e-02
 1.07620e-02  1.72762e-02

 4.12760e-03  1.82250e-02
 4.67187e-03  1.84462e-02
 4.52194e-03  1.84670e-02
 4.57893e-03  1.83267e-02
 4.67187e-03  1.84462e-02

 4.60156e-03  1.82250e-02
 5.15950e-03  1.83054e-02
 5.01896e-03  1.83616e-02
 5.04054e-03  1.82118e-02
 5.15950e-03  1.83054e-02

 5.07552e-03  1.82250e-02
 5.63515e-03  1.81665e-02
 5.51263e-03  1.82554e-02
 5.49691e-03  1.81049e-02
 5.63515e-03  1.81665e-02

 5.54948e-03  1.82250e-02
 6.09921e-03  1.80333e-02
 6.00034e-03  1.81480e-02
 5.95051e-03  1.80050e-02
 6.09921e-03  1.80333e-02

 6.02344e-03  1.82250e-02
 6.55234e-03  1.79090e-02
 6.47862e-03  1.80412e-02
 6.40099e-03  1.79113e-02
 6.55234e-03  1.79090e-02

 6.49740e-03  1.82250e-02
 6.99544e-03  1.77968e-02
 6.94538e-03  1.79396e-02
 6.84670e-03  1.78248e-02
 6.99544e-03  1.77968e-02

 6.97135e-03  1.82250e-02
 7.42938e-03  1.76996e-02
 7.40029e-03  1.78481e-02
 7.28619e-03  1.77486e-02
 7.42938e-03  1.76996e-02

 7.44531e-03  1.82250e-02
 7.85559e-03  1.76203e-02
 7.84461e-03  1.77713e-02
 7.71936e-03  1.76863e-02
 7.85559e-03  1.76203e-02

 7.91927e-03  1.82250e-02
 8.27488e-03  1.75624e-02
 8.27958e-03  1.77137e-02
 8.14620e-03  1.76421e-02
 8.27488e-03  1.75624e-02

 8.39323e-03  1.82250e-02
 8.69001e-03  1.75287e-02
 8.70824e-03  1.76790e-02
 8.56899e-03  1.76196e-02
 8.69001e-03  1.75287e-02

 8.86719e-03  1.82250e-02
 9.10049e-03  1.75236e-02
 9.13093e-03  1.76719e-02
 8.98730e-03  1.76241e-02
 9.10049e-03  1.75236e-02

 9.34115e-03  1.82250e-02
 9.51364e-03  1.75503e-02
 9.55449e-03  1.76960e-02
 9.40784e-03  1.76585e-02
 9.51364e-03  1.75503e-02

 9.81510e-03  1.82250e-02
 9.92217e-03  1.76162e-02
 9.97401e-03  1.77584e-02
 9.82493e-03  1.77322e-02
 9.92217e-03  1.76162e-02

 1.02891e-02  1.82250e-02
 1.03508e-02  1.77230e-02
 1.04099e-02  1.78624e-02
 1.02597e-02  1.78439e-02
 1.03508e-02  1.77230e-02

 1.07630e-02  1.82250e-02
 1.07630e-02  1.78815e-02
 1.08387e-02  1.80126e-02
 1.06873e-02  1.80126e-02
 1.07630e-02  1.78815e-02

 4.15781e-03  1.87950e-02
 4.81973e-03  1.89791e-02
 4.67315e-03  1.90169e-02
 4.71371e-03  1.88710e-02
 4.81973e-03  1.89791e-02

 4.62969e-03  1.87950e-02
 5.30858e-03  1.88555e-02
 5.17130e-03  1.89192e-02
 5.18473e-03  1.87684e-02
 5.30858e-03  1.88555e-02

 5.10156e-03  1.87950e-02
 5.78285e-03  1.87337e-02
 5.65907e-03  1.88208e-02
 5.64551e-03  1.86701e-02
 5.78285e-03  1.87337e-02

 5.57344e-03  1.87950e-02
 6.24284e-03  1.86170e-02
 6.13561e-03  1.87238e-02
 6.09671e-03  1.85775e-02
 6.24284e-03  1.86170e-02

 6.04531e-03  1.87950e-02
 6.68932e-03  1.85083e-02
 6.60035e-03  1.86307e-02
 6.53878e-03  1.84924e-02
 6.68932e-03  1.85083e-02

 6.51719e-03  1.87950e-02
 7.12331e-03  1.84103e-02
 7.05319e-03  1.85445e-02
 6.97208e-03  1.84167e-02
 7.12331e-03  1.84103e-02

 6.98906e-03  1.87950e-02
 7.54596e-03  1.83259e-02
 7.49446e-03  1.84682e-02
 7.39694e-03  1.83525e-02
 7.54596e-03  1.83259e-02

 7.46094e-03  1.87950e-02
 7.95907e-03  1.82576e-02
 7.92546e-03  1.84052e-02
 7.81445e-03  1.83023e-02
 7.95907e-03  1.82576e-02

 7.93281e-03  1.87950e-02
 8.36381e-03  1.82084e-02
 8.34719e-03  1.83589e-02
 8.22521e-03  1.82692e-02
 8.36381e-03  1.82084e-02

 8.40469e-03  1.87950e-02
 8.76362e-03  1.81810e-02
 8.76281e-03  1.83323e-02
 8.63213e-03  1.82559e-02
 8.76362e-03  1.81810e-02

 8.87656e-03  1.87950e-02
 9.15813e-03  1.81789e-02
 9.17247e-03  1.83296e-02
 9.03480e-03  1.82667e-02
 9.15813e-03  1.81789e-02

 9.34844e-03  1.87950e-02
 9.55614e-03  1.82050e-02
 9.58400e-03  1.83538e-02
 9.44122e-03  1.83035e-02
 9.55614e-03  1.82050e-02

 9.82031e-03  1.87950e-02
 9.94910e-03  1.82650e-02
 9.99169e-03  1.84103e-02
 9.84460e-03  1.83745e-02
 9.94910e-03  1.82650e-02

 1.02922e-02  1.87950e-02
 1.03663e-02  1.83605e-02
 1.04189e-02  1.85025e-02
 1.02697e-02  1.84770e-02
 1.03663e-02  1.83605e-02

 1.07641e-02  1.87950e-02
 1.07641e-02  1.84977e-02
 1.08397e-02  1.86288e-02
 1.06884e-02  1.86288e-02
 1.07641e-02  1.84977e-02

 4.18802e-03  1.93650e-02
 4.93689e-03  1.95079e-02
 4.79394e-03  1.95577e-02
 4.82232e-03  1.94090e-02
 4.93689e-03  1.95079e-02

 4.65781e-03  1.93650e-02
 5.42524e-03  1.94041e-02
 5.29048e-03  1.94730e-02
 5.29817e-03  1.93218e-02
 5.42524e-03  1.94041e-02

 5.12760e-03  1.93650e-02
 5.89700e-03  1.93019e-02
 5.77254e-03  1.93880e-02
 5.76017e-03  1.92372e-02
 5.89700e-03  1.93019e-02

 5.59740e-03  1.93650e-02
 6.35258e-03  1.92041e-02
 6.24014e-03  1.93055e-02
 6.20860e-03  1.91574e-02
 6.35258e-03  1.92041e-02

 6.06719e-03  1.93650e-02
 6.79276e-03  1.91134e-02
 6.69371e-03  1.92278e-02
 6.64411e-03  1.90848e-02
 6.79276e-03  1.91134e-02

 6.53698e-03  1.93650e-02
 7.21875e-03  1.90319e-02
 7.13419e-03  1.91574e-02
 7.06775e-03  1.90214e-02
 7.21875e-03  1.90319e-02

 7.00677e-03  1.93650e-02
 7.63192e-03  1.89621e-02
 7.56273e-03  1.90967e-02
 7.48073e-03  1.89695e-02
 7.63192e-03  1.89621e-02

 7.47656e-03  1.93650e-02
 8.03442e-03  1.89062e-02
 7.98124e-03  1.90480e-02
 7.88510e-03  1.89310e-02
 8.03442e-03  1.89062e-02

 7.94635e-03  1.93650e-02
 8.42772e-03  1.88667e-02
 8.39108e-03  1.90136e-02
 8.28221e-03  1.89084e-02
 8.42772e-03  1.88667e-02

 8.41615e-03  1.93650e-02
 8.81580e-03  1.88459e-02
 8.79580e-03  1.89959e-02
 8.67586e-03  1.89036e-02
 8.81580e-03  1.88459e-02

 8.88594e-03  1.93650e-02
 9.19848e-03  1.88467e-02
 9.19560e-03  1.89981e-02
 9.06597e-03  1.89199e-02
 9.19848e-03  1.88467e-02

 9.35573e-03  1.93650e-02
 9.58549e-03  1.88716e-02
 9.59877e-03  1.90223e-02
 9.46155e-03  1.89584e-02
 9.58549e-03  1.88716e-02

 9.82552e-03  1.93650e-02
 9.96765e-03  1.89243e-02
 9.99945e-03  1.90723e-02
 9.85539e-03  1.90258e-02
 9.96765e-03  1.89243e-02

 1.02953e-02  1.93650e-02
 1.03768e-02  1.90067e-02
 1.04215e-02  1.91513e-02
 1.02739e-02  1.91177e-02
 1.03768e-02  1.90067e-02

 1.07651e-02  1.93650e-02
 1.07651e-02  1.91196e-02
 1.08408e-02  1.92506e-02
 1.06894e-02  1.92506e-02
 1.07651e-02  1.91196e-02

 4.21823e-03  1.99350e-02
 5.01366e-03  2.00375e-02
 4.87397e-03  2.00958e-02
 4.89333e-03  1.99457e-02
 5.01366e-03  2.00375e-02

 4.68594e-03  1.99350e-02
 5.49961e-03  1.99559e-02
 5.36662e-03  2.00282e-02
 5.37051e-03  1.98769e-02
 5.49961e-03  1.99559e-02

 5.15365e-03  1.99350e-02
 5.96792e-03  1.98758e-02
 5.84267e-03  1.99608e-02
 5.83169e-03  1.98098e-02
 5.96792e-03  1.98758e-02

 5.62135e-03  1.99350e-02
 6.41898e-03  1.97994e-02
 6.30243e-03  1.98960e-02
 6.27706e-03  1.97467e-02
 6.41898e-03  1.97994e-02

 6.08906e-03  1.99350e-02
 6.85377e-03  1.97287e-02
 6.74692e-03  1.98359e-02
 6.70749e-03  1.96897e-02
 6.85377e-03  1.97287e-02

 6.55677e-03  1.99350e-02
 7.27352e-03  1.96655e-02
 7.17745e-03  1.97825e-02
 7.12418e-03  1.96408e-02
 7.27352e-03  1.96655e-02

 7.02448e-03  1.99350e-02
 7.67985e-03  1.96117e-02
 7.59576e-03  1.97376e-02
 7.52880e-03  1.96019e-02
 7.67985e-03  1.96117e-02

 7.49219e-03  1.99350e-02
 8.07513e-03  1.95692e-02
 8.00432e-03  1.97030e-02
 7.92387e-03  1.95748e-02
 8.07513e-03  1.95692e-02

 7.95990e-03  1.99350e-02
 8.46110e-03  1.95398e-02
 8.40503e-03  1.96804e-02
 8.31130e-03  1.95615e-02
 8.46110e-03  1.95398e-02

 8.42760e-03  1.99350e-02
 8.84204e-03  1.95255e-02
 8.80199e-03  1.96715e-02
 8.69560e-03  1.95638e-02
 8.84204e-03  1.95255e-02

 8.89531e-03  1.99350e-02
 9.21806e-03  1.95285e-02
 9.19582e-03  1.96782e-02
 9.07727e-03  1.95841e-02
 9.21806e-03  1.95285e-02

 9.36302e-03  1.99350e-02
 9.59919e-03  1.95510e-02
 9.59499e-03  1.97023e-02
 9.46605e-03  1.96230e-02
 9.59919e-03  1.95510e-02

 9.83073e-03  1.99350e-02
 9.97634e-03  1.95949e-02
 9.99433e-03  1.97451e-02
 9.85517e-03  1.96856e-02
 9.97634e-03  1.95949e-02

 1.02984e-02  1.99350e-02
 1.03816e-02  1.96624e-02
 1.04157e-02  1.98099e-02
 1.02710e-02  1.97657e-02
 1.03816e-02  1.96624e-02

 1.07661e-02  1.99350e-02
 1.07661e-02  1.97485e-02
 1.08418e-02  1.98796e-02
 1.06905e-02  1.98796e-02
 1.07661e-02  1.97485e-02

 4.24844e-03  2.05050e-02
 5.04395e-03  2.05678e-02
 4.90731e-03  2.06329e-02
 4.91922e-03  2.04821e-02
 5.04395e-03  2.05678e-02

 4.71406e-03  2.05050e-02
 5.52547e-03  2.05079e-02
 5.39411e-03  2.05831e-02
 5.39465e-03  2.04318e-02
 5.52547e-03  2.05079e-02

 5.17969e-03  2.05050e-02
 5.98935e-03  2.04494e-02
 5.86376e-03  2.05339e-02
 5.85338e-03  2.03829e-02
 5.98935e-03  2.04494e-02

 5.64531e-03  2.05050e-02
 6.43605e-03  2.03938e-02
 6.31678e-03  2.04870e-02
 6.29570e-03  2.03371e-02
 6.43605e-03  2.03938e-02

 6.11094e-03  2.05050e-02
 6.86646e-03  2.03426e-02
 6.75421e-03  2.04441e-02
 6.72240e-03  2.02961e-02
 6.86646e-03  2.03426e-02

 6.57656e-03  2.05050e-02
 7.28211e-03  2.02971e-02
 7.17776e-03  2.04068e-02
 7.13498e-03  2.02616e-02
 7.28211e-03  2.02971e-02

 7.04219e-03  2.05050e-02
 7.68463e-03  2.02588e-02
 7.58931e-03  2.03763e-02
 7.53514e-03  2.02350e-02
 7.68463e-03  2.02588e-02

 7.50781e-03  2.05050e-02
 8.07650e-03  2.02288e-02
 7.99164e-03  2.03542e-02
 7.92552e-03  2.02180e-02
 8.07650e-03  2.02288e-02

 7.97344e-03  2.05050e-02
 8.45964e-03  2.02088e-02
 8.38708e-03  2.03416e-02
 8.30832e-03  2.02123e-02
 8.45964e-03  2.02088e-02

 8.43906e-03  2.05050e-02
 8.83842e-03  2.02001e-02
 8.78015e-03  2.03398e-02
 8.68830e-03  2.02195e-02
 8.83842e-03  2.02001e-02

 8.90469e-03  2.05050e-02
 9.21330e-03  2.02044e-02
 9.17222e-03  2.03500e-02
 9.06659e-03  2.02416e-02
 9.21330e-03  2.02044e-02

 9.37031e-03  2.05050e-02
 9.59404e-03  2.02235e-02
 9.57173e-03  2.03732e-02
 9.45323e-03  2.02790e-02
 9.59404e-03  2.02235e-02

 9.83594e-03  2.05050e-02
 9.97256e-03  2.02579e-02
 9.97537e-03  2.04092e-02
 9.84290e-03  2.03360e-02
 9.97256e-03  2.02579e-02

 1.03016e-02  2.05050e-02
 1.03786e-02  2.03103e-02
 1.04007e-02  2.04601e-02
 1.02600e-02  2.04044e-02
 1.03786e-02  2.03103e-02

 1.07672e-02  2.05050e-02
 1.07672e-02  2.03709e-02
 1.08429e-02  2.05020e-02
 1.06915e-02  2.05020e-02
 1.07672e-02  2.03709e-02

 4.27865e-03  2.10750e-02
 5.01077e-03  2.11082e-02
 4.87639e-03  2.11779e-02
 4.88324e-03  2.10266e-02
 5.01077e-03  2.11082e-02

 4.74219e-03  2.10750e-02
 5.48647e-03  2.10717e-02
 5.35572e-03  2.11480e-02
 5.35506e-03  2.09966e-02
 5.48647e-03  2.10717e-02

 5.20573e-03  2.10750e-02
 5.94594e-03  2.10362e-02
 5.81899e-03  2.11187e-02
 5.81108e-03  2.09675e-02
 5.94594e-03  2.10362e-02

 5.66927e-03  2.10750e-02
 6.38963e-03  2.10027e-02
 6.26676e-03  2.10911e-02
 6.25164e-03  2.09404e-02
 6.38963e-03  2.10027e-02

 6.13281e-03  2.10750e-02
 6.81855e-03  2.09719e-02
 6.70018e-03  2.10662e-02
 6.67766e-03  2.09165e-02
 6.81855e-03  2.09719e-02

 6.59635e-03  2.10750e-02
 7.23410e-03  2.09447e-02
 7.12082e-03  2.10451e-02
 7.09052e-03  2.08968e-02
 7.23410e-03  2.09447e-02

 7.05990e-03  2.10750e-02
 7.63791e-03  2.09219e-02
 7.53057e-03  2.10286e-02
 7.49181e-03  2.08823e-02
 7.63791e-03  2.09219e-02

 7.52344e-03  2.10750e-02
 8.03236e-03  2.09043e-02
 7.93213e-03  2.10178e-02
 7.88401e-03  2.08743e-02
 8.03236e-03  2.09043e-02

 7.98698e-03  2.10750e-02
 8.41933e-03  2.08929e-02
 8.32790e-03  2.10135e-02
 8.26914e-03  2.08740e-02
 8.41933e-03  2.08929e-02

 8.45052e-03  2.10750e-02
 8.80293e-03  2.08886e-02
 8.72243e-03  2.10168e-02
 8.65166e-03  2.08830e-02
 8.80293e-03  2.08886e-02

 8.91406e-03  2.10750e-02
 9.18386e-03  2.08924e-02
 9.11771e-03  2.10286e-02
 9.03288e-03  2.09032e-02
 9.18386e-03  2.08924e-02

 9.37760e-03  2.10750e-02
 9.57101e-03  2.09061e-02
 9.52207e-03  2.10493e-02
 9.42249e-03  2.09353e-02
 9.57101e-03  2.09061e-02

 9.84115e-03  2.10750e-02
 9.95776e-03  2.09289e-02
 9.93515e-03  2.10785e-02
 9.81684e-03  2.09841e-02
 9.95776e-03  2.09289e-02

 1.03047e-02  2.10750e-02
 1.03698e-02  2.09643e-02
 1.03685e-02  2.11157e-02
 1.02381e-02  2.10389e-02
 1.03698e-02  2.09643e-02

 1.07682e-02  2.10750e-02
 1.07682e-02  2.09990e-02
 1.08439e-02  2.11301e-02
 1.06925e-02  2.11301e-02
 1.07682e-02  2.09990e-02

 4.30885e-03  2.16450e-02
 4.91355e-03  2.16495e-02
 4.78190e-03  2.17242e-02
 4.78303e-03  2.15729e-02
 4.91355e-03  2.16495e-02

 4.77031e-03  2.16450e-02
 5.38223e-03  2.16296e-02
 5.25309e-03  2.17086e-02
 5.24928e-03  2.15572e-02
 5.38223e-03  2.16296e-02

 5.23177e-03  2.16450e-02
 5.83750e-03  2.16103e-02
 5.71096e-03  2.16934e-02
 5.70230e-03  2.15422e-02
 5.83750e-03  2.16103e-02

 5.69323e-03  2.16450e-02
 6.27982e-03  2.15922e-02
 6.15605e-03  2.16793e-02
 6.14248e-03  2.15286e-02
 6.27982e-03  2.15922e-02

 6.15469e-03  2.16450e-02
 6.71011e-03  2.15757e-02
 6.58940e-03  2.16670e-02
 6.57067e-03  2.15168e-02
 6.71011e-03  2.15757e-02

 6.61615e-03  2.16450e-02
 7.12963e-03  2.15613e-02
 7.01242e-03  2.16571e-02
 6.98807e-03  2.15077e-02
 7.12963e-03  2.15613e-02

 7.07760e-03  2.16450e-02
 7.53973e-03  2.15494e-02
 7.42669e-03  2.16501e-02
 7.39603e-03  2.15018e-02
 7.53973e-03  2.15494e-02

 7.53906e-03  2.16450e-02
 7.94249e-03  2.15404e-02
 7.83458e-03  2.16466e-02
 7.79660e-03  2.15001e-02
 7.94249e-03  2.15404e-02

 8.00052e-03  2.16450e-02
 8.33948e-03  2.15349e-02
 8.23820e-03  2.16474e-02
 8.19143e-03  2.15034e-02
 8.33948e-03  2.15349e-02

 8.46198e-03  2.16450e-02
 8.73427e-03  2.15334e-02
 8.64169e-03  2.16531e-02
 8.58427e-03  2.15131e-02
 8.73427e-03  2.15334e-02

 8.92344e-03  2.16450e-02
 9.12759e-03  2.15362e-02
 9.04748e-03  2.16647e-02
 8.97631e-03  2.15311e-02
 9.12759e-03  2.15362e-02

 9.38490e-03  2.16450e-02
 9.52705e-03  2.15449e-02
 9.46344e-03  2.16823e-02
 9.37630e-03  2.15585e-02
 9.52705e-03  2.15449e-02

 9.84635e-03  2.16450e-02
 9.92820e-03  2.15580e-02
 9.89346e-03  2.17054e-02
 9.78324e-03  2.16016e-02
 9.92820e-03  2.15580e-02

 1.03078e-02  2.16450e-02
 1.03510e-02  2.15796e-02
 1.03420e-02  2.17307e-02
 1.02156e-02  2.16473e-02
 1.03510e-02  2.15796e-02

 1.07693e-02  2.16450e-02
 1.07693e-02  2.15970e-02
 1.08450e-02  2.17281e-02
 1.06936e-02  2.17281e-02
 1.07693e-02  2.15970e-02

 4.33906e-03  2.22150e-02
 4.72060e-03  2.22150e-02
 4.58951e-03  2.22907e-02
 4.58951e-03  2.21393e-02
 4.72060e-03  2.22150e-02

 4.79844e-03  2.22150e-02
 5.18314e-03  2.22150e-02
 5.05205e-03  2.22907e-02
 5.05205e-03  2.21393e-02
 5.18314e-03  2.22150e-02

 5.25781e-03  2.22150e-02
 5.63724e-03  2.22150e-02
 5.50616e-03  2.22907e-02
 5.50616e-03  2.21393e-02
 5.63724e-03  2.22150e-02

 5.71719e-03  2.22150e-02
 6.08335e-03  2.22150e-02
 5.95226e-03  2.22907e-02
 5.95226e-03  2.21393e-02
 6.08335e-03  2.22150e-02

 6.17656e-03  2.22150e-02
 6.52206e-03  2.22150e-02
 6.39097e-03  2.22907e-02
 6.39097e-03  2.21393e-02
 6.52206e-03  2.22150e-02

 6.63594e-03  2.22150e-02
 6.95421e-03  2.22150e-02
 6.82312e-03  2.22907e-02
 6.82312e-03  2.21393e-02
 6.95421e-03  2.22150e-02

 7.09531e-03  2.22150e-02
 7.38070e-03  2.22150e-02
 7.24961e-03  2.22907e-02
 7.24961e-03  2.21393e-02
 7.38070e-03  2.22150e-02

 7.55469e-03  2.22150e-02
 7.80288e-03  2.22150e-02
 7.67180e-03  2.22907e-02
 7.67180e-03  2.21393e-02
 7.80288e-03  2.22150e-02

 8.01406e-03  2.22150e-02
 8.22174e-03  2.22150e-02
 8.09065e-03  2.22907e-02
 8.09065e-03  2.21393e-02
 8.22174e-03  2.22150e-02

 8.47344e-03  2.22150e-02
 8.63960e-03  2.22150e-02
 8.50851e-03  2.22907e-02
 8.50851e-03  2.21393e-02
 8.63960e-03  2.22150e-02

 8.93281e-03  2.22150e-02
 9.05677e-03  2.22150e-02
 8.92569e-03  2.22907e-02
 8.92569e-03  2.21393e-02
 9.05677e-03  2.22150e-02

 9.39219e-03  2.22150e-02
 9.47827e-03  2.22150e-02
 9.34718e-03  2.22907e-02
 9.34718e-03  2.21393e-02
 9.47827e-03  2.22150e-02

 9.85156e-03  2.22150e-02
 9.90083e-03  2.22150e-02
 9.76974e-03  2.22907e-02
 9.76974e-03  2.21393e-02
 9.90083e-03  2.22150e-02

 1.03109e-02  2.22150e-02
 1.03373e-02  2.22150e-02
 1.02063e-02  2.22907e-02
 1.02063e-02  2.21393e-02
 1.03373e-02  2.22150e-02

 1.07703e-02  2.22150e-02
 1.07703e-02  2.22150e-02
 1.06392e-02  2.22907e-02
 1.06392e-02  2.21393e-02
 1.07703e-02  2.22150e-02

