#[ Fluid velocity 2D plot data file: flw.dat ]
 1.95313e-04  1.13850e-02
 1.95313e-04  1.13850e-02
 6.89950e-05  1.13016e-02
 2.04382e-04  1.12339e-02
 1.95313e-04  1.13850e-02

 5.85937e-04  1.13850e-02
 5.01058e-04  1.13850e-02
 6.32146e-04  1.13093e-02
 6.32146e-04  1.14607e-02
 5.01058e-04  1.13850e-02

 9.76562e-04  1.13850e-02
 8.54167e-04  1.13850e-02
 9.85255e-04  1.13093e-02
 9.85255e-04  1.14607e-02
 8.54167e-04  1.13850e-02

 1.36719e-03  1.13850e-02
 1.19098e-03  1.13850e-02
 1.32207e-03  1.13093e-02
 1.32207e-03  1.14607e-02
 1.19098e-03  1.13850e-02

 1.75781e-03  1.13850e-02
 1.53769e-03  1.13850e-02
 1.66877e-03  1.13093e-02
 1.66877e-03  1.14607e-02
 1.53769e-03  1.13850e-02

 2.14844e-03  1.13850e-02
 1.88286e-03  1.13850e-02
 2.01394e-03  1.13093e-02
 2.01394e-03  1.14607e-02
 1.88286e-03  1.13850e-02

 2.53906e-03  1.13850e-02
 2.23301e-03  1.13850e-02
 2.36409e-03  1.13093e-02
 2.36409e-03  1.14607e-02
 2.23301e-03  1.13850e-02

 2.92969e-03  1.13850e-02
 2.58658e-03  1.13850e-02
 2.71766e-03  1.13093e-02
 2.71766e-03  1.14607e-02
 2.58658e-03  1.13850e-02

 3.32031e-03  1.13850e-02
 2.94547e-03  1.13850e-02
 3.07656e-03  1.13093e-02
 3.07656e-03  1.14607e-02
 2.94547e-03  1.13850e-02

 1.97049e-04  1.19550e-02
 1.97049e-04  1.21284e-02
 1.21365e-04  1.19973e-02
 2.72732e-04  1.19973e-02
 1.97049e-04  1.21284e-02

 5.91146e-04  1.19550e-02
 4.53190e-04  1.21203e-02
 4.79088e-04  1.19711e-02
 5.95294e-04  1.20681e-02
 4.53190e-04  1.21203e-02

 9.85243e-04  1.19550e-02
 7.84182e-04  1.21178e-02
 8.38420e-04  1.19765e-02
 9.33684e-04  1.20941e-02
 7.84182e-04  1.21178e-02

 1.37934e-03  1.19550e-02
 1.08861e-03  1.21131e-02
 1.16761e-03  1.19840e-02
 1.23993e-03  1.21170e-02
 1.08861e-03  1.21131e-02

 1.77344e-03  1.19550e-02
 1.40942e-03  1.21071e-02
 1.50118e-03  1.19868e-02
 1.55956e-03  1.21264e-02
 1.40942e-03  1.21071e-02

 2.16753e-03  1.19550e-02
 1.72820e-03  1.20983e-02
 1.82937e-03  1.19857e-02
 1.87629e-03  1.21296e-02
 1.72820e-03  1.20983e-02

 2.56163e-03  1.19550e-02
 2.05552e-03  1.20866e-02
 2.16334e-03  1.19804e-02
 2.20144e-03  1.21269e-02
 2.05552e-03  1.20866e-02

 2.95573e-03  1.19550e-02
 2.38886e-03  1.20721e-02
 2.50193e-03  1.19715e-02
 2.53255e-03  1.21197e-02
 2.38886e-03  1.20721e-02

 3.34983e-03  1.19550e-02
 2.73130e-03  1.20551e-02
 2.84861e-03  1.19595e-02
 2.87280e-03  1.21089e-02
 2.73130e-03  1.20551e-02

 1.98785e-04  1.25250e-02
 1.98785e-04  1.28061e-02
 1.23101e-04  1.26750e-02
 2.74468e-04  1.26750e-02
 1.98785e-04  1.28061e-02

 5.96354e-04  1.25250e-02
 4.40257e-04  1.28013e-02
 4.38848e-04  1.26499e-02
 5.70635e-04  1.27244e-02
 4.40257e-04  1.28013e-02

 9.93924e-04  1.25250e-02
 7.62923e-04  1.27963e-02
 7.90278e-04  1.26474e-02
 9.05530e-04  1.27456e-02
 7.62923e-04  1.27963e-02

 1.39149e-03  1.25250e-02
 1.05698e-03  1.27883e-02
 1.11317e-03  1.26478e-02
 1.20680e-03  1.27667e-02
 1.05698e-03  1.27883e-02

 1.78906e-03  1.25250e-02
 1.36983e-03  1.27766e-02
 1.44329e-03  1.26442e-02
 1.52117e-03  1.27740e-02
 1.36983e-03  1.27766e-02

 2.18663e-03  1.25250e-02
 1.68146e-03  1.27601e-02
 1.76837e-03  1.26362e-02
 1.83224e-03  1.27734e-02
 1.68146e-03  1.27601e-02

 2.58420e-03  1.25250e-02
 2.00338e-03  1.27387e-02
 2.10026e-03  1.26224e-02
 2.15254e-03  1.27645e-02
 2.00338e-03  1.27387e-02

 2.98177e-03  1.25250e-02
 2.33262e-03  1.27126e-02
 2.43754e-03  1.26035e-02
 2.47957e-03  1.27489e-02
 2.33262e-03  1.27126e-02

 3.37934e-03  1.25250e-02
 2.67240e-03  1.26824e-02
 2.78390e-03  1.25801e-02
 2.81680e-03  1.27278e-02
 2.67240e-03  1.26824e-02

 2.00521e-04  1.30950e-02
 2.00521e-04  1.35273e-02
 1.24837e-04  1.33962e-02
 2.76204e-04  1.33962e-02
 2.00521e-04  1.35273e-02

 6.01563e-04  1.30950e-02
 4.41462e-04  1.35266e-02
 4.16099e-04  1.33773e-02
 5.58015e-04  1.34300e-02
 4.41462e-04  1.35266e-02

 1.00260e-03  1.30950e-02
 7.65011e-04  1.35181e-02
 7.63211e-04  1.33667e-02
 8.95189e-04  1.34408e-02
 7.65011e-04  1.35181e-02

 1.40365e-03  1.30950e-02
 1.05935e-03  1.35050e-02
 1.08569e-03  1.33559e-02
 1.20161e-03  1.34533e-02
 1.05935e-03  1.35050e-02

 1.80469e-03  1.30950e-02
 1.37344e-03  1.34847e-02
 1.41996e-03  1.33407e-02
 1.52145e-03  1.34530e-02
 1.37344e-03  1.34847e-02

 2.20573e-03  1.30950e-02
 1.68673e-03  1.34575e-02
 1.75087e-03  1.33204e-02
 1.83754e-03  1.34445e-02
 1.68673e-03  1.34575e-02

 2.60677e-03  1.30950e-02
 2.01101e-03  1.34228e-02
 2.08938e-03  1.32933e-02
 2.16235e-03  1.34259e-02
 2.01101e-03  1.34228e-02

 3.00781e-03  1.30950e-02
 2.34299e-03  1.33814e-02
 2.43344e-03  1.32600e-02
 2.49333e-03  1.33990e-02
 2.34299e-03  1.33814e-02

 3.40885e-03  1.30950e-02
 2.68582e-03  1.33342e-02
 2.78651e-03  1.32211e-02
 2.83404e-03  1.33648e-02
 2.68582e-03  1.33342e-02

 2.02257e-04  1.36650e-02
 2.02257e-04  1.42244e-02
 1.26573e-04  1.40933e-02
 2.77940e-04  1.40933e-02
 2.02257e-04  1.42244e-02

 6.06771e-04  1.36650e-02
 4.55366e-04  1.42284e-02
 4.16296e-04  1.40822e-02
 5.62476e-04  1.41215e-02
 4.55366e-04  1.42284e-02

 1.01128e-03  1.36650e-02
 7.86702e-04  1.42168e-02
 7.66015e-04  1.40669e-02
 9.06216e-04  1.41239e-02
 7.86702e-04  1.42168e-02

 1.41580e-03  1.36650e-02
 1.09016e-03  1.41990e-02
 1.09379e-03  1.40477e-02
 1.22302e-03  1.41265e-02
 1.09016e-03  1.41990e-02

 1.82031e-03  1.36650e-02
 1.41280e-03  1.41704e-02
 1.43617e-03  1.40208e-02
 1.55400e-03  1.41159e-02
 1.41280e-03  1.41704e-02

 2.22483e-03  1.36650e-02
 1.73489e-03  1.41329e-02
 1.77742e-03  1.39876e-02
 1.88196e-03  1.40971e-02
 1.73489e-03  1.41329e-02

 2.62934e-03  1.36650e-02
 2.06774e-03  1.40859e-02
 2.12725e-03  1.39467e-02
 2.21803e-03  1.40678e-02
 2.06774e-03  1.40859e-02

 3.03385e-03  1.36650e-02
 2.40797e-03  1.40306e-02
 2.48299e-03  1.38991e-02
 2.55934e-03  1.40298e-02
 2.40797e-03  1.40306e-02

 3.43837e-03  1.36650e-02
 2.75850e-03  1.39682e-02
 2.84740e-03  1.38457e-02
 2.90905e-03  1.39839e-02
 2.75850e-03  1.39682e-02

 2.03993e-04  1.42350e-02
 2.03993e-04  1.49194e-02
 1.28310e-04  1.47883e-02
 2.79677e-04  1.47883e-02
 2.03993e-04  1.49194e-02

 6.11979e-04  1.42350e-02
 4.78216e-04  1.49274e-02
 4.28770e-04  1.47844e-02
 5.77389e-04  1.48131e-02
 4.78216e-04  1.49274e-02

 1.01997e-03  1.42350e-02
 8.21811e-04  1.49128e-02
 7.85953e-04  1.47657e-02
 9.31238e-04  1.48082e-02
 8.21811e-04  1.49128e-02

 1.42795e-03  1.42350e-02
 1.14048e-03  1.48900e-02
 1.12386e-03  1.47395e-02
 1.26246e-03  1.48004e-02
 1.14048e-03  1.48900e-02

 1.83594e-03  1.42350e-02
 1.47645e-03  1.48530e-02
 1.47694e-03  1.47016e-02
 1.60778e-03  1.47777e-02
 1.47645e-03  1.48530e-02

 2.24392e-03  1.42350e-02
 1.81198e-03  1.48051e-02
 1.83082e-03  1.46549e-02
 1.95147e-03  1.47464e-02
 1.81198e-03  1.48051e-02

 2.65191e-03  1.42350e-02
 2.15725e-03  1.47459e-02
 2.19407e-03  1.45990e-02
 2.30281e-03  1.47043e-02
 2.15725e-03  1.47459e-02

 3.05990e-03  1.42350e-02
 2.50912e-03  1.46769e-02
 2.56400e-03  1.45359e-02
 2.65873e-03  1.46539e-02
 2.50912e-03  1.46769e-02

 3.46788e-03  1.42350e-02
 2.87018e-03  1.45997e-02
 2.94267e-03  1.44668e-02
 3.02150e-03  1.45960e-02
 2.87018e-03  1.45997e-02

 2.05729e-04  1.48050e-02
 2.05729e-04  1.55898e-02
 1.30046e-04  1.54587e-02
 2.81413e-04  1.54587e-02
 2.05729e-04  1.55898e-02

 6.17187e-04  1.48050e-02
 5.08453e-04  1.56012e-02
 4.51203e-04  1.54611e-02
 6.01178e-04  1.54815e-02
 5.08453e-04  1.56012e-02

 1.02865e-03  1.48050e-02
 8.67758e-04  1.55839e-02
 8.20155e-04  1.54402e-02
 9.68393e-04  1.54709e-02
 8.67758e-04  1.55839e-02

 1.44010e-03  1.48050e-02
 1.20648e-03  1.55569e-02
 1.17310e-03  1.54093e-02
 1.31765e-03  1.54542e-02
 1.20648e-03  1.55569e-02

 1.85156e-03  1.48050e-02
 1.55954e-03  1.55126e-02
 1.53959e-03  1.53626e-02
 1.67951e-03  1.54203e-02
 1.55954e-03  1.55126e-02

 2.26302e-03  1.48050e-02
 1.91221e-03  1.54559e-02
 1.90779e-03  1.53046e-02
 2.04103e-03  1.53764e-02
 1.91221e-03  1.54559e-02

 2.67448e-03  1.48050e-02
 2.27299e-03  1.53860e-02
 2.28525e-03  1.52352e-02
 2.40978e-03  1.53212e-02
 2.27299e-03  1.53860e-02

 3.08594e-03  1.48050e-02
 2.63922e-03  1.53055e-02
 2.67005e-03  1.51573e-02
 2.78298e-03  1.52581e-02
 2.63922e-03  1.53055e-02

 3.49740e-03  1.48050e-02
 3.01304e-03  1.52156e-02
 3.06409e-03  1.50731e-02
 3.16198e-03  1.51886e-02
 3.01304e-03  1.52156e-02

 2.07465e-04  1.53750e-02
 2.07465e-04  1.62386e-02
 1.31782e-04  1.61075e-02
 2.83149e-04  1.61075e-02
 2.07465e-04  1.62386e-02

 6.22396e-04  1.53750e-02
 5.44010e-04  1.62525e-02
 4.80290e-04  1.61152e-02
 6.31057e-04  1.61287e-02
 5.44010e-04  1.62525e-02

 1.03733e-03  1.53750e-02
 9.21402e-04  1.62334e-02
 8.63943e-04  1.60934e-02
 1.01395e-03  1.61136e-02
 9.21402e-04  1.62334e-02

 1.45226e-03  1.53750e-02
 1.28372e-03  1.62028e-02
 1.23571e-03  1.60592e-02
 1.38403e-03  1.60894e-02
 1.28372e-03  1.62028e-02

 1.86719e-03  1.53750e-02
 1.65652e-03  1.61525e-02
 1.61776e-03  1.60062e-02
 1.76385e-03  1.60458e-02
 1.65652e-03  1.61525e-02

 2.28212e-03  1.53750e-02
 2.02903e-03  1.60883e-02
 2.00154e-03  1.59395e-02
 2.14419e-03  1.59901e-02
 2.02903e-03  1.60883e-02

 2.69705e-03  1.53750e-02
 2.40752e-03  1.60098e-02
 2.39306e-03  1.58591e-02
 2.53078e-03  1.59219e-02
 2.40752e-03  1.60098e-02

 3.11198e-03  1.53750e-02
 2.79003e-03  1.59196e-02
 2.79159e-03  1.57682e-02
 2.92189e-03  1.58452e-02
 2.79003e-03  1.59196e-02

 3.52691e-03  1.53750e-02
 3.17815e-03  1.58193e-02
 3.19955e-03  1.56695e-02
 3.31862e-03  1.57629e-02
 3.17815e-03  1.58193e-02

 2.09201e-04  1.59450e-02
 2.09201e-04  1.68584e-02
 1.33518e-04  1.67273e-02
 2.84885e-04  1.67273e-02
 2.09201e-04  1.68584e-02

 6.27604e-04  1.59450e-02
 5.83339e-04  1.68740e-02
 5.13980e-04  1.67395e-02
 6.65176e-04  1.67467e-02
 5.83339e-04  1.68740e-02

 1.04601e-03  1.59450e-02
 9.80504e-04  1.68535e-02
 9.14443e-04  1.67173e-02
 1.06542e-03  1.67282e-02
 9.80504e-04  1.68535e-02

 1.46441e-03  1.59450e-02
 1.36897e-03  1.68204e-02
 1.30794e-03  1.66818e-02
 1.45841e-03  1.66982e-02
 1.36897e-03  1.68204e-02

 1.88281e-03  1.59450e-02
 1.76346e-03  1.67658e-02
 1.70743e-03  1.66252e-02
 1.85722e-03  1.66470e-02
 1.76346e-03  1.67658e-02

 2.30122e-03  1.59450e-02
 2.15780e-03  1.66964e-02
 2.10804e-03  1.65534e-02
 2.25672e-03  1.65818e-02
 2.15780e-03  1.66964e-02

 2.71962e-03  1.59450e-02
 2.55564e-03  1.66116e-02
 2.51346e-03  1.64662e-02
 2.66045e-03  1.65024e-02
 2.55564e-03  1.66116e-02

 3.13802e-03  1.59450e-02
 2.95584e-03  1.65145e-02
 2.92370e-03  1.63666e-02
 3.06787e-03  1.64127e-02
 2.95584e-03  1.65145e-02

 3.55642e-03  1.59450e-02
 3.35932e-03  1.64068e-02
 3.34117e-03  1.62565e-02
 3.48039e-03  1.63159e-02
 3.35932e-03  1.64068e-02

 2.10937e-04  1.65150e-02
 2.10937e-04  1.74492e-02
 1.35254e-04  1.73181e-02
 2.86621e-04  1.73181e-02
 2.10938e-04  1.74492e-02

 6.32812e-04  1.65150e-02
 6.24730e-04  1.74654e-02
 5.50164e-04  1.73337e-02
 7.01526e-04  1.73350e-02
 6.24730e-04  1.74654e-02

 1.05469e-03  1.65150e-02
 1.04257e-03  1.74443e-02
 9.68599e-04  1.73123e-02
 1.11995e-03  1.73142e-02
 1.04257e-03  1.74443e-02

 1.47656e-03  1.65150e-02
 1.45865e-03  1.74097e-02
 1.38560e-03  1.72772e-02
 1.53694e-03  1.72802e-02
 1.45865e-03  1.74097e-02

 1.89844e-03  1.65150e-02
 1.87595e-03  1.73527e-02
 1.80381e-03  1.72197e-02
 1.95512e-03  1.72237e-02
 1.87595e-03  1.73527e-02

 2.32031e-03  1.65150e-02
 2.29328e-03  1.72802e-02
 2.22227e-03  1.71466e-02
 2.37354e-03  1.71519e-02
 2.29328e-03  1.72802e-02

 2.74219e-03  1.65150e-02
 2.71141e-03  1.71918e-02
 2.64176e-03  1.70574e-02
 2.79297e-03  1.70643e-02
 2.71141e-03  1.71918e-02

 3.16406e-03  1.65150e-02
 3.13007e-03  1.70908e-02
 3.06225e-03  1.69555e-02
 3.21335e-03  1.69644e-02
 3.13007e-03  1.70908e-02

 3.58594e-03  1.65150e-02
 3.54945e-03  1.69790e-02
 3.48428e-03  1.68424e-02
 3.63518e-03  1.68542e-02
 3.54945e-03  1.69790e-02

 2.12674e-04  1.70850e-02
 2.12674e-04  1.80094e-02
 1.36990e-04  1.78783e-02
 2.88357e-04  1.78783e-02
 2.12674e-04  1.80094e-02

 6.38021e-04  1.70850e-02
 6.66606e-04  1.80254e-02
 5.86974e-04  1.78966e-02
 7.38271e-04  1.78920e-02
 6.66606e-04  1.80254e-02

 1.06337e-03  1.70850e-02
 1.10531e-03  1.80043e-02
 1.02373e-03  1.78768e-02
 1.17494e-03  1.78699e-02
 1.10531e-03  1.80043e-02

 1.48872e-03  1.70850e-02
 1.54947e-03  1.79692e-02
 1.46497e-03  1.78436e-02
 1.61599e-03  1.78332e-02
 1.54947e-03  1.79692e-02

 1.91406e-03  1.70850e-02
 1.98989e-03  1.79117e-02
 1.90255e-03  1.77881e-02
 2.05328e-03  1.77742e-02
 1.98989e-03  1.79117e-02

 2.33941e-03  1.70850e-02
 2.43057e-03  1.78385e-02
 2.33969e-03  1.77175e-02
 2.48996e-03  1.76993e-02
 2.43057e-03  1.78385e-02

 2.76476e-03  1.70850e-02
 2.86924e-03  1.77494e-02
 2.77411e-03  1.76317e-02
 2.92364e-03  1.76082e-02
 2.86924e-03  1.77494e-02

 3.19010e-03  1.70850e-02
 3.30654e-03  1.76478e-02
 3.20586e-03  1.75347e-02
 3.35409e-03  1.75041e-02
 3.30654e-03  1.76478e-02

 3.61545e-03  1.70850e-02
 3.74183e-03  1.75354e-02
 3.63354e-03  1.74296e-02
 3.77928e-03  1.73887e-02
 3.74183e-03  1.75354e-02

 2.14410e-04  1.76550e-02
 2.14410e-04  1.85400e-02
 1.38726e-04  1.84090e-02
 2.90093e-04  1.84090e-02
 2.14410e-04  1.85400e-02

 6.43229e-04  1.76550e-02
 7.07323e-04  1.85548e-02
 6.22517e-04  1.84294e-02
 7.73501e-04  1.84187e-02
 7.07323e-04  1.85548e-02

 1.07205e-03  1.76550e-02
 1.16636e-03  1.85343e-02
 1.07713e-03  1.84120e-02
 1.22763e-03  1.83959e-02
 1.16636e-03  1.85343e-02

 1.50087e-03  1.76550e-02
 1.63793e-03  1.84999e-02
 1.54223e-03  1.83826e-02
 1.69165e-03  1.83583e-02
 1.63793e-03  1.84999e-02

 1.92969e-03  1.76550e-02
 2.10093e-03  1.84437e-02
 1.99916e-03  1.83317e-02
 2.14708e-03  1.82995e-02
 2.10093e-03  1.84437e-02

 2.35851e-03  1.76550e-02
 2.56442e-03  1.83722e-02
 2.45550e-03  1.82671e-02
 2.60099e-03  1.82254e-02
 2.56442e-03  1.83722e-02

 2.78733e-03  1.76550e-02
 3.02308e-03  1.82854e-02
 2.90628e-03  1.81892e-02
 3.04805e-03  1.81361e-02
 3.02308e-03  1.82854e-02

 3.21615e-03  1.76550e-02
 3.47847e-03  1.81864e-02
 3.35258e-03  1.81024e-02
 3.48831e-03  1.80354e-02
 3.47847e-03  1.81864e-02

 3.64497e-03  1.76550e-02
 3.92913e-03  1.80772e-02
 3.79314e-03  1.80107e-02
 3.91871e-03  1.79261e-02
 3.92913e-03  1.80772e-02

 2.16146e-04  1.82250e-02
 2.16146e-04  1.90435e-02
 1.40462e-04  1.89124e-02
 2.91829e-04  1.89124e-02
 2.16146e-04  1.90435e-02

 6.48438e-04  1.82250e-02
 7.45350e-04  1.90560e-02
 6.54992e-04  1.89346e-02
 8.05340e-04  1.89170e-02
 7.45350e-04  1.90560e-02

 1.08073e-03  1.82250e-02
 1.22347e-03  1.90366e-02
 1.12622e-03  1.89206e-02
 1.27530e-03  1.88943e-02
 1.22347e-03  1.90366e-02

 1.51302e-03  1.82250e-02
 1.72074e-03  1.90036e-02
 1.61383e-03  1.88965e-02
 1.76008e-03  1.88575e-02
 1.72074e-03  1.90036e-02

 1.94531e-03  1.82250e-02
 2.20489e-03  1.89507e-02
 2.08948e-03  1.88527e-02
 2.23200e-03  1.88017e-02
 2.20489e-03  1.89507e-02

 2.37760e-03  1.82250e-02
 2.68973e-03  1.88832e-02
 2.56518e-03  1.87972e-02
 2.70195e-03  1.87323e-02
 2.68973e-03  1.88832e-02

 2.80990e-03  1.82250e-02
 3.16708e-03  1.88015e-02
 3.03370e-03  1.87299e-02
 3.16237e-03  1.86502e-02
 3.16708e-03  1.88015e-02

 3.24219e-03  1.82250e-02
 3.63929e-03  1.87084e-02
 3.49760e-03  1.86551e-02
 3.61456e-03  1.85590e-02
 3.63929e-03  1.87084e-02

 3.67448e-03  1.82250e-02
 4.10414e-03  1.86058e-02
 3.95584e-03  1.85755e-02
 4.05623e-03  1.84622e-02
 4.10414e-03  1.86058e-02

 2.17882e-04  1.87950e-02
 2.17882e-04  1.95223e-02
 1.42198e-04  1.93912e-02
 2.93565e-04  1.93912e-02
 2.17882e-04  1.95223e-02

 6.53646e-04  1.87950e-02
 7.78978e-04  1.95315e-02
 6.82376e-04  1.94150e-02
 8.31598e-04  1.93896e-02
 7.78978e-04  1.95315e-02

 1.08941e-03  1.87950e-02
 1.27414e-03  1.95136e-02
 1.16820e-03  1.94055e-02
 1.31480e-03  1.93678e-02
 1.27414e-03  1.95136e-02

 1.52517e-03  1.87950e-02
 1.79418e-03  1.94832e-02
 1.67596e-03  1.93887e-02
 1.81694e-03  1.93336e-02
 1.79418e-03  1.94832e-02

 1.96094e-03  1.87950e-02
 2.29707e-03  1.94352e-02
 2.16912e-03  1.93543e-02
 2.30314e-03  1.92839e-02
 2.29707e-03  1.94352e-02

 2.39670e-03  1.87950e-02
 2.80078e-03  1.93740e-02
 2.66369e-03  1.93098e-02
 2.78782e-03  1.92232e-02
 2.80078e-03  1.93740e-02

 2.83247e-03  1.87950e-02
 3.29456e-03  1.93001e-02
 3.15024e-03  1.92545e-02
 3.26192e-03  1.91523e-02
 3.29456e-03  1.93001e-02

 3.26823e-03  1.87950e-02
 3.78154e-03  1.92161e-02
 3.63219e-03  1.91914e-02
 3.72819e-03  1.90744e-02
 3.78154e-03  1.92161e-02

 3.70399e-03  1.87950e-02
 4.25875e-03  1.91236e-02
 4.10740e-03  1.91219e-02
 4.18454e-03  1.89917e-02
 4.25875e-03  1.91236e-02

 2.19618e-04  1.93650e-02
 2.19618e-04  1.99828e-02
 1.43935e-04  1.98517e-02
 2.95302e-04  1.98517e-02
 2.19618e-04  1.99828e-02

 6.58854e-04  1.93650e-02
 8.06717e-04  1.99878e-02
 7.02802e-04  1.98778e-02
 8.50075e-04  1.98428e-02
 8.06717e-04  1.99878e-02

 1.09809e-03  1.93650e-02
 1.31610e-03  1.99719e-02
 1.20056e-03  1.98741e-02
 1.34301e-03  1.98229e-02
 1.31610e-03  1.99719e-02

 1.53733e-03  1.93650e-02
 1.85483e-03  1.99447e-02
 1.72548e-03  1.98661e-02
 1.85824e-03  1.97934e-02
 1.85483e-03  1.99447e-02

 1.97656e-03  1.93650e-02
 2.37308e-03  1.99030e-02
 2.23438e-03  1.98423e-02
 2.35622e-03  1.97525e-02
 2.37308e-03  1.99030e-02

 2.41580e-03  1.93650e-02
 2.89213e-03  1.98499e-02
 2.74627e-03  1.98094e-02
 2.85425e-03  1.97033e-02
 2.89213e-03  1.98499e-02

 2.85503e-03  1.93650e-02
 3.39924e-03  1.97860e-02
 3.24925e-03  1.97657e-02
 3.34188e-03  1.96460e-02
 3.39924e-03  1.97860e-02

 3.29427e-03  1.93650e-02
 3.89810e-03  1.97135e-02
 3.74674e-03  1.97135e-02
 3.82240e-03  1.95824e-02
 3.89810e-03  1.97135e-02

 3.73351e-03  1.93650e-02
 4.38521e-03  1.96339e-02
 4.23517e-03  1.96538e-02
 4.29290e-03  1.95139e-02
 4.38521e-03  1.96339e-02

 2.21354e-04  1.99350e-02
 2.21354e-04  2.04274e-02
 1.45671e-04  2.02963e-02
 2.97038e-04  2.02963e-02
 2.21354e-04  2.04274e-02

 6.64062e-04  1.99350e-02
 8.26434e-04  2.04277e-02
 7.13521e-04  2.03269e-02
 8.57282e-04  2.02795e-02
 8.26434e-04  2.04277e-02

 1.10677e-03  1.99350e-02
 1.34605e-03  2.04142e-02
 1.21978e-03  2.03308e-02
 1.35521e-03  2.02632e-02
 1.34605e-03  2.04142e-02

 1.54948e-03  1.99350e-02
 1.89779e-03  2.03913e-02
 1.75809e-03  2.03330e-02
 1.87841e-03  2.02412e-02
 1.89779e-03  2.03913e-02

 1.99219e-03  1.99350e-02
 2.42669e-03  2.03574e-02
 2.27994e-03  2.03203e-02
 2.38546e-03  2.02118e-02
 2.42669e-03  2.03574e-02

 2.43490e-03  1.99350e-02
 2.95629e-03  2.03143e-02
 2.80577e-03  2.02984e-02
 2.89482e-03  2.01760e-02
 2.95629e-03  2.03143e-02

 2.87760e-03  1.99350e-02
 3.47250e-03  2.02628e-02
 3.32116e-03  2.02658e-02
 3.39421e-03  2.01332e-02
 3.47250e-03  2.02628e-02

 3.32031e-03  1.99350e-02
 3.97946e-03  2.02042e-02
 3.82948e-03  2.02247e-02
 3.88671e-03  2.00846e-02
 3.97946e-03  2.02042e-02

 3.76302e-03  1.99350e-02
 4.47326e-03  2.01401e-02
 4.32632e-03  2.01764e-02
 4.36831e-03  2.00310e-02
 4.47326e-03  2.01401e-02

 2.23090e-04  2.05050e-02
 2.23090e-04  2.08702e-02
 1.47407e-04  2.07391e-02
 2.98774e-04  2.07391e-02
 2.23090e-04  2.08702e-02

 6.69271e-04  2.05050e-02
 8.36834e-04  2.08651e-02
 7.12915e-04  2.07782e-02
 8.50154e-04  2.07144e-02
 8.36834e-04  2.08651e-02

 1.11545e-03  2.05050e-02
 1.36162e-03  2.08546e-02
 1.22426e-03  2.07910e-02
 1.34803e-03  2.07038e-02
 1.36162e-03  2.08546e-02

 1.56163e-03  2.05050e-02
 1.91943e-03  2.08362e-02
 1.77181e-03  2.08027e-02
 1.87464e-03  2.06916e-02
 1.91943e-03  2.08362e-02

 2.00781e-03  2.05050e-02
 2.45314e-03  2.08107e-02
 2.30223e-03  2.07989e-02
 2.38790e-03  2.06741e-02
 2.45314e-03  2.08107e-02

 2.45399e-03  2.05050e-02
 2.98749e-03  2.07781e-02
 2.83632e-03  2.07857e-02
 2.90529e-03  2.06510e-02
 2.98749e-03  2.07781e-02

 2.90017e-03  2.05050e-02
 3.50772e-03  2.07393e-02
 3.35818e-03  2.07627e-02
 3.41265e-03  2.06215e-02
 3.50772e-03  2.07393e-02

 3.34635e-03  2.05050e-02
 4.01826e-03  2.06953e-02
 3.87151e-03  2.07324e-02
 3.91275e-03  2.05867e-02
 4.01826e-03  2.06953e-02

 3.79253e-03  2.05050e-02
 4.51502e-03  2.06473e-02
 4.37178e-03  2.06962e-02
 4.40103e-03  2.05477e-02
 4.51502e-03  2.06473e-02

 2.24826e-04  2.10750e-02
 2.24826e-04  2.13061e-02
 1.49143e-04  2.11750e-02
 3.00510e-04  2.11750e-02
 2.24826e-04  2.13061e-02

 6.74479e-04  2.10750e-02
 8.34186e-04  2.12975e-02
 6.96263e-04  2.12351e-02
 8.19232e-04  2.11469e-02
 8.34186e-04  2.12975e-02

 1.12413e-03  2.10750e-02
 1.35683e-03  2.12909e-02
 1.20926e-03  2.12572e-02
 1.31222e-03  2.11463e-02
 1.35683e-03  2.12909e-02

 1.57378e-03  2.10750e-02
 1.91136e-03  2.12785e-02
 1.76002e-03  2.12756e-02
 1.83817e-03  2.11460e-02
 1.91136e-03  2.12785e-02

 2.02344e-03  2.10750e-02
 2.44211e-03  2.12626e-02
 2.29154e-03  2.12780e-02
 2.35342e-03  2.11399e-02
 2.44211e-03  2.12626e-02

 2.47309e-03  2.10750e-02
 2.97365e-03  2.12418e-02
 2.82536e-03  2.12721e-02
 2.87320e-03  2.11285e-02
 2.97365e-03  2.12418e-02

 2.92274e-03  2.10750e-02
 3.49142e-03  2.12172e-02
 3.34589e-03  2.12589e-02
 3.38262e-03  2.11120e-02
 3.49142e-03  2.12172e-02

 3.37240e-03  2.10750e-02
 3.99999e-03  2.11893e-02
 3.85746e-03  2.12403e-02
 3.88459e-03  2.10914e-02
 3.99999e-03  2.11893e-02

 3.82205e-03  2.10750e-02
 4.49535e-03  2.11590e-02
 4.35591e-03  2.12178e-02
 4.37464e-03  2.10676e-02
 4.49535e-03  2.11590e-02

 2.26562e-04  2.16450e-02
 2.26562e-04  2.17703e-02
 1.50879e-04  2.16392e-02
 3.02246e-04  2.16392e-02
 2.26563e-04  2.17703e-02

 6.79687e-04  2.16450e-02
 8.18294e-04  2.17593e-02
 6.69003e-04  2.17343e-02
 7.65285e-04  2.16175e-02
 8.18294e-04  2.17593e-02

 1.13281e-03  2.16450e-02
 1.32995e-03  2.17562e-02
 1.17859e-03  2.17577e-02
 1.25295e-03  2.16259e-02
 1.32995e-03  2.17562e-02

 1.58594e-03  2.16450e-02
 1.87125e-03  2.17485e-02
 1.72221e-03  2.17749e-02
 1.77382e-03  2.16326e-02
 1.87125e-03  2.17485e-02

 2.03906e-03  2.16450e-02
 2.39068e-03  2.17399e-02
 2.24440e-03  2.17788e-02
 2.28385e-03  2.16327e-02
 2.39068e-03  2.17399e-02

 2.49219e-03  2.16450e-02
 2.91160e-03  2.17282e-02
 2.76829e-03  2.17769e-02
 2.79775e-03  2.16285e-02
 2.91160e-03  2.17282e-02

 2.94531e-03  2.16450e-02
 3.42033e-03  2.17146e-02
 3.27965e-03  2.17705e-02
 3.30161e-03  2.16207e-02
 3.42033e-03  2.17146e-02

 3.39844e-03  2.16450e-02
 3.92133e-03  2.16991e-02
 3.78315e-03  2.17609e-02
 3.79872e-03  2.16103e-02
 3.92133e-03  2.16991e-02

 3.85156e-03  2.16450e-02
 4.41089e-03  2.16822e-02
 4.27506e-03  2.17490e-02
 4.28512e-03  2.15980e-02
 4.41089e-03  2.16822e-02

 2.28299e-04  2.22150e-02
 2.28299e-04  2.22150e-02
 9.72110e-05  2.22907e-02
 9.72110e-05  2.21393e-02
 2.28299e-04  2.22150e-02

 6.84896e-04  2.22150e-02
 7.68693e-04  2.22150e-02
 6.37605e-04  2.22907e-02
 6.37605e-04  2.21393e-02
 7.68693e-04  2.22150e-02

 1.14149e-03  2.22150e-02
 1.25837e-03  2.22150e-02
 1.12728e-03  2.22907e-02
 1.12728e-03  2.21393e-02
 1.25837e-03  2.22150e-02

 1.59809e-03  2.22150e-02
 1.76654e-03  2.22150e-02
 1.63545e-03  2.22907e-02
 1.63545e-03  2.21393e-02
 1.76654e-03  2.22150e-02

 2.05469e-03  2.22150e-02
 2.26098e-03  2.22150e-02
 2.12989e-03  2.22907e-02
 2.12989e-03  2.21393e-02
 2.26098e-03  2.22150e-02

 2.51128e-03  2.22150e-02
 2.75670e-03  2.22150e-02
 2.62561e-03  2.22907e-02
 2.62561e-03  2.21393e-02
 2.75670e-03  2.22150e-02

 2.96788e-03  2.22150e-02
 3.24494e-03  2.22150e-02
 3.11385e-03  2.22907e-02
 3.11385e-03  2.21393e-02
 3.24494e-03  2.22150e-02

 3.42448e-03  2.22150e-02
 3.72867e-03  2.22150e-02
 3.59758e-03  2.22907e-02
 3.59758e-03  2.21393e-02
 3.72867e-03  2.22150e-02

 3.88108e-03  2.22150e-02
 4.20557e-03  2.22150e-02
 4.07448e-03  2.22907e-02
 4.07448e-03  2.21393e-02
 4.20557e-03  2.22150e-02

 3.76510e-03  1.13850e-02
 3.36090e-03  1.13850e-02
 3.49199e-03  1.13093e-02
 3.49199e-03  1.14607e-02
 3.36090e-03  1.13850e-02

 4.26406e-03  1.13850e-02
 3.83720e-03  1.13850e-02
 3.96829e-03  1.13093e-02
 3.96829e-03  1.14607e-02
 3.83720e-03  1.13850e-02

 4.76302e-03  1.13850e-02
 4.32397e-03  1.13850e-02
 4.45505e-03  1.13093e-02
 4.45505e-03  1.14607e-02
 4.32397e-03  1.13850e-02

 5.26198e-03  1.13850e-02
 4.82135e-03  1.13850e-02
 4.95244e-03  1.13093e-02
 4.95244e-03  1.14607e-02
 4.82135e-03  1.13850e-02

 5.76094e-03  1.13850e-02
 5.32894e-03  1.13850e-02
 5.46003e-03  1.13093e-02
 5.46003e-03  1.14607e-02
 5.32894e-03  1.13850e-02

 6.25990e-03  1.13850e-02
 5.84612e-03  1.13850e-02
 5.97721e-03  1.13093e-02
 5.97721e-03  1.14607e-02
 5.84612e-03  1.13850e-02

 6.75885e-03  1.13850e-02
 6.37219e-03  1.13850e-02
 6.50328e-03  1.13093e-02
 6.50328e-03  1.14607e-02
 6.37219e-03  1.13850e-02

 7.25781e-03  1.13850e-02
 6.90603e-03  1.13850e-02
 7.03712e-03  1.13093e-02
 7.03712e-03  1.14607e-02
 6.90603e-03  1.13850e-02

 7.75677e-03  1.13850e-02
 7.44693e-03  1.13850e-02
 7.57802e-03  1.13093e-02
 7.57802e-03  1.14607e-02
 7.44693e-03  1.13850e-02

 8.25573e-03  1.13850e-02
 7.99267e-03  1.13850e-02
 8.12376e-03  1.13093e-02
 8.12376e-03  1.14607e-02
 7.99267e-03  1.13850e-02

 8.75469e-03  1.13850e-02
 8.54350e-03  1.13850e-02
 8.67459e-03  1.13093e-02
 8.67459e-03  1.14607e-02
 8.54350e-03  1.13850e-02

 9.25365e-03  1.13850e-02
 9.09370e-03  1.13850e-02
 9.22479e-03  1.13093e-02
 9.22479e-03  1.14607e-02
 9.09370e-03  1.13850e-02

 9.75260e-03  1.13850e-02
 9.64849e-03  1.13850e-02
 9.77957e-03  1.13093e-02
 9.77957e-03  1.14607e-02
 9.64849e-03  1.13850e-02

 1.02516e-02  1.13850e-02
 1.01898e-02  1.13850e-02
 1.03208e-02  1.13093e-02
 1.03208e-02  1.14607e-02
 1.01898e-02  1.13850e-02

 1.07505e-02  1.13850e-02
 1.07505e-02  1.13850e-02
 1.06194e-02  1.14607e-02
 1.06194e-02  1.13093e-02
 1.07505e-02  1.13850e-02

 3.79531e-03  1.19550e-02
 3.12965e-03  1.20336e-02
 3.25096e-03  1.19431e-02
 3.26871e-03  1.20934e-02
 3.12965e-03  1.20336e-02

 4.29219e-03  1.19550e-02
 3.59020e-03  1.20078e-02
 3.71524e-03  1.19225e-02
 3.72660e-03  1.20734e-02
 3.59020e-03  1.20078e-02

 4.78906e-03  1.19550e-02
 4.06794e-03  1.19816e-02
 4.19614e-03  1.19012e-02
 4.20173e-03  1.20524e-02
 4.06794e-03  1.19816e-02

 5.28594e-03  1.19550e-02
 4.56290e-03  1.19561e-02
 4.69387e-03  1.18802e-02
 4.69409e-03  1.20316e-02
 4.56290e-03  1.19561e-02

 5.78281e-03  1.19550e-02
 5.07459e-03  1.19318e-02
 5.20809e-03  1.18604e-02
 5.20312e-03  1.20117e-02
 5.07459e-03  1.19318e-02

 6.27969e-03  1.19550e-02
 5.60209e-03  1.19091e-02
 5.73799e-03  1.18425e-02
 5.72776e-03  1.19935e-02
 5.60209e-03  1.19091e-02

 6.77656e-03  1.19550e-02
 6.14439e-03  1.18884e-02
 6.28269e-03  1.18269e-02
 6.26683e-03  1.19774e-02
 6.14439e-03  1.18884e-02

 7.27344e-03  1.19550e-02
 6.69975e-03  1.18700e-02
 6.84052e-03  1.18143e-02
 6.81833e-03  1.19641e-02
 6.69975e-03  1.18700e-02

 7.77031e-03  1.19550e-02
 7.26702e-03  1.18542e-02
 7.41041e-03  1.18058e-02
 7.38070e-03  1.19542e-02
 7.26702e-03  1.18542e-02

 8.26719e-03  1.19550e-02
 7.84260e-03  1.18419e-02
 7.98875e-03  1.18025e-02
 7.94979e-03  1.19488e-02
 7.84260e-03  1.18419e-02

 8.76406e-03  1.19550e-02
 8.42642e-03  1.18337e-02
 8.57537e-03  1.18068e-02
 8.52420e-03  1.19493e-02
 8.42642e-03  1.18337e-02

 9.26094e-03  1.19550e-02
 9.00934e-03  1.18310e-02
 9.16038e-03  1.18211e-02
 9.09347e-03  1.19569e-02
 9.00934e-03  1.18310e-02

 9.75781e-03  1.19550e-02
 9.59789e-03  1.18348e-02
 9.74816e-03  1.18531e-02
 9.65721e-03  1.19741e-02
 9.59789e-03  1.18348e-02

 1.02547e-02  1.19550e-02
 1.01640e-02  1.18481e-02
 1.03065e-02  1.18991e-02
 1.01911e-02  1.19970e-02
 1.01640e-02  1.18481e-02

 1.07516e-02  1.19550e-02
 1.07516e-02  1.18817e-02
 1.08272e-02  1.20128e-02
 1.06759e-02  1.20128e-02
 1.07516e-02  1.18817e-02

 3.82552e-03  1.25250e-02
 3.06642e-03  1.26451e-02
 3.18407e-03  1.25498e-02
 3.20772e-03  1.26993e-02
 3.06642e-03  1.26451e-02

 4.32031e-03  1.25250e-02
 3.52117e-03  1.26012e-02
 3.64448e-03  1.25134e-02
 3.65885e-03  1.26641e-02
 3.52117e-03  1.26012e-02

 4.81510e-03  1.25250e-02
 3.99470e-03  1.25567e-02
 4.12277e-03  1.24760e-02
 4.12860e-03  1.26272e-02
 3.99470e-03  1.25567e-02

 5.30990e-03  1.25250e-02
 4.48729e-03  1.25130e-02
 4.61947e-03  1.24392e-02
 4.61726e-03  1.25906e-02
 4.48729e-03  1.25130e-02

 5.80469e-03  1.25250e-02
 4.99889e-03  1.24712e-02
 5.13472e-03  1.24044e-02
 5.12464e-03  1.25555e-02
 4.99889e-03  1.24712e-02

 6.29948e-03  1.25250e-02
 5.52857e-03  1.24320e-02
 5.66778e-03  1.23726e-02
 5.64965e-03  1.25228e-02
 5.52857e-03  1.24320e-02

 6.79427e-03  1.25250e-02
 6.07552e-03  1.23960e-02
 6.21792e-03  1.23446e-02
 6.19117e-03  1.24936e-02
 6.07552e-03  1.23960e-02

 7.28906e-03  1.25250e-02
 6.63778e-03  1.23638e-02
 6.78322e-03  1.23218e-02
 6.74685e-03  1.24688e-02
 6.63778e-03  1.23638e-02

 7.78385e-03  1.25250e-02
 7.21390e-03  1.23365e-02
 7.36212e-03  1.23058e-02
 7.31459e-03  1.24495e-02
 7.21390e-03  1.23365e-02

 8.27865e-03  1.25250e-02
 7.79972e-03  1.23155e-02
 7.95015e-03  1.22987e-02
 7.88948e-03  1.24373e-02
 7.79972e-03  1.23155e-02

 8.77344e-03  1.25250e-02
 8.39455e-03  1.23024e-02
 8.54591e-03  1.23036e-02
 8.46924e-03  1.24341e-02
 8.39455e-03  1.23024e-02

 9.26823e-03  1.25250e-02
 8.98828e-03  1.22997e-02
 9.13786e-03  1.23229e-02
 9.04296e-03  1.24409e-02
 8.98828e-03  1.22997e-02

 9.76302e-03  1.25250e-02
 9.58664e-03  1.23105e-02
 9.72836e-03  1.23637e-02
 9.61146e-03  1.24599e-02
 9.58664e-03  1.23105e-02

 1.02578e-02  1.25250e-02
 1.01598e-02  1.23389e-02
 1.02878e-02  1.24196e-02
 1.01539e-02  1.24902e-02
 1.01598e-02  1.23389e-02

 1.07526e-02  1.25250e-02
 1.07526e-02  1.24036e-02
 1.08283e-02  1.25347e-02
 1.06769e-02  1.25347e-02
 1.07526e-02  1.24036e-02

 3.85573e-03  1.30950e-02
 3.08050e-03  1.32766e-02
 3.19088e-03  1.31730e-02
 3.22540e-03  1.33204e-02
 3.08050e-03  1.32766e-02

 4.34844e-03  1.30950e-02
 3.53318e-03  1.32095e-02
 3.65246e-03  1.31163e-02
 3.67352e-03  1.32662e-02
 3.53318e-03  1.32095e-02

 4.84115e-03  1.30950e-02
 4.00454e-03  1.31412e-02
 4.13126e-03  1.30584e-02
 4.13960e-03  1.32095e-02
 4.00454e-03  1.31412e-02

 5.33385e-03  1.30950e-02
 4.49521e-03  1.30737e-02
 4.62818e-03  1.30013e-02
 4.62432e-03  1.31526e-02
 4.49521e-03  1.30737e-02

 5.82656e-03  1.30950e-02
 5.00509e-03  1.30085e-02
 5.14339e-03  1.29469e-02
 5.12753e-03  1.30975e-02
 5.00509e-03  1.30085e-02

 6.31927e-03  1.30950e-02
 5.53375e-03  1.29469e-02
 5.67659e-03  1.28968e-02
 5.64854e-03  1.30455e-02
 5.53375e-03  1.29469e-02

 6.81198e-03  1.30950e-02
 6.08038e-03  1.28900e-02
 6.22703e-03  1.28525e-02
 6.18619e-03  1.29983e-02
 6.08038e-03  1.28900e-02

 7.30469e-03  1.30950e-02
 6.64296e-03  1.28393e-02
 6.79251e-03  1.28159e-02
 6.73795e-03  1.29571e-02
 6.64296e-03  1.28393e-02

 7.79740e-03  1.30950e-02
 7.21984e-03  1.27965e-02
 7.37104e-03  1.27895e-02
 7.30155e-03  1.29239e-02
 7.21984e-03  1.27965e-02

 8.29010e-03  1.30950e-02
 7.80670e-03  1.27639e-02
 7.95762e-03  1.27756e-02
 7.87209e-03  1.29004e-02
 7.80670e-03  1.27639e-02

 8.78281e-03  1.30950e-02
 8.40236e-03  1.27446e-02
 8.55006e-03  1.27777e-02
 8.44751e-03  1.28891e-02
 8.40236e-03  1.27446e-02

 9.27552e-03  1.30950e-02
 8.99648e-03  1.27420e-02
 9.13715e-03  1.27979e-02
 9.01840e-03  1.28918e-02
 8.99648e-03  1.27420e-02

 9.76823e-03  1.30950e-02
 9.59391e-03  1.27616e-02
 9.72172e-03  1.28427e-02
 9.58759e-03  1.29129e-02
 9.59391e-03  1.27616e-02

 1.02609e-02  1.30950e-02
 1.01653e-02  1.28083e-02
 1.02786e-02  1.29087e-02
 1.01350e-02  1.29566e-02
 1.01653e-02  1.28083e-02

 1.07536e-02  1.30950e-02
 1.07536e-02  1.29121e-02
 1.08293e-02  1.30432e-02
 1.06780e-02  1.30432e-02
 1.07536e-02  1.29121e-02

 3.88594e-03  1.36650e-02
 3.15812e-03  1.38931e-02
 3.26057e-03  1.37817e-02
 3.30584e-03  1.39261e-02
 3.15812e-03  1.38931e-02

 4.37656e-03  1.36650e-02
 3.61216e-03  1.38064e-02
 3.72729e-03  1.37081e-02
 3.75483e-03  1.38570e-02
 3.61216e-03  1.38064e-02

 4.86719e-03  1.36650e-02
 4.08349e-03  1.37178e-02
 4.20919e-03  1.36335e-02
 4.21936e-03  1.37845e-02
 4.08349e-03  1.37178e-02

 5.35781e-03  1.36650e-02
 4.57260e-03  1.36297e-02
 4.70695e-03  1.35600e-02
 4.70015e-03  1.37112e-02
 4.57260e-03  1.36297e-02

 5.84844e-03  1.36650e-02
 5.07972e-03  1.35441e-02
 5.22098e-03  1.34897e-02
 5.19746e-03  1.36392e-02
 5.07972e-03  1.35441e-02

 6.33906e-03  1.36650e-02
 5.60464e-03  1.34628e-02
 5.75111e-03  1.34246e-02
 5.71093e-03  1.35705e-02
 5.60464e-03  1.34628e-02

 6.82969e-03  1.36650e-02
 6.14646e-03  1.33876e-02
 6.29639e-03  1.33668e-02
 6.23944e-03  1.35070e-02
 6.14646e-03  1.33876e-02

 7.32031e-03  1.36650e-02
 6.70336e-03  1.33205e-02
 6.85471e-03  1.33184e-02
 6.78092e-03  1.34505e-02
 6.70336e-03  1.33205e-02

 7.81094e-03  1.36650e-02
 7.27367e-03  1.32644e-02
 7.42400e-03  1.32821e-02
 7.33352e-03  1.34034e-02
 7.27367e-03  1.32644e-02

 8.30156e-03  1.36650e-02
 7.85318e-03  1.32223e-02
 7.99963e-03  1.32605e-02
 7.89328e-03  1.33682e-02
 7.85318e-03  1.32223e-02

 8.79219e-03  1.36650e-02
 8.44052e-03  1.31985e-02
 8.57986e-03  1.32576e-02
 8.45899e-03  1.33487e-02
 8.44052e-03  1.31985e-02

 9.28281e-03  1.36650e-02
 9.02597e-03  1.31976e-02
 9.15542e-03  1.32760e-02
 9.02276e-03  1.33489e-02
 9.02597e-03  1.31976e-02

 9.77344e-03  1.36650e-02
 9.61369e-03  1.32270e-02
 9.72971e-03  1.33242e-02
 9.58750e-03  1.33761e-02
 9.61369e-03  1.32270e-02

 1.02641e-02  1.36650e-02
 1.01767e-02  1.32919e-02
 1.02803e-02  1.34023e-02
 1.01329e-02  1.34368e-02
 1.01767e-02  1.32919e-02

 1.07547e-02  1.36650e-02
 1.07547e-02  1.34304e-02
 1.08304e-02  1.35615e-02
 1.06790e-02  1.35615e-02
 1.07547e-02  1.34304e-02

 3.91615e-03  1.42350e-02
 3.27716e-03  1.45078e-02
 3.36800e-03  1.43867e-02
 3.42743e-03  1.45259e-02
 3.27716e-03  1.45078e-02

 4.40469e-03  1.42350e-02
 3.73455e-03  1.44024e-02
 3.84339e-03  1.42972e-02
 3.88007e-03  1.44440e-02
 3.73455e-03  1.44024e-02

 4.89323e-03  1.42350e-02
 4.20692e-03  1.42943e-02
 4.33101e-03  1.42076e-02
 4.34404e-03  1.43584e-02
 4.20692e-03  1.42943e-02

 5.38177e-03  1.42350e-02
 4.69484e-03  1.41864e-02
 4.83094e-03  1.41202e-02
 4.82026e-03  1.42712e-02
 4.69484e-03  1.41864e-02

 5.87031e-03  1.42350e-02
 5.19857e-03  1.40811e-02
 5.34325e-03  1.40366e-02
 5.30945e-03  1.41842e-02
 5.19857e-03  1.40811e-02

 6.35885e-03  1.42350e-02
 5.71782e-03  1.39808e-02
 5.86757e-03  1.39588e-02
 5.81177e-03  1.40995e-02
 5.71782e-03  1.39808e-02

 6.84740e-03  1.42350e-02
 6.25187e-03  1.38879e-02
 6.40324e-03  1.38885e-02
 6.32702e-03  1.40193e-02
 6.25187e-03  1.38879e-02

 7.33594e-03  1.42350e-02
 6.79907e-03  1.38054e-02
 6.94871e-03  1.38282e-02
 6.85413e-03  1.39464e-02
 6.79907e-03  1.38054e-02

 7.82448e-03  1.42350e-02
 7.35784e-03  1.37366e-02
 7.50268e-03  1.37806e-02
 7.39219e-03  1.38841e-02
 7.35784e-03  1.37366e-02

 8.31302e-03  1.42350e-02
 7.92442e-03  1.36857e-02
 8.06192e-03  1.37490e-02
 7.93835e-03  1.38365e-02
 7.92442e-03  1.36857e-02

 8.80156e-03  1.42350e-02
 8.49752e-03  1.36581e-02
 8.62559e-03  1.37388e-02
 8.49168e-03  1.38093e-02
 8.49752e-03  1.36581e-02

 9.29010e-03  1.42350e-02
 9.06863e-03  1.36591e-02
 9.18632e-03  1.37543e-02
 9.04504e-03  1.38086e-02
 9.06863e-03  1.36591e-02

 9.77865e-03  1.42350e-02
 9.64127e-03  1.36979e-02
 9.74707e-03  1.38062e-02
 9.60043e-03  1.38437e-02
 9.64127e-03  1.36979e-02

 1.02672e-02  1.42350e-02
 1.01922e-02  1.37799e-02
 1.02882e-02  1.38970e-02
 1.01389e-02  1.39216e-02
 1.01922e-02  1.37799e-02

 1.07557e-02  1.42350e-02
 1.07557e-02  1.39508e-02
 1.08314e-02  1.40819e-02
 1.06800e-02  1.40819e-02
 1.07557e-02  1.39508e-02

 3.94635e-03  1.48050e-02
 3.42931e-03  1.51098e-02
 3.50380e-03  1.49781e-02
 3.58068e-03  1.51085e-02
 3.42931e-03  1.51098e-02

 4.43281e-03  1.48050e-02
 3.89152e-03  1.49892e-02
 3.99123e-03  1.48753e-02
 4.04000e-03  1.50186e-02
 3.89152e-03  1.49892e-02

 4.91927e-03  1.48050e-02
 4.36576e-03  1.48655e-02
 4.48785e-03  1.47760e-02
 4.50430e-03  1.49265e-02
 4.36576e-03  1.48655e-02

 5.40573e-03  1.48050e-02
 4.85252e-03  1.47417e-02
 4.99137e-03  1.46814e-02
 4.97415e-03  1.48318e-02
 4.85252e-03  1.47417e-02

 5.89219e-03  1.48050e-02
 5.35198e-03  1.46205e-02
 5.50049e-03  1.45913e-02
 5.45157e-03  1.47345e-02
 5.35198e-03  1.46205e-02

 6.37865e-03  1.48050e-02
 5.86387e-03  1.45049e-02
 6.01524e-03  1.45056e-02
 5.93901e-03  1.46363e-02
 5.86387e-03  1.45049e-02

 6.86510e-03  1.48050e-02
 6.38758e-03  1.43980e-02
 6.53644e-03  1.44254e-02
 6.43825e-03  1.45406e-02
 6.38758e-03  1.43980e-02

 7.35156e-03  1.48050e-02
 6.92170e-03  1.43032e-02
 7.06446e-03  1.43535e-02
 6.94951e-03  1.44520e-02
 6.92170e-03  1.43032e-02

 7.83802e-03  1.48050e-02
 7.46492e-03  1.42248e-02
 7.59948e-03  1.42941e-02
 7.47216e-03  1.43760e-02
 7.46492e-03  1.42248e-02

 8.32448e-03  1.48050e-02
 8.01420e-03  1.41673e-02
 8.13961e-03  1.42521e-02
 8.00350e-03  1.43183e-02
 8.01420e-03  1.41673e-02

 8.81094e-03  1.48050e-02
 8.56845e-03  1.41371e-02
 8.68433e-03  1.42345e-02
 8.54205e-03  1.42862e-02
 8.56845e-03  1.41371e-02

 9.29740e-03  1.48050e-02
 9.12089e-03  1.41404e-02
 9.22769e-03  1.42477e-02
 9.08139e-03  1.42865e-02
 9.12089e-03  1.41404e-02

 9.78385e-03  1.48050e-02
 9.67439e-03  1.41875e-02
 9.77180e-03  1.43034e-02
 9.62275e-03  1.43298e-02
 9.67439e-03  1.41875e-02

 1.02703e-02  1.48050e-02
 1.02105e-02  1.42838e-02
 1.03006e-02  1.44054e-02
 1.01503e-02  1.44227e-02
 1.02105e-02  1.42838e-02

 1.07568e-02  1.48050e-02
 1.07568e-02  1.44808e-02
 1.08325e-02  1.46119e-02
 1.06811e-02  1.46119e-02
 1.07568e-02  1.44808e-02

 3.97656e-03  1.53750e-02
 3.60485e-03  1.57023e-02
 3.65322e-03  1.55589e-02
 3.75325e-03  1.56725e-02
 3.60485e-03  1.57023e-02

 4.46094e-03  1.53750e-02
 4.07254e-03  1.55698e-02
 4.15578e-03  1.54434e-02
 4.22364e-03  1.55787e-02
 4.07254e-03  1.55698e-02

 4.94531e-03  1.53750e-02
 4.54889e-03  1.54339e-02
 4.66744e-03  1.53398e-02
 4.68967e-03  1.54895e-02
 4.54889e-03  1.54339e-02

 5.42969e-03  1.53750e-02
 5.03421e-03  1.52976e-02
 5.17739e-03  1.52485e-02
 5.14833e-03  1.53971e-02
 5.03421e-03  1.52976e-02

 5.91406e-03  1.53750e-02
 5.52858e-03  1.51643e-02
 5.67991e-03  1.51608e-02
 5.60731e-03  1.52936e-02
 5.52858e-03  1.51643e-02

 6.39844e-03  1.53750e-02
 6.03175e-03  1.50371e-02
 6.17944e-03  1.50703e-02
 6.07686e-03  1.51816e-02
 6.03175e-03  1.50371e-02

 6.88281e-03  1.53750e-02
 6.54323e-03  1.49196e-02
 6.68226e-03  1.49794e-02
 6.56092e-03  1.50699e-02
 6.54323e-03  1.49196e-02

 7.36719e-03  1.53750e-02
 7.06196e-03  1.48157e-02
 7.19119e-03  1.48945e-02
 7.05832e-03  1.49670e-02
 7.06196e-03  1.48157e-02

 7.85156e-03  1.53750e-02
 7.58697e-03  1.47301e-02
 7.70674e-03  1.48226e-02
 7.56670e-03  1.48801e-02
 7.58697e-03  1.47301e-02

 8.33594e-03  1.53750e-02
 8.11608e-03  1.46679e-02
 8.22728e-03  1.47707e-02
 8.08274e-03  1.48156e-02
 8.11608e-03  1.46679e-02

 8.82031e-03  1.53750e-02
 8.64856e-03  1.46362e-02
 8.75196e-03  1.47468e-02
 8.60453e-03  1.47810e-02
 8.64856e-03  1.46362e-02

 9.30469e-03  1.53750e-02
 9.17965e-03  1.46414e-02
 9.27628e-03  1.47579e-02
 9.12707e-03  1.47834e-02
 9.17965e-03  1.46414e-02

 9.78906e-03  1.53750e-02
 9.71143e-03  1.46950e-02
 9.80150e-03  1.48167e-02
 9.65111e-03  1.48338e-02
 9.71143e-03  1.46950e-02

 1.02734e-02  1.53750e-02
 1.02309e-02  1.48021e-02
 1.03161e-02  1.49272e-02
 1.01652e-02  1.49384e-02
 1.02309e-02  1.48021e-02

 1.07578e-02  1.53750e-02
 1.07578e-02  1.50192e-02
 1.08335e-02  1.51503e-02
 1.06821e-02  1.51503e-02
 1.07578e-02  1.50192e-02

 4.00677e-03  1.59450e-02
 3.79714e-03  1.62822e-02
 3.80207e-03  1.61309e-02
 3.93062e-03  1.62109e-02
 3.79714e-03  1.62822e-02

 4.48906e-03  1.59450e-02
 4.27060e-03  1.61421e-02
 4.31722e-03  1.59981e-02
 4.41863e-03  1.61105e-02
 4.27060e-03  1.61421e-02

 4.97135e-03  1.59450e-02
 4.74900e-03  1.59985e-02
 4.85877e-03  1.58942e-02
 4.89415e-03  1.60414e-02
 4.74900e-03  1.59985e-02

 5.45365e-03  1.59450e-02
 5.23246e-03  1.58546e-02
 5.38244e-03  1.58341e-02
 5.32515e-03  1.59742e-02
 5.23246e-03  1.58546e-02

 5.93594e-03  1.59450e-02
 5.72098e-03  1.57138e-02
 5.86566e-03  1.57582e-02
 5.75480e-03  1.58613e-02
 5.72098e-03  1.57138e-02

 6.41823e-03  1.59450e-02
 6.21436e-03  1.55796e-02
 6.34432e-03  1.56572e-02
 6.21214e-03  1.57309e-02
 6.21436e-03  1.55796e-02

 6.90052e-03  1.59450e-02
 6.71225e-03  1.54559e-02
 6.82997e-03  1.55510e-02
 6.68871e-03  1.56054e-02
 6.71225e-03  1.54559e-02

 7.38281e-03  1.59450e-02
 7.21402e-03  1.53467e-02
 7.32245e-03  1.54523e-02
 7.17677e-03  1.54934e-02
 7.21402e-03  1.53467e-02

 7.86510e-03  1.59450e-02
 7.71907e-03  1.52572e-02
 7.82033e-03  1.53697e-02
 7.67226e-03  1.54011e-02
 7.71907e-03  1.52572e-02

 8.34740e-03  1.59450e-02
 8.22622e-03  1.51927e-02
 8.32179e-03  1.53101e-02
 8.17234e-03  1.53341e-02
 8.22622e-03  1.51927e-02

 8.82969e-03  1.59450e-02
 8.73505e-03  1.51605e-02
 8.82588e-03  1.52815e-02
 8.67561e-03  1.52997e-02
 8.73505e-03  1.51605e-02

 9.31198e-03  1.59450e-02
 9.24303e-03  1.51673e-02
 9.32999e-03  1.52912e-02
 9.17922e-03  1.53045e-02
 9.24303e-03  1.51673e-02

 9.79427e-03  1.59450e-02
 9.75135e-03  1.52251e-02
 9.83470e-03  1.53515e-02
 9.68360e-03  1.53605e-02
 9.75135e-03  1.52251e-02

 1.02766e-02  1.59450e-02
 1.02530e-02  1.53390e-02
 1.03337e-02  1.54671e-02
 1.01824e-02  1.54730e-02
 1.02530e-02  1.53390e-02

 1.07589e-02  1.59450e-02
 1.07589e-02  1.55688e-02
 1.08345e-02  1.56998e-02
 1.06832e-02  1.56998e-02
 1.07589e-02  1.55688e-02

 4.03698e-03  1.65150e-02
 3.99856e-03  1.68507e-02
 3.93827e-03  1.67118e-02
 4.08866e-03  1.67290e-02
 3.99856e-03  1.68507e-02

 4.51719e-03  1.65150e-02
 4.47765e-03  1.67074e-02
 4.42991e-03  1.65637e-02
 4.57817e-03  1.65942e-02
 4.47765e-03  1.67074e-02

 4.99740e-03  1.65150e-02
 4.95778e-03  1.65606e-02
 4.98658e-03  1.64120e-02
 5.10087e-03  1.65113e-02
 4.95778e-03  1.65606e-02

 5.47760e-03  1.65150e-02
 5.43892e-03  1.64138e-02
 5.55642e-03  1.65092e-02
 5.41502e-03  1.65632e-02
 5.43892e-03  1.64138e-02

 5.95781e-03  1.65150e-02
 5.92102e-03  1.62703e-02
 6.01536e-03  1.63887e-02
 5.86567e-03  1.64112e-02
 5.92102e-03  1.62703e-02

 6.43802e-03  1.65150e-02
 6.40395e-03  1.61338e-02
 6.49101e-03  1.62576e-02
 6.34024e-03  1.62711e-02
 6.40395e-03  1.61338e-02

 6.91823e-03  1.65150e-02
 6.88756e-03  1.60081e-02
 6.97102e-03  1.61344e-02
 6.81993e-03  1.61435e-02
 6.88756e-03  1.60081e-02

 7.39844e-03  1.65150e-02
 7.37163e-03  1.58976e-02
 7.45293e-03  1.60252e-02
 7.30170e-03  1.60318e-02
 7.37163e-03  1.58976e-02

 7.87865e-03  1.65150e-02
 7.85599e-03  1.58072e-02
 7.93583e-03  1.59358e-02
 7.78454e-03  1.59407e-02
 7.85599e-03  1.58072e-02

 8.35885e-03  1.65150e-02
 8.34043e-03  1.57425e-02
 8.41921e-03  1.58717e-02
 8.26789e-03  1.58754e-02
 8.34043e-03  1.57425e-02

 8.83906e-03  1.65150e-02
 8.82485e-03  1.57106e-02
 8.90284e-03  1.58404e-02
 8.75150e-03  1.58430e-02
 8.82485e-03  1.57106e-02

 9.31927e-03  1.65150e-02
 9.30899e-03  1.57187e-02
 9.38636e-03  1.58488e-02
 9.23501e-03  1.58507e-02
 9.30899e-03  1.57187e-02

 9.79948e-03  1.65150e-02
 9.79303e-03  1.57785e-02
 9.86986e-03  1.59089e-02
 9.71850e-03  1.59102e-02
 9.79303e-03  1.57785e-02

 1.02797e-02  1.65150e-02
 1.02761e-02  1.58951e-02
 1.03525e-02  1.60257e-02
 1.02012e-02  1.60266e-02
 1.02761e-02  1.58951e-02

 1.07599e-02  1.65150e-02
 1.07599e-02  1.61298e-02
 1.08356e-02  1.62609e-02
 1.06842e-02  1.62609e-02
 1.07599e-02  1.61298e-02

 4.06719e-03  1.70850e-02
 4.20196e-03  1.74074e-02
 4.08157e-03  1.73157e-02
 4.22123e-03  1.72573e-02
 4.20196e-03  1.74074e-02

 4.54531e-03  1.70850e-02
 4.68623e-03  1.72656e-02
 4.54592e-03  1.72088e-02
 4.66526e-03  1.71157e-02
 4.68623e-03  1.72656e-02

 5.02344e-03  1.70850e-02
 5.16764e-03  1.71206e-02
 5.02222e-03  1.71627e-02
 5.05853e-03  1.70157e-02
 5.16764e-03  1.71206e-02

 5.50156e-03  1.70850e-02
 5.64605e-03  1.69758e-02
 5.58710e-03  1.71152e-02
 5.49584e-03  1.69945e-02
 5.64605e-03  1.69758e-02

 5.97969e-03  1.70850e-02
 6.12137e-03  1.68345e-02
 6.12270e-03  1.69859e-02
 5.99096e-03  1.69114e-02
 6.12137e-03  1.68345e-02

 6.45781e-03  1.70850e-02
 6.59361e-03  1.67004e-02
 6.62133e-03  1.68492e-02
 6.47860e-03  1.67988e-02
 6.59361e-03  1.67004e-02

 6.93594e-03  1.70850e-02
 7.06279e-03  1.65772e-02
 7.10445e-03  1.67227e-02
 6.95759e-03  1.66860e-02
 7.06279e-03  1.65772e-02

 7.41406e-03  1.70850e-02
 7.52915e-03  1.64691e-02
 7.57947e-03  1.66119e-02
 7.43068e-03  1.65841e-02
 7.52915e-03  1.64691e-02

 7.89219e-03  1.70850e-02
 7.99291e-03  1.63811e-02
 8.04926e-03  1.65216e-02
 7.89942e-03  1.65001e-02
 7.99291e-03  1.63811e-02

 8.37031e-03  1.70850e-02
 8.45479e-03  1.63183e-02
 8.51566e-03  1.64569e-02
 8.36520e-03  1.64403e-02
 8.45479e-03  1.63183e-02

 8.84844e-03  1.70850e-02
 8.91500e-03  1.62880e-02
 8.97951e-03  1.64249e-02
 8.82867e-03  1.64123e-02
 8.91500e-03  1.62880e-02

 9.32656e-03  1.70850e-02
 9.37544e-03  1.62967e-02
 9.44286e-03  1.64322e-02
 9.29179e-03  1.64228e-02
 9.37544e-03  1.62967e-02

 9.80469e-03  1.70850e-02
 9.83521e-03  1.63563e-02
 9.90534e-03  1.64905e-02
 9.75411e-03  1.64841e-02
 9.83521e-03  1.63563e-02

 1.02828e-02  1.70850e-02
 1.02996e-02  1.64715e-02
 1.03717e-02  1.66047e-02
 1.02204e-02  1.66005e-02
 1.02996e-02  1.64715e-02

 1.07609e-02  1.70850e-02
 1.07609e-02  1.67033e-02
 1.08366e-02  1.68344e-02
 1.06853e-02  1.68344e-02
 1.07609e-02  1.67033e-02

 4.09740e-03  1.76550e-02
 4.39953e-03  1.79537e-02
 4.25310e-03  1.79154e-02
 4.35953e-03  1.78078e-02
 4.39953e-03  1.79537e-02

 4.57344e-03  1.76550e-02
 4.88821e-03  1.78180e-02
 4.73700e-03  1.78249e-02
 4.80661e-03  1.76905e-02
 4.88821e-03  1.78180e-02

 5.04948e-03  1.76550e-02
 5.37032e-03  1.76795e-02
 5.23384e-03  1.77450e-02
 5.24538e-03  1.75941e-02
 5.37032e-03  1.76795e-02

 5.52552e-03  1.76550e-02
 5.84562e-03  1.75415e-02
 5.74736e-03  1.76566e-02
 5.69677e-03  1.75140e-02
 5.84562e-03  1.75415e-02

 6.00156e-03  1.76550e-02
 6.31405e-03  1.74071e-02
 6.25838e-03  1.75479e-02
 6.16432e-03  1.74293e-02
 6.31405e-03  1.74071e-02

 6.47760e-03  1.76550e-02
 6.77574e-03  1.72799e-02
 6.75343e-03  1.74296e-02
 6.63493e-03  1.73354e-02
 6.77574e-03  1.72799e-02

 6.95365e-03  1.76550e-02
 7.23093e-03  1.71633e-02
 7.23246e-03  1.73146e-02
 7.10062e-03  1.72403e-02
 7.23093e-03  1.71633e-02

 7.42969e-03  1.76550e-02
 7.68028e-03  1.70613e-02
 7.69903e-03  1.72115e-02
 7.55958e-03  1.71526e-02
 7.68028e-03  1.70613e-02

 7.90573e-03  1.76550e-02
 8.12436e-03  1.69784e-02
 8.15607e-03  1.71264e-02
 8.01203e-03  1.70799e-02
 8.12436e-03  1.69784e-02

 8.38177e-03  1.76550e-02
 8.56477e-03  1.69197e-02
 8.60656e-03  1.70652e-02
 8.45967e-03  1.70287e-02
 8.56477e-03  1.69197e-02

 8.85781e-03  1.76550e-02
 9.00193e-03  1.68919e-02
 9.05197e-03  1.70347e-02
 8.90323e-03  1.70066e-02
 9.00193e-03  1.68919e-02

 9.33385e-03  1.76550e-02
 9.43977e-03  1.69010e-02
 9.49649e-03  1.70413e-02
 9.34659e-03  1.70203e-02
 9.43977e-03  1.69010e-02

 9.80990e-03  1.76550e-02
 9.87630e-03  1.69584e-02
 9.93920e-03  1.70961e-02
 9.78852e-03  1.70817e-02
 9.87630e-03  1.69584e-02

 1.02859e-02  1.76550e-02
 1.03227e-02  1.70684e-02
 1.03901e-02  1.72040e-02
 1.02390e-02  1.71945e-02
 1.03227e-02  1.70684e-02

 1.07620e-02  1.76550e-02
 1.07620e-02  1.72894e-02
 1.08377e-02  1.74205e-02
 1.06863e-02  1.74205e-02
 1.07620e-02  1.72894e-02

 4.12760e-03  1.82250e-02
 4.58360e-03  1.84908e-02
 4.43224e-03  1.84902e-02
 4.50848e-03  1.83594e-02
 4.58360e-03  1.84908e-02

 4.60156e-03  1.82250e-02
 5.07559e-03  1.83655e-02
 4.92840e-03  1.84008e-02
 4.97141e-03  1.82557e-02
 5.07559e-03  1.83655e-02

 5.07552e-03  1.82250e-02
 5.55764e-03  1.82378e-02
 5.42458e-03  1.83100e-02
 5.42861e-03  1.81587e-02
 5.55764e-03  1.82378e-02

 5.54948e-03  1.82250e-02
 6.02948e-03  1.81109e-02
 5.91944e-03  1.82149e-02
 5.88444e-03  1.80676e-02
 6.02948e-03  1.81109e-02

 6.02344e-03  1.82250e-02
 6.49108e-03  1.79877e-02
 6.40842e-03  1.81146e-02
 6.33993e-03  1.79796e-02
 6.49108e-03  1.79877e-02

 6.49740e-03  1.82250e-02
 6.94271e-03  1.78714e-02
 6.88712e-03  1.80121e-02
 6.79299e-03  1.78936e-02
 6.94271e-03  1.78714e-02

 6.97135e-03  1.82250e-02
 7.38483e-03  1.77650e-02
 7.35348e-03  1.79131e-02
 7.24091e-03  1.78119e-02
 7.38483e-03  1.77650e-02

 7.44531e-03  1.82250e-02
 7.81849e-03  1.76723e-02
 7.80785e-03  1.78233e-02
 7.68241e-03  1.77386e-02
 7.81849e-03  1.76723e-02

 7.91927e-03  1.82250e-02
 8.24457e-03  1.75973e-02
 8.25144e-03  1.77486e-02
 8.11705e-03  1.76789e-02
 8.24457e-03  1.75973e-02

 8.39323e-03  1.82250e-02
 8.66545e-03  1.75446e-02
 8.68703e-03  1.76944e-02
 8.54649e-03  1.76382e-02
 8.66545e-03  1.75446e-02

 8.86719e-03  1.82250e-02
 9.08170e-03  1.75200e-02
 9.11594e-03  1.76675e-02
 8.97113e-03  1.76234e-02
 9.08170e-03  1.75200e-02

 9.34115e-03  1.82250e-02
 9.49901e-03  1.75293e-02
 9.54381e-03  1.76739e-02
 9.39620e-03  1.76404e-02
 9.49901e-03  1.75293e-02

 9.81510e-03  1.82250e-02
 9.91434e-03  1.75827e-02
 9.96912e-03  1.77238e-02
 9.81953e-03  1.77007e-02
 9.91434e-03  1.75827e-02

 1.02891e-02  1.82250e-02
 1.03442e-02  1.76842e-02
 1.04062e-02  1.78223e-02
 1.02556e-02  1.78069e-02
 1.03442e-02  1.76842e-02

 1.07630e-02  1.82250e-02
 1.07630e-02  1.78872e-02
 1.08387e-02  1.80183e-02
 1.06873e-02  1.80183e-02
 1.07630e-02  1.78872e-02

 4.15781e-03  1.87950e-02
 4.74554e-03  1.90209e-02
 4.59603e-03  1.90445e-02
 4.65033e-03  1.89032e-02
 4.74554e-03  1.90209e-02

 4.62969e-03  1.87950e-02
 5.23941e-03  1.89098e-02
 5.09658e-03  1.89599e-02
 5.12458e-03  1.88111e-02
 5.23941e-03  1.89098e-02

 5.10156e-03  1.87950e-02
 5.72052e-03  1.87969e-02
 5.58919e-03  1.88722e-02
 5.58967e-03  1.87208e-02
 5.72052e-03  1.87969e-02

 5.57344e-03  1.87950e-02
 6.18856e-03  1.86851e-02
 6.07283e-03  1.87826e-02
 6.04620e-03  1.86336e-02
 6.18856e-03  1.86851e-02

 6.04531e-03  1.87950e-02
 6.64360e-03  1.85768e-02
 6.54638e-03  1.86928e-02
 6.49451e-03  1.85506e-02
 6.64360e-03  1.85768e-02

 6.51719e-03  1.87950e-02
 7.08605e-03  1.84748e-02
 7.00893e-03  1.86051e-02
 6.93469e-03  1.84732e-02
 7.08605e-03  1.84748e-02

 6.98906e-03  1.87950e-02
 7.51656e-03  1.83819e-02
 7.46001e-03  1.85224e-02
 7.36669e-03  1.84032e-02
 7.51656e-03  1.83819e-02

 7.46094e-03  1.87950e-02
 7.93652e-03  1.83012e-02
 7.90009e-03  1.84482e-02
 7.79108e-03  1.83432e-02
 7.93652e-03  1.83012e-02

 7.93281e-03  1.87950e-02
 8.34711e-03  1.82363e-02
 8.32982e-03  1.83867e-02
 8.20824e-03  1.82965e-02
 8.34711e-03  1.82363e-02

 8.40469e-03  1.87950e-02
 8.75132e-03  1.81910e-02
 8.75171e-03  1.83424e-02
 8.62043e-03  1.82670e-02
 8.75132e-03  1.81910e-02

 8.87656e-03  1.87950e-02
 9.14984e-03  1.81705e-02
 9.16662e-03  1.83209e-02
 9.02795e-03  1.82603e-02
 9.14984e-03  1.81705e-02

 9.34844e-03  1.87950e-02
 9.54979e-03  1.81799e-02
 9.58094e-03  1.83280e-02
 9.43708e-03  1.82809e-02
 9.54979e-03  1.81799e-02

 9.82031e-03  1.87950e-02
 9.94718e-03  1.82277e-02
 9.99243e-03  1.83721e-02
 9.84471e-03  1.83391e-02
 9.94718e-03  1.82277e-02

 1.02922e-02  1.87950e-02
 1.03629e-02  1.83177e-02
 1.04186e-02  1.84585e-02
 1.02688e-02  1.84363e-02
 1.03629e-02  1.83177e-02

 1.07641e-02  1.87950e-02
 1.07641e-02  1.84962e-02
 1.08397e-02  1.86272e-02
 1.06884e-02  1.86272e-02
 1.07641e-02  1.84962e-02

 4.18802e-03  1.93650e-02
 4.87709e-03  1.95462e-02
 4.73106e-03  1.95861e-02
 4.76956e-03  1.94397e-02
 4.87709e-03  1.95462e-02

 4.65781e-03  1.93650e-02
 5.37110e-03  1.94522e-02
 5.23180e-03  1.95114e-02
 5.25016e-03  1.93611e-02
 5.37110e-03  1.94522e-02

 5.12760e-03  1.93650e-02
 5.85021e-03  1.93570e-02
 5.71997e-03  1.94341e-02
 5.71830e-03  1.92828e-02
 5.85021e-03  1.93570e-02

 5.59740e-03  1.93650e-02
 6.31416e-03  1.92630e-02
 6.19505e-03  1.93564e-02
 6.17372e-03  1.92065e-02
 6.31416e-03  1.92630e-02

 6.06719e-03  1.93650e-02
 6.76308e-03  1.91723e-02
 6.65695e-03  1.92802e-02
 6.61655e-03  1.91343e-02
 6.76308e-03  1.91723e-02

 6.53698e-03  1.93650e-02
 7.19754e-03  1.90871e-02
 7.10606e-03  1.92077e-02
 7.04737e-03  1.90682e-02
 7.19754e-03  1.90871e-02

 7.00677e-03  1.93650e-02
 7.61838e-03  1.90099e-02
 7.54303e-03  1.91411e-02
 7.46702e-03  1.90102e-02
 7.61838e-03  1.90099e-02

 7.47656e-03  1.93650e-02
 8.02727e-03  1.89430e-02
 7.96925e-03  1.90828e-02
 7.87719e-03  1.89627e-02
 8.02727e-03  1.89430e-02

 7.94635e-03  1.93650e-02
 8.42560e-03  1.88895e-02
 8.38585e-03  1.90356e-02
 8.27924e-03  1.89281e-02
 8.42560e-03  1.88895e-02

 8.41615e-03  1.93650e-02
 8.81684e-03  1.88526e-02
 8.79571e-03  1.90025e-02
 8.67647e-03  1.89093e-02
 8.81684e-03  1.88526e-02

 8.88594e-03  1.93650e-02
 9.20177e-03  1.88366e-02
 9.19948e-03  1.89880e-02
 9.06955e-03  1.89103e-02
 9.20177e-03  1.88366e-02

 9.35573e-03  1.93650e-02
 9.58849e-03  1.88458e-02
 9.60392e-03  1.89964e-02
 9.46580e-03  1.89344e-02
 9.58849e-03  1.88458e-02

 9.82552e-03  1.93650e-02
 9.97235e-03  1.88869e-02
 1.00062e-02  1.90345e-02
 9.86151e-03  1.89900e-02
 9.97235e-03  1.88869e-02

 1.02953e-02  1.93650e-02
 1.03773e-02  1.89635e-02
 1.04252e-02  1.91071e-02
 1.02769e-02  1.90768e-02
 1.03773e-02  1.89635e-02

 1.07651e-02  1.93650e-02
 1.07651e-02  1.91127e-02
 1.08408e-02  1.92438e-02
 1.06894e-02  1.92438e-02
 1.07651e-02  1.91127e-02

 4.21823e-03  1.99350e-02
 4.96756e-03  2.00701e-02
 4.82513e-03  2.01213e-02
 4.85199e-03  1.99724e-02
 4.96756e-03  2.00701e-02

 4.68594e-03  1.99350e-02
 5.45980e-03  1.99957e-02
 5.32320e-03  2.00609e-02
 5.33503e-03  1.99100e-02
 5.45980e-03  1.99957e-02

 5.15365e-03  1.99350e-02
 5.93583e-03  1.99207e-02
 5.80615e-03  1.99988e-02
 5.80338e-03  1.98474e-02
 5.93583e-03  1.99207e-02

 5.62135e-03  1.99350e-02
 6.39560e-03  1.98468e-02
 6.27392e-03  1.99368e-02
 6.25679e-03  1.97865e-02
 6.39560e-03  1.98468e-02

 6.08906e-03  1.99350e-02
 6.83930e-03  1.97758e-02
 6.72677e-03  1.98771e-02
 6.69536e-03  1.97290e-02
 6.83930e-03  1.97758e-02

 6.55677e-03  1.99350e-02
 7.26757e-03  1.97094e-02
 7.16552e-03  1.98212e-02
 7.11973e-03  1.96769e-02
 7.26757e-03  1.97094e-02

 7.02448e-03  1.99350e-02
 7.68145e-03  1.96494e-02
 7.59141e-03  1.97711e-02
 7.53106e-03  1.96322e-02
 7.68145e-03  1.96494e-02

 7.49219e-03  1.99350e-02
 8.08278e-03  1.95977e-02
 8.00648e-03  1.97284e-02
 7.93141e-03  1.95970e-02
 8.08278e-03  1.95977e-02

 7.95990e-03  1.99350e-02
 8.47311e-03  1.95566e-02
 8.41251e-03  1.96953e-02
 8.32268e-03  1.95735e-02
 8.47311e-03  1.95566e-02

 8.42760e-03  1.99350e-02
 8.85616e-03  1.95287e-02
 8.81311e-03  1.96738e-02
 8.70896e-03  1.95639e-02
 8.85616e-03  1.95287e-02

 8.89531e-03  1.99350e-02
 9.23281e-03  1.95172e-02
 9.20931e-03  1.96667e-02
 9.09156e-03  1.95716e-02
 9.23281e-03  1.95172e-02

 9.36302e-03  1.99350e-02
 9.61161e-03  1.95258e-02
 9.60824e-03  1.96771e-02
 9.47887e-03  1.95985e-02
 9.61161e-03  1.95258e-02

 9.83073e-03  1.99350e-02
 9.98762e-03  1.95592e-02
 1.00070e-02  1.97094e-02
 9.86727e-03  1.96511e-02
 9.98762e-03  1.95592e-02

 1.02984e-02  1.99350e-02
 1.03861e-02  1.96208e-02
 1.04238e-02  1.97674e-02
 1.02780e-02  1.97267e-02
 1.03861e-02  1.96208e-02

 1.07661e-02  1.99350e-02
 1.07661e-02  1.97366e-02
 1.08418e-02  1.98677e-02
 1.06905e-02  1.98677e-02
 1.07661e-02  1.97366e-02

 4.24844e-03  2.05050e-02
 5.00875e-03  2.05953e-02
 4.86965e-03  2.06550e-02
 4.88751e-03  2.05047e-02
 5.00875e-03  2.05953e-02

 4.71406e-03  2.05050e-02
 5.49708e-03  2.05407e-02
 5.36269e-03  2.06103e-02
 5.36958e-03  2.04591e-02
 5.49708e-03  2.05407e-02

 5.17969e-03  2.05050e-02
 5.96914e-03  2.04858e-02
 5.83993e-03  2.05647e-02
 5.83625e-03  2.04133e-02
 5.96914e-03  2.04858e-02

 5.64531e-03  2.05050e-02
 6.42485e-03  2.04320e-02
 6.30139e-03  2.05196e-02
 6.28728e-03  2.03689e-02
 6.42485e-03  2.04320e-02

 6.11094e-03  2.05050e-02
 6.86443e-03  2.03806e-02
 6.74743e-03  2.04766e-02
 6.72277e-03  2.03272e-02
 6.86443e-03  2.03806e-02

 6.57656e-03  2.05050e-02
 7.28877e-03  2.03326e-02
 7.17917e-03  2.04370e-02
 7.14356e-03  2.02899e-02
 7.28877e-03  2.03326e-02

 7.04219e-03  2.05050e-02
 7.69892e-03  2.02895e-02
 7.59797e-03  2.04023e-02
 7.55077e-03  2.02585e-02
 7.69892e-03  2.02895e-02

 7.50781e-03  2.05050e-02
 8.09680e-03  2.02525e-02
 8.00614e-03  2.03737e-02
 7.94650e-03  2.02346e-02
 8.09680e-03  2.02525e-02

 7.97344e-03  2.05050e-02
 8.48403e-03  2.02234e-02
 8.40580e-03  2.03530e-02
 8.33269e-03  2.02204e-02
 8.48403e-03  2.02234e-02

 8.43906e-03  2.05050e-02
 8.86437e-03  2.02039e-02
 8.80110e-03  2.03415e-02
 8.71364e-03  2.02179e-02
 8.86437e-03  2.02039e-02

 8.90469e-03  2.05050e-02
 9.23875e-03  2.01966e-02
 9.19378e-03  2.03411e-02
 9.09110e-03  2.02299e-02
 9.23875e-03  2.01966e-02

 9.37031e-03  2.05050e-02
 9.61570e-03  2.02041e-02
 9.59151e-03  2.03535e-02
 9.47420e-03  2.02578e-02
 9.61570e-03  2.02041e-02

 9.83594e-03  2.05050e-02
 9.99040e-03  2.02294e-02
 9.99233e-03  2.03808e-02
 9.86029e-03  2.03068e-02
 9.99040e-03  2.02294e-02

 1.03016e-02  2.05050e-02
 1.03877e-02  2.02757e-02
 1.04124e-02  2.04250e-02
 1.02707e-02  2.03718e-02
 1.03877e-02  2.02757e-02

 1.07672e-02  2.05050e-02
 1.07672e-02  2.03588e-02
 1.08429e-02  2.04899e-02
 1.06915e-02  2.04899e-02
 1.07672e-02  2.03588e-02

 4.27865e-03  2.10750e-02
 4.98531e-03  2.11264e-02
 4.84908e-03  2.11924e-02
 4.86006e-03  2.10414e-02
 4.98531e-03  2.11264e-02

 4.74219e-03  2.10750e-02
 5.46788e-03  2.10925e-02
 5.33500e-03  2.11650e-02
 5.33866e-03  2.10137e-02
 5.46788e-03  2.10925e-02

 5.20573e-03  2.10750e-02
 5.93542e-03  2.10586e-02
 5.80606e-03  2.11372e-02
 5.80267e-03  2.09859e-02
 5.93542e-03  2.10586e-02

 5.66927e-03  2.10750e-02
 6.38788e-03  2.10256e-02
 6.26229e-03  2.11101e-02
 6.25191e-03  2.09591e-02
 6.38788e-03  2.10256e-02

 6.13281e-03  2.10750e-02
 6.82566e-03  2.09940e-02
 6.70425e-03  2.10844e-02
 6.68668e-03  2.09341e-02
 6.82566e-03  2.09940e-02

 6.59635e-03  2.10750e-02
 7.24959e-03  2.09648e-02
 7.13292e-03  2.10612e-02
 7.10773e-03  2.09120e-02
 7.24959e-03  2.09648e-02

 7.05990e-03  2.10750e-02
 7.66072e-03  2.09386e-02
 7.54964e-03  2.10414e-02
 7.51612e-03  2.08938e-02
 7.66072e-03  2.09386e-02

 7.52344e-03  2.10750e-02
 8.06087e-03  2.09162e-02
 7.95661e-03  2.10259e-02
 7.91371e-03  2.08807e-02
 8.06087e-03  2.09162e-02

 7.98698e-03  2.10750e-02
 8.45160e-03  2.08986e-02
 8.35591e-03  2.10159e-02
 8.30219e-03  2.08744e-02
 8.45160e-03  2.08986e-02

 8.45052e-03  2.10750e-02
 8.83640e-03  2.08872e-02
 8.75166e-03  2.10126e-02
 8.68541e-03  2.08765e-02
 8.83640e-03  2.08872e-02

 8.91406e-03  2.10750e-02
 9.21615e-03  2.08832e-02
 9.14606e-03  2.10173e-02
 9.06492e-03  2.08896e-02
 9.21615e-03  2.08832e-02

 9.37760e-03  2.10750e-02
 9.59876e-03  2.08888e-02
 9.54722e-03  2.10311e-02
 9.44974e-03  2.09153e-02
 9.59876e-03  2.08888e-02

 9.84115e-03  2.10750e-02
 9.97983e-03  2.09054e-02
 9.95545e-03  2.10548e-02
 9.83826e-03  2.09590e-02
 9.97983e-03  2.09054e-02

 1.03047e-02  2.10750e-02
 1.03820e-02  2.09358e-02
 1.03845e-02  2.10871e-02
 1.02522e-02  2.10136e-02
 1.03820e-02  2.09358e-02

 1.07682e-02  2.10750e-02
 1.07682e-02  2.09849e-02
 1.08439e-02  2.11160e-02
 1.06925e-02  2.11160e-02
 1.07682e-02  2.09849e-02

 4.30885e-03  2.16450e-02
 4.89392e-03  2.16644e-02
 4.76039e-03  2.17357e-02
 4.76541e-03  2.15844e-02
 4.89392e-03  2.16644e-02

 4.77031e-03  2.16450e-02
 5.36904e-03  2.16462e-02
 5.23780e-03  2.17217e-02
 5.23811e-03  2.15703e-02
 5.36904e-03  2.16462e-02

 5.23177e-03  2.16450e-02
 5.83181e-03  2.16282e-02
 5.70290e-03  2.17075e-02
 5.69865e-03  2.15562e-02
 5.83181e-03  2.16282e-02

 5.69323e-03  2.16450e-02
 6.28227e-03  2.16106e-02
 6.15581e-03  2.16938e-02
 6.14699e-03  2.15427e-02
 6.28227e-03  2.16106e-02

 6.15469e-03  2.16450e-02
 6.72080e-03  2.15940e-02
 6.59703e-03  2.16811e-02
 6.58345e-03  2.15304e-02
 6.72080e-03  2.15940e-02

 6.61615e-03  2.16450e-02
 7.14815e-03  2.15787e-02
 7.02743e-03  2.16700e-02
 7.00870e-03  2.15198e-02
 7.14815e-03  2.15787e-02

 7.07760e-03  2.16450e-02
 7.56521e-03  2.15650e-02
 7.44811e-03  2.16609e-02
 7.42360e-03  2.15115e-02
 7.56521e-03  2.15650e-02

 7.53906e-03  2.16450e-02
 7.97356e-03  2.15534e-02
 7.86091e-03  2.16545e-02
 7.82968e-03  2.15064e-02
 7.97356e-03  2.15534e-02

 8.00052e-03  2.16450e-02
 8.37444e-03  2.15444e-02
 8.26752e-03  2.16515e-02
 8.22818e-03  2.15054e-02
 8.37444e-03  2.15444e-02

 8.46198e-03  2.16450e-02
 8.77081e-03  2.15387e-02
 8.67150e-03  2.16529e-02
 8.62222e-03  2.15098e-02
 8.77081e-03  2.15387e-02

 8.92344e-03  2.16450e-02
 9.16334e-03  2.15369e-02
 9.07493e-03  2.16597e-02
 9.01273e-03  2.15217e-02
 9.16334e-03  2.15369e-02

 9.38490e-03  2.16450e-02
 9.55885e-03  2.15403e-02
 9.48554e-03  2.16728e-02
 9.40751e-03  2.15431e-02
 9.55885e-03  2.15403e-02

 9.84635e-03  2.16450e-02
 9.95371e-03  2.15493e-02
 9.90624e-03  2.16930e-02
 9.80550e-03  2.15800e-02
 9.95371e-03  2.15493e-02

 1.03078e-02  2.16450e-02
 1.03671e-02  2.15661e-02
 1.03488e-02  2.17164e-02
 1.02278e-02  2.16254e-02
 1.03671e-02  2.15661e-02

 1.07693e-02  2.16450e-02
 1.07693e-02  2.15919e-02
 1.08450e-02  2.17230e-02
 1.06936e-02  2.17230e-02
 1.07693e-02  2.15919e-02

 4.33906e-03  2.22150e-02
 4.67740e-03  2.22150e-02
 4.54631e-03  2.22907e-02
 4.54631e-03  2.21393e-02
 4.67740e-03  2.22150e-02

 4.79844e-03  2.22150e-02
 5.14369e-03  2.22150e-02
 5.01260e-03  2.22907e-02
 5.01260e-03  2.21393e-02
 5.14369e-03  2.22150e-02

 5.25781e-03  2.22150e-02
 5.60291e-03  2.22150e-02
 5.47182e-03  2.22907e-02
 5.47182e-03  2.21393e-02
 5.60291e-03  2.22150e-02

 5.71719e-03  2.22150e-02
 6.05514e-03  2.22150e-02
 5.92405e-03  2.22907e-02
 5.92405e-03  2.21393e-02
 6.05514e-03  2.22150e-02

 6.17656e-03  2.22150e-02
 6.50063e-03  2.22150e-02
 6.36954e-03  2.22907e-02
 6.36954e-03  2.21393e-02
 6.50063e-03  2.22150e-02

 6.63594e-03  2.22150e-02
 6.93984e-03  2.22150e-02
 6.80876e-03  2.22907e-02
 6.80876e-03  2.21393e-02
 6.93984e-03  2.22150e-02

 7.09531e-03  2.22150e-02
 7.37334e-03  2.22150e-02
 7.24226e-03  2.22907e-02
 7.24226e-03  2.21393e-02
 7.37334e-03  2.22150e-02

 7.55469e-03  2.22150e-02
 7.80207e-03  2.22150e-02
 7.67099e-03  2.22907e-02
 7.67099e-03  2.21393e-02
 7.80207e-03  2.22150e-02

 8.01406e-03  2.22150e-02
 8.22674e-03  2.22150e-02
 8.09565e-03  2.22907e-02
 8.09565e-03  2.21393e-02
 8.22674e-03  2.22150e-02

 8.47344e-03  2.22150e-02
 8.64912e-03  2.22150e-02
 8.51803e-03  2.22907e-02
 8.51803e-03  2.21393e-02
 8.64912e-03  2.22150e-02

 8.93281e-03  2.22150e-02
 9.06947e-03  2.22150e-02
 8.93839e-03  2.22907e-02
 8.93839e-03  2.21393e-02
 9.06947e-03  2.22150e-02

 9.39219e-03  2.22150e-02
 9.49179e-03  2.22150e-02
 9.36070e-03  2.22907e-02
 9.36070e-03  2.21393e-02
 9.49179e-03  2.22150e-02

 9.85156e-03  2.22150e-02
 9.91359e-03  2.22150e-02
 9.78250e-03  2.22907e-02
 9.78250e-03  2.21393e-02
 9.91359e-03  2.22150e-02

 1.03109e-02  2.22150e-02
 1.03461e-02  2.22150e-02
 1.02150e-02  2.22907e-02
 1.02150e-02  2.21393e-02
 1.03461e-02  2.22150e-02

 1.07703e-02  2.22150e-02
 1.07703e-02  2.22150e-02
 1.06392e-02  2.22907e-02
 1.06392e-02  2.21393e-02
 1.07703e-02  2.22150e-02

