#[ Fluid velocity 2D plot data file: flw.dat ]
 1.95313e-04  1.13850e-02
 1.95313e-04  1.13850e-02
 6.89950e-05  1.13016e-02
 2.04382e-04  1.12339e-02
 1.95313e-04  1.13850e-02

 5.85937e-04  1.13850e-02
 3.38301e-04  1.13850e-02
 4.69389e-04  1.13093e-02
 4.69389e-04  1.14607e-02
 3.38301e-04  1.13850e-02

 9.76562e-04  1.13850e-02
 6.48755e-04  1.13850e-02
 7.79842e-04  1.13093e-02
 7.79842e-04  1.14607e-02
 6.48755e-04  1.13850e-02

 1.36719e-03  1.13850e-02
 8.88565e-04  1.13850e-02
 1.01965e-03  1.13093e-02
 1.01965e-03  1.14607e-02
 8.88565e-04  1.13850e-02

 1.75781e-03  1.13850e-02
 1.17069e-03  1.13850e-02
 1.30178e-03  1.13093e-02
 1.30178e-03  1.14607e-02
 1.17069e-03  1.13850e-02

 2.14844e-03  1.13850e-02
 1.44887e-03  1.13850e-02
 1.57996e-03  1.13093e-02
 1.57996e-03  1.14607e-02
 1.44887e-03  1.13850e-02

 2.53906e-03  1.13850e-02
 1.74688e-03  1.13850e-02
 1.87797e-03  1.13093e-02
 1.87797e-03  1.14607e-02
 1.74688e-03  1.13850e-02

 2.92969e-03  1.13850e-02
 2.05804e-03  1.13850e-02
 2.18913e-03  1.13093e-02
 2.18913e-03  1.14607e-02
 2.05804e-03  1.13850e-02

 3.32031e-03  1.13850e-02
 2.38812e-03  1.13850e-02
 2.51921e-03  1.13093e-02
 2.51921e-03  1.14607e-02
 2.38812e-03  1.13850e-02

 1.97049e-04  1.19550e-02
 1.97049e-04  1.23923e-02
 1.21365e-04  1.22612e-02
 2.72732e-04  1.22612e-02
 1.97049e-04  1.23923e-02

 5.91146e-04  1.19550e-02
 2.22514e-04  1.23661e-02
 2.53690e-04  1.22179e-02
 3.66379e-04  1.23190e-02
 2.22514e-04  1.23661e-02

 9.85243e-04  1.19550e-02
 4.83151e-04  1.23555e-02
 5.38435e-04  1.22146e-02
 6.32825e-04  1.23329e-02
 4.83151e-04  1.23555e-02

 1.37934e-03  1.19550e-02
 6.48147e-04  1.23334e-02
 7.29785e-04  1.22059e-02
 7.99354e-04  1.23404e-02
 6.48147e-04  1.23334e-02

 1.77344e-03  1.19550e-02
 8.75680e-04  1.23067e-02
 9.70129e-04  1.21884e-02
 1.02534e-03  1.23294e-02
 8.75680e-04  1.23067e-02

 2.16753e-03  1.19550e-02
 1.10153e-03  1.22713e-02
 1.20568e-03  1.21614e-02
 1.24873e-03  1.23065e-02
 1.10153e-03  1.22713e-02

 2.56163e-03  1.19550e-02
 1.35925e-03  1.22288e-02
 1.47026e-03  1.21259e-02
 1.50387e-03  1.22735e-02
 1.35925e-03  1.22288e-02

 2.95573e-03  1.19550e-02
 1.63876e-03  1.21798e-02
 1.75525e-03  1.20831e-02
 1.78071e-03  1.22323e-02
 1.63876e-03  1.21798e-02

 3.34983e-03  1.19550e-02
 1.94749e-03  1.21267e-02
 2.06840e-03  1.20357e-02
 2.08680e-03  1.21859e-02
 1.94749e-03  1.21267e-02

 1.98785e-04  1.25250e-02
 1.98785e-04  1.32128e-02
 1.23101e-04  1.30817e-02
 2.74468e-04  1.30817e-02
 1.98785e-04  1.32128e-02

 5.96354e-04  1.25250e-02
 1.89434e-04  1.32013e-02
 1.92171e-04  1.30499e-02
 3.21869e-04  1.31280e-02
 1.89434e-04  1.32013e-02

 9.93924e-04  1.25250e-02
 4.30528e-04  1.31727e-02
 4.59452e-04  1.30242e-02
 5.73662e-04  1.31235e-02
 4.30528e-04  1.31727e-02

 1.39149e-03  1.25250e-02
 5.71311e-04  1.31329e-02
 6.31560e-04  1.29940e-02
 7.21692e-04  1.31156e-02
 5.71311e-04  1.31329e-02

 1.78906e-03  1.25250e-02
 7.82926e-04  1.30784e-02
 8.61309e-04  1.29489e-02
 9.34261e-04  1.30816e-02
 7.82926e-04  1.30784e-02

 2.18663e-03  1.25250e-02
 9.96509e-04  1.30121e-02
 1.08916e-03  1.28924e-02
 1.14650e-03  1.30325e-02
 9.96509e-04  1.30121e-02

 2.58420e-03  1.25250e-02
 1.24748e-03  1.29348e-02
 1.35063e-03  1.28240e-02
 1.39499e-03  1.29688e-02
 1.24748e-03  1.29348e-02

 2.98177e-03  1.25250e-02
 1.52358e-03  1.28498e-02
 1.63508e-03  1.27474e-02
 1.66798e-03  1.28951e-02
 1.52358e-03  1.28498e-02

 3.37934e-03  1.25250e-02
 1.83169e-03  1.27605e-02
 1.94990e-03  1.26660e-02
 1.97267e-03  1.28156e-02
 1.83169e-03  1.27605e-02

 2.00521e-04  1.30950e-02
 2.00521e-04  1.41636e-02
 1.24837e-04  1.40325e-02
 2.76204e-04  1.40325e-02
 2.00521e-04  1.41636e-02

 6.01563e-04  1.30950e-02
 1.97451e-04  1.41629e-02
 1.73061e-04  1.40135e-02
 3.14631e-04  1.40671e-02
 1.97451e-04  1.41629e-02

 1.00260e-03  1.30950e-02
 4.42577e-04  1.41136e-02
 4.39411e-04  1.39623e-02
 5.72053e-04  1.40352e-02
 4.42577e-04  1.41136e-02

 1.40365e-03  1.30950e-02
 5.87400e-04  1.40481e-02
 6.15186e-04  1.38993e-02
 7.30153e-04  1.39977e-02
 5.87400e-04  1.40481e-02

 1.80469e-03  1.30950e-02
 8.04001e-04  1.39561e-02
 8.54003e-04  1.38132e-02
 9.52730e-04  1.39279e-02
 8.04001e-04  1.39561e-02

 2.20573e-03  1.30950e-02
 1.02295e-03  1.38471e-02
 1.09296e-03  1.37128e-02
 1.17418e-03  1.38406e-02
 1.02295e-03  1.38471e-02

 2.60677e-03  1.30950e-02
 1.28012e-03  1.37227e-02
 1.36624e-03  1.35982e-02
 1.43098e-03  1.37350e-02
 1.28012e-03  1.37227e-02

 3.00781e-03  1.30950e-02
 1.56218e-03  1.35891e-02
 1.66175e-03  1.34751e-02
 1.71070e-03  1.36183e-02
 1.56218e-03  1.35891e-02

 3.40885e-03  1.30950e-02
 1.87589e-03  1.34512e-02
 1.98644e-03  1.33479e-02
 2.02070e-03  1.34953e-02
 1.87589e-03  1.34512e-02

 2.02257e-04  1.36650e-02
 2.02257e-04  1.50275e-02
 1.26573e-04  1.48964e-02
 2.77940e-04  1.48964e-02
 2.02257e-04  1.50275e-02

 6.06771e-04  1.36650e-02
 2.42915e-04  1.50386e-02
 2.03322e-04  1.48925e-02
 3.49642e-04  1.49312e-02
 2.42915e-04  1.50386e-02

 1.01128e-03  1.36650e-02
 5.08277e-04  1.49723e-02
 4.84717e-04  1.48228e-02
 6.25987e-04  1.48771e-02
 5.08277e-04  1.49723e-02

 1.41580e-03  1.36650e-02
 6.81018e-04  1.48850e-02
 6.83816e-04  1.47337e-02
 8.13482e-04  1.48118e-02
 6.81018e-04  1.48850e-02

 1.82031e-03  1.36650e-02
 9.19301e-04  1.47604e-02
 9.44126e-04  1.46110e-02
 1.06103e-03  1.47072e-02
 9.19301e-04  1.47604e-02

 2.22483e-03  1.36650e-02
 1.15905e-03  1.46148e-02
 1.20657e-03  1.44710e-02
 1.30727e-03  1.45840e-02
 1.15905e-03  1.46148e-02

 2.62934e-03  1.36650e-02
 1.43339e-03  1.44505e-02
 1.50141e-03  1.43153e-02
 1.58451e-03  1.44418e-02
 1.43339e-03  1.44505e-02

 3.03385e-03  1.36650e-02
 1.73005e-03  1.42768e-02
 1.81658e-03  1.41526e-02
 1.88088e-03  1.42896e-02
 1.73005e-03  1.42768e-02

 3.43837e-03  1.36650e-02
 2.05525e-03  1.40995e-02
 2.15763e-03  1.39880e-02
 2.20300e-03  1.41325e-02
 2.05525e-03  1.40995e-02

 2.03993e-04  1.42350e-02
 2.03993e-04  1.58770e-02
 1.28310e-04  1.57459e-02
 2.79677e-04  1.57459e-02
 2.03993e-04  1.58770e-02

 6.11979e-04  1.42350e-02
 3.10350e-04  1.58956e-02
 2.59313e-04  1.57531e-02
 4.08243e-04  1.57801e-02
 3.10350e-04  1.58956e-02

 1.01997e-03  1.42350e-02
 6.04524e-04  1.58151e-02
 5.64660e-04  1.56691e-02
 7.11052e-04  1.57076e-02
 6.04524e-04  1.58151e-02

 1.42795e-03  1.42350e-02
 8.19328e-04  1.57083e-02
 7.99430e-04  1.55582e-02
 9.39329e-04  1.56160e-02
 8.19328e-04  1.57083e-02

 1.83594e-03  1.42350e-02
 1.08874e-03  1.55546e-02
 1.08748e-03  1.54033e-02
 1.21919e-03  1.54778e-02
 1.08874e-03  1.55546e-02

 2.24392e-03  1.42350e-02
 1.35797e-03  1.53758e-02
 1.37860e-03  1.52258e-02
 1.49815e-03  1.53187e-02
 1.35797e-03  1.53758e-02

 2.65191e-03  1.42350e-02
 1.65576e-03  1.51751e-02
 1.69915e-03  1.50301e-02
 1.80304e-03  1.51402e-02
 1.65576e-03  1.51751e-02

 3.05990e-03  1.42350e-02
 1.97164e-03  1.49640e-02
 2.03843e-03  1.48282e-02
 2.12267e-03  1.49540e-02
 1.97164e-03  1.49640e-02

 3.46788e-03  1.42350e-02
 2.31129e-03  1.47496e-02
 2.40029e-03  1.46271e-02
 2.46182e-03  1.47654e-02
 2.31129e-03  1.47496e-02

 2.05729e-04  1.48050e-02
 2.05729e-04  1.66515e-02
 1.30046e-04  1.65204e-02
 2.81413e-04  1.65204e-02
 2.05729e-04  1.66515e-02

 6.17187e-04  1.48050e-02
 3.92657e-04  1.66743e-02
 3.33147e-04  1.65351e-02
 4.83434e-04  1.65532e-02
 3.92657e-04  1.66743e-02

 1.02865e-03  1.48050e-02
 7.20803e-04  1.65845e-02
 6.68573e-04  1.64424e-02
 8.17725e-04  1.64682e-02
 7.20803e-04  1.65845e-02

 1.44010e-03  1.48050e-02
 9.87229e-04  1.64634e-02
 9.48753e-04  1.63170e-02
 1.09477e-03  1.63569e-02
 9.87229e-04  1.64634e-02

 1.85156e-03  1.48050e-02
 1.29432e-03  1.62885e-02
 1.26957e-03  1.61391e-02
 1.41127e-03  1.61924e-02
 1.29432e-03  1.62885e-02

 2.26302e-03  1.48050e-02
 1.59973e-03  1.60849e-02
 1.59285e-03  1.59337e-02
 1.72724e-03  1.60033e-02
 1.59973e-03  1.60849e-02

 2.67448e-03  1.48050e-02
 1.92598e-03  1.58567e-02
 1.94033e-03  1.57060e-02
 2.06365e-03  1.57938e-02
 1.92598e-03  1.58567e-02

 3.08594e-03  1.48050e-02
 2.26515e-03  1.56172e-02
 2.30510e-03  1.54712e-02
 2.41156e-03  1.55788e-02
 2.26515e-03  1.56172e-02

 3.49740e-03  1.48050e-02
 2.62227e-03  1.53740e-02
 2.69092e-03  1.52391e-02
 2.77342e-03  1.53660e-02
 2.62227e-03  1.53740e-02

 2.07465e-04  1.53750e-02
 2.07465e-04  1.73672e-02
 1.31782e-04  1.72361e-02
 2.83149e-04  1.72361e-02
 2.07465e-04  1.73672e-02

 6.22396e-04  1.53750e-02
 4.81784e-04  1.73911e-02
 4.15404e-04  1.72551e-02
 5.66404e-04  1.72656e-02
 4.81784e-04  1.73911e-02

 1.03733e-03  1.53750e-02
 8.45681e-04  1.72960e-02
 7.83384e-04  1.71580e-02
 9.34004e-04  1.71731e-02
 8.45681e-04  1.72960e-02

 1.45226e-03  1.53750e-02
 1.16831e-03  1.71653e-02
 1.11409e-03  1.70240e-02
 1.26359e-03  1.70477e-02
 1.16831e-03  1.71653e-02

 1.86719e-03  1.53750e-02
 1.51617e-03  1.69763e-02
 1.47031e-03  1.68321e-02
 1.61816e-03  1.68645e-02
 1.51617e-03  1.69763e-02

 2.28212e-03  1.53750e-02
 1.86126e-03  1.67557e-02
 1.82708e-03  1.66082e-02
 1.97187e-03  1.66524e-02
 1.86126e-03  1.67557e-02

 2.69705e-03  1.53750e-02
 2.21884e-03  1.65081e-02
 2.20008e-03  1.63579e-02
 2.33954e-03  1.64168e-02
 2.21884e-03  1.65081e-02

 3.11198e-03  1.53750e-02
 2.58390e-03  1.62479e-02
 2.58699e-03  1.60966e-02
 2.71651e-03  1.61749e-02
 2.58390e-03  1.62479e-02

 3.52691e-03  1.53750e-02
 2.96025e-03  1.59834e-02
 2.99421e-03  1.58359e-02
 3.10498e-03  1.59391e-02
 2.96025e-03  1.59834e-02

 2.09201e-04  1.59450e-02
 2.09201e-04  1.80106e-02
 1.33518e-04  1.78795e-02
 2.84885e-04  1.78795e-02
 2.09201e-04  1.80106e-02

 6.27604e-04  1.59450e-02
 5.72827e-04  1.80332e-02
 5.00607e-04  1.79002e-02
 6.51922e-04  1.79041e-02
 5.72827e-04  1.80332e-02

 1.04601e-03  1.59450e-02
 9.72557e-04  1.79367e-02
 9.01756e-04  1.78029e-02
 1.05302e-03  1.78085e-02
 9.72557e-04  1.79367e-02

 1.46441e-03  1.59450e-02
 1.35297e-03  1.78015e-02
 1.28528e-03  1.76661e-02
 1.43638e-03  1.76752e-02
 1.35297e-03  1.78015e-02

 1.88281e-03  1.59450e-02
 1.74280e-03  1.76059e-02
 1.67839e-03  1.74690e-02
 1.82923e-03  1.74817e-02
 1.74280e-03  1.76059e-02

 2.30122e-03  1.59450e-02
 2.12935e-03  1.73766e-02
 2.06983e-03  1.72375e-02
 2.22011e-03  1.72555e-02
 2.12935e-03  1.73766e-02

 2.71962e-03  1.59450e-02
 2.51993e-03  1.71189e-02
 2.46731e-03  1.69769e-02
 2.61653e-03  1.70023e-02
 2.51993e-03  1.71189e-02

 3.13802e-03  1.59450e-02
 2.91255e-03  1.68471e-02
 2.87091e-03  1.67016e-02
 3.01776e-03  1.67383e-02
 2.91255e-03  1.68471e-02

 3.55642e-03  1.59450e-02
 3.30960e-03  1.65703e-02
 3.28733e-03  1.64206e-02
 3.42812e-03  1.64762e-02
 3.30960e-03  1.65703e-02

 2.10937e-04  1.65150e-02
 2.10937e-04  1.85884e-02
 1.35254e-04  1.84573e-02
 2.86621e-04  1.84573e-02
 2.10938e-04  1.85884e-02

 6.32812e-04  1.65150e-02
 6.61573e-04  1.86081e-02
 5.84096e-04  1.84781e-02
 7.35448e-04  1.84760e-02
 6.61573e-04  1.86081e-02

 1.05469e-03  1.65150e-02
 1.09575e-03  1.85135e-02
 1.01739e-03  1.83840e-02
 1.16873e-03  1.83809e-02
 1.09575e-03  1.85135e-02

 1.47656e-03  1.65150e-02
 1.53296e-03  1.83782e-02
 1.45334e-03  1.82494e-02
 1.60464e-03  1.82449e-02
 1.53296e-03  1.83782e-02

 1.89844e-03  1.65150e-02
 1.96415e-03  1.81826e-02
 1.88336e-03  1.80546e-02
 2.03461e-03  1.80486e-02
 1.96415e-03  1.81826e-02

 2.32031e-03  1.65150e-02
 2.39212e-03  1.79522e-02
 2.30999e-03  1.78251e-02
 2.46116e-03  1.78175e-02
 2.39212e-03  1.79522e-02

 2.74219e-03  1.65150e-02
 2.81606e-03  1.76926e-02
 2.73232e-03  1.75665e-02
 2.88339e-03  1.75570e-02
 2.81606e-03  1.76926e-02

 3.16406e-03  1.65150e-02
 3.23686e-03  1.74180e-02
 3.15088e-03  1.72934e-02
 3.30176e-03  1.72812e-02
 3.23686e-03  1.74180e-02

 3.58594e-03  1.65150e-02
 3.65529e-03  1.71375e-02
 3.56556e-03  1.70156e-02
 3.71599e-03  1.69988e-02
 3.65529e-03  1.71375e-02

 2.12674e-04  1.70850e-02
 2.12674e-04  1.91023e-02
 1.36990e-04  1.89712e-02
 2.88357e-04  1.89712e-02
 2.12674e-04  1.91023e-02

 6.38021e-04  1.70850e-02
 7.45257e-04  1.91179e-02
 6.62773e-04  1.89909e-02
 8.13930e-04  1.89830e-02
 7.45257e-04  1.91179e-02

 1.06337e-03  1.70850e-02
 1.21169e-03  1.90277e-02
 1.12625e-03  1.89028e-02
 1.27718e-03  1.88913e-02
 1.21169e-03  1.90277e-02

 1.48872e-03  1.70850e-02
 1.70291e-03  1.88960e-02
 1.61236e-03  1.87747e-02
 1.76268e-03  1.87570e-02
 1.70291e-03  1.88960e-02

 1.91406e-03  1.70850e-02
 2.17369e-03  1.87064e-02
 2.07824e-03  1.85890e-02
 2.22770e-03  1.85650e-02
 2.17369e-03  1.87064e-02

 2.33941e-03  1.70850e-02
 2.64178e-03  1.84818e-02
 2.54008e-03  1.83697e-02
 2.68802e-03  1.83377e-02
 2.64178e-03  1.84818e-02

 2.76476e-03  1.70850e-02
 3.09838e-03  1.82282e-02
 2.98900e-03  1.81236e-02
 3.13431e-03  1.80812e-02
 3.09838e-03  1.82282e-02

 3.19010e-03  1.70850e-02
 3.54710e-03  1.79590e-02
 3.42747e-03  1.78663e-02
 3.56760e-03  1.78090e-02
 3.54710e-03  1.79590e-02

 3.61545e-03  1.70850e-02
 3.98697e-03  1.76833e-02
 3.85352e-03  1.76118e-02
 3.98211e-03  1.75320e-02
 3.98697e-03  1.76833e-02

 2.14410e-04  1.76550e-02
 2.14410e-04  1.95587e-02
 1.38726e-04  1.94276e-02
 2.90093e-04  1.94276e-02
 2.14410e-04  1.95587e-02

 6.43229e-04  1.76550e-02
 8.21562e-04  1.95693e-02
 7.34045e-04  1.94458e-02
 8.84760e-04  1.94317e-02
 8.21562e-04  1.95693e-02

 1.07205e-03  1.76550e-02
 1.31735e-03  1.94856e-02
 1.22493e-03  1.93657e-02
 1.37496e-03  1.93456e-02
 1.31735e-03  1.94856e-02

 1.50087e-03  1.76550e-02
 1.85831e-03  1.93608e-02
 1.75735e-03  1.92480e-02
 1.90550e-03  1.92169e-02
 1.85831e-03  1.93608e-02

 1.92969e-03  1.76550e-02
 2.36576e-03  1.91821e-02
 2.25699e-03  1.90768e-02
 2.40254e-03  1.90352e-02
 2.36576e-03  1.91821e-02

 2.35851e-03  1.76550e-02
 2.87138e-03  1.89694e-02
 2.75323e-03  1.88748e-02
 2.89424e-03  1.88198e-02
 2.87138e-03  1.89694e-02

 2.78733e-03  1.76550e-02
 3.35884e-03  1.87288e-02
 3.23044e-03  1.86486e-02
 3.36406e-03  1.85775e-02
 3.35884e-03  1.87288e-02

 3.21615e-03  1.76550e-02
 3.83419e-03  1.84727e-02
 3.69477e-03  1.84137e-02
 3.81553e-03  1.83225e-02
 3.83419e-03  1.84727e-02

 3.64497e-03  1.76550e-02
 4.29469e-03  1.82097e-02
 4.14586e-03  1.81821e-02
 4.24414e-03  1.80670e-02
 4.29469e-03  1.82097e-02

 2.16146e-04  1.82250e-02
 2.16146e-04  1.99654e-02
 1.40462e-04  1.98343e-02
 2.91829e-04  1.98343e-02
 2.16146e-04  1.99654e-02

 6.48438e-04  1.82250e-02
 8.88952e-04  1.99703e-02
 7.96082e-04  1.98508e-02
 9.46032e-04  1.98301e-02
 8.88952e-04  1.99703e-02

 1.08073e-03  1.82250e-02
 1.41082e-03  1.98944e-02
 1.31115e-03  1.97804e-02
 1.45964e-03  1.97511e-02
 1.41082e-03  1.98944e-02

 1.51302e-03  1.82250e-02
 1.99607e-03  1.97789e-02
 1.88489e-03  1.96762e-02
 2.02943e-03  1.96313e-02
 1.99607e-03  1.97789e-02

 1.94531e-03  1.82250e-02
 2.53639e-03  1.96152e-02
 2.41544e-03  1.95241e-02
 2.55474e-03  1.94649e-02
 2.53639e-03  1.96152e-02

 2.37760e-03  1.82250e-02
 3.07584e-03  1.94195e-02
 2.94434e-03  1.93445e-02
 3.07502e-03  1.92681e-02
 3.07584e-03  1.94195e-02

 2.80990e-03  1.82250e-02
 3.59125e-03  1.91979e-02
 3.45016e-03  1.91431e-02
 3.56818e-03  1.90483e-02
 3.59125e-03  1.91979e-02

 3.24219e-03  1.82250e-02
 4.09090e-03  1.89616e-02
 3.94229e-03  1.89328e-02
 4.04151e-03  1.88185e-02
 4.09090e-03  1.89616e-02

 3.67448e-03  1.82250e-02
 4.57027e-03  1.87185e-02
 4.41893e-03  1.87215e-02
 4.49197e-03  1.85890e-02
 4.57027e-03  1.87185e-02

 2.17882e-04  1.87950e-02
 2.17882e-04  2.03283e-02
 1.42198e-04  2.01972e-02
 2.93565e-04  2.01972e-02
 2.17882e-04  2.03283e-02

 6.53646e-04  1.87950e-02
 9.45565e-04  2.03270e-02
 8.46682e-04  2.02124e-02
 9.95373e-04  2.01840e-02
 9.45565e-04  2.03270e-02

 1.08941e-03  1.87950e-02
 1.48961e-03  2.02598e-02
 1.38205e-03  2.01533e-02
 1.52807e-03  2.01134e-02
 1.48961e-03  2.02598e-02

 1.52517e-03  1.87950e-02
 2.11233e-03  2.01561e-02
 1.99092e-03  2.00657e-02
 2.12990e-03  2.00057e-02
 2.11233e-03  2.01561e-02

 1.96094e-03  1.87950e-02
 2.68054e-03  2.00109e-02
 2.54864e-03  1.99367e-02
 2.67890e-03  1.98596e-02
 2.68054e-03  2.00109e-02

 2.39670e-03  1.87950e-02
 3.24875e-03  1.98369e-02
 3.10717e-03  1.97834e-02
 3.22435e-03  1.96875e-02
 3.24875e-03  1.98369e-02

 2.83247e-03  1.87950e-02
 3.78804e-03  1.96401e-02
 3.63971e-03  1.96099e-02
 3.73999e-03  1.94965e-02
 3.78804e-03  1.96401e-02

 3.26823e-03  1.87950e-02
 4.30835e-03  1.94297e-02
 4.15702e-03  1.94260e-02
 4.23587e-03  1.92968e-02
 4.30835e-03  1.94297e-02

 3.70399e-03  1.87950e-02
 4.80367e-03  1.92133e-02
 4.65424e-03  1.92374e-02
 4.70806e-03  1.90960e-02
 4.80367e-03  1.92133e-02

 2.19618e-04  1.93650e-02
 2.19618e-04  2.06619e-02
 1.43935e-04  2.05308e-02
 2.95302e-04  2.05308e-02
 2.19618e-04  2.06619e-02

 6.58854e-04  1.93650e-02
 9.90386e-04  2.06533e-02
 8.84420e-04  2.05452e-02
 1.03101e-03  2.05075e-02
 9.90386e-04  2.06533e-02

 1.09809e-03  1.93650e-02
 1.55230e-03  2.05955e-02
 1.43590e-03  2.04988e-02
 1.57791e-03  2.04464e-02
 1.55230e-03  2.05955e-02

 1.53733e-03  1.93650e-02
 2.20456e-03  2.05050e-02
 2.07303e-03  2.04301e-02
 2.20366e-03  2.03537e-02
 2.20456e-03  2.05050e-02

 1.97656e-03  1.93650e-02
 2.79470e-03  2.03808e-02
 2.65353e-03  2.03262e-02
 2.77142e-03  2.02313e-02
 2.79470e-03  2.03808e-02

 2.41580e-03  1.93650e-02
 3.38538e-03  2.02317e-02
 3.23721e-03  2.02008e-02
 3.33809e-03  2.00879e-02
 3.38538e-03  2.02317e-02

 2.85503e-03  1.93650e-02
 3.94314e-03  2.00634e-02
 3.79194e-03  2.00563e-02
 3.87370e-03  1.99289e-02
 3.94314e-03  2.00634e-02

 3.29427e-03  1.93650e-02
 4.47925e-03  1.98836e-02
 4.32881e-03  1.99003e-02
 4.38950e-03  1.97617e-02
 4.47925e-03  1.98836e-02

 3.73351e-03  1.93650e-02
 4.98652e-03  1.96987e-02
 4.84037e-03  1.97381e-02
 4.87933e-03  1.95918e-02
 4.98652e-03  1.96987e-02

 2.21354e-04  1.99350e-02
 2.21354e-04  2.09660e-02
 1.45671e-04  2.08349e-02
 2.97038e-04  2.08349e-02
 2.21354e-04  2.09660e-02

 6.64062e-04  1.99350e-02
 1.02004e-03  2.09501e-02
 9.05239e-04  2.08514e-02
 1.04808e-03  2.08013e-02
 1.02004e-03  2.09501e-02

 1.10677e-03  1.99350e-02
 1.59404e-03  2.09032e-02
 1.46750e-03  2.08201e-02
 1.60271e-03  2.07521e-02
 1.59404e-03  2.09032e-02

 1.54948e-03  1.99350e-02
 2.26546e-03  2.08282e-02
 2.12442e-03  2.07733e-02
 2.24253e-03  2.06786e-02
 2.26546e-03  2.08282e-02

 1.99219e-03  1.99350e-02
 2.86959e-03  2.07283e-02
 2.72159e-03  2.06965e-02
 2.82311e-03  2.05843e-02
 2.86959e-03  2.07283e-02

 2.43490e-03  1.99350e-02
 3.47448e-03  2.06082e-02
 3.32331e-03  2.06005e-02
 3.40559e-03  2.04734e-02
 3.47448e-03  2.06082e-02

 2.87760e-03  1.99350e-02
 4.04351e-03  2.04731e-02
 3.89277e-03  2.04869e-02
 3.95620e-03  2.03494e-02
 4.04351e-03  2.04731e-02

 3.32031e-03  1.99350e-02
 4.58922e-03  2.03288e-02
 4.44159e-03  2.03622e-02
 4.48646e-03  2.02177e-02
 4.58922e-03  2.03288e-02

 3.76302e-03  1.99350e-02
 5.10345e-03  2.01809e-02
 4.96086e-03  2.02317e-02
 4.98817e-03  2.00828e-02
 5.10345e-03  2.01809e-02

 2.23090e-04  2.05050e-02
 2.23090e-04  2.12735e-02
 1.47407e-04  2.11424e-02
 2.98774e-04  2.11424e-02
 2.23090e-04  2.12735e-02

 6.69271e-04  2.05050e-02
 1.03407e-03  2.12487e-02
 9.08392e-04  2.11643e-02
 1.04429e-03  2.10976e-02
 1.03407e-03  2.12487e-02

 1.11545e-03  2.05050e-02
 1.61311e-03  2.12132e-02
 1.47581e-03  2.11494e-02
 1.59966e-03  2.10624e-02
 1.61311e-03  2.12132e-02

 1.56163e-03  2.05050e-02
 2.29183e-03  2.11537e-02
 2.14356e-03  2.11233e-02
 2.24410e-03  2.10101e-02
 2.29183e-03  2.11537e-02

 2.00781e-03  2.05050e-02
 2.90050e-03  2.10783e-02
 2.74930e-03  2.10711e-02
 2.83110e-03  2.09438e-02
 2.90050e-03  2.10783e-02

 2.45399e-03  2.05050e-02
 3.50985e-03  2.09871e-02
 3.35917e-03  2.10015e-02
 3.42205e-03  2.08638e-02
 3.50985e-03  2.09871e-02

 2.90017e-03  2.05050e-02
 4.08197e-03  2.08854e-02
 3.93400e-03  2.09173e-02
 3.98038e-03  2.07732e-02
 4.08197e-03  2.08854e-02

 3.34635e-03  2.05050e-02
 4.62979e-03  2.07769e-02
 4.48587e-03  2.08238e-02
 4.51724e-03  2.06757e-02
 4.62979e-03  2.07769e-02

 3.79253e-03  2.05050e-02
 5.14492e-03  2.06661e-02
 5.00580e-03  2.07258e-02
 5.02371e-03  2.05755e-02
 5.14492e-03  2.06661e-02

 2.24826e-04  2.10750e-02
 2.24826e-04  2.15574e-02
 1.49143e-04  2.14263e-02
 3.00510e-04  2.14263e-02
 2.24826e-04  2.15574e-02

 6.74479e-04  2.10750e-02
 1.02262e-03  2.15293e-02
 8.82810e-04  2.14713e-02
 1.00296e-03  2.13793e-02
 1.02262e-03  2.15293e-02

 1.12413e-03  2.10750e-02
 1.59522e-03  2.15080e-02
 1.44749e-03  2.14750e-02
 1.54993e-03  2.13636e-02
 1.59522e-03  2.15080e-02

 1.57378e-03  2.10750e-02
 2.26368e-03  2.14686e-02
 2.11231e-03  2.14694e-02
 2.18732e-03  2.13379e-02
 2.26368e-03  2.14686e-02

 2.02344e-03  2.10750e-02
 2.86337e-03  2.14216e-02
 2.71333e-03  2.14415e-02
 2.77106e-03  2.13016e-02
 2.86337e-03  2.14216e-02

 2.47309e-03  2.10750e-02
 3.46409e-03  2.13640e-02
 3.31706e-03  2.13999e-02
 3.35943e-03  2.12546e-02
 3.46409e-03  2.13640e-02

 2.92274e-03  2.10750e-02
 4.02855e-03  2.13002e-02
 3.88500e-03  2.13482e-02
 3.91521e-03  2.11999e-02
 4.02855e-03  2.13002e-02

 3.37240e-03  2.10750e-02
 4.56986e-03  2.12323e-02
 4.43003e-03  2.12902e-02
 4.44974e-03  2.11402e-02
 4.56986e-03  2.12323e-02

 3.82205e-03  2.10750e-02
 5.07983e-03  2.11633e-02
 4.94377e-03  2.12296e-02
 4.95436e-03  2.10786e-02
 5.07983e-03  2.11633e-02

 2.26562e-04  2.16450e-02
 2.26562e-04  2.19158e-02
 1.50879e-04  2.17847e-02
 3.02246e-04  2.17847e-02
 2.26563e-04  2.19158e-02

 6.79687e-04  2.16450e-02
 9.88696e-04  2.18802e-02
 8.38549e-04  2.18611e-02
 9.30238e-04  2.17406e-02
 9.88696e-04  2.18802e-02

 1.13281e-03  2.16450e-02
 1.53901e-03  2.18726e-02
 1.38766e-03  2.18746e-02
 1.46165e-03  2.17425e-02
 1.53901e-03  2.18726e-02

 1.58594e-03  2.16450e-02
 2.17940e-03  2.18470e-02
 2.03092e-03  2.18764e-02
 2.07969e-03  2.17331e-02
 2.17940e-03  2.18470e-02

 2.03906e-03  2.16450e-02
 2.75568e-03  2.18215e-02
 2.61030e-03  2.18636e-02
 2.64649e-03  2.17166e-02
 2.75568e-03  2.18215e-02

 2.49219e-03  2.16450e-02
 3.33454e-03  2.17880e-02
 3.19264e-03  2.18407e-02
 3.21797e-03  2.16914e-02
 3.33454e-03  2.17880e-02

 2.94531e-03  2.16450e-02
 3.88038e-03  2.17520e-02
 3.74154e-03  2.18123e-02
 3.75875e-03  2.16619e-02
 3.88038e-03  2.17520e-02

 3.39844e-03  2.16450e-02
 4.40639e-03  2.17134e-02
 4.27048e-03  2.17800e-02
 4.28073e-03  2.16290e-02
 4.40639e-03  2.17134e-02

 3.85156e-03  2.16450e-02
 4.90462e-03  2.16746e-02
 4.77146e-03  2.17465e-02
 4.77571e-03  2.15952e-02
 4.90462e-03  2.16746e-02

 2.28299e-04  2.22150e-02
 2.28299e-04  2.22150e-02
 3.73828e-04  2.21734e-02
 3.37116e-04  2.23202e-02
 2.28299e-04  2.22150e-02

 6.84896e-04  2.22150e-02
 8.91239e-04  2.22150e-02
 7.60152e-04  2.22907e-02
 7.60152e-04  2.21393e-02
 8.91239e-04  2.22150e-02

 1.14149e-03  2.22150e-02
 1.40159e-03  2.22150e-02
 1.27050e-03  2.22907e-02
 1.27050e-03  2.21393e-02
 1.40159e-03  2.22150e-02

 1.59809e-03  2.22150e-02
 1.97899e-03  2.22150e-02
 1.84790e-03  2.22907e-02
 1.84790e-03  2.21393e-02
 1.97899e-03  2.22150e-02

 2.05469e-03  2.22150e-02
 2.51018e-03  2.22150e-02
 2.37909e-03  2.22907e-02
 2.37909e-03  2.21393e-02
 2.51018e-03  2.22150e-02

 2.51128e-03  2.22150e-02
 3.04529e-03  2.22150e-02
 2.91420e-03  2.22907e-02
 2.91420e-03  2.21393e-02
 3.04529e-03  2.22150e-02

 2.96788e-03  2.22150e-02
 3.55805e-03  2.22150e-02
 3.42697e-03  2.22907e-02
 3.42697e-03  2.21393e-02
 3.55805e-03  2.22150e-02

 3.42448e-03  2.22150e-02
 4.05851e-03  2.22150e-02
 3.92742e-03  2.22907e-02
 3.92742e-03  2.21393e-02
 4.05851e-03  2.22150e-02

 3.88108e-03  2.22150e-02
 4.54101e-03  2.22150e-02
 4.40992e-03  2.22907e-02
 4.40992e-03  2.21393e-02
 4.54101e-03  2.22150e-02

 3.76510e-03  1.13850e-02
 2.78462e-03  1.13850e-02
 2.91571e-03  1.13093e-02
 2.91571e-03  1.14607e-02
 2.78462e-03  1.13850e-02

 4.26406e-03  1.13850e-02
 3.26088e-03  1.13850e-02
 3.39197e-03  1.13093e-02
 3.39197e-03  1.14607e-02
 3.26088e-03  1.13850e-02

 4.76302e-03  1.13850e-02
 3.76468e-03  1.13850e-02
 3.89577e-03  1.13093e-02
 3.89577e-03  1.14607e-02
 3.76468e-03  1.13850e-02

 5.26198e-03  1.13850e-02
 4.29247e-03  1.13850e-02
 4.42356e-03  1.13093e-02
 4.42356e-03  1.14607e-02
 4.29247e-03  1.13850e-02

 5.76094e-03  1.13850e-02
 4.84040e-03  1.13850e-02
 4.97149e-03  1.13093e-02
 4.97149e-03  1.14607e-02
 4.84040e-03  1.13850e-02

 6.25990e-03  1.13850e-02
 5.40475e-03  1.13850e-02
 5.53584e-03  1.13093e-02
 5.53584e-03  1.14607e-02
 5.40475e-03  1.13850e-02

 6.75885e-03  1.13850e-02
 5.98264e-03  1.13850e-02
 6.11373e-03  1.13093e-02
 6.11373e-03  1.14607e-02
 5.98264e-03  1.13850e-02

 7.25781e-03  1.13850e-02
 6.57083e-03  1.13850e-02
 6.70192e-03  1.13093e-02
 6.70192e-03  1.14607e-02
 6.57083e-03  1.13850e-02

 7.75677e-03  1.13850e-02
 7.16754e-03  1.13850e-02
 7.29862e-03  1.13093e-02
 7.29862e-03  1.14607e-02
 7.16754e-03  1.13850e-02

 8.25573e-03  1.13850e-02
 7.76794e-03  1.13850e-02
 7.89903e-03  1.13093e-02
 7.89903e-03  1.14607e-02
 7.76794e-03  1.13850e-02

 8.75469e-03  1.13850e-02
 8.37314e-03  1.13850e-02
 8.50422e-03  1.13093e-02
 8.50422e-03  1.14607e-02
 8.37314e-03  1.13850e-02

 9.25365e-03  1.13850e-02
 8.97118e-03  1.13850e-02
 9.10227e-03  1.13093e-02
 9.10227e-03  1.14607e-02
 8.97118e-03  1.13850e-02

 9.75260e-03  1.13850e-02
 9.57611e-03  1.13850e-02
 9.70720e-03  1.13093e-02
 9.70720e-03  1.14607e-02
 9.57611e-03  1.13850e-02

 1.02516e-02  1.13850e-02
 1.01470e-02  1.13850e-02
 1.02781e-02  1.13093e-02
 1.02781e-02  1.14607e-02
 1.01470e-02  1.13850e-02

 1.07505e-02  1.13850e-02
 1.07505e-02  1.13850e-02
 1.06194e-02  1.14607e-02
 1.06194e-02  1.13093e-02
 1.07505e-02  1.13850e-02

 3.79531e-03  1.19550e-02
 2.32804e-03  1.20649e-02
 2.45310e-03  1.19797e-02
 2.46441e-03  1.21306e-02
 2.32804e-03  1.20649e-02

 4.29219e-03  1.19550e-02
 2.79585e-03  1.19985e-02
 2.92468e-03  1.19190e-02
 2.92908e-03  1.20703e-02
 2.79585e-03  1.19985e-02

 4.78906e-03  1.19550e-02
 3.30347e-03  1.19392e-02
 3.43536e-03  1.18649e-02
 3.43374e-03  1.20162e-02
 3.30347e-03  1.19392e-02

 5.28594e-03  1.19550e-02
 3.84561e-03  1.18884e-02
 3.98005e-03  1.18189e-02
 3.97306e-03  1.19701e-02
 3.84561e-03  1.18884e-02

 5.78281e-03  1.19550e-02
 4.41718e-03  1.18460e-02
 4.55387e-03  1.17810e-02
 4.54183e-03  1.19319e-02
 4.41718e-03  1.18460e-02

 6.27969e-03  1.19550e-02
 5.01328e-03  1.18109e-02
 5.15208e-03  1.17506e-02
 5.13497e-03  1.19010e-02
 5.01328e-03  1.18109e-02

 6.77656e-03  1.19550e-02
 5.62981e-03  1.17824e-02
 5.77070e-03  1.17271e-02
 5.74817e-03  1.18768e-02
 5.62981e-03  1.17824e-02

 7.27344e-03  1.19550e-02
 6.26200e-03  1.17601e-02
 6.40504e-03  1.17106e-02
 6.37640e-03  1.18592e-02
 6.26200e-03  1.17601e-02

 7.77031e-03  1.19550e-02
 6.90699e-03  1.17439e-02
 7.05230e-03  1.17015e-02
 7.01635e-03  1.18486e-02
 6.90699e-03  1.17439e-02

 8.26719e-03  1.19550e-02
 7.55786e-03  1.17343e-02
 7.70551e-03  1.17010e-02
 7.66054e-03  1.18455e-02
 7.55786e-03  1.17343e-02

 8.76406e-03  1.19550e-02
 8.21490e-03  1.17314e-02
 8.36484e-03  1.17108e-02
 8.30777e-03  1.18510e-02
 8.21490e-03  1.17314e-02

 9.26094e-03  1.19550e-02
 8.86193e-03  1.17369e-02
 9.01326e-03  1.17334e-02
 8.94066e-03  1.18662e-02
 8.86193e-03  1.17369e-02

 9.75781e-03  1.19550e-02
 9.51425e-03  1.17509e-02
 9.66333e-03  1.17771e-02
 9.56611e-03  1.18931e-02
 9.51425e-03  1.17509e-02

 1.02547e-02  1.19550e-02
 1.01198e-02  1.17790e-02
 1.02596e-02  1.18370e-02
 1.01395e-02  1.19291e-02
 1.01198e-02  1.17790e-02

 1.07516e-02  1.19550e-02
 1.07516e-02  1.18251e-02
 1.08272e-02  1.19562e-02
 1.06759e-02  1.19562e-02
 1.07516e-02  1.18251e-02

 3.82552e-03  1.25250e-02
 2.21044e-03  1.26607e-02
 2.33473e-03  1.25743e-02
 2.34740e-03  1.27251e-02
 2.21044e-03  1.26607e-02

 4.32031e-03  1.25250e-02
 2.67458e-03  1.25564e-02
 2.80419e-03  1.24783e-02
 2.80708e-03  1.26296e-02
 2.67458e-03  1.25564e-02

 4.81510e-03  1.25250e-02
 3.17958e-03  1.24631e-02
 3.31344e-03  1.23925e-02
 3.30772e-03  1.25437e-02
 3.17958e-03  1.24631e-02

 5.30990e-03  1.25250e-02
 3.72153e-03  1.23824e-02
 3.85886e-03  1.23187e-02
 3.84532e-03  1.24695e-02
 3.72153e-03  1.23824e-02

 5.80469e-03  1.25250e-02
 4.29632e-03  1.23139e-02
 4.43663e-03  1.22571e-02
 4.41565e-03  1.24070e-02
 4.29632e-03  1.23139e-02

 6.29948e-03  1.25250e-02
 4.89941e-03  1.22566e-02
 5.04240e-03  1.22070e-02
 5.01391e-03  1.23556e-02
 4.89941e-03  1.22566e-02

 6.79427e-03  1.25250e-02
 5.52627e-03  1.22100e-02
 5.67174e-03  1.21681e-02
 5.63524e-03  1.23150e-02
 5.52627e-03  1.22100e-02

 7.28906e-03  1.25250e-02
 6.17160e-03  1.21737e-02
 6.31935e-03  1.21408e-02
 6.27395e-03  1.22852e-02
 6.17160e-03  1.21737e-02

 7.78385e-03  1.25250e-02
 6.83153e-03  1.21481e-02
 6.98127e-03  1.21260e-02
 6.92557e-03  1.22667e-02
 6.83153e-03  1.21481e-02

 8.27865e-03  1.25250e-02
 7.49835e-03  1.21340e-02
 7.64945e-03  1.21251e-02
 7.58164e-03  1.22604e-02
 7.49835e-03  1.21340e-02

 8.77344e-03  1.25250e-02
 8.17147e-03  1.21327e-02
 8.32262e-03  1.21408e-02
 8.23997e-03  1.22676e-02
 8.17147e-03  1.21327e-02

 9.26823e-03  1.25250e-02
 8.83347e-03  1.21460e-02
 8.98201e-03  1.21751e-02
 8.88254e-03  1.22892e-02
 8.83347e-03  1.21460e-02

 9.76302e-03  1.25250e-02
 9.49888e-03  1.21776e-02
 9.63847e-03  1.22362e-02
 9.51798e-03  1.23278e-02
 9.49888e-03  1.21776e-02

 1.02578e-02  1.25250e-02
 1.01127e-02  1.22330e-02
 1.02388e-02  1.23167e-02
 1.01032e-02  1.23841e-02
 1.01127e-02  1.22330e-02

 1.07526e-02  1.25250e-02
 1.07526e-02  1.23244e-02
 1.08283e-02  1.24555e-02
 1.06769e-02  1.24555e-02
 1.07526e-02  1.23244e-02

 3.85573e-03  1.30950e-02
 2.25729e-03  1.32996e-02
 2.37771e-03  1.32079e-02
 2.39693e-03  1.33580e-02
 2.25729e-03  1.32996e-02

 4.34844e-03  1.30950e-02
 2.71980e-03  1.31417e-02
 2.84867e-03  1.30623e-02
 2.85301e-03  1.32136e-02
 2.71980e-03  1.31417e-02

 4.84115e-03  1.30950e-02
 3.22212e-03  1.29985e-02
 3.35748e-03  1.29307e-02
 3.34848e-03  1.30818e-02
 3.22212e-03  1.29985e-02

 5.33385e-03  1.30950e-02
 3.76092e-03  1.28723e-02
 3.90133e-03  1.28158e-02
 3.88011e-03  1.29656e-02
 3.76092e-03  1.28723e-02

 5.82656e-03  1.30950e-02
 4.33280e-03  1.27636e-02
 4.47717e-03  1.27181e-02
 4.44438e-03  1.28659e-02
 4.33280e-03  1.27636e-02

 6.31927e-03  1.30950e-02
 4.93336e-03  1.26720e-02
 5.08083e-03  1.26379e-02
 5.03664e-03  1.27826e-02
 4.93336e-03  1.26720e-02

 6.81198e-03  1.30950e-02
 5.55806e-03  1.25971e-02
 5.70782e-03  1.25751e-02
 5.65196e-03  1.27158e-02
 5.55806e-03  1.25971e-02

 7.30469e-03  1.30950e-02
 6.20153e-03  1.25390e-02
 6.35265e-03  1.25304e-02
 6.28453e-03  1.26656e-02
 6.20153e-03  1.25390e-02

 7.79740e-03  1.30950e-02
 6.85968e-03  1.24985e-02
 7.01091e-03  1.25050e-02
 6.92966e-03  1.26327e-02
 6.85968e-03  1.24985e-02

 8.29010e-03  1.30950e-02
 7.52457e-03  1.24767e-02
 7.67410e-03  1.25002e-02
 7.57899e-03  1.26179e-02
 7.52457e-03  1.24767e-02

 8.78281e-03  1.30950e-02
 8.19511e-03  1.24759e-02
 8.34025e-03  1.25188e-02
 8.23046e-03  1.26230e-02
 8.19511e-03  1.24759e-02

 9.27552e-03  1.30950e-02
 8.85408e-03  1.24987e-02
 8.99154e-03  1.25621e-02
 8.86793e-03  1.26494e-02
 8.85408e-03  1.24987e-02

 9.76823e-03  1.30950e-02
 9.51440e-03  1.25518e-02
 9.63846e-03  1.26385e-02
 9.50133e-03  1.27026e-02
 9.51440e-03  1.25518e-02

 1.02609e-02  1.30950e-02
 1.01236e-02  1.26409e-02
 1.02340e-02  1.27445e-02
 1.00891e-02  1.27883e-02
 1.01236e-02  1.26409e-02

 1.07536e-02  1.30950e-02
 1.07536e-02  1.27875e-02
 1.08293e-02  1.29185e-02
 1.06780e-02  1.29185e-02
 1.07536e-02  1.27875e-02

 3.88594e-03  1.36650e-02
 2.44349e-03  1.39073e-02
 2.56023e-03  1.38109e-02
 2.58530e-03  1.39602e-02
 2.44349e-03  1.39073e-02

 4.37656e-03  1.36650e-02
 2.90641e-03  1.37083e-02
 3.03521e-03  1.36288e-02
 3.03967e-03  1.37801e-02
 2.90641e-03  1.37083e-02

 4.86719e-03  1.36650e-02
 3.40483e-03  1.35266e-02
 3.54247e-03  1.34636e-02
 3.52820e-03  1.36143e-02
 3.40483e-03  1.35266e-02

 5.35781e-03  1.36650e-02
 3.93640e-03  1.33650e-02
 4.08029e-03  1.33180e-02
 4.04904e-03  1.34661e-02
 3.93640e-03  1.33650e-02

 5.84844e-03  1.36650e-02
 4.49809e-03  1.32246e-02
 4.64619e-03  1.31933e-02
 4.59926e-03  1.33372e-02
 4.49809e-03  1.32246e-02

 6.33906e-03  1.36650e-02
 5.08612e-03  1.31057e-02
 5.23668e-03  1.30901e-02
 5.17498e-03  1.32283e-02
 5.08612e-03  1.31057e-02

 6.82969e-03  1.36650e-02
 5.69655e-03  1.30085e-02
 5.84792e-03  1.30088e-02
 5.77204e-03  1.31397e-02
 5.69655e-03  1.30085e-02

 7.32031e-03  1.36650e-02
 6.32424e-03  1.29335e-02
 6.47470e-03  1.29501e-02
 6.38510e-03  1.30721e-02
 6.32424e-03  1.29335e-02

 7.81094e-03  1.36650e-02
 6.96540e-03  1.28818e-02
 7.11300e-03  1.29154e-02
 7.01014e-03  1.30264e-02
 6.96540e-03  1.28818e-02

 8.30156e-03  1.36650e-02
 7.61261e-03  1.28550e-02
 7.75519e-03  1.29059e-02
 7.63989e-03  1.30039e-02
 7.61261e-03  1.28550e-02

 8.79219e-03  1.36650e-02
 8.26458e-03  1.28567e-02
 8.39961e-03  1.29251e-02
 8.27286e-03  1.30078e-02
 8.26458e-03  1.28567e-02

 9.28281e-03  1.36650e-02
 8.90555e-03  1.28900e-02
 9.03097e-03  1.29747e-02
 8.89487e-03  1.30410e-02
 8.90555e-03  1.28900e-02

 9.77344e-03  1.36650e-02
 9.54690e-03  1.29641e-02
 9.65923e-03  1.30656e-02
 9.51520e-03  1.31121e-02
 9.54690e-03  1.29641e-02

 1.02641e-02  1.36650e-02
 1.01413e-02  1.30847e-02
 1.02425e-02  1.31972e-02
 1.00944e-02  1.32286e-02
 1.01413e-02  1.30847e-02

 1.07547e-02  1.36650e-02
 1.07547e-02  1.32778e-02
 1.08304e-02  1.34089e-02
 1.06790e-02  1.34089e-02
 1.07547e-02  1.32778e-02

 3.91615e-03  1.42350e-02
 2.70831e-03  1.45188e-02
 2.81861e-03  1.44151e-02
 2.85324e-03  1.45625e-02
 2.70831e-03  1.45188e-02

 4.40469e-03  1.42350e-02
 3.17218e-03  1.42807e-02
 3.30037e-03  1.42002e-02
 3.30599e-03  1.43515e-02
 3.17218e-03  1.42807e-02

 4.89323e-03  1.42350e-02
 3.66602e-03  1.40619e-02
 3.80639e-03  1.40053e-02
 3.78526e-03  1.41552e-02
 3.66602e-03  1.40619e-02

 5.38177e-03  1.42350e-02
 4.18802e-03  1.38660e-02
 4.33561e-03  1.38324e-02
 4.29091e-03  1.39771e-02
 4.18802e-03  1.38660e-02

 5.87031e-03  1.42350e-02
 4.73567e-03  1.36949e-02
 4.88656e-03  1.36829e-02
 4.82150e-03  1.38196e-02
 4.73567e-03  1.36949e-02

 6.35885e-03  1.42350e-02
 5.30587e-03  1.35494e-02
 5.45702e-03  1.35575e-02
 5.37443e-03  1.36844e-02
 5.30587e-03  1.35494e-02

 6.84740e-03  1.42350e-02
 5.89530e-03  1.34304e-02
 6.04427e-03  1.34572e-02
 5.94657e-03  1.35728e-02
 5.89530e-03  1.34304e-02

 7.33594e-03  1.42350e-02
 6.49948e-03  1.33388e-02
 6.64426e-03  1.33830e-02
 6.53360e-03  1.34863e-02
 6.49948e-03  1.33388e-02

 7.82448e-03  1.42350e-02
 7.11514e-03  1.32762e-02
 7.25394e-03  1.33366e-02
 7.13226e-03  1.34266e-02
 7.11514e-03  1.32762e-02

 8.31302e-03  1.42350e-02
 7.73585e-03  1.32447e-02
 7.86725e-03  1.33198e-02
 7.73647e-03  1.33960e-02
 7.73585e-03  1.32447e-02

 8.80156e-03  1.42350e-02
 8.36032e-03  1.32485e-02
 8.48293e-03  1.33372e-02
 8.34475e-03  1.33990e-02
 8.36032e-03  1.32485e-02

 9.29010e-03  1.42350e-02
 8.97519e-03  1.32915e-02
 9.08849e-03  1.33919e-02
 8.94491e-03  1.34398e-02
 8.97519e-03  1.32915e-02

 9.77865e-03  1.42350e-02
 9.58992e-03  1.33850e-02
 9.69222e-03  1.34966e-02
 9.54445e-03  1.35294e-02
 9.58992e-03  1.33850e-02

 1.02672e-02  1.42350e-02
 1.01650e-02  1.35339e-02
 1.02588e-02  1.36528e-02
 1.01091e-02  1.36746e-02
 1.01650e-02  1.35339e-02

 1.07557e-02  1.42350e-02
 1.07557e-02  1.37694e-02
 1.08314e-02  1.39005e-02
 1.06800e-02  1.39005e-02
 1.07557e-02  1.37694e-02

 3.94635e-03  1.48050e-02
 3.02990e-03  1.51140e-02
 3.12993e-03  1.50004e-02
 3.17830e-03  1.51439e-02
 3.02990e-03  1.51140e-02

 4.43281e-03  1.48050e-02
 3.49532e-03  1.48468e-02
 3.62291e-03  1.47654e-02
 3.62965e-03  1.49166e-02
 3.49532e-03  1.48468e-02

 4.91927e-03  1.48050e-02
 3.98390e-03  1.46003e-02
 4.12814e-03  1.45544e-02
 4.09577e-03  1.47022e-02
 3.98390e-03  1.46003e-02

 5.40573e-03  1.48050e-02
 4.49435e-03  1.43786e-02
 4.64516e-03  1.43656e-02
 4.58101e-03  1.45027e-02
 4.49435e-03  1.43786e-02

 5.89219e-03  1.48050e-02
 5.02485e-03  1.41842e-02
 5.17550e-03  1.41989e-02
 5.08740e-03  1.43220e-02
 5.02485e-03  1.41842e-02

 6.37865e-03  1.48050e-02
 5.57315e-03  1.40187e-02
 5.71982e-03  1.40561e-02
 5.61409e-03  1.41644e-02
 5.57315e-03  1.40187e-02

 6.86510e-03  1.48050e-02
 6.13653e-03  1.38833e-02
 6.27720e-03  1.39392e-02
 6.15845e-03  1.40331e-02
 6.13653e-03  1.38833e-02

 7.35156e-03  1.48050e-02
 6.71154e-03  1.37794e-02
 6.84515e-03  1.38506e-02
 6.71673e-03  1.39307e-02
 6.71154e-03  1.37794e-02

 7.83802e-03  1.48050e-02
 7.29545e-03  1.37090e-02
 7.42143e-03  1.37929e-02
 7.28578e-03  1.38601e-02
 7.29545e-03  1.37090e-02

 8.32448e-03  1.48050e-02
 7.88324e-03  1.36744e-02
 8.00140e-03  1.37690e-02
 7.86039e-03  1.38241e-02
 7.88324e-03  1.36744e-02

 8.81094e-03  1.48050e-02
 8.47378e-03  1.36809e-02
 8.58393e-03  1.37847e-02
 8.43894e-03  1.38282e-02
 8.47378e-03  1.36809e-02

 9.29740e-03  1.48050e-02
 9.05678e-03  1.37323e-02
 9.15932e-03  1.38437e-02
 9.01162e-03  1.38768e-02
 9.05678e-03  1.37323e-02

 9.78385e-03  1.48050e-02
 9.63955e-03  1.38415e-02
 9.73381e-03  1.39599e-02
 9.58412e-03  1.39823e-02
 9.63955e-03  1.38415e-02

 1.02703e-02  1.48050e-02
 1.01919e-02  1.40130e-02
 1.02801e-02  1.41360e-02
 1.01295e-02  1.41509e-02
 1.01919e-02  1.40130e-02

 1.07568e-02  1.48050e-02
 1.07568e-02  1.42806e-02
 1.08325e-02  1.44117e-02
 1.06811e-02  1.44117e-02
 1.07568e-02  1.42806e-02

 3.97656e-03  1.53750e-02
 3.37972e-03  1.57021e-02
 3.45830e-03  1.55727e-02
 3.53104e-03  1.57054e-02
 3.37972e-03  1.57021e-02

 4.46094e-03  1.53750e-02
 3.84721e-03  1.54136e-02
 3.97328e-03  1.53298e-02
 3.98278e-03  1.54809e-02
 3.84721e-03  1.54136e-02

 4.94531e-03  1.53750e-02
 4.33035e-03  1.51465e-02
 4.47959e-03  1.51212e-02
 4.42688e-03  1.52631e-02
 4.33035e-03  1.51465e-02

 5.42969e-03  1.53750e-02
 4.82855e-03  1.49055e-02
 4.97845e-03  1.49266e-02
 4.88528e-03  1.50459e-02
 4.82855e-03  1.49055e-02

 5.91406e-03  1.53750e-02
 5.34075e-03  1.46937e-02
 5.48306e-03  1.47453e-02
 5.36724e-03  1.48427e-02
 5.34075e-03  1.46937e-02

 6.39844e-03  1.53750e-02
 5.86530e-03  1.45131e-02
 5.99863e-03  1.45848e-02
 5.86990e-03  1.46644e-02
 5.86530e-03  1.45131e-02

 6.88281e-03  1.53750e-02
 6.40035e-03  1.43655e-02
 6.52516e-03  1.44511e-02
 6.38859e-03  1.45164e-02
 6.40035e-03  1.43655e-02

 7.36719e-03  1.53750e-02
 6.94347e-03  1.42524e-02
 7.06056e-03  1.43483e-02
 6.91895e-03  1.44018e-02
 6.94347e-03  1.42524e-02

 7.85156e-03  1.53750e-02
 7.49261e-03  1.41763e-02
 7.60272e-03  1.42802e-02
 7.45771e-03  1.43236e-02
 7.49261e-03  1.41763e-02

 8.33594e-03  1.53750e-02
 8.04431e-03  1.41398e-02
 8.14809e-03  1.42500e-02
 8.00078e-03  1.42847e-02
 8.04431e-03  1.41398e-02

 8.82031e-03  1.53750e-02
 8.59767e-03  1.41482e-02
 8.69555e-03  1.42637e-02
 8.54662e-03  1.42907e-02
 8.59767e-03  1.41482e-02

 9.30469e-03  1.53750e-02
 9.14589e-03  1.42061e-02
 9.23853e-03  1.43258e-02
 9.08854e-03  1.43462e-02
 9.14589e-03  1.42061e-02

 9.78906e-03  1.53750e-02
 9.69376e-03  1.43267e-02
 9.78100e-03  1.44504e-02
 9.63026e-03  1.44641e-02
 9.69376e-03  1.43267e-02

 1.02734e-02  1.53750e-02
 1.02215e-02  1.45144e-02
 1.03050e-02  1.46407e-02
 1.01539e-02  1.46498e-02
 1.02215e-02  1.45144e-02

 1.07578e-02  1.53750e-02
 1.07578e-02  1.48054e-02
 1.08335e-02  1.49365e-02
 1.06821e-02  1.49365e-02
 1.07578e-02  1.48054e-02

 4.00677e-03  1.59450e-02
 3.74190e-03  1.62771e-02
 3.76446e-03  1.61275e-02
 3.88280e-03  1.62218e-02
 3.74190e-03  1.62771e-02

 4.48906e-03  1.59450e-02
 4.21219e-03  1.59774e-02
 4.33359e-03  1.58870e-02
 4.35119e-03  1.60373e-02
 4.21219e-03  1.59774e-02

 4.97135e-03  1.59450e-02
 4.69037e-03  1.56991e-02
 4.83886e-03  1.57285e-02
 4.73918e-03  1.58424e-02
 4.69037e-03  1.56991e-02

 5.45365e-03  1.59450e-02
 5.17644e-03  1.54474e-02
 5.30635e-03  1.55251e-02
 5.17412e-03  1.55987e-02
 5.17644e-03  1.54474e-02

 5.93594e-03  1.59450e-02
 5.67002e-03  1.52258e-02
 5.78646e-03  1.53225e-02
 5.64449e-03  1.53750e-02
 5.67002e-03  1.52258e-02

 6.41823e-03  1.59450e-02
 6.17026e-03  1.50368e-02
 6.27780e-03  1.51433e-02
 6.13178e-03  1.51832e-02
 6.17026e-03  1.50368e-02

 6.90052e-03  1.59450e-02
 6.67611e-03  1.48824e-02
 6.77725e-03  1.49950e-02
 6.62915e-03  1.50263e-02
 6.67611e-03  1.48824e-02

 7.38281e-03  1.59450e-02
 7.18616e-03  1.47646e-02
 7.28236e-03  1.48814e-02
 7.13305e-03  1.49063e-02
 7.18616e-03  1.47646e-02

 7.86510e-03  1.59450e-02
 7.69917e-03  1.46859e-02
 7.79133e-03  1.48059e-02
 7.64126e-03  1.48257e-02
 7.69917e-03  1.46859e-02

 8.34740e-03  1.59450e-02
 8.21328e-03  1.46489e-02
 8.30206e-03  1.47715e-02
 8.15150e-03  1.47871e-02
 8.21328e-03  1.46489e-02

 8.82969e-03  1.59450e-02
 8.72783e-03  1.46593e-02
 8.81363e-03  1.47840e-02
 8.66274e-03  1.47959e-02
 8.72783e-03  1.46593e-02

 9.31198e-03  1.59450e-02
 9.23972e-03  1.47213e-02
 9.32300e-03  1.48477e-02
 9.17190e-03  1.48566e-02
 9.23972e-03  1.47213e-02

 9.79427e-03  1.59450e-02
 9.75099e-03  1.48490e-02
 9.83179e-03  1.49770e-02
 9.68054e-03  1.49829e-02
 9.75099e-03  1.48490e-02

 1.02766e-02  1.59450e-02
 1.02530e-02  1.50458e-02
 1.03321e-02  1.51749e-02
 1.01808e-02  1.51788e-02
 1.02530e-02  1.50458e-02

 1.07589e-02  1.59450e-02
 1.07589e-02  1.53496e-02
 1.08345e-02  1.54807e-02
 1.06832e-02  1.54807e-02
 1.07589e-02  1.53496e-02

 4.03698e-03  1.65150e-02
 4.10101e-03  1.68415e-02
 4.00151e-03  1.67274e-02
 4.15004e-03  1.66983e-02
 4.10101e-03  1.68415e-02

 4.51719e-03  1.65150e-02
 4.57471e-03  1.65398e-02
 4.42438e-03  1.65575e-02
 4.48422e-03  1.64184e-02
 4.57471e-03  1.65398e-02

 4.99740e-03  1.65150e-02
 5.04863e-03  1.62590e-02
 5.09712e-03  1.64023e-02
 4.94870e-03  1.63726e-02
 5.04863e-03  1.62590e-02

 5.47760e-03  1.65150e-02
 5.52327e-03  1.60045e-02
 5.58697e-03  1.61418e-02
 5.43621e-03  1.61283e-02
 5.52327e-03  1.60045e-02

 5.95781e-03  1.65150e-02
 5.99888e-03  1.57802e-02
 6.06713e-03  1.59153e-02
 5.91600e-03  1.59069e-02
 5.99888e-03  1.57802e-02

 6.43802e-03  1.65150e-02
 6.47539e-03  1.55890e-02
 6.54572e-03  1.57230e-02
 6.39448e-03  1.57169e-02
 6.47539e-03  1.55890e-02

 6.91823e-03  1.65150e-02
 6.95251e-03  1.54333e-02
 7.02400e-03  1.55667e-02
 6.87271e-03  1.55619e-02
 6.95251e-03  1.54333e-02

 7.39844e-03  1.65150e-02
 7.42989e-03  1.53147e-02
 7.50211e-03  1.54478e-02
 7.35080e-03  1.54438e-02
 7.42989e-03  1.53147e-02

 7.87865e-03  1.65150e-02
 7.90705e-03  1.52362e-02
 7.97980e-03  1.53689e-02
 7.82847e-03  1.53656e-02
 7.90705e-03  1.52362e-02

 8.35885e-03  1.65150e-02
 8.38381e-03  1.52002e-02
 8.45699e-03  1.53327e-02
 8.30565e-03  1.53298e-02
 8.38381e-03  1.52002e-02

 8.83906e-03  1.65150e-02
 8.85967e-03  1.52123e-02
 8.93327e-03  1.53445e-02
 8.78192e-03  1.53421e-02
 8.85967e-03  1.52123e-02

 9.31927e-03  1.65150e-02
 9.33525e-03  1.52764e-02
 9.40924e-03  1.54085e-02
 9.25789e-03  1.54065e-02
 9.33525e-03  1.52764e-02

 9.79948e-03  1.65150e-02
 9.80963e-03  1.54065e-02
 9.88411e-03  1.55383e-02
 9.73275e-03  1.55369e-02
 9.80963e-03  1.54065e-02

 1.02797e-02  1.65150e-02
 1.02856e-02  1.56058e-02
 1.03605e-02  1.57374e-02
 1.02091e-02  1.57364e-02
 1.02856e-02  1.56058e-02

 1.07599e-02  1.65150e-02
 1.07599e-02  1.59122e-02
 1.08356e-02  1.60433e-02
 1.06842e-02  1.60433e-02
 1.07599e-02  1.59122e-02

 4.06719e-03  1.70850e-02
 4.44616e-03  1.73935e-02
 4.29672e-03  1.73694e-02
 4.39227e-03  1.72520e-02
 4.44616e-03  1.73935e-02

 4.54531e-03  1.70850e-02
 4.92365e-03  1.70991e-02
 4.78984e-03  1.71699e-02
 4.79548e-03  1.70186e-02
 4.92365e-03  1.70991e-02

 5.02344e-03  1.70850e-02
 5.39399e-03  1.68247e-02
 5.33024e-03  1.69620e-02
 5.24322e-03  1.68381e-02
 5.39399e-03  1.68247e-02

 5.50156e-03  1.70850e-02
 5.85810e-03  1.65757e-02
 5.84492e-03  1.67265e-02
 5.72092e-03  1.66397e-02
 5.85810e-03  1.65757e-02

 5.97969e-03  1.70850e-02
 6.31680e-03  1.63563e-02
 6.33045e-03  1.65071e-02
 6.19307e-03  1.64435e-02
 6.31680e-03  1.63563e-02

 6.45781e-03  1.70850e-02
 6.77074e-03  1.61695e-02
 6.79996e-03  1.63181e-02
 6.65673e-03  1.62691e-02
 6.77074e-03  1.61695e-02

 6.93594e-03  1.70850e-02
 7.22041e-03  1.60177e-02
 7.25978e-03  1.61639e-02
 7.11352e-03  1.61249e-02
 7.22041e-03  1.60177e-02

 7.41406e-03  1.70850e-02
 7.66648e-03  1.59029e-02
 7.71312e-03  1.60469e-02
 7.56509e-03  1.60153e-02
 7.66648e-03  1.59029e-02

 7.89219e-03  1.70850e-02
 8.10923e-03  1.58276e-02
 8.16152e-03  1.59696e-02
 8.01235e-03  1.59439e-02
 8.10923e-03  1.58276e-02

 8.37031e-03  1.70850e-02
 8.55008e-03  1.57942e-02
 8.60695e-03  1.59345e-02
 8.45703e-03  1.59136e-02
 8.55008e-03  1.57942e-02

 8.84844e-03  1.70850e-02
 8.98865e-03  1.58079e-02
 9.04957e-03  1.59465e-02
 8.89911e-03  1.59300e-02
 8.98865e-03  1.58079e-02

 9.32656e-03  1.70850e-02
 9.42916e-03  1.58724e-02
 9.49352e-03  1.60094e-02
 9.34269e-03  1.59966e-02
 9.42916e-03  1.58724e-02

 9.80469e-03  1.70850e-02
 9.86763e-03  1.60009e-02
 9.93559e-03  1.61362e-02
 9.78448e-03  1.61274e-02
 9.86763e-03  1.60009e-02

 1.02828e-02  1.70850e-02
 1.03181e-02  1.61962e-02
 1.03886e-02  1.63302e-02
 1.02373e-02  1.63242e-02
 1.03181e-02  1.61962e-02

 1.07609e-02  1.70850e-02
 1.07609e-02  1.64948e-02
 1.08366e-02  1.66259e-02
 1.06853e-02  1.66259e-02
 1.07609e-02  1.64948e-02

 4.09740e-03  1.76550e-02
 4.76670e-03  1.79345e-02
 4.61657e-03  1.79538e-02
 4.67491e-03  1.78142e-02
 4.76670e-03  1.79345e-02

 4.57344e-03  1.76550e-02
 5.24781e-03  1.76562e-02
 5.11659e-03  1.77317e-02
 5.11686e-03  1.75803e-02
 5.24781e-03  1.76562e-02

 5.04948e-03  1.76550e-02
 5.71496e-03  1.73964e-02
 5.62018e-03  1.75144e-02
 5.56536e-03  1.73734e-02
 5.71496e-03  1.73964e-02

 5.52552e-03  1.76550e-02
 6.16941e-03  1.71607e-02
 6.11151e-03  1.73006e-02
 6.01934e-03  1.71805e-02
 6.16941e-03  1.71607e-02

 6.00156e-03  1.76550e-02
 6.61248e-03  1.69532e-02
 6.58349e-03  1.71018e-02
 6.46932e-03  1.70024e-02
 6.61248e-03  1.69532e-02

 6.47760e-03  1.76550e-02
 7.04552e-03  1.67770e-02
 7.03787e-03  1.69282e-02
 6.91077e-03  1.68460e-02
 7.04552e-03  1.67770e-02

 6.95365e-03  1.76550e-02
 7.46974e-03  1.66343e-02
 7.47813e-03  1.67855e-02
 7.34305e-03  1.67172e-02
 7.46974e-03  1.66343e-02

 7.42969e-03  1.76550e-02
 7.88679e-03  1.65272e-02
 7.90769e-03  1.66772e-02
 7.76741e-03  1.66203e-02
 7.88679e-03  1.65272e-02

 7.90573e-03  1.76550e-02
 8.29768e-03  1.64579e-02
 8.32882e-03  1.66060e-02
 8.18496e-03  1.65589e-02
 8.29768e-03  1.64579e-02

 8.38177e-03  1.76550e-02
 8.70530e-03  1.64286e-02
 8.74504e-03  1.65747e-02
 8.59868e-03  1.65361e-02
 8.70530e-03  1.64286e-02

 8.85781e-03  1.76550e-02
 9.10941e-03  1.64440e-02
 9.15685e-03  1.65877e-02
 9.00865e-03  1.65569e-02
 9.10941e-03  1.64440e-02

 9.33385e-03  1.76550e-02
 9.51745e-03  1.65073e-02
 9.57147e-03  1.66487e-02
 9.42201e-03  1.66247e-02
 9.51745e-03  1.65073e-02

 9.80990e-03  1.76550e-02
 9.92252e-03  1.66304e-02
 9.98343e-03  1.67690e-02
 9.83297e-03  1.67524e-02
 9.92252e-03  1.66304e-02

 1.02859e-02  1.76550e-02
 1.03492e-02  1.68158e-02
 1.04148e-02  1.69522e-02
 1.02638e-02  1.69409e-02
 1.03492e-02  1.68158e-02

 1.07620e-02  1.76550e-02
 1.07620e-02  1.70970e-02
 1.08377e-02  1.72281e-02
 1.06863e-02  1.72281e-02
 1.07620e-02  1.70970e-02

 4.12760e-03  1.82250e-02
 5.05352e-03  1.84655e-02
 4.90761e-03  1.85058e-02
 4.94566e-03  1.83593e-02
 5.05352e-03  1.84655e-02

 4.60156e-03  1.82250e-02
 5.53739e-03  1.82109e-02
 5.40746e-03  1.82885e-02
 5.40517e-03  1.81372e-02
 5.53739e-03  1.82109e-02

 5.07552e-03  1.82250e-02
 6.00121e-03  1.79732e-02
 5.89457e-03  1.80807e-02
 5.85485e-03  1.79346e-02
 6.00121e-03  1.79732e-02

 5.54948e-03  1.82250e-02
 6.44663e-03  1.77579e-02
 6.36532e-03  1.78855e-02
 6.29541e-03  1.77513e-02
 6.44663e-03  1.77579e-02

 6.02344e-03  1.82250e-02
 6.87533e-03  1.75686e-02
 6.81768e-03  1.77086e-02
 6.72530e-03  1.75887e-02
 6.87533e-03  1.75686e-02

 6.49740e-03  1.82250e-02
 7.28942e-03  1.74085e-02
 7.25247e-03  1.75553e-02
 7.14383e-03  1.74499e-02
 7.28942e-03  1.74085e-02

 6.97135e-03  1.82250e-02
 7.69063e-03  1.72796e-02
 7.67149e-03  1.74298e-02
 7.55103e-03  1.73381e-02
 7.69063e-03  1.72796e-02

 7.44531e-03  1.82250e-02
 8.08167e-03  1.71837e-02
 8.07789e-03  1.73351e-02
 7.94873e-03  1.72561e-02
 8.08167e-03  1.71837e-02

 7.91927e-03  1.82250e-02
 8.46417e-03  1.71229e-02
 8.47391e-03  1.72740e-02
 8.33823e-03  1.72069e-02
 8.46417e-03  1.71229e-02

 8.39323e-03  1.82250e-02
 8.84236e-03  1.70990e-02
 8.86409e-03  1.72488e-02
 8.72349e-03  1.71927e-02
 8.84236e-03  1.70990e-02

 8.86719e-03  1.82250e-02
 9.21610e-03  1.71159e-02
 9.24896e-03  1.72637e-02
 9.10457e-03  1.72183e-02
 9.21610e-03  1.71159e-02

 9.34115e-03  1.82250e-02
 9.59556e-03  1.71766e-02
 9.63820e-03  1.73218e-02
 9.49110e-03  1.72861e-02
 9.59556e-03  1.71766e-02

 9.81510e-03  1.82250e-02
 9.97133e-03  1.72911e-02
 1.00243e-02  1.74329e-02
 9.87505e-03  1.74079e-02
 9.97133e-03  1.72911e-02

 1.02891e-02  1.82250e-02
 1.03768e-02  1.74617e-02
 1.04370e-02  1.76006e-02
 1.02867e-02  1.75833e-02
 1.03768e-02  1.74617e-02

 1.07630e-02  1.82250e-02
 1.07630e-02  1.77167e-02
 1.08387e-02  1.78478e-02
 1.06873e-02  1.78478e-02
 1.07630e-02  1.77167e-02

 4.15781e-03  1.87950e-02
 5.29586e-03  1.89894e-02
 5.15390e-03  1.90420e-02
 5.17939e-03  1.88928e-02
 5.29586e-03  1.89894e-02

 4.62969e-03  1.87950e-02
 5.78083e-03  1.87656e-02
 5.65172e-03  1.88446e-02
 5.64785e-03  1.86933e-02
 5.78083e-03  1.87656e-02

 5.10156e-03  1.87950e-02
 6.24090e-03  1.85569e-02
 6.12807e-03  1.86578e-02
 6.09710e-03  1.85096e-02
 6.24090e-03  1.85569e-02

 5.57344e-03  1.87950e-02
 6.67766e-03  1.83681e-02
 6.58268e-03  1.84860e-02
 6.52810e-03  1.83448e-02
 6.67766e-03  1.83681e-02

 6.04531e-03  1.87950e-02
 7.09345e-03  1.82028e-02
 7.01655e-03  1.83332e-02
 6.94209e-03  1.82014e-02
 7.09345e-03  1.82028e-02

 6.51719e-03  1.87950e-02
 7.49078e-03  1.80637e-02
 7.43142e-03  1.82029e-02
 7.34051e-03  1.80819e-02
 7.49078e-03  1.80637e-02

 6.98906e-03  1.87950e-02
 7.87221e-03  1.79525e-02
 7.82960e-03  1.80977e-02
 7.72512e-03  1.79882e-02
 7.87221e-03  1.79525e-02

 7.46094e-03  1.87950e-02
 8.24116e-03  1.78708e-02
 8.21443e-03  1.80197e-02
 8.09877e-03  1.79221e-02
 8.24116e-03  1.78708e-02

 7.93281e-03  1.87950e-02
 8.59983e-03  1.78202e-02
 8.58826e-03  1.79711e-02
 8.46334e-03  1.78856e-02
 8.59983e-03  1.78202e-02

 8.40469e-03  1.87950e-02
 8.95362e-03  1.78024e-02
 8.95641e-03  1.79538e-02
 8.82395e-03  1.78805e-02
 8.95362e-03  1.78024e-02

 8.87656e-03  1.87950e-02
 9.30252e-03  1.78206e-02
 9.31936e-03  1.79710e-02
 9.18066e-03  1.79104e-02
 9.30252e-03  1.78206e-02

 9.34844e-03  1.87950e-02
 9.65879e-03  1.78773e-02
 9.68849e-03  1.80257e-02
 9.54510e-03  1.79772e-02
 9.65879e-03  1.78773e-02

 9.82031e-03  1.87950e-02
 1.00110e-02  1.79803e-02
 1.00548e-02  1.81252e-02
 9.90744e-03  1.80907e-02
 1.00110e-02  1.79803e-02

 1.02922e-02  1.87950e-02
 1.03994e-02  1.81320e-02
 1.04532e-02  1.82735e-02
 1.03038e-02  1.82493e-02
 1.03994e-02  1.81320e-02

 1.07641e-02  1.87950e-02
 1.07641e-02  1.83531e-02
 1.08397e-02  1.84842e-02
 1.06884e-02  1.84842e-02
 1.07641e-02  1.83531e-02

 4.18802e-03  1.93650e-02
 5.48418e-03  1.95089e-02
 5.34554e-03  1.95697e-02
 5.36224e-03  1.94192e-02
 5.48418e-03  1.95089e-02

 4.65781e-03  1.93650e-02
 5.96789e-03  1.93206e-02
 5.83945e-03  1.94007e-02
 5.83432e-03  1.92494e-02
 5.96789e-03  1.93206e-02

 5.12760e-03  1.93650e-02
 6.42300e-03  1.91455e-02
 6.30640e-03  1.92420e-02
 6.28111e-03  1.90928e-02
 6.42300e-03  1.91455e-02

 5.59740e-03  1.93650e-02
 6.85140e-03  1.89877e-02
 6.74767e-03  1.90979e-02
 6.70406e-03  1.89530e-02
 6.85140e-03  1.89877e-02

 6.06719e-03  1.93650e-02
 7.25565e-03  1.88502e-02
 7.16544e-03  1.89717e-02
 7.10527e-03  1.88329e-02
 7.25565e-03  1.88502e-02

 6.53698e-03  1.93650e-02
 7.63893e-03  1.87352e-02
 7.56268e-03  1.88659e-02
 7.48757e-03  1.87345e-02
 7.63893e-03  1.87352e-02

 7.00677e-03  1.93650e-02
 8.00420e-03  1.86441e-02
 7.94229e-03  1.87822e-02
 7.85363e-03  1.86596e-02
 8.00420e-03  1.86441e-02

 7.47656e-03  1.93650e-02
 8.35563e-03  1.85783e-02
 8.30842e-03  1.87221e-02
 8.20747e-03  1.86093e-02
 8.35563e-03  1.85783e-02

 7.94635e-03  1.93650e-02
 8.69599e-03  1.85388e-02
 8.66395e-03  1.86868e-02
 8.55185e-03  1.85851e-02
 8.69599e-03  1.85388e-02

 8.41615e-03  1.93650e-02
 9.03147e-03  1.85273e-02
 9.01486e-03  1.86778e-02
 8.89287e-03  1.85882e-02
 9.03147e-03  1.85273e-02

 8.88594e-03  1.93650e-02
 9.36227e-03  1.85461e-02
 9.36178e-03  1.86975e-02
 9.23094e-03  1.86214e-02
 9.36227e-03  1.85461e-02

 9.35573e-03  1.93650e-02
 9.70198e-03  1.85975e-02
 9.71706e-03  1.87481e-02
 9.57909e-03  1.86859e-02
 9.70198e-03  1.85975e-02

 9.82552e-03  1.93650e-02
 1.00380e-02  1.86867e-02
 1.00711e-02  1.88344e-02
 9.92662e-03  1.87892e-02
 1.00380e-02  1.86867e-02

 1.02953e-02  1.93650e-02
 1.04146e-02  1.88166e-02
 1.04607e-02  1.89607e-02
 1.03128e-02  1.89286e-02
 1.04146e-02  1.88166e-02

 1.07651e-02  1.93650e-02
 1.07651e-02  1.89988e-02
 1.08408e-02  1.91299e-02
 1.06894e-02  1.91299e-02
 1.07651e-02  1.89988e-02

 4.21823e-03  1.99350e-02
 5.60256e-03  2.00303e-02
 5.46658e-03  2.00968e-02
 5.47697e-03  1.99458e-02
 5.60256e-03  2.00303e-02

 4.68594e-03  1.99350e-02
 6.08260e-03  1.98822e-02
 5.95447e-03  1.99628e-02
 5.94875e-03  1.98115e-02
 6.08260e-03  1.98822e-02

 5.15365e-03  1.99350e-02
 6.53184e-03  1.97451e-02
 6.41231e-03  1.98380e-02
 6.39165e-03  1.96880e-02
 6.53184e-03  1.97451e-02

 5.62135e-03  1.99350e-02
 6.95263e-03  1.96222e-02
 6.84233e-03  1.97258e-02
 6.80770e-03  1.95785e-02
 6.95263e-03  1.96222e-02

 6.08906e-03  1.99350e-02
 7.34768e-03  1.95157e-02
 7.24723e-03  1.96289e-02
 7.19939e-03  1.94853e-02
 7.34768e-03  1.95157e-02

 6.55677e-03  1.99350e-02
 7.72056e-03  1.94273e-02
 7.63066e-03  1.95491e-02
 7.57014e-03  1.94104e-02
 7.72056e-03  1.94273e-02

 7.02448e-03  1.99350e-02
 8.07481e-03  1.93582e-02
 7.99634e-03  1.94876e-02
 7.92348e-03  1.93549e-02
 8.07481e-03  1.93582e-02

 7.49219e-03  1.99350e-02
 8.41492e-03  1.93091e-02
 8.34892e-03  1.94453e-02
 8.26395e-03  1.93200e-02
 8.41492e-03  1.93091e-02

 7.95990e-03  1.99350e-02
 8.74413e-03  1.92810e-02
 8.69193e-03  1.94231e-02
 8.59498e-03  1.93068e-02
 8.74413e-03  1.92810e-02

 8.42760e-03  1.99350e-02
 9.06900e-03  1.92751e-02
 9.03191e-03  1.94218e-02
 8.92336e-03  1.93163e-02
 9.06900e-03  1.92751e-02

 8.89531e-03  1.99350e-02
 9.39006e-03  1.92931e-02
 9.36998e-03  1.94432e-02
 9.25009e-03  1.93507e-02
 9.39006e-03  1.92931e-02

 9.36302e-03  1.99350e-02
 9.72134e-03  1.93373e-02
 9.71885e-03  1.94886e-02
 9.58903e-03  1.94108e-02
 9.72134e-03  1.93373e-02

 9.83073e-03  1.99350e-02
 1.00501e-02  1.94104e-02
 1.00694e-02  1.95606e-02
 9.92970e-03  1.95022e-02
 1.00501e-02  1.94104e-02

 1.02984e-02  1.99350e-02
 1.04213e-02  1.95159e-02
 1.04571e-02  1.96629e-02
 1.03118e-02  1.96204e-02
 1.04213e-02  1.95159e-02

 1.07661e-02  1.99350e-02
 1.07661e-02  1.96551e-02
 1.08418e-02  1.97862e-02
 1.06905e-02  1.97862e-02
 1.07661e-02  1.96551e-02

 4.24844e-03  2.05050e-02
 5.64086e-03  2.05545e-02
 5.50717e-03  2.06255e-02
 5.51255e-03  2.04742e-02
 5.64086e-03  2.05545e-02

 4.71406e-03  2.05050e-02
 6.11421e-03  2.04461e-02
 5.98642e-03  2.05272e-02
 5.98005e-03  2.03760e-02
 6.11421e-03  2.04461e-02

 5.17969e-03  2.05050e-02
 6.55675e-03  2.03463e-02
 6.43519e-03  2.04365e-02
 6.41786e-03  2.02861e-02
 6.55675e-03  2.03463e-02

 5.64531e-03  2.05050e-02
 6.97068e-03  2.02574e-02
 6.85572e-03  2.03559e-02
 6.82793e-03  2.02071e-02
 6.97068e-03  2.02574e-02

 6.11094e-03  2.05050e-02
 7.35934e-03  2.01811e-02
 7.25146e-03  2.02873e-02
 7.21344e-03  2.01408e-02
 7.35934e-03  2.01811e-02

 6.57656e-03  2.05050e-02
 7.72627e-03  2.01184e-02
 7.62614e-03  2.02319e-02
 7.57790e-03  2.00884e-02
 7.72627e-03  2.01184e-02

 7.04219e-03  2.05050e-02
 8.07534e-03  2.00699e-02
 7.98391e-03  2.01905e-02
 7.92516e-03  2.00510e-02
 8.07534e-03  2.00699e-02

 7.50781e-03  2.05050e-02
 8.41109e-03  2.00363e-02
 8.32959e-03  2.01639e-02
 8.25988e-03  2.00295e-02
 8.41109e-03  2.00363e-02

 7.97344e-03  2.05050e-02
 8.73708e-03  2.00182e-02
 8.66723e-03  2.01525e-02
 8.58586e-03  2.00249e-02
 8.73708e-03  2.00182e-02

 8.43906e-03  2.05050e-02
 9.05984e-03  2.00166e-02
 9.00361e-03  2.01571e-02
 8.91002e-03  2.00382e-02
 9.05984e-03  2.00166e-02

 8.90469e-03  2.05050e-02
 9.38029e-03  2.00326e-02
 9.34062e-03  2.01787e-02
 9.23395e-03  2.00713e-02
 9.38029e-03  2.00326e-02

 9.37031e-03  2.05050e-02
 9.71202e-03  2.00683e-02
 9.69085e-03  2.02182e-02
 9.57164e-03  2.01249e-02
 9.71202e-03  2.00683e-02

 9.83594e-03  2.05050e-02
 1.00434e-02  2.01244e-02
 1.00471e-02  2.02758e-02
 9.91422e-03  2.02033e-02
 1.00434e-02  2.01244e-02

 1.03016e-02  2.05050e-02
 1.04165e-02  2.02051e-02
 1.04402e-02  2.03546e-02
 1.02989e-02  2.03004e-02
 1.04165e-02  2.02051e-02

 1.07672e-02  2.05050e-02
 1.07672e-02  2.03033e-02
 1.08429e-02  2.04344e-02
 1.06915e-02  2.04344e-02
 1.07672e-02  2.03033e-02

 4.27865e-03  2.10750e-02
 5.56882e-03  2.10945e-02
 5.43661e-03  2.11682e-02
 5.43889e-03  2.10168e-02
 5.56882e-03  2.10945e-02

 4.74219e-03  2.10750e-02
 6.03448e-03  2.10286e-02
 5.90620e-03  2.11089e-02
 5.90076e-03  2.09576e-02
 6.03448e-03  2.10286e-02

 5.20573e-03  2.10750e-02
 6.47169e-03  2.09683e-02
 6.34742e-03  2.10547e-02
 6.33471e-03  2.09039e-02
 6.47169e-03  2.09683e-02

 5.66927e-03  2.10750e-02
 6.88286e-03  2.09151e-02
 6.76278e-03  2.10072e-02
 6.74300e-03  2.08572e-02
 6.88286e-03  2.09151e-02

 6.13281e-03  2.10750e-02
 7.27109e-03  2.08698e-02
 7.15551e-03  2.09675e-02
 7.12866e-03  2.08186e-02
 7.27109e-03  2.08698e-02

 6.59635e-03  2.10750e-02
 7.64003e-03  2.08329e-02
 7.52943e-03  2.09363e-02
 7.49523e-03  2.07888e-02
 7.64003e-03  2.08329e-02

 7.05990e-03  2.10750e-02
 7.99322e-03  2.08048e-02
 7.88835e-03  2.09140e-02
 7.84626e-03  2.07686e-02
 7.99322e-03  2.08048e-02

 7.52344e-03  2.10750e-02
 8.33522e-03  2.07858e-02
 8.23713e-03  2.09011e-02
 8.18634e-03  2.07585e-02
 8.33522e-03  2.07858e-02

 7.98698e-03  2.10750e-02
 8.66922e-03  2.07763e-02
 8.57950e-03  2.08982e-02
 8.51878e-03  2.07595e-02
 8.66922e-03  2.07763e-02

 8.45052e-03  2.10750e-02
 9.00135e-03  2.07769e-02
 8.92209e-03  2.09058e-02
 8.85004e-03  2.07727e-02
 9.00135e-03  2.07769e-02

 8.91406e-03  2.10750e-02
 9.33266e-03  2.07884e-02
 9.26726e-03  2.09249e-02
 9.18174e-03  2.08000e-02
 9.33266e-03  2.07884e-02

 9.37760e-03  2.10750e-02
 9.67553e-03  2.08127e-02
 9.62716e-03  2.09561e-02
 9.52713e-03  2.08425e-02
 9.67553e-03  2.08127e-02

 9.84115e-03  2.10750e-02
 1.00201e-02  2.08492e-02
 9.99798e-03  2.09990e-02
 9.87935e-03  2.09050e-02
 1.00201e-02  2.08492e-02

 1.03047e-02  2.10750e-02
 1.04032e-02  2.09029e-02
 1.04038e-02  2.10542e-02
 1.02724e-02  2.09791e-02
 1.04032e-02  2.09029e-02

 1.07682e-02  2.10750e-02
 1.07682e-02  2.09592e-02
 1.08439e-02  2.10903e-02
 1.06925e-02  2.10903e-02
 1.07682e-02  2.09592e-02

 4.30885e-03  2.16450e-02
 5.38280e-03  2.16365e-02
 5.25232e-03  2.17132e-02
 5.25112e-03  2.15619e-02
 5.38280e-03  2.16365e-02

 4.77031e-03  2.16450e-02
 5.83964e-03  2.16009e-02
 5.71179e-03  2.16819e-02
 5.70555e-03  2.15307e-02
 5.83964e-03  2.16009e-02

 5.23177e-03  2.16450e-02
 6.27310e-03  2.15686e-02
 6.14790e-03  2.16537e-02
 6.13683e-03  2.15027e-02
 6.27310e-03  2.15686e-02

 5.69323e-03  2.16450e-02
 6.68544e-03  2.15404e-02
 6.56301e-03  2.16294e-02
 6.54714e-03  2.14789e-02
 6.68544e-03  2.15404e-02

 6.15469e-03  2.16450e-02
 7.07954e-03  2.15166e-02
 6.96010e-03  2.16096e-02
 6.93929e-03  2.14597e-02
 7.07954e-03  2.15166e-02

 6.61615e-03  2.16450e-02
 7.45858e-03  2.14976e-02
 7.34250e-03  2.15947e-02
 7.31641e-03  2.14456e-02
 7.45858e-03  2.14976e-02

 7.07760e-03  2.16450e-02
 7.82553e-03  2.14833e-02
 7.71340e-03  2.15850e-02
 7.68141e-03  2.14370e-02
 7.82553e-03  2.14833e-02

 7.53906e-03  2.16450e-02
 8.18417e-03  2.14740e-02
 8.07684e-03  2.15808e-02
 8.03806e-03  2.14344e-02
 8.18417e-03  2.14740e-02

 8.00052e-03  2.16450e-02
 8.53717e-03  2.14698e-02
 8.43604e-03  2.15824e-02
 8.38907e-03  2.14385e-02
 8.53717e-03  2.14698e-02

 8.46198e-03  2.16450e-02
 8.88969e-03  2.14712e-02
 8.79673e-03  2.15907e-02
 8.73976e-03  2.14505e-02
 8.88969e-03  2.14712e-02

 8.92344e-03  2.16450e-02
 9.24264e-03  2.14784e-02
 9.16145e-03  2.16061e-02
 9.09141e-03  2.14720e-02
 9.24264e-03  2.14784e-02

 9.38490e-03  2.16450e-02
 9.60658e-03  2.14930e-02
 9.54127e-03  2.16295e-02
 9.45567e-03  2.15047e-02
 9.60658e-03  2.14930e-02

 9.84635e-03  2.16450e-02
 9.97434e-03  2.15134e-02
 9.93722e-03  2.16601e-02
 9.82870e-03  2.15546e-02
 9.97434e-03  2.15134e-02

 1.03078e-02  2.16450e-02
 1.03748e-02  2.15450e-02
 1.03647e-02  2.16960e-02
 1.02390e-02  2.16117e-02
 1.03748e-02  2.15450e-02

 1.07693e-02  2.16450e-02
 1.07693e-02  2.15734e-02
 1.08450e-02  2.17045e-02
 1.06936e-02  2.17045e-02
 1.07693e-02  2.15734e-02

 4.33906e-03  2.22150e-02
 5.00914e-03  2.22150e-02
 4.87805e-03  2.22907e-02
 4.87805e-03  2.21393e-02
 5.00914e-03  2.22150e-02

 4.79844e-03  2.22150e-02
 5.46310e-03  2.22150e-02
 5.33202e-03  2.22907e-02
 5.33202e-03  2.21393e-02
 5.46310e-03  2.22150e-02

 5.25781e-03  2.22150e-02
 5.90268e-03  2.22150e-02
 5.77159e-03  2.22907e-02
 5.77159e-03  2.21393e-02
 5.90268e-03  2.22150e-02

 5.71719e-03  2.22150e-02
 6.32951e-03  2.22150e-02
 6.19842e-03  2.22907e-02
 6.19842e-03  2.21393e-02
 6.32951e-03  2.22150e-02

 6.17656e-03  2.22150e-02
 6.74541e-03  2.22150e-02
 6.61432e-03  2.22907e-02
 6.61432e-03  2.21393e-02
 6.74541e-03  2.22150e-02

 6.63594e-03  2.22150e-02
 7.15239e-03  2.22150e-02
 7.02130e-03  2.22907e-02
 7.02130e-03  2.21393e-02
 7.15239e-03  2.22150e-02

 7.09531e-03  2.22150e-02
 7.55236e-03  2.22150e-02
 7.42127e-03  2.22907e-02
 7.42127e-03  2.21393e-02
 7.55236e-03  2.22150e-02

 7.55469e-03  2.22150e-02
 7.94766e-03  2.22150e-02
 7.81657e-03  2.22907e-02
 7.81657e-03  2.21393e-02
 7.94766e-03  2.22150e-02

 8.01406e-03  2.22150e-02
 8.33991e-03  2.22150e-02
 8.20882e-03  2.22907e-02
 8.20882e-03  2.21393e-02
 8.33991e-03  2.22150e-02

 8.47344e-03  2.22150e-02
 8.73238e-03  2.22150e-02
 8.60129e-03  2.22907e-02
 8.60129e-03  2.21393e-02
 8.73238e-03  2.22150e-02

 8.93281e-03  2.22150e-02
 9.12541e-03  2.22150e-02
 8.99432e-03  2.22907e-02
 8.99432e-03  2.21393e-02
 9.12541e-03  2.22150e-02

 9.39219e-03  2.22150e-02
 9.52586e-03  2.22150e-02
 9.39477e-03  2.22907e-02
 9.39477e-03  2.21393e-02
 9.52586e-03  2.22150e-02

 9.85156e-03  2.22150e-02
 9.92851e-03  2.22150e-02
 9.79742e-03  2.22907e-02
 9.79742e-03  2.21393e-02
 9.92851e-03  2.22150e-02

 1.03109e-02  2.22150e-02
 1.03520e-02  2.22150e-02
 1.02209e-02  2.22907e-02
 1.02209e-02  2.21393e-02
 1.03520e-02  2.22150e-02

 1.07703e-02  2.22150e-02
 1.07703e-02  2.22150e-02
 1.09014e-02  2.21393e-02
 1.09014e-02  2.22907e-02
 1.07703e-02  2.22150e-02

