#[ Fluid velocity 2D plot data file: flw.dat ]
 1.95313e-04  1.13850e-02
 1.95313e-04  1.13850e-02
 6.42249e-05  1.14607e-02
 6.42249e-05  1.13093e-02
 1.95313e-04  1.13850e-02

 5.85937e-04  1.13850e-02
 3.50910e-04  1.13850e-02
 4.81998e-04  1.13093e-02
 4.81998e-04  1.14607e-02
 3.50910e-04  1.13850e-02

 9.76562e-04  1.13850e-02
 6.49708e-04  1.13850e-02
 7.80796e-04  1.13093e-02
 7.80796e-04  1.14607e-02
 6.49708e-04  1.13850e-02

 1.36719e-03  1.13850e-02
 9.01235e-04  1.13850e-02
 1.03232e-03  1.13093e-02
 1.03232e-03  1.14607e-02
 9.01235e-04  1.13850e-02

 1.75781e-03  1.13850e-02
 1.18393e-03  1.13850e-02
 1.31502e-03  1.13093e-02
 1.31502e-03  1.14607e-02
 1.18393e-03  1.13850e-02

 2.14844e-03  1.13850e-02
 1.46641e-03  1.13850e-02
 1.59750e-03  1.13093e-02
 1.59750e-03  1.14607e-02
 1.46641e-03  1.13850e-02

 2.53906e-03  1.13850e-02
 1.76679e-03  1.13850e-02
 1.89788e-03  1.13093e-02
 1.89788e-03  1.14607e-02
 1.76679e-03  1.13850e-02

 2.92969e-03  1.13850e-02
 2.08006e-03  1.13850e-02
 2.21115e-03  1.13093e-02
 2.21115e-03  1.14607e-02
 2.08006e-03  1.13850e-02

 3.32031e-03  1.13850e-02
 2.41143e-03  1.13850e-02
 2.54252e-03  1.13093e-02
 2.54252e-03  1.14607e-02
 2.41143e-03  1.13850e-02

 1.97049e-04  1.19550e-02
 1.97049e-04  1.24065e-02
 1.21365e-04  1.22754e-02
 2.72732e-04  1.22754e-02
 1.97049e-04  1.24065e-02

 5.91146e-04  1.19550e-02
 2.13970e-04  1.23821e-02
 2.44016e-04  1.22337e-02
 3.57472e-04  1.23339e-02
 2.13970e-04  1.23821e-02

 9.85243e-04  1.19550e-02
 4.51228e-04  1.23673e-02
 5.08741e-04  1.22273e-02
 6.01241e-04  1.23471e-02
 4.51228e-04  1.23673e-02

 1.37934e-03  1.19550e-02
 6.16072e-04  1.23437e-02
 6.98540e-04  1.22168e-02
 7.67230e-04  1.23517e-02
 6.16072e-04  1.23437e-02

 1.77344e-03  1.19550e-02
 8.34054e-04  1.23151e-02
 9.29371e-04  1.21975e-02
 9.83546e-04  1.23388e-02
 8.34054e-04  1.23151e-02

 2.16753e-03  1.19550e-02
 1.05537e-03  1.22788e-02
 1.16007e-03  1.21695e-02
 1.20239e-03  1.23149e-02
 1.05537e-03  1.22788e-02

 2.56163e-03  1.19550e-02
 1.30846e-03  1.22357e-02
 1.41984e-03  1.21332e-02
 1.45293e-03  1.22809e-02
 1.30846e-03  1.22357e-02

 2.95573e-03  1.19550e-02
 1.58472e-03  1.21856e-02
 1.70144e-03  1.20892e-02
 1.72655e-03  1.22385e-02
 1.58472e-03  1.21856e-02

 3.34983e-03  1.19550e-02
 1.89080e-03  1.21303e-02
 2.01193e-03  1.20395e-02
 2.02998e-03  1.21898e-02
 1.89080e-03  1.21303e-02

 1.98785e-04  1.25250e-02
 1.98785e-04  1.32607e-02
 1.23101e-04  1.31296e-02
 2.74468e-04  1.31296e-02
 1.98785e-04  1.32607e-02

 5.96354e-04  1.25250e-02
 1.75191e-04  1.32460e-02
 1.75963e-04  1.30946e-02
 3.06663e-04  1.31709e-02
 1.75191e-04  1.32460e-02

 9.93924e-04  1.25250e-02
 3.89175e-04  1.32132e-02
 4.18852e-04  1.30648e-02
 5.32557e-04  1.31647e-02
 3.89175e-04  1.32132e-02

 1.39149e-03  1.25250e-02
 5.26128e-04  1.31678e-02
 5.86227e-04  1.30289e-02
 6.76490e-04  1.31504e-02
 5.26128e-04  1.31678e-02

 1.78906e-03  1.25250e-02
 7.24272e-04  1.31080e-02
 8.02908e-04  1.29786e-02
 8.75600e-04  1.31114e-02
 7.24272e-04  1.31080e-02

 2.18663e-03  1.25250e-02
 9.30135e-04  1.30366e-02
 1.02300e-03  1.29171e-02
 1.08009e-03  1.30573e-02
 9.30135e-04  1.30366e-02

 2.58420e-03  1.25250e-02
 1.17460e-03  1.29550e-02
 1.27790e-03  1.28444e-02
 1.32206e-03  1.29891e-02
 1.17460e-03  1.29550e-02

 2.98177e-03  1.25250e-02
 1.44653e-03  1.28656e-02
 1.55812e-03  1.27633e-02
 1.59090e-03  1.29111e-02
 1.44653e-03  1.28656e-02

 3.37934e-03  1.25250e-02
 1.75162e-03  1.27717e-02
 1.86988e-03  1.26773e-02
 1.89257e-03  1.28269e-02
 1.75162e-03  1.27717e-02

 2.00521e-04  1.30950e-02
 2.00521e-04  1.42293e-02
 1.24837e-04  1.40982e-02
 2.76204e-04  1.40982e-02
 2.00521e-04  1.42293e-02

 6.01563e-04  1.30950e-02
 1.81285e-04  1.42240e-02
 1.56087e-04  1.40748e-02
 2.97944e-04  1.41276e-02
 1.81285e-04  1.42240e-02

 1.00260e-03  1.30950e-02
 3.97893e-04  1.41705e-02
 3.96171e-04  1.40191e-02
 5.28111e-04  1.40933e-02
 3.97893e-04  1.41705e-02

 1.40365e-03  1.30950e-02
 5.36994e-04  1.40970e-02
 5.65508e-04  1.39483e-02
 6.79992e-04  1.40473e-02
 5.36994e-04  1.40970e-02

 1.80469e-03  1.30950e-02
 7.37929e-04  1.39969e-02
 7.89168e-04  1.38545e-02
 8.86897e-04  1.39701e-02
 7.37929e-04  1.39969e-02

 2.20573e-03  1.30950e-02
 9.47189e-04  1.38797e-02
 1.01838e-03  1.37461e-02
 1.09847e-03  1.38746e-02
 9.47189e-04  1.38797e-02

 2.60677e-03  1.30950e-02
 1.19573e-03  1.37478e-02
 1.28292e-03  1.36241e-02
 1.34648e-03  1.37615e-02
 1.19573e-03  1.37478e-02

 3.00781e-03  1.30950e-02
 1.47219e-03  1.36072e-02
 1.57260e-03  1.34939e-02
 1.62049e-03  1.36375e-02
 1.47219e-03  1.36072e-02

 3.40885e-03  1.30950e-02
 1.78189e-03  1.34628e-02
 1.89306e-03  1.33601e-02
 1.92644e-03  1.35077e-02
 1.78189e-03  1.34628e-02

 2.02257e-04  1.36650e-02
 2.02257e-04  1.51224e-02
 1.26573e-04  1.49913e-02
 2.77940e-04  1.49913e-02
 2.02257e-04  1.51224e-02

 6.06771e-04  1.36650e-02
 2.25636e-04  1.51273e-02
 1.85462e-04  1.49813e-02
 3.31936e-04  1.50195e-02
 2.25636e-04  1.51273e-02

 1.01128e-03  1.36650e-02
 4.63775e-04  1.50565e-02
 4.41344e-04  1.49068e-02
 5.82200e-04  1.49622e-02
 4.63775e-04  1.50565e-02

 1.41580e-03  1.36650e-02
 6.29372e-04  1.49587e-02
 6.32791e-04  1.48074e-02
 7.62135e-04  1.48860e-02
 6.29372e-04  1.49587e-02

 1.82031e-03  1.36650e-02
 8.51640e-04  1.48232e-02
 8.77685e-04  1.46741e-02
 9.93795e-04  1.47712e-02
 8.51640e-04  1.48232e-02

 2.22483e-03  1.36650e-02
 1.08064e-03  1.46656e-02
 1.12950e-03  1.45223e-02
 1.22914e-03  1.46363e-02
 1.08064e-03  1.46656e-02

 2.62934e-03  1.36650e-02
 1.34545e-03  1.44899e-02
 1.41482e-03  1.43553e-02
 1.49664e-03  1.44827e-02
 1.34545e-03  1.44899e-02

 3.03385e-03  1.36650e-02
 1.63537e-03  1.43051e-02
 1.72307e-03  1.41818e-02
 1.78607e-03  1.43194e-02
 1.63537e-03  1.43051e-02

 3.43837e-03  1.36650e-02
 1.95580e-03  1.41177e-02
 2.05908e-03  1.40070e-02
 2.10328e-03  1.41518e-02
 1.95580e-03  1.41177e-02

 2.03993e-04  1.42350e-02
 2.03993e-04  1.59933e-02
 1.28310e-04  1.58622e-02
 2.79677e-04  1.58622e-02
 2.03993e-04  1.59933e-02

 6.11979e-04  1.42350e-02
 2.93480e-04  1.60048e-02
 2.42212e-04  1.58624e-02
 3.91185e-04  1.58892e-02
 2.93480e-04  1.60048e-02

 1.01997e-03  1.42350e-02
 5.63685e-04  1.59198e-02
 5.24900e-04  1.57735e-02
 6.71004e-04  1.58130e-02
 5.63685e-04  1.59198e-02

 1.42795e-03  1.42350e-02
 7.70807e-04  1.58006e-02
 7.51757e-04  1.56504e-02
 8.91327e-04  1.57090e-02
 7.70807e-04  1.58006e-02

 1.83594e-03  1.42350e-02
 1.02537e-03  1.56339e-02
 1.02561e-03  1.54825e-02
 1.15657e-03  1.55584e-02
 1.02537e-03  1.56339e-02

 2.24392e-03  1.42350e-02
 1.28403e-03  1.54403e-02
 1.30649e-03  1.52906e-02
 1.42490e-03  1.53849e-02
 1.28403e-03  1.54403e-02

 2.65191e-03  1.42350e-02
 1.57244e-03  1.52249e-02
 1.61790e-03  1.50805e-02
 1.72020e-03  1.51920e-02
 1.57244e-03  1.52249e-02

 3.05990e-03  1.42350e-02
 1.88135e-03  1.49995e-02
 1.95014e-03  1.48646e-02
 2.03252e-03  1.49916e-02
 1.88135e-03  1.49995e-02

 3.46788e-03  1.42350e-02
 2.21608e-03  1.47716e-02
 2.30674e-03  1.46504e-02
 2.36638e-03  1.47895e-02
 2.21608e-03  1.47716e-02

 2.05729e-04  1.48050e-02
 2.05729e-04  1.67882e-02
 1.30046e-04  1.66571e-02
 2.81413e-04  1.66571e-02
 2.05729e-04  1.67882e-02

 6.17187e-04  1.48050e-02
 3.77195e-04  1.68036e-02
 3.17681e-04  1.66644e-02
 4.67968e-04  1.66824e-02
 3.77195e-04  1.68036e-02

 1.02865e-03  1.48050e-02
 6.85959e-04  1.67087e-02
 6.34696e-04  1.65663e-02
 7.83668e-04  1.65931e-02
 6.85959e-04  1.67087e-02

 1.44010e-03  1.48050e-02
 9.44673e-04  1.65739e-02
 9.07149e-04  1.64272e-02
 1.05291e-03  1.64681e-02
 9.44673e-04  1.65739e-02

 1.85156e-03  1.48050e-02
 1.23894e-03  1.63839e-02
 1.21580e-03  1.62343e-02
 1.35691e-03  1.62891e-02
 1.23894e-03  1.63839e-02

 2.26302e-03  1.48050e-02
 1.53473e-03  1.61631e-02
 1.52999e-03  1.60118e-02
 1.66338e-03  1.60833e-02
 1.53473e-03  1.61631e-02

 2.67448e-03  1.48050e-02
 1.85241e-03  1.59173e-02
 1.86945e-03  1.57669e-02
 1.99118e-03  1.58569e-02
 1.85241e-03  1.59173e-02

 3.08594e-03  1.48050e-02
 2.18508e-03  1.56605e-02
 2.22802e-03  1.55153e-02
 2.33225e-03  1.56251e-02
 2.18508e-03  1.56605e-02

 3.49740e-03  1.48050e-02
 2.53743e-03  1.54008e-02
 2.60890e-03  1.52674e-02
 2.68872e-03  1.53960e-02
 2.53743e-03  1.54008e-02

 2.07465e-04  1.53750e-02
 2.07465e-04  1.75193e-02
 1.31782e-04  1.73883e-02
 2.83149e-04  1.73883e-02
 2.07465e-04  1.75193e-02

 6.22396e-04  1.53750e-02
 4.68789e-04  1.75358e-02
 4.02591e-04  1.73997e-02
 5.53577e-04  1.74104e-02
 4.68789e-04  1.75358e-02

 1.03733e-03  1.53750e-02
 8.18836e-04  1.74353e-02
 7.57398e-04  1.72970e-02
 9.07921e-04  1.73130e-02
 8.18836e-04  1.74353e-02

 1.45226e-03  1.53750e-02
 1.13429e-03  1.72899e-02
 1.08110e-03  1.71482e-02
 1.23042e-03  1.71730e-02
 1.13429e-03  1.72899e-02

 1.86719e-03  1.53750e-02
 1.47204e-03  1.70845e-02
 1.42782e-03  1.69397e-02
 1.57530e-03  1.69738e-02
 1.47204e-03  1.70845e-02

 2.28212e-03  1.53750e-02
 1.80902e-03  1.68446e-02
 1.77715e-03  1.66966e-02
 1.92123e-03  1.67430e-02
 1.80902e-03  1.68446e-02

 2.69705e-03  1.53750e-02
 2.15936e-03  1.65774e-02
 2.14378e-03  1.64268e-02
 2.28196e-03  1.64886e-02
 2.15936e-03  1.65774e-02

 3.11198e-03  1.53750e-02
 2.51870e-03  1.62974e-02
 2.52596e-03  1.61462e-02
 2.65327e-03  1.62281e-02
 2.51870e-03  1.62974e-02

 3.52691e-03  1.53750e-02
 2.89076e-03  1.60140e-02
 2.92960e-03  1.58677e-02
 3.03688e-03  1.59745e-02
 2.89076e-03  1.60140e-02

 2.09201e-04  1.59450e-02
 2.09201e-04  1.81741e-02
 1.33518e-04  1.80430e-02
 2.84885e-04  1.80430e-02
 2.09201e-04  1.81741e-02

 6.27604e-04  1.59450e-02
 5.63117e-04  1.81898e-02
 4.91229e-04  1.80566e-02
 6.42533e-04  1.80609e-02
 5.63117e-04  1.81898e-02

 1.04601e-03  1.59450e-02
 9.55073e-04  1.80876e-02
 8.85016e-04  1.79534e-02
 1.03625e-03  1.79598e-02
 9.55073e-04  1.80876e-02

 1.46441e-03  1.59450e-02
 1.32934e-03  1.79372e-02
 1.26270e-03  1.78013e-02
 1.41372e-03  1.78115e-02
 1.32934e-03  1.79372e-02

 1.88281e-03  1.59450e-02
 1.71225e-03  1.77241e-02
 1.64942e-03  1.75864e-02
 1.80010e-03  1.76008e-02
 1.71225e-03  1.77241e-02

 2.30122e-03  1.59450e-02
 2.09261e-03  1.74743e-02
 2.03534e-03  1.73342e-02
 2.18531e-03  1.73547e-02
 2.09261e-03  1.74743e-02

 2.71962e-03  1.59450e-02
 2.47768e-03  1.71952e-02
 2.42828e-03  1.70521e-02
 2.57689e-03  1.70809e-02
 2.47768e-03  1.71952e-02

 3.13802e-03  1.59450e-02
 2.86573e-03  1.69020e-02
 2.82881e-03  1.67552e-02
 2.97439e-03  1.67966e-02
 2.86573e-03  1.69020e-02

 3.55642e-03  1.59450e-02
 3.25923e-03  1.66044e-02
 3.24409e-03  1.64538e-02
 3.38209e-03  1.65160e-02
 3.25923e-03  1.66044e-02

 2.10937e-04  1.65150e-02
 2.10937e-04  1.87582e-02
 1.35254e-04  1.86271e-02
 2.86621e-04  1.86271e-02
 2.10938e-04  1.87582e-02

 6.32812e-04  1.65150e-02
 6.55813e-04  1.87716e-02
 5.78798e-04  1.86413e-02
 7.30157e-04  1.86397e-02
 6.55813e-04  1.87716e-02

 1.05469e-03  1.65150e-02
 1.08855e-03  1.86711e-02
 1.01081e-03  1.85412e-02
 1.16216e-03  1.85388e-02
 1.08855e-03  1.86711e-02

 1.47656e-03  1.65150e-02
 1.52111e-03  1.85206e-02
 1.44253e-03  1.83912e-02
 1.59386e-03  1.83879e-02
 1.52111e-03  1.85206e-02

 1.89844e-03  1.65150e-02
 1.94895e-03  1.83071e-02
 1.86961e-03  1.81782e-02
 2.02091e-03  1.81739e-02
 1.94895e-03  1.83071e-02

 2.32031e-03  1.65150e-02
 2.37305e-03  1.80556e-02
 2.29292e-03  1.79272e-02
 2.44420e-03  1.79220e-02
 2.37305e-03  1.80556e-02

 2.74219e-03  1.65150e-02
 2.79356e-03  1.77737e-02
 2.71260e-03  1.76458e-02
 2.86384e-03  1.76396e-02
 2.79356e-03  1.77737e-02

 3.16406e-03  1.65150e-02
 3.21126e-03  1.74765e-02
 3.12924e-03  1.73493e-02
 3.28042e-03  1.73418e-02
 3.21126e-03  1.74765e-02

 3.58594e-03  1.65150e-02
 3.62721e-03  1.71739e-02
 3.54348e-03  1.70478e-02
 3.69455e-03  1.70384e-02
 3.62721e-03  1.71739e-02

 2.12674e-04  1.70850e-02
 2.12674e-04  1.92734e-02
 1.36990e-04  1.91423e-02
 2.88357e-04  1.91423e-02
 2.12674e-04  1.92734e-02

 6.38021e-04  1.70850e-02
 7.43864e-04  1.92834e-02
 6.61964e-04  1.91561e-02
 8.13156e-04  1.91488e-02
 7.43864e-04  1.92834e-02

 1.06337e-03  1.70850e-02
 1.21515e-03  1.91873e-02
 1.13022e-03  1.90620e-02
 1.28120e-03  1.90511e-02
 1.21515e-03  1.91873e-02

 1.48872e-03  1.70850e-02
 1.70364e-03  1.90410e-02
 1.61409e-03  1.89189e-02
 1.76455e-03  1.89024e-02
 1.70364e-03  1.90410e-02

 1.91406e-03  1.70850e-02
 2.17488e-03  1.88335e-02
 2.08068e-03  1.87150e-02
 2.23039e-03  1.86927e-02
 2.17488e-03  1.88335e-02

 2.33941e-03  1.70850e-02
 2.64171e-03  1.85878e-02
 2.54166e-03  1.84743e-02
 2.69006e-03  1.84444e-02
 2.64171e-03  1.85878e-02

 2.76476e-03  1.70850e-02
 3.09727e-03  1.83117e-02
 2.98993e-03  1.82050e-02
 3.13602e-03  1.81654e-02
 3.09727e-03  1.83117e-02

 3.19010e-03  1.70850e-02
 3.54466e-03  1.80194e-02
 3.42739e-03  1.79237e-02
 3.56891e-03  1.78700e-02
 3.54466e-03  1.80194e-02

 3.61545e-03  1.70850e-02
 3.98336e-03  1.77210e-02
 3.85220e-03  1.76454e-02
 3.98323e-03  1.75696e-02
 3.98336e-03  1.77210e-02

 2.14410e-04  1.76550e-02
 2.14410e-04  1.97259e-02
 1.38726e-04  1.95948e-02
 2.90093e-04  1.95948e-02
 2.14410e-04  1.97259e-02

 6.43229e-04  1.76550e-02
 8.24748e-04  1.97316e-02
 7.37937e-04  1.96076e-02
 8.88729e-04  1.95944e-02
 8.24748e-04  1.97316e-02

 1.07205e-03  1.76550e-02
 1.33144e-03  1.96421e-02
 1.23942e-03  1.95219e-02
 1.38952e-03  1.95023e-02
 1.33144e-03  1.96421e-02

 1.50087e-03  1.76550e-02
 1.87185e-03  1.95035e-02
 1.77186e-03  1.93899e-02
 1.92026e-03  1.93601e-02
 1.87185e-03  1.95035e-02

 1.92969e-03  1.76550e-02
 2.38366e-03  1.93075e-02
 2.27596e-03  1.92012e-02
 2.42191e-03  1.91611e-02
 2.38366e-03  1.93075e-02

 2.35851e-03  1.76550e-02
 2.89088e-03  1.90744e-02
 2.77398e-03  1.89782e-02
 2.91571e-03  1.89251e-02
 2.89088e-03  1.90744e-02

 2.78733e-03  1.76550e-02
 3.37989e-03  1.88117e-02
 3.25276e-03  1.87295e-02
 3.38748e-03  1.86605e-02
 3.37989e-03  1.88117e-02

 3.21615e-03  1.76550e-02
 3.85588e-03  1.85327e-02
 3.71751e-03  1.84713e-02
 3.83983e-03  1.83822e-02
 3.85588e-03  1.85327e-02

 3.64497e-03  1.76550e-02
 4.31672e-03  1.82471e-02
 4.16833e-03  1.82172e-02
 4.26843e-03  1.81037e-02
 4.31672e-03  1.82471e-02

 2.16146e-04  1.82250e-02
 2.16146e-04  2.01236e-02
 1.40462e-04  1.99925e-02
 2.91829e-04  1.99925e-02
 2.16146e-04  2.01236e-02

 6.48438e-04  1.82250e-02
 8.96694e-04  2.01245e-02
 8.04661e-04  2.00043e-02
 9.54752e-04  1.99847e-02
 8.96694e-04  2.01245e-02

 1.08073e-03  1.82250e-02
 1.43503e-03  2.00428e-02
 1.33566e-03  1.99287e-02
 1.48423e-03  1.98997e-02
 1.43503e-03  2.00428e-02

 1.51302e-03  1.82250e-02
 2.02209e-03  1.99148e-02
 1.91181e-03  1.98111e-02
 2.05674e-03  1.97674e-02
 2.02209e-03  1.99148e-02

 1.94531e-03  1.82250e-02
 2.57057e-03  1.97348e-02
 2.45049e-03  1.96427e-02
 2.59034e-03  1.95847e-02
 2.57057e-03  1.97348e-02

 2.37760e-03  1.82250e-02
 3.11452e-03  1.95198e-02
 2.98390e-03  1.94433e-02
 3.11545e-03  1.93684e-02
 3.11452e-03  1.95198e-02

 2.80990e-03  1.82250e-02
 3.63416e-03  1.92772e-02
 3.49374e-03  1.92206e-02
 3.61290e-03  1.91273e-02
 3.63416e-03  1.92772e-02

 3.24219e-03  1.82250e-02
 4.13654e-03  1.90189e-02
 3.98826e-03  1.89885e-02
 4.08875e-03  1.88753e-02
 4.13654e-03  1.90189e-02

 3.67448e-03  1.82250e-02
 4.61780e-03  1.87540e-02
 4.46644e-03  1.87559e-02
 4.54048e-03  1.86239e-02
 4.61780e-03  1.87540e-02

 2.17882e-04  1.87950e-02
 2.17882e-04  2.04727e-02
 1.42198e-04  2.03416e-02
 2.93565e-04  2.03416e-02
 2.17882e-04  2.04727e-02

 6.53646e-04  1.87950e-02
 9.57644e-04  2.04681e-02
 8.59745e-04  2.03527e-02
 1.00867e-03  2.03256e-02
 9.57644e-04  2.04681e-02

 1.08941e-03  1.87950e-02
 1.52305e-03  2.03956e-02
 1.41572e-03  2.02888e-02
 1.56182e-03  2.02492e-02
 1.52305e-03  2.03956e-02

 1.52517e-03  1.87950e-02
 2.14997e-03  2.02806e-02
 2.02939e-03  2.01891e-02
 2.16892e-03  2.01304e-02
 2.14997e-03  2.02806e-02

 1.96094e-03  1.87950e-02
 2.72988e-03  2.01205e-02
 2.59864e-03  2.00451e-02
 2.72957e-03  1.99692e-02
 2.72988e-03  2.01205e-02

 2.39670e-03  1.87950e-02
 3.30543e-03  1.99288e-02
 3.16439e-03  1.98739e-02
 3.28251e-03  1.97792e-02
 3.30543e-03  1.99288e-02

 2.83247e-03  1.87950e-02
 3.85147e-03  1.97125e-02
 3.70341e-03  1.96810e-02
 3.80469e-03  1.95686e-02
 3.85147e-03  1.97125e-02

 3.26823e-03  1.87950e-02
 4.37646e-03  1.94819e-02
 4.22517e-03  1.94772e-02
 4.30491e-03  1.93485e-02
 4.37646e-03  1.94819e-02

 3.70399e-03  1.87950e-02
 4.87519e-03  1.92452e-02
 4.72568e-03  1.92688e-02
 4.77999e-03  1.91275e-02
 4.87519e-03  1.92452e-02

 2.19618e-04  1.93650e-02
 2.19618e-04  2.07878e-02
 1.43935e-04  2.06567e-02
 2.95302e-04  2.06567e-02
 2.19618e-04  2.07878e-02

 6.58854e-04  1.93650e-02
 1.00629e-03  2.07768e-02
 9.01478e-04  2.06676e-02
 1.04846e-03  2.06314e-02
 1.00629e-03  2.07768e-02

 1.09809e-03  1.93650e-02
 1.59357e-03  2.07140e-02
 1.47734e-03  2.06170e-02
 1.61942e-03  2.05648e-02
 1.59357e-03  2.07140e-02

 1.53733e-03  1.93650e-02
 2.25225e-03  2.06136e-02
 2.12143e-03  2.05375e-02
 2.25279e-03  2.04623e-02
 2.25225e-03  2.06136e-02

 1.97656e-03  1.93650e-02
 2.85714e-03  2.04764e-02
 2.71641e-03  2.04207e-02
 2.83505e-03  2.03267e-02
 2.85714e-03  2.04764e-02

 2.41580e-03  1.93650e-02
 3.45751e-03  2.03117e-02
 3.30959e-03  2.02796e-02
 3.41140e-03  2.01676e-02
 3.45751e-03  2.03117e-02

 2.85503e-03  1.93650e-02
 4.02419e-03  2.01262e-02
 3.87304e-03  2.01181e-02
 3.95563e-03  1.99913e-02
 4.02419e-03  2.01262e-02

 3.29427e-03  1.93650e-02
 4.56666e-03  1.99284e-02
 4.41616e-03  1.99445e-02
 4.47744e-03  1.98061e-02
 4.56666e-03  1.99284e-02

 3.73351e-03  1.93650e-02
 5.07863e-03  1.97256e-02
 4.93242e-03  1.97648e-02
 4.97161e-03  1.96186e-02
 5.07863e-03  1.97256e-02

 2.21354e-04  1.99350e-02
 2.21354e-04  2.10701e-02
 1.45671e-04  2.09390e-02
 2.97038e-04  2.09390e-02
 2.21354e-04  2.10701e-02

 6.64062e-04  1.99350e-02
 1.03914e-03  2.10525e-02
 9.25680e-04  2.09523e-02
 1.06918e-03  2.09041e-02
 1.03914e-03  2.10525e-02

 1.10677e-03  1.99350e-02
 1.64132e-03  2.10008e-02
 1.51489e-03  2.09175e-02
 1.65020e-03  2.08497e-02
 1.64132e-03  2.10008e-02

 1.54948e-03  1.99350e-02
 2.32100e-03  2.09177e-02
 2.18052e-03  2.08613e-02
 2.29957e-03  2.07678e-02
 2.32100e-03  2.09177e-02

 1.99219e-03  1.99350e-02
 2.94209e-03  2.08067e-02
 2.79434e-03  2.07739e-02
 2.89668e-03  2.06623e-02
 2.94209e-03  2.08067e-02

 2.43490e-03  1.99350e-02
 3.55849e-03  2.06735e-02
 3.40738e-03  2.06648e-02
 3.49052e-03  2.05383e-02
 3.55849e-03  2.06735e-02

 2.87760e-03  1.99350e-02
 4.13804e-03  2.05240e-02
 3.98724e-03  2.05370e-02
 4.05132e-03  2.03999e-02
 4.13804e-03  2.05240e-02

 3.32031e-03  1.99350e-02
 4.69132e-03  2.03646e-02
 4.54360e-03  2.03976e-02
 4.58886e-03  2.02532e-02
 4.69132e-03  2.03646e-02

 3.76302e-03  1.99350e-02
 5.21092e-03  2.02016e-02
 5.06830e-03  2.02523e-02
 5.09571e-03  2.01034e-02
 5.21092e-03  2.02016e-02

 2.23090e-04  2.05050e-02
 2.23090e-04  2.13510e-02
 1.47407e-04  2.12199e-02
 2.98774e-04  2.12199e-02
 2.23090e-04  2.13510e-02

 6.69271e-04  2.05050e-02
 1.05494e-03  2.13256e-02
 9.30686e-04  2.12392e-02
 1.06768e-03  2.11748e-02
 1.05494e-03  2.13256e-02

 1.11545e-03  2.05050e-02
 1.66349e-03  2.12855e-02
 1.52622e-03  2.12217e-02
 1.65010e-03  2.11347e-02
 1.66349e-03  2.12855e-02

 1.56163e-03  2.05050e-02
 2.35154e-03  2.12202e-02
 2.20357e-03  2.11883e-02
 2.30516e-03  2.10761e-02
 2.35154e-03  2.12202e-02

 2.00781e-03  2.05050e-02
 2.97823e-03  2.11363e-02
 2.82707e-03  2.11282e-02
 2.90961e-03  2.10013e-02
 2.97823e-03  2.11363e-02

 2.45399e-03  2.05050e-02
 3.59999e-03  2.10352e-02
 3.44924e-03  2.10489e-02
 3.51280e-03  2.09115e-02
 3.59999e-03  2.10352e-02

 2.90017e-03  2.05050e-02
 4.18316e-03  2.09225e-02
 4.03509e-03  2.09539e-02
 4.08193e-03  2.08100e-02
 4.18316e-03  2.09225e-02

 3.34635e-03  2.05050e-02
 4.73893e-03  2.08026e-02
 4.59492e-03  2.08492e-02
 4.62656e-03  2.07012e-02
 4.73893e-03  2.08026e-02

 3.79253e-03  2.05050e-02
 5.25958e-03  2.06805e-02
 5.12043e-03  2.07401e-02
 5.13841e-03  2.05898e-02
 5.25958e-03  2.06805e-02

 2.24826e-04  2.10750e-02
 2.24826e-04  2.16103e-02
 1.49143e-04  2.14792e-02
 3.00510e-04  2.14792e-02
 2.24826e-04  2.16103e-02

 6.74479e-04  2.10750e-02
 1.04404e-03  2.15815e-02
 9.05639e-04  2.15202e-02
 1.02792e-03  2.14310e-02
 1.04404e-03  2.15815e-02

 1.12413e-03  2.10750e-02
 1.64516e-03  2.15562e-02
 1.49751e-03  2.15229e-02
 1.60022e-03  2.14117e-02
 1.64516e-03  2.15562e-02

 1.57378e-03  2.10750e-02
 2.32315e-03  2.15128e-02
 2.17178e-03  2.15120e-02
 2.24814e-03  2.13813e-02
 2.32315e-03  2.15128e-02

 2.02344e-03  2.10750e-02
 2.94034e-03  2.14597e-02
 2.79018e-03  2.14788e-02
 2.84875e-03  2.13392e-02
 2.94034e-03  2.14597e-02

 2.47309e-03  2.10750e-02
 3.55309e-03  2.13952e-02
 3.40590e-03  2.14305e-02
 3.44893e-03  2.12854e-02
 3.55309e-03  2.13952e-02

 2.92274e-03  2.10750e-02
 4.12815e-03  2.13238e-02
 3.98447e-03  2.13715e-02
 4.01507e-03  2.12232e-02
 4.12815e-03  2.13238e-02

 3.37240e-03  2.10750e-02
 4.67688e-03  2.12480e-02
 4.53698e-03  2.13058e-02
 4.55687e-03  2.11557e-02
 4.67688e-03  2.12480e-02

 3.82205e-03  2.10750e-02
 5.19162e-03  2.11711e-02
 5.05555e-03  2.12374e-02
 5.06615e-03  2.10864e-02
 5.19162e-03  2.11711e-02

 2.26562e-04  2.16450e-02
 2.26562e-04  2.19410e-02
 1.50879e-04  2.18100e-02
 3.02246e-04  2.18100e-02
 2.26563e-04  2.19410e-02

 6.79687e-04  2.16450e-02
 1.00654e-03  2.19084e-02
 8.56984e-04  2.18851e-02
 9.51972e-04  2.17673e-02
 1.00654e-03  2.19084e-02

 1.13281e-03  2.16450e-02
 1.58289e-03  2.18964e-02
 1.43154e-03  2.18985e-02
 1.50535e-03  2.17664e-02
 1.58289e-03  2.18964e-02

 1.58594e-03  2.16450e-02
 2.23078e-03  2.18697e-02
 2.08209e-03  2.18980e-02
 2.13189e-03  2.17551e-02
 2.23078e-03  2.18697e-02

 2.03906e-03  2.16450e-02
 2.82208e-03  2.18407e-02
 2.67656e-03  2.18823e-02
 2.71326e-03  2.17355e-02
 2.82208e-03  2.18407e-02

 2.49219e-03  2.16450e-02
 3.41091e-03  2.18040e-02
 3.26884e-03  2.18562e-02
 3.29464e-03  2.17070e-02
 3.41091e-03  2.18040e-02

 2.94531e-03  2.16450e-02
 3.96553e-03  2.17641e-02
 3.82655e-03  2.18241e-02
 3.84410e-03  2.16737e-02
 3.96553e-03  2.17641e-02

 3.39844e-03  2.16450e-02
 4.49736e-03  2.17216e-02
 4.36133e-03  2.17880e-02
 4.37186e-03  2.16370e-02
 4.49736e-03  2.17216e-02

 3.85156e-03  2.16450e-02
 4.99923e-03  2.16790e-02
 4.86596e-03  2.17507e-02
 4.87044e-03  2.15994e-02
 4.99923e-03  2.16790e-02

 2.28299e-04  2.22150e-02
 2.28299e-04  2.22150e-02
 3.03982e-04  2.23461e-02
 1.52615e-04  2.23461e-02
 2.28299e-04  2.22150e-02

 6.84896e-04  2.22150e-02
 8.89022e-04  2.22150e-02
 7.57934e-04  2.22907e-02
 7.57934e-04  2.21393e-02
 8.89022e-04  2.22150e-02

 1.14149e-03  2.22150e-02
 1.41499e-03  2.22150e-02
 1.28390e-03  2.22907e-02
 1.28390e-03  2.21393e-02
 1.41499e-03  2.22150e-02

 1.59809e-03  2.22150e-02
 1.98800e-03  2.22150e-02
 1.85691e-03  2.22907e-02
 1.85691e-03  2.21393e-02
 1.98800e-03  2.22150e-02

 2.05469e-03  2.22150e-02
 2.52480e-03  2.22150e-02
 2.39371e-03  2.22907e-02
 2.39371e-03  2.21393e-02
 2.52480e-03  2.22150e-02

 2.51128e-03  2.22150e-02
 3.06109e-03  2.22150e-02
 2.93000e-03  2.22907e-02
 2.93000e-03  2.21393e-02
 3.06109e-03  2.22150e-02

 2.96788e-03  2.22150e-02
 3.57600e-03  2.22150e-02
 3.44491e-03  2.22907e-02
 3.44491e-03  2.21393e-02
 3.57600e-03  2.22150e-02

 3.42448e-03  2.22150e-02
 4.07728e-03  2.22150e-02
 3.94619e-03  2.22907e-02
 3.94619e-03  2.21393e-02
 4.07728e-03  2.22150e-02

 3.88108e-03  2.22150e-02
 4.56035e-03  2.22150e-02
 4.42926e-03  2.22907e-02
 4.42926e-03  2.21393e-02
 4.56035e-03  2.22150e-02

 3.76510e-03  1.13850e-02
 2.80990e-03  1.13850e-02
 2.94099e-03  1.13093e-02
 2.94099e-03  1.14607e-02
 2.80990e-03  1.13850e-02

 4.26406e-03  1.13850e-02
 3.28699e-03  1.13850e-02
 3.41808e-03  1.13093e-02
 3.41808e-03  1.14607e-02
 3.28699e-03  1.13850e-02

 4.76302e-03  1.13850e-02
 3.79117e-03  1.13850e-02
 3.92226e-03  1.13093e-02
 3.92226e-03  1.14607e-02
 3.79117e-03  1.13850e-02

 5.26198e-03  1.13850e-02
 4.31843e-03  1.13850e-02
 4.44952e-03  1.13093e-02
 4.44952e-03  1.14607e-02
 4.31843e-03  1.13850e-02

 5.76094e-03  1.13850e-02
 4.86469e-03  1.13850e-02
 4.99578e-03  1.13093e-02
 4.99578e-03  1.14607e-02
 4.86469e-03  1.13850e-02

 6.25990e-03  1.13850e-02
 5.42692e-03  1.13850e-02
 5.55801e-03  1.13093e-02
 5.55801e-03  1.14607e-02
 5.42692e-03  1.13850e-02

 6.75885e-03  1.13850e-02
 6.00237e-03  1.13850e-02
 6.13346e-03  1.13093e-02
 6.13346e-03  1.14607e-02
 6.00237e-03  1.13850e-02

 7.25781e-03  1.13850e-02
 6.58821e-03  1.13850e-02
 6.71930e-03  1.13093e-02
 6.71930e-03  1.14607e-02
 6.58821e-03  1.13850e-02

 7.75677e-03  1.13850e-02
 7.18250e-03  1.13850e-02
 7.31359e-03  1.13093e-02
 7.31359e-03  1.14607e-02
 7.18250e-03  1.13850e-02

 8.25573e-03  1.13850e-02
 7.78099e-03  1.13850e-02
 7.91208e-03  1.13093e-02
 7.91208e-03  1.14607e-02
 7.78099e-03  1.13850e-02

 8.75469e-03  1.13850e-02
 8.38370e-03  1.13850e-02
 8.51479e-03  1.13093e-02
 8.51479e-03  1.14607e-02
 8.38370e-03  1.13850e-02

 9.25365e-03  1.13850e-02
 8.98119e-03  1.13850e-02
 9.11228e-03  1.13093e-02
 9.11228e-03  1.14607e-02
 8.98119e-03  1.13850e-02

 9.75260e-03  1.13850e-02
 9.58212e-03  1.13850e-02
 9.71321e-03  1.13093e-02
 9.71321e-03  1.14607e-02
 9.58212e-03  1.13850e-02

 1.02516e-02  1.13850e-02
 1.01540e-02  1.13850e-02
 1.02851e-02  1.13093e-02
 1.02851e-02  1.14607e-02
 1.01540e-02  1.13850e-02

 1.07505e-02  1.13850e-02
 1.07505e-02  1.13850e-02
 1.06194e-02  1.14607e-02
 1.06194e-02  1.13093e-02
 1.07505e-02  1.13850e-02

 3.79531e-03  1.19550e-02
 2.26999e-03  1.20653e-02
 2.39527e-03  1.19804e-02
 2.40619e-03  1.21314e-02
 2.26999e-03  1.20653e-02

 4.29219e-03  1.19550e-02
 2.73689e-03  1.19961e-02
 2.86594e-03  1.19170e-02
 2.86993e-03  1.20683e-02
 2.73689e-03  1.19961e-02

 4.78906e-03  1.19550e-02
 3.24474e-03  1.19352e-02
 3.37679e-03  1.18612e-02
 3.37485e-03  1.20126e-02
 3.24474e-03  1.19352e-02

 5.28594e-03  1.19550e-02
 3.78816e-03  1.18838e-02
 3.92269e-03  1.18144e-02
 3.91551e-03  1.19656e-02
 3.78816e-03  1.18838e-02

 5.78281e-03  1.19550e-02
 4.36201e-03  1.18408e-02
 4.49874e-03  1.17758e-02
 4.48661e-03  1.19267e-02
 4.36201e-03  1.18408e-02

 6.27969e-03  1.19550e-02
 4.96151e-03  1.18047e-02
 5.10032e-03  1.17444e-02
 5.08318e-03  1.18948e-02
 4.96151e-03  1.18047e-02

 6.77656e-03  1.19550e-02
 5.58258e-03  1.17751e-02
 5.72348e-03  1.17198e-02
 5.70093e-03  1.18695e-02
 5.58258e-03  1.17751e-02

 7.27344e-03  1.19550e-02
 6.22053e-03  1.17518e-02
 6.36358e-03  1.17023e-02
 6.33490e-03  1.18510e-02
 6.22053e-03  1.17518e-02

 7.77031e-03  1.19550e-02
 6.87180e-03  1.17350e-02
 7.01712e-03  1.16927e-02
 6.98113e-03  1.18397e-02
 6.87180e-03  1.17350e-02

 8.26719e-03  1.19550e-02
 7.52961e-03  1.17252e-02
 7.67727e-03  1.16919e-02
 7.63225e-03  1.18365e-02
 7.52961e-03  1.17252e-02

 8.76406e-03  1.19550e-02
 8.19320e-03  1.17228e-02
 8.34315e-03  1.17021e-02
 8.28612e-03  1.18423e-02
 8.19320e-03  1.17228e-02

 9.26094e-03  1.19550e-02
 8.84800e-03  1.17292e-02
 8.99933e-03  1.17257e-02
 8.92671e-03  1.18585e-02
 8.84800e-03  1.17292e-02

 9.75781e-03  1.19550e-02
 9.50472e-03  1.17449e-02
 9.65392e-03  1.17704e-02
 9.55723e-03  1.18868e-02
 9.50472e-03  1.17449e-02

 1.02547e-02  1.19550e-02
 1.01167e-02  1.17743e-02
 1.02564e-02  1.18325e-02
 1.01361e-02  1.19244e-02
 1.01167e-02  1.17743e-02

 1.07516e-02  1.19550e-02
 1.07516e-02  1.18330e-02
 1.08272e-02  1.19641e-02
 1.06759e-02  1.19641e-02
 1.07516e-02  1.18330e-02

 3.82552e-03  1.25250e-02
 2.12885e-03  1.26667e-02
 2.25318e-03  1.25803e-02
 2.26578e-03  1.27312e-02
 2.12885e-03  1.26667e-02

 4.32031e-03  1.25250e-02
 2.59185e-03  1.25573e-02
 2.72151e-03  1.24791e-02
 2.72433e-03  1.26305e-02
 2.59185e-03  1.25573e-02

 4.81510e-03  1.25250e-02
 3.09732e-03  1.24597e-02
 3.23118e-03  1.23891e-02
 3.22544e-03  1.25403e-02
 3.09732e-03  1.24597e-02

 5.30990e-03  1.25250e-02
 3.64176e-03  1.23751e-02
 3.77909e-03  1.23115e-02
 3.76554e-03  1.24622e-02
 3.64176e-03  1.23751e-02

 5.80469e-03  1.25250e-02
 4.22086e-03  1.23027e-02
 4.36120e-03  1.22459e-02
 4.34015e-03  1.23958e-02
 4.22086e-03  1.23027e-02

 6.29948e-03  1.25250e-02
 4.82978e-03  1.22416e-02
 4.97283e-03  1.21921e-02
 4.94417e-03  1.23407e-02
 4.82978e-03  1.22416e-02

 6.79427e-03  1.25250e-02
 5.46383e-03  1.21915e-02
 5.60939e-03  1.21499e-02
 5.57258e-03  1.22968e-02
 5.46383e-03  1.21915e-02

 7.28906e-03  1.25250e-02
 6.11733e-03  1.21526e-02
 6.26519e-03  1.21202e-02
 6.21934e-03  1.22644e-02
 6.11733e-03  1.21526e-02

 7.78385e-03  1.25250e-02
 6.78589e-03  1.21254e-02
 6.93572e-03  1.21039e-02
 6.87946e-03  1.22444e-02
 6.78589e-03  1.21254e-02

 8.27865e-03  1.25250e-02
 7.46195e-03  1.21109e-02
 7.61309e-03  1.21027e-02
 7.54464e-03  1.22377e-02
 7.46195e-03  1.21109e-02

 8.77344e-03  1.25250e-02
 8.14365e-03  1.21103e-02
 8.29475e-03  1.21192e-02
 8.21151e-03  1.22456e-02
 8.14365e-03  1.21103e-02

 9.26823e-03  1.25250e-02
 8.81532e-03  1.21256e-02
 8.96370e-03  1.21556e-02
 8.86359e-03  1.22691e-02
 8.81532e-03  1.21256e-02

 9.76302e-03  1.25250e-02
 9.48675e-03  1.21603e-02
 9.62623e-03  1.22191e-02
 9.50558e-03  1.23105e-02
 9.48675e-03  1.21603e-02

 1.02578e-02  1.25250e-02
 1.01088e-02  1.22194e-02
 1.02343e-02  1.23040e-02
 1.00982e-02  1.23704e-02
 1.01088e-02  1.22194e-02

 1.07526e-02  1.25250e-02
 1.07526e-02  1.23291e-02
 1.08283e-02  1.24602e-02
 1.06769e-02  1.24602e-02
 1.07526e-02  1.23291e-02

 3.85573e-03  1.30950e-02
 2.16133e-03  1.33043e-02
 2.28215e-03  1.32132e-02
 2.30071e-03  1.33634e-02
 2.16133e-03  1.33043e-02

 4.34844e-03  1.30950e-02
 2.62316e-03  1.31397e-02
 2.75224e-03  1.30606e-02
 2.75616e-03  1.32120e-02
 2.62316e-03  1.31397e-02

 4.84115e-03  1.30950e-02
 3.12699e-03  1.29904e-02
 3.26245e-03  1.29228e-02
 3.25322e-03  1.30739e-02
 3.12699e-03  1.29904e-02

 5.33385e-03  1.30950e-02
 3.66965e-03  1.28585e-02
 3.81008e-03  1.28020e-02
 3.78879e-03  1.29519e-02
 3.66965e-03  1.28585e-02

 5.82656e-03  1.30950e-02
 4.24720e-03  1.27443e-02
 4.39158e-03  1.26989e-02
 4.35877e-03  1.28466e-02
 4.24720e-03  1.27443e-02

 6.31927e-03  1.30950e-02
 4.85495e-03  1.26477e-02
 5.00243e-03  1.26136e-02
 4.95821e-03  1.27584e-02
 4.85495e-03  1.26477e-02

 6.81198e-03  1.30950e-02
 5.48797e-03  1.25687e-02
 5.63775e-03  1.25468e-02
 5.58183e-03  1.26874e-02
 5.48797e-03  1.25687e-02

 7.30469e-03  1.30950e-02
 6.14060e-03  1.25077e-02
 6.29173e-03  1.24992e-02
 6.22354e-03  1.26343e-02
 6.14060e-03  1.25077e-02

 7.79740e-03  1.30950e-02
 6.80836e-03  1.24656e-02
 6.95959e-03  1.24721e-02
 6.87832e-03  1.25998e-02
 6.80836e-03  1.24656e-02

 8.29010e-03  1.30950e-02
 7.48339e-03  1.24438e-02
 7.63293e-03  1.24672e-02
 7.53785e-03  1.25850e-02
 7.48339e-03  1.24438e-02

 8.78281e-03  1.30950e-02
 8.16344e-03  1.24445e-02
 8.30865e-03  1.24873e-02
 8.19902e-03  1.25916e-02
 8.16344e-03  1.24445e-02

 9.27552e-03  1.30950e-02
 8.83286e-03  1.24706e-02
 8.97041e-03  1.25338e-02
 8.84693e-03  1.26214e-02
 8.83286e-03  1.24706e-02

 9.76823e-03  1.30950e-02
 9.50018e-03  1.25284e-02
 9.62465e-03  1.26145e-02
 9.48782e-03  1.26792e-02
 9.50018e-03  1.25284e-02

 1.02609e-02  1.30950e-02
 1.01181e-02  1.26231e-02
 1.02285e-02  1.27266e-02
 1.00837e-02  1.27705e-02
 1.01181e-02  1.26231e-02

 1.07536e-02  1.30950e-02
 1.07536e-02  1.27970e-02
 1.08293e-02  1.29281e-02
 1.06780e-02  1.29281e-02
 1.07536e-02  1.27970e-02

 3.88594e-03  1.36650e-02
 2.34169e-03  1.39150e-02
 2.45900e-03  1.38194e-02
 2.48319e-03  1.39688e-02
 2.34169e-03  1.39150e-02

 4.37656e-03  1.36650e-02
 2.80409e-03  1.37057e-02
 2.93317e-03  1.36266e-02
 2.93709e-03  1.37779e-02
 2.80409e-03  1.37057e-02

 4.86719e-03  1.36650e-02
 3.30463e-03  1.35144e-02
 3.44237e-03  1.34516e-02
 3.42785e-03  1.36023e-02
 3.30463e-03  1.35144e-02

 5.35781e-03  1.36650e-02
 3.84059e-03  1.33440e-02
 3.98450e-03  1.32971e-02
 3.95317e-03  1.34452e-02
 3.84059e-03  1.33440e-02

 5.84844e-03  1.36650e-02
 4.40848e-03  1.31956e-02
 4.55657e-03  1.31643e-02
 4.50966e-03  1.33082e-02
 4.40848e-03  1.31956e-02

 6.33906e-03  1.36650e-02
 5.00416e-03  1.30698e-02
 5.15470e-03  1.30541e-02
 5.09306e-03  1.31923e-02
 5.00416e-03  1.30698e-02

 6.82969e-03  1.36650e-02
 5.62314e-03  1.29671e-02
 5.77451e-03  1.29672e-02
 5.69872e-03  1.30982e-02
 5.62314e-03  1.29671e-02

 7.32031e-03  1.36650e-02
 6.26037e-03  1.28881e-02
 6.41084e-03  1.29046e-02
 6.32135e-03  1.30266e-02
 6.26037e-03  1.28881e-02

 7.81094e-03  1.36650e-02
 6.91144e-03  1.28344e-02
 7.05909e-03  1.28677e-02
 6.95640e-03  1.29789e-02
 6.91144e-03  1.28344e-02

 8.30156e-03  1.36650e-02
 7.56904e-03  1.28077e-02
 7.71174e-03  1.28582e-02
 7.59666e-03  1.29566e-02
 7.56904e-03  1.28077e-02

 8.79219e-03  1.36650e-02
 8.23096e-03  1.28114e-02
 8.36622e-03  1.28794e-02
 8.23974e-03  1.29626e-02
 8.23096e-03  1.28114e-02

 9.28281e-03  1.36650e-02
 8.88267e-03  1.28492e-02
 9.00835e-03  1.29336e-02
 8.87245e-03  1.30002e-02
 8.88267e-03  1.28492e-02

 9.77344e-03  1.36650e-02
 9.53172e-03  1.29296e-02
 9.64455e-03  1.30305e-02
 9.50075e-03  1.30778e-02
 9.53172e-03  1.29296e-02

 1.02641e-02  1.36650e-02
 1.01352e-02  1.30579e-02
 1.02365e-02  1.31705e-02
 1.00884e-02  1.32019e-02
 1.01352e-02  1.30579e-02

 1.07547e-02  1.36650e-02
 1.07547e-02  1.32860e-02
 1.08304e-02  1.34171e-02
 1.06790e-02  1.34171e-02
 1.07547e-02  1.32860e-02

 3.91615e-03  1.42350e-02
 2.61045e-03  1.45274e-02
 2.72184e-03  1.44249e-02
 2.75491e-03  1.45726e-02
 2.61045e-03  1.45274e-02

 4.40469e-03  1.42350e-02
 3.07379e-03  1.42758e-02
 3.20250e-03  1.41962e-02
 3.20714e-03  1.43475e-02
 3.07379e-03  1.42758e-02

 4.89323e-03  1.42350e-02
 3.56953e-03  1.40449e-02
 3.71004e-03  1.39886e-02
 3.68852e-03  1.41384e-02
 3.56953e-03  1.40449e-02

 5.38177e-03  1.42350e-02
 4.09561e-03  1.38380e-02
 4.24318e-03  1.38043e-02
 4.19854e-03  1.39490e-02
 4.09561e-03  1.38380e-02

 5.87031e-03  1.42350e-02
 4.64908e-03  1.36571e-02
 4.79995e-03  1.36448e-02
 4.73521e-03  1.37816e-02
 4.64908e-03  1.36571e-02

 6.35885e-03  1.42350e-02
 5.22640e-03  1.35035e-02
 5.37758e-03  1.35111e-02
 5.29545e-03  1.36382e-02
 5.22640e-03  1.35035e-02

 6.84740e-03  1.42350e-02
 5.82385e-03  1.33781e-02
 5.97295e-03  1.34042e-02
 5.87578e-03  1.35203e-02
 5.82385e-03  1.33781e-02

 7.33594e-03  1.42350e-02
 6.43704e-03  1.32820e-02
 6.58205e-03  1.33254e-02
 6.47193e-03  1.34293e-02
 6.43704e-03  1.32820e-02

 7.82448e-03  1.42350e-02
 7.06212e-03  1.32172e-02
 7.20128e-03  1.32768e-02
 7.08013e-03  1.33675e-02
 7.06212e-03  1.32172e-02

 8.31302e-03  1.42350e-02
 7.69273e-03  1.31858e-02
 7.82460e-03  1.32601e-02
 7.69430e-03  1.33372e-02
 7.69273e-03  1.31858e-02

 8.80156e-03  1.42350e-02
 8.32683e-03  1.31923e-02
 8.45003e-03  1.32803e-02
 8.31227e-03  1.33430e-02
 8.32683e-03  1.31923e-02

 9.29010e-03  1.42350e-02
 8.95199e-03  1.32408e-02
 9.06585e-03  1.33406e-02
 8.92254e-03  1.33893e-02
 8.95199e-03  1.32408e-02

 9.77865e-03  1.42350e-02
 9.57460e-03  1.33419e-02
 9.67758e-03  1.34529e-02
 9.53001e-03  1.34866e-02
 9.57460e-03  1.33419e-02

 1.02672e-02  1.42350e-02
 1.01584e-02  1.35005e-02
 1.02525e-02  1.36191e-02
 1.01027e-02  1.36413e-02
 1.01584e-02  1.35005e-02

 1.07557e-02  1.42350e-02
 1.07557e-02  1.37787e-02
 1.08314e-02  1.39098e-02
 1.06800e-02  1.39098e-02
 1.07557e-02  1.37787e-02

 3.94635e-03  1.48050e-02
 2.94226e-03  1.51243e-02
 3.04425e-03  1.50125e-02
 3.09012e-03  1.51567e-02
 2.94226e-03  1.51243e-02

 4.43281e-03  1.48050e-02
 3.40685e-03  1.48407e-02
 3.53523e-03  1.47605e-02
 3.54049e-03  1.49118e-02
 3.40685e-03  1.48407e-02

 4.91927e-03  1.48050e-02
 3.89679e-03  1.45793e-02
 4.04110e-03  1.45337e-02
 4.00848e-03  1.46815e-02
 3.89679e-03  1.45793e-02

 5.40573e-03  1.48050e-02
 4.41057e-03  1.43445e-02
 4.56132e-03  1.43308e-02
 4.49775e-03  1.44682e-02
 4.41057e-03  1.43445e-02

 5.89219e-03  1.48050e-02
 4.94599e-03  1.41387e-02
 5.09675e-03  1.41523e-02
 5.00959e-03  1.42760e-02
 4.94599e-03  1.41387e-02

 6.37865e-03  1.48050e-02
 5.50049e-03  1.39636e-02
 5.64750e-03  1.39997e-02
 5.54279e-03  1.41090e-02
 5.50049e-03  1.39636e-02

 6.86510e-03  1.48050e-02
 6.07096e-03  1.38208e-02
 6.21218e-03  1.38753e-02
 6.09438e-03  1.39704e-02
 6.07096e-03  1.38208e-02

 7.35156e-03  1.48050e-02
 6.65390e-03  1.37118e-02
 6.78822e-03  1.37815e-02
 6.66062e-03  1.38630e-02
 6.65390e-03  1.37118e-02

 7.83802e-03  1.48050e-02
 7.24624e-03  1.36386e-02
 7.37305e-03  1.37213e-02
 7.23806e-03  1.37898e-02
 7.24624e-03  1.36386e-02

 8.32448e-03  1.48050e-02
 7.84294e-03  1.36043e-02
 7.96197e-03  1.36978e-02
 7.82148e-03  1.37541e-02
 7.84294e-03  1.36043e-02

 8.81094e-03  1.48050e-02
 8.44227e-03  1.36136e-02
 8.55332e-03  1.37164e-02
 8.40872e-03  1.37612e-02
 8.44227e-03  1.36136e-02

 9.29740e-03  1.48050e-02
 9.03458e-03  1.36713e-02
 9.13791e-03  1.37819e-02
 8.99045e-03  1.38161e-02
 9.03458e-03  1.36713e-02

 9.78385e-03  1.48050e-02
 9.62496e-03  1.37893e-02
 9.71999e-03  1.39071e-02
 9.57044e-03  1.39305e-02
 9.62496e-03  1.37893e-02

 1.02703e-02  1.48050e-02
 1.01852e-02  1.39721e-02
 1.02738e-02  1.40948e-02
 1.01232e-02  1.41102e-02
 1.01852e-02  1.39721e-02

 1.07568e-02  1.48050e-02
 1.07568e-02  1.42890e-02
 1.08325e-02  1.44200e-02
 1.06811e-02  1.44200e-02
 1.07568e-02  1.42890e-02

 3.97656e-03  1.53750e-02
 3.30750e-03  1.57137e-02
 3.39027e-03  1.55870e-02
 3.45864e-03  1.57220e-02
 3.30750e-03  1.57137e-02

 4.46094e-03  1.53750e-02
 3.77389e-03  1.54064e-02
 3.90138e-03  1.53248e-02
 3.90830e-03  1.54760e-02
 3.77389e-03  1.54064e-02

 4.94531e-03  1.53750e-02
 4.25783e-03  1.51225e-02
 4.40698e-03  1.50966e-02
 4.35479e-03  1.52387e-02
 4.25783e-03  1.51225e-02

 5.42969e-03  1.53750e-02
 4.75847e-03  1.48666e-02
 4.90867e-03  1.48854e-02
 4.81727e-03  1.50060e-02
 4.75847e-03  1.48666e-02

 5.91406e-03  1.53750e-02
 5.27447e-03  1.46419e-02
 5.41768e-03  1.46909e-02
 5.30361e-03  1.47904e-02
 5.27447e-03  1.46419e-02

 6.39844e-03  1.53750e-02
 5.80393e-03  1.44506e-02
 5.93849e-03  1.45199e-02
 5.81118e-03  1.46018e-02
 5.80393e-03  1.44506e-02

 6.88281e-03  1.53750e-02
 6.34476e-03  1.42946e-02
 6.47095e-03  1.43782e-02
 6.33545e-03  1.44457e-02
 6.34476e-03  1.42946e-02

 7.36719e-03  1.53750e-02
 6.89435e-03  1.41759e-02
 7.01284e-03  1.42701e-02
 6.87203e-03  1.43256e-02
 6.89435e-03  1.41759e-02

 7.85156e-03  1.53750e-02
 7.45043e-03  1.40968e-02
 7.56189e-03  1.41992e-02
 7.41747e-03  1.42445e-02
 7.45043e-03  1.40968e-02

 8.33594e-03  1.53750e-02
 8.00947e-03  1.40602e-02
 8.11451e-03  1.41692e-02
 7.96761e-03  1.42057e-02
 8.00947e-03  1.40602e-02

 8.82031e-03  1.53750e-02
 8.57022e-03  1.40719e-02
 8.66926e-03  1.41864e-02
 8.52060e-03  1.42149e-02
 8.57022e-03  1.40719e-02

 9.30469e-03  1.53750e-02
 9.12618e-03  1.41364e-02
 9.21979e-03  1.42553e-02
 9.06997e-03  1.42769e-02
 9.12618e-03  1.41364e-02

 9.78906e-03  1.53750e-02
 9.68086e-03  1.42668e-02
 9.76892e-03  1.43899e-02
 9.61827e-03  1.44046e-02
 9.68086e-03  1.42668e-02

 1.02734e-02  1.53750e-02
 1.02152e-02  1.44670e-02
 1.02991e-02  1.45930e-02
 1.01481e-02  1.46027e-02
 1.02152e-02  1.44670e-02

 1.07578e-02  1.53750e-02
 1.07578e-02  1.48128e-02
 1.08335e-02  1.49438e-02
 1.06821e-02  1.49438e-02
 1.07578e-02  1.48128e-02

 4.00677e-03  1.59450e-02
 3.68909e-03  1.62903e-02
 3.72215e-03  1.61426e-02
 3.83354e-03  1.62450e-02
 3.68909e-03  1.62903e-02

 4.48906e-03  1.59450e-02
 4.15819e-03  1.59699e-02
 4.28323e-03  1.58846e-02
 4.29458e-03  1.60355e-02
 4.15819e-03  1.59699e-02

 4.97135e-03  1.59450e-02
 4.63664e-03  1.56730e-02
 4.78610e-03  1.56970e-02
 4.69065e-03  1.58144e-02
 4.63664e-03  1.56730e-02

 5.45365e-03  1.59450e-02
 5.12424e-03  1.54049e-02
 5.25711e-03  1.54774e-02
 5.12788e-03  1.55562e-02
 5.12424e-03  1.54049e-02

 5.93594e-03  1.59450e-02
 5.62043e-03  1.51692e-02
 5.73992e-03  1.52621e-02
 5.59970e-03  1.53191e-02
 5.62043e-03  1.51692e-02

 6.41823e-03  1.59450e-02
 6.12415e-03  1.49685e-02
 6.23442e-03  1.50722e-02
 6.08949e-03  1.51159e-02
 6.12415e-03  1.49685e-02

 6.90052e-03  1.59450e-02
 6.63415e-03  1.48051e-02
 6.73768e-03  1.49156e-02
 6.59028e-03  1.49500e-02
 6.63415e-03  1.48051e-02

 7.38281e-03  1.59450e-02
 7.14888e-03  1.46810e-02
 7.24716e-03  1.47961e-02
 7.09832e-03  1.48237e-02
 7.14888e-03  1.46810e-02

 7.86510e-03  1.59450e-02
 7.66693e-03  1.45990e-02
 7.76090e-03  1.47176e-02
 7.61115e-03  1.47397e-02
 7.66693e-03  1.45990e-02

 8.34740e-03  1.59450e-02
 8.18639e-03  1.45619e-02
 8.27673e-03  1.46833e-02
 8.12638e-03  1.47008e-02
 8.18639e-03  1.45619e-02

 8.82969e-03  1.59450e-02
 8.70647e-03  1.45754e-02
 8.79359e-03  1.46992e-02
 8.64283e-03  1.47128e-02
 8.70647e-03  1.45754e-02

 9.31198e-03  1.59450e-02
 9.22402e-03  1.46444e-02
 9.30838e-03  1.47701e-02
 9.15735e-03  1.47803e-02
 9.22402e-03  1.46444e-02

 9.79427e-03  1.59450e-02
 9.74077e-03  1.47823e-02
 9.82240e-03  1.49097e-02
 9.67119e-03  1.49167e-02
 9.74077e-03  1.47823e-02

 1.02766e-02  1.59450e-02
 1.02476e-02  1.49926e-02
 1.03273e-02  1.51213e-02
 1.01760e-02  1.51259e-02
 1.02476e-02  1.49926e-02

 1.07589e-02  1.59450e-02
 1.07589e-02  1.53550e-02
 1.08345e-02  1.54861e-02
 1.06832e-02  1.54861e-02
 1.07589e-02  1.53550e-02

 4.03698e-03  1.65150e-02
 4.07099e-03  1.68557e-02
 3.98266e-03  1.67327e-02
 4.13328e-03  1.67177e-02
 4.07099e-03  1.68557e-02

 4.51719e-03  1.65150e-02
 4.54362e-03  1.65321e-02
 4.39245e-03  1.65245e-02
 4.47459e-03  1.63974e-02
 4.54362e-03  1.65321e-02

 4.99740e-03  1.65150e-02
 5.01739e-03  1.62316e-02
 5.08366e-03  1.63676e-02
 4.93267e-03  1.63570e-02
 5.01739e-03  1.62316e-02

 5.47760e-03  1.65150e-02
 5.49271e-03  1.59597e-02
 5.56480e-03  1.60928e-02
 5.41349e-03  1.60887e-02
 5.49271e-03  1.59597e-02

 5.95781e-03  1.65150e-02
 5.96968e-03  1.57206e-02
 6.04340e-03  1.58528e-02
 5.89205e-03  1.58505e-02
 5.96968e-03  1.57206e-02

 6.43802e-03  1.65150e-02
 6.44810e-03  1.55171e-02
 6.52245e-03  1.56490e-02
 6.37109e-03  1.56474e-02
 6.44810e-03  1.55171e-02

 6.91823e-03  1.65150e-02
 6.92753e-03  1.53517e-02
 7.00216e-03  1.54834e-02
 6.85080e-03  1.54822e-02
 6.92753e-03  1.53517e-02

 7.39844e-03  1.65150e-02
 7.40751e-03  1.52266e-02
 7.48227e-03  1.53583e-02
 7.33091e-03  1.53572e-02
 7.40751e-03  1.52266e-02

 7.87865e-03  1.65150e-02
 7.88750e-03  1.51446e-02
 7.96234e-03  1.52762e-02
 7.81098e-03  1.52752e-02
 7.88750e-03  1.51446e-02

 8.35885e-03  1.65150e-02
 8.36723e-03  1.51083e-02
 8.44213e-03  1.52398e-02
 8.29076e-03  1.52389e-02
 8.36723e-03  1.51083e-02

 8.83906e-03  1.65150e-02
 8.84630e-03  1.51234e-02
 8.92130e-03  1.52549e-02
 8.76993e-03  1.52541e-02
 8.84630e-03  1.51234e-02

 9.31927e-03  1.65150e-02
 9.32500e-03  1.51946e-02
 9.40011e-03  1.53260e-02
 9.24874e-03  1.53253e-02
 9.32500e-03  1.51946e-02

 9.79948e-03  1.65150e-02
 9.80303e-03  1.53351e-02
 9.87832e-03  1.54664e-02
 9.72696e-03  1.54660e-02
 9.80303e-03  1.53351e-02

 1.02797e-02  1.65150e-02
 1.02817e-02  1.55483e-02
 1.03571e-02  1.56795e-02
 1.02057e-02  1.56792e-02
 1.02817e-02  1.55483e-02

 1.07599e-02  1.65150e-02
 1.07599e-02  1.59154e-02
 1.08356e-02  1.60465e-02
 1.06842e-02  1.60465e-02
 1.07599e-02  1.59154e-02

 4.06719e-03  1.70850e-02
 4.44137e-03  1.74083e-02
 4.29270e-03  1.73799e-02
 4.39166e-03  1.72653e-02
 4.44137e-03  1.74083e-02

 4.54531e-03  1.70850e-02
 4.91808e-03  1.70915e-02
 4.78569e-03  1.71649e-02
 4.78833e-03  1.70135e-02
 4.91808e-03  1.70915e-02

 5.02344e-03  1.70850e-02
 5.38796e-03  1.67968e-02
 5.33207e-03  1.69374e-02
 5.23819e-03  1.68187e-02
 5.38796e-03  1.67968e-02

 5.50156e-03  1.70850e-02
 5.85193e-03  1.65299e-02
 5.84596e-03  1.66812e-02
 5.71796e-03  1.66004e-02
 5.85193e-03  1.65299e-02

 5.97969e-03  1.70850e-02
 6.31073e-03  1.62953e-02
 6.32985e-03  1.64455e-02
 6.19025e-03  1.63870e-02
 6.31073e-03  1.62953e-02

 6.45781e-03  1.70850e-02
 6.76493e-03  1.60960e-02
 6.79833e-03  1.62436e-02
 6.65378e-03  1.61987e-02
 6.76493e-03  1.60960e-02

 6.93594e-03  1.70850e-02
 7.21493e-03  1.59345e-02
 7.25759e-03  1.60798e-02
 7.11048e-03  1.60441e-02
 7.21493e-03  1.59345e-02

 7.41406e-03  1.70850e-02
 7.66134e-03  1.58130e-02
 7.71061e-03  1.59561e-02
 7.56203e-03  1.59272e-02
 7.66134e-03  1.58130e-02

 7.89219e-03  1.70850e-02
 8.10446e-03  1.57341e-02
 8.15888e-03  1.58753e-02
 8.00935e-03  1.58518e-02
 8.10446e-03  1.57341e-02

 8.37031e-03  1.70850e-02
 8.54562e-03  1.57002e-02
 8.60424e-03  1.58398e-02
 8.45407e-03  1.58208e-02
 8.54562e-03  1.57002e-02

 8.84844e-03  1.70850e-02
 8.98478e-03  1.57169e-02
 9.04709e-03  1.58548e-02
 8.89647e-03  1.58398e-02
 8.98478e-03  1.57169e-02

 9.32656e-03  1.70850e-02
 9.42553e-03  1.57881e-02
 9.49102e-03  1.59246e-02
 9.34010e-03  1.59130e-02
 9.42553e-03  1.57881e-02

 9.80469e-03  1.70850e-02
 9.86545e-03  1.59269e-02
 9.93416e-03  1.60618e-02
 9.78300e-03  1.60538e-02
 9.86545e-03  1.59269e-02

 1.02828e-02  1.70850e-02
 1.03160e-02  1.61361e-02
 1.03871e-02  1.62697e-02
 1.02358e-02  1.62644e-02
 1.03160e-02  1.61361e-02

 1.07609e-02  1.70850e-02
 1.07609e-02  1.64955e-02
 1.08366e-02  1.66266e-02
 1.06853e-02  1.66266e-02
 1.07609e-02  1.64955e-02

 4.09740e-03  1.76550e-02
 4.78851e-03  1.79492e-02
 4.63825e-03  1.79675e-02
 4.69753e-03  1.78282e-02
 4.78851e-03  1.79492e-02

 4.57344e-03  1.76550e-02
 5.26923e-03  1.76486e-02
 5.13884e-03  1.77254e-02
 5.13744e-03  1.75741e-02
 5.26923e-03  1.76486e-02

 5.04948e-03  1.76550e-02
 5.73572e-03  1.73686e-02
 5.64389e-03  1.74890e-02
 5.58559e-03  1.73493e-02
 5.73572e-03  1.73686e-02

 5.52552e-03  1.76550e-02
 6.18926e-03  1.71152e-02
 6.13531e-03  1.72566e-02
 6.03980e-03  1.71392e-02
 6.18926e-03  1.71152e-02

 6.00156e-03  1.76550e-02
 6.63117e-03  1.68926e-02
 6.60605e-03  1.70419e-02
 6.48934e-03  1.69455e-02
 6.63117e-03  1.68926e-02

 6.47760e-03  1.76550e-02
 7.06276e-03  1.67041e-02
 7.05851e-03  1.68554e-02
 6.92960e-03  1.67761e-02
 7.06276e-03  1.67041e-02

 6.95365e-03  1.76550e-02
 7.48524e-03  1.65520e-02
 7.49650e-03  1.67029e-02
 7.36015e-03  1.66372e-02
 7.48524e-03  1.65520e-02

 7.42969e-03  1.76550e-02
 7.90025e-03  1.64383e-02
 7.92355e-03  1.65879e-02
 7.78238e-03  1.65333e-02
 7.90025e-03  1.64383e-02

 7.90573e-03  1.76550e-02
 8.30893e-03  1.63655e-02
 8.34204e-03  1.65132e-02
 8.19757e-03  1.64680e-02
 8.30893e-03  1.63655e-02

 8.38177e-03  1.76550e-02
 8.71407e-03  1.63358e-02
 8.75545e-03  1.64814e-02
 8.60866e-03  1.64444e-02
 8.71407e-03  1.63358e-02

 8.85781e-03  1.76550e-02
 9.11597e-03  1.63538e-02
 9.16469e-03  1.64972e-02
 9.01622e-03  1.64677e-02
 9.11597e-03  1.63538e-02

 9.33385e-03  1.76550e-02
 9.52120e-03  1.64235e-02
 9.57631e-03  1.65645e-02
 9.42666e-03  1.65417e-02
 9.52120e-03  1.64235e-02

 9.80990e-03  1.76550e-02
 9.92525e-03  1.65565e-02
 9.98682e-03  1.66948e-02
 9.83629e-03  1.66790e-02
 9.92525e-03  1.65565e-02

 1.02859e-02  1.76550e-02
 1.03493e-02  1.67554e-02
 1.04156e-02  1.68914e-02
 1.02646e-02  1.68808e-02
 1.03493e-02  1.67554e-02

 1.07620e-02  1.76550e-02
 1.07620e-02  1.70953e-02
 1.08377e-02  1.72264e-02
 1.06863e-02  1.72264e-02
 1.07620e-02  1.70953e-02

 4.12760e-03  1.82250e-02
 5.10188e-03  1.84791e-02
 4.95593e-03  1.85193e-02
 4.99413e-03  1.83728e-02
 5.10188e-03  1.84791e-02

 4.60156e-03  1.82250e-02
 5.58575e-03  1.82031e-02
 5.45638e-03  1.82817e-02
 5.45301e-03  1.81304e-02
 5.58575e-03  1.82031e-02

 5.07552e-03  1.82250e-02
 6.04881e-03  1.79462e-02
 5.94363e-03  1.80551e-02
 5.90195e-03  1.79096e-02
 6.04881e-03  1.79462e-02

 5.54948e-03  1.82250e-02
 6.49257e-03  1.77139e-02
 6.41338e-03  1.78429e-02
 6.34126e-03  1.77098e-02
 6.49257e-03  1.77139e-02

 6.02344e-03  1.82250e-02
 6.91885e-03  1.75104e-02
 6.86360e-03  1.76513e-02
 6.76918e-03  1.75330e-02
 6.91885e-03  1.75104e-02

 6.49740e-03  1.82250e-02
 7.32969e-03  1.73386e-02
 7.29513e-03  1.74860e-02
 7.18478e-03  1.73824e-02
 7.32969e-03  1.73386e-02

 6.97135e-03  1.82250e-02
 7.72717e-03  1.72009e-02
 7.71022e-03  1.73513e-02
 7.58843e-03  1.72615e-02
 7.72717e-03  1.72009e-02

 7.44531e-03  1.82250e-02
 8.11379e-03  1.70990e-02
 8.11195e-03  1.72503e-02
 7.98179e-03  1.71731e-02
 8.11379e-03  1.70990e-02

 7.91927e-03  1.82250e-02
 8.49150e-03  1.70349e-02
 8.50290e-03  1.71858e-02
 8.36649e-03  1.71202e-02
 8.49150e-03  1.70349e-02

 8.39323e-03  1.82250e-02
 8.86446e-03  1.70106e-02
 8.88759e-03  1.71602e-02
 8.74648e-03  1.71054e-02
 8.86446e-03  1.70106e-02

 8.86719e-03  1.82250e-02
 9.23319e-03  1.70300e-02
 9.26717e-03  1.71775e-02
 9.12244e-03  1.71332e-02
 9.23319e-03  1.70300e-02

 9.34115e-03  1.82250e-02
 9.60686e-03  1.70966e-02
 9.65049e-03  1.72415e-02
 9.50315e-03  1.72068e-02
 9.60686e-03  1.70966e-02

 9.81510e-03  1.82250e-02
 9.97905e-03  1.72203e-02
 1.00326e-02  1.73619e-02
 9.88324e-03  1.73375e-02
 9.97905e-03  1.72203e-02

 1.02891e-02  1.82250e-02
 1.03793e-02  1.74034e-02
 1.04402e-02  1.75419e-02
 1.02897e-02  1.75254e-02
 1.03793e-02  1.74034e-02

 1.07630e-02  1.82250e-02
 1.07630e-02  1.77130e-02
 1.08387e-02  1.78441e-02
 1.06873e-02  1.78441e-02
 1.07630e-02  1.77130e-02

 4.15781e-03  1.87950e-02
 5.36913e-03  1.90010e-02
 5.22720e-03  1.90537e-02
 5.25259e-03  1.89044e-02
 5.36913e-03  1.90010e-02

 4.62969e-03  1.87950e-02
 5.85462e-03  1.87575e-02
 5.72591e-03  1.88372e-02
 5.72128e-03  1.86859e-02
 5.85462e-03  1.87575e-02

 5.10156e-03  1.87950e-02
 6.31356e-03  1.85311e-02
 6.20158e-03  1.86329e-02
 6.16937e-03  1.84850e-02
 6.31356e-03  1.85311e-02

 5.57344e-03  1.87950e-02
 6.74789e-03  1.83268e-02
 6.65415e-03  1.84457e-02
 6.59810e-03  1.83051e-02
 6.74789e-03  1.83268e-02

 6.04531e-03  1.87950e-02
 7.16005e-03  1.81486e-02
 7.08462e-03  1.82798e-02
 7.00869e-03  1.81489e-02
 7.16005e-03  1.81486e-02

 6.51719e-03  1.87950e-02
 7.55254e-03  1.79990e-02
 7.49475e-03  1.81389e-02
 7.40248e-03  1.80189e-02
 7.55254e-03  1.79990e-02

 6.98906e-03  1.87950e-02
 7.92822e-03  1.78799e-02
 7.88715e-03  1.80256e-02
 7.78151e-03  1.79172e-02
 7.92822e-03  1.78799e-02

 7.46094e-03  1.87950e-02
 8.29043e-03  1.77929e-02
 8.26514e-03  1.79421e-02
 8.14854e-03  1.78456e-02
 8.29043e-03  1.77929e-02

 7.93281e-03  1.87950e-02
 8.64196e-03  1.77395e-02
 8.63167e-03  1.78905e-02
 8.50603e-03  1.78061e-02
 8.64196e-03  1.77395e-02

 8.40469e-03  1.87950e-02
 8.98796e-03  1.77215e-02
 8.99188e-03  1.78728e-02
 8.85888e-03  1.78006e-02
 8.98796e-03  1.77215e-02

 8.87656e-03  1.87950e-02
 9.32929e-03  1.77421e-02
 9.34703e-03  1.78924e-02
 9.20798e-03  1.78326e-02
 9.32929e-03  1.77421e-02

 9.34844e-03  1.87950e-02
 9.67706e-03  1.78040e-02
 9.70764e-03  1.79522e-02
 9.56397e-03  1.79046e-02
 9.67706e-03  1.78040e-02

 9.82031e-03  1.87950e-02
 1.00233e-02  1.79153e-02
 1.00676e-02  1.80601e-02
 9.92010e-03  1.80260e-02
 1.00233e-02  1.79153e-02

 1.02922e-02  1.87950e-02
 1.04041e-02  1.80781e-02
 1.04587e-02  1.82192e-02
 1.03091e-02  1.81959e-02
 1.04041e-02  1.80781e-02

 1.07641e-02  1.87950e-02
 1.07641e-02  1.83477e-02
 1.08397e-02  1.84788e-02
 1.06884e-02  1.84788e-02
 1.07641e-02  1.83477e-02

 4.18802e-03  1.93650e-02
 5.57878e-03  1.95179e-02
 5.44021e-03  1.95788e-02
 5.45675e-03  1.94284e-02
 5.57878e-03  1.95179e-02

 4.65781e-03  1.93650e-02
 6.06318e-03  1.93124e-02
 5.93501e-03  1.93929e-02
 5.92935e-03  1.92417e-02
 6.06318e-03  1.93124e-02

 5.12760e-03  1.93650e-02
 6.51685e-03  1.91219e-02
 6.40077e-03  1.92190e-02
 6.37468e-03  1.90699e-02
 6.51685e-03  1.91219e-02

 5.59740e-03  1.93650e-02
 6.94199e-03  1.89507e-02
 6.83900e-03  1.90617e-02
 6.79443e-03  1.89170e-02
 6.94199e-03  1.89507e-02

 6.06719e-03  1.93650e-02
 7.34139e-03  1.88021e-02
 7.25207e-03  1.89243e-02
 7.19090e-03  1.87859e-02
 7.34139e-03  1.88021e-02

 6.53698e-03  1.93650e-02
 7.71832e-03  1.86783e-02
 7.64303e-03  1.88096e-02
 7.56696e-03  1.86787e-02
 7.71832e-03  1.86783e-02

 7.00677e-03  1.93650e-02
 8.07610e-03  1.85807e-02
 8.01516e-03  1.87192e-02
 7.92564e-03  1.85972e-02
 8.07610e-03  1.85807e-02

 7.47656e-03  1.93650e-02
 8.41897e-03  1.85105e-02
 8.37270e-03  1.86546e-02
 8.27102e-03  1.85424e-02
 8.41897e-03  1.85105e-02

 7.94635e-03  1.93650e-02
 8.75011e-03  1.84689e-02
 8.71892e-03  1.86170e-02
 8.60624e-03  1.85160e-02
 8.75011e-03  1.84689e-02

 8.41615e-03  1.93650e-02
 9.07574e-03  1.84573e-02
 9.05991e-03  1.86079e-02
 8.93746e-03  1.85189e-02
 9.07574e-03  1.84573e-02

 8.88594e-03  1.93650e-02
 9.39688e-03  1.84782e-02
 9.39702e-03  1.86296e-02
 9.26586e-03  1.85540e-02
 9.39688e-03  1.84782e-02

 9.35573e-03  1.93650e-02
 9.72597e-03  1.85341e-02
 9.74174e-03  1.86846e-02
 9.60348e-03  1.86230e-02
 9.72597e-03  1.85341e-02

 9.82552e-03  1.93650e-02
 1.00541e-02  1.86305e-02
 1.00874e-02  1.87782e-02
 9.94287e-03  1.87332e-02
 1.00541e-02  1.86305e-02

 1.02953e-02  1.93650e-02
 1.04212e-02  1.87697e-02
 1.04681e-02  1.89136e-02
 1.03200e-02  1.88823e-02
 1.04212e-02  1.87697e-02

 1.07651e-02  1.93650e-02
 1.07651e-02  1.89931e-02
 1.08408e-02  1.91242e-02
 1.06894e-02  1.91242e-02
 1.07651e-02  1.89931e-02

 4.21823e-03  1.99350e-02
 5.71290e-03  2.00361e-02
 5.57701e-03  2.01027e-02
 5.58722e-03  1.99517e-02
 5.71290e-03  2.00361e-02

 4.68594e-03  1.99350e-02
 6.19340e-03  1.98739e-02
 6.06549e-03  1.99548e-02
 6.05935e-03  1.98035e-02
 6.19340e-03  1.98739e-02

 5.15365e-03  1.99350e-02
 6.64083e-03  1.97241e-02
 6.52166e-03  1.98175e-02
 6.50041e-03  1.96676e-02
 6.64083e-03  1.97241e-02

 5.62135e-03  1.99350e-02
 7.05752e-03  1.95904e-02
 6.94771e-03  1.96946e-02
 6.91239e-03  1.95474e-02
 7.05752e-03  1.95904e-02

 6.08906e-03  1.99350e-02
 7.44667e-03  1.94750e-02
 7.34681e-03  1.95888e-02
 7.29823e-03  1.94454e-02
 7.44667e-03  1.94750e-02

 6.55677e-03  1.99350e-02
 7.81206e-03  1.93797e-02
 7.72280e-03  1.95019e-02
 7.66156e-03  1.93635e-02
 7.81206e-03  1.93797e-02

 7.02448e-03  1.99350e-02
 8.15739e-03  1.93054e-02
 8.07957e-03  1.94352e-02
 8.00604e-03  1.93029e-02
 8.15739e-03  1.93054e-02

 7.49219e-03  1.99350e-02
 8.48750e-03  1.92530e-02
 8.42214e-03  1.93896e-02
 8.33658e-03  1.92647e-02
 8.48750e-03  1.92530e-02

 7.95990e-03  1.99350e-02
 8.80604e-03  1.92234e-02
 8.75443e-03  1.93657e-02
 8.65700e-03  1.92498e-02
 8.80604e-03  1.92234e-02

 8.42760e-03  1.99350e-02
 9.11962e-03  1.92176e-02
 9.08308e-03  1.93645e-02
 8.97414e-03  1.92594e-02
 9.11962e-03  1.92176e-02

 8.89531e-03  1.99350e-02
 9.42962e-03  1.92375e-02
 9.40998e-03  1.93876e-02
 9.28982e-03  1.92956e-02
 9.42962e-03  1.92375e-02

 9.36302e-03  1.99350e-02
 9.74892e-03  1.92854e-02
 9.74704e-03  1.94367e-02
 9.61690e-03  1.93594e-02
 9.74892e-03  1.92854e-02

 9.83073e-03  1.99350e-02
 1.00685e-02  1.93645e-02
 1.00879e-02  1.95146e-02
 9.94817e-03  1.94564e-02
 1.00685e-02  1.93645e-02

 1.02984e-02  1.99350e-02
 1.04291e-02  1.94772e-02
 1.04659e-02  1.96241e-02
 1.03204e-02  1.95825e-02
 1.04291e-02  1.94772e-02

 1.07661e-02  1.99350e-02
 1.07661e-02  1.96489e-02
 1.08418e-02  1.97800e-02
 1.06905e-02  1.97800e-02
 1.07661e-02  1.96489e-02

 4.24844e-03  2.05050e-02
 5.75817e-03  2.05578e-02
 5.62452e-03  2.06289e-02
 5.62981e-03  2.04776e-02
 5.75817e-03  2.05578e-02

 4.71406e-03  2.05050e-02
 6.23167e-03  2.04390e-02
 6.10399e-03  2.05203e-02
 6.09742e-03  2.03691e-02
 6.23167e-03  2.04390e-02

 5.17969e-03  2.05050e-02
 6.67171e-03  2.03301e-02
 6.55033e-03  2.04205e-02
 6.53270e-03  2.02702e-02
 6.67171e-03  2.03301e-02

 5.64531e-03  2.05050e-02
 7.08095e-03  2.02335e-02
 6.96621e-03  2.03322e-02
 6.93808e-03  2.01835e-02
 7.08095e-03  2.02335e-02

 6.11094e-03  2.05050e-02
 7.46295e-03  2.01508e-02
 7.35532e-03  2.02573e-02
 7.31696e-03  2.01109e-02
 7.46295e-03  2.01508e-02

 6.57656e-03  2.05050e-02
 7.82163e-03  2.00833e-02
 7.72175e-03  2.01970e-02
 7.67319e-03  2.00536e-02
 7.82163e-03  2.00833e-02

 7.04219e-03  2.05050e-02
 8.16117e-03  2.00314e-02
 8.06995e-03  2.01522e-02
 8.01095e-03  2.00128e-02
 8.16117e-03  2.00314e-02

 7.50781e-03  2.05050e-02
 8.48632e-03  1.99957e-02
 8.40499e-03  2.01233e-02
 8.33510e-03  1.99890e-02
 8.48632e-03  1.99957e-02

 7.97344e-03  2.05050e-02
 8.80119e-03  1.99766e-02
 8.73141e-03  2.01110e-02
 8.64997e-03  1.99834e-02
 8.80119e-03  1.99766e-02

 8.43906e-03  2.05050e-02
 9.11221e-03  1.99752e-02
 9.05601e-03  2.01158e-02
 8.96240e-03  1.99968e-02
 9.11221e-03  1.99752e-02

 8.90469e-03  2.05050e-02
 9.42119e-03  1.99927e-02
 9.38142e-03  2.01387e-02
 9.27482e-03  2.00313e-02
 9.42119e-03  1.99927e-02

 9.37031e-03  2.05050e-02
 9.74071e-03  2.00311e-02
 9.71962e-03  2.01810e-02
 9.60036e-03  2.00877e-02
 9.74071e-03  2.00311e-02

 9.83594e-03  2.05050e-02
 1.00624e-02  2.00917e-02
 1.00658e-02  2.02430e-02
 9.93304e-03  2.01703e-02
 1.00624e-02  2.00917e-02

 1.03016e-02  2.05050e-02
 1.04250e-02  2.01774e-02
 1.04496e-02  2.03268e-02
 1.03080e-02  2.02734e-02
 1.04250e-02  2.01774e-02

 1.07672e-02  2.05050e-02
 1.07672e-02  2.02995e-02
 1.08429e-02  2.04306e-02
 1.06915e-02  2.04306e-02
 1.07672e-02  2.02995e-02

 4.27865e-03  2.10750e-02
 5.68265e-03  2.10948e-02
 5.55051e-03  2.11686e-02
 5.55264e-03  2.10172e-02
 5.68265e-03  2.10948e-02

 4.74219e-03  2.10750e-02
 6.14786e-03  2.10218e-02
 6.01972e-03  2.11024e-02
 6.01400e-03  2.09512e-02
 6.14786e-03  2.10218e-02

 5.20573e-03  2.10750e-02
 6.58203e-03  2.09555e-02
 6.45799e-03  2.10422e-02
 6.44489e-03  2.08914e-02
 6.58203e-03  2.09555e-02

 5.66927e-03  2.10750e-02
 6.98806e-03  2.08971e-02
 6.86826e-03  2.09897e-02
 6.84803e-03  2.08396e-02
 6.98806e-03  2.08971e-02

 6.13281e-03  2.10750e-02
 7.36940e-03  2.08477e-02
 7.25416e-03  2.09458e-02
 7.22679e-03  2.07970e-02
 7.36940e-03  2.08477e-02

 6.59635e-03  2.10750e-02
 7.73002e-03  2.08077e-02
 7.61979e-03  2.09115e-02
 7.58506e-03  2.07641e-02
 7.73002e-03  2.08077e-02

 7.05990e-03  2.10750e-02
 8.07390e-03  2.07775e-02
 7.96943e-03  2.08870e-02
 7.92681e-03  2.07418e-02
 8.07390e-03  2.07775e-02

 7.52344e-03  2.10750e-02
 8.40560e-03  2.07572e-02
 8.30793e-03  2.08728e-02
 8.25662e-03  2.07304e-02
 8.40560e-03  2.07572e-02

 7.98698e-03  2.10750e-02
 8.72890e-03  2.07471e-02
 8.63960e-03  2.08693e-02
 8.57841e-03  2.07309e-02
 8.72890e-03  2.07471e-02

 8.45052e-03  2.10750e-02
 9.04992e-03  2.07480e-02
 8.97109e-03  2.08772e-02
 8.89860e-03  2.07443e-02
 9.04992e-03  2.07480e-02

 8.91406e-03  2.10750e-02
 9.37037e-03  2.07605e-02
 9.30538e-03  2.08972e-02
 9.21949e-03  2.07726e-02
 9.37037e-03  2.07605e-02

 9.37760e-03  2.10750e-02
 9.70185e-03  2.07867e-02
 9.65417e-03  2.09304e-02
 9.55359e-03  2.08172e-02
 9.70185e-03  2.07867e-02

 9.84115e-03  2.10750e-02
 1.00372e-02  2.08265e-02
 1.00155e-02  2.09762e-02
 9.89663e-03  2.08825e-02
 1.00372e-02  2.08265e-02

 1.03047e-02  2.10750e-02
 1.04108e-02  2.08832e-02
 1.04136e-02  2.10346e-02
 1.02811e-02  2.09613e-02
 1.04108e-02  2.08832e-02

 1.07682e-02  2.10750e-02
 1.07682e-02  2.09544e-02
 1.08439e-02  2.10855e-02
 1.06925e-02  2.10855e-02
 1.07682e-02  2.09544e-02

 4.30885e-03  2.16450e-02
 5.47854e-03  2.16373e-02
 5.34795e-03  2.17139e-02
 5.34696e-03  2.15625e-02
 5.47854e-03  2.16373e-02

 4.77031e-03  2.16450e-02
 5.93440e-03  2.15984e-02
 5.80644e-03  2.16793e-02
 5.80039e-03  2.15280e-02
 5.93440e-03  2.15984e-02

 5.23177e-03  2.16450e-02
 6.36490e-03  2.15634e-02
 6.23959e-03  2.16483e-02
 6.22872e-03  2.14973e-02
 6.36490e-03  2.15634e-02

 5.69323e-03  2.16450e-02
 6.77255e-03  2.15328e-02
 6.64999e-03  2.16217e-02
 6.63434e-03  2.14711e-02
 6.77255e-03  2.15328e-02

 6.15469e-03  2.16450e-02
 7.16067e-03  2.15073e-02
 7.04106e-03  2.16000e-02
 7.02053e-03  2.14501e-02
 7.16067e-03  2.15073e-02

 6.61615e-03  2.16450e-02
 7.53260e-03  2.14869e-02
 7.41629e-03  2.15837e-02
 7.39055e-03  2.14346e-02
 7.53260e-03  2.14869e-02

 7.07760e-03  2.16450e-02
 7.89166e-03  2.14717e-02
 7.77920e-03  2.15730e-02
 7.74768e-03  2.14250e-02
 7.89166e-03  2.14717e-02

 7.53906e-03  2.16450e-02
 8.24187e-03  2.14619e-02
 8.13410e-03  2.15682e-02
 8.09594e-03  2.14217e-02
 8.24187e-03  2.14619e-02

 8.00052e-03  2.16450e-02
 8.58614e-03  2.14575e-02
 8.48436e-03  2.15696e-02
 8.43822e-03  2.14254e-02
 8.58614e-03  2.14575e-02

 8.46198e-03  2.16450e-02
 8.92963e-03  2.14591e-02
 8.83578e-03  2.15778e-02
 8.77986e-03  2.14372e-02
 8.92963e-03  2.14591e-02

 8.92344e-03  2.16450e-02
 9.27381e-03  2.14667e-02
 9.19130e-03  2.15936e-02
 9.12266e-03  2.14587e-02
 9.27381e-03  2.14667e-02

 9.38490e-03  2.16450e-02
 9.62859e-03  2.14820e-02
 9.56171e-03  2.16178e-02
 9.47755e-03  2.14920e-02
 9.62859e-03  2.14820e-02

 9.84635e-03  2.16450e-02
 9.98873e-03  2.15039e-02
 9.94888e-03  2.16500e-02
 9.84234e-03  2.15424e-02
 9.98873e-03  2.15039e-02

 1.03078e-02  2.16450e-02
 1.03821e-02  2.15363e-02
 1.03707e-02  2.16872e-02
 1.02457e-02  2.16018e-02
 1.03821e-02  2.15363e-02

 1.07693e-02  2.16450e-02
 1.07693e-02  2.15738e-02
 1.08450e-02  2.17049e-02
 1.06936e-02  2.17049e-02
 1.07693e-02  2.15738e-02

 4.33906e-03  2.22150e-02
 5.02845e-03  2.22150e-02
 4.89736e-03  2.22907e-02
 4.89736e-03  2.21393e-02
 5.02845e-03  2.22150e-02

 4.79844e-03  2.22150e-02
 5.48193e-03  2.22150e-02
 5.35085e-03  2.22907e-02
 5.35085e-03  2.21393e-02
 5.48193e-03  2.22150e-02

 5.25781e-03  2.22150e-02
 5.92072e-03  2.22150e-02
 5.78964e-03  2.22907e-02
 5.78964e-03  2.21393e-02
 5.92072e-03  2.22150e-02

 5.71719e-03  2.22150e-02
 6.34653e-03  2.22150e-02
 6.21544e-03  2.22907e-02
 6.21544e-03  2.21393e-02
 6.34653e-03  2.22150e-02

 6.17656e-03  2.22150e-02
 6.76126e-03  2.22150e-02
 6.63017e-03  2.22907e-02
 6.63017e-03  2.21393e-02
 6.76126e-03  2.22150e-02

 6.63594e-03  2.22150e-02
 7.16699e-03  2.22150e-02
 7.03590e-03  2.22907e-02
 7.03590e-03  2.21393e-02
 7.16699e-03  2.22150e-02

 7.09531e-03  2.22150e-02
 7.56568e-03  2.22150e-02
 7.43459e-03  2.22907e-02
 7.43459e-03  2.21393e-02
 7.56568e-03  2.22150e-02

 7.55469e-03  2.22150e-02
 7.95961e-03  2.22150e-02
 7.82852e-03  2.22907e-02
 7.82852e-03  2.21393e-02
 7.95961e-03  2.22150e-02

 8.01406e-03  2.22150e-02
 8.35048e-03  2.22150e-02
 8.21939e-03  2.22907e-02
 8.21939e-03  2.21393e-02
 8.35048e-03  2.22150e-02

 8.47344e-03  2.22150e-02
 8.74130e-03  2.22150e-02
 8.61021e-03  2.22907e-02
 8.61021e-03  2.21393e-02
 8.74130e-03  2.22150e-02

 8.93281e-03  2.22150e-02
 9.13277e-03  2.22150e-02
 9.00168e-03  2.22907e-02
 9.00168e-03  2.21393e-02
 9.13277e-03  2.22150e-02

 9.39219e-03  2.22150e-02
 9.53078e-03  2.22150e-02
 9.39969e-03  2.22907e-02
 9.39969e-03  2.21393e-02
 9.53078e-03  2.22150e-02

 9.85156e-03  2.22150e-02
 9.93201e-03  2.22150e-02
 9.80092e-03  2.22907e-02
 9.80092e-03  2.21393e-02
 9.93201e-03  2.22150e-02

 1.03109e-02  2.22150e-02
 1.03533e-02  2.22150e-02
 1.02222e-02  2.22907e-02
 1.02222e-02  2.21393e-02
 1.03533e-02  2.22150e-02

 1.07703e-02  2.22150e-02
 1.07703e-02  2.22150e-02
 1.06392e-02  2.22907e-02
 1.06392e-02  2.21393e-02
 1.07703e-02  2.22150e-02

