#[ Fluid velocity 2D plot data file: flw.dat ]
 1.95313e-04  1.13850e-02
 1.84133e-04  1.14049e-02
 1.82304e-04  1.12536e-02
 3.14296e-04  1.13277e-02
 1.84133e-04  1.14049e-02

 5.85937e-04  1.13850e-02
 4.77650e-04  1.14040e-02
 5.93690e-04  1.13068e-02
 6.19842e-04  1.14559e-02
 4.77650e-04  1.14040e-02

 9.76562e-04  1.13850e-02
 8.18725e-04  1.14038e-02
 9.39940e-04  1.13131e-02
 9.57844e-04  1.14634e-02
 8.18725e-04  1.14038e-02

 1.36719e-03  1.13850e-02
 1.14056e-03  1.14032e-02
 1.26518e-03  1.13173e-02
 1.27728e-03  1.14681e-02
 1.14056e-03  1.14032e-02

 1.75781e-03  1.13850e-02
 1.47460e-03  1.14023e-02
 1.60082e-03  1.13188e-02
 1.61007e-03  1.14699e-02
 1.47460e-03  1.14023e-02

 2.14844e-03  1.13850e-02
 1.80810e-03  1.14011e-02
 1.93545e-03  1.13193e-02
 1.94262e-03  1.14705e-02
 1.80810e-03  1.14011e-02

 2.53906e-03  1.13850e-02
 2.14859e-03  1.13996e-02
 2.27677e-03  1.13190e-02
 2.28241e-03  1.14703e-02
 2.14859e-03  1.13996e-02

 2.92969e-03  1.13850e-02
 2.49475e-03  1.13976e-02
 2.62358e-03  1.13182e-02
 2.62798e-03  1.14695e-02
 2.49475e-03  1.13976e-02

 3.32031e-03  1.13850e-02
 2.84877e-03  1.13955e-02
 2.97815e-03  1.13169e-02
 2.98151e-03  1.14682e-02
 2.84877e-03  1.13955e-02

 1.97049e-04  1.19550e-02
 1.81523e-04  1.21814e-02
 1.14984e-04  1.20455e-02
 2.65997e-04  1.20558e-02
 1.81523e-04  1.21814e-02

 5.91146e-04  1.19550e-02
 4.17982e-04  1.21741e-02
 4.39901e-04  1.20243e-02
 5.58647e-04  1.21182e-02
 4.17982e-04  1.21741e-02

 9.85243e-04  1.19550e-02
 7.30939e-04  1.21703e-02
 7.82072e-04  1.20279e-02
 8.79887e-04  1.21434e-02
 7.30939e-04  1.21703e-02

 1.37934e-03  1.19550e-02
 1.01251e-03  1.21632e-02
 1.08915e-03  1.20327e-02
 1.16387e-03  1.21643e-02
 1.01251e-03  1.21632e-02

 1.77344e-03  1.19550e-02
 1.31458e-03  1.21532e-02
 1.40492e-03  1.20317e-02
 1.46494e-03  1.21707e-02
 1.31458e-03  1.21532e-02

 2.16753e-03  1.19550e-02
 1.61617e-03  1.21388e-02
 1.71659e-03  1.20256e-02
 1.76446e-03  1.21692e-02
 1.61617e-03  1.21388e-02

 2.56163e-03  1.19550e-02
 1.92972e-03  1.21203e-02
 2.03739e-03  1.20139e-02
 2.07569e-03  1.21603e-02
 1.92972e-03  1.21203e-02

 2.95573e-03  1.19550e-02
 2.25280e-03  1.20978e-02
 2.36619e-03  1.19975e-02
 2.39633e-03  1.21459e-02
 2.25280e-03  1.20978e-02

 3.34983e-03  1.19550e-02
 2.58898e-03  1.20723e-02
 2.70700e-03  1.19775e-02
 2.73007e-03  1.21271e-02
 2.58898e-03  1.20723e-02

 1.98785e-04  1.25250e-02
 1.82115e-04  1.28816e-02
 1.12634e-04  1.27472e-02
 2.63836e-04  1.27542e-02
 1.82115e-04  1.28816e-02

 5.96354e-04  1.25250e-02
 4.08220e-04  1.28796e-02
 4.02805e-04  1.27283e-02
 5.36516e-04  1.27993e-02
 4.08220e-04  1.28796e-02

 9.93924e-04  1.25250e-02
 7.14561e-04  1.28720e-02
 7.37804e-04  1.27225e-02
 8.55715e-04  1.28174e-02
 7.14561e-04  1.28720e-02

 1.39149e-03  1.25250e-02
 9.88259e-04  1.28598e-02
 1.04077e-03  1.27178e-02
 1.13746e-03  1.28343e-02
 9.88259e-04  1.28598e-02

 1.78906e-03  1.25250e-02
 1.28497e-03  1.28408e-02
 1.35587e-03  1.27071e-02
 1.43623e-03  1.28354e-02
 1.28497e-03  1.28408e-02

 2.18663e-03  1.25250e-02
 1.58228e-03  1.28150e-02
 1.66772e-03  1.26901e-02
 1.73320e-03  1.28265e-02
 1.58228e-03  1.28150e-02

 2.58420e-03  1.25250e-02
 1.89327e-03  1.27822e-02
 1.98971e-03  1.26656e-02
 2.04253e-03  1.28074e-02
 1.89327e-03  1.27822e-02

 2.98177e-03  1.25250e-02
 2.21487e-03  1.27434e-02
 2.32022e-03  1.26347e-02
 2.36167e-03  1.27803e-02
 2.21487e-03  1.27434e-02

 3.37934e-03  1.25250e-02
 2.55045e-03  1.26999e-02
 2.66309e-03  1.25988e-02
 2.69434e-03  1.27469e-02
 2.55045e-03  1.26999e-02

 2.00521e-04  1.30950e-02
 1.84274e-04  1.36311e-02
 1.12596e-04  1.34978e-02
 2.63894e-04  1.35024e-02
 1.84274e-04  1.36311e-02

 6.01563e-04  1.30950e-02
 4.18159e-04  1.36343e-02
 3.88709e-04  1.34859e-02
 5.32017e-04  1.35346e-02
 4.18159e-04  1.36343e-02

 1.00260e-03  1.30950e-02
 7.30197e-04  1.36216e-02
 7.23208e-04  1.34704e-02
 8.57650e-04  1.35399e-02
 7.30197e-04  1.36216e-02

 1.40365e-03  1.30950e-02
 1.01038e-03  1.36017e-02
 1.03097e-03  1.34517e-02
 1.15054e-03  1.35445e-02
 1.01038e-03  1.36017e-02

 1.80469e-03  1.30950e-02
 1.31365e-03  1.35704e-02
 1.35519e-03  1.34248e-02
 1.46047e-03  1.35336e-02
 1.31365e-03  1.35704e-02

 2.20573e-03  1.30950e-02
 1.61779e-03  1.35294e-02
 1.67825e-03  1.33906e-02
 1.76820e-03  1.35124e-02
 1.61779e-03  1.35294e-02

 2.60677e-03  1.30950e-02
 1.93555e-03  1.34785e-02
 2.01182e-03  1.33478e-02
 2.08691e-03  1.34792e-02
 1.93555e-03  1.34785e-02

 3.00781e-03  1.30950e-02
 2.26345e-03  1.34195e-02
 2.35338e-03  1.32977e-02
 2.41386e-03  1.34365e-02
 2.26345e-03  1.34195e-02

 3.40885e-03  1.30950e-02
 2.60464e-03  1.33542e-02
 2.70620e-03  1.32419e-02
 2.75262e-03  1.33860e-02
 2.60464e-03  1.33542e-02

 2.02257e-04  1.36650e-02
 1.87848e-04  1.43403e-02
 1.14978e-04  1.42076e-02
 2.66311e-04  1.42109e-02
 1.87848e-04  1.43403e-02

 6.06771e-04  1.36650e-02
 4.43711e-04  1.43485e-02
 4.00515e-04  1.42034e-02
 5.47749e-04  1.42385e-02
 4.43711e-04  1.43485e-02

 1.01128e-03  1.36650e-02
 7.69809e-04  1.43314e-02
 7.43315e-04  1.41823e-02
 8.85626e-04  1.42339e-02
 7.69809e-04  1.43314e-02

 1.41580e-03  1.36650e-02
 1.06695e-03  1.43048e-02
 1.06326e-03  1.41535e-02
 1.19615e-03  1.42259e-02
 1.06695e-03  1.43048e-02

 1.82031e-03  1.36650e-02
 1.38519e-03  1.42627e-02
 1.40116e-03  1.41121e-02
 1.52353e-03  1.42012e-02
 1.38519e-03  1.42627e-02

 2.22483e-03  1.36650e-02
 1.70405e-03  1.42087e-02
 1.74007e-03  1.40617e-02
 1.84938e-03  1.41664e-02
 1.70405e-03  1.42087e-02

 2.62934e-03  1.36650e-02
 2.03507e-03  1.41427e-02
 2.08983e-03  1.40016e-02
 2.18466e-03  1.41196e-02
 2.03507e-03  1.41427e-02

 3.03385e-03  1.36650e-02
 2.37478e-03  1.40672e-02
 2.44725e-03  1.39343e-02
 2.52610e-03  1.40635e-02
 2.37478e-03  1.40672e-02

 3.43837e-03  1.36650e-02
 2.72590e-03  1.39846e-02
 2.81453e-03  1.38619e-02
 2.87648e-03  1.40000e-02
 2.72590e-03  1.39846e-02

 2.03993e-04  1.42350e-02
 1.92164e-04  1.50403e-02
 1.18414e-04  1.49081e-02
 2.69764e-04  1.49103e-02
 1.92164e-04  1.50403e-02

 6.11979e-04  1.42350e-02
 4.78110e-04  1.50517e-02
 4.24628e-04  1.49101e-02
 5.74001e-04  1.49346e-02
 4.78110e-04  1.50517e-02

 1.01997e-03  1.42350e-02
 8.22447e-04  1.50306e-02
 7.80579e-04  1.48851e-02
 9.27486e-04  1.49216e-02
 8.22447e-04  1.50306e-02

 1.42795e-03  1.42350e-02
 1.14230e-03  1.49977e-02
 1.11740e-03  1.48484e-02
 1.25915e-03  1.49015e-02
 1.14230e-03  1.49977e-02

 1.83594e-03  1.42350e-02
 1.47972e-03  1.49458e-02
 1.47079e-03  1.47946e-02
 1.60611e-03  1.48625e-02
 1.47972e-03  1.49458e-02

 2.24392e-03  1.42350e-02
 1.81726e-03  1.48799e-02
 1.82646e-03  1.47289e-02
 1.95271e-03  1.48124e-02
 1.81726e-03  1.48799e-02

 2.65191e-03  1.42350e-02
 2.16465e-03  1.48004e-02
 2.19290e-03  1.46517e-02
 2.30756e-03  1.47505e-02
 2.16465e-03  1.48004e-02

 3.05990e-03  1.42350e-02
 2.51880e-03  1.47102e-02
 2.56735e-03  1.45669e-02
 2.66724e-03  1.46806e-02
 2.51880e-03  1.47102e-02

 3.46788e-03  1.42350e-02
 2.88203e-03  1.46121e-02
 2.95130e-03  1.44775e-02
 3.03322e-03  1.46048e-02
 2.88203e-03  1.46121e-02

 2.05729e-04  1.48050e-02
 1.96987e-04  1.57048e-02
 1.22581e-04  1.55730e-02
 2.73940e-04  1.55745e-02
 1.96987e-04  1.57048e-02

 6.17187e-04  1.48050e-02
 5.18178e-04  1.57182e-02
 4.57066e-04  1.55797e-02
 6.07551e-04  1.55960e-02
 5.18178e-04  1.57182e-02

 1.02865e-03  1.48050e-02
 8.83114e-04  1.56943e-02
 8.29595e-04  1.55527e-02
 9.78975e-04  1.55771e-02
 8.83114e-04  1.56943e-02

 1.44010e-03  1.48050e-02
 1.22923e-03  1.56567e-02
 1.18727e-03  1.55113e-02
 1.33420e-03  1.55477e-02
 1.22923e-03  1.56567e-02

 1.85156e-03  1.48050e-02
 1.58843e-03  1.55973e-02
 1.55792e-03  1.54491e-02
 1.70157e-03  1.54968e-02
 1.58843e-03  1.55973e-02

 2.26302e-03  1.48050e-02
 1.94723e-03  1.55227e-02
 1.93075e-03  1.53722e-02
 2.06930e-03  1.54332e-02
 1.94723e-03  1.55227e-02

 2.67448e-03  1.48050e-02
 2.31311e-03  1.54330e-02
 2.31289e-03  1.52817e-02
 2.44408e-03  1.53572e-02
 2.31311e-03  1.54330e-02

 3.08594e-03  1.48050e-02
 2.68362e-03  1.53320e-02
 2.70301e-03  1.51818e-02
 2.82332e-03  1.52737e-02
 2.68362e-03  1.53320e-02

 3.49740e-03  1.48050e-02
 3.06060e-03  1.52222e-02
 3.10312e-03  1.50769e-02
 3.20767e-03  1.51864e-02
 3.06060e-03  1.52222e-02

 2.07465e-04  1.53750e-02
 2.02023e-04  1.63416e-02
 1.27079e-04  1.62101e-02
 2.78443e-04  1.62110e-02
 2.02023e-04  1.63416e-02

 6.22396e-04  1.53750e-02
 5.60772e-04  1.63559e-02
 4.93457e-04  1.62203e-02
 6.44526e-04  1.62298e-02
 5.60772e-04  1.63559e-02

 1.03733e-03  1.53750e-02
 9.47112e-04  1.63301e-02
 8.84090e-04  1.61925e-02
 1.03479e-03  1.62067e-02
 9.47112e-04  1.63301e-02

 1.45226e-03  1.53750e-02
 1.32110e-03  1.62893e-02
 1.26480e-03  1.61487e-02
 1.41463e-03  1.61702e-02
 1.32110e-03  1.62893e-02

 1.86719e-03  1.53750e-02
 1.70317e-03  1.62248e-02
 1.65370e-03  1.60818e-02
 1.80233e-03  1.61105e-02
 1.70317e-03  1.62248e-02

 2.28212e-03  1.53750e-02
 2.08450e-03  1.61440e-02
 2.04382e-03  1.59982e-02
 2.19043e-03  1.60359e-02
 2.08450e-03  1.61440e-02

 2.69705e-03  1.53750e-02
 2.46995e-03  1.60472e-02
 2.44020e-03  1.58988e-02
 2.58361e-03  1.59472e-02
 2.46995e-03  1.60472e-02

 3.11198e-03  1.53750e-02
 2.85789e-03  1.59383e-02
 2.84280e-03  1.57877e-02
 2.98078e-03  1.58500e-02
 2.85789e-03  1.59383e-02

 3.52691e-03  1.53750e-02
 3.24960e-03  1.58201e-02
 3.25468e-03  1.56689e-02
 3.38315e-03  1.57489e-02
 3.24960e-03  1.58201e-02

 2.09201e-04  1.59450e-02
 2.07125e-04  1.69446e-02
 1.31714e-04  1.68133e-02
 2.83081e-04  1.68136e-02
 2.07125e-04  1.69446e-02

 6.27604e-04  1.59450e-02
 6.04092e-04  1.69587e-02
 5.31468e-04  1.68259e-02
 6.82794e-04  1.68294e-02
 6.04092e-04  1.69587e-02

 1.04601e-03  1.59450e-02
 1.01191e-03  1.69322e-02
 9.40796e-04  1.67986e-02
 1.09207e-03  1.68038e-02
 1.01191e-03  1.69322e-02

 1.46441e-03  1.59450e-02
 1.41430e-03  1.68896e-02
 1.34567e-03  1.67547e-02
 1.49683e-03  1.67627e-02
 1.41430e-03  1.68896e-02

 1.88281e-03  1.59450e-02
 1.81965e-03  1.68225e-02
 1.75357e-03  1.66864e-02
 1.90455e-03  1.66972e-02
 1.81965e-03  1.68225e-02

 2.30122e-03  1.59450e-02
 2.22410e-03  1.67385e-02
 2.16145e-03  1.66007e-02
 2.31211e-03  1.66153e-02
 2.22410e-03  1.67385e-02

 2.71962e-03  1.59450e-02
 2.62970e-03  1.66379e-02
 2.57151e-03  1.64982e-02
 2.72162e-03  1.65177e-02
 2.62970e-03  1.66379e-02

 3.13802e-03  1.59450e-02
 3.03572e-03  1.65248e-02
 2.98396e-03  1.63826e-02
 3.13303e-03  1.64089e-02
 3.03572e-03  1.65248e-02

 3.55642e-03  1.59450e-02
 3.44278e-03  1.64020e-02
 3.40097e-03  1.62565e-02
 3.54787e-03  1.62930e-02
 3.44278e-03  1.64020e-02

 2.10937e-04  1.65150e-02
 2.12156e-04  1.75166e-02
 1.36313e-04  1.73856e-02
 2.87680e-04  1.73854e-02
 2.12156e-04  1.75166e-02

 6.32812e-04  1.65150e-02
 6.46635e-04  1.75302e-02
 5.69174e-04  1.74002e-02
 7.20527e-04  1.73981e-02
 6.46635e-04  1.75302e-02

 1.05469e-03  1.65150e-02
 1.07539e-03  1.75037e-02
 9.96980e-04  1.73743e-02
 1.14831e-03  1.73711e-02
 1.07539e-03  1.75037e-02

 1.47656e-03  1.65150e-02
 1.50582e-03  1.74607e-02
 1.42612e-03  1.73321e-02
 1.57741e-03  1.73274e-02
 1.50582e-03  1.74607e-02

 1.89844e-03  1.65150e-02
 1.93415e-03  1.73933e-02
 1.85320e-03  1.72654e-02
 2.00444e-03  1.72593e-02
 1.93415e-03  1.73933e-02

 2.32031e-03  1.65150e-02
 2.36162e-03  1.73086e-02
 2.27923e-03  1.71816e-02
 2.43039e-03  1.71738e-02
 2.36162e-03  1.73086e-02

 2.74219e-03  1.65150e-02
 2.78739e-03  1.72073e-02
 2.70332e-03  1.70814e-02
 2.85437e-03  1.70716e-02
 2.78739e-03  1.72073e-02

 3.16406e-03  1.65150e-02
 3.21160e-03  1.70933e-02
 3.12543e-03  1.69689e-02
 3.27629e-03  1.69565e-02
 3.21160e-03  1.70933e-02

 3.58594e-03  1.65150e-02
 3.63417e-03  1.69694e-02
 3.54507e-03  1.68470e-02
 3.69560e-03  1.68310e-02
 3.63417e-03  1.69694e-02

 2.12674e-04  1.70850e-02
 2.17030e-04  1.80582e-02
 1.40760e-04  1.79275e-02
 2.92126e-04  1.79268e-02
 2.17030e-04  1.80582e-02

 6.38021e-04  1.70850e-02
 6.87385e-04  1.80706e-02
 6.05239e-04  1.79434e-02
 7.56416e-04  1.79358e-02
 6.87385e-04  1.80706e-02

 1.06337e-03  1.70850e-02
 1.13617e-03  1.80449e-02
 1.05079e-03  1.79199e-02
 1.20173e-03  1.79085e-02
 1.13617e-03  1.80449e-02

 1.48872e-03  1.70850e-02
 1.59362e-03  1.80028e-02
 1.50354e-03  1.78812e-02
 1.65393e-03  1.78640e-02
 1.59362e-03  1.80028e-02

 1.91406e-03  1.70850e-02
 2.04415e-03  1.79370e-02
 1.94955e-03  1.78188e-02
 2.09918e-03  1.77960e-02
 2.04415e-03  1.79370e-02

 2.33941e-03  1.70850e-02
 2.49402e-03  1.78541e-02
 2.39398e-03  1.77405e-02
 2.54238e-03  1.77107e-02
 2.49402e-03  1.78541e-02

 2.76476e-03  1.70850e-02
 2.93947e-03  1.77550e-02
 2.83316e-03  1.76473e-02
 2.97963e-03  1.76091e-02
 2.93947e-03  1.77550e-02

 3.19010e-03  1.70850e-02
 3.38154e-03  1.76434e-02
 3.26743e-03  1.75440e-02
 3.41062e-03  1.74949e-02
 3.38154e-03  1.76434e-02

 3.61545e-03  1.70850e-02
 3.81936e-03  1.75219e-02
 3.69534e-03  1.74351e-02
 3.83250e-03  1.73711e-02
 3.81936e-03  1.75219e-02

 2.14410e-04  1.76550e-02
 2.21659e-04  1.85723e-02
 1.44942e-04  1.84418e-02
 2.96305e-04  1.84406e-02
 2.21659e-04  1.85723e-02

 6.43229e-04  1.76550e-02
 7.25376e-04  1.85828e-02
 6.38426e-04  1.84589e-02
 7.89203e-04  1.84456e-02
 7.25376e-04  1.85828e-02

 1.07205e-03  1.76550e-02
 1.19292e-03  1.85585e-02
 1.10052e-03  1.84386e-02
 1.25055e-03  1.84185e-02
 1.19292e-03  1.85585e-02

 1.50087e-03  1.76550e-02
 1.67572e-03  1.85183e-02
 1.57552e-03  1.84049e-02
 1.72388e-03  1.83748e-02
 1.67572e-03  1.85183e-02

 1.92969e-03  1.76550e-02
 2.14716e-03  1.84558e-02
 2.03977e-03  1.83491e-02
 2.18585e-03  1.83095e-02
 2.14716e-03  1.84558e-02

 2.35851e-03  1.76550e-02
 2.61818e-03  1.83771e-02
 2.50260e-03  1.82793e-02
 2.64504e-03  1.82281e-02
 2.61818e-03  1.83771e-02

 2.78733e-03  1.76550e-02
 3.08230e-03  1.82829e-02
 2.95806e-03  1.81965e-02
 3.09506e-03  1.81321e-02
 3.08230e-03  1.82829e-02

 3.21615e-03  1.76550e-02
 3.54132e-03  1.81768e-02
 3.40776e-03  1.81056e-02
 3.53622e-03  1.80255e-02
 3.54132e-03  1.81768e-02

 3.64497e-03  1.76550e-02
 3.99365e-03  1.80612e-02
 3.85083e-03  1.80110e-02
 3.96568e-03  1.79124e-02
 3.99365e-03  1.80612e-02

 2.16146e-04  1.82250e-02
 2.25973e-04  1.90619e-02
 1.48756e-04  1.89317e-02
 3.00112e-04  1.89299e-02
 2.25973e-04  1.90619e-02

 6.48438e-04  1.82250e-02
 7.59745e-04  1.90700e-02
 6.67590e-04  1.89499e-02
 8.17661e-04  1.89302e-02
 7.59745e-04  1.90700e-02

 1.08073e-03  1.82250e-02
 1.24441e-03  1.90475e-02
 1.14460e-03  1.89337e-02
 1.29305e-03  1.89042e-02
 1.24441e-03  1.90475e-02

 1.51302e-03  1.82250e-02
 1.75028e-03  1.90101e-02
 1.63991e-03  1.89065e-02
 1.78481e-03  1.88627e-02
 1.75028e-03  1.90101e-02

 1.94531e-03  1.82250e-02
 2.24081e-03  1.89525e-02
 2.12136e-03  1.88595e-02
 2.26160e-03  1.88025e-02
 2.24081e-03  1.89525e-02

 2.37760e-03  1.82250e-02
 2.73115e-03  1.88798e-02
 2.60228e-03  1.88004e-02
 2.73547e-03  1.87285e-02
 2.73115e-03  1.88798e-02

 2.80990e-03  1.82250e-02
 3.21234e-03  1.87930e-02
 3.07480e-03  1.87298e-02
 3.19831e-03  1.86423e-02
 3.21234e-03  1.87930e-02

 3.24219e-03  1.82250e-02
 3.68687e-03  1.86952e-02
 3.54181e-03  1.86520e-02
 3.65179e-03  1.85479e-02
 3.68687e-03  1.86952e-02

 3.67448e-03  1.82250e-02
 4.15245e-03  1.85885e-02
 4.00230e-03  1.85694e-02
 4.09393e-03  1.84489e-02
 4.15245e-03  1.85885e-02

 2.17882e-04  1.87950e-02
 2.29869e-04  1.95303e-02
 1.52059e-04  1.94005e-02
 3.03405e-04  1.93980e-02
 2.29869e-04  1.95303e-02

 6.53646e-04  1.87950e-02
 7.89399e-04  1.95355e-02
 6.91318e-04  1.94202e-02
 8.40203e-04  1.93929e-02
 7.89399e-04  1.95355e-02

 1.08941e-03  1.87950e-02
 1.28905e-03  1.95152e-02
 1.18110e-03  1.94091e-02
 1.32696e-03  1.93687e-02
 1.28905e-03  1.95152e-02

 1.52517e-03  1.87950e-02
 1.81490e-03  1.94813e-02
 1.69419e-03  1.93900e-02
 1.83364e-03  1.93311e-02
 1.81490e-03  1.94813e-02

 1.96094e-03  1.87950e-02
 2.32200e-03  1.94300e-02
 2.19141e-03  1.93535e-02
 2.32300e-03  1.92786e-02
 2.32200e-03  1.94300e-02

 2.39670e-03  1.87950e-02
 2.82908e-03  1.93653e-02
 2.68958e-03  1.93066e-02
 2.81020e-03  1.92152e-02
 2.82908e-03  1.93653e-02

 2.83247e-03  1.87950e-02
 3.32504e-03  1.92882e-02
 3.17886e-03  1.92489e-02
 3.28596e-03  1.91420e-02
 3.32504e-03  1.92882e-02

 3.26823e-03  1.87950e-02
 3.81300e-03  1.92013e-02
 3.66267e-03  1.91836e-02
 3.75316e-03  1.90622e-02
 3.81300e-03  1.92013e-02

 3.70399e-03  1.87950e-02
 4.29002e-03  1.91065e-02
 4.13874e-03  1.91118e-02
 4.20979e-03  1.89781e-02
 4.29002e-03  1.91065e-02

 2.19618e-04  1.93650e-02
 2.33268e-04  1.99837e-02
 1.54711e-04  1.98543e-02
 3.06041e-04  1.98510e-02
 2.33268e-04  1.99837e-02

 6.58854e-04  1.93650e-02
 8.13309e-04  1.99852e-02
 7.08190e-04  1.98763e-02
 8.55070e-04  1.98397e-02
 8.13309e-04  1.99852e-02

 1.09809e-03  1.93650e-02
 1.32527e-03  1.99674e-02
 1.20820e-03  1.98715e-02
 1.34983e-03  1.98181e-02
 1.32527e-03  1.99674e-02

 1.53733e-03  1.93650e-02
 1.86716e-03  1.99377e-02
 1.73615e-03  1.98618e-02
 1.86732e-03  1.97863e-02
 1.86716e-03  1.99377e-02

 1.97656e-03  1.93650e-02
 2.38759e-03  1.98938e-02
 2.24739e-03  1.98367e-02
 2.36690e-03  1.97438e-02
 2.38759e-03  1.98938e-02

 2.41580e-03  1.93650e-02
 2.90807e-03  1.98385e-02
 2.76112e-03  1.98022e-02
 2.86605e-03  1.96931e-02
 2.90807e-03  1.98385e-02

 2.85503e-03  1.93650e-02
 3.41580e-03  1.97727e-02
 3.26527e-03  1.97569e-02
 3.35429e-03  1.96344e-02
 3.41580e-03  1.97727e-02

 3.29427e-03  1.93650e-02
 3.91441e-03  1.96986e-02
 3.76311e-03  1.97032e-02
 3.83483e-03  1.95699e-02
 3.91441e-03  1.96986e-02

 3.73351e-03  1.93650e-02
 4.40049e-03  1.96180e-02
 4.25108e-03  1.96423e-02
 4.30477e-03  1.95007e-02
 4.40049e-03  1.96180e-02

 2.21354e-04  1.99350e-02
 2.36000e-04  2.04246e-02
 1.56431e-04  2.02959e-02
 3.07730e-04  2.02913e-02
 2.36000e-04  2.04246e-02

 6.64062e-04  1.99350e-02
 8.29756e-04  2.04220e-02
 7.15883e-04  2.03223e-02
 8.59184e-04  2.02735e-02
 8.29756e-04  2.04220e-02

 1.10677e-03  1.99350e-02
 1.35035e-03  2.04073e-02
 1.22300e-03  2.03255e-02
 1.35753e-03  2.02561e-02
 1.35035e-03  2.04073e-02

 1.54948e-03  1.99350e-02
 1.90305e-03  2.03825e-02
 1.76240e-03  2.03266e-02
 1.88117e-03  2.02327e-02
 1.90305e-03  2.03825e-02

 1.99219e-03  1.99350e-02
 2.43245e-03  2.03473e-02
 2.28503e-03  2.03129e-02
 2.38850e-03  2.02024e-02
 2.43245e-03  2.03473e-02

 2.43490e-03  1.99350e-02
 2.96184e-03  2.03029e-02
 2.81103e-03  2.02899e-02
 2.89768e-03  2.01658e-02
 2.96184e-03  2.03029e-02

 2.87760e-03  1.99350e-02
 3.47743e-03  2.02503e-02
 3.32618e-03  2.02563e-02
 3.39661e-03  2.01223e-02
 3.47743e-03  2.02503e-02

 3.32031e-03  1.99350e-02
 3.98315e-03  2.01910e-02
 3.83360e-03  2.02144e-02
 3.88814e-03  2.00732e-02
 3.98315e-03  2.01910e-02

 3.76302e-03  1.99350e-02
 4.47529e-03  2.01266e-02
 4.32904e-03  2.01657e-02
 4.36836e-03  2.00195e-02
 4.47529e-03  2.01266e-02

 2.23090e-04  2.05050e-02
 2.38015e-04  2.08655e-02
 1.56974e-04  2.07377e-02
 3.08211e-04  2.07314e-02
 2.38015e-04  2.08655e-02

 6.69271e-04  2.05050e-02
 8.37651e-04  2.08584e-02
 7.12943e-04  2.07726e-02
 8.49593e-04  2.07075e-02
 8.37651e-04  2.08584e-02

 1.11545e-03  2.05050e-02
 1.36227e-03  2.08469e-02
 1.22418e-03  2.07849e-02
 1.34692e-03  2.06964e-02
 1.36227e-03  2.08469e-02

 1.56163e-03  2.05050e-02
 1.91940e-03  2.08274e-02
 1.77135e-03  2.07959e-02
 1.87268e-03  2.06834e-02
 1.91940e-03  2.08274e-02

 2.00781e-03  2.05050e-02
 2.45242e-03  2.08011e-02
 2.30136e-03  2.07914e-02
 2.38526e-03  2.06654e-02
 2.45242e-03  2.08011e-02

 2.45399e-03  2.05050e-02
 2.98540e-03  2.07678e-02
 2.83435e-03  2.07775e-02
 2.90144e-03  2.06418e-02
 2.98540e-03  2.07678e-02

 2.90017e-03  2.05050e-02
 3.50415e-03  2.07285e-02
 3.35494e-03  2.07540e-02
 3.40748e-03  2.06121e-02
 3.50415e-03  2.07285e-02

 3.34635e-03  2.05050e-02
 4.01281e-03  2.06844e-02
 3.86656e-03  2.07234e-02
 3.90589e-03  2.05772e-02
 4.01281e-03  2.06844e-02

 3.79253e-03  2.05050e-02
 4.50754e-03  2.06365e-02
 4.36493e-03  2.06872e-02
 4.39230e-03  2.05383e-02
 4.50754e-03  2.06365e-02

 2.24826e-04  2.10750e-02
 2.38932e-04  2.13023e-02
 1.55276e-04  2.11762e-02
 3.06352e-04  2.11668e-02
 2.38932e-04  2.13023e-02

 6.74479e-04  2.10750e-02
 8.33528e-04  2.12925e-02
 6.95056e-04  2.12313e-02
 8.17237e-04  2.11420e-02
 8.33528e-04  2.12925e-02

 1.12413e-03  2.10750e-02
 1.35537e-03  2.12853e-02
 1.20747e-03  2.12531e-02
 1.30933e-03  2.11412e-02
 1.35537e-03  2.12853e-02

 1.57378e-03  2.10750e-02
 1.90835e-03  2.12722e-02
 1.75699e-03  2.12709e-02
 1.83386e-03  2.11405e-02
 1.90835e-03  2.12722e-02

 2.02344e-03  2.10750e-02
 2.43779e-03  2.12558e-02
 2.28737e-03  2.12728e-02
 2.34792e-03  2.11340e-02
 2.43779e-03  2.12558e-02

 2.47309e-03  2.10750e-02
 2.96742e-03  2.12347e-02
 2.81941e-03  2.12664e-02
 2.86594e-03  2.11224e-02
 2.96742e-03  2.12347e-02

 2.92274e-03  2.10750e-02
 3.48336e-03  2.12100e-02
 3.33820e-03  2.12529e-02
 3.37363e-03  2.11057e-02
 3.48336e-03  2.12100e-02

 3.37240e-03  2.10750e-02
 3.98985e-03  2.11821e-02
 3.84776e-03  2.12343e-02
 3.87362e-03  2.10851e-02
 3.98985e-03  2.11821e-02

 3.82205e-03  2.10750e-02
 4.48314e-03  2.11519e-02
 4.34418e-03  2.12119e-02
 4.36167e-03  2.10616e-02
 4.48314e-03  2.11519e-02

 2.26562e-04  2.16450e-02
 2.38909e-04  2.17664e-02
 1.50349e-04  2.16436e-02
 3.00939e-04  2.16283e-02
 2.38909e-04  2.17664e-02

 6.79687e-04  2.16450e-02
 8.17000e-04  2.17548e-02
 6.67352e-04  2.17320e-02
 7.61872e-04  2.16138e-02
 8.17000e-04  2.17548e-02

 1.13281e-03  2.16450e-02
 1.32781e-03  2.17514e-02
 1.17649e-03  2.17551e-02
 1.24901e-03  2.16222e-02
 1.32781e-03  2.17514e-02

 1.58594e-03  2.16450e-02
 1.86730e-03  2.17434e-02
 1.71857e-03  2.17716e-02
 1.76855e-03  2.16287e-02
 1.86730e-03  2.17434e-02

 2.03906e-03  2.16450e-02
 2.38539e-03  2.17347e-02
 2.23952e-03  2.17751e-02
 2.27746e-03  2.16286e-02
 2.38539e-03  2.17347e-02

 2.49219e-03  2.16450e-02
 2.90437e-03  2.17229e-02
 2.76151e-03  2.17729e-02
 2.78961e-03  2.16242e-02
 2.90437e-03  2.17229e-02

 2.94531e-03  2.16450e-02
 3.41136e-03  2.17093e-02
 3.27115e-03  2.17664e-02
 3.29185e-03  2.16164e-02
 3.41136e-03  2.17093e-02

 3.39844e-03  2.16450e-02
 3.91045e-03  2.16939e-02
 3.77276e-03  2.17568e-02
 3.78715e-03  2.16061e-02
 3.91045e-03  2.16939e-02

 3.85156e-03  2.16450e-02
 4.39820e-03  2.16773e-02
 4.26288e-03  2.17451e-02
 4.27181e-03  2.15940e-02
 4.39820e-03  2.16773e-02

 2.28299e-04  2.22150e-02
 2.36807e-04  2.22254e-02
 9.53472e-05  2.21716e-02
 2.12723e-04  2.20760e-02
 2.36807e-04  2.22254e-02

 6.84896e-04  2.22150e-02
 7.66891e-04  2.22241e-02
 6.28259e-04  2.22849e-02
 6.44947e-04  2.21344e-02
 7.66891e-04  2.22241e-02

 1.14149e-03  2.22150e-02
 1.25588e-03  2.22240e-02
 1.11926e-03  2.22892e-02
 1.13114e-03  2.21383e-02
 1.25588e-03  2.22240e-02

 1.59809e-03  2.22150e-02
 1.76229e-03  2.22232e-02
 1.62757e-03  2.22923e-02
 1.63515e-03  2.21411e-02
 1.76229e-03  2.22232e-02

 2.05469e-03  2.22150e-02
 2.25566e-03  2.22225e-02
 2.12183e-03  2.22932e-02
 2.12749e-03  2.21420e-02
 2.25566e-03  2.22225e-02

 2.51128e-03  2.22150e-02
 2.74977e-03  2.22215e-02
 2.61668e-03  2.22936e-02
 2.62079e-03  2.21423e-02
 2.74977e-03  2.22215e-02

 2.96788e-03  2.22150e-02
 3.23672e-03  2.22203e-02
 3.10417e-03  2.22934e-02
 3.10716e-03  2.21421e-02
 3.23672e-03  2.22203e-02

 3.42448e-03  2.22150e-02
 3.71908e-03  2.22190e-02
 3.58699e-03  2.22929e-02
 3.58903e-03  2.21415e-02
 3.71908e-03  2.22190e-02

 3.88108e-03  2.22150e-02
 4.19478e-03  2.22175e-02
 4.06308e-03  2.22922e-02
 4.06431e-03  2.21408e-02
 4.19478e-03  2.22175e-02

 3.76510e-03  1.13850e-02
 3.26182e-03  1.13928e-02
 3.39173e-03  1.13151e-02
 3.39407e-03  1.14664e-02
 3.26182e-03  1.13928e-02

 4.26406e-03  1.13850e-02
 3.73936e-03  1.13897e-02
 3.86977e-03  1.13128e-02
 3.87111e-03  1.14642e-02
 3.73936e-03  1.13897e-02

 4.76302e-03  1.13850e-02
 4.23085e-03  1.13867e-02
 4.36170e-03  1.13106e-02
 4.36218e-03  1.14619e-02
 4.23085e-03  1.13867e-02

 5.26198e-03  1.13850e-02
 4.73554e-03  1.13839e-02
 4.86678e-03  1.13085e-02
 4.86647e-03  1.14599e-02
 4.73554e-03  1.13839e-02

 5.76094e-03  1.13850e-02
 5.25213e-03  1.13815e-02
 5.38374e-03  1.13067e-02
 5.38268e-03  1.14580e-02
 5.25213e-03  1.13815e-02

 6.25990e-03  1.13850e-02
 5.77911e-03  1.13793e-02
 5.91108e-03  1.13052e-02
 5.90929e-03  1.14565e-02
 5.77911e-03  1.13793e-02

 6.75885e-03  1.13850e-02
 6.31513e-03  1.13775e-02
 6.44748e-03  1.13040e-02
 6.44492e-03  1.14554e-02
 6.31513e-03  1.13775e-02

 7.25781e-03  1.13850e-02
 6.85858e-03  1.13759e-02
 6.99135e-03  1.13032e-02
 6.98792e-03  1.14546e-02
 6.85858e-03  1.13759e-02

 7.75677e-03  1.13850e-02
 7.40845e-03  1.13747e-02
 7.54173e-03  1.13029e-02
 7.53724e-03  1.14542e-02
 7.40845e-03  1.13747e-02

 8.25573e-03  1.13850e-02
 7.96243e-03  1.13737e-02
 8.09634e-03  1.13031e-02
 8.09051e-03  1.14544e-02
 7.96243e-03  1.13737e-02

 8.75469e-03  1.13850e-02
 8.52063e-03  1.13731e-02
 8.65539e-03  1.13042e-02
 8.64771e-03  1.14553e-02
 8.52063e-03  1.13731e-02

 9.25365e-03  1.13850e-02
 9.07756e-03  1.13730e-02
 9.21350e-03  1.13064e-02
 9.20318e-03  1.14574e-02
 9.07756e-03  1.13730e-02

 9.75260e-03  1.13850e-02
 9.63816e-03  1.13733e-02
 9.77624e-03  1.13113e-02
 9.76091e-03  1.14619e-02
 9.63816e-03  1.13733e-02

 1.02516e-02  1.13850e-02
 1.01848e-02  1.13746e-02
 1.03259e-02  1.13200e-02
 1.03026e-02  1.14695e-02
 1.01848e-02  1.13746e-02

 1.07505e-02  1.13850e-02
 1.07436e-02  1.13767e-02
 1.08856e-02  1.14292e-02
 1.07691e-02  1.15259e-02
 1.07436e-02  1.13767e-02

 3.79531e-03  1.19550e-02
 2.98489e-03  1.20412e-02
 3.10724e-03  1.19521e-02
 3.12325e-03  1.21026e-02
 2.98489e-03  1.20412e-02

 4.29219e-03  1.19550e-02
 3.44832e-03  1.20056e-02
 3.57464e-03  1.19222e-02
 3.58370e-03  1.20733e-02
 3.44832e-03  1.20056e-02

 4.78906e-03  1.19550e-02
 3.93384e-03  1.19713e-02
 4.06346e-03  1.18932e-02
 4.06635e-03  1.20445e-02
 3.93384e-03  1.19713e-02

 5.28594e-03  1.19550e-02
 4.44010e-03  1.19399e-02
 4.57252e-03  1.18665e-02
 4.56981e-03  1.20179e-02
 4.44010e-03  1.19399e-02

 5.78281e-03  1.19550e-02
 4.96528e-03  1.19118e-02
 5.10018e-03  1.18432e-02
 5.09219e-03  1.19943e-02
 4.96528e-03  1.19118e-02

 6.27969e-03  1.19550e-02
 5.50734e-03  1.18873e-02
 5.64453e-03  1.18234e-02
 5.63132e-03  1.19742e-02
 5.50734e-03  1.18873e-02

 6.77656e-03  1.19550e-02
 6.06412e-03  1.18662e-02
 6.20356e-03  1.18073e-02
 6.18485e-03  1.19575e-02
 6.06412e-03  1.18662e-02

 7.27344e-03  1.19550e-02
 6.63339e-03  1.18484e-02
 6.77513e-03  1.17953e-02
 6.75026e-03  1.19446e-02
 6.63339e-03  1.18484e-02

 7.77031e-03  1.19550e-02
 7.21352e-03  1.18338e-02
 7.35771e-03  1.17877e-02
 7.32551e-03  1.19356e-02
 7.21352e-03  1.18338e-02

 8.26719e-03  1.19550e-02
 7.80082e-03  1.18229e-02
 7.94757e-03  1.17858e-02
 7.90632e-03  1.19315e-02
 7.80082e-03  1.18229e-02

 8.76406e-03  1.19550e-02
 8.39511e-03  1.18162e-02
 8.54445e-03  1.17915e-02
 8.49117e-03  1.19332e-02
 8.39511e-03  1.18162e-02

 9.26094e-03  1.19550e-02
 8.98742e-03  1.18150e-02
 9.13859e-03  1.18073e-02
 9.06962e-03  1.19421e-02
 8.98742e-03  1.18150e-02

 9.75781e-03  1.19550e-02
 9.58427e-03  1.18203e-02
 9.73423e-03  1.18409e-02
 9.64142e-03  1.19605e-02
 9.58427e-03  1.18203e-02

 1.02547e-02  1.19550e-02
 1.01574e-02  1.18354e-02
 1.02989e-02  1.18894e-02
 1.01814e-02  1.19849e-02
 1.01574e-02  1.18354e-02

 1.07516e-02  1.19550e-02
 1.07431e-02  1.18749e-02
 1.08321e-02  1.19973e-02
 1.06816e-02  1.20131e-02
 1.07431e-02  1.18749e-02

 3.82552e-03  1.25250e-02
 2.94381e-03  1.26480e-02
 3.06318e-03  1.25550e-02
 3.08410e-03  1.27049e-02
 2.94381e-03  1.26480e-02

 4.32031e-03  1.25250e-02
 3.40212e-03  1.25899e-02
 3.52754e-03  1.25052e-02
 3.53822e-03  1.26562e-02
 3.40212e-03  1.25899e-02

 4.81510e-03  1.25250e-02
 3.88299e-03  1.25341e-02
 4.01333e-03  1.24571e-02
 4.01480e-03  1.26085e-02
 3.88299e-03  1.25341e-02

 5.30990e-03  1.25250e-02
 4.38565e-03  1.24825e-02
 4.52008e-03  1.24129e-02
 4.51312e-03  1.25641e-02
 4.38565e-03  1.24825e-02

 5.80469e-03  1.25250e-02
 4.90890e-03  1.24360e-02
 5.04682e-03  1.23737e-02
 5.03186e-03  1.25243e-02
 4.90890e-03  1.24360e-02

 6.29948e-03  1.25250e-02
 5.45107e-03  1.23949e-02
 5.59211e-03  1.23400e-02
 5.56917e-03  1.24896e-02
 5.45107e-03  1.23949e-02

 6.79427e-03  1.25250e-02
 6.01042e-03  1.23591e-02
 6.15434e-03  1.23122e-02
 6.12299e-03  1.24603e-02
 6.01042e-03  1.23591e-02

 7.28906e-03  1.25250e-02
 6.58451e-03  1.23285e-02
 6.73111e-03  1.22908e-02
 6.69045e-03  1.24366e-02
 6.58451e-03  1.23285e-02

 7.78385e-03  1.25250e-02
 7.17149e-03  1.23036e-02
 7.32050e-03  1.22770e-02
 7.26904e-03  1.24194e-02
 7.17149e-03  1.23036e-02

 8.27865e-03  1.25250e-02
 7.76712e-03  1.22853e-02
 7.91794e-03  1.22724e-02
 7.85372e-03  1.24095e-02
 7.76712e-03  1.22853e-02

 8.77344e-03  1.25250e-02
 8.37056e-03  1.22751e-02
 8.52185e-03  1.22799e-02
 8.44206e-03  1.24085e-02
 8.37056e-03  1.22751e-02

 9.26823e-03  1.25250e-02
 8.97189e-03  1.22750e-02
 9.12089e-03  1.23017e-02
 9.02329e-03  1.24174e-02
 8.97189e-03  1.22750e-02

 9.76302e-03  1.25250e-02
 9.57669e-03  1.22887e-02
 9.71728e-03  1.23448e-02
 9.59842e-03  1.24385e-02
 9.57669e-03  1.22887e-02

 1.02578e-02  1.25250e-02
 1.01552e-02  1.23204e-02
 1.02816e-02  1.24036e-02
 1.01463e-02  1.24715e-02
 1.01552e-02  1.23204e-02

 1.07526e-02  1.25250e-02
 1.07438e-02  1.23937e-02
 1.08281e-02  1.25194e-02
 1.06771e-02  1.25296e-02
 1.07438e-02  1.23937e-02

 3.85573e-03  1.30950e-02
 3.00005e-03  1.32774e-02
 3.11248e-03  1.31761e-02
 3.14404e-03  1.33241e-02
 3.00005e-03  1.32774e-02

 4.34844e-03  1.30950e-02
 3.45628e-03  1.31919e-02
 3.57843e-03  1.31025e-02
 3.59477e-03  1.32529e-02
 3.45628e-03  1.31919e-02

 4.84115e-03  1.30950e-02
 3.93347e-03  1.31089e-02
 4.06339e-03  1.30312e-02
 4.06571e-03  1.31826e-02
 3.93347e-03  1.31089e-02

 5.33385e-03  1.30950e-02
 4.43156e-03  1.30312e-02
 4.56766e-03  1.29649e-02
 4.55698e-03  1.31159e-02
 4.43156e-03  1.30312e-02

 5.82656e-03  1.30950e-02
 4.94985e-03  1.29600e-02
 5.09092e-03  1.29052e-02
 5.06789e-03  1.30548e-02
 4.94985e-03  1.29600e-02

 6.31927e-03  1.30950e-02
 5.48728e-03  1.28961e-02
 5.63237e-03  1.28530e-02
 5.59718e-03  1.30002e-02
 5.48728e-03  1.28961e-02

 6.81198e-03  1.30950e-02
 6.04243e-03  1.28397e-02
 6.19068e-03  1.28091e-02
 6.14301e-03  1.29528e-02
 6.04243e-03  1.28397e-02

 7.30469e-03  1.30950e-02
 6.61294e-03  1.27913e-02
 6.76339e-03  1.27747e-02
 6.70254e-03  1.29133e-02
 6.61294e-03  1.27913e-02

 7.79740e-03  1.30950e-02
 7.19691e-03  1.27520e-02
 7.34827e-03  1.27513e-02
 7.27320e-03  1.28827e-02
 7.19691e-03  1.27520e-02

 8.29010e-03  1.30950e-02
 7.78992e-03  1.27234e-02
 7.94028e-03  1.27408e-02
 7.85001e-03  1.28623e-02
 7.78992e-03  1.27234e-02

 8.78281e-03  1.30950e-02
 8.39066e-03  1.27082e-02
 8.53713e-03  1.27463e-02
 8.43083e-03  1.28541e-02
 8.39066e-03  1.27082e-02

 9.27552e-03  1.30950e-02
 8.98910e-03  1.27094e-02
 9.12802e-03  1.27695e-02
 9.00651e-03  1.28598e-02
 8.98910e-03  1.27094e-02

 9.76823e-03  1.30950e-02
 9.58974e-03  1.27330e-02
 9.71559e-03  1.28171e-02
 9.57984e-03  1.28841e-02
 9.58974e-03  1.27330e-02

 1.02609e-02  1.30950e-02
 1.01640e-02  1.27844e-02
 1.02753e-02  1.28870e-02
 1.01308e-02  1.29321e-02
 1.01640e-02  1.27844e-02

 1.07536e-02  1.30950e-02
 1.07453e-02  1.28998e-02
 1.08265e-02  1.30276e-02
 1.06753e-02  1.30340e-02
 1.07453e-02  1.28998e-02

 3.88594e-03  1.36650e-02
 3.12721e-03  1.38886e-02
 3.23156e-03  1.37789e-02
 3.27435e-03  1.39241e-02
 3.12721e-03  1.38886e-02

 4.37656e-03  1.36650e-02
 3.58416e-03  1.37821e-02
 3.70277e-03  1.36881e-02
 3.72490e-03  1.38378e-02
 3.58416e-03  1.37821e-02

 4.86719e-03  1.36650e-02
 4.05912e-03  1.36781e-02
 4.18896e-03  1.36003e-02
 4.19141e-03  1.37517e-02
 4.05912e-03  1.36781e-02

 5.35781e-03  1.36650e-02
 4.55239e-03  1.35794e-02
 4.69074e-03  1.35180e-02
 4.67475e-03  1.36685e-02
 4.55239e-03  1.35794e-02

 5.84844e-03  1.36650e-02
 5.06390e-03  1.34879e-02
 5.20844e-03  1.34429e-02
 5.17511e-03  1.35906e-02
 5.06390e-03  1.34879e-02

 6.33906e-03  1.36650e-02
 5.59307e-03  1.34046e-02
 5.74178e-03  1.33763e-02
 5.69189e-03  1.35192e-02
 5.59307e-03  1.34046e-02

 6.82969e-03  1.36650e-02
 6.13880e-03  1.33304e-02
 6.28976e-03  1.33194e-02
 6.22379e-03  1.34556e-02
 6.13880e-03  1.33304e-02

 7.32031e-03  1.36650e-02
 6.69903e-03  1.32666e-02
 6.85024e-03  1.32736e-02
 6.76852e-03  1.34010e-02
 6.69903e-03  1.32666e-02

 7.81094e-03  1.36650e-02
 7.27193e-03  1.32149e-02
 7.42106e-03  1.32408e-02
 7.32404e-03  1.33570e-02
 7.27193e-03  1.32149e-02

 8.30156e-03  1.36650e-02
 7.85333e-03  1.31778e-02
 7.99778e-03  1.32230e-02
 7.88638e-03  1.33255e-02
 7.85333e-03  1.31778e-02

 8.79219e-03  1.36650e-02
 8.44172e-03  1.31590e-02
 8.57857e-03  1.32236e-02
 8.45414e-03  1.33098e-02
 8.44172e-03  1.31590e-02

 9.28281e-03  1.36650e-02
 9.02780e-03  1.31627e-02
 9.15463e-03  1.32453e-02
 9.01966e-03  1.33139e-02
 9.02780e-03  1.31627e-02

 9.77344e-03  1.36650e-02
 9.61525e-03  1.31969e-02
 9.72892e-03  1.32969e-02
 9.58552e-03  1.33453e-02
 9.61525e-03  1.31969e-02

 1.02641e-02  1.36650e-02
 1.01784e-02  1.32672e-02
 1.02800e-02  1.33794e-02
 1.01320e-02  1.34113e-02
 1.01784e-02  1.32672e-02

 1.07547e-02  1.36650e-02
 1.07474e-02  1.34182e-02
 1.08269e-02  1.35470e-02
 1.06756e-02  1.35514e-02
 1.07474e-02  1.34182e-02

 3.91615e-03  1.42350e-02
 3.29117e-03  1.44990e-02
 3.38249e-03  1.43782e-02
 3.44138e-03  1.45177e-02
 3.29117e-03  1.44990e-02

 4.40469e-03  1.42350e-02
 3.75054e-03  1.43738e-02
 3.86306e-03  1.42726e-02
 3.89448e-03  1.44207e-02
 3.75054e-03  1.43738e-02

 4.89323e-03  1.42350e-02
 4.22445e-03  1.42506e-02
 4.35374e-03  1.41719e-02
 4.35727e-03  1.43232e-02
 4.22445e-03  1.42506e-02

 5.38177e-03  1.42350e-02
 4.71347e-03  1.41325e-02
 4.85452e-03  1.40775e-02
 4.83157e-03  1.42272e-02
 4.71347e-03  1.41325e-02

 5.87031e-03  1.42350e-02
 5.21788e-03  1.40216e-02
 5.36599e-03  1.39904e-02
 5.31894e-03  1.41343e-02
 5.21788e-03  1.40216e-02

 6.35885e-03  1.42350e-02
 5.73732e-03  1.39198e-02
 5.88846e-03  1.39116e-02
 5.82000e-03  1.40466e-02
 5.73732e-03  1.39198e-02

 6.84740e-03  1.42350e-02
 6.27105e-03  1.38286e-02
 6.42180e-03  1.38423e-02
 6.33457e-03  1.39660e-02
 6.27105e-03  1.38286e-02

 7.33594e-03  1.42350e-02
 6.81738e-03  1.37500e-02
 6.96481e-03  1.37842e-02
 6.86141e-03  1.38948e-02
 6.81738e-03  1.37500e-02

 7.82448e-03  1.42350e-02
 7.37466e-03  1.36864e-02
 7.51631e-03  1.37398e-02
 7.39926e-03  1.38358e-02
 7.37466e-03  1.36864e-02

 8.31302e-03  1.42350e-02
 7.93930e-03  1.36412e-02
 8.07318e-03  1.37119e-02
 7.94508e-03  1.37925e-02
 7.93930e-03  1.36412e-02

 8.80156e-03  1.42350e-02
 8.50986e-03  1.36192e-02
 8.63437e-03  1.37052e-02
 8.49757e-03  1.37700e-02
 8.50986e-03  1.36192e-02

 9.29010e-03  1.42350e-02
 9.07835e-03  1.36254e-02
 9.19285e-03  1.37244e-02
 9.04987e-03  1.37740e-02
 9.07835e-03  1.36254e-02

 9.77865e-03  1.42350e-02
 9.64767e-03  1.36692e-02
 9.75097e-03  1.37799e-02
 9.60350e-03  1.38140e-02
 9.64767e-03  1.36692e-02

 1.02672e-02  1.42350e-02
 1.01964e-02  1.37567e-02
 1.02905e-02  1.38753e-02
 1.01407e-02  1.38975e-02
 1.01964e-02  1.37567e-02

 1.07557e-02  1.42350e-02
 1.07497e-02  1.39400e-02
 1.08280e-02  1.40695e-02
 1.06767e-02  1.40726e-02
 1.07497e-02  1.39400e-02

 3.94635e-03  1.48050e-02
 3.47909e-03  1.50965e-02
 3.55024e-03  1.49629e-02
 3.63037e-03  1.50914e-02
 3.47909e-03  1.50965e-02

 4.43281e-03  1.48050e-02
 3.94224e-03  1.49579e-02
 4.04487e-03  1.48466e-02
 4.08991e-03  1.49911e-02
 3.94224e-03  1.49579e-02

 4.91927e-03  1.48050e-02
 4.41612e-03  1.48205e-02
 4.54481e-03  1.47408e-02
 4.54948e-03  1.48921e-02
 4.41612e-03  1.48205e-02

 5.40573e-03  1.48050e-02
 4.90139e-03  1.46877e-02
 5.04622e-03  1.46437e-02
 5.01192e-03  1.47911e-02
 4.90139e-03  1.46877e-02

 5.89219e-03  1.48050e-02
 5.39846e-03  1.45620e-02
 5.54949e-03  1.45520e-02
 5.48266e-03  1.46878e-02
 5.39846e-03  1.45620e-02

 6.37865e-03  1.48050e-02
 5.90721e-03  1.44459e-02
 6.05735e-03  1.44651e-02
 5.96563e-03  1.45855e-02
 5.90721e-03  1.44459e-02

 6.86510e-03  1.48050e-02
 6.42717e-03  1.43414e-02
 6.57221e-03  1.43847e-02
 6.46217e-03  1.44887e-02
 6.42717e-03  1.43414e-02

 7.35156e-03  1.48050e-02
 6.95705e-03  1.42512e-02
 7.09475e-03  1.43141e-02
 6.97147e-03  1.44019e-02
 6.95705e-03  1.42512e-02

 7.83802e-03  1.48050e-02
 7.49559e-03  1.41785e-02
 7.62487e-03  1.42572e-02
 7.49205e-03  1.43298e-02
 7.49559e-03  1.41785e-02

 8.32448e-03  1.48050e-02
 8.03994e-03  1.41272e-02
 8.16046e-03  1.42188e-02
 8.02090e-03  1.42774e-02
 8.03994e-03  1.41272e-02

 8.81094e-03  1.48050e-02
 8.58891e-03  1.41029e-02
 8.70060e-03  1.42051e-02
 8.55628e-03  1.42507e-02
 8.58891e-03  1.41029e-02

 9.29740e-03  1.48050e-02
 9.13630e-03  1.41115e-02
 9.23968e-03  1.42220e-02
 9.09224e-03  1.42563e-02
 9.13630e-03  1.41115e-02

 9.78385e-03  1.48050e-02
 9.68427e-03  1.41634e-02
 9.77916e-03  1.42814e-02
 9.62959e-03  1.43046e-02
 9.68427e-03  1.41634e-02

 1.02703e-02  1.48050e-02
 1.02164e-02  1.42647e-02
 1.03048e-02  1.43876e-02
 1.01541e-02  1.44027e-02
 1.02164e-02  1.42647e-02

 1.07568e-02  1.48050e-02
 1.07522e-02  1.44728e-02
 1.08297e-02  1.46028e-02
 1.06783e-02  1.46049e-02
 1.07522e-02  1.44728e-02

 3.97656e-03  1.53750e-02
 3.67829e-03  1.56856e-02
 3.71449e-03  1.55387e-02
 3.82367e-03  1.56435e-02
 3.67829e-03  1.56856e-02

 4.46094e-03  1.53750e-02
 4.14598e-03  1.55375e-02
 4.22776e-03  1.54102e-02
 4.29718e-03  1.55447e-02
 4.14598e-03  1.55375e-02

 4.94531e-03  1.53750e-02
 4.62047e-03  1.53900e-02
 4.74792e-03  1.53084e-02
 4.75492e-03  1.54596e-02
 4.62047e-03  1.53900e-02

 5.42969e-03  1.53750e-02
 5.10239e-03  1.52466e-02
 5.25207e-03  1.52240e-02
 5.19678e-03  1.53649e-02
 5.10239e-03  1.52466e-02

 5.91406e-03  1.53750e-02
 5.59219e-03  1.51101e-02
 5.74150e-03  1.51349e-02
 5.64531e-03  1.52518e-02
 5.59219e-03  1.51101e-02

 6.39844e-03  1.53750e-02
 6.08992e-03  1.49833e-02
 6.23049e-03  1.50394e-02
 6.11157e-03  1.51331e-02
 6.08992e-03  1.49833e-02

 6.88281e-03  1.53750e-02
 6.59534e-03  1.48690e-02
 6.72589e-03  1.49456e-02
 6.59428e-03  1.50203e-02
 6.59534e-03  1.48690e-02

 7.36719e-03  1.53750e-02
 7.10761e-03  1.47701e-02
 7.22885e-03  1.48608e-02
 7.08976e-03  1.49204e-02
 7.10761e-03  1.47701e-02

 7.85156e-03  1.53750e-02
 7.62588e-03  1.46907e-02
 7.73881e-03  1.47914e-02
 7.59506e-03  1.48389e-02
 7.62588e-03  1.46907e-02

 8.33594e-03  1.53750e-02
 8.14822e-03  1.46349e-02
 8.25381e-03  1.47433e-02
 8.10709e-03  1.47805e-02
 8.14822e-03  1.46349e-02

 8.82031e-03  1.53750e-02
 8.67375e-03  1.46090e-02
 8.77272e-03  1.47235e-02
 8.62405e-03  1.47520e-02
 8.67375e-03  1.46090e-02

 9.30469e-03  1.53750e-02
 9.19833e-03  1.46194e-02
 9.29155e-03  1.47386e-02
 9.14166e-03  1.47597e-02
 9.19833e-03  1.46194e-02

 9.78906e-03  1.53750e-02
 9.72330e-03  1.46773e-02
 9.81095e-03  1.48007e-02
 9.66025e-03  1.48149e-02
 9.72330e-03  1.46773e-02

 1.02734e-02  1.53750e-02
 1.02379e-02  1.47885e-02
 1.03213e-02  1.49147e-02
 1.01702e-02  1.49239e-02
 1.02379e-02  1.47885e-02

 1.07578e-02  1.53750e-02
 1.07548e-02  1.50148e-02
 1.08316e-02  1.51452e-02
 1.06802e-02  1.51465e-02
 1.07548e-02  1.50148e-02

 4.00677e-03  1.59450e-02
 3.88217e-03  1.62629e-02
 3.85955e-03  1.61132e-02
 4.00047e-03  1.61685e-02
 3.88217e-03  1.62629e-02

 4.48906e-03  1.59450e-02
 4.35486e-03  1.61102e-02
 4.37877e-03  1.59607e-02
 4.49626e-03  1.60562e-02
 4.35486e-03  1.61102e-02

 4.97135e-03  1.59450e-02
 4.83036e-03  1.59575e-02
 4.95423e-03  1.58705e-02
 4.96763e-03  1.60213e-02
 4.83036e-03  1.59575e-02

 5.45365e-03  1.59450e-02
 5.30922e-03  1.58084e-02
 5.45646e-03  1.58435e-02
 5.35244e-03  1.59534e-02
 5.30922e-03  1.58084e-02

 5.93594e-03  1.59450e-02
 5.79189e-03  1.56659e-02
 5.91927e-03  1.57477e-02
 5.78477e-03  1.58171e-02
 5.79189e-03  1.56659e-02

 6.41823e-03  1.59450e-02
 6.27854e-03  1.55332e-02
 6.39232e-03  1.56330e-02
 6.24898e-03  1.56817e-02
 6.27854e-03  1.55332e-02

 6.90052e-03  1.59450e-02
 6.76916e-03  1.54133e-02
 6.87408e-03  1.55224e-02
 6.72713e-03  1.55587e-02
 6.76916e-03  1.54133e-02

 7.38281e-03  1.59450e-02
 7.26339e-03  1.53096e-02
 7.36199e-03  1.54245e-02
 7.21323e-03  1.54524e-02
 7.26339e-03  1.53096e-02

 7.86510e-03  1.59450e-02
 7.76078e-03  1.52264e-02
 7.85451e-03  1.53452e-02
 7.70472e-03  1.53670e-02
 7.76078e-03  1.52264e-02

 8.34740e-03  1.59450e-02
 8.26037e-03  1.51682e-02
 8.35018e-03  1.52900e-02
 8.19975e-03  1.53069e-02
 8.26037e-03  1.51682e-02

 8.82969e-03  1.59450e-02
 8.76165e-03  1.51417e-02
 8.84812e-03  1.52659e-02
 8.69730e-03  1.52787e-02
 8.76165e-03  1.51417e-02

 9.31198e-03  1.59450e-02
 9.26260e-03  1.51533e-02
 9.34630e-03  1.52794e-02
 9.19522e-03  1.52888e-02
 9.26260e-03  1.51533e-02

 9.79427e-03  1.59450e-02
 9.76375e-03  1.52147e-02
 9.84484e-03  1.53426e-02
 9.69360e-03  1.53489e-02
 9.76375e-03  1.52147e-02

 1.02766e-02  1.59450e-02
 1.02601e-02  1.53317e-02
 1.03392e-02  1.54607e-02
 1.01879e-02  1.54648e-02
 1.02601e-02  1.53317e-02

 1.07589e-02  1.59450e-02
 1.07574e-02  1.55683e-02
 1.08336e-02  1.56991e-02
 1.06823e-02  1.56997e-02
 1.07574e-02  1.55683e-02

 4.03698e-03  1.65150e-02
 4.08433e-03  1.68297e-02
 3.98999e-03  1.67114e-02
 4.13967e-03  1.66888e-02
 4.08433e-03  1.68297e-02

 4.51719e-03  1.65150e-02
 4.56205e-03  1.66769e-02
 4.45412e-03  1.65708e-02
 4.59999e-03  1.65304e-02
 4.56205e-03  1.66769e-02

 4.99740e-03  1.65150e-02
 5.03870e-03  1.65238e-02
 4.89477e-03  1.65706e-02
 4.92616e-03  1.64225e-02
 5.03870e-03  1.65238e-02

 5.47760e-03  1.65150e-02
 5.51472e-03  1.63737e-02
 5.55463e-03  1.65197e-02
 5.40822e-03  1.64812e-02
 5.51472e-03  1.63737e-02

 5.95781e-03  1.65150e-02
 5.99050e-03  1.62299e-02
 6.05076e-03  1.63688e-02
 5.90038e-03  1.63515e-02
 5.99050e-03  1.62299e-02

 6.43802e-03  1.65150e-02
 6.46636e-03  1.60958e-02
 6.53303e-03  1.62316e-02
 6.38200e-03  1.62214e-02
 6.46636e-03  1.60958e-02

 6.91823e-03  1.65150e-02
 6.94247e-03  1.59744e-02
 7.01220e-03  1.61088e-02
 6.86099e-03  1.61020e-02
 6.94247e-03  1.59744e-02

 7.39844e-03  1.65150e-02
 7.41892e-03  1.58695e-02
 7.49040e-03  1.60030e-02
 7.33911e-03  1.59982e-02
 7.41892e-03  1.58695e-02

 7.87865e-03  1.65150e-02
 7.89568e-03  1.57854e-02
 7.96828e-03  1.59182e-02
 7.81695e-03  1.59147e-02
 7.89568e-03  1.57854e-02

 8.35885e-03  1.65150e-02
 8.37273e-03  1.57268e-02
 8.44609e-03  1.58592e-02
 8.29475e-03  1.58566e-02
 8.37273e-03  1.57268e-02

 8.83906e-03  1.65150e-02
 8.84991e-03  1.57005e-02
 8.92384e-03  1.58326e-02
 8.77248e-03  1.58306e-02
 8.84991e-03  1.57005e-02

 9.31927e-03  1.65150e-02
 9.32734e-03  1.57128e-02
 9.40170e-03  1.58446e-02
 9.25034e-03  1.58431e-02
 9.32734e-03  1.57128e-02

 9.79948e-03  1.65150e-02
 9.80465e-03  1.57755e-02
 9.87941e-03  1.59071e-02
 9.72805e-03  1.59060e-02
 9.80465e-03  1.57755e-02

 1.02797e-02  1.65150e-02
 1.02827e-02  1.58941e-02
 1.03577e-02  1.60255e-02
 1.02063e-02  1.60248e-02
 1.02827e-02  1.58941e-02

 1.07599e-02  1.65150e-02
 1.07602e-02  1.61332e-02
 1.08357e-02  1.62644e-02
 1.06844e-02  1.62643e-02
 1.07602e-02  1.61332e-02

 4.06719e-03  1.70850e-02
 4.27995e-03  1.73858e-02
 4.14246e-03  1.73224e-02
 4.26603e-03  1.72350e-02
 4.27995e-03  1.73858e-02

 4.54531e-03  1.70850e-02
 4.76243e-03  1.72374e-02
 4.61166e-03  1.72240e-02
 4.69861e-03  1.71001e-02
 4.76243e-03  1.72374e-02

 5.02344e-03  1.70850e-02
 5.24016e-03  1.70884e-02
 5.10791e-03  1.71620e-02
 5.11026e-03  1.70107e-02
 5.24016e-03  1.70884e-02

 5.50156e-03  1.70850e-02
 5.71342e-03  1.69421e-02
 5.64708e-03  1.70781e-02
 5.56243e-03  1.69526e-02
 5.71342e-03  1.69421e-02

 5.97969e-03  1.70850e-02
 6.18262e-03  1.68018e-02
 6.16778e-03  1.69524e-02
 6.04474e-03  1.68643e-02
 6.18262e-03  1.68018e-02

 6.45781e-03  1.70850e-02
 6.64813e-03  1.66707e-02
 6.66218e-03  1.68214e-02
 6.52464e-03  1.67583e-02
 6.64813e-03  1.66707e-02

 6.93594e-03  1.70850e-02
 7.11034e-03  1.65522e-02
 7.14149e-03  1.67003e-02
 6.99763e-03  1.66532e-02
 7.11034e-03  1.65522e-02

 7.41406e-03  1.70850e-02
 7.56976e-03  1.64498e-02
 7.61206e-03  1.65951e-02
 7.46504e-03  1.65591e-02
 7.56976e-03  1.64498e-02

 7.89219e-03  1.70850e-02
 8.02673e-03  1.63678e-02
 8.07695e-03  1.65106e-02
 7.92817e-03  1.64827e-02
 8.02673e-03  1.63678e-02

 8.37031e-03  1.70850e-02
 8.48214e-03  1.63109e-02
 8.53831e-03  1.64515e-02
 8.38849e-03  1.64298e-02
 8.48214e-03  1.63109e-02

 8.84844e-03  1.70850e-02
 8.93612e-03  1.62856e-02
 8.99706e-03  1.64242e-02
 8.84659e-03  1.64077e-02
 8.93612e-03  1.62856e-02

 9.32656e-03  1.70850e-02
 9.39082e-03  1.62982e-02
 9.45558e-03  1.64350e-02
 9.30472e-03  1.64227e-02
 9.39082e-03  1.62982e-02

 9.80469e-03  1.70850e-02
 9.84496e-03  1.63600e-02
 9.91325e-03  1.64951e-02
 9.76212e-03  1.64867e-02
 9.84496e-03  1.63600e-02

 1.02828e-02  1.70850e-02
 1.03050e-02  1.64762e-02
 1.03759e-02  1.66100e-02
 1.02246e-02  1.66044e-02
 1.03050e-02  1.64762e-02

 1.07609e-02  1.70850e-02
 1.07628e-02  1.67102e-02
 1.08379e-02  1.68417e-02
 1.06865e-02  1.68409e-02
 1.07628e-02  1.67102e-02

 4.09740e-03  1.76550e-02
 4.46390e-03  1.79323e-02
 4.31370e-03  1.79135e-02
 4.40502e-03  1.77928e-02
 4.46390e-03  1.79323e-02

 4.57344e-03  1.76550e-02
 4.95050e-03  1.77925e-02
 4.80142e-03  1.78187e-02
 4.85328e-03  1.76765e-02
 4.95050e-03  1.77925e-02

 5.04948e-03  1.76550e-02
 5.42896e-03  1.76520e-02
 5.29848e-03  1.77287e-02
 5.29728e-03  1.75774e-02
 5.42896e-03  1.76520e-02

 5.52552e-03  1.76550e-02
 5.89947e-03  1.75140e-02
 5.80352e-03  1.76310e-02
 5.75011e-03  1.74894e-02
 5.89947e-03  1.75140e-02

 6.00156e-03  1.76550e-02
 6.36238e-03  1.73816e-02
 6.30361e-03  1.75211e-02
 6.21219e-03  1.74004e-02
 6.36238e-03  1.73816e-02

 6.47760e-03  1.76550e-02
 6.81818e-03  1.72578e-02
 6.79030e-03  1.74066e-02
 6.67540e-03  1.73081e-02
 6.81818e-03  1.72578e-02

 6.95365e-03  1.76550e-02
 7.26743e-03  1.71460e-02
 7.26307e-03  1.72973e-02
 7.13421e-03  1.72179e-02
 7.26743e-03  1.71460e-02

 7.42969e-03  1.76550e-02
 7.71101e-03  1.70495e-02
 7.72441e-03  1.72003e-02
 7.58714e-03  1.71365e-02
 7.71101e-03  1.70495e-02

 7.90573e-03  1.76550e-02
 8.14962e-03  1.69724e-02
 8.17678e-03  1.71213e-02
 8.03424e-03  1.70704e-02
 8.14962e-03  1.69724e-02

 8.38177e-03  1.76550e-02
 8.58495e-03  1.69191e-02
 8.62301e-03  1.70656e-02
 8.47711e-03  1.70254e-02
 8.58495e-03  1.69191e-02

 8.85781e-03  1.76550e-02
 9.01738e-03  1.68959e-02
 9.06448e-03  1.70397e-02
 8.91635e-03  1.70086e-02
 9.01738e-03  1.68959e-02

 9.33385e-03  1.76550e-02
 9.45092e-03  1.69084e-02
 9.50538e-03  1.70496e-02
 9.35585e-03  1.70262e-02
 9.45092e-03  1.69084e-02

 9.80990e-03  1.76550e-02
 9.88335e-03  1.69673e-02
 9.94469e-03  1.71057e-02
 9.79417e-03  1.70896e-02
 9.88335e-03  1.69673e-02

 1.02859e-02  1.76550e-02
 1.03265e-02  1.70776e-02
 1.03928e-02  1.72136e-02
 1.02418e-02  1.72030e-02
 1.03265e-02  1.70776e-02

 1.07620e-02  1.76550e-02
 1.07655e-02  1.72989e-02
 1.08399e-02  1.74308e-02
 1.06885e-02  1.74293e-02
 1.07655e-02  1.72989e-02

 4.12760e-03  1.82250e-02
 4.63115e-03  1.84704e-02
 4.48015e-03  1.84810e-02
 4.54646e-03  1.83449e-02
 4.63115e-03  1.84704e-02

 4.60156e-03  1.82250e-02
 5.12086e-03  1.83430e-02
 4.97626e-03  1.83877e-02
 5.00979e-03  1.82401e-02
 5.12086e-03  1.83430e-02

 5.07552e-03  1.82250e-02
 5.59947e-03  1.82149e-02
 5.46987e-03  1.82931e-02
 5.46694e-03  1.81417e-02
 5.59947e-03  1.82149e-02

 5.54948e-03  1.82250e-02
 6.06706e-03  1.80891e-02
 5.95949e-03  1.81956e-02
 5.92104e-03  1.80492e-02
 6.06706e-03  1.80891e-02

 6.02344e-03  1.82250e-02
 6.52397e-03  1.79684e-02
 6.44184e-03  1.80956e-02
 6.37279e-03  1.79609e-02
 6.52397e-03  1.79684e-02

 6.49740e-03  1.82250e-02
 6.97080e-03  1.78558e-02
 6.91398e-03  1.79961e-02
 6.82088e-03  1.78767e-02
 6.97080e-03  1.78558e-02

 6.97135e-03  1.82250e-02
 7.40826e-03  1.77541e-02
 7.37458e-03  1.79017e-02
 7.26362e-03  1.77987e-02
 7.40826e-03  1.77541e-02

 7.44531e-03  1.82250e-02
 7.83760e-03  1.76665e-02
 7.82418e-03  1.78173e-02
 7.70031e-03  1.77303e-02
 7.83760e-03  1.76665e-02

 7.91927e-03  1.82250e-02
 8.25979e-03  1.75968e-02
 8.26385e-03  1.77481e-02
 8.13078e-03  1.76760e-02
 8.25979e-03  1.75968e-02

 8.39323e-03  1.82250e-02
 8.67723e-03  1.75490e-02
 8.69624e-03  1.76991e-02
 8.55668e-03  1.76405e-02
 8.67723e-03  1.75490e-02

 8.86719e-03  1.82250e-02
 9.09050e-03  1.75285e-02
 9.12254e-03  1.76765e-02
 8.97841e-03  1.76303e-02
 9.09050e-03  1.75285e-02

 9.34115e-03  1.82250e-02
 9.50519e-03  1.75408e-02
 9.54822e-03  1.76860e-02
 9.40103e-03  1.76507e-02
 9.50519e-03  1.75408e-02

 9.81510e-03  1.82250e-02
 9.91823e-03  1.75953e-02
 9.97173e-03  1.77369e-02
 9.82236e-03  1.77124e-02
 9.91823e-03  1.75953e-02

 1.02891e-02  1.82250e-02
 1.03461e-02  1.76964e-02
 1.04073e-02  1.78349e-02
 1.02568e-02  1.78186e-02
 1.03461e-02  1.76964e-02

 1.07630e-02  1.82250e-02
 1.07679e-02  1.78984e-02
 1.08416e-02  1.80306e-02
 1.06903e-02  1.80283e-02
 1.07679e-02  1.78984e-02

 4.15781e-03  1.87950e-02
 4.77547e-03  1.90022e-02
 4.62712e-03  1.90323e-02
 4.67526e-03  1.88888e-02
 4.77547e-03  1.90022e-02

 4.62969e-03  1.87950e-02
 5.26693e-03  1.88905e-02
 5.12608e-03  1.89459e-02
 5.14851e-03  1.87962e-02
 5.26693e-03  1.88905e-02

 5.10156e-03  1.87950e-02
 5.74486e-03  1.87783e-02
 5.61579e-03  1.88573e-02
 5.61185e-03  1.87060e-02
 5.74486e-03  1.87783e-02

 5.57344e-03  1.87950e-02
 6.20929e-03  1.86681e-02
 6.09555e-03  1.87680e-02
 6.06593e-03  1.86196e-02
 6.20929e-03  1.86681e-02

 6.04531e-03  1.87950e-02
 6.66056e-03  1.85626e-02
 6.56466e-03  1.86798e-02
 6.51119e-03  1.85382e-02
 6.66056e-03  1.85626e-02

 6.51719e-03  1.87950e-02
 7.09936e-03  1.84643e-02
 7.02276e-03  1.85949e-02
 6.94800e-03  1.84632e-02
 7.09936e-03  1.84643e-02

 6.98906e-03  1.87950e-02
 7.52657e-03  1.83757e-02
 7.46975e-03  1.85160e-02
 7.37666e-03  1.83967e-02
 7.52657e-03  1.83757e-02

 7.46094e-03  1.87950e-02
 7.94371e-03  1.82997e-02
 7.90641e-03  1.84464e-02
 7.79801e-03  1.83407e-02
 7.94371e-03  1.82997e-02

 7.93281e-03  1.87950e-02
 8.35203e-03  1.82394e-02
 8.33350e-03  1.83896e-02
 8.21266e-03  1.82984e-02
 8.35203e-03  1.82394e-02

 8.40469e-03  1.87950e-02
 8.75449e-03  1.81984e-02
 8.75348e-03  1.83497e-02
 8.62290e-03  1.82732e-02
 8.75449e-03  1.81984e-02

 8.87656e-03  1.87950e-02
 9.15181e-03  1.81814e-02
 9.16721e-03  1.83320e-02
 9.02910e-03  1.82701e-02
 9.15181e-03  1.81814e-02

 9.34844e-03  1.87950e-02
 9.55083e-03  1.81933e-02
 9.58077e-03  1.83417e-02
 9.43730e-03  1.82934e-02
 9.55083e-03  1.81933e-02

 9.82031e-03  1.87950e-02
 9.94778e-03  1.82419e-02
 9.99209e-03  1.83866e-02
 9.84459e-03  1.83526e-02
 9.94778e-03  1.82419e-02

 1.02922e-02  1.87950e-02
 1.03629e-02  1.83313e-02
 1.04179e-02  1.84723e-02
 1.02683e-02  1.84495e-02
 1.03629e-02  1.83313e-02

 1.07641e-02  1.87950e-02
 1.07701e-02  1.85079e-02
 1.08430e-02  1.86405e-02
 1.06917e-02  1.86373e-02
 1.07701e-02  1.85079e-02

 4.18802e-03  1.93650e-02
 4.89057e-03  1.95299e-02
 4.74566e-03  1.95736e-02
 4.78024e-03  1.94263e-02
 4.89057e-03  1.95299e-02

 4.65781e-03  1.93650e-02
 5.38210e-03  1.94362e-02
 5.24424e-03  1.94987e-02
 5.25905e-03  1.93481e-02
 5.38210e-03  1.94362e-02

 5.12760e-03  1.93650e-02
 5.85836e-03  1.93422e-02
 5.72969e-03  1.94219e-02
 5.72498e-03  1.92707e-02
 5.85836e-03  1.93422e-02

 5.59740e-03  1.93650e-02
 6.31931e-03  1.92502e-02
 6.20174e-03  1.93455e-02
 6.17796e-03  1.91960e-02
 6.31931e-03  1.92502e-02

 6.06719e-03  1.93650e-02
 6.76535e-03  1.91622e-02
 6.66059e-03  1.92714e-02
 6.61835e-03  1.91260e-02
 6.76535e-03  1.91622e-02

 6.53698e-03  1.93650e-02
 7.19727e-03  1.90803e-02
 7.10686e-03  1.92017e-02
 7.04693e-03  1.90627e-02
 7.19727e-03  1.90803e-02

 7.00677e-03  1.93650e-02
 7.61608e-03  1.90068e-02
 7.54143e-03  1.91385e-02
 7.46471e-03  1.90080e-02
 7.61608e-03  1.90068e-02

 7.47656e-03  1.93650e-02
 8.02352e-03  1.89439e-02
 7.96582e-03  1.90838e-02
 7.87348e-03  1.89639e-02
 8.02352e-03  1.89439e-02

 7.94635e-03  1.93650e-02
 8.42108e-03  1.88943e-02
 8.38128e-03  1.90404e-02
 8.27470e-03  1.89329e-02
 8.42108e-03  1.88943e-02

 8.41615e-03  1.93650e-02
 8.81210e-03  1.88611e-02
 8.79062e-03  1.90109e-02
 8.67160e-03  1.89174e-02
 8.81210e-03  1.88611e-02

 8.88594e-03  1.93650e-02
 9.19745e-03  1.88480e-02
 9.19462e-03  1.89994e-02
 9.06497e-03  1.89212e-02
 9.19745e-03  1.88480e-02

 9.35573e-03  1.93650e-02
 9.58479e-03  1.88593e-02
 9.59965e-03  1.90099e-02
 9.46176e-03  1.89474e-02
 9.58479e-03  1.88593e-02

 9.82552e-03  1.93650e-02
 9.96989e-03  1.89009e-02
 1.00032e-02  1.90486e-02
 9.85868e-03  1.90036e-02
 9.96989e-03  1.89009e-02

 1.02953e-02  1.93650e-02
 1.03754e-02  1.89768e-02
 1.04230e-02  1.91205e-02
 1.02748e-02  1.90899e-02
 1.03754e-02  1.89768e-02

 1.07651e-02  1.93650e-02
 1.07720e-02  1.91239e-02
 1.08439e-02  1.92571e-02
 1.06926e-02  1.92527e-02
 1.07720e-02  1.91239e-02

 4.21823e-03  1.99350e-02
 4.96747e-03  2.00568e-02
 4.82594e-03  2.01105e-02
 4.85023e-03  1.99611e-02
 4.96747e-03  2.00568e-02

 4.68594e-03  1.99350e-02
 5.45723e-03  1.99832e-02
 5.32168e-03  2.00505e-02
 5.33111e-03  1.98995e-02
 5.45723e-03  1.99832e-02

 5.15365e-03  1.99350e-02
 5.93076e-03  1.99095e-02
 5.80223e-03  1.99894e-02
 5.79726e-03  1.98381e-02
 5.93076e-03  1.99095e-02

 5.62135e-03  1.99350e-02
 6.38818e-03  1.98375e-02
 6.26769e-03  1.99291e-02
 6.24859e-03  1.97789e-02
 6.38818e-03  1.98375e-02

 6.08906e-03  1.99350e-02
 6.82974e-03  1.97688e-02
 6.71840e-03  1.98713e-02
 6.68526e-03  1.97236e-02
 6.82974e-03  1.97688e-02

 6.55677e-03  1.99350e-02
 7.25641e-03  1.97051e-02
 7.15550e-03  1.98179e-02
 7.10825e-03  1.96741e-02
 7.25641e-03  1.97051e-02

 7.02448e-03  1.99350e-02
 7.66931e-03  1.96481e-02
 7.58031e-03  1.97705e-02
 7.51878e-03  1.96322e-02
 7.66931e-03  1.96481e-02

 7.49219e-03  1.99350e-02
 8.07033e-03  1.95995e-02
 7.99493e-03  1.97308e-02
 7.91896e-03  1.95999e-02
 8.07033e-03  1.95995e-02

 7.95990e-03  1.99350e-02
 8.46108e-03  1.95615e-02
 8.40120e-03  1.97005e-02
 8.31074e-03  1.95791e-02
 8.46108e-03  1.95615e-02

 8.42760e-03  1.99350e-02
 8.84513e-03  1.95364e-02
 8.80258e-03  1.96817e-02
 8.69806e-03  1.95722e-02
 8.84513e-03  1.95364e-02

 8.89531e-03  1.99350e-02
 9.22348e-03  1.95273e-02
 9.20024e-03  1.96769e-02
 9.08232e-03  1.95820e-02
 9.22348e-03  1.95273e-02

 9.36302e-03  1.99350e-02
 9.60412e-03  1.95375e-02
 9.60085e-03  1.96888e-02
 9.47143e-03  1.96103e-02
 9.60412e-03  1.95375e-02

 9.83073e-03  1.99350e-02
 9.98269e-03  1.95714e-02
 1.00020e-02  1.97215e-02
 9.86231e-03  1.96631e-02
 9.98269e-03  1.95714e-02

 1.02984e-02  1.99350e-02
 1.03827e-02  1.96323e-02
 1.04205e-02  1.97789e-02
 1.02747e-02  1.97383e-02
 1.03827e-02  1.96323e-02

 1.07661e-02  1.99350e-02
 1.07734e-02  1.97462e-02
 1.08440e-02  1.98801e-02
 1.06927e-02  1.98743e-02
 1.07734e-02  1.97462e-02

 4.24844e-03  2.05050e-02
 4.99903e-03  2.05850e-02
 4.86066e-03  2.06464e-02
 4.87670e-03  2.04958e-02
 4.99903e-03  2.05850e-02

 4.71406e-03  2.05050e-02
 5.48505e-03  2.05312e-02
 5.35147e-03  2.06024e-02
 5.35661e-03  2.04511e-02
 5.48505e-03  2.05312e-02

 5.17969e-03  2.05050e-02
 5.95491e-03  2.04776e-02
 5.82659e-03  2.05578e-02
 5.82123e-03  2.04066e-02
 5.95491e-03  2.04776e-02

 5.64531e-03  2.05050e-02
 6.40873e-03  2.04253e-02
 6.28621e-03  2.05142e-02
 6.27050e-03  2.03637e-02
 6.40873e-03  2.04253e-02

 6.11094e-03  2.05050e-02
 6.84690e-03  2.03757e-02
 6.73089e-03  2.04729e-02
 6.70469e-03  2.03238e-02
 6.84690e-03  2.03757e-02

 6.57656e-03  2.05050e-02
 7.27038e-03  2.03298e-02
 7.16180e-03  2.04353e-02
 7.12475e-03  2.02885e-02
 7.27038e-03  2.03298e-02

 7.04219e-03  2.05050e-02
 7.68034e-03  2.02889e-02
 7.58045e-03  2.04026e-02
 7.53190e-03  2.02593e-02
 7.68034e-03  2.02889e-02

 7.50781e-03  2.05050e-02
 8.07872e-03  2.02543e-02
 7.98913e-03  2.03763e-02
 7.92826e-03  2.02377e-02
 8.07872e-03  2.02543e-02

 7.97344e-03  2.05050e-02
 8.46718e-03  2.02273e-02
 8.39002e-03  2.03576e-02
 8.31582e-03  2.02256e-02
 8.46718e-03  2.02273e-02

 8.43906e-03  2.05050e-02
 8.84933e-03  2.02100e-02
 8.78708e-03  2.03480e-02
 8.69871e-03  2.02251e-02
 8.84933e-03  2.02100e-02

 8.90469e-03  2.05050e-02
 9.22621e-03  2.02043e-02
 9.18216e-03  2.03491e-02
 9.07877e-03  2.02386e-02
 9.22621e-03  2.02043e-02

 9.37031e-03  2.05050e-02
 9.60577e-03  2.02130e-02
 9.58239e-03  2.03626e-02
 9.46457e-03  2.02676e-02
 9.60577e-03  2.02130e-02

 9.83594e-03  2.05050e-02
 9.98385e-03  2.02387e-02
 9.98636e-03  2.03901e-02
 9.85404e-03  2.03166e-02
 9.98385e-03  2.02387e-02

 1.03016e-02  2.05050e-02
 1.03833e-02  2.02845e-02
 1.04087e-02  2.04337e-02
 1.02668e-02  2.03811e-02
 1.03833e-02  2.02845e-02

 1.07672e-02  2.05050e-02
 1.07742e-02  2.03664e-02
 1.08432e-02  2.05011e-02
 1.06920e-02  2.04934e-02
 1.07742e-02  2.03664e-02

 4.27865e-03  2.10750e-02
 4.97098e-03  2.11197e-02
 4.83528e-03  2.11868e-02
 4.84504e-03  2.10358e-02
 4.97098e-03  2.11197e-02

 4.74219e-03  2.10750e-02
 5.45152e-03  2.10865e-02
 5.31923e-03  2.11600e-02
 5.32168e-03  2.10087e-02
 5.45152e-03  2.10865e-02

 5.20573e-03  2.10750e-02
 5.91727e-03  2.10534e-02
 5.78853e-03  2.11330e-02
 5.78395e-03  2.09817e-02
 5.91727e-03  2.10534e-02

 5.66927e-03  2.10750e-02
 6.36830e-03  2.10213e-02
 6.24339e-03  2.11068e-02
 6.23180e-03  2.09559e-02
 6.36830e-03  2.10213e-02

 6.13281e-03  2.10750e-02
 6.80513e-03  2.09910e-02
 6.68444e-03  2.10823e-02
 6.66567e-03  2.09321e-02
 6.80513e-03  2.09910e-02

 6.59635e-03  2.10750e-02
 7.22867e-03  2.09630e-02
 7.11279e-03  2.10604e-02
 7.08640e-03  2.09113e-02
 7.22867e-03  2.09630e-02

 7.05990e-03  2.10750e-02
 7.64006e-03  2.09381e-02
 7.52985e-03  2.10419e-02
 7.49509e-03  2.08946e-02
 7.64006e-03  2.09381e-02

 7.52344e-03  2.10750e-02
 8.04110e-03  2.09172e-02
 7.93779e-03  2.10278e-02
 7.89364e-03  2.08830e-02
 8.04110e-03  2.09172e-02

 7.98698e-03  2.10750e-02
 8.43340e-03  2.09010e-02
 8.33875e-03  2.10191e-02
 8.28377e-03  2.08781e-02
 8.43340e-03  2.09010e-02

 8.45052e-03  2.10750e-02
 8.82027e-03  2.08908e-02
 8.73669e-03  2.10170e-02
 8.66919e-03  2.08815e-02
 8.82027e-03  2.08908e-02

 8.91406e-03  2.10750e-02
 9.20274e-03  2.08879e-02
 9.13390e-03  2.10227e-02
 9.05158e-03  2.08957e-02
 9.20274e-03  2.08879e-02

 9.37760e-03  2.10750e-02
 9.58813e-03  2.08943e-02
 9.53797e-03  2.10371e-02
 9.43937e-03  2.09222e-02
 9.58813e-03  2.08943e-02

 9.84115e-03  2.10750e-02
 9.97278e-03  2.09111e-02
 9.94970e-03  2.10607e-02
 9.83169e-03  2.09659e-02
 9.97278e-03  2.09111e-02

 1.03047e-02  2.10750e-02
 1.03773e-02  2.09412e-02
 1.03813e-02  2.10925e-02
 1.02483e-02  2.10203e-02
 1.03773e-02  2.09412e-02

 1.07682e-02  2.10750e-02
 1.07745e-02  2.09897e-02
 1.08404e-02  2.11260e-02
 1.06894e-02  2.11149e-02
 1.07745e-02  2.09897e-02

 4.30885e-03  2.16450e-02
 4.87947e-03  2.16598e-02
 4.74646e-03  2.17321e-02
 4.75040e-03  2.15808e-02
 4.87947e-03  2.16598e-02

 4.77031e-03  2.16450e-02
 5.35300e-03  2.16421e-02
 5.22229e-03  2.17185e-02
 5.22154e-03  2.15671e-02
 5.35300e-03  2.16421e-02

 5.23177e-03  2.16450e-02
 5.81441e-03  2.16246e-02
 5.68605e-03  2.17048e-02
 5.68076e-03  2.15536e-02
 5.81441e-03  2.16246e-02

 5.69323e-03  2.16450e-02
 6.26385e-03  2.16077e-02
 6.13798e-03  2.16918e-02
 6.12811e-03  2.15407e-02
 6.26385e-03  2.16077e-02

 6.15469e-03  2.16450e-02
 6.70179e-03  2.15918e-02
 6.57865e-03  2.16798e-02
 6.56399e-03  2.15291e-02
 6.70179e-03  2.15918e-02

 6.61615e-03  2.16450e-02
 7.12902e-03  2.15772e-02
 7.00899e-03  2.16694e-02
 6.98914e-03  2.15193e-02
 7.12902e-03  2.15772e-02

 7.07760e-03  2.16450e-02
 7.54650e-03  2.15643e-02
 7.43016e-03  2.16611e-02
 7.40447e-03  2.15119e-02
 7.54650e-03  2.15643e-02

 7.53906e-03  2.16450e-02
 7.95578e-03  2.15534e-02
 7.84399e-03  2.16555e-02
 7.81151e-03  2.15077e-02
 7.95578e-03  2.15534e-02

 8.00052e-03  2.16450e-02
 8.35813e-03  2.15452e-02
 8.25222e-03  2.16533e-02
 8.21152e-03  2.15075e-02
 8.35813e-03  2.15452e-02

 8.46198e-03  2.16450e-02
 8.75638e-03  2.15402e-02
 8.65828e-03  2.16554e-02
 8.60750e-03  2.15128e-02
 8.75638e-03  2.15402e-02

 8.92344e-03  2.16450e-02
 9.15134e-03  2.15390e-02
 9.06442e-03  2.16629e-02
 9.00056e-03  2.15256e-02
 9.15134e-03  2.15390e-02

 9.38490e-03  2.16450e-02
 9.54930e-03  2.15429e-02
 9.47789e-03  2.16763e-02
 9.39801e-03  2.15477e-02
 9.54930e-03  2.15429e-02

 9.84635e-03  2.16450e-02
 9.94734e-03  2.15520e-02
 9.90222e-03  2.16964e-02
 9.79965e-03  2.15851e-02
 9.94734e-03  2.15520e-02

 1.03078e-02  2.16450e-02
 1.03627e-02  2.15687e-02
 1.03476e-02  2.17193e-02
 1.02247e-02  2.16309e-02
 1.03627e-02  2.15687e-02

 1.07693e-02  2.16450e-02
 1.07739e-02  2.15946e-02
 1.08372e-02  2.17321e-02
 1.06865e-02  2.17181e-02
 1.07739e-02  2.15946e-02

 4.33906e-03  2.22150e-02
 4.66550e-03  2.22161e-02
 4.53417e-03  2.22913e-02
 4.53466e-03  2.21399e-02
 4.66550e-03  2.22161e-02

 4.79844e-03  2.22150e-02
 5.13086e-03  2.22146e-02
 4.99988e-03  2.22904e-02
 4.99967e-03  2.21390e-02
 5.13086e-03  2.22146e-02

 5.25781e-03  2.22150e-02
 5.58937e-03  2.22131e-02
 5.45872e-03  2.22895e-02
 5.45784e-03  2.21382e-02
 5.58937e-03  2.22131e-02

 5.71719e-03  2.22150e-02
 6.04114e-03  2.22116e-02
 5.91085e-03  2.22887e-02
 5.90928e-03  2.21373e-02
 6.04114e-03  2.22116e-02

 6.17656e-03  2.22150e-02
 6.48647e-03  2.22103e-02
 6.35655e-03  2.22880e-02
 6.35425e-03  2.21366e-02
 6.48647e-03  2.22103e-02

 6.63594e-03  2.22150e-02
 6.92584e-03  2.22091e-02
 6.79633e-03  2.22874e-02
 6.79323e-03  2.21361e-02
 6.92584e-03  2.22091e-02

 7.09531e-03  2.22150e-02
 7.35983e-03  2.22080e-02
 7.23080e-03  2.22871e-02
 7.22679e-03  2.21358e-02
 7.35983e-03  2.22080e-02

 7.55469e-03  2.22150e-02
 7.78936e-03  2.22071e-02
 7.66090e-03  2.22871e-02
 7.65579e-03  2.21359e-02
 7.78936e-03  2.22071e-02

 8.01406e-03  2.22150e-02
 8.21516e-03  2.22064e-02
 8.08743e-03  2.22876e-02
 8.08095e-03  2.21364e-02
 8.21516e-03  2.22064e-02

 8.47344e-03  2.22150e-02
 8.63888e-03  2.22060e-02
 8.51212e-03  2.22887e-02
 8.50386e-03  2.21375e-02
 8.63888e-03  2.22060e-02

 8.93281e-03  2.22150e-02
 9.06094e-03  2.22059e-02
 8.93557e-03  2.22907e-02
 8.92480e-03  2.21397e-02
 9.06094e-03  2.22059e-02

 9.39219e-03  2.22150e-02
 9.48488e-03  2.22062e-02
 9.36153e-03  2.22939e-02
 9.34724e-03  2.21432e-02
 9.48488e-03  2.22062e-02

 9.85156e-03  2.22150e-02
 9.90893e-03  2.22069e-02
 9.78964e-03  2.23001e-02
 9.76860e-03  2.21502e-02
 9.90893e-03  2.22069e-02

 1.03109e-02  2.22150e-02
 1.03427e-02  2.22085e-02
 1.02296e-02  2.23091e-02
 1.01990e-02  2.21608e-02
 1.03427e-02  2.22085e-02

 1.07703e-02  2.22150e-02
 1.07735e-02  2.22098e-02
 1.07699e-02  2.23611e-02
 1.06406e-02  2.22824e-02
 1.07735e-02  2.22098e-02

