#[ Fluid velocity 2D plot data file: flw.dat ]
 1.95313e-04  1.13850e-02
 1.95313e-04  1.13850e-02
 6.42249e-05  1.14607e-02
 6.42249e-05  1.13093e-02
 1.95313e-04  1.13850e-02

 5.85937e-04  1.13850e-02
 3.20977e-04  1.13850e-02
 4.52065e-04  1.13093e-02
 4.52065e-04  1.14607e-02
 3.20977e-04  1.13850e-02

 9.76562e-04  1.13850e-02
 6.25838e-04  1.13850e-02
 7.56925e-04  1.13093e-02
 7.56925e-04  1.14607e-02
 6.25838e-04  1.13850e-02

 1.36719e-03  1.13850e-02
 8.58337e-04  1.13850e-02
 9.89425e-04  1.13093e-02
 9.89425e-04  1.14607e-02
 8.58337e-04  1.13850e-02

 1.75781e-03  1.13850e-02
 1.13526e-03  1.13850e-02
 1.26635e-03  1.13093e-02
 1.26635e-03  1.14607e-02
 1.13526e-03  1.13850e-02

 2.14844e-03  1.13850e-02
 1.40911e-03  1.13850e-02
 1.54020e-03  1.13093e-02
 1.54020e-03  1.14607e-02
 1.40911e-03  1.13850e-02

 2.53906e-03  1.13850e-02
 1.70329e-03  1.13850e-02
 1.83438e-03  1.13093e-02
 1.83438e-03  1.14607e-02
 1.70329e-03  1.13850e-02

 2.92969e-03  1.13850e-02
 2.01044e-03  1.13850e-02
 2.14152e-03  1.13093e-02
 2.14152e-03  1.14607e-02
 2.01044e-03  1.13850e-02

 3.32031e-03  1.13850e-02
 2.33711e-03  1.13850e-02
 2.46820e-03  1.13093e-02
 2.46820e-03  1.14607e-02
 2.33711e-03  1.13850e-02

 1.97049e-04  1.19550e-02
 1.97049e-04  1.24233e-02
 1.21365e-04  1.22922e-02
 2.72732e-04  1.22922e-02
 1.97049e-04  1.24233e-02

 5.91146e-04  1.19550e-02
 1.88336e-04  1.23926e-02
 2.21431e-04  1.22449e-02
 3.32799e-04  1.23474e-02
 1.88336e-04  1.23926e-02

 9.85243e-04  1.19550e-02
 4.36296e-04  1.23785e-02
 4.93851e-04  1.22385e-02
 5.86315e-04  1.23584e-02
 4.36296e-04  1.23785e-02

 1.37934e-03  1.19550e-02
 5.84058e-04  1.23522e-02
 6.67518e-04  1.22259e-02
 7.35149e-04  1.23613e-02
 5.84058e-04  1.23522e-02

 1.77344e-03  1.19550e-02
 7.99391e-04  1.23223e-02
 8.95347e-04  1.22052e-02
 9.48751e-04  1.23468e-02
 7.99391e-04  1.23223e-02

 2.16753e-03  1.19550e-02
 1.01518e-03  1.22852e-02
 1.12035e-03  1.21763e-02
 1.16204e-03  1.23218e-02
 1.01518e-03  1.22852e-02

 2.56163e-03  1.19550e-02
 1.26555e-03  1.22424e-02
 1.37715e-03  1.21401e-02
 1.40992e-03  1.22879e-02
 1.26555e-03  1.22424e-02

 2.95573e-03  1.19550e-02
 1.53916e-03  1.21924e-02
 1.65594e-03  1.20961e-02
 1.68095e-03  1.22453e-02
 1.53916e-03  1.21924e-02

 3.34983e-03  1.19550e-02
 1.84357e-03  1.21359e-02
 1.96470e-03  1.20451e-02
 1.98275e-03  1.21954e-02
 1.84357e-03  1.21359e-02

 1.98785e-04  1.25250e-02
 1.98785e-04  1.32725e-02
 1.23101e-04  1.31414e-02
 2.74468e-04  1.31414e-02
 1.98785e-04  1.32725e-02

 5.96354e-04  1.25250e-02
 1.48482e-04  1.32565e-02
 1.52381e-04  1.31052e-02
 2.81476e-04  1.31843e-02
 1.48482e-04  1.32565e-02

 9.93924e-04  1.25250e-02
 3.72683e-04  1.32215e-02
 4.03463e-04  1.30733e-02
 5.16422e-04  1.31740e-02
 3.72683e-04  1.32215e-02

 1.39149e-03  1.25250e-02
 4.90027e-04  1.31734e-02
 5.52258e-04  1.30354e-02
 6.40639e-04  1.31583e-02
 4.90027e-04  1.31734e-02

 1.78906e-03  1.25250e-02
 6.84008e-04  1.31104e-02
 7.64420e-04  1.29821e-02
 8.35274e-04  1.31159e-02
 6.84008e-04  1.31104e-02

 2.18663e-03  1.25250e-02
 8.82379e-04  1.30366e-02
 9.76779e-04  1.29183e-02
 1.03205e-03  1.30592e-02
 8.82379e-04  1.30366e-02

 2.58420e-03  1.25250e-02
 1.12268e-03  1.29536e-02
 1.22717e-03  1.28441e-02
 1.26977e-03  1.29893e-02
 1.12268e-03  1.29536e-02

 2.98177e-03  1.25250e-02
 1.39143e-03  1.28638e-02
 1.50387e-03  1.27625e-02
 1.53542e-03  1.29105e-02
 1.39143e-03  1.28638e-02

 3.37934e-03  1.25250e-02
 1.69493e-03  1.27699e-02
 1.81376e-03  1.26761e-02
 1.83554e-03  1.28259e-02
 1.69493e-03  1.27699e-02

 2.00521e-04  1.30950e-02
 2.00521e-04  1.42612e-02
 1.24837e-04  1.41301e-02
 2.76204e-04  1.41301e-02
 2.00521e-04  1.42612e-02

 6.01563e-04  1.30950e-02
 1.53993e-04  1.42566e-02
 1.30502e-04  1.41071e-02
 2.71747e-04  1.41615e-02
 1.53993e-04  1.42566e-02

 1.00260e-03  1.30950e-02
 3.80736e-04  1.41984e-02
 3.79165e-04  1.40470e-02
 5.11031e-04  1.41213e-02
 3.80736e-04  1.41984e-02

 1.40365e-03  1.30950e-02
 4.99531e-04  1.41214e-02
 5.29385e-04  1.39730e-02
 6.42971e-04  1.40731e-02
 4.99531e-04  1.41214e-02

 1.80469e-03  1.30950e-02
 6.95698e-04  1.40164e-02
 7.48156e-04  1.38745e-02
 8.44890e-04  1.39909e-02
 6.95698e-04  1.40164e-02

 2.20573e-03  1.30950e-02
 8.96254e-04  1.38947e-02
 9.68679e-04  1.37618e-02
 1.04757e-03  1.38910e-02
 8.96254e-04  1.38947e-02

 2.60677e-03  1.30950e-02
 1.13934e-03  1.37589e-02
 1.22758e-03  1.36359e-02
 1.28997e-03  1.37738e-02
 1.13934e-03  1.37589e-02

 3.00781e-03  1.30950e-02
 1.41112e-03  1.36152e-02
 1.51231e-03  1.35026e-02
 1.55920e-03  1.36466e-02
 1.41112e-03  1.36152e-02

 3.40885e-03  1.30950e-02
 1.71816e-03  1.34682e-02
 1.82985e-03  1.33661e-02
 1.86248e-03  1.35139e-02
 1.71816e-03  1.34682e-02

 2.02257e-04  1.36650e-02
 2.02257e-04  1.51617e-02
 1.26573e-04  1.50306e-02
 2.77940e-04  1.50306e-02
 2.02257e-04  1.51617e-02

 6.06771e-04  1.36650e-02
 1.99934e-04  1.51696e-02
 1.61092e-04  1.50233e-02
 3.07211e-04  1.50628e-02
 1.99934e-04  1.51696e-02

 1.01128e-03  1.36650e-02
 4.47095e-04  1.50925e-02
 4.24891e-04  1.49428e-02
 5.65662e-04  1.49984e-02
 4.47095e-04  1.50925e-02

 1.41580e-03  1.36650e-02
 5.93573e-04  1.49911e-02
 5.98331e-04  1.48398e-02
 7.26975e-04  1.49195e-02
 5.93573e-04  1.49911e-02

 1.82031e-03  1.36650e-02
 8.11073e-04  1.48495e-02
 8.38480e-04  1.47007e-02
 9.53698e-04  1.47988e-02
 8.11073e-04  1.48495e-02

 2.22483e-03  1.36650e-02
 1.03153e-03  1.46863e-02
 1.08191e-03  1.45435e-02
 1.18033e-03  1.46585e-02
 1.03153e-03  1.46863e-02

 2.62934e-03  1.36650e-02
 1.29088e-03  1.45050e-02
 1.36168e-03  1.43712e-02
 1.44214e-03  1.44994e-02
 1.29088e-03  1.45050e-02

 3.03385e-03  1.36650e-02
 1.57589e-03  1.43156e-02
 1.66476e-03  1.41930e-02
 1.72644e-03  1.43313e-02
 1.57589e-03  1.43156e-02

 3.43837e-03  1.36650e-02
 1.89337e-03  1.41241e-02
 1.99747e-03  1.40142e-02
 2.04058e-03  1.41593e-02
 1.89337e-03  1.41241e-02

 2.03993e-04  1.42350e-02
 2.03993e-04  1.60462e-02
 1.28310e-04  1.59151e-02
 2.79677e-04  1.59151e-02
 2.03993e-04  1.60462e-02

 6.11979e-04  1.42350e-02
 2.70457e-04  1.60623e-02
 2.20145e-04  1.59195e-02
 3.68936e-04  1.59473e-02
 2.70457e-04  1.60623e-02

 1.01997e-03  1.42350e-02
 5.47867e-04  1.59695e-02
 5.09267e-04  1.58232e-02
 6.55321e-04  1.58629e-02
 5.47867e-04  1.59695e-02

 1.42795e-03  1.42350e-02
 7.37938e-04  1.58461e-02
 7.19976e-04  1.56958e-02
 8.59118e-04  1.57554e-02
 7.37938e-04  1.58461e-02

 1.83594e-03  1.42350e-02
 9.87904e-04  1.56719e-02
 9.89352e-04  1.55206e-02
 1.11971e-03  1.55975e-02
 9.87904e-04  1.56719e-02

 2.24392e-03  1.42350e-02
 1.23877e-03  1.54711e-02
 1.26275e-03  1.53217e-02
 1.38019e-03  1.54172e-02
 1.23877e-03  1.54711e-02

 2.65191e-03  1.42350e-02
 1.52188e-03  1.52484e-02
 1.56894e-03  1.51045e-02
 1.67000e-03  1.52172e-02
 1.52188e-03  1.52484e-02

 3.05990e-03  1.42350e-02
 1.82618e-03  1.50164e-02
 1.89643e-03  1.48823e-02
 1.97742e-03  1.50102e-02
 1.82618e-03  1.50164e-02

 3.46788e-03  1.42350e-02
 2.15795e-03  1.47824e-02
 2.24972e-03  1.46620e-02
 2.30809e-03  1.48017e-02
 2.15795e-03  1.47824e-02

 2.05729e-04  1.48050e-02
 2.05729e-04  1.68516e-02
 1.30046e-04  1.67205e-02
 2.81413e-04  1.67205e-02
 2.05729e-04  1.68516e-02

 6.17187e-04  1.48050e-02
 3.58100e-04  1.68727e-02
 2.99302e-04  1.67333e-02
 4.49494e-04  1.67521e-02
 3.58100e-04  1.68727e-02

 1.02865e-03  1.48050e-02
 6.71844e-04  1.67692e-02
 6.20808e-04  1.66267e-02
 7.69737e-04  1.66538e-02
 6.71844e-04  1.67692e-02

 1.44010e-03  1.48050e-02
 9.16450e-04  1.66294e-02
 8.79869e-04  1.64825e-02
 1.02536e-03  1.65243e-02
 9.16450e-04  1.66294e-02

 1.85156e-03  1.48050e-02
 1.20641e-03  1.64310e-02
 1.18441e-03  1.62812e-02
 1.32511e-03  1.63370e-02
 1.20641e-03  1.64310e-02

 2.26302e-03  1.48050e-02
 1.49544e-03  1.62017e-02
 1.49225e-03  1.60503e-02
 1.62490e-03  1.61232e-02
 1.49544e-03  1.62017e-02

 2.67448e-03  1.48050e-02
 1.80836e-03  1.59471e-02
 1.82726e-03  1.57970e-02
 1.94787e-03  1.58884e-02
 1.80836e-03  1.59471e-02

 3.08594e-03  1.48050e-02
 2.13687e-03  1.56820e-02
 2.18178e-03  1.55375e-02
 2.28451e-03  1.56486e-02
 2.13687e-03  1.56820e-02

 3.49740e-03  1.48050e-02
 2.48634e-03  1.54147e-02
 2.55952e-03  1.52822e-02
 2.63768e-03  1.54118e-02
 2.48634e-03  1.54147e-02

 2.07465e-04  1.53750e-02
 2.07465e-04  1.75929e-02
 1.31782e-04  1.74618e-02
 2.83149e-04  1.74618e-02
 2.07465e-04  1.75929e-02

 6.22396e-04  1.53750e-02
 4.54469e-04  1.76158e-02
 3.88794e-04  1.74794e-02
 5.39738e-04  1.74907e-02
 4.54469e-04  1.76158e-02

 1.03733e-03  1.53750e-02
 8.07059e-04  1.75060e-02
 7.45897e-04  1.73676e-02
 8.96388e-04  1.73838e-02
 8.07059e-04  1.75060e-02

 1.45226e-03  1.53750e-02
 1.11191e-03  1.73553e-02
 1.05952e-03  1.72132e-02
 1.20870e-03  1.72389e-02
 1.11191e-03  1.73553e-02

 1.86719e-03  1.53750e-02
 1.44580e-03  1.71403e-02
 1.40262e-03  1.69952e-02
 1.54985e-03  1.70304e-02
 1.44580e-03  1.71403e-02

 2.28212e-03  1.53750e-02
 1.77715e-03  1.68909e-02
 1.74677e-03  1.67427e-02
 1.89038e-03  1.67905e-02
 1.77715e-03  1.68909e-02

 2.69705e-03  1.53750e-02
 2.12344e-03  1.66136e-02
 2.10985e-03  1.64628e-02
 2.24720e-03  1.65264e-02
 2.12344e-03  1.66136e-02

 3.11198e-03  1.53750e-02
 2.47908e-03  1.63240e-02
 2.48885e-03  1.61729e-02
 2.61478e-03  1.62569e-02
 2.47908e-03  1.63240e-02

 3.52691e-03  1.53750e-02
 2.84855e-03  1.60314e-02
 2.89012e-03  1.58859e-02
 2.99538e-03  1.59947e-02
 2.84855e-03  1.60314e-02

 2.09201e-04  1.59450e-02
 2.09201e-04  1.82551e-02
 1.33518e-04  1.81240e-02
 2.84885e-04  1.81240e-02
 2.09201e-04  1.82551e-02

 6.27604e-04  1.59450e-02
 5.54231e-04  1.82773e-02
 4.82707e-04  1.81439e-02
 6.33999e-04  1.81486e-02
 5.54231e-04  1.82773e-02

 1.04601e-03  1.59450e-02
 9.46302e-04  1.81659e-02
 8.76573e-04  1.80316e-02
 1.02779e-03  1.80384e-02
 9.46302e-04  1.81659e-02

 1.46441e-03  1.59450e-02
 1.31394e-03  1.80097e-02
 1.24799e-03  1.78735e-02
 1.39895e-03  1.78845e-02
 1.31394e-03  1.80097e-02

 1.88281e-03  1.59450e-02
 1.69361e-03  1.77866e-02
 1.63172e-03  1.76485e-02
 1.78230e-03  1.76639e-02
 1.69361e-03  1.77866e-02

 2.30122e-03  1.59450e-02
 2.06978e-03  1.75266e-02
 2.01387e-03  1.73859e-02
 2.16364e-03  1.74078e-02
 2.06978e-03  1.75266e-02

 2.71962e-03  1.59450e-02
 2.45160e-03  1.72364e-02
 2.40413e-03  1.70927e-02
 2.55234e-03  1.71234e-02
 2.45160e-03  1.72364e-02

 3.13802e-03  1.59450e-02
 2.83667e-03  1.69324e-02
 2.80255e-03  1.67850e-02
 2.94732e-03  1.68292e-02
 2.83667e-03  1.69324e-02

 3.55642e-03  1.59450e-02
 3.22797e-03  1.66246e-02
 3.21687e-03  1.64736e-02
 3.35316e-03  1.65395e-02
 3.22797e-03  1.66246e-02

 2.10937e-04  1.65150e-02
 2.10937e-04  1.88442e-02
 1.35254e-04  1.87131e-02
 2.86621e-04  1.87131e-02
 2.10938e-04  1.88442e-02

 6.32812e-04  1.65150e-02
 6.52731e-04  1.88639e-02
 5.75939e-04  1.87335e-02
 7.27300e-04  1.87322e-02
 6.52731e-04  1.88639e-02

 1.05469e-03  1.65150e-02
 1.08330e-03  1.87547e-02
 1.00595e-03  1.86246e-02
 1.15730e-03  1.86227e-02
 1.08330e-03  1.87547e-02

 1.47656e-03  1.65150e-02
 1.51347e-03  1.85981e-02
 1.43547e-03  1.84684e-02
 1.58682e-03  1.84657e-02
 1.51347e-03  1.85981e-02

 1.89844e-03  1.65150e-02
 1.93892e-03  1.83745e-02
 1.86040e-03  1.82451e-02
 2.01173e-03  1.82418e-02
 1.93892e-03  1.83745e-02

 2.32031e-03  1.65150e-02
 2.36049e-03  1.81122e-02
 2.28153e-03  1.79831e-02
 2.43285e-03  1.79793e-02
 2.36049e-03  1.81122e-02

 2.74219e-03  1.65150e-02
 2.77874e-03  1.78186e-02
 2.69941e-03  1.76897e-02
 2.85072e-03  1.76855e-02
 2.77874e-03  1.78186e-02

 3.16406e-03  1.65150e-02
 3.19438e-03  1.75100e-02
 3.11474e-03  1.73813e-02
 3.26603e-03  1.73767e-02
 3.19438e-03  1.75100e-02

 3.58594e-03  1.65150e-02
 3.60867e-03  1.71963e-02
 3.52866e-03  1.70678e-02
 3.67994e-03  1.70628e-02
 3.60867e-03  1.71963e-02

 2.12674e-04  1.70850e-02
 2.12674e-04  1.93614e-02
 1.36990e-04  1.92303e-02
 2.88357e-04  1.92303e-02
 2.12674e-04  1.93614e-02

 6.38021e-04  1.70850e-02
 7.46755e-04  1.93771e-02
 6.64945e-04  1.92498e-02
 8.16142e-04  1.92426e-02
 7.46755e-04  1.93771e-02

 1.06337e-03  1.70850e-02
 1.21385e-03  1.92732e-02
 1.12935e-03  1.91476e-02
 1.28036e-03  1.91372e-02
 1.21385e-03  1.92732e-02

 1.48872e-03  1.70850e-02
 1.70431e-03  1.91207e-02
 1.61525e-03  1.89983e-02
 1.76577e-03  1.89824e-02
 1.70431e-03  1.91207e-02

 1.91406e-03  1.70850e-02
 2.17422e-03  1.89032e-02
 2.08073e-03  1.87842e-02
 2.23057e-03  1.87627e-02
 2.17422e-03  1.89032e-02

 2.33941e-03  1.70850e-02
 2.64043e-03  1.86467e-02
 2.54130e-03  1.85323e-02
 2.68993e-03  1.85037e-02
 2.64043e-03  1.86467e-02

 2.76476e-03  1.70850e-02
 3.09493e-03  1.83587e-02
 2.98877e-03  1.82508e-02
 3.13529e-03  1.82128e-02
 3.09493e-03  1.83587e-02

 3.19010e-03  1.70850e-02
 3.54135e-03  1.80547e-02
 3.42555e-03  1.79572e-02
 3.56786e-03  1.79056e-02
 3.54135e-03  1.80547e-02

 3.61545e-03  1.70850e-02
 3.97912e-03  1.77446e-02
 3.84955e-03  1.76664e-02
 3.98211e-03  1.75933e-02
 3.97912e-03  1.77446e-02

 2.14410e-04  1.76550e-02
 2.14410e-04  1.98126e-02
 1.38726e-04  1.96815e-02
 2.90093e-04  1.96815e-02
 2.14410e-04  1.98126e-02

 6.43229e-04  1.76550e-02
 8.33520e-04  1.98235e-02
 7.46667e-04  1.96995e-02
 8.97455e-04  1.96863e-02
 8.33520e-04  1.98235e-02

 1.07205e-03  1.76550e-02
 1.33430e-03  1.97269e-02
 1.24275e-03  1.96064e-02
 1.39292e-03  1.95874e-02
 1.33430e-03  1.97269e-02

 1.50087e-03  1.76550e-02
 1.88103e-03  1.95824e-02
 1.78141e-03  1.94684e-02
 1.92992e-03  1.94391e-02
 1.88103e-03  1.95824e-02

 1.92969e-03  1.76550e-02
 2.39274e-03  1.93769e-02
 2.28561e-03  1.92699e-02
 2.43179e-03  1.92306e-02
 2.39274e-03  1.93769e-02

 2.35851e-03  1.76550e-02
 2.90137e-03  1.91332e-02
 2.78513e-03  1.90362e-02
 2.92722e-03  1.89840e-02
 2.90137e-03  1.91332e-02

 2.78733e-03  1.76550e-02
 3.39070e-03  1.88588e-02
 3.26430e-03  1.87755e-02
 3.39962e-03  1.87077e-02
 3.39070e-03  1.88588e-02

 3.21615e-03  1.76550e-02
 3.86701e-03  1.85681e-02
 3.72929e-03  1.85053e-02
 3.85255e-03  1.84174e-02
 3.86701e-03  1.85681e-02

 3.64497e-03  1.76550e-02
 4.32778e-03  1.82709e-02
 4.17975e-03  1.82393e-02
 4.28114e-03  1.81269e-02
 4.32778e-03  1.82709e-02

 2.16146e-04  1.82250e-02
 2.16146e-04  2.02062e-02
 1.40462e-04  2.00751e-02
 2.91829e-04  2.00751e-02
 2.16146e-04  2.02062e-02

 6.48438e-04  1.82250e-02
 9.11097e-04  2.02113e-02
 8.18882e-04  2.00913e-02
 9.68943e-04  2.00714e-02
 9.11097e-04  2.02113e-02

 1.08073e-03  1.82250e-02
 1.44218e-03  2.01237e-02
 1.34332e-03  2.00091e-02
 1.49201e-03  1.99808e-02
 1.44218e-03  2.01237e-02

 1.51302e-03  1.82250e-02
 2.03975e-03  1.99900e-02
 1.92974e-03  1.98860e-02
 2.07478e-03  1.98428e-02
 2.03975e-03  1.99900e-02

 1.94531e-03  1.82250e-02
 2.58950e-03  1.98011e-02
 2.46985e-03  1.97084e-02
 2.60996e-03  1.96511e-02
 2.58950e-03  1.98011e-02

 2.37760e-03  1.82250e-02
 3.13701e-03  1.95762e-02
 3.00681e-03  1.94990e-02
 3.13876e-03  1.94248e-02
 3.13701e-03  1.95762e-02

 2.80990e-03  1.82250e-02
 3.65846e-03  1.93225e-02
 3.51840e-03  1.92651e-02
 3.63815e-03  1.91725e-02
 3.65846e-03  1.93225e-02

 3.24219e-03  1.82250e-02
 4.16242e-03  1.90529e-02
 4.01435e-03  1.90215e-02
 4.11559e-03  1.89090e-02
 4.16242e-03  1.90529e-02

 3.67448e-03  1.82250e-02
 4.64459e-03  1.87768e-02
 4.49323e-03  1.87778e-02
 4.56806e-03  1.86462e-02
 4.64459e-03  1.87768e-02

 2.17882e-04  1.87950e-02
 2.17882e-04  2.05478e-02
 1.42198e-04  2.04167e-02
 2.93565e-04  2.04167e-02
 2.17882e-04  2.05478e-02

 6.53646e-04  1.87950e-02
 9.77162e-04  2.05464e-02
 8.78926e-04  2.04312e-02
 1.02778e-03  2.04037e-02
 9.77162e-04  2.05464e-02

 1.08941e-03  1.87950e-02
 1.53437e-03  2.04690e-02
 1.42755e-03  2.03618e-02
 1.57384e-03  2.03229e-02
 1.53437e-03  2.04690e-02

 1.52517e-03  1.87950e-02
 2.17561e-03  2.03489e-02
 2.05518e-03  2.02572e-02
 2.19481e-03  2.01987e-02
 2.17561e-03  2.03489e-02

 1.96094e-03  1.87950e-02
 2.75819e-03  2.01808e-02
 2.62722e-03  2.01050e-02
 2.75842e-03  2.00295e-02
 2.75819e-03  2.01808e-02

 2.39670e-03  1.87950e-02
 3.33934e-03  1.99801e-02
 3.19851e-03  1.99246e-02
 3.31697e-03  1.98304e-02
 3.33934e-03  1.99801e-02

 2.83247e-03  1.87950e-02
 3.88863e-03  1.97537e-02
 3.74070e-03  1.97216e-02
 3.84243e-03  1.96095e-02
 3.88863e-03  1.97537e-02

 3.26823e-03  1.87950e-02
 4.41673e-03  1.95127e-02
 4.26545e-03  1.95074e-02
 4.34566e-03  1.93790e-02
 4.41673e-03  1.95127e-02

 3.70399e-03  1.87950e-02
 4.91735e-03  1.92656e-02
 4.76777e-03  1.92888e-02
 4.82250e-03  1.91477e-02
 4.91735e-03  1.92656e-02

 2.19618e-04  1.93650e-02
 2.19618e-04  2.08538e-02
 1.43935e-04  2.07228e-02
 2.95302e-04  2.07228e-02
 2.19618e-04  2.08538e-02

 6.58854e-04  1.93650e-02
 1.03037e-03  2.08447e-02
 9.25042e-04  2.07360e-02
 1.07185e-03  2.06991e-02
 1.03037e-03  2.08447e-02

 1.09809e-03  1.93650e-02
 1.60896e-03  2.07782e-02
 1.49322e-03  2.06806e-02
 1.63557e-03  2.06292e-02
 1.60896e-03  2.07782e-02

 1.53733e-03  1.93650e-02
 2.28531e-03  2.06730e-02
 2.15454e-03  2.05968e-02
 2.28594e-03  2.05217e-02
 2.28531e-03  2.06730e-02

 1.97656e-03  1.93650e-02
 2.89422e-03  2.05289e-02
 2.75363e-03  2.04729e-02
 2.87250e-03  2.03791e-02
 2.89422e-03  2.05289e-02

 2.41580e-03  1.93650e-02
 3.50216e-03  2.03562e-02
 3.35431e-03  2.03238e-02
 3.45634e-03  2.02120e-02
 3.50216e-03  2.03562e-02

 2.85503e-03  1.93650e-02
 4.07346e-03  2.01618e-02
 3.92233e-03  2.01534e-02
 4.00517e-03  2.00267e-02
 4.07346e-03  2.01618e-02

 3.29427e-03  1.93650e-02
 4.62025e-03  1.99548e-02
 4.46971e-03  1.99706e-02
 4.53123e-03  1.98323e-02
 4.62025e-03  1.99548e-02

 3.73351e-03  1.93650e-02
 5.13494e-03  1.97427e-02
 4.98867e-03  1.97817e-02
 5.02806e-03  1.96355e-02
 5.13494e-03  1.97427e-02

 2.21354e-04  1.99350e-02
 2.21354e-04  2.11233e-02
 1.45671e-04  2.09922e-02
 2.97038e-04  2.09922e-02
 2.21354e-04  2.11233e-02

 6.64062e-04  1.99350e-02
 1.06663e-03  2.11062e-02
 9.52446e-04  2.10068e-02
 1.09559e-03  2.09576e-02
 1.06663e-03  2.11062e-02

 1.10677e-03  1.99350e-02
 1.66007e-03  2.10520e-02
 1.53406e-03  2.09681e-02
 1.66970e-03  2.09010e-02
 1.66007e-03  2.10520e-02

 1.54948e-03  1.99350e-02
 2.35997e-03  2.09648e-02
 2.21943e-03  2.09086e-02
 2.33838e-03  2.08150e-02
 2.35997e-03  2.09648e-02

 1.99219e-03  1.99350e-02
 2.98621e-03  2.08483e-02
 2.83848e-03  2.08154e-02
 2.94089e-03  2.07039e-02
 2.98621e-03  2.08483e-02

 2.43490e-03  1.99350e-02
 3.61162e-03  2.07086e-02
 3.46051e-03  2.06999e-02
 3.54366e-03  2.05734e-02
 3.61162e-03  2.07086e-02

 2.87760e-03  1.99350e-02
 4.19692e-03  2.05518e-02
 4.04611e-03  2.05649e-02
 4.11022e-03  2.04277e-02
 4.19692e-03  2.05518e-02

 3.32031e-03  1.99350e-02
 4.75535e-03  2.03850e-02
 4.60762e-03  2.04180e-02
 4.65291e-03  2.02735e-02
 4.75535e-03  2.03850e-02

 3.76302e-03  1.99350e-02
 5.27828e-03  2.02145e-02
 5.13564e-03  2.02651e-02
 5.16309e-03  2.01163e-02
 5.27828e-03  2.02145e-02

 2.23090e-04  2.05050e-02
 2.23090e-04  2.13944e-02
 1.47407e-04  2.12633e-02
 2.98774e-04  2.12633e-02
 2.23090e-04  2.13944e-02

 6.69271e-04  2.05050e-02
 1.08506e-03  2.13673e-02
 9.59952e-04  2.12821e-02
 1.09629e-03  2.12163e-02
 1.08506e-03  2.13673e-02

 1.11545e-03  2.05050e-02
 1.68523e-03  2.13259e-02
 1.54831e-03  2.12613e-02
 1.67266e-03  2.11750e-02
 1.68523e-03  2.13259e-02

 1.56163e-03  2.05050e-02
 2.39513e-03  2.12568e-02
 2.24710e-03  2.12252e-02
 2.34848e-03  2.11128e-02
 2.39513e-03  2.12568e-02

 2.00781e-03  2.05050e-02
 3.02795e-03  2.11684e-02
 2.87680e-03  2.11604e-02
 2.95932e-03  2.10335e-02
 3.02795e-03  2.11684e-02

 2.45399e-03  2.05050e-02
 3.65956e-03  2.10620e-02
 3.50881e-03  2.10757e-02
 3.57230e-03  2.09383e-02
 3.65956e-03  2.10620e-02

 2.90017e-03  2.05050e-02
 4.24908e-03  2.09434e-02
 4.10102e-03  2.09749e-02
 4.14781e-03  2.08309e-02
 4.24908e-03  2.09434e-02

 3.34635e-03  2.05050e-02
 4.81045e-03  2.08174e-02
 4.66646e-03  2.08641e-02
 4.69804e-03  2.07160e-02
 4.81045e-03  2.08174e-02

 3.79253e-03  2.05050e-02
 5.33459e-03  2.06893e-02
 5.19544e-03  2.07489e-02
 5.21340e-03  2.05986e-02
 5.33459e-03  2.06893e-02

 2.24826e-04  2.10750e-02
 2.24826e-04  2.16351e-02
 1.49143e-04  2.15040e-02
 3.00510e-04  2.15040e-02
 2.24826e-04  2.16351e-02

 6.74479e-04  2.10750e-02
 1.07406e-03  2.16039e-02
 9.34653e-04  2.15450e-02
 1.05543e-03  2.14537e-02
 1.07406e-03  2.16039e-02

 1.12413e-03  2.10750e-02
 1.66746e-03  2.15788e-02
 1.51987e-03  2.15452e-02
 1.62279e-03  2.14342e-02
 1.66746e-03  2.15788e-02

 1.57378e-03  2.10750e-02
 2.36702e-03  2.15328e-02
 2.21566e-03  2.15329e-02
 2.29132e-03  2.14018e-02
 2.36702e-03  2.15328e-02

 2.02344e-03  2.10750e-02
 2.99037e-03  2.14774e-02
 2.84026e-03  2.14969e-02
 2.89843e-03  2.13572e-02
 2.99037e-03  2.14774e-02

 2.47309e-03  2.10750e-02
 3.61288e-03  2.14098e-02
 3.46578e-03  2.14455e-02
 3.50844e-03  2.13003e-02
 3.61288e-03  2.14098e-02

 2.92274e-03  2.10750e-02
 4.19415e-03  2.13352e-02
 4.05055e-03  2.13831e-02
 4.08090e-03  2.12348e-02
 4.19415e-03  2.13352e-02

 3.37240e-03  2.10750e-02
 4.74825e-03  2.12559e-02
 4.60841e-03  2.13139e-02
 4.62815e-03  2.11638e-02
 4.74825e-03  2.12559e-02

 3.82205e-03  2.10750e-02
 5.26624e-03  2.11758e-02
 5.13020e-03  2.12422e-02
 5.14074e-03  2.10912e-02
 5.26624e-03  2.11758e-02

 2.26562e-04  2.16450e-02
 2.26562e-04  2.19608e-02
 1.50879e-04  2.18297e-02
 3.02246e-04  2.18297e-02
 2.26563e-04  2.19608e-02

 6.79687e-04  2.16450e-02
 1.03613e-03  2.19210e-02
 8.86143e-04  2.19006e-02
 9.78820e-04  2.17809e-02
 1.03613e-03  2.19210e-02

 1.13281e-03  2.16450e-02
 1.60428e-03  2.19115e-02
 1.45292e-03  2.19129e-02
 1.52741e-03  2.17811e-02
 1.60428e-03  2.19115e-02

 1.58594e-03  2.16450e-02
 2.27234e-03  2.18818e-02
 2.12374e-03  2.19106e-02
 2.17311e-03  2.17675e-02
 2.27234e-03  2.18818e-02

 2.03906e-03  2.16450e-02
 2.86901e-03  2.18516e-02
 2.72352e-03  2.18934e-02
 2.76009e-03  2.17465e-02
 2.86901e-03  2.18516e-02

 2.49219e-03  2.16450e-02
 3.46661e-03  2.18124e-02
 3.32460e-03  2.18648e-02
 3.35023e-03  2.17156e-02
 3.46661e-03  2.18124e-02

 2.94531e-03  2.16450e-02
 4.02653e-03  2.17703e-02
 3.88760e-03  2.18304e-02
 3.90502e-03  2.16800e-02
 4.02653e-03  2.17703e-02

 3.39844e-03  2.16450e-02
 4.56275e-03  2.17253e-02
 4.42677e-03  2.17918e-02
 4.43718e-03  2.16407e-02
 4.56275e-03  2.17253e-02

 3.85156e-03  2.16450e-02
 5.06689e-03  2.16802e-02
 4.93366e-03  2.17521e-02
 4.93805e-03  2.16008e-02
 5.06689e-03  2.16802e-02

 2.28299e-04  2.22150e-02
 2.28299e-04  2.22150e-02
 9.72110e-05  2.22907e-02
 9.72110e-05  2.21393e-02
 2.28299e-04  2.22150e-02

 6.84896e-04  2.22150e-02
 9.21293e-04  2.22150e-02
 7.90206e-04  2.22907e-02
 7.90206e-04  2.21393e-02
 9.21293e-04  2.22150e-02

 1.14149e-03  2.22150e-02
 1.44183e-03  2.22150e-02
 1.31074e-03  2.22907e-02
 1.31074e-03  2.21393e-02
 1.44183e-03  2.22150e-02

 1.59809e-03  2.22150e-02
 2.03576e-03  2.22150e-02
 1.90467e-03  2.22907e-02
 1.90467e-03  2.21393e-02
 2.03576e-03  2.22150e-02

 2.05469e-03  2.22150e-02
 2.57903e-03  2.22150e-02
 2.44794e-03  2.22907e-02
 2.44794e-03  2.21393e-02
 2.57903e-03  2.22150e-02

 2.51128e-03  2.22150e-02
 3.12511e-03  2.22150e-02
 2.99402e-03  2.22907e-02
 2.99402e-03  2.21393e-02
 3.12511e-03  2.22150e-02

 2.96788e-03  2.22150e-02
 3.64586e-03  2.22150e-02
 3.51477e-03  2.22907e-02
 3.51477e-03  2.21393e-02
 3.64586e-03  2.22150e-02

 3.42448e-03  2.22150e-02
 4.15199e-03  2.22150e-02
 4.02091e-03  2.22907e-02
 4.02091e-03  2.21393e-02
 4.15199e-03  2.22150e-02

 3.88108e-03  2.22150e-02
 4.63749e-03  2.22150e-02
 4.50641e-03  2.22907e-02
 4.50641e-03  2.21393e-02
 4.63749e-03  2.22150e-02

 3.76510e-03  1.13850e-02
 2.73134e-03  1.13850e-02
 2.86243e-03  1.13093e-02
 2.86243e-03  1.14607e-02
 2.73134e-03  1.13850e-02

 4.26406e-03  1.13850e-02
 3.20745e-03  1.13850e-02
 3.33853e-03  1.13093e-02
 3.33853e-03  1.14607e-02
 3.20745e-03  1.13850e-02

 4.76302e-03  1.13850e-02
 3.71238e-03  1.13850e-02
 3.84347e-03  1.13093e-02
 3.84347e-03  1.14607e-02
 3.71238e-03  1.13850e-02

 5.26198e-03  1.13850e-02
 4.24154e-03  1.13850e-02
 4.37263e-03  1.13093e-02
 4.37263e-03  1.14607e-02
 4.24154e-03  1.13850e-02

 5.76094e-03  1.13850e-02
 4.79113e-03  1.13850e-02
 4.92222e-03  1.13093e-02
 4.92222e-03  1.14607e-02
 4.79113e-03  1.13850e-02

 6.25990e-03  1.13850e-02
 5.35813e-03  1.13850e-02
 5.48921e-03  1.13093e-02
 5.48921e-03  1.14607e-02
 5.35813e-03  1.13850e-02

 6.75885e-03  1.13850e-02
 5.93981e-03  1.13850e-02
 6.07090e-03  1.13093e-02
 6.07090e-03  1.14607e-02
 5.93981e-03  1.13850e-02

 7.25781e-03  1.13850e-02
 6.53295e-03  1.13850e-02
 6.66403e-03  1.13093e-02
 6.66403e-03  1.14607e-02
 6.53295e-03  1.13850e-02

 7.75677e-03  1.13850e-02
 7.13552e-03  1.13850e-02
 7.26660e-03  1.13093e-02
 7.26660e-03  1.14607e-02
 7.13552e-03  1.13850e-02

 8.25573e-03  1.13850e-02
 7.74238e-03  1.13850e-02
 7.87346e-03  1.13093e-02
 7.87346e-03  1.14607e-02
 7.74238e-03  1.13850e-02

 8.75469e-03  1.13850e-02
 8.35414e-03  1.13850e-02
 8.48523e-03  1.13093e-02
 8.48523e-03  1.14607e-02
 8.35414e-03  1.13850e-02

 9.25365e-03  1.13850e-02
 8.95850e-03  1.13850e-02
 9.08958e-03  1.13093e-02
 9.08958e-03  1.14607e-02
 8.95850e-03  1.13850e-02

 9.75260e-03  1.13850e-02
 9.56903e-03  1.13850e-02
 9.70011e-03  1.13093e-02
 9.70011e-03  1.14607e-02
 9.56903e-03  1.13850e-02

 1.02516e-02  1.13850e-02
 1.01444e-02  1.13850e-02
 1.02755e-02  1.13093e-02
 1.02755e-02  1.14607e-02
 1.01444e-02  1.13850e-02

 1.07505e-02  1.13850e-02
 1.07505e-02  1.13850e-02
 1.06748e-02  1.12539e-02
 1.08262e-02  1.12539e-02
 1.07505e-02  1.13850e-02

 3.79531e-03  1.19550e-02
 2.22094e-03  1.20684e-02
 2.34626e-03  1.19835e-02
 2.35713e-03  1.21345e-02
 2.22094e-03  1.20684e-02

 4.29219e-03  1.19550e-02
 2.68755e-03  1.19969e-02
 2.81661e-03  1.19179e-02
 2.82057e-03  1.20692e-02
 2.68755e-03  1.19969e-02

 4.78906e-03  1.19550e-02
 3.19585e-03  1.19354e-02
 3.32786e-03  1.18613e-02
 3.32600e-03  1.20127e-02
 3.19585e-03  1.19354e-02

 5.28594e-03  1.19550e-02
 3.74033e-03  1.18836e-02
 3.87477e-03  1.18140e-02
 3.86778e-03  1.19652e-02
 3.74033e-03  1.18836e-02

 5.78281e-03  1.19550e-02
 4.31622e-03  1.18396e-02
 4.45284e-03  1.17744e-02
 4.44097e-03  1.19253e-02
 4.31622e-03  1.18396e-02

 6.27969e-03  1.19550e-02
 4.91890e-03  1.18022e-02
 5.05761e-03  1.17417e-02
 5.04073e-03  1.18921e-02
 4.91890e-03  1.18022e-02

 6.77656e-03  1.19550e-02
 5.54428e-03  1.17711e-02
 5.68511e-03  1.17156e-02
 5.66277e-03  1.18653e-02
 5.54428e-03  1.17711e-02

 7.27344e-03  1.19550e-02
 6.18715e-03  1.17465e-02
 6.33016e-03  1.16969e-02
 6.30162e-03  1.18455e-02
 6.18715e-03  1.17465e-02

 7.77031e-03  1.19550e-02
 6.84410e-03  1.17286e-02
 6.98941e-03  1.16862e-02
 6.95346e-03  1.18332e-02
 6.84410e-03  1.17286e-02

 8.26719e-03  1.19550e-02
 7.50755e-03  1.17181e-02
 7.65523e-03  1.16849e-02
 7.61016e-03  1.18294e-02
 7.50755e-03  1.17181e-02

 8.76406e-03  1.19550e-02
 8.17733e-03  1.17154e-02
 8.32731e-03  1.16949e-02
 8.27007e-03  1.18350e-02
 8.17733e-03  1.17154e-02

 9.26094e-03  1.19550e-02
 8.83629e-03  1.17219e-02
 8.98762e-03  1.17187e-02
 8.91480e-03  1.18514e-02
 8.83629e-03  1.17219e-02

 9.75781e-03  1.19550e-02
 9.49960e-03  1.17378e-02
 9.64863e-03  1.17643e-02
 9.55119e-03  1.18801e-02
 9.49960e-03  1.17378e-02

 1.02547e-02  1.19550e-02
 1.01132e-02  1.17689e-02
 1.02528e-02  1.18275e-02
 1.01323e-02  1.19191e-02
 1.01132e-02  1.17689e-02

 1.07516e-02  1.19550e-02
 1.07516e-02  1.18201e-02
 1.08272e-02  1.19512e-02
 1.06759e-02  1.19512e-02
 1.07516e-02  1.18201e-02

 3.82552e-03  1.25250e-02
 2.07035e-03  1.26647e-02
 2.19502e-03  1.25788e-02
 2.20702e-03  1.27297e-02
 2.07035e-03  1.26647e-02

 4.32031e-03  1.25250e-02
 2.53282e-03  1.25556e-02
 2.66259e-03  1.24777e-02
 2.66519e-03  1.26291e-02
 2.53282e-03  1.25556e-02

 4.81510e-03  1.25250e-02
 3.03881e-03  1.24584e-02
 3.17264e-03  1.23877e-02
 3.16697e-03  1.25389e-02
 3.03881e-03  1.24584e-02

 5.30990e-03  1.25250e-02
 3.58515e-03  1.23734e-02
 3.72236e-03  1.23094e-02
 3.70910e-03  1.24602e-02
 3.58515e-03  1.23734e-02

 5.80469e-03  1.25250e-02
 4.16750e-03  1.22997e-02
 4.30768e-03  1.22426e-02
 4.28705e-03  1.23926e-02
 4.16750e-03  1.22997e-02

 6.29948e-03  1.25250e-02
 4.78081e-03  1.22371e-02
 4.92370e-03  1.21872e-02
 4.89551e-03  1.23359e-02
 4.78081e-03  1.22371e-02

 6.79427e-03  1.25250e-02
 5.42009e-03  1.21856e-02
 5.56550e-03  1.21435e-02
 5.52920e-03  1.22905e-02
 5.42009e-03  1.21856e-02

 7.28906e-03  1.25250e-02
 6.07934e-03  1.21454e-02
 6.22707e-03  1.21125e-02
 6.18176e-03  1.22569e-02
 6.07934e-03  1.21454e-02

 7.78385e-03  1.25250e-02
 6.75433e-03  1.21173e-02
 6.90408e-03  1.20952e-02
 6.84835e-03  1.22360e-02
 6.75433e-03  1.21173e-02

 8.27865e-03  1.25250e-02
 7.43667e-03  1.21022e-02
 7.58778e-03  1.20934e-02
 7.51985e-03  1.22287e-02
 7.43667e-03  1.21022e-02

 8.77344e-03  1.25250e-02
 8.12516e-03  1.21015e-02
 8.27629e-03  1.21098e-02
 8.19351e-03  1.22366e-02
 8.12516e-03  1.21015e-02

 9.26823e-03  1.25250e-02
 8.80151e-03  1.21172e-02
 8.95003e-03  1.21465e-02
 8.85043e-03  1.22605e-02
 8.80151e-03  1.21172e-02

 9.76302e-03  1.25250e-02
 9.48026e-03  1.21529e-02
 9.61983e-03  1.22115e-02
 9.49931e-03  1.23030e-02
 9.48026e-03  1.21529e-02

 1.02578e-02  1.25250e-02
 1.01038e-02  1.22141e-02
 1.02298e-02  1.22980e-02
 1.00942e-02  1.23652e-02
 1.01038e-02  1.22141e-02

 1.07526e-02  1.25250e-02
 1.07526e-02  1.23147e-02
 1.08283e-02  1.24458e-02
 1.06769e-02  1.24458e-02
 1.07526e-02  1.23147e-02

 3.85573e-03  1.30950e-02
 2.09526e-03  1.33072e-02
 2.21635e-03  1.32164e-02
 2.23446e-03  1.33666e-02
 2.09526e-03  1.33072e-02

 4.34844e-03  1.30950e-02
 2.55693e-03  1.31400e-02
 2.68608e-03  1.30611e-02
 2.68988e-03  1.32124e-02
 2.55693e-03  1.31400e-02

 4.84115e-03  1.30950e-02
 3.06228e-03  1.29882e-02
 3.19767e-03  1.29205e-02
 3.18860e-03  1.30716e-02
 3.06228e-03  1.29882e-02

 5.33385e-03  1.30950e-02
 3.60789e-03  1.28534e-02
 3.74821e-03  1.27967e-02
 3.72722e-03  1.29466e-02
 3.60789e-03  1.28534e-02

 5.82656e-03  1.30950e-02
 4.18953e-03  1.27362e-02
 4.33378e-03  1.26903e-02
 4.30137e-03  1.28382e-02
 4.18953e-03  1.27362e-02

 6.31927e-03  1.30950e-02
 4.80220e-03  1.26365e-02
 4.94957e-03  1.26020e-02
 4.90579e-03  1.27469e-02
 4.80220e-03  1.26365e-02

 6.81198e-03  1.30950e-02
 5.44097e-03  1.25548e-02
 5.59068e-03  1.25324e-02
 5.53519e-03  1.26732e-02
 5.44097e-03  1.25548e-02

 7.30469e-03  1.30950e-02
 6.09988e-03  1.24914e-02
 6.25098e-03  1.24824e-02
 6.18318e-03  1.26178e-02
 6.09988e-03  1.24914e-02

 7.79740e-03  1.30950e-02
 6.77438e-03  1.24475e-02
 6.92562e-03  1.24536e-02
 6.84467e-03  1.25815e-02
 6.77438e-03  1.24475e-02

 8.29010e-03  1.30950e-02
 7.45615e-03  1.24245e-02
 7.60573e-03  1.24476e-02
 7.51089e-03  1.25656e-02
 7.45615e-03  1.24245e-02

 8.78281e-03  1.30950e-02
 8.14349e-03  1.24249e-02
 8.28874e-03  1.24675e-02
 8.17922e-03  1.25720e-02
 8.14349e-03  1.24249e-02

 9.27552e-03  1.30950e-02
 8.81814e-03  1.24517e-02
 8.95578e-03  1.25147e-02
 8.83242e-03  1.26024e-02
 8.81814e-03  1.24517e-02

 9.76823e-03  1.30950e-02
 9.49326e-03  1.25112e-02
 9.61758e-03  1.25975e-02
 9.48064e-03  1.26620e-02
 9.49326e-03  1.25112e-02

 1.02609e-02  1.30950e-02
 1.01133e-02  1.26096e-02
 1.02238e-02  1.27129e-02
 1.00790e-02  1.27570e-02
 1.01133e-02  1.26096e-02

 1.07536e-02  1.30950e-02
 1.07536e-02  1.27712e-02
 1.08293e-02  1.29022e-02
 1.06780e-02  1.29022e-02
 1.07536e-02  1.27712e-02

 3.88594e-03  1.36650e-02
 2.27691e-03  1.39176e-02
 2.39467e-03  1.38225e-02
 2.41815e-03  1.39720e-02
 2.27691e-03  1.39176e-02

 4.37656e-03  1.36650e-02
 2.73923e-03  1.37045e-02
 2.86845e-03  1.36257e-02
 2.87210e-03  1.37770e-02
 2.73923e-03  1.37045e-02

 4.86719e-03  1.36650e-02
 3.24120e-03  1.35096e-02
 3.37890e-03  1.34468e-02
 3.36450e-03  1.35974e-02
 3.24120e-03  1.35096e-02

 5.35781e-03  1.36650e-02
 3.77996e-03  1.33356e-02
 3.92375e-03  1.32883e-02
 3.89282e-03  1.34365e-02
 3.77996e-03  1.33356e-02

 5.84844e-03  1.36650e-02
 4.35172e-03  1.31836e-02
 4.49969e-03  1.31517e-02
 4.45334e-03  1.32958e-02
 4.35172e-03  1.31836e-02

 6.33906e-03  1.36650e-02
 4.95209e-03  1.30544e-02
 5.10256e-03  1.30379e-02
 5.04157e-03  1.31765e-02
 4.95209e-03  1.30544e-02

 6.82969e-03  1.36650e-02
 5.57652e-03  1.29484e-02
 5.72789e-03  1.29478e-02
 5.65275e-03  1.30792e-02
 5.57652e-03  1.29484e-02

 7.32031e-03  1.36650e-02
 6.21972e-03  1.28668e-02
 6.37027e-03  1.28825e-02
 6.28140e-03  1.30050e-02
 6.21972e-03  1.28668e-02

 7.81094e-03  1.36650e-02
 6.87738e-03  1.28109e-02
 7.02519e-03  1.28436e-02
 6.92301e-03  1.29552e-02
 6.87738e-03  1.28109e-02

 8.30156e-03  1.36650e-02
 7.54155e-03  1.27828e-02
 7.68445e-03  1.28327e-02
 7.56977e-03  1.29315e-02
 7.54155e-03  1.27828e-02

 8.79219e-03  1.36650e-02
 8.21051e-03  1.27863e-02
 8.34598e-03  1.28538e-02
 8.21976e-03  1.29374e-02
 8.21051e-03  1.27863e-02

 9.28281e-03  1.36650e-02
 8.86745e-03  1.28249e-02
 8.99339e-03  1.29089e-02
 8.85770e-03  1.29760e-02
 8.86745e-03  1.28249e-02

 9.77344e-03  1.36650e-02
 9.52417e-03  1.29078e-02
 9.63704e-03  1.30086e-02
 9.49327e-03  1.30560e-02
 9.52417e-03  1.29078e-02

 1.02641e-02  1.36650e-02
 1.01298e-02  1.30409e-02
 1.02313e-02  1.31531e-02
 1.00834e-02  1.31849e-02
 1.01298e-02  1.30409e-02

 1.07547e-02  1.36650e-02
 1.07547e-02  1.32544e-02
 1.08304e-02  1.33855e-02
 1.06790e-02  1.33855e-02
 1.07547e-02  1.32544e-02

 3.91615e-03  1.42350e-02
 2.54991e-03  1.45321e-02
 2.66192e-03  1.44303e-02
 2.69408e-03  1.45782e-02
 2.54991e-03  1.45321e-02

 4.40469e-03  1.42350e-02
 3.01279e-03  1.42747e-02
 3.14167e-03  1.41953e-02
 3.14598e-03  1.43466e-02
 3.01279e-03  1.42747e-02

 4.89323e-03  1.42350e-02
 3.50966e-03  1.40383e-02
 3.65010e-03  1.39818e-02
 3.62879e-03  1.41316e-02
 3.50966e-03  1.40383e-02

 5.38177e-03  1.42350e-02
 4.03801e-03  1.38262e-02
 4.18545e-03  1.37920e-02
 4.14140e-03  1.39368e-02
 4.03801e-03  1.38262e-02

 5.87031e-03  1.42350e-02
 4.59482e-03  1.36406e-02
 4.74561e-03  1.36273e-02
 4.68167e-03  1.37645e-02
 4.59482e-03  1.36406e-02

 6.35885e-03  1.42350e-02
 5.17638e-03  1.34824e-02
 5.32760e-03  1.34889e-02
 5.24633e-03  1.36166e-02
 5.17638e-03  1.34824e-02

 6.84740e-03  1.42350e-02
 5.77890e-03  1.33528e-02
 5.92817e-03  1.33779e-02
 5.83180e-03  1.34947e-02
 5.77890e-03  1.33528e-02

 7.33594e-03  1.42350e-02
 6.39761e-03  1.32532e-02
 6.54290e-03  1.32957e-02
 6.43347e-03  1.34003e-02
 6.39761e-03  1.32532e-02

 7.82448e-03  1.42350e-02
 7.02882e-03  1.31856e-02
 7.16833e-03  1.32444e-02
 7.04771e-03  1.33358e-02
 7.02882e-03  1.31856e-02

 8.31302e-03  1.42350e-02
 7.66556e-03  1.31524e-02
 7.79780e-03  1.32261e-02
 7.66789e-03  1.33038e-02
 7.66556e-03  1.31524e-02

 8.80156e-03  1.42350e-02
 8.30635e-03  1.31585e-02
 8.42989e-03  1.32459e-02
 8.29238e-03  1.33092e-02
 8.30635e-03  1.31585e-02

 9.29010e-03  1.42350e-02
 8.93667e-03  1.32080e-02
 9.05089e-03  1.33073e-02
 8.90776e-03  1.33566e-02
 8.93667e-03  1.32080e-02

 9.77865e-03  1.42350e-02
 9.56662e-03  1.33122e-02
 9.66973e-03  1.34230e-02
 9.52221e-03  1.34569e-02
 9.56662e-03  1.33122e-02

 1.02672e-02  1.42350e-02
 1.01529e-02  1.34768e-02
 1.02473e-02  1.35951e-02
 1.00976e-02  1.36177e-02
 1.01529e-02  1.34768e-02

 1.07557e-02  1.42350e-02
 1.07557e-02  1.37383e-02
 1.08314e-02  1.38694e-02
 1.06800e-02  1.38694e-02
 1.07557e-02  1.37383e-02

 3.94635e-03  1.48050e-02
 2.88890e-03  1.51305e-02
 2.99193e-03  1.50196e-02
 3.03646e-03  1.51643e-02
 2.88890e-03  1.51305e-02

 4.43281e-03  1.48050e-02
 3.35281e-03  1.48394e-02
 3.48142e-03  1.47595e-02
 3.48624e-03  1.49108e-02
 3.35281e-03  1.48394e-02

 4.91927e-03  1.48050e-02
 3.84343e-03  1.45712e-02
 3.98760e-03  1.45251e-02
 3.95545e-03  1.46730e-02
 3.84343e-03  1.45712e-02

 5.40573e-03  1.48050e-02
 4.35888e-03  1.43300e-02
 4.50952e-03  1.43152e-02
 4.44698e-03  1.44531e-02
 4.35888e-03  1.43300e-02

 5.89219e-03  1.48050e-02
 4.89710e-03  1.41183e-02
 5.04798e-03  1.41305e-02
 4.96201e-03  1.42551e-02
 4.89710e-03  1.41183e-02

 6.37865e-03  1.48050e-02
 5.45508e-03  1.39379e-02
 5.60245e-03  1.39724e-02
 5.49885e-03  1.40828e-02
 5.45508e-03  1.39379e-02

 6.86510e-03  1.48050e-02
 6.02994e-03  1.37902e-02
 6.17167e-03  1.38433e-02
 6.05480e-03  1.39395e-02
 6.02994e-03  1.37902e-02

 7.35156e-03  1.48050e-02
 6.61765e-03  1.36769e-02
 6.75258e-03  1.37455e-02
 6.62570e-03  1.38281e-02
 6.61765e-03  1.36769e-02

 7.83802e-03  1.48050e-02
 7.21534e-03  1.36006e-02
 7.34277e-03  1.36823e-02
 7.20831e-03  1.37518e-02
 7.21534e-03  1.36006e-02

 8.32448e-03  1.48050e-02
 7.81745e-03  1.35640e-02
 7.93709e-03  1.36567e-02
 7.79696e-03  1.37140e-02
 7.81745e-03  1.35640e-02

 8.81094e-03  1.48050e-02
 8.42273e-03  1.35727e-02
 8.53431e-03  1.36750e-02
 8.38994e-03  1.37205e-02
 8.42273e-03  1.35727e-02

 9.29740e-03  1.48050e-02
 9.01983e-03  1.36314e-02
 9.12365e-03  1.37415e-02
 8.97635e-03  1.37764e-02
 9.01983e-03  1.36314e-02

 9.78385e-03  1.48050e-02
 9.61687e-03  1.37531e-02
 9.71217e-03  1.38707e-02
 9.56267e-03  1.38944e-02
 9.61687e-03  1.37531e-02

 1.02703e-02  1.48050e-02
 1.01797e-02  1.39429e-02
 1.02687e-02  1.40653e-02
 1.01181e-02  1.40812e-02
 1.01797e-02  1.39429e-02

 1.07568e-02  1.48050e-02
 1.07568e-02  1.42416e-02
 1.08325e-02  1.43727e-02
 1.06811e-02  1.43727e-02
 1.07568e-02  1.42416e-02

 3.97656e-03  1.53750e-02
 3.26319e-03  1.57218e-02
 3.34800e-03  1.55964e-02
 3.41418e-03  1.57326e-02
 3.26319e-03  1.57218e-02

 4.46094e-03  1.53750e-02
 3.72874e-03  1.54055e-02
 3.85656e-03  1.53245e-02
 3.86287e-03  1.54757e-02
 3.72874e-03  1.54055e-02

 4.94531e-03  1.53750e-02
 4.21295e-03  1.51133e-02
 4.36186e-03  1.50862e-02
 4.31093e-03  1.52287e-02
 4.21295e-03  1.51133e-02

 5.42969e-03  1.53750e-02
 4.71482e-03  1.48499e-02
 4.86527e-03  1.48665e-02
 4.77566e-03  1.49885e-02
 4.71482e-03  1.48499e-02

 5.91406e-03  1.53750e-02
 5.23293e-03  1.46182e-02
 5.37688e-03  1.46650e-02
 5.26437e-03  1.47663e-02
 5.23293e-03  1.46182e-02

 6.39844e-03  1.53750e-02
 5.76522e-03  1.44206e-02
 5.90076e-03  1.44880e-02
 5.77463e-03  1.45717e-02
 5.76522e-03  1.44206e-02

 6.88281e-03  1.53750e-02
 6.30950e-03  1.42590e-02
 6.43672e-03  1.43411e-02
 6.30208e-03  1.44102e-02
 6.30950e-03  1.42590e-02

 7.36719e-03  1.53750e-02
 6.86297e-03  1.41354e-02
 6.98247e-03  1.42283e-02
 6.84225e-03  1.42853e-02
 6.86297e-03  1.41354e-02

 7.85156e-03  1.53750e-02
 7.42341e-03  1.40524e-02
 7.53579e-03  1.41538e-02
 7.39178e-03  1.42005e-02
 7.42341e-03  1.40524e-02

 8.33594e-03  1.53750e-02
 7.98695e-03  1.40133e-02
 8.09280e-03  1.41215e-02
 7.94618e-03  1.41591e-02
 7.98695e-03  1.40133e-02

 8.82031e-03  1.53750e-02
 8.55266e-03  1.40241e-02
 8.65237e-03  1.41379e-02
 8.50389e-03  1.41673e-02
 8.55266e-03  1.40241e-02

 9.30469e-03  1.53750e-02
 9.11281e-03  1.40895e-02
 9.20701e-03  1.42080e-02
 9.05731e-03  1.42303e-02
 9.11281e-03  1.40895e-02

 9.78906e-03  1.53750e-02
 9.67314e-03  1.42239e-02
 9.76158e-03  1.43468e-02
 9.61097e-03  1.43619e-02
 9.67314e-03  1.42239e-02

 1.02734e-02  1.53750e-02
 1.02102e-02  1.44320e-02
 1.02944e-02  1.45577e-02
 1.01434e-02  1.45678e-02
 1.02102e-02  1.44320e-02

 1.07578e-02  1.53750e-02
 1.07578e-02  1.47587e-02
 1.08335e-02  1.48898e-02
 1.06821e-02  1.48898e-02
 1.07578e-02  1.47587e-02

 4.00677e-03  1.59450e-02
 3.65605e-03  1.63000e-02
 3.69435e-03  1.61535e-02
 3.80202e-03  1.62599e-02
 3.65605e-03  1.63000e-02

 4.48906e-03  1.59450e-02
 4.12427e-03  1.59694e-02
 4.25001e-03  1.58851e-02
 4.26012e-03  1.60362e-02
 4.12427e-03  1.59694e-02

 4.97135e-03  1.59450e-02
 4.60271e-03  1.56632e-02
 4.75282e-03  1.56827e-02
 4.66089e-03  1.58030e-02
 4.60271e-03  1.56632e-02

 5.45365e-03  1.59450e-02
 5.09108e-03  1.53866e-02
 5.22594e-03  1.54553e-02
 5.09898e-03  1.55377e-02
 5.09108e-03  1.53866e-02

 5.93594e-03  1.59450e-02
 5.58870e-03  1.51431e-02
 5.71024e-03  1.52333e-02
 5.57134e-03  1.52934e-02
 5.58870e-03  1.51431e-02

 6.41823e-03  1.59450e-02
 6.09442e-03  1.49354e-02
 6.20653e-03  1.50371e-02
 6.06239e-03  1.50833e-02
 6.09442e-03  1.49354e-02

 6.90052e-03  1.59450e-02
 6.60689e-03  1.47658e-02
 6.71201e-03  1.48747e-02
 6.56512e-03  1.49113e-02
 6.60689e-03  1.47658e-02

 7.38281e-03  1.59450e-02
 7.12443e-03  1.46363e-02
 7.22407e-03  1.47502e-02
 7.07557e-03  1.47795e-02
 7.12443e-03  1.46363e-02

 7.86510e-03  1.59450e-02
 7.64563e-03  1.45500e-02
 7.74077e-03  1.46677e-02
 7.59124e-03  1.46913e-02
 7.64563e-03  1.45500e-02

 8.34740e-03  1.59450e-02
 8.16839e-03  1.45100e-02
 8.25972e-03  1.46307e-02
 8.10951e-03  1.46494e-02
 8.16839e-03  1.45100e-02

 8.82969e-03  1.59450e-02
 8.69213e-03  1.45224e-02
 8.78007e-03  1.46456e-02
 8.62941e-03  1.46601e-02
 8.69213e-03  1.45224e-02

 9.31198e-03  1.59450e-02
 9.21299e-03  1.45922e-02
 9.29804e-03  1.47174e-02
 9.14708e-03  1.47284e-02
 9.21299e-03  1.45922e-02

 9.79427e-03  1.59450e-02
 9.73402e-03  1.47342e-02
 9.81612e-03  1.48614e-02
 9.66494e-03  1.48689e-02
 9.73402e-03  1.47342e-02

 1.02766e-02  1.59450e-02
 1.02433e-02  1.49529e-02
 1.03233e-02  1.50814e-02
 1.01721e-02  1.50865e-02
 1.02433e-02  1.49529e-02

 1.07589e-02  1.59450e-02
 1.07589e-02  1.52960e-02
 1.08345e-02  1.54271e-02
 1.06832e-02  1.54271e-02
 1.07589e-02  1.52960e-02

 4.03698e-03  1.65150e-02
 4.05114e-03  1.68668e-02
 3.97025e-03  1.67388e-02
 4.12149e-03  1.67327e-02
 4.05114e-03  1.68668e-02

 4.51719e-03  1.65150e-02
 4.52297e-03  1.65321e-02
 4.40933e-03  1.64321e-02
 4.55274e-03  1.63837e-02
 4.52297e-03  1.65321e-02

 4.99740e-03  1.65150e-02
 4.99653e-03  1.62214e-02
 5.07260e-03  1.63523e-02
 4.92123e-03  1.63528e-02
 4.99653e-03  1.62214e-02

 5.47760e-03  1.65150e-02
 5.47217e-03  1.59403e-02
 5.54909e-03  1.60707e-02
 5.39773e-03  1.60721e-02
 5.47217e-03  1.59403e-02

 5.95781e-03  1.65150e-02
 5.94991e-03  1.56928e-02
 6.02685e-03  1.58231e-02
 5.87549e-03  1.58246e-02
 5.94991e-03  1.56928e-02

 6.43802e-03  1.65150e-02
 6.42944e-03  1.54818e-02
 6.50621e-03  1.56122e-02
 6.35485e-03  1.56135e-02
 6.42944e-03  1.54818e-02

 6.91823e-03  1.65150e-02
 6.91026e-03  1.53098e-02
 6.98681e-03  1.54404e-02
 6.83545e-03  1.54414e-02
 6.91026e-03  1.53098e-02

 7.39844e-03  1.65150e-02
 7.39182e-03  1.51790e-02
 7.46815e-03  1.53097e-02
 7.31679e-03  1.53105e-02
 7.39182e-03  1.51790e-02

 7.87865e-03  1.65150e-02
 7.87358e-03  1.50924e-02
 7.94973e-03  1.52232e-02
 7.79836e-03  1.52237e-02
 7.87358e-03  1.50924e-02

 8.35885e-03  1.65150e-02
 8.35521e-03  1.50529e-02
 8.43122e-03  1.51838e-02
 8.27985e-03  1.51841e-02
 8.35521e-03  1.50529e-02

 8.83906e-03  1.65150e-02
 8.83640e-03  1.50667e-02
 8.91232e-03  1.51977e-02
 8.76096e-03  1.51979e-02
 8.83640e-03  1.50667e-02

 9.31927e-03  1.65150e-02
 9.31730e-03  1.51384e-02
 9.39317e-03  1.52694e-02
 9.24181e-03  1.52696e-02
 9.31730e-03  1.51384e-02

 9.79948e-03  1.65150e-02
 9.79790e-03  1.52833e-02
 9.87375e-03  1.54142e-02
 9.72238e-03  1.54144e-02
 9.79790e-03  1.52833e-02

 1.02797e-02  1.65150e-02
 1.02786e-02  1.55050e-02
 1.03544e-02  1.56360e-02
 1.02030e-02  1.56362e-02
 1.02786e-02  1.55050e-02

 1.07599e-02  1.65150e-02
 1.07599e-02  1.58531e-02
 1.08356e-02  1.59842e-02
 1.06842e-02  1.59842e-02
 1.07599e-02  1.58531e-02

 4.06719e-03  1.70850e-02
 4.43642e-03  1.74202e-02
 4.28849e-03  1.73881e-02
 4.39023e-03  1.72760e-02
 4.43642e-03  1.74202e-02

 4.54531e-03  1.70850e-02
 4.91251e-03  1.70919e-02
 4.78003e-03  1.71651e-02
 4.78287e-03  1.70138e-02
 4.91251e-03  1.70919e-02

 5.02344e-03  1.70850e-02
 5.38209e-03  1.67866e-02
 5.32973e-03  1.69286e-02
 5.23291e-03  1.68122e-02
 5.38209e-03  1.67866e-02

 5.50156e-03  1.70850e-02
 5.84597e-03  1.65101e-02
 5.84352e-03  1.66615e-02
 5.71368e-03  1.65837e-02
 5.84597e-03  1.65101e-02

 5.97969e-03  1.70850e-02
 6.30485e-03  1.62668e-02
 6.32677e-03  1.64166e-02
 6.18610e-03  1.63607e-02
 6.30485e-03  1.62668e-02

 6.45781e-03  1.70850e-02
 6.75922e-03  1.60597e-02
 6.79486e-03  1.62068e-02
 6.64964e-03  1.61641e-02
 6.75922e-03  1.60597e-02

 6.93594e-03  1.70850e-02
 7.20943e-03  1.58915e-02
 7.25392e-03  1.60362e-02
 7.10638e-03  1.60023e-02
 7.20943e-03  1.58915e-02

 7.41406e-03  1.70850e-02
 7.65607e-03  1.57641e-02
 7.70689e-03  1.59067e-02
 7.55800e-03  1.58794e-02
 7.65607e-03  1.57641e-02

 7.89219e-03  1.70850e-02
 8.09942e-03  1.56805e-02
 8.15516e-03  1.58213e-02
 8.00542e-03  1.57992e-02
 8.09942e-03  1.56805e-02

 8.37031e-03  1.70850e-02
 8.54092e-03  1.56434e-02
 8.60067e-03  1.57825e-02
 8.45035e-03  1.57647e-02
 8.54092e-03  1.56434e-02

 8.84844e-03  1.70850e-02
 8.98045e-03  1.56586e-02
 9.04373e-03  1.57961e-02
 8.89301e-03  1.57821e-02
 8.98045e-03  1.56586e-02

 9.32656e-03  1.70850e-02
 9.42206e-03  1.57303e-02
 9.48834e-03  1.58664e-02
 9.33735e-03  1.58557e-02
 9.42206e-03  1.57303e-02

 9.80469e-03  1.70850e-02
 9.86253e-03  1.58732e-02
 9.93187e-03  1.60077e-02
 9.78068e-03  1.60005e-02
 9.86253e-03  1.58732e-02

 1.02828e-02  1.70850e-02
 1.03146e-02  1.60908e-02
 1.03860e-02  1.62243e-02
 1.02347e-02  1.62194e-02
 1.03146e-02  1.60908e-02

 1.07609e-02  1.70850e-02
 1.07609e-02  1.64322e-02
 1.08366e-02  1.65633e-02
 1.06853e-02  1.65633e-02
 1.07609e-02  1.64322e-02

 4.09740e-03  1.76550e-02
 4.79954e-03  1.79612e-02
 4.64913e-03  1.79782e-02
 4.70964e-03  1.78394e-02
 4.79954e-03  1.79612e-02

 4.57344e-03  1.76550e-02
 5.27996e-03  1.76491e-02
 5.14951e-03  1.77258e-02
 5.14824e-03  1.75745e-02
 5.27996e-03  1.76491e-02

 5.04948e-03  1.76550e-02
 5.74608e-03  1.73585e-02
 5.65510e-03  1.74795e-02
 5.59583e-03  1.73402e-02
 5.74608e-03  1.73585e-02

 5.52552e-03  1.76550e-02
 6.19916e-03  1.70955e-02
 6.14667e-03  1.72375e-02
 6.04996e-03  1.71211e-02
 6.19916e-03  1.70955e-02

 6.00156e-03  1.76550e-02
 6.64044e-03  1.68643e-02
 6.61692e-03  1.70139e-02
 6.49919e-03  1.69187e-02
 6.64044e-03  1.68643e-02

 6.47760e-03  1.76550e-02
 7.07124e-03  1.66682e-02
 7.06852e-03  1.68195e-02
 6.93881e-03  1.67415e-02
 7.07124e-03  1.66682e-02

 6.95365e-03  1.76550e-02
 7.49270e-03  1.65095e-02
 7.50537e-03  1.66603e-02
 7.36841e-03  1.65958e-02
 7.49270e-03  1.65095e-02

 7.42969e-03  1.76550e-02
 7.90652e-03  1.63901e-02
 7.93110e-03  1.65395e-02
 7.78946e-03  1.64861e-02
 7.90652e-03  1.63901e-02

 7.90573e-03  1.76550e-02
 8.31381e-03  1.63128e-02
 8.34809e-03  1.64602e-02
 8.20327e-03  1.64162e-02
 8.31381e-03  1.63128e-02

 8.38177e-03  1.76550e-02
 8.71762e-03  1.62798e-02
 8.76005e-03  1.64251e-02
 8.61300e-03  1.63891e-02
 8.71762e-03  1.62798e-02

 8.85781e-03  1.76550e-02
 9.11801e-03  1.62963e-02
 9.16769e-03  1.64393e-02
 9.01902e-03  1.64108e-02
 9.11801e-03  1.62963e-02

 9.33385e-03  1.76550e-02
 9.52261e-03  1.63662e-02
 9.57850e-03  1.65069e-02
 9.42873e-03  1.64849e-02
 9.52261e-03  1.63662e-02

 9.80990e-03  1.76550e-02
 9.92502e-03  1.65031e-02
 9.98729e-03  1.66411e-02
 9.83667e-03  1.66260e-02
 9.92502e-03  1.65031e-02

 1.02859e-02  1.76550e-02
 1.03497e-02  1.67101e-02
 1.04164e-02  1.68460e-02
 1.02654e-02  1.68358e-02
 1.03497e-02  1.67101e-02

 1.07620e-02  1.76550e-02
 1.07620e-02  1.70334e-02
 1.08377e-02  1.71645e-02
 1.06863e-02  1.71645e-02
 1.07620e-02  1.70334e-02

 4.12760e-03  1.82250e-02
 5.12943e-03  1.84905e-02
 4.98332e-03  1.85301e-02
 5.02210e-03  1.83838e-02
 5.12943e-03  1.84905e-02

 4.60156e-03  1.82250e-02
 5.61337e-03  1.82034e-02
 5.48393e-03  1.82819e-02
 5.48070e-03  1.81306e-02
 5.61337e-03  1.82034e-02

 5.07552e-03  1.82250e-02
 6.07598e-03  1.79363e-02
 5.97101e-03  1.80454e-02
 5.92905e-03  1.79000e-02
 6.07598e-03  1.79363e-02

 5.54948e-03  1.82250e-02
 6.51891e-03  1.76948e-02
 6.44021e-03  1.78241e-02
 6.36758e-03  1.76913e-02
 6.51891e-03  1.76948e-02

 6.02344e-03  1.82250e-02
 6.94382e-03  1.74832e-02
 6.88926e-03  1.76243e-02
 6.79427e-03  1.75065e-02
 6.94382e-03  1.74832e-02

 6.49740e-03  1.82250e-02
 7.35292e-03  1.73042e-02
 7.31914e-03  1.74518e-02
 7.20825e-03  1.73488e-02
 7.35292e-03  1.73042e-02

 6.97135e-03  1.82250e-02
 7.74809e-03  1.71604e-02
 7.73197e-03  1.73109e-02
 7.60969e-03  1.72217e-02
 7.74809e-03  1.71604e-02

 7.44531e-03  1.82250e-02
 8.13205e-03  1.70532e-02
 8.13107e-03  1.72046e-02
 8.00047e-03  1.71280e-02
 8.13205e-03  1.70532e-02

 7.91927e-03  1.82250e-02
 8.50672e-03  1.69849e-02
 8.51900e-03  1.71358e-02
 8.38220e-03  1.70710e-02
 8.50672e-03  1.69849e-02

 8.39323e-03  1.82250e-02
 8.87663e-03  1.69575e-02
 8.90064e-03  1.71070e-02
 8.75921e-03  1.70530e-02
 8.87663e-03  1.69575e-02

 8.86719e-03  1.82250e-02
 9.24196e-03  1.69755e-02
 9.27679e-03  1.71228e-02
 9.13181e-03  1.70794e-02
 9.24196e-03  1.69755e-02

 9.34115e-03  1.82250e-02
 9.61344e-03  1.70421e-02
 9.65779e-03  1.71869e-02
 9.51028e-03  1.71529e-02
 9.61344e-03  1.70421e-02

 9.81510e-03  1.82250e-02
 9.98178e-03  1.71694e-02
 1.00361e-02  1.73107e-02
 9.88658e-03  1.72870e-02
 9.98178e-03  1.71694e-02

 1.02891e-02  1.82250e-02
 1.03817e-02  1.73601e-02
 1.04430e-02  1.74985e-02
 1.02925e-02  1.74824e-02
 1.03817e-02  1.73601e-02

 1.07630e-02  1.82250e-02
 1.07630e-02  1.76549e-02
 1.08387e-02  1.77860e-02
 1.06873e-02  1.77860e-02
 1.07630e-02  1.76549e-02

 4.15781e-03  1.87950e-02
 5.41272e-03  1.90110e-02
 5.27069e-03  1.90634e-02
 5.29637e-03  1.89142e-02
 5.41272e-03  1.90110e-02

 4.62969e-03  1.87950e-02
 5.89852e-03  1.87573e-02
 5.76974e-03  1.88369e-02
 5.76525e-03  1.86856e-02
 5.89852e-03  1.87573e-02

 5.10156e-03  1.87950e-02
 6.35700e-03  1.85217e-02
 6.24501e-03  1.86235e-02
 6.21281e-03  1.84756e-02
 6.35700e-03  1.85217e-02

 5.57344e-03  1.87950e-02
 6.79013e-03  1.83091e-02
 6.69645e-03  1.84281e-02
 6.64032e-03  1.82875e-02
 6.79013e-03  1.83091e-02

 6.04531e-03  1.87950e-02
 7.20017e-03  1.81236e-02
 7.12488e-03  1.82549e-02
 7.04880e-03  1.81240e-02
 7.20017e-03  1.81236e-02

 6.51719e-03  1.87950e-02
 7.58985e-03  1.79676e-02
 7.53228e-03  1.81076e-02
 7.43983e-03  1.79878e-02
 7.58985e-03  1.79676e-02

 6.98906e-03  1.87950e-02
 7.96197e-03  1.78431e-02
 7.92120e-03  1.79889e-02
 7.81534e-03  1.78807e-02
 7.96197e-03  1.78431e-02

 7.46094e-03  1.87950e-02
 8.32017e-03  1.77516e-02
 8.29527e-03  1.79009e-02
 8.17842e-03  1.78046e-02
 8.32017e-03  1.77516e-02

 7.93281e-03  1.87950e-02
 8.66709e-03  1.76946e-02
 8.65728e-03  1.78457e-02
 8.53137e-03  1.77617e-02
 8.66709e-03  1.76946e-02

 8.40469e-03  1.87950e-02
 9.00844e-03  1.76739e-02
 9.01292e-03  1.78252e-02
 8.87965e-03  1.77534e-02
 9.00844e-03  1.76739e-02

 8.87656e-03  1.87950e-02
 9.34458e-03  1.76931e-02
 9.36299e-03  1.78434e-02
 9.22367e-03  1.77842e-02
 9.34458e-03  1.76931e-02

 9.34844e-03  1.87950e-02
 9.68866e-03  1.77551e-02
 9.71983e-03  1.79032e-02
 9.57596e-03  1.78562e-02
 9.68866e-03  1.77551e-02

 9.82031e-03  1.87950e-02
 1.00290e-02  1.78694e-02
 1.00740e-02  1.80139e-02
 9.92635e-03  1.79806e-02
 1.00290e-02  1.78694e-02

 1.02922e-02  1.87950e-02
 1.04086e-02  1.80391e-02
 1.04634e-02  1.81801e-02
 1.03138e-02  1.81571e-02
 1.04086e-02  1.80391e-02

 1.07641e-02  1.87950e-02
 1.07641e-02  1.82960e-02
 1.08397e-02  1.84270e-02
 1.06884e-02  1.84270e-02
 1.07641e-02  1.82960e-02

 4.18802e-03  1.93650e-02
 5.63698e-03  1.95258e-02
 5.49835e-03  1.95866e-02
 5.51504e-03  1.94361e-02
 5.63698e-03  1.95258e-02

 4.65781e-03  1.93650e-02
 6.12191e-03  1.93114e-02
 5.99368e-03  1.93919e-02
 5.98814e-03  1.92406e-02
 6.12191e-03  1.93114e-02

 5.12760e-03  1.93650e-02
 6.57497e-03  1.91129e-02
 6.45882e-03  1.92100e-02
 6.43284e-03  1.90608e-02
 6.57497e-03  1.91129e-02

 5.59740e-03  1.93650e-02
 6.99837e-03  1.89346e-02
 6.89529e-03  1.90455e-02
 6.85084e-03  1.89008e-02
 6.99837e-03  1.89346e-02

 6.06719e-03  1.93650e-02
 7.39498e-03  1.87798e-02
 7.30554e-03  1.89020e-02
 7.24450e-03  1.87635e-02
 7.39498e-03  1.87798e-02

 6.53698e-03  1.93650e-02
 7.76805e-03  1.86507e-02
 7.69265e-03  1.87819e-02
 7.61668e-03  1.86510e-02
 7.76805e-03  1.86507e-02

 7.00677e-03  1.93650e-02
 8.12113e-03  1.85486e-02
 8.06012e-03  1.86871e-02
 7.97066e-03  1.85650e-02
 8.12113e-03  1.85486e-02

 7.47656e-03  1.93650e-02
 8.45863e-03  1.84747e-02
 8.41234e-03  1.86189e-02
 8.31068e-03  1.85067e-02
 8.45863e-03  1.84747e-02

 7.94635e-03  1.93650e-02
 8.78379e-03  1.84302e-02
 8.75269e-03  1.85784e-02
 8.63995e-03  1.84774e-02
 8.78379e-03  1.84302e-02

 8.41615e-03  1.93650e-02
 9.10336e-03  1.84165e-02
 9.08774e-03  1.85670e-02
 8.96516e-03  1.84782e-02
 9.10336e-03  1.84165e-02

 8.88594e-03  1.93650e-02
 9.41780e-03  1.84363e-02
 9.41833e-03  1.85877e-02
 9.28697e-03  1.85124e-02
 9.41780e-03  1.84363e-02

 9.35573e-03  1.93650e-02
 9.74184e-03  1.84921e-02
 9.75803e-03  1.86426e-02
 9.61960e-03  1.85814e-02
 9.74184e-03  1.84921e-02

 9.82552e-03  1.93650e-02
 1.00624e-02  1.85911e-02
 1.00964e-02  1.87386e-02
 9.95163e-03  1.86943e-02
 1.00624e-02  1.85911e-02

 1.02953e-02  1.93650e-02
 1.04273e-02  1.87362e-02
 1.04744e-02  1.88800e-02
 1.03263e-02  1.88489e-02
 1.04273e-02  1.87362e-02

 1.07651e-02  1.93650e-02
 1.07651e-02  1.89490e-02
 1.08408e-02  1.90801e-02
 1.06894e-02  1.90801e-02
 1.07651e-02  1.89490e-02

 4.21823e-03  1.99350e-02
 5.78246e-03  2.00416e-02
 5.64653e-03  2.01082e-02
 5.65682e-03  1.99572e-02
 5.78246e-03  2.00416e-02

 4.68594e-03  1.99350e-02
 6.26356e-03  1.98724e-02
 6.13558e-03  1.99532e-02
 6.12957e-03  1.98019e-02
 6.26356e-03  1.98724e-02

 5.15365e-03  1.99350e-02
 6.71008e-03  1.97164e-02
 6.59079e-03  1.98096e-02
 6.56974e-03  1.96597e-02
 6.71008e-03  1.97164e-02

 5.62135e-03  1.99350e-02
 7.12450e-03  1.95771e-02
 7.01451e-03  1.96811e-02
 6.97945e-03  1.95339e-02
 7.12450e-03  1.95771e-02

 6.08906e-03  1.99350e-02
 7.51017e-03  1.94571e-02
 7.41005e-03  1.95706e-02
 7.36180e-03  1.94271e-02
 7.51017e-03  1.94571e-02

 6.55677e-03  1.99350e-02
 7.87086e-03  1.93578e-02
 7.78128e-03  1.94798e-02
 7.72041e-03  1.93412e-02
 7.87086e-03  1.93578e-02

 7.02448e-03  1.99350e-02
 8.21059e-03  1.92803e-02
 8.13240e-03  1.94099e-02
 8.05925e-03  1.92773e-02
 8.21059e-03  1.92803e-02

 7.49219e-03  1.99350e-02
 8.53435e-03  1.92252e-02
 8.46861e-03  1.93615e-02
 8.38340e-03  1.92364e-02
 8.53435e-03  1.92252e-02

 7.95990e-03  1.99350e-02
 8.84592e-03  1.91934e-02
 8.79398e-03  1.93356e-02
 8.69682e-03  1.92195e-02
 8.84592e-03  1.91934e-02

 8.42760e-03  1.99350e-02
 9.15237e-03  1.91860e-02
 9.11560e-03  1.93328e-02
 9.00683e-03  1.92276e-02
 9.15237e-03  1.91860e-02

 8.89531e-03  1.99350e-02
 9.45460e-03  1.92051e-02
 9.43495e-03  1.93551e-02
 9.31479e-03  1.92631e-02
 9.45460e-03  1.92051e-02

 9.36302e-03  1.99350e-02
 9.76793e-03  1.92530e-02
 9.76608e-03  1.94044e-02
 9.63593e-03  1.93271e-02
 9.76793e-03  1.92530e-02

 9.83073e-03  1.99350e-02
 1.00787e-02  1.93339e-02
 1.00987e-02  1.94839e-02
 9.95875e-03  1.94262e-02
 1.00787e-02  1.93339e-02

 1.02984e-02  1.99350e-02
 1.04366e-02  1.94515e-02
 1.04733e-02  1.95984e-02
 1.03278e-02  1.95568e-02
 1.04366e-02  1.94515e-02

 1.07661e-02  1.99350e-02
 1.07661e-02  1.96149e-02
 1.08418e-02  1.97459e-02
 1.06905e-02  1.97459e-02
 1.07661e-02  1.96149e-02

 4.24844e-03  2.05050e-02
 5.83529e-03  2.05607e-02
 5.70163e-03  2.06318e-02
 5.70694e-03  2.04805e-02
 5.83529e-03  2.05607e-02

 4.71406e-03  2.05050e-02
 6.30902e-03  2.04365e-02
 6.18130e-03  2.05177e-02
 6.17480e-03  2.03665e-02
 6.30902e-03  2.04365e-02

 5.17969e-03  2.05050e-02
 6.74770e-03  2.03228e-02
 6.62622e-03  2.04131e-02
 6.60875e-03  2.02627e-02
 6.74770e-03  2.03228e-02

 5.64531e-03  2.05050e-02
 7.15406e-03  2.02220e-02
 7.03917e-03  2.03206e-02
 7.01127e-03  2.01718e-02
 7.15406e-03  2.02220e-02

 6.11094e-03  2.05050e-02
 7.53189e-03  2.01360e-02
 7.42404e-03  2.02422e-02
 7.38599e-03  2.00957e-02
 7.53189e-03  2.01360e-02

 6.57656e-03  2.05050e-02
 7.88521e-03  2.00655e-02
 7.78503e-03  2.01790e-02
 7.73684e-03  2.00355e-02
 7.88521e-03  2.00655e-02

 7.04219e-03  2.05050e-02
 8.21838e-03  2.00113e-02
 8.12680e-03  2.01319e-02
 8.06822e-03  1.99923e-02
 8.21838e-03  2.00113e-02

 7.50781e-03  2.05050e-02
 8.53665e-03  1.99738e-02
 8.45490e-03  2.01012e-02
 8.38545e-03  1.99667e-02
 8.53665e-03  1.99738e-02

 7.97344e-03  2.05050e-02
 8.84380e-03  1.99533e-02
 8.77360e-03  2.00874e-02
 8.69256e-03  1.99596e-02
 8.84380e-03  1.99533e-02

 8.43906e-03  2.05050e-02
 9.14719e-03  1.99508e-02
 9.09060e-03  2.00912e-02
 8.99731e-03  1.99720e-02
 9.14719e-03  1.99508e-02

 8.90469e-03  2.05050e-02
 9.44788e-03  1.99677e-02
 9.40790e-03  2.01137e-02
 9.30146e-03  2.00061e-02
 9.44788e-03  1.99677e-02

 9.37031e-03  2.05050e-02
 9.76089e-03  2.00063e-02
 9.73965e-03  2.01562e-02
 9.62048e-03  2.00629e-02
 9.76089e-03  2.00063e-02

 9.83594e-03  2.05050e-02
 1.00734e-02  2.00681e-02
 1.00773e-02  2.02195e-02
 9.94434e-03  2.01472e-02
 1.00734e-02  2.00681e-02

 1.03016e-02  2.05050e-02
 1.04326e-02  2.01579e-02
 1.04571e-02  2.03073e-02
 1.03155e-02  2.02538e-02
 1.04326e-02  2.01579e-02

 1.07672e-02  2.05050e-02
 1.07672e-02  2.02736e-02
 1.08429e-02  2.04046e-02
 1.06915e-02  2.04046e-02
 1.07672e-02  2.02736e-02

 4.27865e-03  2.10750e-02
 5.75909e-03  2.10964e-02
 5.62692e-03  2.11702e-02
 5.62911e-03  2.10188e-02
 5.75909e-03  2.10964e-02

 4.74219e-03  2.10750e-02
 6.22407e-03  2.10206e-02
 6.09584e-03  2.11011e-02
 6.09030e-03  2.09498e-02
 6.22407e-03  2.10206e-02

 5.20573e-03  2.10750e-02
 6.65658e-03  2.09519e-02
 6.53236e-03  2.10384e-02
 6.51956e-03  2.08876e-02
 6.65658e-03  2.09519e-02

 5.66927e-03  2.10750e-02
 7.05942e-03  2.08916e-02
 6.93937e-03  2.09837e-02
 6.91956e-03  2.08337e-02
 7.05942e-03  2.08916e-02

 6.13281e-03  2.10750e-02
 7.43638e-03  2.08405e-02
 7.32077e-03  2.09382e-02
 7.29397e-03  2.07892e-02
 7.43638e-03  2.08405e-02

 6.59635e-03  2.10750e-02
 7.79162e-03  2.07993e-02
 7.68090e-03  2.09025e-02
 7.64688e-03  2.07550e-02
 7.79162e-03  2.07993e-02

 7.05990e-03  2.10750e-02
 8.12915e-03  2.07680e-02
 8.02404e-03  2.08769e-02
 7.98227e-03  2.07314e-02
 8.12915e-03  2.07680e-02

 7.52344e-03  2.10750e-02
 8.45404e-03  2.07468e-02
 8.35559e-03  2.08618e-02
 8.30525e-03  2.07190e-02
 8.45404e-03  2.07468e-02

 7.98698e-03  2.10750e-02
 8.77000e-03  2.07360e-02
 8.67977e-03  2.08576e-02
 8.61963e-03  2.07187e-02
 8.77000e-03  2.07360e-02

 8.45052e-03  2.10750e-02
 9.08366e-03  2.07364e-02
 9.00376e-03  2.08649e-02
 8.93237e-03  2.07314e-02
 9.08366e-03  2.07364e-02

 8.91406e-03  2.10750e-02
 9.39626e-03  2.07485e-02
 9.33014e-03  2.08847e-02
 9.24528e-03  2.07593e-02
 9.39626e-03  2.07485e-02

 9.37760e-03  2.10750e-02
 9.72152e-03  2.07747e-02
 9.67255e-03  2.09179e-02
 9.57300e-03  2.08039e-02
 9.72152e-03  2.07747e-02

 9.84115e-03  2.10750e-02
 1.00483e-02  2.08148e-02
 1.00259e-02  2.09645e-02
 9.90746e-03  2.08702e-02
 1.00483e-02  2.08148e-02

 1.03047e-02  2.10750e-02
 1.04185e-02  2.08743e-02
 1.04197e-02  2.10256e-02
 1.02880e-02  2.09510e-02
 1.04185e-02  2.08743e-02

 1.07682e-02  2.10750e-02
 1.07682e-02  2.09410e-02
 1.08439e-02  2.10721e-02
 1.06925e-02  2.10721e-02
 1.07682e-02  2.09410e-02

 4.30885e-03  2.16450e-02
 5.54704e-03  2.16364e-02
 5.41648e-03  2.17130e-02
 5.41543e-03  2.15617e-02
 5.54704e-03  2.16364e-02

 4.77031e-03  2.16450e-02
 6.00199e-03  2.15956e-02
 5.87403e-03  2.16765e-02
 5.86797e-03  2.15253e-02
 6.00199e-03  2.15956e-02

 5.23177e-03  2.16450e-02
 6.43022e-03  2.15589e-02
 6.30489e-03  2.16438e-02
 6.29405e-03  2.14928e-02
 6.43022e-03  2.15589e-02

 5.69323e-03  2.16450e-02
 6.83446e-03  2.15271e-02
 6.71184e-03  2.16159e-02
 6.69629e-03  2.14653e-02
 6.83446e-03  2.15271e-02

 6.15469e-03  2.16450e-02
 7.21812e-03  2.15005e-02
 7.09841e-03  2.15932e-02
 7.07803e-03  2.14432e-02
 7.21812e-03  2.15005e-02

 6.61615e-03  2.16450e-02
 7.58474e-03  2.14793e-02
 7.46829e-03  2.15760e-02
 7.44277e-03  2.14268e-02
 7.58474e-03  2.14793e-02

 7.07760e-03  2.16450e-02
 7.93805e-03  2.14636e-02
 7.82540e-03  2.15647e-02
 7.79417e-03  2.14166e-02
 7.93805e-03  2.14636e-02

 7.53906e-03  2.16450e-02
 8.28207e-03  2.14533e-02
 8.17405e-03  2.15593e-02
 8.13623e-03  2.14128e-02
 8.28207e-03  2.14533e-02

 8.00052e-03  2.16450e-02
 8.61981e-03  2.14486e-02
 8.51774e-03  2.15603e-02
 8.47197e-03  2.14161e-02
 8.61981e-03  2.14486e-02

 8.46198e-03  2.16450e-02
 8.95694e-03  2.14499e-02
 8.86274e-03  2.15684e-02
 8.80723e-03  2.14276e-02
 8.95694e-03  2.14499e-02

 8.92344e-03  2.16450e-02
 9.29436e-03  2.14574e-02
 9.21154e-03  2.15841e-02
 9.14323e-03  2.14490e-02
 9.29436e-03  2.14574e-02

 9.38490e-03  2.16450e-02
 9.64383e-03  2.14730e-02
 9.57652e-03  2.16086e-02
 9.49276e-03  2.14825e-02
 9.64383e-03  2.14730e-02

 9.84635e-03  2.16450e-02
 9.99693e-03  2.14951e-02
 9.95740e-03  2.16413e-02
 9.85063e-03  2.15340e-02
 9.99693e-03  2.14951e-02

 1.03078e-02  2.16450e-02
 1.03870e-02  2.15298e-02
 1.03751e-02  2.16807e-02
 1.02504e-02  2.15949e-02
 1.03870e-02  2.15298e-02

 1.07693e-02  2.16450e-02
 1.07693e-02  2.15634e-02
 1.08450e-02  2.16945e-02
 1.06936e-02  2.16945e-02
 1.07693e-02  2.15634e-02

 4.33906e-03  2.22150e-02
 5.10619e-03  2.22150e-02
 4.97510e-03  2.22907e-02
 4.97510e-03  2.21393e-02
 5.10619e-03  2.22150e-02

 4.79844e-03  2.22150e-02
 5.55853e-03  2.22150e-02
 5.42744e-03  2.22907e-02
 5.42744e-03  2.21393e-02
 5.55853e-03  2.22150e-02

 5.25781e-03  2.22150e-02
 5.99456e-03  2.22150e-02
 5.86347e-03  2.22907e-02
 5.86347e-03  2.21393e-02
 5.99456e-03  2.22150e-02

 5.71719e-03  2.22150e-02
 6.41623e-03  2.22150e-02
 6.28514e-03  2.22907e-02
 6.28514e-03  2.21393e-02
 6.41623e-03  2.22150e-02

 6.17656e-03  2.22150e-02
 6.82569e-03  2.22150e-02
 6.69460e-03  2.22907e-02
 6.69460e-03  2.21393e-02
 6.82569e-03  2.22150e-02

 6.63594e-03  2.22150e-02
 7.22528e-03  2.22150e-02
 7.09420e-03  2.22907e-02
 7.09420e-03  2.21393e-02
 7.22528e-03  2.22150e-02

 7.09531e-03  2.22150e-02
 7.61717e-03  2.22150e-02
 7.48608e-03  2.22907e-02
 7.48608e-03  2.21393e-02
 7.61717e-03  2.22150e-02

 7.55469e-03  2.22150e-02
 8.00394e-03  2.22150e-02
 7.87286e-03  2.22907e-02
 7.87286e-03  2.21393e-02
 8.00394e-03  2.22150e-02

 8.01406e-03  2.22150e-02
 8.38736e-03  2.22150e-02
 8.25628e-03  2.22907e-02
 8.25628e-03  2.21393e-02
 8.38736e-03  2.22150e-02

 8.47344e-03  2.22150e-02
 8.77101e-03  2.22150e-02
 8.63992e-03  2.22907e-02
 8.63992e-03  2.21393e-02
 8.77101e-03  2.22150e-02

 8.93281e-03  2.22150e-02
 9.15515e-03  2.22150e-02
 9.02406e-03  2.22907e-02
 9.02406e-03  2.21393e-02
 9.15515e-03  2.22150e-02

 9.39219e-03  2.22150e-02
 9.54736e-03  2.22150e-02
 9.41627e-03  2.22907e-02
 9.41627e-03  2.21393e-02
 9.54736e-03  2.22150e-02

 9.85156e-03  2.22150e-02
 9.94156e-03  2.22150e-02
 9.81047e-03  2.22907e-02
 9.81047e-03  2.21393e-02
 9.94156e-03  2.22150e-02

 1.03109e-02  2.22150e-02
 1.03593e-02  2.22150e-02
 1.02282e-02  2.22907e-02
 1.02282e-02  2.21393e-02
 1.03593e-02  2.22150e-02

 1.07703e-02  2.22150e-02
 1.07703e-02  2.22150e-02
 1.06392e-02  2.22907e-02
 1.06392e-02  2.21393e-02
 1.07703e-02  2.22150e-02

