#[ Fluid velocity 2D plot data file: flw.dat ]
 1.95313e-04  1.13850e-02
 1.95313e-04  1.13850e-02
 6.42249e-05  1.14607e-02
 6.42249e-05  1.13093e-02
 1.95313e-04  1.13850e-02

 5.85937e-04  1.13850e-02
 3.48117e-04  1.13850e-02
 4.79205e-04  1.13093e-02
 4.79205e-04  1.14607e-02
 3.48117e-04  1.13850e-02

 9.76562e-04  1.13850e-02
 6.69204e-04  1.13850e-02
 8.00292e-04  1.13093e-02
 8.00292e-04  1.14607e-02
 6.69204e-04  1.13850e-02

 1.36719e-03  1.13850e-02
 9.17711e-04  1.13850e-02
 1.04880e-03  1.13093e-02
 1.04880e-03  1.14607e-02
 9.17711e-04  1.13850e-02

 1.75781e-03  1.13850e-02
 1.21033e-03  1.13850e-02
 1.34142e-03  1.13093e-02
 1.34142e-03  1.14607e-02
 1.21033e-03  1.13850e-02

 2.14844e-03  1.13850e-02
 1.49603e-03  1.13850e-02
 1.62712e-03  1.13093e-02
 1.62712e-03  1.14607e-02
 1.49603e-03  1.13850e-02

 2.53906e-03  1.13850e-02
 1.79962e-03  1.13850e-02
 1.93071e-03  1.13093e-02
 1.93071e-03  1.14607e-02
 1.79962e-03  1.13850e-02

 2.92969e-03  1.13850e-02
 2.11200e-03  1.13850e-02
 2.24309e-03  1.13093e-02
 2.24309e-03  1.14607e-02
 2.11200e-03  1.13850e-02

 3.32031e-03  1.13850e-02
 2.43852e-03  1.13850e-02
 2.56961e-03  1.13093e-02
 2.56961e-03  1.14607e-02
 2.43852e-03  1.13850e-02

 1.97049e-04  1.19550e-02
 1.97049e-04  1.23524e-02
 1.21365e-04  1.22213e-02
 2.72732e-04  1.22213e-02
 1.97049e-04  1.23524e-02

 5.91146e-04  1.19550e-02
 2.23513e-04  1.23147e-02
 2.64279e-04  1.21689e-02
 3.70140e-04  1.22771e-02
 2.23513e-04  1.23147e-02

 9.85243e-04  1.19550e-02
 4.92952e-04  1.23045e-02
 5.56022e-04  1.21669e-02
 6.43654e-04  1.22904e-02
 4.92952e-04  1.23045e-02

 1.37934e-03  1.19550e-02
 6.61044e-04  1.22821e-02
 7.48985e-04  1.21589e-02
 8.11709e-04  1.22966e-02
 6.61044e-04  1.22821e-02

 1.77344e-03  1.19550e-02
 8.94450e-04  1.22594e-02
 9.93556e-04  1.21450e-02
 1.04309e-03  1.22880e-02
 8.94450e-04  1.22594e-02

 2.16753e-03  1.19550e-02
 1.12136e-03  1.22306e-02
 1.22884e-03  1.21240e-02
 1.26741e-03  1.22704e-02
 1.12136e-03  1.22306e-02

 2.56163e-03  1.19550e-02
 1.37756e-03  1.21990e-02
 1.49068e-03  1.20984e-02
 1.52123e-03  1.22466e-02
 1.37756e-03  1.21990e-02

 2.95573e-03  1.19550e-02
 1.65004e-03  1.21641e-02
 1.76751e-03  1.20686e-02
 1.79144e-03  1.22181e-02
 1.65004e-03  1.21641e-02

 3.34983e-03  1.19550e-02
 1.94658e-03  1.21272e-02
 2.06747e-03  1.20361e-02
 2.08591e-03  1.21864e-02
 1.94658e-03  1.21272e-02

 1.98785e-04  1.25250e-02
 1.98785e-04  1.31966e-02
 1.23101e-04  1.30655e-02
 2.74468e-04  1.30655e-02
 1.98785e-04  1.31966e-02

 5.96354e-04  1.25250e-02
 1.66472e-04  1.31697e-02
 1.76225e-04  1.30187e-02
 3.02164e-04  1.31026e-02
 1.66472e-04  1.31697e-02

 9.93924e-04  1.25250e-02
 4.03593e-04  1.31421e-02
 4.39521e-04  1.29950e-02
 5.48898e-04  1.30997e-02
 4.03593e-04  1.31421e-02

 1.39149e-03  1.25250e-02
 5.28247e-04  1.31034e-02
 5.95024e-04  1.29675e-02
 6.79278e-04  1.30933e-02
 5.28247e-04  1.31034e-02

 1.78906e-03  1.25250e-02
 7.28737e-04  1.30560e-02
 8.12056e-04  1.29297e-02
 8.79838e-04  1.30650e-02
 7.28737e-04  1.30560e-02

 2.18663e-03  1.25250e-02
 9.25140e-04  1.30002e-02
 1.02113e-03  1.28832e-02
 1.07449e-03  1.30248e-02
 9.25140e-04  1.30002e-02

 2.58420e-03  1.25250e-02
 1.15795e-03  1.29379e-02
 1.26282e-03  1.28288e-02
 1.30491e-03  1.29742e-02
 1.15795e-03  1.29379e-02

 2.98177e-03  1.25250e-02
 1.41240e-03  1.28707e-02
 1.52413e-03  1.27686e-02
 1.55670e-03  1.29164e-02
 1.41240e-03  1.28707e-02

 3.37934e-03  1.25250e-02
 1.69735e-03  1.28003e-02
 1.81449e-03  1.27044e-02
 1.83894e-03  1.28538e-02
 1.69735e-03  1.28003e-02

 2.00521e-04  1.30950e-02
 2.00521e-04  1.41699e-02
 1.24837e-04  1.40388e-02
 2.76204e-04  1.40388e-02
 2.00521e-04  1.41699e-02

 6.01563e-04  1.30950e-02
 1.44063e-04  1.41527e-02
 1.26642e-04  1.40023e-02
 2.65569e-04  1.40624e-02
 1.44063e-04  1.41527e-02

 1.00260e-03  1.30950e-02
 3.71222e-04  1.41049e-02
 3.76539e-04  1.39536e-02
 5.04887e-04  1.40339e-02
 3.71222e-04  1.41049e-02

 1.40365e-03  1.30950e-02
 4.78642e-04  1.40426e-02
 5.16055e-04  1.38959e-02
 6.24369e-04  1.40016e-02
 4.78642e-04  1.40426e-02

 1.80469e-03  1.30950e-02
 6.67392e-04  1.39607e-02
 7.25855e-04  1.38211e-02
 8.17539e-04  1.39416e-02
 6.67392e-04  1.39607e-02

 2.20573e-03  1.30950e-02
 8.52887e-04  1.38658e-02
 9.29315e-04  1.37352e-02
 1.00425e-03  1.38667e-02
 8.52887e-04  1.38658e-02

 2.60677e-03  1.30950e-02
 1.07865e-03  1.37597e-02
 1.16867e-03  1.36380e-02
 1.22904e-03  1.37768e-02
 1.07865e-03  1.37597e-02

 3.00781e-03  1.30950e-02
 1.32893e-03  1.36462e-02
 1.42987e-03  1.35334e-02
 1.47708e-03  1.36772e-02
 1.32893e-03  1.36462e-02

 3.40885e-03  1.30950e-02
 1.61304e-03  1.35277e-02
 1.72275e-03  1.34234e-02
 1.75821e-03  1.35706e-02
 1.61304e-03  1.35277e-02

 2.02257e-04  1.36650e-02
 2.02257e-04  1.50938e-02
 1.26573e-04  1.49627e-02
 2.77940e-04  1.49627e-02
 2.02257e-04  1.50938e-02

 6.06771e-04  1.36650e-02
 1.60216e-04  1.50913e-02
 1.27158e-04  1.49435e-02
 2.71610e-04  1.49888e-02
 1.60216e-04  1.50913e-02

 1.01128e-03  1.36650e-02
 3.94411e-04  1.50255e-02
 3.79616e-04  1.48748e-02
 5.17473e-04  1.49374e-02
 3.94411e-04  1.50255e-02

 1.41580e-03  1.36650e-02
 5.10170e-04  1.49416e-02
 5.24288e-04  1.47909e-02
 6.47745e-04  1.48785e-02
 5.10170e-04  1.49416e-02

 1.82031e-03  1.36650e-02
 7.06252e-04  1.48264e-02
 7.42381e-04  1.46794e-02
 8.51615e-04  1.47842e-02
 7.06252e-04  1.48264e-02

 2.22483e-03  1.36650e-02
 8.99306e-04  1.46935e-02
 9.56475e-04  1.45534e-02
 1.04927e-03  1.46730e-02
 8.99306e-04  1.46935e-02

 2.62934e-03  1.36650e-02
 1.13285e-03  1.45447e-02
 1.20750e-03  1.44131e-02
 1.28421e-03  1.45436e-02
 1.13285e-03  1.45447e-02

 3.03385e-03  1.36650e-02
 1.39122e-03  1.43865e-02
 1.48081e-03  1.42644e-02
 1.54168e-03  1.44030e-02
 1.39122e-03  1.43865e-02

 3.43837e-03  1.36650e-02
 1.68365e-03  1.42221e-02
 1.78569e-03  1.41103e-02
 1.83149e-03  1.42545e-02
 1.68365e-03  1.42221e-02

 2.03993e-04  1.42350e-02
 2.03993e-04  1.60182e-02
 1.28310e-04  1.58871e-02
 2.79677e-04  1.58871e-02
 2.03993e-04  1.60182e-02

 6.11979e-04  1.42350e-02
 2.05370e-04  1.60282e-02
 1.60549e-04  1.58836e-02
 3.08168e-04  1.59171e-02
 2.05370e-04  1.60282e-02

 1.01997e-03  1.42350e-02
 4.58810e-04  1.59457e-02
 4.27754e-04  1.57976e-02
 5.71581e-04  1.58448e-02
 4.58810e-04  1.59457e-02

 1.42795e-03  1.42350e-02
 6.02396e-04  1.58407e-02
 5.95027e-04  1.56895e-02
 7.29644e-04  1.57587e-02
 6.02396e-04  1.58407e-02

 1.83594e-03  1.42350e-02
 8.19811e-04  1.56922e-02
 8.32710e-04  1.55414e-02
 9.56871e-04  1.56280e-02
 8.19811e-04  1.56922e-02

 2.24392e-03  1.42350e-02
 1.03397e-03  1.55212e-02
 1.06866e-03  1.53739e-02
 1.17892e-03  1.54776e-02
 1.03397e-03  1.55212e-02

 2.65191e-03  1.42350e-02
 1.28575e-03  1.53294e-02
 1.34074e-03  1.51884e-02
 1.43537e-03  1.53065e-02
 1.28575e-03  1.53294e-02

 3.05990e-03  1.42350e-02
 1.56045e-03  1.51259e-02
 1.63449e-03  1.49938e-02
 1.71181e-03  1.51240e-02
 1.56045e-03  1.51259e-02

 3.46788e-03  1.42350e-02
 1.86695e-03  1.49150e-02
 1.95802e-03  1.47941e-02
 2.01719e-03  1.49334e-02
 1.86695e-03  1.49150e-02

 2.05729e-04  1.48050e-02
 2.05729e-04  1.68843e-02
 1.30046e-04  1.67532e-02
 2.81413e-04  1.67532e-02
 2.05729e-04  1.68843e-02

 6.17187e-04  1.48050e-02
 2.75514e-04  1.69049e-02
 2.21866e-04  1.67634e-02
 3.71268e-04  1.67877e-02
 2.75514e-04  1.69049e-02

 1.02865e-03  1.48050e-02
 5.57690e-04  1.68095e-02
 5.13996e-04  1.66646e-02
 6.61350e-04  1.66992e-02
 5.57690e-04  1.68095e-02

 1.44010e-03  1.48050e-02
 7.45292e-04  1.66866e-02
 7.19705e-04  1.65374e-02
 8.61699e-04  1.65898e-02
 7.45292e-04  1.66866e-02

 1.85156e-03  1.48050e-02
 9.95355e-04  1.65098e-02
 9.86557e-04  1.63587e-02
 1.12182e-03  1.64266e-02
 9.95355e-04  1.65098e-02

 2.26302e-03  1.48050e-02
 1.24190e-03  1.63057e-02
 1.25307e-03  1.61547e-02
 1.37822e-03  1.62399e-02
 1.24190e-03  1.63057e-02

 2.67448e-03  1.48050e-02
 1.52038e-03  1.60763e-02
 1.55246e-03  1.59283e-02
 1.66453e-03  1.60301e-02
 1.52038e-03  1.60763e-02

 3.08594e-03  1.48050e-02
 1.81824e-03  1.58331e-02
 1.87238e-03  1.56917e-02
 1.96773e-03  1.58093e-02
 1.81824e-03  1.58331e-02

 3.49740e-03  1.48050e-02
 2.14334e-03  1.55816e-02
 2.21940e-03  1.54507e-02
 2.29471e-03  1.55820e-02
 2.14334e-03  1.55816e-02

 2.07465e-04  1.53750e-02
 2.07465e-04  1.76949e-02
 1.31782e-04  1.75638e-02
 2.83149e-04  1.75638e-02
 2.07465e-04  1.76949e-02

 6.22396e-04  1.53750e-02
 3.63959e-04  1.77232e-02
 3.03071e-04  1.75847e-02
 4.53529e-04  1.76012e-02
 3.63959e-04  1.77232e-02

 1.03733e-03  1.53750e-02
 6.81395e-04  1.76186e-02
 6.27185e-04  1.74773e-02
 7.76682e-04  1.75010e-02
 6.81395e-04  1.76186e-02

 1.45226e-03  1.53750e-02
 9.24940e-04  1.74815e-02
 8.83355e-04  1.73360e-02
 1.03019e-03  1.73727e-02
 9.24940e-04  1.74815e-02

 1.86719e-03  1.53750e-02
 1.21584e-03  1.72821e-02
 1.18659e-03  1.71336e-02
 1.32983e-03  1.71826e-02
 1.21584e-03  1.72821e-02

 2.28212e-03  1.53750e-02
 1.50296e-03  1.70509e-02
 1.48959e-03  1.69002e-02
 1.62685e-03  1.69640e-02
 1.50296e-03  1.70509e-02

 2.69705e-03  1.53750e-02
 1.81435e-03  1.67904e-02
 1.81950e-03  1.66392e-02
 1.94794e-03  1.67193e-02
 1.81435e-03  1.67904e-02

 3.11198e-03  1.53750e-02
 2.14043e-03  1.65142e-02
 2.16791e-03  1.63653e-02
 2.28308e-03  1.64636e-02
 2.14043e-03  1.65142e-02

 3.52691e-03  1.53750e-02
 2.48762e-03  1.62286e-02
 2.54089e-03  1.60869e-02
 2.63696e-03  1.62038e-02
 2.48762e-03  1.62286e-02

 2.09201e-04  1.59450e-02
 2.09201e-04  1.84300e-02
 1.33518e-04  1.82989e-02
 2.84885e-04  1.82989e-02
 2.09201e-04  1.84300e-02

 6.27604e-04  1.59450e-02
 4.65460e-04  1.84631e-02
 3.98356e-04  1.83274e-02
 5.49411e-04  1.83371e-02
 4.65460e-04  1.84631e-02

 1.04601e-03  1.59450e-02
 8.22604e-04  1.83538e-02
 7.59350e-04  1.82163e-02
 9.10070e-04  1.82302e-02
 8.22604e-04  1.83538e-02

 1.46441e-03  1.59450e-02
 1.13078e-03  1.82073e-02
 1.07503e-03  1.80666e-02
 1.22478e-03  1.80887e-02
 1.13078e-03  1.82073e-02

 1.88281e-03  1.59450e-02
 1.46848e-03  1.79926e-02
 1.42030e-03  1.78491e-02
 1.56866e-03  1.78791e-02
 1.46848e-03  1.79926e-02

 2.30122e-03  1.59450e-02
 1.80255e-03  1.77422e-02
 1.76467e-03  1.75956e-02
 1.91053e-03  1.76361e-02
 1.80255e-03  1.77422e-02

 2.71962e-03  1.59450e-02
 2.15180e-03  1.74593e-02
 2.12696e-03  1.73100e-02
 2.26869e-03  1.73631e-02
 2.15180e-03  1.74593e-02

 3.13802e-03  1.59450e-02
 2.51028e-03  1.71588e-02
 2.50327e-03  1.70076e-02
 2.63772e-03  1.70771e-02
 2.51028e-03  1.71588e-02

 3.55642e-03  1.59450e-02
 2.88263e-03  1.68479e-02
 2.90037e-03  1.66976e-02
 3.02168e-03  1.67881e-02
 2.88263e-03  1.68479e-02

 2.10937e-04  1.65150e-02
 2.10937e-04  1.90866e-02
 1.35254e-04  1.89555e-02
 2.86621e-04  1.89555e-02
 2.10938e-04  1.90866e-02

 6.32812e-04  1.65150e-02
 5.74496e-04  1.91218e-02
 5.01763e-04  1.89891e-02
 6.53092e-04  1.89925e-02
 5.74496e-04  1.91218e-02

 1.05469e-03  1.65150e-02
 9.73789e-04  1.90121e-02
 9.02390e-04  1.88786e-02
 1.05368e-03  1.88835e-02
 9.73789e-04  1.90121e-02

 1.47656e-03  1.65150e-02
 1.35198e-03  1.88612e-02
 1.28335e-03  1.87263e-02
 1.43451e-03  1.87343e-02
 1.35198e-03  1.88612e-02

 1.89844e-03  1.65150e-02
 1.74036e-03  1.86387e-02
 1.67461e-03  1.85023e-02
 1.82556e-03  1.85136e-02
 1.74036e-03  1.86387e-02

 2.32031e-03  1.65150e-02
 2.12564e-03  1.83776e-02
 2.06399e-03  1.82393e-02
 2.21454e-03  1.82551e-02
 2.12564e-03  1.83776e-02

 2.74219e-03  1.65150e-02
 2.51636e-03  1.80816e-02
 2.46015e-03  1.79411e-02
 2.60997e-03  1.79627e-02
 2.51636e-03  1.80816e-02

 3.16406e-03  1.65150e-02
 2.91043e-03  1.77664e-02
 2.86230e-03  1.76229e-02
 3.01065e-03  1.76530e-02
 2.91043e-03  1.77664e-02

 3.58594e-03  1.65150e-02
 3.31045e-03  1.74399e-02
 3.27534e-03  1.72926e-02
 3.42041e-03  1.73358e-02
 3.31045e-03  1.74399e-02

 2.12674e-04  1.70850e-02
 2.12674e-04  1.96607e-02
 1.36990e-04  1.95296e-02
 2.88357e-04  1.95296e-02
 2.12674e-04  1.96607e-02

 6.38021e-04  1.70850e-02
 6.86372e-04  1.96956e-02
 6.08274e-04  1.95659e-02
 7.59615e-04  1.95631e-02
 6.86372e-04  1.96956e-02

 1.06337e-03  1.70850e-02
 1.12867e-03  1.95891e-02
 1.04960e-03  1.94600e-02
 1.20091e-03  1.94560e-02
 1.12867e-03  1.95891e-02

 1.48872e-03  1.70850e-02
 1.57947e-03  1.94385e-02
 1.49879e-03  1.93105e-02
 1.65004e-03  1.93046e-02
 1.57947e-03  1.94385e-02

 1.91406e-03  1.70850e-02
 2.02058e-03  1.92158e-02
 1.93845e-03  1.90886e-02
 2.08962e-03  1.90811e-02
 2.02058e-03  1.92158e-02

 2.33941e-03  1.70850e-02
 2.45966e-03  1.89525e-02
 2.37571e-03  1.88265e-02
 2.52676e-03  1.88168e-02
 2.45966e-03  1.89525e-02

 2.76476e-03  1.70850e-02
 2.89423e-03  1.86531e-02
 2.80802e-03  1.85287e-02
 2.95887e-03  1.85162e-02
 2.89423e-03  1.86531e-02

 3.19010e-03  1.70850e-02
 3.32620e-03  1.83332e-02
 3.23675e-03  1.82111e-02
 3.38723e-03  1.81947e-02
 3.32620e-03  1.83332e-02

 3.61545e-03  1.70850e-02
 3.75584e-03  1.80012e-02
 3.66118e-03  1.78831e-02
 3.81080e-03  1.78602e-02
 3.75584e-03  1.80012e-02

 2.14410e-04  1.76550e-02
 2.14410e-04  2.01523e-02
 1.38726e-04  2.00212e-02
 2.90093e-04  2.00212e-02
 2.14410e-04  2.01523e-02

 6.43229e-04  1.76550e-02
 7.96458e-04  2.01844e-02
 7.12986e-04  2.00581e-02
 8.64076e-04  2.00490e-02
 7.96458e-04  2.01844e-02

 1.07205e-03  1.76550e-02
 1.28108e-03  2.00844e-02
 1.19444e-03  1.99602e-02
 1.34525e-03  1.99473e-02
 1.28108e-03  2.00844e-02

 1.50087e-03  1.76550e-02
 1.80421e-03  1.99386e-02
 1.71193e-03  1.98186e-02
 1.86198e-03  1.97987e-02
 1.80421e-03  1.99386e-02

 1.92969e-03  1.76550e-02
 2.29826e-03  1.97227e-02
 2.20075e-03  1.96069e-02
 2.34976e-03  1.95803e-02
 2.29826e-03  1.97227e-02

 2.35851e-03  1.76550e-02
 2.79174e-03  1.94657e-02
 2.68763e-03  1.93558e-02
 2.83484e-03  1.93206e-02
 2.79174e-03  1.94657e-02

 2.78733e-03  1.76550e-02
 3.27107e-03  1.91724e-02
 3.15915e-03  1.90705e-02
 3.30336e-03  1.90245e-02
 3.27107e-03  1.91724e-02

 3.21615e-03  1.76550e-02
 3.74196e-03  1.88581e-02
 3.62012e-03  1.87683e-02
 3.75881e-03  1.87076e-02
 3.74196e-03  1.88581e-02

 3.64497e-03  1.76550e-02
 4.20225e-03  1.85313e-02
 4.06804e-03  1.84613e-02
 4.19576e-03  1.83800e-02
 4.20225e-03  1.85313e-02

 2.16146e-04  1.82250e-02
 2.16146e-04  2.05680e-02
 1.40462e-04  2.04369e-02
 2.91829e-04  2.04369e-02
 2.16146e-04  2.05680e-02

 6.48438e-04  1.82250e-02
 9.00971e-04  2.05950e-02
 8.11824e-04  2.04726e-02
 9.62338e-04  2.04566e-02
 9.00971e-04  2.05950e-02

 1.08073e-03  1.82250e-02
 1.42604e-03  2.05034e-02
 1.33157e-03  2.03851e-02
 1.48123e-03  2.03624e-02
 1.42604e-03  2.05034e-02

 1.51302e-03  1.82250e-02
 2.01874e-03  2.03659e-02
 1.91495e-03  2.02558e-02
 2.06226e-03  2.02210e-02
 2.01874e-03  2.03659e-02

 1.94531e-03  1.82250e-02
 2.56411e-03  2.01629e-02
 2.45214e-03  2.00610e-02
 2.59633e-03  2.00150e-02
 2.56411e-03  2.01629e-02

 2.37760e-03  1.82250e-02
 3.11064e-03  1.99196e-02
 2.98913e-03  1.98293e-02
 3.12805e-03  1.97692e-02
 3.11064e-03  1.99196e-02

 2.80990e-03  1.82250e-02
 3.63386e-03  1.96412e-02
 3.50252e-03  1.95659e-02
 3.63336e-03  1.94898e-02
 3.63386e-03  1.96412e-02

 3.24219e-03  1.82250e-02
 4.14312e-03  1.93419e-02
 4.00191e-03  1.92874e-02
 4.11973e-03  1.91924e-02
 4.14312e-03  1.93419e-02

 3.67448e-03  1.82250e-02
 4.63354e-03  1.90304e-02
 4.48448e-03  1.90041e-02
 4.58183e-03  1.88882e-02
 4.63354e-03  1.90304e-02

 2.17882e-04  1.87950e-02
 2.17882e-04  2.09088e-02
 1.42198e-04  2.07778e-02
 2.93565e-04  2.07778e-02
 2.17882e-04  2.09088e-02

 6.53646e-04  1.87950e-02
 9.95448e-04  2.09283e-02
 8.99978e-04  2.08108e-02
 1.04944e-03  2.07869e-02
 9.95448e-04  2.09283e-02

 1.08941e-03  1.87950e-02
 1.55756e-03  2.08470e-02
 1.45462e-03  2.07360e-02
 1.60219e-03  2.07024e-02
 1.55756e-03  2.08470e-02

 1.52517e-03  1.87950e-02
 2.21397e-03  2.07213e-02
 2.09857e-03  2.06233e-02
 2.24110e-03  2.05724e-02
 2.21397e-03  2.07213e-02

 1.96094e-03  1.87950e-02
 2.80670e-03  2.05370e-02
 2.68136e-03  2.04521e-02
 2.81753e-03  2.03860e-02
 2.80670e-03  2.05370e-02

 2.39670e-03  1.87950e-02
 3.40223e-03  2.03147e-02
 3.26678e-03  2.02472e-02
 3.39302e-03  2.01636e-02
 3.40223e-03  2.03147e-02

 2.83247e-03  1.87950e-02
 3.96613e-03  2.00603e-02
 3.82228e-03  2.00131e-02
 3.93502e-03  1.99121e-02
 3.96613e-03  2.00603e-02

 3.26823e-03  1.87950e-02
 4.51080e-03  1.97860e-02
 4.36113e-03  1.97634e-02
 4.45551e-03  1.96451e-02
 4.51080e-03  1.97860e-02

 3.70399e-03  1.87950e-02
 5.02898e-03  1.95005e-02
 4.87771e-03  1.95057e-02
 4.94884e-03  1.93720e-02
 5.02898e-03  1.95005e-02

 2.19618e-04  1.93650e-02
 2.19618e-04  2.11953e-02
 1.43935e-04  2.10642e-02
 2.95302e-04  2.10642e-02
 2.19618e-04  2.11953e-02

 6.58854e-04  1.93650e-02
 1.07679e-03  2.12042e-02
 9.73943e-04  2.10931e-02
 1.12155e-03  2.10596e-02
 1.07679e-03  2.12042e-02

 1.09809e-03  1.93650e-02
 1.67139e-03  2.11338e-02
 1.55898e-03  2.10324e-02
 1.70297e-03  2.09858e-02
 1.67139e-03  2.11338e-02

 1.53733e-03  1.93650e-02
 2.38286e-03  2.10218e-02
 2.25586e-03  2.09394e-02
 2.39069e-03  2.08706e-02
 2.38286e-03  2.10218e-02

 1.97656e-03  1.93650e-02
 3.01653e-03  2.08603e-02
 2.87955e-03  2.07959e-02
 3.00381e-03  2.07094e-02
 3.01653e-03  2.08603e-02

 2.41580e-03  1.93650e-02
 3.65428e-03  2.06646e-02
 3.50906e-03  2.06219e-02
 3.61864e-03  2.05175e-02
 3.65428e-03  2.06646e-02

 2.85503e-03  1.93650e-02
 4.25291e-03  2.04408e-02
 4.10286e-03  2.04208e-02
 4.19518e-03  2.03008e-02
 4.25291e-03  2.04408e-02

 3.29427e-03  1.93650e-02
 4.82739e-03  2.01993e-02
 4.67607e-03  2.02032e-02
 4.74843e-03  2.00702e-02
 4.82739e-03  2.01993e-02

 3.73351e-03  1.93650e-02
 5.36819e-03  1.99482e-02
 5.21930e-03  1.99755e-02
 5.27016e-03  1.98329e-02
 5.36819e-03  1.99482e-02

 2.21354e-04  1.99350e-02
 2.21354e-04  2.14193e-02
 1.45671e-04  2.12882e-02
 2.97038e-04  2.12882e-02
 2.21354e-04  2.14193e-02

 6.64062e-04  1.99350e-02
 1.13798e-03  2.14159e-02
 1.02594e-03  2.13141e-02
 1.17011e-03  2.12680e-02
 1.13798e-03  2.14159e-02

 1.10677e-03  1.99350e-02
 1.75749e-03  2.13583e-02
 1.63415e-03  2.12706e-02
 1.77182e-03  2.12076e-02
 1.75749e-03  2.13583e-02

 1.54948e-03  1.99350e-02
 2.51021e-03  2.12636e-02
 2.37206e-03  2.12017e-02
 2.49472e-03  2.11131e-02
 2.51021e-03  2.12636e-02

 1.99219e-03  1.99350e-02
 3.17429e-03  2.11307e-02
 3.02831e-03  2.10907e-02
 3.13595e-03  2.09843e-02
 3.17429e-03  2.11307e-02

 2.43490e-03  1.99350e-02
 3.84284e-03  2.09691e-02
 3.69238e-03  2.09525e-02
 3.78198e-03  2.08305e-02
 3.84284e-03  2.09691e-02

 2.87760e-03  1.99350e-02
 4.46628e-03  2.07846e-02
 4.31499e-03  2.07895e-02
 4.38637e-03  2.06561e-02
 4.46628e-03  2.07846e-02

 3.32031e-03  1.99350e-02
 5.06141e-03  2.05857e-02
 4.91212e-03  2.06107e-02
 4.96512e-03  2.04690e-02
 5.06141e-03  2.05857e-02

 3.76302e-03  1.99350e-02
 5.61711e-03  2.03794e-02
 5.47200e-03  2.04225e-02
 5.50728e-03  2.02753e-02
 5.61711e-03  2.03794e-02

 2.23090e-04  2.05050e-02
 2.23090e-04  2.16368e-02
 1.47407e-04  2.15057e-02
 2.98774e-04  2.15057e-02
 2.23090e-04  2.16368e-02

 6.69271e-04  2.05050e-02
 1.17637e-03  2.16167e-02
 1.05311e-03  2.15289e-02
 1.19083e-03  2.14660e-02
 1.17637e-03  2.16167e-02

 1.11545e-03  2.05050e-02
 1.81044e-03  2.15724e-02
 1.67549e-03  2.15038e-02
 1.80233e-03  2.14212e-02
 1.81044e-03  2.15724e-02

 1.56163e-03  2.05050e-02
 2.58676e-03  2.14952e-02
 2.43990e-03  2.14586e-02
 2.54506e-03  2.13497e-02
 2.58676e-03  2.14952e-02

 2.00781e-03  2.05050e-02
 3.26688e-03  2.13922e-02
 3.11613e-03  2.13786e-02
 3.20332e-03  2.12549e-02
 3.26688e-03  2.13922e-02

 2.45399e-03  2.05050e-02
 3.95124e-03  2.12661e-02
 3.80009e-03  2.12742e-02
 3.86868e-03  2.11393e-02
 3.95124e-03  2.12661e-02

 2.90017e-03  2.05050e-02
 4.58610e-03  2.11233e-02
 4.43697e-03  2.11492e-02
 4.48909e-03  2.10071e-02
 4.58610e-03  2.11233e-02

 3.34635e-03  2.05050e-02
 5.18955e-03  2.09696e-02
 5.04394e-03  2.10109e-02
 5.08093e-03  2.08641e-02
 5.18955e-03  2.09696e-02

 3.79253e-03  2.05050e-02
 5.74948e-03  2.08109e-02
 5.60828e-03  2.08654e-02
 5.63166e-03  2.07159e-02
 5.74948e-03  2.08109e-02

 2.24826e-04  2.10750e-02
 2.24826e-04  2.17947e-02
 1.49143e-04  2.16636e-02
 3.00510e-04  2.16636e-02
 2.24826e-04  2.17947e-02

 6.74479e-04  2.10750e-02
 1.17417e-03  2.17651e-02
 1.03599e-03  2.17033e-02
 1.15859e-03  2.16145e-02
 1.17417e-03  2.17651e-02

 1.12413e-03  2.10750e-02
 1.80441e-03  2.17381e-02
 1.65771e-03  2.17008e-02
 1.76337e-03  2.15924e-02
 1.80441e-03  2.17381e-02

 1.57378e-03  2.10750e-02
 2.57553e-03  2.16859e-02
 2.42421e-03  2.16823e-02
 2.50302e-03  2.15530e-02
 2.57553e-03  2.16859e-02

 2.02344e-03  2.10750e-02
 3.24913e-03  2.16203e-02
 3.09860e-03  2.16362e-02
 3.16013e-03  2.14979e-02
 3.24913e-03  2.16203e-02

 2.47309e-03  2.10750e-02
 3.92689e-03  2.15389e-02
 3.77900e-03  2.15712e-02
 3.82502e-03  2.14270e-02
 3.92689e-03  2.15389e-02

 2.92274e-03  2.10750e-02
 4.55440e-03  2.14475e-02
 4.40976e-03  2.14921e-02
 4.44345e-03  2.13446e-02
 4.55440e-03  2.14475e-02

 3.37240e-03  2.10750e-02
 5.15035e-03  2.13492e-02
 5.00926e-03  2.14040e-02
 5.03233e-03  2.12544e-02
 5.15035e-03  2.13492e-02

 3.82205e-03  2.10750e-02
 5.70248e-03  2.12485e-02
 5.56499e-03  2.13118e-02
 5.57890e-03  2.11611e-02
 5.70248e-03  2.12485e-02

 2.26562e-04  2.16450e-02
 2.26562e-04  2.20645e-02
 1.50879e-04  2.19334e-02
 3.02246e-04  2.19334e-02
 2.26563e-04  2.20645e-02

 6.79687e-04  2.16450e-02
 1.13374e-03  2.20181e-02
 9.84404e-04  2.19933e-02
 1.08050e-03  2.18764e-02
 1.13374e-03  2.20181e-02

 1.13281e-03  2.16450e-02
 1.73374e-03  2.20089e-02
 1.58241e-03  2.20057e-02
 1.66081e-03  2.18762e-02
 1.73374e-03  2.20089e-02

 1.58594e-03  2.16450e-02
 2.46916e-03  2.19734e-02
 2.31992e-03  2.19986e-02
 2.37267e-03  2.18568e-02
 2.46916e-03  2.19734e-02

 2.03906e-03  2.16450e-02
 3.11089e-03  2.19367e-02
 2.96453e-03  2.19753e-02
 3.00428e-03  2.18293e-02
 3.11089e-03  2.19367e-02

 2.49219e-03  2.16450e-02
 3.75837e-03  2.18880e-02
 3.61537e-03  2.19376e-02
 3.64390e-03  2.17890e-02
 3.75837e-03  2.18880e-02

 2.94531e-03  2.16450e-02
 4.35847e-03  2.18349e-02
 4.21847e-03  2.18924e-02
 4.23863e-03  2.17424e-02
 4.35847e-03  2.18349e-02

 3.39844e-03  2.16450e-02
 4.93012e-03  2.17775e-02
 4.79300e-03  2.18416e-02
 4.80604e-03  2.16908e-02
 4.93012e-03  2.17775e-02

 3.85156e-03  2.16450e-02
 5.46158e-03  2.17193e-02
 5.32714e-03  2.17889e-02
 5.33412e-03  2.16377e-02
 5.46158e-03  2.17193e-02

 2.28299e-04  2.22150e-02
 2.28299e-04  2.22150e-02
 3.59386e-04  2.21393e-02
 3.59386e-04  2.22907e-02
 2.28299e-04  2.22150e-02

 6.84896e-04  2.22150e-02
 9.95372e-04  2.22150e-02
 8.64285e-04  2.22907e-02
 8.64285e-04  2.21393e-02
 9.95372e-04  2.22150e-02

 1.14149e-03  2.22150e-02
 1.53518e-03  2.22150e-02
 1.40410e-03  2.22907e-02
 1.40410e-03  2.21393e-02
 1.53518e-03  2.22150e-02

 1.59809e-03  2.22150e-02
 2.17836e-03  2.22150e-02
 2.04727e-03  2.22907e-02
 2.04727e-03  2.21393e-02
 2.17836e-03  2.22150e-02

 2.05469e-03  2.22150e-02
 2.75151e-03  2.22150e-02
 2.62043e-03  2.22907e-02
 2.62043e-03  2.21393e-02
 2.75151e-03  2.22150e-02

 2.51128e-03  2.22150e-02
 3.33207e-03  2.22150e-02
 3.20098e-03  2.22907e-02
 3.20098e-03  2.21393e-02
 3.33207e-03  2.22150e-02

 2.96788e-03  2.22150e-02
 3.87926e-03  2.22150e-02
 3.74817e-03  2.22907e-02
 3.74817e-03  2.21393e-02
 3.87926e-03  2.22150e-02

 3.42448e-03  2.22150e-02
 4.40836e-03  2.22150e-02
 4.27728e-03  2.22907e-02
 4.27728e-03  2.21393e-02
 4.40836e-03  2.22150e-02

 3.88108e-03  2.22150e-02
 4.91060e-03  2.22150e-02
 4.77951e-03  2.22907e-02
 4.77951e-03  2.21393e-02
 4.91060e-03  2.22150e-02

 3.76510e-03  1.13850e-02
 2.82459e-03  1.13850e-02
 2.95567e-03  1.13093e-02
 2.95567e-03  1.14607e-02
 2.82459e-03  1.13850e-02

 4.26406e-03  1.13850e-02
 3.28230e-03  1.13850e-02
 3.41338e-03  1.13093e-02
 3.41338e-03  1.14607e-02
 3.28230e-03  1.13850e-02

 4.76302e-03  1.13850e-02
 3.76286e-03  1.13850e-02
 3.89395e-03  1.13093e-02
 3.89395e-03  1.14607e-02
 3.76286e-03  1.13850e-02

 5.26198e-03  1.13850e-02
 4.26697e-03  1.13850e-02
 4.39806e-03  1.13093e-02
 4.39806e-03  1.14607e-02
 4.26697e-03  1.13850e-02

 5.76094e-03  1.13850e-02
 4.79393e-03  1.13850e-02
 4.92502e-03  1.13093e-02
 4.92502e-03  1.14607e-02
 4.79393e-03  1.13850e-02

 6.25990e-03  1.13850e-02
 5.34254e-03  1.13850e-02
 5.47362e-03  1.13093e-02
 5.47362e-03  1.14607e-02
 5.34254e-03  1.13850e-02

 6.75885e-03  1.13850e-02
 5.91135e-03  1.13850e-02
 6.04244e-03  1.13093e-02
 6.04244e-03  1.14607e-02
 5.91135e-03  1.13850e-02

 7.25781e-03  1.13850e-02
 6.49719e-03  1.13850e-02
 6.62828e-03  1.13093e-02
 6.62828e-03  1.14607e-02
 6.49719e-03  1.13850e-02

 7.75677e-03  1.13850e-02
 7.09809e-03  1.13850e-02
 7.22918e-03  1.13093e-02
 7.22918e-03  1.14607e-02
 7.09809e-03  1.13850e-02

 8.25573e-03  1.13850e-02
 7.70740e-03  1.13850e-02
 7.83849e-03  1.13093e-02
 7.83849e-03  1.14607e-02
 7.70740e-03  1.13850e-02

 8.75469e-03  1.13850e-02
 8.32561e-03  1.13850e-02
 8.45670e-03  1.13093e-02
 8.45670e-03  1.14607e-02
 8.32561e-03  1.13850e-02

 9.25365e-03  1.13850e-02
 8.93648e-03  1.13850e-02
 9.06757e-03  1.13093e-02
 9.06757e-03  1.14607e-02
 8.93648e-03  1.13850e-02

 9.75260e-03  1.13850e-02
 9.55608e-03  1.13850e-02
 9.68716e-03  1.13093e-02
 9.68716e-03  1.14607e-02
 9.55608e-03  1.13850e-02

 1.02516e-02  1.13850e-02
 1.01344e-02  1.13850e-02
 1.02655e-02  1.13093e-02
 1.02655e-02  1.14607e-02
 1.01344e-02  1.13850e-02

 1.07505e-02  1.13850e-02
 1.07505e-02  1.13850e-02
 1.06194e-02  1.14607e-02
 1.06194e-02  1.13093e-02
 1.07505e-02  1.13850e-02

 3.79531e-03  1.19550e-02
 2.30662e-03  1.20832e-02
 2.43073e-03  1.19966e-02
 2.44372e-03  1.21474e-02
 2.30662e-03  1.20832e-02

 4.29219e-03  1.19550e-02
 2.74552e-03  1.20320e-02
 2.87268e-03  1.19499e-02
 2.88021e-03  1.21011e-02
 2.74552e-03  1.20320e-02

 4.78906e-03  1.19550e-02
 3.22151e-03  1.19805e-02
 3.35135e-03  1.19027e-02
 3.35381e-03  1.20540e-02
 3.22151e-03  1.19805e-02

 5.28594e-03  1.19550e-02
 3.73405e-03  1.19294e-02
 3.86637e-03  1.18558e-02
 3.86387e-03  1.20072e-02
 3.73405e-03  1.19294e-02

 5.78281e-03  1.19550e-02
 4.28186e-03  1.18800e-02
 4.41656e-03  1.18109e-02
 4.40900e-03  1.19621e-02
 4.28186e-03  1.18800e-02

 6.27969e-03  1.19550e-02
 4.86282e-03  1.18336e-02
 4.99989e-03  1.17694e-02
 4.98697e-03  1.19202e-02
 4.86282e-03  1.18336e-02

 6.77656e-03  1.19550e-02
 5.47420e-03  1.17918e-02
 5.61368e-03  1.17330e-02
 5.59486e-03  1.18832e-02
 5.47420e-03  1.17918e-02

 7.27344e-03  1.19550e-02
 6.11139e-03  1.17562e-02
 6.25337e-03  1.17037e-02
 6.22784e-03  1.18529e-02
 6.11139e-03  1.17562e-02

 7.77031e-03  1.19550e-02
 6.77061e-03  1.17284e-02
 6.91519e-03  1.16835e-02
 6.88172e-03  1.18312e-02
 6.77061e-03  1.17284e-02

 8.26719e-03  1.19550e-02
 7.44246e-03  1.17103e-02
 7.58966e-03  1.16751e-02
 7.54661e-03  1.18202e-02
 7.44246e-03  1.17103e-02

 8.76406e-03  1.19550e-02
 8.12597e-03  1.17029e-02
 8.27569e-03  1.16807e-02
 8.22007e-03  1.18214e-02
 8.12597e-03  1.17029e-02

 9.26094e-03  1.19550e-02
 8.79883e-03  1.17086e-02
 8.95011e-03  1.17035e-02
 8.87889e-03  1.18370e-02
 8.79883e-03  1.17086e-02

 9.75781e-03  1.19550e-02
 9.47831e-03  1.17258e-02
 9.62767e-03  1.17504e-02
 9.53169e-03  1.18675e-02
 9.47831e-03  1.17258e-02

 1.02547e-02  1.19550e-02
 1.00996e-02  1.17617e-02
 1.02407e-02  1.18166e-02
 1.01226e-02  1.19113e-02
 1.00996e-02  1.17617e-02

 1.07516e-02  1.19550e-02
 1.07516e-02  1.18103e-02
 1.08272e-02  1.19414e-02
 1.06759e-02  1.19414e-02
 1.07516e-02  1.18103e-02

 3.82552e-03  1.25250e-02
 2.04870e-03  1.27187e-02
 2.17082e-03  1.26292e-02
 2.18722e-03  1.27797e-02
 2.04870e-03  1.27187e-02

 4.32031e-03  1.25250e-02
 2.48332e-03  1.26268e-02
 2.61002e-03  1.25440e-02
 2.61840e-03  1.26951e-02
 2.48332e-03  1.26268e-02

 4.81510e-03  1.25250e-02
 2.96184e-03  1.25353e-02
 3.09251e-03  1.24589e-02
 3.09335e-03  1.26103e-02
 2.96184e-03  1.25353e-02

 5.30990e-03  1.25250e-02
 3.48305e-03  1.24459e-02
 3.61729e-03  1.23760e-02
 3.61074e-03  1.25272e-02
 3.48305e-03  1.24459e-02

 5.80469e-03  1.25250e-02
 4.04497e-03  1.23605e-02
 4.18253e-03  1.22974e-02
 4.16845e-03  1.24481e-02
 4.04497e-03  1.23605e-02

 6.29948e-03  1.25250e-02
 4.64451e-03  1.22813e-02
 4.78522e-03  1.22255e-02
 4.76317e-03  1.23753e-02
 4.64451e-03  1.22813e-02

 6.79427e-03  1.25250e-02
 5.27818e-03  1.22106e-02
 5.42190e-03  1.21631e-02
 5.39117e-03  1.23113e-02
 5.27818e-03  1.22106e-02

 7.28906e-03  1.25250e-02
 5.94046e-03  1.21513e-02
 6.08700e-03  1.21133e-02
 6.04657e-03  1.22592e-02
 5.94046e-03  1.21513e-02

 7.78385e-03  1.25250e-02
 6.62681e-03  1.21060e-02
 6.77583e-03  1.20795e-02
 6.72429e-03  1.22218e-02
 6.62681e-03  1.21060e-02

 8.27865e-03  1.25250e-02
 7.32670e-03  1.20779e-02
 7.47753e-03  1.20651e-02
 7.41318e-03  1.22021e-02
 7.32670e-03  1.20779e-02

 8.77344e-03  1.25250e-02
 8.03854e-03  1.20695e-02
 8.18983e-03  1.20742e-02
 8.11008e-03  1.22029e-02
 8.03854e-03  1.20695e-02

 9.26823e-03  1.25250e-02
 8.73807e-03  1.20840e-02
 8.88725e-03  1.21097e-02
 8.79046e-03  1.22261e-02
 8.73807e-03  1.20840e-02

 9.76302e-03  1.25250e-02
 9.44276e-03  1.21235e-02
 9.58367e-03  1.21788e-02
 9.46533e-03  1.22731e-02
 9.44276e-03  1.21235e-02

 1.02578e-02  1.25250e-02
 1.00815e-02  1.21944e-02
 1.02099e-02  1.22744e-02
 1.00764e-02  1.23457e-02
 1.00815e-02  1.21944e-02

 1.07526e-02  1.25250e-02
 1.07526e-02  1.22961e-02
 1.08283e-02  1.24272e-02
 1.06769e-02  1.24272e-02
 1.07526e-02  1.22961e-02

 3.85573e-03  1.30950e-02
 1.96410e-03  1.33927e-02
 2.08183e-03  1.32975e-02
 2.10536e-03  1.34471e-02
 1.96410e-03  1.33927e-02

 4.34844e-03  1.30950e-02
 2.39913e-03  1.32428e-02
 2.52413e-03  1.31574e-02
 2.53557e-03  1.33083e-02
 2.39913e-03  1.32428e-02

 4.84115e-03  1.30950e-02
 2.88079e-03  1.30946e-02
 3.01190e-03  1.30189e-02
 3.01186e-03  1.31703e-02
 2.88079e-03  1.30946e-02

 5.33385e-03  1.30950e-02
 3.40703e-03  1.29507e-02
 3.54340e-03  1.28851e-02
 3.53210e-03  1.30360e-02
 3.40703e-03  1.29507e-02

 5.82656e-03  1.30950e-02
 3.97557e-03  1.28143e-02
 4.11653e-03  1.27591e-02
 4.09383e-03  1.29088e-02
 3.97557e-03  1.28143e-02

 6.31927e-03  1.30950e-02
 4.58279e-03  1.26885e-02
 4.72768e-03  1.26447e-02
 4.69317e-03  1.27921e-02
 4.58279e-03  1.26885e-02

 6.81198e-03  1.30950e-02
 5.22482e-03  1.25770e-02
 5.37292e-03  1.25457e-02
 5.32596e-03  1.26896e-02
 5.22482e-03  1.25770e-02

 7.30469e-03  1.30950e-02
 5.89576e-03  1.24839e-02
 6.04614e-03  1.24667e-02
 5.98591e-03  1.26055e-02
 5.89576e-03  1.24839e-02

 7.79740e-03  1.30950e-02
 6.59108e-03  1.24136e-02
 6.74244e-03  1.24122e-02
 6.66799e-03  1.25440e-02
 6.59108e-03  1.24136e-02

 8.29010e-03  1.30950e-02
 7.29986e-03  1.23706e-02
 7.45035e-03  1.23869e-02
 7.36097e-03  1.25090e-02
 7.29986e-03  1.23706e-02

 8.78281e-03  1.30950e-02
 8.02030e-03  1.23593e-02
 8.16719e-03  1.23958e-02
 8.06209e-03  1.25048e-02
 8.02030e-03  1.23593e-02

 9.27552e-03  1.30950e-02
 8.72766e-03  1.23845e-02
 8.86764e-03  1.24421e-02
 8.74777e-03  1.25345e-02
 8.72766e-03  1.23845e-02

 9.76823e-03  1.30950e-02
 9.43879e-03  1.24510e-02
 9.56587e-03  1.25333e-02
 9.43112e-03  1.26022e-02
 9.43879e-03  1.24510e-02

 1.02609e-02  1.30950e-02
 1.00815e-02  1.25658e-02
 1.01953e-02  1.26657e-02
 1.00519e-02  1.27143e-02
 1.00815e-02  1.25658e-02

 1.07536e-02  1.30950e-02
 1.07536e-02  1.27344e-02
 1.08293e-02  1.28654e-02
 1.06780e-02  1.28654e-02
 1.07536e-02  1.27344e-02

 3.88594e-03  1.36650e-02
 2.04168e-03  1.40374e-02
 2.15520e-03  1.39373e-02
 2.18516e-03  1.40856e-02
 2.04168e-03  1.40374e-02

 4.37656e-03  1.36650e-02
 2.48077e-03  1.38354e-02
 2.60455e-03  1.37483e-02
 2.61810e-03  1.38990e-02
 2.48077e-03  1.38354e-02

 4.86719e-03  1.36650e-02
 2.96488e-03  1.36371e-02
 3.09707e-03  1.35633e-02
 3.09485e-03  1.37147e-02
 2.96488e-03  1.36371e-02

 5.35781e-03  1.36650e-02
 3.49176e-03  1.34461e-02
 3.63077e-03  1.33862e-02
 3.61314e-03  1.35365e-02
 3.49176e-03  1.34461e-02

 5.84844e-03  1.36650e-02
 4.05867e-03  1.32660e-02
 4.20309e-03  1.32207e-02
 4.17016e-03  1.33684e-02
 4.05867e-03  1.32660e-02

 6.33906e-03  1.36650e-02
 4.66207e-03  1.31010e-02
 4.81044e-03  1.30711e-02
 4.76219e-03  1.32145e-02
 4.66207e-03  1.31010e-02

 6.82969e-03  1.36650e-02
 5.29816e-03  1.29556e-02
 5.44891e-03  1.29420e-02
 5.38529e-03  1.30794e-02
 5.29816e-03  1.29556e-02

 7.32031e-03  1.36650e-02
 5.96126e-03  1.28348e-02
 6.11258e-03  1.28386e-02
 6.03368e-03  1.29677e-02
 5.96126e-03  1.28348e-02

 7.81094e-03  1.36650e-02
 6.64723e-03  1.27443e-02
 6.79699e-03  1.27663e-02
 6.70307e-03  1.28850e-02
 6.64723e-03  1.27443e-02

 8.30156e-03  1.36650e-02
 7.34583e-03  1.26899e-02
 7.49164e-03  1.27305e-02
 7.38354e-03  1.28365e-02
 7.34583e-03  1.26899e-02

 8.79219e-03  1.36650e-02
 8.05558e-03  1.26780e-02
 8.19464e-03  1.27378e-02
 8.07333e-03  1.28283e-02
 8.05558e-03  1.26780e-02

 9.28281e-03  1.36650e-02
 8.75275e-03  1.27149e-02
 8.88271e-03  1.27925e-02
 8.75052e-03  1.28662e-02
 8.75275e-03  1.27149e-02

 9.77344e-03  1.36650e-02
 9.45404e-03  1.28084e-02
 9.57075e-03  1.29048e-02
 9.42892e-03  1.29577e-02
 9.45404e-03  1.28084e-02

 1.02641e-02  1.36650e-02
 1.00890e-02  1.29655e-02
 1.01942e-02  1.30743e-02
 1.00474e-02  1.31111e-02
 1.00890e-02  1.29655e-02

 1.07547e-02  1.36650e-02
 1.07547e-02  1.31956e-02
 1.08304e-02  1.33267e-02
 1.06790e-02  1.33267e-02
 1.07547e-02  1.31956e-02

 3.91615e-03  1.42350e-02
 2.23537e-03  1.46808e-02
 2.34267e-03  1.45741e-02
 2.38148e-03  1.47204e-02
 2.23537e-03  1.46808e-02

 4.40469e-03  1.42350e-02
 2.67926e-03  1.44272e-02
 2.80116e-03  1.43375e-02
 2.81792e-03  1.44879e-02
 2.67926e-03  1.44272e-02

 4.89323e-03  1.42350e-02
 3.16371e-03  1.41796e-02
 3.29715e-03  1.41082e-02
 3.29231e-03  1.42595e-02
 3.16371e-03  1.41796e-02

 5.38177e-03  1.42350e-02
 3.68646e-03  1.39422e-02
 3.82852e-03  1.38899e-02
 3.80276e-03  1.40391e-02
 3.68646e-03  1.39422e-02

 5.87031e-03  1.42350e-02
 4.24501e-03  1.37194e-02
 4.39285e-03  1.36869e-02
 4.34708e-03  1.38312e-02
 4.24501e-03  1.37194e-02

 6.35885e-03  1.42350e-02
 4.83595e-03  1.35159e-02
 4.98680e-03  1.35034e-02
 4.92217e-03  1.36403e-02
 4.83595e-03  1.35159e-02

 6.84740e-03  1.42350e-02
 5.45588e-03  1.33372e-02
 5.60706e-03  1.33446e-02
 5.52500e-03  1.34718e-02
 5.45588e-03  1.33372e-02

 7.33594e-03  1.42350e-02
 6.09995e-03  1.31890e-02
 6.24891e-03  1.32159e-02
 6.15112e-03  1.33314e-02
 6.09995e-03  1.31890e-02

 7.82448e-03  1.42350e-02
 6.76438e-03  1.30783e-02
 6.90875e-03  1.31238e-02
 6.79716e-03  1.32261e-02
 6.76438e-03  1.30783e-02

 8.31302e-03  1.42350e-02
 7.44047e-03  1.30121e-02
 7.57821e-03  1.30749e-02
 7.45500e-03  1.31628e-02
 7.44047e-03  1.30121e-02

 8.80156e-03  1.42350e-02
 8.12702e-03  1.29987e-02
 8.25624e-03  1.30775e-02
 8.12337e-03  1.31500e-02
 8.12702e-03  1.29987e-02

 9.29010e-03  1.42350e-02
 8.80282e-03  1.30456e-02
 8.92255e-03  1.31382e-02
 8.78248e-03  1.31956e-02
 8.80282e-03  1.30456e-02

 9.77865e-03  1.42350e-02
 9.48368e-03  1.31642e-02
 9.59146e-03  1.32704e-02
 9.44553e-03  1.33106e-02
 9.48368e-03  1.31642e-02

 1.02672e-02  1.42350e-02
 1.01045e-02  1.33607e-02
 1.02029e-02  1.34757e-02
 1.00541e-02  1.35034e-02
 1.01045e-02  1.33607e-02

 1.07557e-02  1.42350e-02
 1.07557e-02  1.36506e-02
 1.08314e-02  1.37817e-02
 1.06800e-02  1.37817e-02
 1.07557e-02  1.36506e-02

 3.94635e-03  1.48050e-02
 2.52517e-03  1.53050e-02
 2.62371e-03  1.51901e-02
 2.67395e-03  1.53329e-02
 2.52517e-03  1.53050e-02

 4.43281e-03  1.48050e-02
 2.97447e-03  1.50084e-02
 3.09385e-03  1.49153e-02
 3.11475e-03  1.50652e-02
 2.97447e-03  1.50084e-02

 4.91927e-03  1.48050e-02
 3.45775e-03  1.47199e-02
 3.59301e-03  1.46519e-02
 3.58421e-03  1.48030e-02
 3.45775e-03  1.47199e-02

 5.40573e-03  1.48050e-02
 3.97297e-03  1.44443e-02
 4.11856e-03  1.44029e-02
 4.08161e-03  1.45497e-02
 3.97297e-03  1.44443e-02

 5.89219e-03  1.48050e-02
 4.51800e-03  1.41866e-02
 4.66860e-03  1.41714e-02
 4.60649e-03  1.43094e-02
 4.51800e-03  1.41866e-02

 6.37865e-03  1.48050e-02
 5.08976e-03  1.39519e-02
 5.24084e-03  1.39611e-02
 5.15730e-03  1.40874e-02
 5.08976e-03  1.39519e-02

 6.86510e-03  1.48050e-02
 5.68565e-03  1.37462e-02
 5.83376e-03  1.37774e-02
 5.73264e-03  1.38901e-02
 5.68565e-03  1.37462e-02

 7.35156e-03  1.48050e-02
 6.30145e-03  1.35759e-02
 6.44415e-03  1.36264e-02
 6.32906e-03  1.37247e-02
 6.30145e-03  1.35759e-02

 7.83802e-03  1.48050e-02
 6.93444e-03  1.34487e-02
 7.07010e-03  1.35158e-02
 6.94413e-03  1.35997e-02
 6.93444e-03  1.34487e-02

 8.32448e-03  1.48050e-02
 7.57752e-03  1.33725e-02
 7.70524e-03  1.34538e-02
 7.57102e-03  1.35238e-02
 7.57752e-03  1.33725e-02

 8.81094e-03  1.48050e-02
 8.23032e-03  1.33576e-02
 8.34937e-03  1.34510e-02
 8.20888e-03  1.35074e-02
 8.23032e-03  1.33576e-02

 9.29740e-03  1.48050e-02
 8.87495e-03  1.34122e-02
 8.98543e-03  1.35157e-02
 8.84058e-03  1.35596e-02
 8.87495e-03  1.34122e-02

 9.78385e-03  1.48050e-02
 9.52599e-03  1.35512e-02
 9.62653e-03  1.36644e-02
 9.47826e-03  1.36949e-02
 9.52599e-03  1.35512e-02

 1.02703e-02  1.48050e-02
 1.01263e-02  1.37806e-02
 1.02195e-02  1.38999e-02
 1.00696e-02  1.39210e-02
 1.01263e-02  1.37806e-02

 1.07568e-02  1.48050e-02
 1.07568e-02  1.41216e-02
 1.08325e-02  1.42527e-02
 1.06811e-02  1.42527e-02
 1.07568e-02  1.41216e-02

 3.97656e-03  1.53750e-02
 2.88490e-03  1.59169e-02
 2.96867e-03  1.57908e-02
 3.03597e-03  1.59264e-02
 2.88490e-03  1.59169e-02

 4.46094e-03  1.53750e-02
 3.34007e-03  1.55854e-02
 3.45494e-03  1.54868e-02
 3.48286e-03  1.56356e-02
 3.34007e-03  1.55854e-02

 4.94531e-03  1.53750e-02
 3.82126e-03  1.52638e-02
 3.95917e-03  1.52013e-02
 3.94426e-03  1.53520e-02
 3.82126e-03  1.52638e-02

 5.42969e-03  1.53750e-02
 4.32690e-03  1.49574e-02
 4.47630e-03  1.49331e-02
 4.42270e-03  1.50746e-02
 4.32690e-03  1.49574e-02

 5.91406e-03  1.53750e-02
 4.85518e-03  1.46716e-02
 5.00624e-03  1.46811e-02
 4.92249e-03  1.48072e-02
 4.85518e-03  1.46716e-02

 6.39844e-03  1.53750e-02
 5.40365e-03  1.44119e-02
 5.55048e-03  1.44487e-02
 5.44519e-03  1.45575e-02
 5.40365e-03  1.44119e-02

 6.88281e-03  1.53750e-02
 5.97030e-03  1.41844e-02
 6.11011e-03  1.42424e-02
 5.98997e-03  1.43345e-02
 5.97030e-03  1.41844e-02

 7.36719e-03  1.53750e-02
 6.55200e-03  1.39961e-02
 6.68386e-03  1.40704e-02
 6.55356e-03  1.41475e-02
 6.55200e-03  1.39961e-02

 7.85156e-03  1.53750e-02
 7.14696e-03  1.38553e-02
 7.27076e-03  1.39424e-02
 7.13343e-03  1.40060e-02
 7.14696e-03  1.38553e-02

 8.33594e-03  1.53750e-02
 7.74991e-03  1.37704e-02
 7.86597e-03  1.38675e-02
 7.72378e-03  1.39195e-02
 7.74991e-03  1.37704e-02

 8.82031e-03  1.53750e-02
 8.36127e-03  1.37529e-02
 8.46979e-03  1.38584e-02
 8.32414e-03  1.38996e-02
 8.36127e-03  1.37529e-02

 9.30469e-03  1.53750e-02
 8.96743e-03  1.38121e-02
 9.06907e-03  1.39243e-02
 8.92110e-03  1.39562e-02
 8.96743e-03  1.38121e-02

 9.78906e-03  1.53750e-02
 9.58084e-03  1.39660e-02
 9.67488e-03  1.40846e-02
 9.52514e-03  1.41067e-02
 9.58084e-03  1.39660e-02

 1.02734e-02  1.53750e-02
 1.01555e-02  1.42203e-02
 1.02441e-02  1.43430e-02
 1.00936e-02  1.43584e-02
 1.01555e-02  1.42203e-02

 1.07578e-02  1.53750e-02
 1.07578e-02  1.46037e-02
 1.08335e-02  1.47348e-02
 1.06821e-02  1.47348e-02
 1.07578e-02  1.46037e-02

 4.00677e-03  1.59450e-02
 3.29730e-03  1.65112e-02
 3.35255e-03  1.63703e-02
 3.44697e-03  1.64886e-02
 3.29730e-03  1.65112e-02

 4.48906e-03  1.59450e-02
 3.75935e-03  1.61554e-02
 3.86434e-03  1.60464e-02
 3.90628e-03  1.61918e-02
 3.75935e-03  1.61554e-02

 4.97135e-03  1.59450e-02
 4.23862e-03  1.58110e-02
 4.38118e-03  1.57601e-02
 4.35395e-03  1.59090e-02
 4.23862e-03  1.58110e-02

 5.45365e-03  1.59450e-02
 4.73394e-03  1.54837e-02
 4.88515e-03  1.54907e-02
 4.80347e-03  1.56182e-02
 4.73394e-03  1.54837e-02

 5.93594e-03  1.59450e-02
 5.24389e-03  1.51790e-02
 5.38793e-03  1.52255e-02
 5.27561e-03  1.53270e-02
 5.24389e-03  1.51790e-02

 6.41823e-03  1.59450e-02
 5.76677e-03  1.49026e-02
 5.90042e-03  1.49737e-02
 5.77206e-03  1.50539e-02
 5.76677e-03  1.49026e-02

 6.90052e-03  1.59450e-02
 6.30103e-03  1.46609e-02
 6.42506e-03  1.47476e-02
 6.28791e-03  1.48117e-02
 6.30103e-03  1.46609e-02

 7.38281e-03  1.59450e-02
 6.84473e-03  1.44607e-02
 6.96056e-03  1.45581e-02
 6.81826e-03  1.46097e-02
 6.84473e-03  1.44607e-02

 7.86510e-03  1.59450e-02
 7.39684e-03  1.43106e-02
 7.50570e-03  1.44158e-02
 7.36019e-03  1.44575e-02
 7.39684e-03  1.43106e-02

 8.34740e-03  1.59450e-02
 7.95433e-03  1.42193e-02
 8.05724e-03  1.43303e-02
 7.90965e-03  1.43640e-02
 7.95433e-03  1.42193e-02

 8.82969e-03  1.59450e-02
 8.51811e-03  1.41994e-02
 8.61565e-03  1.43151e-02
 8.46663e-03  1.43417e-02
 8.51811e-03  1.41994e-02

 9.31198e-03  1.59450e-02
 9.07961e-03  1.42602e-02
 9.17249e-03  1.43797e-02
 9.02254e-03  1.44004e-02
 9.07961e-03  1.42602e-02

 9.79427e-03  1.59450e-02
 9.64825e-03  1.44229e-02
 9.73611e-03  1.45462e-02
 9.58544e-03  1.45606e-02
 9.64825e-03  1.44229e-02

 1.02766e-02  1.59450e-02
 1.01921e-02  1.46929e-02
 1.02764e-02  1.48186e-02
 1.01254e-02  1.48288e-02
 1.01921e-02  1.46929e-02

 1.07589e-02  1.59450e-02
 1.07589e-02  1.51067e-02
 1.08345e-02  1.52378e-02
 1.06832e-02  1.52378e-02
 1.07589e-02  1.51067e-02

 4.03698e-03  1.65150e-02
 3.74434e-03  1.70883e-02
 3.73652e-03  1.69372e-02
 3.87135e-03  1.70060e-02
 3.74434e-03  1.70883e-02

 4.51719e-03  1.65150e-02
 4.21447e-03  1.67193e-02
 4.28077e-03  1.65833e-02
 4.36546e-03  1.67087e-02
 4.21447e-03  1.67193e-02

 4.99740e-03  1.65150e-02
 4.69251e-03  1.63627e-02
 4.84361e-03  1.63536e-02
 4.77595e-03  1.64890e-02
 4.69251e-03  1.63627e-02

 5.47760e-03  1.65150e-02
 5.17767e-03  1.60244e-02
 5.31062e-03  1.60967e-02
 5.18147e-03  1.61757e-02
 5.17767e-03  1.60244e-02

 5.95781e-03  1.65150e-02
 5.66897e-03  1.57101e-02
 5.78448e-03  1.58079e-02
 5.64201e-03  1.58591e-02
 5.66897e-03  1.57101e-02

 6.43802e-03  1.65150e-02
 6.16530e-03  1.54256e-02
 6.27056e-03  1.55344e-02
 6.12372e-03  1.55712e-02
 6.16530e-03  1.54256e-02

 6.91823e-03  1.65150e-02
 6.66573e-03  1.51772e-02
 6.76442e-03  1.52920e-02
 6.61568e-03  1.53201e-02
 6.66573e-03  1.51772e-02

 7.39844e-03  1.65150e-02
 7.16937e-03  1.49716e-02
 7.26348e-03  1.50901e-02
 7.11375e-03  1.51124e-02
 7.16937e-03  1.49716e-02

 7.87865e-03  1.65150e-02
 7.67596e-03  1.48172e-02
 7.76665e-03  1.49384e-02
 7.61635e-03  1.49563e-02
 7.67596e-03  1.48172e-02

 8.35885e-03  1.65150e-02
 8.18468e-03  1.47224e-02
 8.27269e-03  1.48456e-02
 8.12203e-03  1.48602e-02
 8.18468e-03  1.47224e-02

 8.83906e-03  1.65150e-02
 8.69672e-03  1.47003e-02
 8.78242e-03  1.48251e-02
 8.63152e-03  1.48369e-02
 8.69672e-03  1.47003e-02

 9.31927e-03  1.65150e-02
 9.20908e-03  1.47604e-02
 9.29283e-03  1.48865e-02
 9.14176e-03  1.48960e-02
 9.20908e-03  1.47604e-02

 9.79948e-03  1.65150e-02
 9.72724e-03  1.49260e-02
 9.80880e-03  1.50535e-02
 9.65759e-03  1.50604e-02
 9.72724e-03  1.49260e-02

 1.02797e-02  1.65150e-02
 1.02359e-02  1.52023e-02
 1.03159e-02  1.53308e-02
 1.01646e-02  1.53358e-02
 1.02359e-02  1.52023e-02

 1.07599e-02  1.65150e-02
 1.07599e-02  1.56332e-02
 1.08356e-02  1.57643e-02
 1.06842e-02  1.57643e-02
 1.07599e-02  1.56332e-02

 4.06719e-03  1.70850e-02
 4.21039e-03  1.76459e-02
 4.10463e-03  1.75376e-02
 4.25129e-03  1.75002e-02
 4.21039e-03  1.76459e-02

 4.54531e-03  1.70850e-02
 4.68973e-03  1.72753e-02
 4.55020e-03  1.72166e-02
 4.67078e-03  1.71251e-02
 4.68973e-03  1.72753e-02

 5.02344e-03  1.70850e-02
 5.16743e-03  1.69176e-02
 5.13934e-03  1.70663e-02
 5.02457e-03  1.69676e-02
 5.16743e-03  1.69176e-02

 5.50156e-03  1.70850e-02
 5.64301e-03  1.65790e-02
 5.68061e-03  1.67256e-02
 5.53483e-03  1.66848e-02
 5.64301e-03  1.65790e-02

 5.97969e-03  1.70850e-02
 6.11593e-03  1.62653e-02
 6.16910e-03  1.64071e-02
 6.01978e-03  1.63823e-02
 6.11593e-03  1.62653e-02

 6.45781e-03  1.70850e-02
 6.58567e-03  1.59822e-02
 6.64575e-03  1.61211e-02
 6.49539e-03  1.61037e-02
 6.58567e-03  1.59822e-02

 6.93594e-03  1.70850e-02
 7.05188e-03  1.57356e-02
 7.11606e-03  1.58727e-02
 6.96525e-03  1.58598e-02
 7.05188e-03  1.57356e-02

 7.41406e-03  1.70850e-02
 7.51471e-03  1.55319e-02
 7.58175e-03  1.56676e-02
 7.43070e-03  1.56578e-02
 7.51471e-03  1.55319e-02

 7.89219e-03  1.70850e-02
 7.97458e-03  1.53789e-02
 8.04386e-03  1.55135e-02
 7.89267e-03  1.55062e-02
 7.97458e-03  1.53789e-02

 8.37031e-03  1.70850e-02
 8.43295e-03  1.52846e-02
 8.50403e-03  1.54183e-02
 8.35275e-03  1.54130e-02
 8.43295e-03  1.52846e-02

 8.84844e-03  1.70850e-02
 8.89095e-03  1.52617e-02
 8.96356e-03  1.53945e-02
 8.81224e-03  1.53910e-02
 8.89095e-03  1.52617e-02

 9.32656e-03  1.70850e-02
 9.35147e-03  1.53195e-02
 9.42530e-03  1.54516e-02
 9.27394e-03  1.54495e-02
 9.35147e-03  1.53195e-02

 9.80469e-03  1.70850e-02
 9.81523e-03  1.54825e-02
 9.89005e-03  1.56141e-02
 9.73868e-03  1.56131e-02
 9.81523e-03  1.54825e-02

 1.02828e-02  1.70850e-02
 1.02855e-02  1.57556e-02
 1.03609e-02  1.58869e-02
 1.02095e-02  1.58866e-02
 1.02855e-02  1.57556e-02

 1.07609e-02  1.70850e-02
 1.07609e-02  1.61887e-02
 1.08366e-02  1.63198e-02
 1.06853e-02  1.63198e-02
 1.07609e-02  1.61887e-02

 4.09740e-03  1.76550e-02
 4.67805e-03  1.81835e-02
 4.53017e-03  1.81512e-02
 4.63205e-03  1.80392e-02
 4.67805e-03  1.81835e-02

 4.57344e-03  1.76550e-02
 5.16714e-03  1.78229e-02
 5.02040e-03  1.78601e-02
 5.06160e-03  1.77144e-02
 5.16714e-03  1.78229e-02

 5.04948e-03  1.76550e-02
 5.64505e-03  1.74755e-02
 5.54137e-03  1.75858e-02
 5.49770e-03  1.74409e-02
 5.64505e-03  1.74755e-02

 5.52552e-03  1.76550e-02
 6.11158e-03  1.71477e-02
 6.06201e-03  1.72907e-02
 5.96294e-03  1.71762e-02
 6.11158e-03  1.71477e-02

 6.00156e-03  1.76550e-02
 6.56662e-03  1.68450e-02
 6.55369e-03  1.69958e-02
 6.42955e-03  1.69092e-02
 6.56662e-03  1.68450e-02

 6.47760e-03  1.76550e-02
 7.01024e-03  1.65730e-02
 7.02025e-03  1.67240e-02
 6.88445e-03  1.66571e-02
 7.01024e-03  1.65730e-02

 6.95365e-03  1.76550e-02
 7.44270e-03  1.63369e-02
 7.46806e-03  1.64861e-02
 7.32615e-03  1.64335e-02
 7.44270e-03  1.63369e-02

 7.42969e-03  1.76550e-02
 7.86522e-03  1.61425e-02
 7.90168e-03  1.62894e-02
 7.75622e-03  1.62475e-02
 7.86522e-03  1.61425e-02

 7.90573e-03  1.76550e-02
 8.27888e-03  1.59969e-02
 8.32393e-03  1.61414e-02
 8.17626e-03  1.61082e-02
 8.27888e-03  1.59969e-02

 8.38177e-03  1.76550e-02
 8.68727e-03  1.59073e-02
 8.73925e-03  1.60495e-02
 8.59014e-03  1.60234e-02
 8.68727e-03  1.59073e-02

 8.85781e-03  1.76550e-02
 9.09134e-03  1.58855e-02
 9.14922e-03  1.60254e-02
 8.99916e-03  1.60056e-02
 9.09134e-03  1.58855e-02

 9.33385e-03  1.76550e-02
 9.49973e-03  1.59402e-02
 9.56244e-03  1.60779e-02
 9.41178e-03  1.60634e-02
 9.49973e-03  1.59402e-02

 9.80990e-03  1.76550e-02
 9.90788e-03  1.60958e-02
 9.97519e-03  1.62313e-02
 9.82412e-03  1.62219e-02
 9.90788e-03  1.60958e-02

 1.02859e-02  1.76550e-02
 1.03384e-02  1.63571e-02
 1.04087e-02  1.64911e-02
 1.02575e-02  1.64850e-02
 1.03384e-02  1.63571e-02

 1.07620e-02  1.76550e-02
 1.07620e-02  1.67765e-02
 1.08377e-02  1.69076e-02
 1.06863e-02  1.69076e-02
 1.07620e-02  1.67765e-02

 4.12760e-03  1.82250e-02
 5.12988e-03  1.87010e-02
 4.97900e-03  1.87131e-02
 5.04393e-03  1.85764e-02
 5.12988e-03  1.87010e-02

 4.60156e-03  1.82250e-02
 5.62806e-03  1.83618e-02
 5.48812e-03  1.84195e-02
 5.50812e-03  1.82695e-02
 5.62806e-03  1.83618e-02

 5.07552e-03  1.82250e-02
 6.10580e-03  1.80359e-02
 5.99053e-03  1.81340e-02
 5.96320e-03  1.79851e-02
 6.10580e-03  1.80359e-02

 5.54948e-03  1.82250e-02
 6.56326e-03  1.77293e-02
 6.47874e-03  1.78549e-02
 6.41225e-03  1.77189e-02
 6.56326e-03  1.77293e-02

 6.02344e-03  1.82250e-02
 7.00066e-03  1.74478e-02
 6.94518e-03  1.75886e-02
 6.85096e-03  1.74702e-02
 7.00066e-03  1.74478e-02

 6.49740e-03  1.82250e-02
 7.41884e-03  1.71960e-02
 7.38777e-03  1.73442e-02
 7.27501e-03  1.72432e-02
 7.41884e-03  1.71960e-02

 6.97135e-03  1.82250e-02
 7.81863e-03  1.69788e-02
 7.80752e-03  1.71298e-02
 7.68234e-03  1.70446e-02
 7.81863e-03  1.69788e-02

 7.44531e-03  1.82250e-02
 8.20245e-03  1.68011e-02
 8.20773e-03  1.69524e-02
 8.07408e-03  1.68813e-02
 8.20245e-03  1.68011e-02

 7.91927e-03  1.82250e-02
 8.57197e-03  1.66688e-02
 8.59106e-03  1.68190e-02
 8.45147e-03  1.67604e-02
 8.57197e-03  1.66688e-02

 8.39323e-03  1.82250e-02
 8.93281e-03  1.65881e-02
 8.96365e-03  1.67363e-02
 8.81990e-03  1.66889e-02
 8.93281e-03  1.65881e-02

 8.86719e-03  1.82250e-02
 9.28561e-03  1.65695e-02
 9.32687e-03  1.67151e-02
 9.18011e-03  1.66780e-02
 9.28561e-03  1.65695e-02

 9.34115e-03  1.82250e-02
 9.64434e-03  1.66208e-02
 9.69436e-03  1.67637e-02
 9.54563e-03  1.67356e-02
 9.64434e-03  1.66208e-02

 9.81510e-03  1.82250e-02
 9.99904e-03  1.67650e-02
 1.00577e-02  1.69045e-02
 9.90756e-03  1.68856e-02
 9.99904e-03  1.67650e-02

 1.02891e-02  1.82250e-02
 1.03910e-02  1.70070e-02
 1.04555e-02  1.71439e-02
 1.03046e-02  1.71313e-02
 1.03910e-02  1.70070e-02

 1.07630e-02  1.82250e-02
 1.07630e-02  1.73971e-02
 1.08387e-02  1.75282e-02
 1.06873e-02  1.75282e-02
 1.07630e-02  1.73971e-02

 4.15781e-03  1.87950e-02
 5.54335e-03  1.92005e-02
 5.39628e-03  1.92363e-02
 5.43879e-03  1.90910e-02
 5.54335e-03  1.92005e-02

 4.62969e-03  1.87950e-02
 6.04853e-03  1.88941e-02
 5.91248e-03  1.89605e-02
 5.92303e-03  1.88095e-02
 6.04853e-03  1.88941e-02

 5.10156e-03  1.87950e-02
 6.52471e-03  1.86008e-02
 6.40507e-03  1.86935e-02
 6.38460e-03  1.85435e-02
 6.52471e-03  1.86008e-02

 5.57344e-03  1.87950e-02
 6.97237e-03  1.83263e-02
 6.87212e-03  1.84397e-02
 6.82403e-03  1.82962e-02
 6.97237e-03  1.83263e-02

 6.04531e-03  1.87950e-02
 7.39240e-03  1.80757e-02
 7.31242e-03  1.82042e-02
 7.24112e-03  1.80706e-02
 7.39240e-03  1.80757e-02

 6.51719e-03  1.87950e-02
 7.78617e-03  1.78531e-02
 7.72602e-03  1.79920e-02
 7.63580e-03  1.78705e-02
 7.78617e-03  1.78531e-02

 6.98906e-03  1.87950e-02
 8.15550e-03  1.76626e-02
 8.11416e-03  1.78082e-02
 8.00872e-03  1.76996e-02
 8.15550e-03  1.76626e-02

 7.46094e-03  1.87950e-02
 8.50370e-03  1.75081e-02
 8.47998e-03  1.76576e-02
 8.36237e-03  1.75623e-02
 8.50370e-03  1.75081e-02

 7.93281e-03  1.87950e-02
 8.83329e-03  1.73943e-02
 8.82607e-03  1.75454e-02
 8.69874e-03  1.74636e-02
 8.83329e-03  1.73943e-02

 8.40469e-03  1.87950e-02
 9.15167e-03  1.73261e-02
 9.15971e-03  1.74772e-02
 9.02479e-03  1.74086e-02
 9.15167e-03  1.73261e-02

 8.87656e-03  1.87950e-02
 9.45904e-03  1.73125e-02
 9.48154e-03  1.74622e-02
 9.34066e-03  1.74068e-02
 9.45904e-03  1.73125e-02

 9.34844e-03  1.87950e-02
 9.77393e-03  1.73603e-02
 9.80922e-03  1.75075e-02
 9.66410e-03  1.74645e-02
 9.77393e-03  1.73603e-02

 9.82031e-03  1.87950e-02
 1.00813e-02  1.74898e-02
 1.01298e-02  1.76331e-02
 9.98142e-03  1.76035e-02
 1.00813e-02  1.74898e-02

 1.02922e-02  1.87950e-02
 1.04389e-02  1.77057e-02
 1.04964e-02  1.78457e-02
 1.03464e-02  1.78255e-02
 1.04389e-02  1.77057e-02

 1.07641e-02  1.87950e-02
 1.07641e-02  1.80518e-02
 1.08397e-02  1.81829e-02
 1.06884e-02  1.81829e-02
 1.07641e-02  1.80518e-02

 4.18802e-03  1.93650e-02
 5.89574e-03  1.96866e-02
 5.75291e-03  1.97368e-02
 5.78093e-03  1.95880e-02
 5.89574e-03  1.96866e-02

 4.65781e-03  1.93650e-02
 6.40375e-03  1.94221e-02
 6.27026e-03  1.94935e-02
 6.27521e-03  1.93422e-02
 6.40375e-03  1.94221e-02

 5.12760e-03  1.93650e-02
 6.87551e-03  1.91701e-02
 6.75362e-03  1.92599e-02
 6.73685e-03  1.91094e-02
 6.87551e-03  1.91701e-02

 5.59740e-03  1.93650e-02
 7.31193e-03  1.89359e-02
 7.20314e-03  1.90412e-02
 7.16639e-03  1.88943e-02
 7.31193e-03  1.89359e-02

 6.06719e-03  1.93650e-02
 7.71436e-03  1.87238e-02
 7.61966e-03  1.88419e-02
 7.56475e-03  1.87008e-02
 7.71436e-03  1.87238e-02

 6.53698e-03  1.93650e-02
 8.08531e-03  1.85371e-02
 8.00540e-03  1.86657e-02
 7.93403e-03  1.85322e-02
 8.08531e-03  1.85371e-02

 7.00677e-03  1.93650e-02
 8.42727e-03  1.83788e-02
 8.36275e-03  1.85158e-02
 8.27643e-03  1.83914e-02
 8.42727e-03  1.83788e-02

 7.47656e-03  1.93650e-02
 8.74479e-03  1.82519e-02
 8.69619e-03  1.83953e-02
 8.59634e-03  1.82815e-02
 8.74479e-03  1.82519e-02

 7.94635e-03  1.93650e-02
 9.04089e-03  1.81599e-02
 9.00878e-03  1.83078e-02
 8.89673e-03  1.82060e-02
 9.04089e-03  1.81599e-02

 8.41615e-03  1.93650e-02
 9.32442e-03  1.81066e-02
 9.30907e-03  1.82572e-02
 9.18634e-03  1.81686e-02
 9.32442e-03  1.81066e-02

 8.88594e-03  1.93650e-02
 9.59543e-03  1.80990e-02
 9.59737e-03  1.82504e-02
 9.46532e-03  1.81764e-02
 9.59543e-03  1.80990e-02

 9.35573e-03  1.93650e-02
 9.87562e-03  1.81431e-02
 9.89394e-03  1.82933e-02
 9.75466e-03  1.82341e-02
 9.87562e-03  1.81431e-02

 9.82552e-03  1.93650e-02
 1.01461e-02  1.82549e-02
 1.01825e-02  1.84018e-02
 1.00370e-02  1.83598e-02
 1.01461e-02  1.82549e-02

 1.02953e-02  1.93650e-02
 1.04766e-02  1.84401e-02
 1.05257e-02  1.85833e-02
 1.03771e-02  1.85542e-02
 1.04766e-02  1.84401e-02

 1.07651e-02  1.93650e-02
 1.07651e-02  1.87308e-02
 1.08408e-02  1.88619e-02
 1.06894e-02  1.88619e-02
 1.07651e-02  1.87308e-02

 4.21823e-03  1.99350e-02
 6.15096e-03  2.01666e-02
 6.01180e-03  2.02261e-02
 6.02981e-03  2.00758e-02
 6.15096e-03  2.01666e-02

 4.68594e-03  1.99350e-02
 6.65658e-03  1.99538e-02
 6.52478e-03  2.00282e-02
 6.52622e-03  1.98768e-02
 6.65658e-03  1.99538e-02

 5.15365e-03  1.99350e-02
 7.12081e-03  1.97524e-02
 6.99728e-03  1.98399e-02
 6.98329e-03  1.96892e-02
 7.12081e-03  1.97524e-02

 5.62135e-03  1.99350e-02
 7.54500e-03  1.95668e-02
 7.43048e-03  1.96658e-02
 7.40202e-03  1.95171e-02
 7.54500e-03  1.95668e-02

 6.08906e-03  1.99350e-02
 7.93135e-03  1.94003e-02
 7.82655e-03  1.95095e-02
 7.78436e-03  1.93642e-02
 7.93135e-03  1.94003e-02

 6.55677e-03  1.99350e-02
 8.28311e-03  1.92553e-02
 8.18886e-03  1.93737e-02
 8.13341e-03  1.92329e-02
 8.28311e-03  1.92553e-02

 7.02448e-03  1.99350e-02
 8.60369e-03  1.91338e-02
 8.52103e-03  1.92606e-02
 8.45255e-03  1.91256e-02
 8.60369e-03  1.91338e-02

 7.49219e-03  1.99350e-02
 8.89854e-03  1.90377e-02
 8.82874e-03  1.91720e-02
 8.74732e-03  1.90444e-02
 8.89854e-03  1.90377e-02

 7.95990e-03  1.99350e-02
 9.17113e-03  1.89694e-02
 9.11581e-03  1.91103e-02
 9.02145e-03  1.89920e-02
 9.17113e-03  1.89694e-02

 8.42760e-03  1.99350e-02
 9.43139e-03  1.89317e-02
 9.39218e-03  1.90779e-02
 9.28517e-03  1.89709e-02
 9.43139e-03  1.89317e-02

 8.89531e-03  1.99350e-02
 9.67901e-03  1.89298e-02
 9.65810e-03  1.90798e-02
 9.53873e-03  1.89867e-02
 9.67901e-03  1.89298e-02

 9.36302e-03  1.99350e-02
 9.93765e-03  1.89691e-02
 9.93567e-03  1.91204e-02
 9.80558e-03  1.90430e-02
 9.93765e-03  1.89691e-02

 9.83073e-03  1.99350e-02
 1.01859e-02  1.90604e-02
 1.02067e-02  1.92103e-02
 1.00665e-02  1.91534e-02
 1.01859e-02  1.90604e-02

 1.02984e-02  1.99350e-02
 1.05003e-02  1.92108e-02
 1.05380e-02  1.93574e-02
 1.03922e-02  1.93168e-02
 1.05003e-02  1.92108e-02

 1.07661e-02  1.99350e-02
 1.07661e-02  1.94364e-02
 1.08418e-02  1.95675e-02
 1.06905e-02  1.95675e-02
 1.07661e-02  1.94364e-02

 4.24844e-03  2.05050e-02
 6.28046e-03  2.06493e-02
 6.14435e-03  2.07155e-02
 6.15506e-03  2.05645e-02
 6.28046e-03  2.06493e-02

 4.71406e-03  2.05050e-02
 6.77719e-03  2.04900e-02
 6.64666e-03  2.05666e-02
 6.64556e-03  2.04152e-02
 6.77719e-03  2.04900e-02

 5.17969e-03  2.05050e-02
 7.23010e-03  2.03407e-02
 7.10548e-03  2.04266e-02
 7.09339e-03  2.02757e-02
 7.23010e-03  2.03407e-02

 5.64531e-03  2.05050e-02
 7.64131e-03  2.02045e-02
 7.52295e-03  2.02989e-02
 7.50042e-03  2.01492e-02
 7.64131e-03  2.02045e-02

 6.11094e-03  2.05050e-02
 8.01392e-03  2.00838e-02
 7.90229e-03  2.01860e-02
 7.86958e-03  2.00382e-02
 8.01392e-03  2.00838e-02

 6.57656e-03  2.05050e-02
 8.35179e-03  1.99800e-02
 8.24755e-03  2.00898e-02
 8.20462e-03  1.99446e-02
 8.35179e-03  1.99800e-02

 7.04219e-03  2.05050e-02
 8.65909e-03  1.98943e-02
 8.56320e-03  2.00114e-02
 8.50972e-03  1.98698e-02
 8.65909e-03  1.98943e-02

 7.50781e-03  2.05050e-02
 8.94171e-03  1.98277e-02
 8.85551e-03  1.99521e-02
 8.79086e-03  1.98152e-02
 8.94171e-03  1.98277e-02

 7.97344e-03  2.05050e-02
 9.20360e-03  1.97816e-02
 9.12897e-03  1.99132e-02
 9.05223e-03  1.97828e-02
 9.20360e-03  1.97816e-02

 8.43906e-03  2.05050e-02
 9.45466e-03  1.97580e-02
 9.39391e-03  1.98966e-02
 9.30422e-03  1.97747e-02
 9.45466e-03  1.97580e-02

 8.90469e-03  2.05050e-02
 9.69482e-03  1.97604e-02
 9.65133e-03  1.99053e-02
 9.54752e-03  1.97952e-02
 9.69482e-03  1.97604e-02

 9.37031e-03  2.05050e-02
 9.94769e-03  1.97933e-02
 9.92387e-03  1.99428e-02
 9.80632e-03  1.98474e-02
 9.94769e-03  1.97933e-02

 9.83594e-03  2.05050e-02
 1.01917e-02  1.98631e-02
 1.01944e-02  2.00145e-02
 1.00620e-02  1.99411e-02
 1.01917e-02  1.98631e-02

 1.03016e-02  2.05050e-02
 1.05030e-02  1.99779e-02
 1.05269e-02  2.01274e-02
 1.03855e-02  2.00733e-02
 1.05030e-02  1.99779e-02

 1.07672e-02  2.05050e-02
 1.07672e-02  2.01379e-02
 1.08429e-02  2.02690e-02
 1.06915e-02  2.02690e-02
 1.07672e-02  2.01379e-02

 4.27865e-03  2.10750e-02
 6.22250e-03  2.11472e-02
 6.08870e-03  2.12179e-02
 6.09431e-03  2.10667e-02
 6.22250e-03  2.11472e-02

 4.74219e-03  2.10750e-02
 6.70617e-03  2.10489e-02
 6.57610e-03  2.11263e-02
 6.57409e-03  2.09750e-02
 6.70617e-03  2.10489e-02

 5.20573e-03  2.10750e-02
 7.14807e-03  2.09578e-02
 7.02178e-03  2.10412e-02
 7.01266e-03  2.08901e-02
 7.14807e-03  2.09578e-02

 5.66927e-03  2.10750e-02
 7.55069e-03  2.08756e-02
 7.42830e-03  2.09647e-02
 7.41235e-03  2.08142e-02
 7.55069e-03  2.08756e-02

 6.13281e-03  2.10750e-02
 7.91773e-03  2.08037e-02
 7.79951e-03  2.08982e-02
 7.77676e-03  2.07486e-02
 7.91773e-03  2.08037e-02

 6.59635e-03  2.10750e-02
 8.25352e-03  2.07427e-02
 8.13987e-03  2.08427e-02
 8.11011e-03  2.06942e-02
 8.25352e-03  2.07427e-02

 7.05990e-03  2.10750e-02
 8.56221e-03  2.06930e-02
 8.45382e-03  2.07986e-02
 8.41652e-03  2.06519e-02
 8.56221e-03  2.06930e-02

 7.52344e-03  2.10750e-02
 8.84971e-03  2.06550e-02
 8.74759e-03  2.07667e-02
 8.70190e-03  2.06224e-02
 8.84971e-03  2.06550e-02

 7.98698e-03  2.10750e-02
 9.11973e-03  2.06294e-02
 9.02545e-03  2.07478e-02
 8.97004e-03  2.06070e-02
 9.11973e-03  2.06294e-02

 8.45052e-03  2.10750e-02
 9.38173e-03  2.06175e-02
 9.29744e-03  2.07433e-02
 9.23070e-03  2.06074e-02
 9.38173e-03  2.06175e-02

 8.91406e-03  2.10750e-02
 9.63530e-03  2.06213e-02
 9.56464e-03  2.07552e-02
 9.48405e-03  2.06271e-02
 9.63530e-03  2.06213e-02

 9.37760e-03  2.10750e-02
 9.90249e-03  2.06446e-02
 9.84911e-03  2.07863e-02
 9.75313e-03  2.06692e-02
 9.90249e-03  2.06446e-02

 9.84115e-03  2.10750e-02
 1.01631e-02  2.06898e-02
 1.01371e-02  2.08389e-02
 1.00210e-02  2.07418e-02
 1.01631e-02  2.06898e-02

 1.03047e-02  2.10750e-02
 1.04876e-02  2.07659e-02
 1.04860e-02  2.09172e-02
 1.03557e-02  2.08402e-02
 1.04876e-02  2.07659e-02

 1.07682e-02  2.10750e-02
 1.07682e-02  2.08579e-02
 1.08439e-02  2.09890e-02
 1.06925e-02  2.09890e-02
 1.07682e-02  2.08579e-02

 4.30885e-03  2.16450e-02
 5.96186e-03  2.16620e-02
 5.83000e-03  2.17364e-02
 5.83156e-03  2.15850e-02
 5.96186e-03  2.16620e-02

 4.77031e-03  2.16450e-02
 6.42869e-03  2.16080e-02
 6.29932e-03  2.16866e-02
 6.29594e-03  2.15352e-02
 6.42869e-03  2.16080e-02

 5.23177e-03  2.16450e-02
 6.86048e-03  2.15585e-02
 6.73359e-03  2.16410e-02
 6.72556e-03  2.14898e-02
 6.86048e-03  2.15585e-02

 5.69323e-03  2.16450e-02
 7.26010e-03  2.15145e-02
 7.13575e-03  2.16008e-02
 7.12319e-03  2.14500e-02
 7.26010e-03  2.15145e-02

 6.15469e-03  2.16450e-02
 7.63120e-03  2.14765e-02
 7.50953e-03  2.15666e-02
 7.49237e-03  2.14162e-02
 7.63120e-03  2.14765e-02

 6.61615e-03  2.16450e-02
 7.97784e-03  2.14449e-02
 7.85915e-03  2.15388e-02
 7.83714e-03  2.13890e-02
 7.97784e-03  2.14449e-02

 7.07760e-03  2.16450e-02
 8.30383e-03  2.14195e-02
 8.18859e-03  2.15177e-02
 8.16121e-03  2.13688e-02
 8.30383e-03  2.14195e-02

 7.53906e-03  2.16450e-02
 8.61415e-03  2.14006e-02
 8.50309e-03  2.15035e-02
 8.46954e-03  2.13559e-02
 8.61415e-03  2.14006e-02

 8.00052e-03  2.16450e-02
 8.91183e-03  2.13884e-02
 8.80616e-03  2.14968e-02
 8.76513e-03  2.13511e-02
 8.91183e-03  2.13884e-02

 8.46198e-03  2.16450e-02
 9.20471e-03  2.13837e-02
 9.10616e-03  2.14986e-02
 9.05593e-03  2.13558e-02
 9.20471e-03  2.13837e-02

 8.92344e-03  2.16450e-02
 9.49210e-03  2.13871e-02
 9.40398e-03  2.15102e-02
 9.34146e-03  2.13723e-02
 9.49210e-03  2.13871e-02

 9.38490e-03  2.16450e-02
 9.79294e-03  2.14017e-02
 9.71911e-03  2.15339e-02
 9.64159e-03  2.14038e-02
 9.79294e-03  2.14017e-02

 9.84635e-03  2.16450e-02
 1.00906e-02  2.14264e-02
 1.00434e-02  2.15702e-02
 9.94246e-03  2.14574e-02
 1.00906e-02  2.14264e-02

 1.03078e-02  2.16450e-02
 1.04435e-02  2.14710e-02
 1.04226e-02  2.16209e-02
 1.03032e-02  2.15278e-02
 1.04435e-02  2.14710e-02

 1.07693e-02  2.16450e-02
 1.07693e-02  2.15150e-02
 1.08450e-02  2.16461e-02
 1.06936e-02  2.16461e-02
 1.07693e-02  2.15150e-02

 4.33906e-03  2.22150e-02
 5.39061e-03  2.22150e-02
 5.25952e-03  2.22907e-02
 5.25952e-03  2.21393e-02
 5.39061e-03  2.22150e-02

 4.79844e-03  2.22150e-02
 5.84855e-03  2.22150e-02
 5.71746e-03  2.22907e-02
 5.71746e-03  2.21393e-02
 5.84855e-03  2.22150e-02

 5.25781e-03  2.22150e-02
 6.28453e-03  2.22150e-02
 6.15345e-03  2.22907e-02
 6.15345e-03  2.21393e-02
 6.28453e-03  2.22150e-02

 5.71719e-03  2.22150e-02
 6.70085e-03  2.22150e-02
 6.56976e-03  2.22907e-02
 6.56976e-03  2.21393e-02
 6.70085e-03  2.22150e-02

 6.17656e-03  2.22150e-02
 7.09990e-03  2.22150e-02
 6.96881e-03  2.22907e-02
 6.96881e-03  2.21393e-02
 7.09990e-03  2.22150e-02

 6.63594e-03  2.22150e-02
 7.48442e-03  2.22150e-02
 7.35334e-03  2.22907e-02
 7.35334e-03  2.21393e-02
 7.48442e-03  2.22150e-02

 7.09531e-03  2.22150e-02
 7.85699e-03  2.22150e-02
 7.72590e-03  2.22907e-02
 7.72590e-03  2.21393e-02
 7.85699e-03  2.22150e-02

 7.55469e-03  2.22150e-02
 8.22071e-03  2.22150e-02
 8.08962e-03  2.22907e-02
 8.08962e-03  2.21393e-02
 8.22071e-03  2.22150e-02

 8.01406e-03  2.22150e-02
 8.57740e-03  2.22150e-02
 8.44631e-03  2.22907e-02
 8.44631e-03  2.21393e-02
 8.57740e-03  2.22150e-02

 8.47344e-03  2.22150e-02
 8.93215e-03  2.22150e-02
 8.80106e-03  2.22907e-02
 8.80106e-03  2.21393e-02
 8.93215e-03  2.22150e-02

 8.93281e-03  2.22150e-02
 9.28386e-03  2.22150e-02
 9.15278e-03  2.22907e-02
 9.15278e-03  2.21393e-02
 9.28386e-03  2.22150e-02

 9.39219e-03  2.22150e-02
 9.64534e-03  2.22150e-02
 9.51425e-03  2.22907e-02
 9.51425e-03  2.21393e-02
 9.64534e-03  2.22150e-02

 9.85156e-03  2.22150e-02
 1.00036e-02  2.22150e-02
 9.87255e-03  2.22907e-02
 9.87255e-03  2.21393e-02
 1.00036e-02  2.22150e-02

 1.03109e-02  2.22150e-02
 1.03988e-02  2.22150e-02
 1.02677e-02  2.22907e-02
 1.02677e-02  2.21393e-02
 1.03988e-02  2.22150e-02

 1.07703e-02  2.22150e-02
 1.07703e-02  2.22150e-02
 1.09014e-02  2.21393e-02
 1.09014e-02  2.22907e-02
 1.07703e-02  2.22150e-02

