#[ Fluid velocity 2D plot data file: flw.dat ]
 1.95313e-04  1.13850e-02
 1.95313e-04  1.13850e-02
 1.19629e-04  1.12539e-02
 2.70996e-04  1.12539e-02
 1.95313e-04  1.13850e-02

 5.85937e-04  1.13850e-02
 4.13379e-04  1.13850e-02
 5.44467e-04  1.13093e-02
 5.44467e-04  1.14607e-02
 4.13379e-04  1.13850e-02

 9.76562e-04  1.13850e-02
 7.52229e-04  1.13850e-02
 8.83317e-04  1.13093e-02
 8.83317e-04  1.14607e-02
 7.52229e-04  1.13850e-02

 1.36719e-03  1.13850e-02
 1.03903e-03  1.13850e-02
 1.17012e-03  1.13093e-02
 1.17012e-03  1.14607e-02
 1.03903e-03  1.13850e-02

 1.75781e-03  1.13850e-02
 1.35549e-03  1.13850e-02
 1.48658e-03  1.13093e-02
 1.48658e-03  1.14607e-02
 1.35549e-03  1.13850e-02

 2.14844e-03  1.13850e-02
 1.66657e-03  1.13850e-02
 1.79766e-03  1.13093e-02
 1.79766e-03  1.14607e-02
 1.66657e-03  1.13850e-02

 2.53906e-03  1.13850e-02
 1.98918e-03  1.13850e-02
 2.12027e-03  1.13093e-02
 2.12027e-03  1.14607e-02
 1.98918e-03  1.13850e-02

 2.92969e-03  1.13850e-02
 2.31739e-03  1.13850e-02
 2.44848e-03  1.13093e-02
 2.44848e-03  1.14607e-02
 2.31739e-03  1.13850e-02

 3.32031e-03  1.13850e-02
 2.65508e-03  1.13850e-02
 2.78617e-03  1.13093e-02
 2.78617e-03  1.14607e-02
 2.65508e-03  1.13850e-02

 1.97049e-04  1.19550e-02
 1.97049e-04  1.22462e-02
 1.21365e-04  1.21151e-02
 2.72732e-04  1.21151e-02
 1.97049e-04  1.22462e-02

 5.91146e-04  1.19550e-02
 3.22197e-04  1.22191e-02
 3.62711e-04  1.20732e-02
 4.68759e-04  1.21812e-02
 3.22197e-04  1.22191e-02

 9.85243e-04  1.19550e-02
 6.23098e-04  1.22137e-02
 6.85762e-04  1.20760e-02
 7.73756e-04  1.21991e-02
 6.23098e-04  1.22137e-02

 1.37934e-03  1.19550e-02
 8.50040e-04  1.22000e-02
 9.37201e-04  1.20763e-02
 1.00079e-03  1.22137e-02
 8.50040e-04  1.22000e-02

 1.77344e-03  1.19550e-02
 1.12121e-03  1.21867e-02
 1.21941e-03  1.20715e-02
 1.27007e-03  1.22141e-02
 1.12121e-03  1.21867e-02

 2.16753e-03  1.19550e-02
 1.38663e-03  1.21689e-02
 1.49307e-03  1.20613e-02
 1.53306e-03  1.22072e-02
 1.38663e-03  1.21689e-02

 2.56163e-03  1.19550e-02
 1.67114e-03  1.21487e-02
 1.78315e-03  1.20469e-02
 1.81532e-03  1.21948e-02
 1.67114e-03  1.21487e-02

 2.95573e-03  1.19550e-02
 1.96617e-03  1.21256e-02
 2.08249e-03  1.20287e-02
 2.10821e-03  1.21779e-02
 1.96617e-03  1.21256e-02

 3.34983e-03  1.19550e-02
 2.27747e-03  1.21003e-02
 2.39720e-03  1.20077e-02
 2.41753e-03  1.21577e-02
 2.27747e-03  1.21003e-02

 1.98785e-04  1.25250e-02
 1.98785e-04  1.30190e-02
 1.23101e-04  1.28879e-02
 2.74468e-04  1.28879e-02
 1.98785e-04  1.30190e-02

 5.96354e-04  1.25250e-02
 2.80323e-04  1.30000e-02
 2.89928e-04  1.28489e-02
 4.15949e-04  1.29328e-02
 2.80323e-04  1.30000e-02

 9.93924e-04  1.25250e-02
 5.57389e-04  1.29842e-02
 5.92854e-04  1.28370e-02
 7.02560e-04  1.29413e-02
 5.57389e-04  1.29842e-02

 1.39149e-03  1.25250e-02
 7.51801e-04  1.29611e-02
 8.17476e-04  1.28248e-02
 9.02745e-04  1.29498e-02
 7.51801e-04  1.29611e-02

 1.78906e-03  1.25250e-02
 9.97716e-04  1.29327e-02
 1.07959e-03  1.28053e-02
 1.14891e-03  1.29399e-02
 9.97716e-04  1.29327e-02

 2.18663e-03  1.25250e-02
 1.23923e-03  1.28978e-02
 1.33349e-03  1.27794e-02
 1.38892e-03  1.29203e-02
 1.23923e-03  1.28978e-02

 2.58420e-03  1.25250e-02
 1.50473e-03  1.28576e-02
 1.60772e-03  1.27467e-02
 1.65229e-03  1.28913e-02
 1.50473e-03  1.28576e-02

 2.98177e-03  1.25250e-02
 1.78453e-03  1.28126e-02
 1.89432e-03  1.27083e-02
 1.92967e-03  1.28555e-02
 1.78453e-03  1.28126e-02

 3.37934e-03  1.25250e-02
 2.08538e-03  1.27636e-02
 2.20057e-03  1.26654e-02
 2.22802e-03  1.28143e-02
 2.08538e-03  1.27636e-02

 2.00521e-04  1.30950e-02
 2.00521e-04  1.38871e-02
 1.24837e-04  1.37560e-02
 2.76204e-04  1.37560e-02
 2.00521e-04  1.38871e-02

 6.01563e-04  1.30950e-02
 2.63817e-04  1.38762e-02
 2.46369e-04  1.37258e-02
 3.85307e-04  1.37859e-02
 2.63817e-04  1.38762e-02

 1.00260e-03  1.30950e-02
 5.33473e-04  1.38487e-02
 5.38491e-04  1.36974e-02
 6.66997e-04  1.37774e-02
 5.33473e-04  1.38487e-02

 1.40365e-03  1.30950e-02
 7.14828e-04  1.38117e-02
 7.51095e-04  1.36648e-02
 8.60231e-04  1.37696e-02
 7.14828e-04  1.38117e-02

 1.80469e-03  1.30950e-02
 9.51508e-04  1.37619e-02
 1.00818e-03  1.36215e-02
 1.10140e-03  1.37408e-02
 9.51508e-04  1.37619e-02

 2.20573e-03  1.30950e-02
 1.18438e-03  1.37021e-02
 1.25839e-03  1.35701e-02
 1.33574e-03  1.37002e-02
 1.18438e-03  1.37021e-02

 2.60677e-03  1.30950e-02
 1.44389e-03  1.36329e-02
 1.53110e-03  1.35092e-02
 1.59464e-03  1.36465e-02
 1.44389e-03  1.36329e-02

 3.00781e-03  1.30950e-02
 1.71991e-03  1.35561e-02
 1.81781e-03  1.34407e-02
 1.86883e-03  1.35832e-02
 1.71991e-03  1.35561e-02

 3.40885e-03  1.30950e-02
 2.01953e-03  1.34731e-02
 2.12615e-03  1.33656e-02
 2.16589e-03  1.35117e-02
 2.01953e-03  1.34731e-02

 2.02257e-04  1.36650e-02
 2.02257e-04  1.47207e-02
 1.26573e-04  1.45896e-02
 2.77940e-04  1.45896e-02
 2.02257e-04  1.47207e-02

 6.06771e-04  1.36650e-02
 2.75247e-04  1.47216e-02
 2.42278e-04  1.45739e-02
 3.86703e-04  1.46192e-02
 2.75247e-04  1.47216e-02

 1.01128e-03  1.36650e-02
 5.50160e-04  1.46839e-02
 5.35261e-04  1.45332e-02
 6.73162e-04  1.45956e-02
 5.50160e-04  1.46839e-02

 1.41580e-03  1.36650e-02
 7.37395e-04  1.46343e-02
 7.50557e-04  1.44835e-02
 8.74567e-04  1.45703e-02
 7.37395e-04  1.46343e-02

 1.82031e-03  1.36650e-02
 9.79545e-04  1.45636e-02
 1.01384e-03  1.44162e-02
 1.12437e-03  1.45196e-02
 9.79545e-04  1.45636e-02

 2.22483e-03  1.36650e-02
 1.21824e-03  1.44792e-02
 1.27256e-03  1.43379e-02
 1.36775e-03  1.44556e-02
 1.21824e-03  1.44792e-02

 2.62934e-03  1.36650e-02
 1.48402e-03  1.43812e-02
 1.55504e-03  1.42475e-02
 1.63530e-03  1.43759e-02
 1.48402e-03  1.43812e-02

 3.03385e-03  1.36650e-02
 1.76669e-03  1.42732e-02
 1.85212e-03  1.41483e-02
 1.91761e-03  1.42847e-02
 1.76669e-03  1.42732e-02

 3.43837e-03  1.36650e-02
 2.07342e-03  1.41570e-02
 2.17107e-03  1.40414e-02
 2.22240e-03  1.41838e-02
 2.07342e-03  1.41570e-02

 2.03993e-04  1.42350e-02
 2.03993e-04  1.55555e-02
 1.28310e-04  1.54244e-02
 2.79677e-04  1.54244e-02
 2.03993e-04  1.55555e-02

 6.11979e-04  1.42350e-02
 3.08360e-04  1.55671e-02
 2.63700e-04  1.54225e-02
 4.11282e-04  1.54561e-02
 3.08360e-04  1.55671e-02

 1.01997e-03  1.42350e-02
 5.97932e-04  1.55197e-02
 5.66940e-04  1.53716e-02
 7.10746e-04  1.54188e-02
 5.97932e-04  1.55197e-02

 1.42795e-03  1.42350e-02
 8.05985e-04  1.54576e-02
 7.97967e-04  1.53064e-02
 9.32879e-04  1.53751e-02
 8.05985e-04  1.54576e-02

 1.83594e-03  1.42350e-02
 1.06487e-03  1.53658e-02
 1.07620e-03  1.52148e-02
 1.20126e-03  1.53001e-02
 1.06487e-03  1.53658e-02

 2.24392e-03  1.42350e-02
 1.32043e-03  1.52563e-02
 1.35221e-03  1.51084e-02
 1.46449e-03  1.52099e-02
 1.32043e-03  1.52563e-02

 2.65191e-03  1.42350e-02
 1.60127e-03  1.51290e-02
 1.65206e-03  1.49865e-02
 1.75015e-03  1.51017e-02
 1.60127e-03  1.51290e-02

 3.05990e-03  1.42350e-02
 1.89808e-03  1.49891e-02
 1.96683e-03  1.48543e-02
 2.04924e-03  1.49812e-02
 1.89808e-03  1.49891e-02

 3.46788e-03  1.42350e-02
 2.21744e-03  1.48390e-02
 2.30256e-03  1.47138e-02
 2.36840e-03  1.48501e-02
 2.21744e-03  1.48390e-02

 2.05729e-04  1.48050e-02
 2.05729e-04  1.63483e-02
 1.30046e-04  1.62172e-02
 2.81413e-04  1.62172e-02
 2.05729e-04  1.63483e-02

 6.17187e-04  1.48050e-02
 3.60409e-04  1.63691e-02
 3.06962e-04  1.62275e-02
 4.56329e-04  1.62520e-02
 3.60409e-04  1.63691e-02

 1.02865e-03  1.48050e-02
 6.72086e-04  1.63141e-02
 6.28572e-04  1.61692e-02
 7.75883e-04  1.62040e-02
 6.72086e-04  1.63141e-02

 1.44010e-03  1.48050e-02
 9.13529e-04  1.62412e-02
 8.87595e-04  1.60921e-02
 1.02971e-03  1.61442e-02
 9.13529e-04  1.62412e-02

 1.85156e-03  1.48050e-02
 1.19837e-03  1.61311e-02
 1.18840e-03  1.59801e-02
 1.32419e-03  1.60470e-02
 1.19837e-03  1.61311e-02

 2.26302e-03  1.48050e-02
 1.48000e-03  1.59995e-02
 1.48857e-03  1.58484e-02
 1.61516e-03  1.59314e-02
 1.48000e-03  1.59995e-02

 2.67448e-03  1.48050e-02
 1.78338e-03  1.58462e-02
 1.81112e-03  1.56974e-02
 1.92612e-03  1.57958e-02
 1.78338e-03  1.58462e-02

 3.08594e-03  1.48050e-02
 2.10039e-03  1.56779e-02
 2.14834e-03  1.55344e-02
 2.24870e-03  1.56477e-02
 2.10039e-03  1.56779e-02

 3.49740e-03  1.48050e-02
 2.43692e-03  1.54978e-02
 2.50527e-03  1.53628e-02
 2.58806e-03  1.54895e-02
 2.43692e-03  1.54978e-02

 2.07465e-04  1.53750e-02
 2.07465e-04  1.71004e-02
 1.31782e-04  1.69693e-02
 2.83149e-04  1.69693e-02
 2.07465e-04  1.71004e-02

 6.22396e-04  1.53750e-02
 4.26724e-04  1.71281e-02
 3.66049e-04  1.69894e-02
 5.16482e-04  1.70062e-02
 4.26724e-04  1.71281e-02

 1.03733e-03  1.53750e-02
 7.65804e-04  1.70676e-02
 7.11840e-04  1.69262e-02
 8.61296e-04  1.69501e-02
 7.65804e-04  1.70676e-02

 1.45226e-03  1.53750e-02
 1.05010e-03  1.69860e-02
 1.00842e-03  1.68405e-02
 1.15528e-03  1.68771e-02
 1.05010e-03  1.69860e-02

 1.86719e-03  1.53750e-02
 1.36763e-03  1.68608e-02
 1.33767e-03  1.67124e-02
 1.48114e-03  1.67607e-02
 1.36763e-03  1.68608e-02

 2.28212e-03  1.53750e-02
 1.68220e-03  1.67107e-02
 1.66687e-03  1.65601e-02
 1.80495e-03  1.66221e-02
 1.68220e-03  1.67107e-02

 2.69705e-03  1.53750e-02
 2.01353e-03  1.65355e-02
 2.01484e-03  1.63842e-02
 2.14527e-03  1.64610e-02
 2.01353e-03  1.65355e-02

 3.11198e-03  1.53750e-02
 2.35533e-03  1.63434e-02
 2.37640e-03  1.61935e-02
 2.49567e-03  1.62867e-02
 2.35533e-03  1.63434e-02

 3.52691e-03  1.53750e-02
 2.71233e-03  1.61378e-02
 2.75628e-03  1.59930e-02
 2.85974e-03  1.61035e-02
 2.71233e-03  1.61378e-02

 2.09201e-04  1.59450e-02
 2.09201e-04  1.77961e-02
 1.33518e-04  1.76651e-02
 2.84885e-04  1.76651e-02
 2.09201e-04  1.77961e-02

 6.27604e-04  1.59450e-02
 5.03483e-04  1.78285e-02
 4.36583e-04  1.76928e-02
 5.87623e-04  1.77027e-02
 5.03483e-04  1.78285e-02

 1.04601e-03  1.59450e-02
 8.73683e-04  1.77650e-02
 8.10694e-04  1.76273e-02
 9.61387e-04  1.76416e-02
 8.73683e-04  1.77650e-02

 1.46441e-03  1.59450e-02
 1.20780e-03  1.76772e-02
 1.15215e-03  1.75365e-02
 1.30188e-03  1.75587e-02
 1.20780e-03  1.76772e-02

 1.88281e-03  1.59450e-02
 1.56303e-03  1.75415e-02
 1.51456e-03  1.73981e-02
 1.66298e-03  1.74278e-02
 1.56303e-03  1.75415e-02

 2.30122e-03  1.59450e-02
 1.91578e-03  1.73778e-02
 1.87675e-03  1.72316e-02
 2.02292e-03  1.72709e-02
 1.91578e-03  1.73778e-02

 2.71962e-03  1.59450e-02
 2.27927e-03  1.71866e-02
 2.25176e-03  1.70377e-02
 2.39442e-03  1.70883e-02
 2.27927e-03  1.71866e-02

 3.13802e-03  1.59450e-02
 2.64945e-03  1.69766e-02
 2.63716e-03  1.68258e-02
 2.77396e-03  1.68906e-02
 2.64945e-03  1.69766e-02

 3.55642e-03  1.59450e-02
 3.02965e-03  1.67522e-02
 3.03791e-03  1.66010e-02
 3.16468e-03  1.66837e-02
 3.02965e-03  1.67522e-02

 2.10937e-04  1.65150e-02
 2.10937e-04  1.84331e-02
 1.35254e-04  1.83020e-02
 2.86621e-04  1.83020e-02
 2.10938e-04  1.84331e-02

 6.32812e-04  1.65150e-02
 5.86580e-04  1.84679e-02
 5.14021e-04  1.83350e-02
 6.65345e-04  1.83386e-02
 5.86580e-04  1.84679e-02

 1.05469e-03  1.65150e-02
 9.90049e-04  1.84035e-02
 9.18894e-04  1.82699e-02
 1.07017e-03  1.82751e-02
 9.90049e-04  1.84035e-02

 1.47656e-03  1.65150e-02
 1.37845e-03  1.83126e-02
 1.31002e-03  1.81775e-02
 1.46116e-03  1.81858e-02
 1.37845e-03  1.83126e-02

 1.89844e-03  1.65150e-02
 1.77454e-03  1.81709e-02
 1.70884e-03  1.80345e-02
 1.85979e-03  1.80458e-02
 1.77454e-03  1.81709e-02

 2.32031e-03  1.65150e-02
 2.16898e-03  1.79992e-02
 2.10698e-03  1.78611e-02
 2.25757e-03  1.78765e-02
 2.16898e-03  1.79992e-02

 2.74219e-03  1.65150e-02
 2.56751e-03  1.77982e-02
 2.51020e-03  1.76581e-02
 2.66018e-03  1.76785e-02
 2.56751e-03  1.77982e-02

 3.16406e-03  1.65150e-02
 2.96864e-03  1.75771e-02
 2.91793e-03  1.74345e-02
 3.06679e-03  1.74619e-02
 2.96864e-03  1.75771e-02

 3.58594e-03  1.65150e-02
 3.37402e-03  1.73409e-02
 3.33329e-03  1.71951e-02
 3.47991e-03  1.72327e-02
 3.37402e-03  1.73409e-02

 2.12674e-04  1.70850e-02
 2.12674e-04  1.90076e-02
 1.36990e-04  1.88765e-02
 2.88357e-04  1.88765e-02
 2.12674e-04  1.90076e-02

 6.38021e-04  1.70850e-02
 6.72402e-04  1.90425e-02
 5.94428e-04  1.89127e-02
 7.45772e-04  1.89101e-02
 6.72402e-04  1.90425e-02

 1.06337e-03  1.70850e-02
 1.11003e-03  1.89794e-02
 1.03114e-03  1.88502e-02
 1.18246e-03  1.88465e-02
 1.11003e-03  1.89794e-02

 1.48872e-03  1.70850e-02
 1.55489e-03  1.88880e-02
 1.47445e-03  1.87598e-02
 1.62572e-03  1.87542e-02
 1.55489e-03  1.88880e-02

 1.91406e-03  1.70850e-02
 1.99353e-03  1.87452e-02
 1.91167e-03  1.86179e-02
 2.06286e-03  1.86106e-02
 1.99353e-03  1.87452e-02

 2.33941e-03  1.70850e-02
 2.43161e-03  1.85712e-02
 2.34795e-03  1.84450e-02
 2.49903e-03  1.84357e-02
 2.43161e-03  1.85712e-02

 2.76476e-03  1.70850e-02
 2.86691e-03  1.83670e-02
 2.78105e-03  1.82423e-02
 2.93194e-03  1.82303e-02
 2.86691e-03  1.83670e-02

 3.19010e-03  1.70850e-02
 3.30060e-03  1.81422e-02
 3.21170e-03  1.80197e-02
 3.36225e-03  1.80040e-02
 3.30060e-03  1.81422e-02

 3.61545e-03  1.70850e-02
 3.73249e-03  1.79017e-02
 3.63897e-03  1.77827e-02
 3.78881e-03  1.77612e-02
 3.73249e-03  1.79017e-02

 2.14410e-04  1.76550e-02
 2.14410e-04  1.95195e-02
 1.38726e-04  1.93884e-02
 2.90093e-04  1.93884e-02
 2.14410e-04  1.95195e-02

 6.43229e-04  1.76550e-02
 7.57337e-04  1.95523e-02
 6.73921e-04  1.94260e-02
 8.25014e-04  1.94169e-02
 7.57337e-04  1.95523e-02

 1.07205e-03  1.76550e-02
 1.22876e-03  1.94924e-02
 1.14221e-03  1.93683e-02
 1.29303e-03  1.93554e-02
 1.22876e-03  1.94924e-02

 1.50087e-03  1.76550e-02
 1.73001e-03  1.94032e-02
 1.63794e-03  1.92831e-02
 1.78802e-03  1.92634e-02
 1.73001e-03  1.94032e-02

 1.92969e-03  1.76550e-02
 2.21126e-03  1.92639e-02
 2.11411e-03  1.91478e-02
 2.26321e-03  1.91217e-02
 2.21126e-03  1.92639e-02

 2.35851e-03  1.76550e-02
 2.69328e-03  1.90932e-02
 2.58985e-03  1.89827e-02
 2.73727e-03  1.89484e-02
 2.69328e-03  1.90932e-02

 2.78733e-03  1.76550e-02
 3.16572e-03  1.88927e-02
 3.05502e-03  1.87894e-02
 3.19977e-03  1.87452e-02
 3.16572e-03  1.88927e-02

 3.21615e-03  1.76550e-02
 3.63240e-03  1.86714e-02
 3.51269e-03  1.85788e-02
 3.65276e-03  1.85214e-02
 3.63240e-03  1.86714e-02

 3.64497e-03  1.76550e-02
 4.09117e-03  1.84346e-02
 3.96037e-03  1.83584e-02
 4.09174e-03  1.82832e-02
 4.09117e-03  1.84346e-02

 2.16146e-04  1.82250e-02
 2.16146e-04  1.99731e-02
 1.40462e-04  1.98420e-02
 2.91829e-04  1.98420e-02
 2.16146e-04  1.99731e-02

 6.48438e-04  1.82250e-02
 8.38267e-04  2.00016e-02
 7.49084e-04  1.98793e-02
 8.99594e-04  1.98632e-02
 8.38267e-04  2.00016e-02

 1.08073e-03  1.82250e-02
 1.34209e-03  1.99463e-02
 1.24759e-03  1.98280e-02
 1.39724e-03  1.98053e-02
 1.34209e-03  1.99463e-02

 1.51302e-03  1.82250e-02
 1.89758e-03  1.98614e-02
 1.79392e-03  1.97511e-02
 1.94127e-03  1.97165e-02
 1.89758e-03  1.98614e-02

 1.94531e-03  1.82250e-02
 2.41996e-03  1.97297e-02
 2.30835e-03  1.96274e-02
 2.45270e-03  1.95819e-02
 2.41996e-03  1.97297e-02

 2.37760e-03  1.82250e-02
 2.94450e-03  1.95675e-02
 2.82379e-03  1.94762e-02
 2.96323e-03  1.94173e-02
 2.94450e-03  1.95675e-02

 2.80990e-03  1.82250e-02
 3.45299e-03  1.93768e-02
 3.32300e-03  1.92993e-02
 3.45516e-03  1.92255e-02
 3.45299e-03  1.93768e-02

 3.24219e-03  1.82250e-02
 3.95168e-03  1.91662e-02
 3.81234e-03  1.91071e-02
 3.93321e-03  1.90160e-02
 3.95168e-03  1.91662e-02

 3.67448e-03  1.82250e-02
 4.43646e-03  1.89408e-02
 4.28910e-03  1.89062e-02
 4.39273e-03  1.87959e-02
 4.43646e-03  1.89408e-02

 2.17882e-04  1.87950e-02
 2.17882e-04  2.03700e-02
 1.42198e-04  2.02389e-02
 2.93565e-04  2.02389e-02
 2.17882e-04  2.03700e-02

 6.53646e-04  1.87950e-02
 9.11537e-04  2.03920e-02
 8.15924e-04  2.02747e-02
 9.65355e-04  2.02505e-02
 9.11537e-04  2.03920e-02

 1.08941e-03  1.87950e-02
 1.44508e-03  2.03423e-02
 1.34196e-03  2.02315e-02
 1.48948e-03  2.01976e-02
 1.44508e-03  2.03423e-02

 1.52517e-03  1.87950e-02
 2.05010e-03  2.02640e-02
 1.93472e-03  2.01660e-02
 2.07726e-03  2.01151e-02
 2.05010e-03  2.02640e-02

 1.96094e-03  1.87950e-02
 2.61018e-03  2.01439e-02
 2.48513e-03  2.00586e-02
 2.62152e-03  1.99930e-02
 2.61018e-03  2.01439e-02

 2.39670e-03  1.87950e-02
 3.17367e-03  1.99956e-02
 3.03891e-03  1.99267e-02
 3.16599e-03  1.98445e-02
 3.17367e-03  1.99956e-02

 2.83247e-03  1.87950e-02
 3.71516e-03  1.98212e-02
 3.57230e-03  1.97712e-02
 3.68706e-03  1.96725e-02
 3.71516e-03  1.98212e-02

 3.26823e-03  1.87950e-02
 4.24303e-03  1.96284e-02
 4.09421e-03  1.96007e-02
 4.19257e-03  1.94856e-02
 4.24303e-03  1.96284e-02

 3.70399e-03  1.87950e-02
 4.75138e-03  1.94222e-02
 4.60003e-03  1.94197e-02
 4.67779e-03  1.92899e-02
 4.75138e-03  1.94222e-02

 2.19618e-04  1.93650e-02
 2.19618e-04  2.07247e-02
 1.43935e-04  2.05936e-02
 2.95302e-04  2.05936e-02
 2.19618e-04  2.07247e-02

 6.58854e-04  1.93650e-02
 9.74242e-04  2.07377e-02
 8.71127e-04  2.06269e-02
 1.01865e-03  2.05930e-02
 9.74242e-04  2.07377e-02

 1.09809e-03  1.93650e-02
 1.53366e-03  2.06942e-02
 1.42091e-03  2.05932e-02
 1.56475e-03  2.05460e-02
 1.53366e-03  2.06942e-02

 1.53733e-03  1.93650e-02
 2.18111e-03  2.06239e-02
 2.05404e-03  2.05417e-02
 2.18881e-03  2.04727e-02
 2.18111e-03  2.06239e-02

 1.97656e-03  1.93650e-02
 2.77343e-03  2.05186e-02
 2.63666e-03  2.04537e-02
 2.76120e-03  2.03677e-02
 2.77343e-03  2.05186e-02

 2.41580e-03  1.93650e-02
 3.37002e-03  2.03880e-02
 3.22526e-03  2.03438e-02
 3.33595e-03  2.02405e-02
 3.37002e-03  2.03880e-02

 2.85503e-03  1.93650e-02
 3.93928e-03  2.02348e-02
 3.78967e-03  2.02118e-02
 3.88439e-03  2.00938e-02
 3.93928e-03  2.02348e-02

 3.29427e-03  1.93650e-02
 4.49143e-03  2.00656e-02
 4.34007e-03  2.00647e-02
 4.41652e-03  1.99341e-02
 4.49143e-03  2.00656e-02

 3.73351e-03  1.93650e-02
 5.01899e-03  1.98849e-02
 4.86909e-03  1.99059e-02
 4.92584e-03  1.97656e-02
 5.01899e-03  1.98849e-02

 2.21354e-04  1.99350e-02
 2.21354e-04  2.10340e-02
 1.45671e-04  2.09029e-02
 2.97038e-04  2.09029e-02
 2.21354e-04  2.10340e-02

 6.64062e-04  1.99350e-02
 1.02089e-03  2.10361e-02
 9.08486e-04  2.09347e-02
 1.05248e-03  2.08881e-02
 1.02089e-03  2.10361e-02

 1.10677e-03  1.99350e-02
 1.59991e-03  2.10003e-02
 1.47616e-03  2.09132e-02
 1.61352e-03  2.08496e-02
 1.59991e-03  2.10003e-02

 1.54948e-03  1.99350e-02
 2.27865e-03  2.09406e-02
 2.14043e-03  2.08789e-02
 2.26297e-03  2.07901e-02
 2.27865e-03  2.09406e-02

 1.99219e-03  1.99350e-02
 2.89449e-03  2.08540e-02
 2.74864e-03  2.08135e-02
 2.85665e-03  2.07075e-02
 2.89449e-03  2.08540e-02

 2.43490e-03  1.99350e-02
 3.51490e-03  2.07464e-02
 3.36463e-03  2.07282e-02
 3.45555e-03  2.06072e-02
 3.51490e-03  2.07464e-02

 2.87760e-03  1.99350e-02
 4.10375e-03  2.06207e-02
 3.95240e-03  2.06228e-02
 4.02628e-03  2.04907e-02
 4.10375e-03  2.06207e-02

 3.32031e-03  1.99350e-02
 4.67270e-03  2.04818e-02
 4.52280e-03  2.05028e-02
 4.57954e-03  2.03625e-02
 4.67270e-03  2.04818e-02

 3.76302e-03  1.99350e-02
 5.21296e-03  2.03340e-02
 5.06650e-03  2.03722e-02
 5.10665e-03  2.02262e-02
 5.21296e-03  2.03340e-02

 2.23090e-04  2.05050e-02
 2.23090e-04  2.13374e-02
 1.47407e-04  2.12064e-02
 2.98774e-04  2.12064e-02
 2.23090e-04  2.13374e-02

 6.69271e-04  2.05050e-02
 1.04881e-03  2.13257e-02
 9.25092e-04  2.12385e-02
 1.06248e-03  2.11750e-02
 1.04881e-03  2.13257e-02

 1.11545e-03  2.05050e-02
 1.63879e-03  2.12982e-02
 1.50342e-03  2.12305e-02
 1.62977e-03  2.11471e-02
 1.63879e-03  2.12982e-02

 1.56163e-03  2.05050e-02
 2.33451e-03  2.12495e-02
 2.18759e-03  2.12130e-02
 2.29260e-03  2.11040e-02
 2.33451e-03  2.12495e-02

 2.00781e-03  2.05050e-02
 2.96226e-03  2.11828e-02
 2.81156e-03  2.11686e-02
 2.89920e-03  2.10452e-02
 2.96226e-03  2.11828e-02

 2.45399e-03  2.05050e-02
 3.59447e-03  2.10994e-02
 3.44324e-03  2.11059e-02
 3.51320e-03  2.09717e-02
 3.59447e-03  2.10994e-02

 2.90017e-03  2.05050e-02
 4.19217e-03  2.10027e-02
 4.04264e-03  2.10262e-02
 4.09704e-03  2.08849e-02
 4.19217e-03  2.10027e-02

 3.34635e-03  2.05050e-02
 4.76807e-03  2.08960e-02
 4.62160e-03  2.09342e-02
 4.66174e-03  2.07882e-02
 4.76807e-03  2.08960e-02

 3.79253e-03  2.05050e-02
 5.31264e-03  2.07829e-02
 5.17008e-03  2.08338e-02
 5.19730e-03  2.06849e-02
 5.31264e-03  2.07829e-02

 2.24826e-04  2.10750e-02
 2.24826e-04  2.16018e-02
 1.49143e-04  2.14707e-02
 3.00510e-04  2.14707e-02
 2.24826e-04  2.16018e-02

 6.74479e-04  2.10750e-02
 1.04586e-03  2.15813e-02
 9.07297e-04  2.15203e-02
 1.02935e-03  2.14308e-02
 1.04586e-03  2.15813e-02

 1.12413e-03  2.10750e-02
 1.63245e-03  2.15650e-02
 1.48555e-03  2.15285e-02
 1.59060e-03  2.14195e-02
 1.63245e-03  2.15650e-02

 1.57378e-03  2.10750e-02
 2.32313e-03  2.15320e-02
 2.17181e-03  2.15283e-02
 2.25062e-03  2.13991e-02
 2.32313e-03  2.15320e-02

 2.02344e-03  2.10750e-02
 2.94534e-03  2.14900e-02
 2.79474e-03  2.15052e-02
 2.85687e-03  2.13672e-02
 2.94534e-03  2.14900e-02

 2.47309e-03  2.10750e-02
 3.57201e-03  2.14366e-02
 3.42384e-03  2.14675e-02
 3.47115e-03  2.13237e-02
 3.57201e-03  2.14366e-02

 2.92274e-03  2.10750e-02
 4.16395e-03  2.13752e-02
 4.01875e-03  2.14179e-02
 4.05433e-03  2.12708e-02
 4.16395e-03  2.13752e-02

 3.37240e-03  2.10750e-02
 4.73417e-03  2.13074e-02
 4.59222e-03  2.13599e-02
 4.61768e-03  2.12107e-02
 4.73417e-03  2.13074e-02

 3.82205e-03  2.10750e-02
 5.27320e-03  2.12359e-02
 5.13457e-03  2.12967e-02
 5.15126e-03  2.11463e-02
 5.27320e-03  2.12359e-02

 2.26562e-04  2.16450e-02
 2.26562e-04  2.19464e-02
 1.50879e-04  2.18153e-02
 3.02246e-04  2.18153e-02
 2.26563e-04  2.19464e-02

 6.79687e-04  2.16450e-02
 1.01307e-03  2.19132e-02
 8.63496e-04  2.18900e-02
 9.58386e-04  2.17721e-02
 1.01307e-03  2.19132e-02

 1.13281e-03  2.16450e-02
 1.57628e-03  2.19086e-02
 1.42493e-03  2.19067e-02
 1.50228e-03  2.17766e-02
 1.57628e-03  2.19086e-02

 1.58594e-03  2.16450e-02
 2.23853e-03  2.18862e-02
 2.08934e-03  2.19117e-02
 2.14181e-03  2.17697e-02
 2.23853e-03  2.18862e-02

 2.03906e-03  2.16450e-02
 2.83586e-03  2.18633e-02
 2.68943e-03  2.19016e-02
 2.72942e-03  2.17556e-02
 2.83586e-03  2.18633e-02

 2.49219e-03  2.16450e-02
 3.43884e-03  2.18317e-02
 3.29558e-03  2.18806e-02
 3.32487e-03  2.17320e-02
 3.43884e-03  2.18317e-02

 2.94531e-03  2.16450e-02
 4.00950e-03  2.17965e-02
 3.86905e-03  2.18529e-02
 3.89038e-03  2.17031e-02
 4.00950e-03  2.17965e-02

 3.39844e-03  2.16450e-02
 4.56116e-03  2.17573e-02
 4.42341e-03  2.18200e-02
 4.43796e-03  2.16694e-02
 4.56116e-03  2.17573e-02

 3.85156e-03  2.16450e-02
 5.08445e-03  2.17164e-02
 4.94920e-03  2.17844e-02
 4.95796e-03  2.16333e-02
 5.08445e-03  2.17164e-02

 2.28299e-04  2.22150e-02
 2.28299e-04  2.22150e-02
 3.03982e-04  2.23461e-02
 1.52615e-04  2.23461e-02
 2.28299e-04  2.22150e-02

 6.84896e-04  2.22150e-02
 9.09199e-04  2.22150e-02
 7.78111e-04  2.22907e-02
 7.78111e-04  2.21393e-02
 9.09199e-04  2.22150e-02

 1.14149e-03  2.22150e-02
 1.42755e-03  2.22150e-02
 1.29646e-03  2.22907e-02
 1.29646e-03  2.21393e-02
 1.42755e-03  2.22150e-02

 1.59809e-03  2.22150e-02
 2.01985e-03  2.22150e-02
 1.88876e-03  2.22907e-02
 1.88876e-03  2.21393e-02
 2.01985e-03  2.22150e-02

 2.05469e-03  2.22150e-02
 2.56461e-03  2.22150e-02
 2.43352e-03  2.22907e-02
 2.43352e-03  2.21393e-02
 2.56461e-03  2.22150e-02

 2.51128e-03  2.22150e-02
 3.11542e-03  2.22150e-02
 2.98433e-03  2.22907e-02
 2.98433e-03  2.21393e-02
 3.11542e-03  2.22150e-02

 2.96788e-03  2.22150e-02
 3.64393e-03  2.22150e-02
 3.51284e-03  2.22907e-02
 3.51284e-03  2.21393e-02
 3.64393e-03  2.22150e-02

 3.42448e-03  2.22150e-02
 4.16042e-03  2.22150e-02
 4.02933e-03  2.22907e-02
 4.02933e-03  2.21393e-02
 4.16042e-03  2.22150e-02

 3.88108e-03  2.22150e-02
 4.65827e-03  2.22150e-02
 4.52718e-03  2.22907e-02
 4.52718e-03  2.21393e-02
 4.65827e-03  2.22150e-02

 3.76510e-03  1.13850e-02
 3.04954e-03  1.13850e-02
 3.18063e-03  1.13093e-02
 3.18063e-03  1.14607e-02
 3.04954e-03  1.13850e-02

 4.26406e-03  1.13850e-02
 3.50970e-03  1.13850e-02
 3.64078e-03  1.13093e-02
 3.64078e-03  1.14607e-02
 3.50970e-03  1.13850e-02

 4.76302e-03  1.13850e-02
 3.98704e-03  1.13850e-02
 4.11813e-03  1.13093e-02
 4.11813e-03  1.14607e-02
 3.98704e-03  1.13850e-02

 5.26198e-03  1.13850e-02
 4.48244e-03  1.13850e-02
 4.61353e-03  1.13093e-02
 4.61353e-03  1.14607e-02
 4.48244e-03  1.13850e-02

 5.76094e-03  1.13850e-02
 4.99600e-03  1.13850e-02
 5.12709e-03  1.13093e-02
 5.12709e-03  1.14607e-02
 4.99600e-03  1.13850e-02

 6.25990e-03  1.13850e-02
 5.52732e-03  1.13850e-02
 5.65841e-03  1.13093e-02
 5.65841e-03  1.14607e-02
 5.52732e-03  1.13850e-02

 6.75885e-03  1.13850e-02
 6.07577e-03  1.13850e-02
 6.20685e-03  1.13093e-02
 6.20685e-03  1.14607e-02
 6.07577e-03  1.13850e-02

 7.25781e-03  1.13850e-02
 6.63924e-03  1.13850e-02
 6.77033e-03  1.13093e-02
 6.77033e-03  1.14607e-02
 6.63924e-03  1.13850e-02

 7.75677e-03  1.13850e-02
 7.21647e-03  1.13850e-02
 7.34756e-03  1.13093e-02
 7.34756e-03  1.14607e-02
 7.21647e-03  1.13850e-02

 8.25573e-03  1.13850e-02
 7.80229e-03  1.13850e-02
 7.93337e-03  1.13093e-02
 7.93337e-03  1.14607e-02
 7.80229e-03  1.13850e-02

 8.75469e-03  1.13850e-02
 8.39719e-03  1.13850e-02
 8.52828e-03  1.13093e-02
 8.52828e-03  1.14607e-02
 8.39719e-03  1.13850e-02

 9.25365e-03  1.13850e-02
 8.98775e-03  1.13850e-02
 9.11883e-03  1.13093e-02
 9.11883e-03  1.14607e-02
 8.98775e-03  1.13850e-02

 9.75260e-03  1.13850e-02
 9.58704e-03  1.13850e-02
 9.71813e-03  1.13093e-02
 9.71813e-03  1.14607e-02
 9.58704e-03  1.13850e-02

 1.02516e-02  1.13850e-02
 1.01531e-02  1.13850e-02
 1.02841e-02  1.13093e-02
 1.02841e-02  1.14607e-02
 1.01531e-02  1.13850e-02

 1.07505e-02  1.13850e-02
 1.07505e-02  1.13850e-02
 1.08262e-02  1.15161e-02
 1.06748e-02  1.15161e-02
 1.07505e-02  1.13850e-02

 3.79531e-03  1.19550e-02
 2.64704e-03  1.20692e-02
 2.77000e-03  1.19809e-02
 2.78498e-03  1.21315e-02
 2.64704e-03  1.20692e-02

 4.29219e-03  1.19550e-02
 3.08655e-03  1.20317e-02
 3.21257e-03  1.19478e-02
 3.22218e-03  1.20989e-02
 3.08655e-03  1.20317e-02

 4.78906e-03  1.19550e-02
 3.55429e-03  1.19925e-02
 3.68302e-03  1.19129e-02
 3.68761e-03  1.20642e-02
 3.55429e-03  1.19925e-02

 5.28594e-03  1.19550e-02
 4.05071e-03  1.19525e-02
 4.18195e-03  1.18771e-02
 4.18164e-03  1.20284e-02
 4.05071e-03  1.19525e-02

 5.78281e-03  1.19550e-02
 4.57596e-03  1.19126e-02
 4.70963e-03  1.18416e-02
 4.70431e-03  1.19928e-02
 4.57596e-03  1.19126e-02

 6.27969e-03  1.19550e-02
 5.12907e-03  1.18740e-02
 5.26515e-03  1.18077e-02
 5.25452e-03  1.19587e-02
 5.12907e-03  1.18740e-02

 6.77656e-03  1.19550e-02
 5.70859e-03  1.18380e-02
 5.84714e-03  1.17770e-02
 5.83066e-03  1.19275e-02
 5.70859e-03  1.18380e-02

 7.27344e-03  1.19550e-02
 6.31142e-03  1.18062e-02
 6.45254e-03  1.17514e-02
 6.42940e-03  1.19010e-02
 6.31142e-03  1.18062e-02

 7.77031e-03  1.19550e-02
 6.93515e-03  1.17800e-02
 7.07897e-03  1.17328e-02
 7.04793e-03  1.18810e-02
 6.93515e-03  1.17800e-02

 8.26719e-03  1.19550e-02
 7.57200e-03  1.17615e-02
 7.71858e-03  1.17237e-02
 7.67799e-03  1.18696e-02
 7.57200e-03  1.17615e-02

 8.76406e-03  1.19550e-02
 8.22156e-03  1.17516e-02
 8.37087e-03  1.17267e-02
 8.31773e-03  1.18685e-02
 8.22156e-03  1.17516e-02

 9.26094e-03  1.19550e-02
 8.86488e-03  1.17528e-02
 9.01604e-03  1.17450e-02
 8.94723e-03  1.18799e-02
 8.86488e-03  1.17528e-02

 9.75781e-03  1.19550e-02
 9.51646e-03  1.17644e-02
 9.66624e-03  1.17863e-02
 9.57244e-03  1.19051e-02
 9.51646e-03  1.17644e-02

 1.02547e-02  1.19550e-02
 1.01203e-02  1.17929e-02
 1.02623e-02  1.18455e-02
 1.01457e-02  1.19421e-02
 1.01203e-02  1.17929e-02

 1.07516e-02  1.19550e-02
 1.07516e-02  1.18348e-02
 1.08272e-02  1.19659e-02
 1.06759e-02  1.19659e-02
 1.07516e-02  1.18348e-02

 3.82552e-03  1.25250e-02
 2.44566e-03  1.27049e-02
 2.56586e-03  1.26129e-02
 2.58543e-03  1.27630e-02
 2.44566e-03  1.27049e-02

 4.32031e-03  1.25250e-02
 2.87847e-03  1.26364e-02
 3.00334e-03  1.25508e-02
 3.01499e-03  1.27017e-02
 2.87847e-03  1.26364e-02

 4.81510e-03  1.25250e-02
 3.34526e-03  1.25657e-02
 3.47420e-03  1.24864e-02
 3.47839e-03  1.26377e-02
 3.34526e-03  1.25657e-02

 5.30990e-03  1.25250e-02
 3.84603e-03  1.24943e-02
 3.97867e-03  1.24214e-02
 3.97550e-03  1.25727e-02
 3.84603e-03  1.24943e-02

 5.80469e-03  1.25250e-02
 4.38048e-03  1.24239e-02
 4.51659e-03  1.23577e-02
 4.50588e-03  1.25087e-02
 4.38048e-03  1.24239e-02

 6.29948e-03  1.25250e-02
 4.94694e-03  1.23565e-02
 5.08638e-03  1.22976e-02
 5.06766e-03  1.24478e-02
 4.94694e-03  1.23565e-02

 6.79427e-03  1.25250e-02
 5.54368e-03  1.22942e-02
 5.68632e-03  1.22436e-02
 5.65885e-03  1.23924e-02
 5.54368e-03  1.22942e-02

 7.28906e-03  1.25250e-02
 6.16645e-03  1.22398e-02
 6.31214e-03  1.21987e-02
 6.27487e-03  1.23454e-02
 6.16645e-03  1.22398e-02

 7.78385e-03  1.25250e-02
 6.81238e-03  1.21960e-02
 6.96082e-03  1.21663e-02
 6.91226e-03  1.23097e-02
 6.81238e-03  1.21960e-02

 8.27865e-03  1.25250e-02
 7.47269e-03  1.21657e-02
 7.62324e-03  1.21500e-02
 7.56160e-03  1.22882e-02
 7.47269e-03  1.21657e-02

 8.77344e-03  1.25250e-02
 8.14625e-03  1.21518e-02
 8.29760e-03  1.21538e-02
 8.22020e-03  1.22839e-02
 8.14625e-03  1.21518e-02

 9.26823e-03  1.25250e-02
 8.81240e-03  1.21577e-02
 8.96196e-03  1.21810e-02
 8.86699e-03  1.22989e-02
 8.81240e-03  1.21577e-02

 9.76302e-03  1.25250e-02
 9.48566e-03  1.21858e-02
 9.62723e-03  1.22393e-02
 9.51004e-03  1.23352e-02
 9.48566e-03  1.21858e-02

 1.02578e-02  1.25250e-02
 1.01046e-02  1.22423e-02
 1.02336e-02  1.23215e-02
 1.01005e-02  1.23936e-02
 1.01046e-02  1.22423e-02

 1.07526e-02  1.25250e-02
 1.07526e-02  1.23301e-02
 1.08283e-02  1.24612e-02
 1.06769e-02  1.24612e-02
 1.07526e-02  1.23301e-02

 3.85573e-03  1.30950e-02
 2.37846e-03  1.33751e-02
 2.49315e-03  1.32764e-02
 2.52136e-03  1.34251e-02
 2.37846e-03  1.33751e-02

 4.34844e-03  1.30950e-02
 2.81002e-03  1.32624e-02
 2.93215e-03  1.31730e-02
 2.94853e-03  1.33235e-02
 2.81002e-03  1.32624e-02

 4.84115e-03  1.30950e-02
 3.27798e-03  1.31471e-02
 3.40647e-03  1.30671e-02
 3.41151e-03  1.32184e-02
 3.27798e-03  1.31471e-02

 5.33385e-03  1.30950e-02
 3.78189e-03  1.30314e-02
 3.91597e-03  1.29612e-02
 3.90977e-03  1.31124e-02
 3.78189e-03  1.30314e-02

 5.82656e-03  1.30950e-02
 4.32114e-03  1.29181e-02
 4.46017e-03  1.28582e-02
 4.44250e-03  1.30086e-02
 4.32114e-03  1.29181e-02

 6.31927e-03  1.30950e-02
 4.89362e-03  1.28103e-02
 5.03699e-03  1.27617e-02
 5.00735e-03  1.29102e-02
 4.89362e-03  1.28103e-02

 6.81198e-03  1.30950e-02
 5.49721e-03  1.27115e-02
 5.64424e-03  1.26755e-02
 5.60185e-03  1.28208e-02
 5.49721e-03  1.27115e-02

 7.30469e-03  1.30950e-02
 6.12758e-03  1.26256e-02
 6.27738e-03  1.26039e-02
 6.22131e-03  1.27445e-02
 6.12758e-03  1.26256e-02

 7.79740e-03  1.30950e-02
 6.78127e-03  1.25571e-02
 6.93253e-03  1.25515e-02
 6.86171e-03  1.26853e-02
 6.78127e-03  1.25571e-02

 8.29010e-03  1.30950e-02
 7.44949e-03  1.25104e-02
 7.60032e-03  1.25231e-02
 7.51389e-03  1.26473e-02
 7.44949e-03  1.25104e-02

 8.78281e-03  1.30950e-02
 8.13068e-03  1.24902e-02
 8.27826e-03  1.25239e-02
 8.17533e-03  1.26349e-02
 8.13068e-03  1.24902e-02

 9.27552e-03  1.30950e-02
 8.80370e-03  1.25016e-02
 8.94453e-03  1.25571e-02
 8.82605e-03  1.26513e-02
 8.80370e-03  1.25016e-02

 9.76823e-03  1.30950e-02
 9.48256e-03  1.25499e-02
 9.61044e-03  1.26308e-02
 9.47637e-03  1.27011e-02
 9.48256e-03  1.25499e-02

 1.02609e-02  1.30950e-02
 1.01049e-02  1.26418e-02
 1.02191e-02  1.27411e-02
 1.00760e-02  1.27904e-02
 1.01049e-02  1.26418e-02

 1.07536e-02  1.30950e-02
 1.07536e-02  1.27875e-02
 1.08293e-02  1.29186e-02
 1.06780e-02  1.29186e-02
 1.07536e-02  1.27875e-02

 3.88594e-03  1.36650e-02
 2.43804e-03  1.40219e-02
 2.54720e-03  1.39171e-02
 2.58343e-03  1.40640e-02
 2.43804e-03  1.40219e-02

 4.37656e-03  1.36650e-02
 2.87303e-03  1.38687e-02
 2.99278e-03  1.37761e-02
 3.01310e-03  1.39261e-02
 2.87303e-03  1.38687e-02

 4.86719e-03  1.36650e-02
 3.34345e-03  1.37130e-02
 3.47209e-03  1.36332e-02
 3.47686e-03  1.37845e-02
 3.34345e-03  1.37130e-02

 5.35781e-03  1.36650e-02
 3.84861e-03  1.35581e-02
 3.98472e-03  1.34918e-02
 3.97402e-03  1.36428e-02
 3.84861e-03  1.35581e-02

 5.84844e-03  1.36650e-02
 4.38752e-03  1.34073e-02
 4.52976e-03  1.33555e-02
 4.50347e-03  1.35046e-02
 4.38752e-03  1.34073e-02

 6.33906e-03  1.36650e-02
 4.95807e-03  1.32646e-02
 5.10504e-03  1.32284e-02
 5.06290e-03  1.33738e-02
 4.95807e-03  1.32646e-02

 6.82969e-03  1.36650e-02
 5.55783e-03  1.31346e-02
 5.70795e-03  1.31152e-02
 5.64969e-03  1.32550e-02
 5.55783e-03  1.31346e-02

 7.32031e-03  1.36650e-02
 6.18279e-03  1.30223e-02
 6.33415e-03  1.30209e-02
 6.25970e-03  1.31527e-02
 6.18279e-03  1.30223e-02

 7.81094e-03  1.36650e-02
 6.82970e-03  1.29334e-02
 6.98003e-03  1.29511e-02
 6.88955e-03  1.30724e-02
 6.82970e-03  1.29334e-02

 8.30156e-03  1.36650e-02
 7.49016e-03  1.28737e-02
 7.63685e-03  1.29110e-02
 7.53116e-03  1.30194e-02
 7.49016e-03  1.28737e-02

 8.79219e-03  1.36650e-02
 8.16274e-03  1.28498e-02
 8.30276e-03  1.29073e-02
 8.18295e-03  1.29998e-02
 8.16274e-03  1.28498e-02

 9.28281e-03  1.36650e-02
 8.82727e-03  1.28681e-02
 8.95803e-03  1.29444e-02
 8.82662e-03  1.30195e-02
 8.82727e-03  1.28681e-02

 9.77344e-03  1.36650e-02
 9.49739e-03  1.29372e-02
 9.61464e-03  1.30329e-02
 9.47311e-03  1.30866e-02
 9.49739e-03  1.29372e-02

 1.02641e-02  1.36650e-02
 1.01126e-02  1.30636e-02
 1.02180e-02  1.31723e-02
 1.00712e-02  1.32092e-02
 1.01126e-02  1.30636e-02

 1.07547e-02  1.36650e-02
 1.07547e-02  1.32629e-02
 1.08304e-02  1.33940e-02
 1.06790e-02  1.33940e-02
 1.07547e-02  1.32629e-02

 3.91615e-03  1.42350e-02
 2.59184e-03  1.46665e-02
 2.69302e-03  1.45540e-02
 2.73992e-03  1.46979e-02
 2.59184e-03  1.46665e-02

 4.40469e-03  1.42350e-02
 3.03202e-03  1.44731e-02
 3.14824e-03  1.43761e-02
 3.17411e-03  1.45252e-02
 3.03202e-03  1.44731e-02

 4.89323e-03  1.42350e-02
 3.50429e-03  1.42776e-02
 3.63299e-03  1.41979e-02
 3.63763e-03  1.43492e-02
 3.50429e-03  1.42776e-02

 5.38177e-03  1.42350e-02
 4.00789e-03  1.40840e-02
 4.14646e-03  1.40230e-02
 4.12992e-03  1.41735e-02
 4.00789e-03  1.40840e-02

 5.87031e-03  1.42350e-02
 4.54169e-03  1.38965e-02
 4.68741e-03  1.38555e-02
 4.65003e-03  1.40022e-02
 4.54169e-03  1.38965e-02

 6.35885e-03  1.42350e-02
 5.10364e-03  1.37198e-02
 5.25365e-03  1.36996e-02
 5.19618e-03  1.38396e-02
 5.10364e-03  1.37198e-02

 6.84740e-03  1.42350e-02
 5.69163e-03  1.35594e-02
 5.84300e-03  1.35603e-02
 5.76661e-03  1.36909e-02
 5.69163e-03  1.35594e-02

 7.33594e-03  1.42350e-02
 6.30195e-03  1.34213e-02
 6.45177e-03  1.34429e-02
 6.35816e-03  1.35619e-02
 6.30195e-03  1.34213e-02

 7.82448e-03  1.42350e-02
 6.93179e-03  1.33123e-02
 7.07734e-03  1.33539e-02
 6.96855e-03  1.34592e-02
 6.93179e-03  1.33123e-02

 8.31302e-03  1.42350e-02
 7.57387e-03  1.32396e-02
 7.71278e-03  1.32997e-02
 7.59126e-03  1.33900e-02
 7.57387e-03  1.32396e-02

 8.80156e-03  1.42350e-02
 8.22707e-03  1.32117e-02
 8.35724e-03  1.32889e-02
 8.22525e-03  1.33630e-02
 8.22707e-03  1.32117e-02

 9.29010e-03  1.42350e-02
 8.87325e-03  1.32361e-02
 8.99359e-03  1.33280e-02
 8.85390e-03  1.33863e-02
 8.87325e-03  1.32361e-02

 9.77865e-03  1.42350e-02
 9.52525e-03  1.33245e-02
 9.63331e-03  1.34305e-02
 9.48749e-03  1.34711e-02
 9.52525e-03  1.33245e-02

 1.02672e-02  1.42350e-02
 1.01275e-02  1.34834e-02
 1.02259e-02  1.35985e-02
 1.00771e-02  1.36261e-02
 1.01275e-02  1.34834e-02

 1.07557e-02  1.42350e-02
 1.07557e-02  1.37346e-02
 1.08314e-02  1.38656e-02
 1.06800e-02  1.38656e-02
 1.07557e-02  1.37346e-02

 3.94635e-03  1.48050e-02
 2.82427e-03  1.52930e-02
 2.91430e-03  1.51713e-02
 2.97467e-03  1.53101e-02
 2.82427e-03  1.52930e-02

 4.43281e-03  1.48050e-02
 3.27107e-03  1.50655e-02
 3.38242e-03  1.49630e-02
 3.41554e-03  1.51107e-02
 3.27107e-03  1.50655e-02

 4.91927e-03  1.48050e-02
 3.74481e-03  1.48367e-02
 3.87381e-03  1.47575e-02
 3.87790e-03  1.49088e-02
 3.74481e-03  1.48367e-02

 5.40573e-03  1.48050e-02
 4.24467e-03  1.46111e-02
 4.38643e-03  1.45580e-02
 4.36150e-03  1.47073e-02
 4.24467e-03  1.46111e-02

 5.89219e-03  1.48050e-02
 4.76950e-03  1.43934e-02
 4.91863e-03  1.43675e-02
 4.86652e-03  1.45096e-02
 4.76950e-03  1.43934e-02

 6.37865e-03  1.48050e-02
 5.31771e-03  1.41890e-02
 5.46908e-03  1.41894e-02
 5.39308e-03  1.43203e-02
 5.31771e-03  1.41890e-02

 6.86510e-03  1.48050e-02
 5.88735e-03  1.40039e-02
 6.03671e-03  1.40284e-02
 5.94078e-03  1.41455e-02
 5.88735e-03  1.40039e-02

 7.35156e-03  1.48050e-02
 6.47545e-03  1.38448e-02
 6.61971e-03  1.38906e-02
 6.50790e-03  1.39927e-02
 6.47545e-03  1.38448e-02

 7.83802e-03  1.48050e-02
 7.07990e-03  1.37195e-02
 7.21701e-03  1.37836e-02
 7.09291e-03  1.38703e-02
 7.07990e-03  1.37195e-02

 8.32448e-03  1.48050e-02
 7.69463e-03  1.36361e-02
 7.82343e-03  1.37156e-02
 7.69018e-03  1.37874e-02
 7.69463e-03  1.36361e-02

 8.81094e-03  1.48050e-02
 8.31929e-03  1.36047e-02
 8.43901e-03  1.36974e-02
 8.29894e-03  1.37547e-02
 8.31929e-03  1.36047e-02

 9.29740e-03  1.48050e-02
 8.93863e-03  1.36341e-02
 9.04939e-03  1.37373e-02
 8.90467e-03  1.37816e-02
 8.93863e-03  1.36341e-02

 9.78385e-03  1.48050e-02
 9.56428e-03  1.37385e-02
 9.66485e-03  1.38517e-02
 9.51659e-03  1.38822e-02
 9.56428e-03  1.37385e-02

 1.02703e-02  1.48050e-02
 1.01481e-02  1.39246e-02
 1.02411e-02  1.40441e-02
 1.00911e-02  1.40649e-02
 1.01481e-02  1.39246e-02

 1.07568e-02  1.48050e-02
 1.07568e-02  1.42201e-02
 1.08325e-02  1.43512e-02
 1.06811e-02  1.43512e-02
 1.07568e-02  1.42201e-02

 3.97656e-03  1.53750e-02
 3.11483e-03  1.59061e-02
 3.18672e-03  1.57729e-02
 3.26613e-03  1.59018e-02
 3.11483e-03  1.59061e-02

 4.46094e-03  1.53750e-02
 3.56916e-03  1.56510e-02
 3.67201e-03  1.55400e-02
 3.71676e-03  1.56846e-02
 3.56916e-03  1.56510e-02

 4.94531e-03  1.53750e-02
 4.04392e-03  1.53953e-02
 4.17327e-03  1.53167e-02
 4.17668e-03  1.54680e-02
 4.04392e-03  1.53953e-02

 5.42969e-03  1.53750e-02
 4.53851e-03  1.51439e-02
 4.68440e-03  1.51036e-02
 4.64641e-03  1.52501e-02
 4.53851e-03  1.51439e-02

 5.91406e-03  1.53750e-02
 5.05195e-03  1.49021e-02
 5.20328e-03  1.48988e-02
 5.13049e-03  1.50315e-02
 5.05195e-03  1.49021e-02

 6.39844e-03  1.53750e-02
 5.58287e-03  1.46756e-02
 5.73165e-03  1.47035e-02
 5.63311e-03  1.48184e-02
 5.58287e-03  1.46756e-02

 6.88281e-03  1.53750e-02
 6.12987e-03  1.44707e-02
 6.27191e-03  1.45230e-02
 6.15559e-03  1.46199e-02
 6.12987e-03  1.44707e-02

 7.36719e-03  1.53750e-02
 6.69069e-03  1.42948e-02
 6.82441e-03  1.43658e-02
 6.69613e-03  1.44461e-02
 6.69069e-03  1.42948e-02

 7.85156e-03  1.53750e-02
 7.26391e-03  1.41563e-02
 7.38902e-03  1.42415e-02
 7.25267e-03  1.43072e-02
 7.26391e-03  1.41563e-02

 8.33594e-03  1.53750e-02
 7.84524e-03  1.40638e-02
 7.96207e-03  1.41600e-02
 7.82031e-03  1.42131e-02
 7.84524e-03  1.40638e-02

 8.82031e-03  1.53750e-02
 8.43478e-03  1.40289e-02
 8.54363e-03  1.41341e-02
 8.39812e-03  1.41758e-02
 8.43478e-03  1.40289e-02

 9.30469e-03  1.53750e-02
 9.02103e-03  1.40610e-02
 9.12267e-03  1.41731e-02
 8.97471e-03  1.42051e-02
 9.02103e-03  1.40610e-02

 9.78906e-03  1.53750e-02
 9.61377e-03  1.41774e-02
 9.70764e-03  1.42961e-02
 9.55787e-03  1.43181e-02
 9.61377e-03  1.41774e-02

 1.02734e-02  1.53750e-02
 1.01747e-02  1.43843e-02
 1.02630e-02  1.45072e-02
 1.01124e-02  1.45223e-02
 1.01747e-02  1.43843e-02

 1.07578e-02  1.53750e-02
 1.07578e-02  1.47163e-02
 1.08335e-02  1.48473e-02
 1.06821e-02  1.48473e-02
 1.07578e-02  1.47163e-02

 4.00677e-03  1.59450e-02
 3.44914e-03  1.65011e-02
 3.48852e-03  1.63549e-02
 3.59540e-03  1.64621e-02
 3.44914e-03  1.65011e-02

 4.48906e-03  1.59450e-02
 3.91183e-03  1.62269e-02
 3.99642e-03  1.61013e-02
 4.06284e-03  1.62374e-02
 3.91183e-03  1.62269e-02

 4.97135e-03  1.59450e-02
 4.38783e-03  1.59527e-02
 4.51791e-03  1.58753e-02
 4.51991e-03  1.60266e-02
 4.38783e-03  1.59527e-02

 5.45365e-03  1.59450e-02
 4.87656e-03  1.56839e-02
 5.02719e-03  1.56690e-02
 4.96479e-03  1.58069e-02
 4.87656e-03  1.56839e-02

 5.93594e-03  1.59450e-02
 5.37725e-03  1.54260e-02
 5.52480e-03  1.54597e-02
 5.42178e-03  1.55706e-02
 5.37725e-03  1.54260e-02

 6.41823e-03  1.59450e-02
 5.88887e-03  1.51848e-02
 6.02589e-03  1.52492e-02
 5.90167e-03  1.53357e-02
 5.88887e-03  1.51848e-02

 6.90052e-03  1.59450e-02
 6.41047e-03  1.49671e-02
 6.53686e-03  1.50504e-02
 6.40154e-03  1.51182e-02
 6.41047e-03  1.49671e-02

 7.38281e-03  1.59450e-02
 6.94065e-03  1.47801e-02
 7.05792e-03  1.48758e-02
 6.91641e-03  1.49295e-02
 6.94065e-03  1.47801e-02

 7.86510e-03  1.59450e-02
 7.47868e-03  1.46326e-02
 7.58831e-03  1.47369e-02
 7.44310e-03  1.47797e-02
 7.47868e-03  1.46326e-02

 8.34740e-03  1.59450e-02
 8.02206e-03  1.45338e-02
 8.12526e-03  1.46445e-02
 7.97776e-03  1.46785e-02
 8.02206e-03  1.45338e-02

 8.82969e-03  1.59450e-02
 8.57136e-03  1.44959e-02
 8.66887e-03  1.46117e-02
 8.51985e-03  1.46382e-02
 8.57136e-03  1.44959e-02

 9.31198e-03  1.59450e-02
 9.11938e-03  1.45290e-02
 9.21204e-03  1.46487e-02
 9.06205e-03  1.46691e-02
 9.11938e-03  1.45290e-02

 9.79427e-03  1.59450e-02
 9.67338e-03  1.46525e-02
 9.76094e-03  1.47759e-02
 9.61023e-03  1.47900e-02
 9.67338e-03  1.46525e-02

 1.02766e-02  1.59450e-02
 1.02072e-02  1.48728e-02
 1.02912e-02  1.49987e-02
 1.01401e-02  1.50085e-02
 1.02072e-02  1.48728e-02

 1.07589e-02  1.59450e-02
 1.07589e-02  1.52307e-02
 1.08345e-02  1.53618e-02
 1.06832e-02  1.53618e-02
 1.07589e-02  1.52307e-02

 4.03698e-03  1.65150e-02
 3.81184e-03  1.70784e-02
 3.79020e-03  1.69286e-02
 3.93076e-03  1.69848e-02
 3.81184e-03  1.70784e-02

 4.51719e-03  1.65150e-02
 4.28378e-03  1.67939e-02
 4.30987e-03  1.66448e-02
 4.42595e-03  1.67419e-02
 4.28378e-03  1.67939e-02

 4.99740e-03  1.65150e-02
 4.76141e-03  1.65100e-02
 4.89407e-03  1.64371e-02
 4.89086e-03  1.65884e-02
 4.76141e-03  1.65100e-02

 5.47760e-03  1.65150e-02
 5.24426e-03  1.62323e-02
 5.38607e-03  1.62852e-02
 5.26934e-03  1.63816e-02
 5.24426e-03  1.62323e-02

 5.95781e-03  1.65150e-02
 5.73175e-03  1.59665e-02
 5.85167e-03  1.60588e-02
 5.71173e-03  1.61165e-02
 5.73175e-03  1.59665e-02

 6.43802e-03  1.65150e-02
 6.22325e-03  1.57184e-02
 6.33044e-03  1.58252e-02
 6.18429e-03  1.58646e-02
 6.22325e-03  1.57184e-02

 6.91823e-03  1.65150e-02
 6.71819e-03  1.54946e-02
 6.81768e-03  1.56087e-02
 6.66914e-03  1.56378e-02
 6.71819e-03  1.54946e-02

 7.39844e-03  1.65150e-02
 7.21602e-03  1.53026e-02
 7.31036e-03  1.54210e-02
 7.16068e-03  1.54435e-02
 7.21602e-03  1.53026e-02

 7.87865e-03  1.65150e-02
 7.71662e-03  1.51510e-02
 7.80724e-03  1.52722e-02
 7.65693e-03  1.52901e-02
 7.71662e-03  1.51510e-02

 8.35885e-03  1.65150e-02
 8.21937e-03  1.50489e-02
 8.30713e-03  1.51722e-02
 8.15644e-03  1.51865e-02
 8.21937e-03  1.50489e-02

 8.83906e-03  1.65150e-02
 8.72509e-03  1.50089e-02
 8.81045e-03  1.51339e-02
 8.65951e-03  1.51453e-02
 8.72509e-03  1.50089e-02

 9.31927e-03  1.65150e-02
 9.23130e-03  1.50413e-02
 9.31466e-03  1.51676e-02
 9.16356e-03  1.51767e-02
 9.23130e-03  1.50413e-02

 9.79948e-03  1.65150e-02
 9.74204e-03  1.51673e-02
 9.82324e-03  1.52951e-02
 9.67201e-03  1.53015e-02
 9.74204e-03  1.51673e-02

 1.02797e-02  1.65150e-02
 1.02453e-02  1.53931e-02
 1.03249e-02  1.55218e-02
 1.01736e-02  1.55265e-02
 1.02453e-02  1.53931e-02

 1.07599e-02  1.65150e-02
 1.07599e-02  1.57655e-02
 1.08356e-02  1.58966e-02
 1.06842e-02  1.58966e-02
 1.07599e-02  1.57655e-02

 4.06719e-03  1.70850e-02
 4.18951e-03  1.76364e-02
 4.08724e-03  1.75249e-02
 4.23501e-03  1.74921e-02
 4.18951e-03  1.76364e-02

 4.54531e-03  1.70850e-02
 4.67126e-03  1.73509e-02
 4.54675e-03  1.72648e-02
 4.68354e-03  1.72000e-02
 4.67126e-03  1.73509e-02

 5.02344e-03  1.70850e-02
 5.15097e-03  1.70665e-02
 5.03210e-03  1.71602e-02
 5.01038e-03  1.70104e-02
 5.15097e-03  1.70665e-02

 5.50156e-03  1.70850e-02
 5.62823e-03  1.67890e-02
 5.64624e-03  1.69393e-02
 5.50708e-03  1.68798e-02
 5.62823e-03  1.67890e-02

 5.97969e-03  1.70850e-02
 6.10267e-03  1.65240e-02
 6.14852e-03  1.66683e-02
 6.00067e-03  1.66359e-02
 6.10267e-03  1.65240e-02

 6.45781e-03  1.70850e-02
 6.57396e-03  1.62773e-02
 6.63022e-03  1.64178e-02
 6.48039e-03  1.63963e-02
 6.57396e-03  1.62773e-02

 6.93594e-03  1.70850e-02
 7.04197e-03  1.60553e-02
 7.10383e-03  1.61934e-02
 6.95326e-03  1.61779e-02
 7.04197e-03  1.60553e-02

 7.41406e-03  1.70850e-02
 7.50694e-03  1.58648e-02
 7.57246e-03  1.60013e-02
 7.42153e-03  1.59898e-02
 7.50694e-03  1.58648e-02

 7.89219e-03  1.70850e-02
 7.96929e-03  1.57144e-02
 8.03749e-03  1.58496e-02
 7.88637e-03  1.58411e-02
 7.96929e-03  1.57144e-02

 8.37031e-03  1.70850e-02
 8.43025e-03  1.56128e-02
 8.50054e-03  1.57469e-02
 8.34929e-03  1.57407e-02
 8.43025e-03  1.56128e-02

 8.84844e-03  1.70850e-02
 8.89070e-03  1.55725e-02
 8.96269e-03  1.57056e-02
 8.81138e-03  1.57014e-02
 8.89070e-03  1.55725e-02

 9.32656e-03  1.70850e-02
 9.35305e-03  1.56033e-02
 9.42638e-03  1.57357e-02
 9.27504e-03  1.57330e-02
 9.35305e-03  1.56033e-02

 9.80469e-03  1.70850e-02
 9.81756e-03  1.57275e-02
 9.89200e-03  1.58593e-02
 9.74064e-03  1.58579e-02
 9.81756e-03  1.57275e-02

 1.02828e-02  1.70850e-02
 1.02877e-02  1.59511e-02
 1.03628e-02  1.60825e-02
 1.02115e-02  1.60819e-02
 1.02877e-02  1.59511e-02

 1.07609e-02  1.70850e-02
 1.07609e-02  1.63251e-02
 1.08366e-02  1.64561e-02
 1.06853e-02  1.64561e-02
 1.07609e-02  1.63251e-02

 4.09740e-03  1.76550e-02
 4.56746e-03  1.81752e-02
 4.42342e-03  1.81287e-02
 4.53573e-03  1.80272e-02
 4.56746e-03  1.81752e-02

 4.57344e-03  1.76550e-02
 5.05902e-03  1.78980e-02
 4.90792e-03  1.79070e-02
 4.97565e-03  1.77716e-02
 5.05902e-03  1.78980e-02

 5.04948e-03  1.76550e-02
 5.54093e-03  1.76225e-02
 5.41513e-03  1.77067e-02
 5.40513e-03  1.75556e-02
 5.54093e-03  1.76225e-02

 5.52552e-03  1.76550e-02
 6.01284e-03  1.73543e-02
 5.94102e-03  1.74876e-02
 5.86154e-03  1.73588e-02
 6.01284e-03  1.73543e-02

 6.00156e-03  1.76550e-02
 6.47454e-03  1.70990e-02
 6.44724e-03  1.72479e-02
 6.33195e-03  1.71498e-02
 6.47454e-03  1.70990e-02

 6.47760e-03  1.76550e-02
 6.92608e-03  1.68621e-02
 6.92742e-03  1.70134e-02
 6.79567e-03  1.69389e-02
 6.92608e-03  1.68621e-02

 6.95365e-03  1.76550e-02
 7.36769e-03  1.66494e-02
 7.38776e-03  1.67994e-02
 7.24780e-03  1.67418e-02
 7.36769e-03  1.66494e-02

 7.42969e-03  1.76550e-02
 7.80039e-03  1.64674e-02
 7.83358e-03  1.66151e-02
 7.68909e-03  1.65700e-02
 7.80039e-03  1.64674e-02

 7.90573e-03  1.76550e-02
 8.22512e-03  1.63238e-02
 8.26813e-03  1.64689e-02
 8.12094e-03  1.64336e-02
 8.22512e-03  1.63238e-02

 8.38177e-03  1.76550e-02
 8.64484e-03  1.62267e-02
 8.69553e-03  1.63693e-02
 8.54666e-03  1.63419e-02
 8.64484e-03  1.62267e-02

 8.85781e-03  1.76550e-02
 9.06033e-03  1.61880e-02
 9.11738e-03  1.63282e-02
 8.96743e-03  1.63075e-02
 9.06033e-03  1.61880e-02

 9.33385e-03  1.76550e-02
 9.47883e-03  1.62170e-02
 9.54099e-03  1.63550e-02
 9.39038e-03  1.63398e-02
 9.47883e-03  1.62170e-02

 9.80990e-03  1.76550e-02
 9.89639e-03  1.63357e-02
 9.96333e-03  1.64714e-02
 9.81229e-03  1.64615e-02
 9.89639e-03  1.63357e-02

 1.02859e-02  1.76550e-02
 1.03326e-02  1.65499e-02
 1.04027e-02  1.66840e-02
 1.02515e-02  1.66776e-02
 1.03326e-02  1.65499e-02

 1.07620e-02  1.76550e-02
 1.07620e-02  1.69118e-02
 1.08377e-02  1.70429e-02
 1.06863e-02  1.70429e-02
 1.07620e-02  1.69118e-02

 4.12760e-03  1.82250e-02
 4.93091e-03  1.86955e-02
 4.77954e-03  1.86946e-02
 4.85605e-03  1.85640e-02
 4.93091e-03  1.86955e-02

 4.60156e-03  1.82250e-02
 5.43136e-03  1.84354e-02
 5.28569e-03  1.84765e-02
 5.32289e-03  1.83298e-02
 5.43136e-03  1.84354e-02

 5.07552e-03  1.82250e-02
 5.91493e-03  1.81776e-02
 5.78831e-03  1.82606e-02
 5.77978e-03  1.81094e-02
 5.91493e-03  1.81776e-02

 5.54948e-03  1.82250e-02
 6.38124e-03  1.79276e-02
 6.28329e-03  1.80430e-02
 6.23232e-03  1.79004e-02
 6.38124e-03  1.79276e-02

 6.02344e-03  1.82250e-02
 6.83045e-03  1.76904e-02
 6.76296e-03  1.78259e-02
 6.67937e-03  1.76997e-02
 6.83045e-03  1.76904e-02

 6.49740e-03  1.82250e-02
 7.26286e-03  1.74712e-02
 7.22257e-03  1.76171e-02
 7.11635e-03  1.75092e-02
 7.26286e-03  1.74712e-02

 6.97135e-03  1.82250e-02
 7.67919e-03  1.72752e-02
 7.66155e-03  1.74255e-02
 7.54017e-03  1.73351e-02
 7.67919e-03  1.72752e-02

 7.44531e-03  1.82250e-02
 8.08121e-03  1.71081e-02
 8.08212e-03  1.72594e-02
 7.95058e-03  1.71845e-02
 8.08121e-03  1.71081e-02

 7.91927e-03  1.82250e-02
 8.47028e-03  1.69768e-02
 8.48658e-03  1.71272e-02
 8.34811e-03  1.70661e-02
 8.47028e-03  1.69768e-02

 8.39323e-03  1.82250e-02
 8.85103e-03  1.68883e-02
 8.88016e-03  1.70368e-02
 8.73696e-03  1.69878e-02
 8.85103e-03  1.68883e-02

 8.86719e-03  1.82250e-02
 9.22402e-03  1.68535e-02
 9.26426e-03  1.69994e-02
 9.11777e-03  1.69613e-02
 9.22402e-03  1.68535e-02

 9.34115e-03  1.82250e-02
 9.60092e-03  1.68808e-02
 9.65036e-03  1.70239e-02
 9.50174e-03  1.69951e-02
 9.60092e-03  1.68808e-02

 9.81510e-03  1.82250e-02
 9.97353e-03  1.69908e-02
 1.00319e-02  1.71305e-02
 9.88177e-03  1.71112e-02
 9.97353e-03  1.69908e-02

 1.02891e-02  1.82250e-02
 1.03769e-02  1.71893e-02
 1.04412e-02  1.73263e-02
 1.02904e-02  1.73135e-02
 1.03769e-02  1.71893e-02

 1.07630e-02  1.82250e-02
 1.07630e-02  1.75259e-02
 1.08387e-02  1.76570e-02
 1.06873e-02  1.76570e-02
 1.07630e-02  1.75259e-02

 4.15781e-03  1.87950e-02
 5.26158e-03  1.91995e-02
 5.11246e-03  1.92255e-02
 5.16454e-03  1.90833e-02
 5.26158e-03  1.91995e-02

 4.62969e-03  1.87950e-02
 5.76872e-03  1.89653e-02
 5.62789e-03  1.90208e-02
 5.65027e-03  1.88711e-02
 5.76872e-03  1.89653e-02

 5.10156e-03  1.87950e-02
 6.25248e-03  1.87340e-02
 6.12558e-03  1.88165e-02
 6.11757e-03  1.86654e-02
 6.25248e-03  1.87340e-02

 5.57344e-03  1.87950e-02
 6.71270e-03  1.85106e-02
 6.60385e-03  1.86157e-02
 6.56718e-03  1.84689e-02
 6.71270e-03  1.85106e-02

 6.04531e-03  1.87950e-02
 7.14953e-03  1.82996e-02
 7.06091e-03  1.84224e-02
 6.99895e-03  1.82842e-02
 7.14953e-03  1.82996e-02

 6.51719e-03  1.87950e-02
 7.56389e-03  1.81057e-02
 7.49604e-03  1.82410e-02
 7.41278e-03  1.81145e-02
 7.56389e-03  1.81057e-02

 6.98906e-03  1.87950e-02
 7.95683e-03  1.79332e-02
 7.90926e-03  1.80769e-02
 7.80860e-03  1.79639e-02
 7.95683e-03  1.79332e-02

 7.46094e-03  1.87950e-02
 8.33099e-03  1.77869e-02
 8.30264e-03  1.79356e-02
 8.18805e-03  1.78367e-02
 8.33099e-03  1.77869e-02

 7.93281e-03  1.87950e-02
 8.68810e-03  1.76727e-02
 8.67770e-03  1.78237e-02
 8.55212e-03  1.77392e-02
 8.68810e-03  1.76727e-02

 8.40469e-03  1.87950e-02
 9.03426e-03  1.75965e-02
 9.04030e-03  1.77477e-02
 8.90630e-03  1.76773e-02
 9.03426e-03  1.75965e-02

 8.87656e-03  1.87950e-02
 9.36978e-03  1.75676e-02
 9.39113e-03  1.77174e-02
 9.25068e-03  1.76610e-02
 9.36978e-03  1.75676e-02

 9.34844e-03  1.87950e-02
 9.71007e-03  1.75935e-02
 9.74476e-03  1.77409e-02
 9.59981e-03  1.76972e-02
 9.71007e-03  1.75935e-02

 9.82031e-03  1.87950e-02
 1.00430e-02  1.76923e-02
 1.00913e-02  1.78358e-02
 9.94288e-03  1.78058e-02
 1.00430e-02  1.76923e-02

 1.02922e-02  1.87950e-02
 1.04172e-02  1.78695e-02
 1.04747e-02  1.80096e-02
 1.03247e-02  1.79893e-02
 1.04172e-02  1.78695e-02

 1.07641e-02  1.87950e-02
 1.07641e-02  1.81682e-02
 1.08397e-02  1.82993e-02
 1.06884e-02  1.82993e-02
 1.07641e-02  1.81682e-02

 4.18802e-03  1.93650e-02
 5.54071e-03  1.96915e-02
 5.39553e-03  1.97343e-02
 5.43104e-03  1.95871e-02
 5.54071e-03  1.96915e-02

 4.65781e-03  1.93650e-02
 6.05107e-03  1.94899e-02
 5.91375e-03  1.95536e-02
 5.92727e-03  1.94028e-02
 6.05107e-03  1.94899e-02

 5.12760e-03  1.93650e-02
 6.53267e-03  1.92918e-02
 6.40569e-03  1.93742e-02
 6.39782e-03  1.92231e-02
 6.53267e-03  1.92918e-02

 5.59740e-03  1.93650e-02
 6.98543e-03  1.91015e-02
 6.87076e-03  1.92003e-02
 6.84253e-03  1.90516e-02
 6.98543e-03  1.91015e-02

 6.06719e-03  1.93650e-02
 7.40996e-03  1.89230e-02
 7.30911e-03  1.90359e-02
 7.26178e-03  1.88921e-02
 7.40996e-03  1.89230e-02

 6.53698e-03  1.93650e-02
 7.80763e-03  1.87598e-02
 7.72182e-03  1.88845e-02
 7.65674e-03  1.87478e-02
 7.80763e-03  1.87598e-02

 7.00677e-03  1.93650e-02
 8.17994e-03  1.86157e-02
 8.11020e-03  1.87501e-02
 8.02873e-03  1.86225e-02
 8.17994e-03  1.86157e-02

 7.47656e-03  1.93650e-02
 8.53030e-03  1.84944e-02
 8.47745e-03  1.86363e-02
 8.38104e-03  1.85196e-02
 8.53030e-03  1.84944e-02

 7.94635e-03  1.93650e-02
 8.86091e-03  1.84006e-02
 8.82562e-03  1.85478e-02
 8.71579e-03  1.84437e-02
 8.86091e-03  1.84006e-02

 8.41615e-03  1.93650e-02
 9.17896e-03  1.83391e-02
 9.16147e-03  1.84895e-02
 9.04001e-03  1.83991e-02
 9.17896e-03  1.83391e-02

 8.88594e-03  1.93650e-02
 9.48454e-03  1.83175e-02
 9.48521e-03  1.84688e-02
 9.35379e-03  1.83937e-02
 9.48454e-03  1.83175e-02

 9.35573e-03  1.93650e-02
 9.79589e-03  1.83422e-02
 9.81359e-03  1.84925e-02
 9.67455e-03  1.84327e-02
 9.79589e-03  1.83422e-02

 9.82552e-03  1.93650e-02
 1.00979e-02  1.84277e-02
 1.01340e-02  1.85747e-02
 9.98860e-03  1.85324e-02
 1.00979e-02  1.84277e-02

 1.02953e-02  1.93650e-02
 1.04490e-02  1.85798e-02
 1.04981e-02  1.87230e-02
 1.03495e-02  1.86939e-02
 1.04490e-02  1.85798e-02

 1.07651e-02  1.93650e-02
 1.07651e-02  1.88309e-02
 1.08408e-02  1.89620e-02
 1.06894e-02  1.89620e-02
 1.07651e-02  1.88309e-02

 4.21823e-03  1.99350e-02
 5.74045e-03  2.01772e-02
 5.59910e-03  2.02313e-02
 5.62288e-03  2.00818e-02
 5.74045e-03  2.01772e-02

 4.68594e-03  1.99350e-02
 6.24971e-03  2.00156e-02
 6.11490e-03  2.00844e-02
 6.12269e-03  1.99332e-02
 6.24971e-03  2.00156e-02

 5.15365e-03  1.99350e-02
 6.72642e-03  1.98576e-02
 6.59922e-03  1.99396e-02
 6.59177e-03  1.97884e-02
 6.72642e-03  1.98576e-02

 5.62135e-03  1.99350e-02
 7.17090e-03  1.97068e-02
 7.05223e-03  1.98008e-02
 7.03018e-03  1.96510e-02
 7.17090e-03  1.97068e-02

 6.08906e-03  1.99350e-02
 7.58411e-03  1.95663e-02
 7.47496e-03  1.96712e-02
 7.43872e-03  1.95242e-02
 7.58411e-03  1.95663e-02

 6.55677e-03  1.99350e-02
 7.96781e-03  1.94389e-02
 7.86925e-03  1.95538e-02
 7.81904e-03  1.94110e-02
 7.96781e-03  1.94389e-02

 7.02448e-03  1.99350e-02
 8.32427e-03  1.93272e-02
 8.23758e-03  1.94513e-02
 8.17346e-03  1.93142e-02
 8.32427e-03  1.93272e-02

 7.49219e-03  1.99350e-02
 8.65726e-03  1.92341e-02
 8.58394e-03  1.93666e-02
 8.50592e-03  1.92368e-02
 8.65726e-03  1.92341e-02

 7.95990e-03  1.99350e-02
 8.96951e-03  1.91630e-02
 8.91136e-03  1.93027e-02
 8.81941e-03  1.91825e-02
 8.96951e-03  1.91630e-02

 8.42760e-03  1.99350e-02
 9.26883e-03  1.91175e-02
 9.22757e-03  1.92631e-02
 9.12207e-03  1.91546e-02
 9.26883e-03  1.91175e-02

 8.89531e-03  1.99350e-02
 9.55526e-03  1.91034e-02
 9.53306e-03  1.92531e-02
 9.41449e-03  1.91590e-02
 9.55526e-03  1.91034e-02

 9.36302e-03  1.99350e-02
 9.84859e-03  1.91263e-02
 9.84599e-03  1.92777e-02
 9.71622e-03  1.91997e-02
 9.84859e-03  1.91263e-02

 9.83073e-03  1.99350e-02
 1.01318e-02  1.91964e-02
 1.01524e-02  1.93463e-02
 1.00122e-02  1.92892e-02
 1.01318e-02  1.91964e-02

 1.02984e-02  1.99350e-02
 1.04690e-02  1.93201e-02
 1.05069e-02  1.94667e-02
 1.03611e-02  1.94262e-02
 1.04690e-02  1.93201e-02

 1.07661e-02  1.99350e-02
 1.07661e-02  1.95152e-02
 1.08418e-02  1.96463e-02
 1.06905e-02  1.96463e-02
 1.07661e-02  1.95152e-02

 4.24844e-03  2.05050e-02
 5.83885e-03  2.06644e-02
 5.70087e-03  2.07266e-02
 5.71596e-03  2.05760e-02
 5.83885e-03  2.06644e-02

 4.71406e-03  2.05050e-02
 6.34171e-03  2.05439e-02
 6.20885e-03  2.06164e-02
 6.21247e-03  2.04651e-02
 6.34171e-03  2.05439e-02

 5.17969e-03  2.05050e-02
 6.81051e-03  2.04269e-02
 6.68320e-03  2.05088e-02
 6.67596e-03  2.03576e-02
 6.81051e-03  2.04269e-02

 5.64531e-03  2.05050e-02
 7.24594e-03  2.03162e-02
 7.12462e-03  2.04067e-02
 7.10689e-03  2.02564e-02
 7.24594e-03  2.03162e-02

 6.11094e-03  2.05050e-02
 7.64943e-03  2.02140e-02
 7.53469e-03  2.03127e-02
 7.50656e-03  2.01640e-02
 7.64943e-03  2.02140e-02

 6.57656e-03  2.05050e-02
 8.02325e-03  2.01221e-02
 7.91589e-03  2.02288e-02
 7.87716e-03  2.00825e-02
 8.02325e-03  2.01221e-02

 7.04219e-03  2.05050e-02
 8.37005e-03  2.00424e-02
 8.27117e-03  2.01570e-02
 8.22136e-03  2.00140e-02
 8.37005e-03  2.00424e-02

 7.50781e-03  2.05050e-02
 8.69392e-03  1.99766e-02
 8.60498e-03  2.00991e-02
 8.54338e-03  1.99608e-02
 8.69392e-03  1.99766e-02

 7.97344e-03  2.05050e-02
 8.99781e-03  1.99271e-02
 8.92083e-03  2.00575e-02
 8.84645e-03  1.99256e-02
 8.99781e-03  1.99271e-02

 8.43906e-03  2.05050e-02
 9.28974e-03  1.98967e-02
 9.22714e-03  2.00345e-02
 9.13909e-03  1.99114e-02
 9.28974e-03  1.98967e-02

 8.90469e-03  2.05050e-02
 9.56998e-03  1.98892e-02
 9.52518e-03  2.00338e-02
 9.42236e-03  1.99227e-02
 9.56998e-03  1.98892e-02

 9.37031e-03  2.05050e-02
 9.85825e-03  1.99095e-02
 9.83371e-03  2.00588e-02
 9.71663e-03  1.99629e-02
 9.85825e-03  1.99095e-02

 9.83594e-03  2.05050e-02
 1.01376e-02  1.99633e-02
 1.01399e-02  2.01146e-02
 1.00077e-02  2.00410e-02
 1.01376e-02  1.99633e-02

 1.03016e-02  2.05050e-02
 1.04718e-02  2.00579e-02
 1.04959e-02  2.02073e-02
 1.03545e-02  2.01534e-02
 1.04718e-02  2.00579e-02

 1.07672e-02  2.05050e-02
 1.07672e-02  2.01966e-02
 1.08429e-02  2.03277e-02
 1.06915e-02  2.03277e-02
 1.07672e-02  2.01966e-02

 4.27865e-03  2.10750e-02
 5.79095e-03  2.11619e-02
 5.65574e-03  2.12299e-02
 5.66442e-03  2.10788e-02
 5.79095e-03  2.11619e-02

 4.74219e-03  2.10750e-02
 6.28341e-03  2.10876e-02
 6.15170e-03  2.11622e-02
 6.15294e-03  2.10108e-02
 6.28341e-03  2.10876e-02

 5.20573e-03  2.10750e-02
 6.74354e-03  2.10161e-02
 6.61545e-03  2.10968e-02
 6.60965e-03  2.09455e-02
 6.74354e-03  2.10161e-02

 5.66927e-03  2.10750e-02
 7.17227e-03  2.09490e-02
 7.04796e-03  2.10354e-02
 7.03532e-03  2.08846e-02
 7.17227e-03  2.09490e-02

 6.13281e-03  2.10750e-02
 7.57148e-03  2.08876e-02
 7.45127e-03  2.09796e-02
 7.43171e-03  2.08295e-02
 7.57148e-03  2.08876e-02

 6.59635e-03  2.10750e-02
 7.94375e-03  2.08329e-02
 7.82811e-03  2.09306e-02
 7.80134e-03  2.07816e-02
 7.94375e-03  2.08329e-02

 7.05990e-03  2.10750e-02
 8.29157e-03  2.07858e-02
 8.18125e-03  2.08895e-02
 8.14665e-03  2.07421e-02
 8.29157e-03  2.07858e-02

 7.52344e-03  2.10750e-02
 8.61933e-03  2.07474e-02
 8.51541e-03  2.08575e-02
 8.47206e-03  2.07124e-02
 8.61933e-03  2.07474e-02

 7.98698e-03  2.10750e-02
 8.92969e-03  2.07189e-02
 8.83381e-03  2.08360e-02
 8.78032e-03  2.06944e-02
 8.92969e-03  2.07189e-02

 8.45052e-03  2.10750e-02
 9.23036e-03  2.07021e-02
 9.14475e-03  2.08269e-02
 9.07945e-03  2.06904e-02
 9.23036e-03  2.07021e-02

 8.91406e-03  2.10750e-02
 9.52132e-03  2.06993e-02
 9.44965e-03  2.08327e-02
 9.37002e-03  2.07039e-02
 9.52132e-03  2.06993e-02

 9.37760e-03  2.10750e-02
 9.82116e-03  2.07143e-02
 9.76720e-03  2.08558e-02
 9.67171e-03  2.07383e-02
 9.82116e-03  2.07143e-02

 9.84115e-03  2.10750e-02
 1.01141e-02  2.07494e-02
 1.00878e-02  2.08985e-02
 9.97185e-03  2.08013e-02
 1.01141e-02  2.07494e-02

 1.03047e-02  2.10750e-02
 1.04591e-02  2.08124e-02
 1.04579e-02  2.09637e-02
 1.03274e-02  2.08870e-02
 1.04591e-02  2.08124e-02

 1.07682e-02  2.10750e-02
 1.07682e-02  2.08926e-02
 1.08439e-02  2.10237e-02
 1.06925e-02  2.10237e-02
 1.07682e-02  2.08926e-02

 4.30885e-03  2.16450e-02
 5.58654e-03  2.16748e-02
 5.45372e-03  2.17474e-02
 5.45726e-03  2.15961e-02
 5.58654e-03  2.16748e-02

 4.77031e-03  2.16450e-02
 6.06488e-03  2.16342e-02
 5.93443e-03  2.17109e-02
 5.93316e-03  2.15596e-02
 6.06488e-03  2.16342e-02

 5.23177e-03  2.16450e-02
 6.51612e-03  2.15954e-02
 6.38805e-03  2.16761e-02
 6.38221e-03  2.15248e-02
 6.51612e-03  2.15954e-02

 5.69323e-03  2.16450e-02
 6.94140e-03  2.15594e-02
 6.81580e-03  2.16439e-02
 6.80544e-03  2.14929e-02
 6.94140e-03  2.15594e-02

 6.15469e-03  2.16450e-02
 7.34277e-03  2.15269e-02
 7.21981e-03  2.16152e-02
 7.20483e-03  2.14645e-02
 7.34277e-03  2.15269e-02

 6.61615e-03  2.16450e-02
 7.72264e-03  2.14982e-02
 7.60264e-03  2.15905e-02
 7.58274e-03  2.14404e-02
 7.72264e-03  2.14982e-02

 7.07760e-03  2.16450e-02
 8.08329e-03  2.14739e-02
 7.96675e-03  2.15705e-02
 7.94136e-03  2.14213e-02
 8.08329e-03  2.14739e-02

 7.53906e-03  2.16450e-02
 8.42842e-03  2.14544e-02
 8.31610e-03  2.15559e-02
 8.28438e-03  2.14079e-02
 8.42842e-03  2.14544e-02

 8.00052e-03  2.16450e-02
 8.76031e-03  2.14402e-02
 8.65343e-03  2.15474e-02
 8.61404e-03  2.14013e-02
 8.76031e-03  2.14402e-02

 8.46198e-03  2.16450e-02
 9.08537e-03  2.14326e-02
 8.98570e-03  2.15465e-02
 8.93688e-03  2.14032e-02
 9.08537e-03  2.14326e-02

 8.92344e-03  2.16450e-02
 9.40345e-03  2.14322e-02
 9.31429e-03  2.15545e-02
 9.25294e-03  2.14161e-02
 9.40345e-03  2.14322e-02

 9.38490e-03  2.16450e-02
 9.73065e-03  2.14420e-02
 9.65592e-03  2.15736e-02
 9.57929e-03  2.14431e-02
 9.73065e-03  2.14420e-02

 9.84635e-03  2.16450e-02
 1.00539e-02  2.14612e-02
 1.00060e-02  2.16048e-02
 9.90563e-03  2.14915e-02
 1.00539e-02  2.14612e-02

 1.03078e-02  2.16450e-02
 1.04226e-02  2.14983e-02
 1.04014e-02  2.16482e-02
 1.02822e-02  2.15549e-02
 1.04226e-02  2.14983e-02

 1.07693e-02  2.16450e-02
 1.07693e-02  2.15370e-02
 1.08450e-02  2.16681e-02
 1.06936e-02  2.16681e-02
 1.07693e-02  2.15370e-02

 4.33906e-03  2.22150e-02
 5.14070e-03  2.22150e-02
 5.00961e-03  2.22907e-02
 5.00961e-03  2.21393e-02
 5.14070e-03  2.22150e-02

 4.79844e-03  2.22150e-02
 5.60727e-03  2.22150e-02
 5.47618e-03  2.22907e-02
 5.47618e-03  2.21393e-02
 5.60727e-03  2.22150e-02

 5.25781e-03  2.22150e-02
 6.05695e-03  2.22150e-02
 5.92587e-03  2.22907e-02
 5.92587e-03  2.21393e-02
 6.05695e-03  2.22150e-02

 5.71719e-03  2.22150e-02
 6.49082e-03  2.22150e-02
 6.35974e-03  2.22907e-02
 6.35974e-03  2.21393e-02
 6.49082e-03  2.22150e-02

 6.17656e-03  2.22150e-02
 6.91022e-03  2.22150e-02
 6.77913e-03  2.22907e-02
 6.77913e-03  2.21393e-02
 6.91022e-03  2.22150e-02

 6.63594e-03  2.22150e-02
 7.31682e-03  2.22150e-02
 7.18573e-03  2.22907e-02
 7.18573e-03  2.21393e-02
 7.31682e-03  2.22150e-02

 7.09531e-03  2.22150e-02
 7.71217e-03  2.22150e-02
 7.58108e-03  2.22907e-02
 7.58108e-03  2.21393e-02
 7.71217e-03  2.22150e-02

 7.55469e-03  2.22150e-02
 8.09865e-03  2.22150e-02
 7.96757e-03  2.22907e-02
 7.96757e-03  2.21393e-02
 8.09865e-03  2.22150e-02

 8.01406e-03  2.22150e-02
 8.47757e-03  2.22150e-02
 8.34648e-03  2.22907e-02
 8.34648e-03  2.21393e-02
 8.47757e-03  2.22150e-02

 8.47344e-03  2.22150e-02
 8.85315e-03  2.22150e-02
 8.72206e-03  2.22907e-02
 8.72206e-03  2.21393e-02
 8.85315e-03  2.22150e-02

 8.93281e-03  2.22150e-02
 9.22478e-03  2.22150e-02
 9.09370e-03  2.22907e-02
 9.09370e-03  2.21393e-02
 9.22478e-03  2.22150e-02

 9.39219e-03  2.22150e-02
 9.60319e-03  2.22150e-02
 9.47210e-03  2.22907e-02
 9.47210e-03  2.21393e-02
 9.60319e-03  2.22150e-02

 9.85156e-03  2.22150e-02
 9.97839e-03  2.22150e-02
 9.84730e-03  2.22907e-02
 9.84730e-03  2.21393e-02
 9.97839e-03  2.22150e-02

 1.03109e-02  2.22150e-02
 1.03835e-02  2.22150e-02
 1.02524e-02  2.22907e-02
 1.02524e-02  2.21393e-02
 1.03835e-02  2.22150e-02

 1.07703e-02  2.22150e-02
 1.07703e-02  2.22150e-02
 1.06946e-02  2.20839e-02
 1.08460e-02  2.20839e-02
 1.07703e-02  2.22150e-02

