#[ Fluid velocity 2D plot data file: flw.dat ]
 1.95313e-04  1.13850e-02
 1.95313e-04  1.13850e-02
 6.42249e-05  1.14607e-02
 6.42249e-05  1.13093e-02
 1.95313e-04  1.13850e-02

 5.85937e-04  1.13850e-02
 4.44281e-04  1.13850e-02
 5.75368e-04  1.13093e-02
 5.75368e-04  1.14607e-02
 4.44281e-04  1.13850e-02

 9.76562e-04  1.13850e-02
 7.92780e-04  1.13850e-02
 9.23868e-04  1.13093e-02
 9.23868e-04  1.14607e-02
 7.92780e-04  1.13850e-02

 1.36719e-03  1.13850e-02
 1.09710e-03  1.13850e-02
 1.22819e-03  1.13093e-02
 1.22819e-03  1.14607e-02
 1.09710e-03  1.13850e-02

 1.75781e-03  1.13850e-02
 1.42633e-03  1.13850e-02
 1.55741e-03  1.13093e-02
 1.55741e-03  1.14607e-02
 1.42633e-03  1.13850e-02

 2.14844e-03  1.13850e-02
 1.75015e-03  1.13850e-02
 1.88123e-03  1.13093e-02
 1.88123e-03  1.14607e-02
 1.75015e-03  1.13850e-02

 2.53906e-03  1.13850e-02
 2.08324e-03  1.13850e-02
 2.21433e-03  1.13093e-02
 2.21433e-03  1.14607e-02
 2.08324e-03  1.13850e-02

 2.92969e-03  1.13850e-02
 2.42050e-03  1.13850e-02
 2.55158e-03  1.13093e-02
 2.55158e-03  1.14607e-02
 2.42050e-03  1.13850e-02

 3.32031e-03  1.13850e-02
 2.76529e-03  1.13850e-02
 2.89638e-03  1.13093e-02
 2.89638e-03  1.14607e-02
 2.76529e-03  1.13850e-02

 1.97049e-04  1.19550e-02
 1.97049e-04  1.21940e-02
 1.21365e-04  1.20629e-02
 2.72732e-04  1.20629e-02
 1.97049e-04  1.21940e-02

 5.91146e-04  1.19550e-02
 3.73140e-04  1.21720e-02
 4.12647e-04  1.20259e-02
 5.19437e-04  1.21332e-02
 3.73140e-04  1.21720e-02

 9.85243e-04  1.19550e-02
 6.92113e-04  1.21687e-02
 7.53467e-04  1.20303e-02
 8.42627e-04  1.21526e-02
 6.92113e-04  1.21687e-02

 1.37934e-03  1.19550e-02
 9.49148e-04  1.21584e-02
 1.03530e-03  1.20340e-02
 1.10001e-03  1.21708e-02
 9.49148e-04  1.21584e-02

 1.77344e-03  1.19550e-02
 1.24241e-03  1.21487e-02
 1.33963e-03  1.20327e-02
 1.39150e-03  1.21749e-02
 1.24241e-03  1.21487e-02

 2.16753e-03  1.19550e-02
 1.52962e-03  1.21353e-02
 1.63518e-03  1.20269e-02
 1.67635e-03  1.21725e-02
 1.52962e-03  1.21353e-02

 2.56163e-03  1.19550e-02
 1.83178e-03  1.21199e-02
 1.94296e-03  1.20172e-02
 1.97632e-03  1.21649e-02
 1.83178e-03  1.21199e-02

 2.95573e-03  1.19550e-02
 2.14175e-03  1.21020e-02
 2.25731e-03  1.20042e-02
 2.28420e-03  1.21531e-02
 2.14175e-03  1.21020e-02

 3.34983e-03  1.19550e-02
 2.46456e-03  1.20820e-02
 2.58357e-03  1.19884e-02
 2.60506e-03  1.21383e-02
 2.46456e-03  1.20820e-02

 1.98785e-04  1.25250e-02
 1.98785e-04  1.29264e-02
 1.23101e-04  1.27953e-02
 2.74468e-04  1.27953e-02
 1.98785e-04  1.29264e-02

 5.96354e-04  1.25250e-02
 3.40529e-04  1.29116e-02
 3.49748e-04  1.27605e-02
 4.75983e-04  1.28441e-02
 3.40529e-04  1.29116e-02

 9.93924e-04  1.25250e-02
 6.40777e-04  1.29006e-02
 6.75425e-04  1.27533e-02
 7.85708e-04  1.28570e-02
 6.40777e-04  1.29006e-02

 1.39149e-03  1.25250e-02
 8.71987e-04  1.28840e-02
 9.36812e-04  1.27472e-02
 1.02286e-03  1.28717e-02
 8.71987e-04  1.28840e-02

 1.78906e-03  1.25250e-02
 1.14508e-03  1.28632e-02
 1.22595e-03  1.27353e-02
 1.29633e-03  1.28693e-02
 1.14508e-03  1.28632e-02

 2.18663e-03  1.25250e-02
 1.41307e-03  1.28373e-02
 1.50630e-03  1.27180e-02
 1.56296e-03  1.28584e-02
 1.41307e-03  1.28373e-02

 2.58420e-03  1.25250e-02
 1.69976e-03  1.28067e-02
 1.80170e-03  1.26948e-02
 1.84764e-03  1.28390e-02
 1.69976e-03  1.28067e-02

 2.98177e-03  1.25250e-02
 1.99720e-03  1.27718e-02
 2.10596e-03  1.26665e-02
 2.14276e-03  1.28133e-02
 1.99720e-03  1.27718e-02

 3.37934e-03  1.25250e-02
 2.31122e-03  1.27332e-02
 2.42541e-03  1.26338e-02
 2.45436e-03  1.27824e-02
 2.31122e-03  1.27332e-02

 2.00521e-04  1.30950e-02
 2.00521e-04  1.37387e-02
 1.24837e-04  1.36076e-02
 2.76204e-04  1.36076e-02
 2.00521e-04  1.37387e-02

 6.01563e-04  1.30950e-02
 3.28300e-04  1.37309e-02
 3.10517e-04  1.35806e-02
 4.49588e-04  1.36404e-02
 3.28300e-04  1.37309e-02

 1.00260e-03  1.30950e-02
 6.23271e-04  1.37116e-02
 6.27500e-04  1.35603e-02
 7.56422e-04  1.36396e-02
 6.23271e-04  1.37116e-02

 1.40365e-03  1.30950e-02
 8.44496e-04  1.36850e-02
 8.79732e-04  1.35378e-02
 9.89601e-04  1.36419e-02
 8.44496e-04  1.36850e-02

 1.80469e-03  1.30950e-02
 1.11065e-03  1.36485e-02
 1.16595e-03  1.35076e-02
 1.26033e-03  1.36260e-02
 1.11065e-03  1.36485e-02

 2.20573e-03  1.30950e-02
 1.37200e-03  1.36039e-02
 1.44446e-03  1.34710e-02
 1.52332e-03  1.36002e-02
 1.37200e-03  1.36039e-02

 2.60677e-03  1.30950e-02
 1.65422e-03  1.35511e-02
 1.73977e-03  1.34262e-02
 1.80514e-03  1.35628e-02
 1.65422e-03  1.35511e-02

 3.00781e-03  1.30950e-02
 1.94885e-03  1.34915e-02
 2.04508e-03  1.33746e-02
 2.09815e-03  1.35164e-02
 1.94885e-03  1.34915e-02

 3.40885e-03  1.30950e-02
 2.26210e-03  1.34259e-02
 2.36707e-03  1.33168e-02
 2.40903e-03  1.34622e-02
 2.26210e-03  1.34259e-02

 2.02257e-04  1.36650e-02
 2.02257e-04  1.45211e-02
 1.26573e-04  1.43900e-02
 2.77940e-04  1.43900e-02
 2.02257e-04  1.45211e-02

 6.06771e-04  1.36650e-02
 3.38670e-04  1.45235e-02
 3.05504e-04  1.43758e-02
 4.49989e-04  1.44209e-02
 3.38670e-04  1.45235e-02

 1.01128e-03  1.36650e-02
 6.38566e-04  1.44968e-02
 6.23100e-04  1.43463e-02
 7.61235e-04  1.44082e-02
 6.38566e-04  1.44968e-02

 1.41580e-03  1.36650e-02
 8.65338e-04  1.44616e-02
 8.77592e-04  1.43108e-02
 1.00212e-03  1.43968e-02
 8.65338e-04  1.44616e-02

 1.82031e-03  1.36650e-02
 1.13672e-03  1.44097e-02
 1.16961e-03  1.42620e-02
 1.28112e-03  1.43643e-02
 1.13672e-03  1.44097e-02

 2.22483e-03  1.36650e-02
 1.40359e-03  1.43466e-02
 1.45612e-03  1.42047e-02
 1.55279e-03  1.43211e-02
 1.40359e-03  1.43466e-02

 2.62934e-03  1.36650e-02
 1.69162e-03  1.42719e-02
 1.76055e-03  1.41371e-02
 1.84279e-03  1.42642e-02
 1.69162e-03  1.42719e-02

 3.03385e-03  1.36650e-02
 1.99253e-03  1.41879e-02
 2.07571e-03  1.40615e-02
 2.14364e-03  1.41967e-02
 1.99253e-03  1.41879e-02

 3.43837e-03  1.36650e-02
 2.31243e-03  1.40960e-02
 2.40780e-03  1.39784e-02
 2.46191e-03  1.41198e-02
 2.31243e-03  1.40960e-02

 2.03993e-04  1.42350e-02
 2.03993e-04  1.53054e-02
 1.28310e-04  1.51743e-02
 2.79677e-04  1.51743e-02
 2.03993e-04  1.53054e-02

 6.11979e-04  1.42350e-02
 3.66545e-04  1.53170e-02
 3.21734e-04  1.51725e-02
 4.69351e-04  1.52059e-02
 3.66545e-04  1.53170e-02

 1.01997e-03  1.42350e-02
 6.78981e-04  1.52836e-02
 6.47545e-04  1.51355e-02
 7.91493e-04  1.51823e-02
 6.78981e-04  1.52836e-02

 1.42795e-03  1.42350e-02
 9.23574e-04  1.52395e-02
 9.14758e-04  1.50884e-02
 1.05003e-03  1.51564e-02
 9.23574e-04  1.52395e-02

 1.83594e-03  1.42350e-02
 1.20947e-03  1.51720e-02
 1.21941e-03  1.50209e-02
 1.34524e-03  1.51051e-02
 1.20947e-03  1.51720e-02

 2.24392e-03  1.42350e-02
 1.49110e-03  1.50899e-02
 1.52093e-03  1.49415e-02
 1.63453e-03  1.50416e-02
 1.49110e-03  1.50899e-02

 2.65191e-03  1.42350e-02
 1.79268e-03  1.49926e-02
 1.84095e-03  1.48491e-02
 1.94105e-03  1.49627e-02
 1.79268e-03  1.49926e-02

 3.05990e-03  1.42350e-02
 2.10636e-03  1.48836e-02
 2.17219e-03  1.47473e-02
 2.25732e-03  1.48724e-02
 2.10636e-03  1.48836e-02

 3.46788e-03  1.42350e-02
 2.43791e-03  1.47645e-02
 2.51988e-03  1.46373e-02
 2.58909e-03  1.47719e-02
 2.43791e-03  1.47645e-02

 2.05729e-04  1.48050e-02
 2.05729e-04  1.60549e-02
 1.30046e-04  1.59238e-02
 2.81413e-04  1.59238e-02
 2.05729e-04  1.60549e-02

 6.17187e-04  1.48050e-02
 4.09792e-04  1.60746e-02
 3.56232e-04  1.59330e-02
 5.05619e-04  1.59574e-02
 4.09792e-04  1.60746e-02

 1.02865e-03  1.48050e-02
 7.40822e-04  1.60358e-02
 6.96977e-04  1.58909e-02
 8.44367e-04  1.59254e-02
 7.40822e-04  1.60358e-02

 1.44010e-03  1.48050e-02
 1.01360e-03  1.59841e-02
 9.87018e-04  1.58351e-02
 1.12936e-03  1.58865e-02
 1.01360e-03  1.59841e-02

 1.85156e-03  1.48050e-02
 1.32165e-03  1.59029e-02
 1.31047e-03  1.57519e-02
 1.44679e-03  1.58177e-02
 1.32165e-03  1.59029e-02

 2.26302e-03  1.48050e-02
 1.62589e-03  1.58039e-02
 1.63257e-03  1.56527e-02
 1.76019e-03  1.57341e-02
 1.62589e-03  1.58039e-02

 2.67448e-03  1.48050e-02
 1.94730e-03  1.56865e-02
 1.97233e-03  1.55372e-02
 2.08910e-03  1.56335e-02
 1.94730e-03  1.56865e-02

 3.08594e-03  1.48050e-02
 2.27915e-03  1.55552e-02
 2.32362e-03  1.54105e-02
 2.42669e-03  1.55213e-02
 2.27915e-03  1.55552e-02

 3.49740e-03  1.48050e-02
 2.62651e-03  1.54121e-02
 2.69077e-03  1.52750e-02
 2.77732e-03  1.53992e-02
 2.62651e-03  1.54121e-02

 2.07465e-04  1.53750e-02
 2.07465e-04  1.67717e-02
 1.31782e-04  1.66406e-02
 2.83149e-04  1.66406e-02
 2.07465e-04  1.67717e-02

 6.22396e-04  1.53750e-02
 4.64664e-04  1.67975e-02
 4.03889e-04  1.66588e-02
 5.54334e-04  1.66755e-02
 4.64664e-04  1.67975e-02

 1.03733e-03  1.53750e-02
 8.18601e-04  1.67546e-02
 7.64379e-04  1.66132e-02
 9.13878e-04  1.66369e-02
 8.18601e-04  1.67546e-02

 1.45226e-03  1.53750e-02
 1.12738e-03  1.66966e-02
 1.08518e-03  1.65512e-02
 1.23217e-03  1.65874e-02
 1.12738e-03  1.66966e-02

 1.86719e-03  1.53750e-02
 1.46322e-03  1.66039e-02
 1.43226e-03  1.64558e-02
 1.57605e-03  1.65030e-02
 1.46322e-03  1.66039e-02

 2.28212e-03  1.53750e-02
 1.79588e-03  1.64910e-02
 1.77886e-03  1.63405e-02
 1.91763e-03  1.64010e-02
 1.79588e-03  1.64910e-02

 2.69705e-03  1.53750e-02
 2.14182e-03  1.63563e-02
 2.14050e-03  1.62050e-02
 2.27224e-03  1.62795e-02
 2.14182e-03  1.63563e-02

 3.11198e-03  1.53750e-02
 2.49582e-03  1.62060e-02
 2.51311e-03  1.60556e-02
 2.63470e-03  1.61458e-02
 2.49582e-03  1.62060e-02

 3.52691e-03  1.53750e-02
 2.86193e-03  1.60425e-02
 2.90083e-03  1.58962e-02
 3.00807e-03  1.60030e-02
 2.86193e-03  1.60425e-02

 2.09201e-04  1.59450e-02
 2.09201e-04  1.74425e-02
 1.33518e-04  1.73114e-02
 2.84885e-04  1.73114e-02
 2.09201e-04  1.74425e-02

 6.27604e-04  1.59450e-02
 5.28096e-04  1.74724e-02
 4.61094e-04  1.73367e-02
 6.12141e-04  1.73466e-02
 5.28096e-04  1.74724e-02

 1.04601e-03  1.59450e-02
 9.07975e-04  1.74271e-02
 8.44774e-04  1.72896e-02
 9.95489e-04  1.73036e-02
 9.07975e-04  1.74271e-02

 1.46441e-03  1.59450e-02
 1.25855e-03  1.73646e-02
 1.20246e-03  1.72240e-02
 1.35226e-03  1.72457e-02
 1.25855e-03  1.73646e-02

 1.88281e-03  1.59450e-02
 1.62629e-03  1.72638e-02
 1.57703e-03  1.71207e-02
 1.72561e-03  1.71496e-02
 1.62629e-03  1.72638e-02

 2.30122e-03  1.59450e-02
 1.99175e-03  1.71403e-02
 1.95133e-03  1.69944e-02
 2.09787e-03  1.70323e-02
 1.99175e-03  1.71403e-02

 2.71962e-03  1.59450e-02
 2.36573e-03  1.69930e-02
 2.33596e-03  1.68446e-02
 2.47937e-03  1.68930e-02
 2.36573e-03  1.69930e-02

 3.13802e-03  1.59450e-02
 2.74494e-03  1.68285e-02
 2.72908e-03  1.66779e-02
 2.86737e-03  1.67395e-02
 2.74494e-03  1.68285e-02

 3.55642e-03  1.59450e-02
 3.13207e-03  1.66496e-02
 3.13486e-03  1.64983e-02
 3.26453e-03  1.65764e-02
 3.13207e-03  1.66496e-02

 2.10937e-04  1.65150e-02
 2.10937e-04  1.80655e-02
 1.35254e-04  1.79344e-02
 2.86621e-04  1.79344e-02
 2.10938e-04  1.80655e-02

 6.32812e-04  1.65150e-02
 5.96757e-04  1.80976e-02
 5.24079e-04  1.79648e-02
 6.75406e-04  1.79683e-02
 5.96757e-04  1.80976e-02

 1.05469e-03  1.65150e-02
 1.00434e-03  1.80515e-02
 9.32992e-04  1.79180e-02
 1.08428e-03  1.79229e-02
 1.00434e-03  1.80515e-02

 1.47656e-03  1.65150e-02
 1.40036e-03  1.79863e-02
 1.33156e-03  1.78515e-02
 1.48273e-03  1.78593e-02
 1.40036e-03  1.79863e-02

 1.89844e-03  1.65150e-02
 1.80261e-03  1.78807e-02
 1.73628e-03  1.77446e-02
 1.88728e-03  1.77552e-02
 1.80261e-03  1.78807e-02

 2.32031e-03  1.65150e-02
 2.20368e-03  1.77508e-02
 2.14065e-03  1.76131e-02
 2.29135e-03  1.76274e-02
 2.20368e-03  1.77508e-02

 2.74219e-03  1.65150e-02
 2.60804e-03  1.75956e-02
 2.54908e-03  1.74562e-02
 2.69930e-03  1.74748e-02
 2.60804e-03  1.75956e-02

 3.16406e-03  1.65150e-02
 3.01447e-03  1.74222e-02
 2.96113e-03  1.72806e-02
 3.11048e-03  1.73052e-02
 3.01447e-03  1.74222e-02

 3.58594e-03  1.65150e-02
 3.42419e-03  1.72338e-02
 3.37913e-03  1.70893e-02
 3.52681e-03  1.71225e-02
 3.42419e-03  1.72338e-02

 2.12674e-04  1.70850e-02
 2.12674e-04  1.86376e-02
 1.36990e-04  1.85065e-02
 2.88357e-04  1.85065e-02
 2.12674e-04  1.86376e-02

 6.38021e-04  1.70850e-02
 6.67683e-04  1.86698e-02
 5.89559e-04  1.85402e-02
 7.40900e-04  1.85373e-02
 6.67683e-04  1.86698e-02

 1.06337e-03  1.70850e-02
 1.10370e-03  1.86243e-02
 1.02461e-03  1.84952e-02
 1.17592e-03  1.84912e-02
 1.10370e-03  1.86243e-02

 1.48872e-03  1.70850e-02
 1.54694e-03  1.85584e-02
 1.46614e-03  1.84304e-02
 1.61739e-03  1.84244e-02
 1.54694e-03  1.85584e-02

 1.91406e-03  1.70850e-02
 1.98495e-03  1.84515e-02
 1.90258e-03  1.83245e-02
 2.05374e-03  1.83167e-02
 1.98495e-03  1.84515e-02

 2.33941e-03  1.70850e-02
 2.42314e-03  1.83195e-02
 2.33876e-03  1.81938e-02
 2.48978e-03  1.81836e-02
 2.42314e-03  1.83195e-02

 2.76476e-03  1.70850e-02
 2.85910e-03  1.81617e-02
 2.77227e-03  1.80377e-02
 2.92306e-03  1.80245e-02
 2.85910e-03  1.81617e-02

 3.19010e-03  1.70850e-02
 3.29389e-03  1.79852e-02
 3.20369e-03  1.78636e-02
 3.35406e-03  1.78463e-02
 3.29389e-03  1.79852e-02

 3.61545e-03  1.70850e-02
 3.72707e-03  1.77934e-02
 3.63190e-03  1.76757e-02
 3.78143e-03  1.76521e-02
 3.72707e-03  1.77934e-02

 2.14410e-04  1.76550e-02
 2.14410e-04  1.91588e-02
 1.38726e-04  1.90277e-02
 2.90093e-04  1.90277e-02
 2.14410e-04  1.91588e-02

 6.43229e-04  1.76550e-02
 7.37871e-04  1.91891e-02
 6.54260e-04  1.90629e-02
 8.05339e-04  1.90536e-02
 7.37871e-04  1.91891e-02

 1.07205e-03  1.76550e-02
 1.20200e-03  1.91455e-02
 1.11521e-03  1.90215e-02
 1.26601e-03  1.90083e-02
 1.20200e-03  1.91455e-02

 1.50087e-03  1.76550e-02
 1.69230e-03  1.90809e-02
 1.59985e-03  1.89610e-02
 1.74987e-03  1.89409e-02
 1.69230e-03  1.90809e-02

 1.92969e-03  1.76550e-02
 2.16597e-03  1.89763e-02
 2.06839e-03  1.88606e-02
 2.21740e-03  1.88339e-02
 2.16597e-03  1.89763e-02

 2.35851e-03  1.76550e-02
 2.64128e-03  1.88464e-02
 2.53737e-03  1.87363e-02
 2.68464e-03  1.87014e-02
 2.64128e-03  1.88464e-02

 2.78733e-03  1.76550e-02
 3.10888e-03  1.86912e-02
 2.99774e-03  1.85884e-02
 3.14231e-03  1.85436e-02
 3.10888e-03  1.86912e-02

 3.21615e-03  1.76550e-02
 3.57206e-03  1.85175e-02
 3.45210e-03  1.84252e-02
 3.59202e-03  1.83674e-02
 3.57206e-03  1.85175e-02

 3.64497e-03  1.76550e-02
 4.02869e-03  1.83288e-02
 3.89805e-03  1.82523e-02
 4.02958e-03  1.81774e-02
 4.02869e-03  1.83288e-02

 2.16146e-04  1.82250e-02
 2.16146e-04  1.96326e-02
 1.40462e-04  1.95015e-02
 2.91829e-04  1.95015e-02
 2.16146e-04  1.96326e-02

 6.48438e-04  1.82250e-02
 8.04656e-04  1.96591e-02
 7.15221e-04  1.95369e-02
 8.65698e-04  1.95205e-02
 8.04656e-04  1.96591e-02

 1.08073e-03  1.82250e-02
 1.29570e-03  1.96184e-02
 1.20091e-03  1.95004e-02
 1.35051e-03  1.94773e-02
 1.29570e-03  1.96184e-02

 1.51302e-03  1.82250e-02
 1.83109e-03  1.95566e-02
 1.72702e-03  1.94467e-02
 1.87425e-03  1.94115e-02
 1.83109e-03  1.95566e-02

 1.94531e-03  1.82250e-02
 2.33897e-03  1.94573e-02
 2.22699e-03  1.93554e-02
 2.37118e-03  1.93094e-02
 2.33897e-03  1.94573e-02

 2.37760e-03  1.82250e-02
 2.84994e-03  1.93337e-02
 2.72893e-03  1.92428e-02
 2.86819e-03  1.91834e-02
 2.84994e-03  1.93337e-02

 2.80990e-03  1.82250e-02
 3.34792e-03  1.91861e-02
 3.21785e-03  1.91087e-02
 3.34993e-03  1.90348e-02
 3.34792e-03  1.91861e-02

 3.24219e-03  1.82250e-02
 3.83833e-03  1.90208e-02
 3.69917e-03  1.89613e-02
 3.82031e-03  1.88705e-02
 3.83833e-03  1.90208e-02

 3.67448e-03  1.82250e-02
 4.31733e-03  1.88414e-02
 4.17033e-03  1.88053e-02
 4.27509e-03  1.86960e-02
 4.31733e-03  1.88414e-02

 2.17882e-04  1.87950e-02
 2.17882e-04  2.00606e-02
 1.42198e-04  1.99295e-02
 2.93565e-04  1.99295e-02
 2.17882e-04  2.00606e-02

 6.53646e-04  1.87950e-02
 8.64916e-04  2.00812e-02
 7.68985e-04  1.99641e-02
 9.18351e-04  1.99395e-02
 8.64916e-04  2.00812e-02

 1.08941e-03  1.87950e-02
 1.38056e-03  2.00444e-02
 1.27710e-03  1.99339e-02
 1.42451e-03  1.98995e-02
 1.38056e-03  2.00444e-02

 1.52517e-03  1.87950e-02
 1.95688e-03  1.99870e-02
 1.84108e-03  1.98895e-02
 1.98340e-03  1.98380e-02
 1.95688e-03  1.99870e-02

 1.96094e-03  1.87950e-02
 2.49588e-03  1.98964e-02
 2.37053e-03  1.98116e-02
 2.50669e-03  1.97454e-02
 2.49588e-03  1.98964e-02

 2.39670e-03  1.87950e-02
 3.03919e-03  1.97833e-02
 2.90429e-03  1.97146e-02
 3.03120e-03  1.96321e-02
 3.03919e-03  1.97833e-02

 2.83247e-03  1.87950e-02
 3.56467e-03  1.96483e-02
 3.42187e-03  1.95981e-02
 3.53675e-03  1.94996e-02
 3.56467e-03  1.96483e-02

 3.26823e-03  1.87950e-02
 4.07963e-03  1.94973e-02
 3.93098e-03  1.94687e-02
 4.03004e-03  1.93543e-02
 4.07963e-03  1.94973e-02

 3.70399e-03  1.87950e-02
 4.57859e-03  1.93335e-02
 4.42728e-03  1.93292e-02
 4.50665e-03  1.92003e-02
 4.57859e-03  1.93335e-02

 2.19618e-04  1.93650e-02
 2.19618e-04  2.04548e-02
 1.43935e-04  2.03237e-02
 2.95302e-04  2.03237e-02
 2.19618e-04  2.04548e-02

 6.58854e-04  1.93650e-02
 9.16117e-04  2.04672e-02
 8.12618e-04  2.03567e-02
 9.60023e-04  2.03223e-02
 9.16117e-04  2.04672e-02

 1.09809e-03  1.93650e-02
 1.45300e-03  2.04349e-02
 1.33989e-03  2.03343e-02
 1.48356e-03  2.02866e-02
 1.45300e-03  2.04349e-02

 1.53733e-03  1.93650e-02
 2.06405e-03  2.03831e-02
 1.93660e-03  2.03014e-02
 2.07104e-03  2.02319e-02
 2.06405e-03  2.03831e-02

 1.97656e-03  1.93650e-02
 2.62938e-03  2.03036e-02
 2.49239e-03  2.02392e-02
 2.61666e-03  2.01527e-02
 2.62938e-03  2.03036e-02

 2.41580e-03  1.93650e-02
 3.19988e-03  2.02040e-02
 3.05508e-03  2.01599e-02
 3.16567e-03  2.00566e-02
 3.19988e-03  2.02040e-02

 2.85503e-03  1.93650e-02
 3.74825e-03  2.00859e-02
 3.59871e-03  2.00624e-02
 3.69377e-03  1.99446e-02
 3.74825e-03  2.00859e-02

 3.29427e-03  1.93650e-02
 4.28338e-03  1.99536e-02
 4.13202e-03  1.99516e-02
 4.20943e-03  1.98215e-02
 4.28338e-03  1.99536e-02

 3.73351e-03  1.93650e-02
 4.79852e-03  1.98105e-02
 4.64839e-03  1.98297e-02
 4.70680e-03  1.96901e-02
 4.79852e-03  1.98105e-02

 2.21354e-04  1.99350e-02
 2.21354e-04  2.08131e-02
 1.45671e-04  2.06820e-02
 2.97038e-04  2.06820e-02
 2.21354e-04  2.08131e-02

 6.64062e-04  1.99350e-02
 9.53733e-04  2.08160e-02
 8.40893e-04  2.07151e-02
 9.84687e-04  2.06679e-02
 9.53733e-04  2.08160e-02

 1.10677e-03  1.99350e-02
 1.50651e-03  2.07894e-02
 1.38240e-03  2.07027e-02
 1.51951e-03  2.06386e-02
 1.50651e-03  2.07894e-02

 1.54948e-03  1.99350e-02
 2.14276e-03  2.07452e-02
 2.00425e-03  2.06841e-02
 2.12638e-03  2.05947e-02
 2.14276e-03  2.07452e-02

 1.99219e-03  1.99350e-02
 2.72697e-03  2.06801e-02
 2.58103e-03  2.06399e-02
 2.68881e-03  2.05336e-02
 2.72697e-03  2.06801e-02

 2.43490e-03  1.99350e-02
 3.31676e-03  2.05983e-02
 3.16650e-03  2.05799e-02
 3.25749e-03  2.04590e-02
 3.31676e-03  2.05983e-02

 2.87760e-03  1.99350e-02
 3.88109e-03  2.05016e-02
 3.72973e-03  2.05030e-02
 3.80415e-03  2.03712e-02
 3.88109e-03  2.05016e-02

 3.32031e-03  1.99350e-02
 4.42998e-03  2.03934e-02
 4.27993e-03  2.04133e-02
 4.33772e-03  2.02734e-02
 4.42998e-03  2.03934e-02

 3.76302e-03  1.99350e-02
 4.95587e-03  2.02768e-02
 4.80900e-03  2.03134e-02
 4.85070e-03  2.01679e-02
 4.95587e-03  2.02768e-02

 2.23090e-04  2.05050e-02
 2.23090e-04  2.11676e-02
 1.47407e-04  2.10365e-02
 2.98774e-04  2.10365e-02
 2.23090e-04  2.11676e-02

 6.69271e-04  2.05050e-02
 9.75615e-04  2.11587e-02
 8.51457e-04  2.10721e-02
 9.88520e-04  2.10079e-02
 9.75615e-04  2.11587e-02

 1.11545e-03  2.05050e-02
 1.53703e-03  2.11384e-02
 1.40139e-03  2.10712e-02
 1.52740e-03  2.09873e-02
 1.53703e-03  2.11384e-02

 1.56163e-03  2.05050e-02
 2.18646e-03  2.11021e-02
 2.03940e-03  2.10663e-02
 2.14398e-03  2.09569e-02
 2.18646e-03  2.11021e-02

 2.00781e-03  2.05050e-02
 2.77994e-03  2.10522e-02
 2.62922e-03  2.10382e-02
 2.71675e-03  2.09147e-02
 2.77994e-03  2.10522e-02

 2.45399e-03  2.05050e-02
 3.37900e-03  2.09890e-02
 3.22776e-03  2.09953e-02
 3.29794e-03  2.08612e-02
 3.37900e-03  2.09890e-02

 2.90017e-03  2.05050e-02
 3.95043e-03  2.09150e-02
 3.80080e-03  2.09378e-02
 3.85584e-03  2.07968e-02
 3.95043e-03  2.09150e-02

 3.34635e-03  2.05050e-02
 4.50522e-03  2.08322e-02
 4.35850e-03  2.08694e-02
 4.39963e-03  2.07237e-02
 4.50522e-03  2.08322e-02

 3.79253e-03  2.05050e-02
 5.03495e-03  2.07434e-02
 4.89196e-03  2.07930e-02
 4.92047e-03  2.06443e-02
 5.03495e-03  2.07434e-02

 2.24826e-04  2.10750e-02
 2.24826e-04  2.14929e-02
 1.49143e-04  2.13618e-02
 3.00510e-04  2.13618e-02
 2.24826e-04  2.14929e-02

 6.74479e-04  2.10750e-02
 9.72369e-04  2.14764e-02
 8.33475e-04  2.14163e-02
 9.55030e-04  2.13261e-02
 9.72369e-04  2.14764e-02

 1.12413e-03  2.10750e-02
 1.53088e-03  2.14647e-02
 1.38386e-03  2.14286e-02
 1.48858e-03  2.13193e-02
 1.53088e-03  2.14647e-02

 1.57378e-03  2.10750e-02
 2.17557e-03  2.14401e-02
 2.02424e-03  2.14368e-02
 2.10276e-03  2.13074e-02
 2.17557e-03  2.14401e-02

 2.02344e-03  2.10750e-02
 2.76420e-03  2.14090e-02
 2.61359e-03  2.14241e-02
 2.67581e-03  2.12861e-02
 2.76420e-03  2.14090e-02

 2.47309e-03  2.10750e-02
 3.35851e-03  2.13688e-02
 3.21026e-03  2.13993e-02
 3.25793e-03  2.12557e-02
 3.35851e-03  2.13688e-02

 2.92274e-03  2.10750e-02
 3.92509e-03  2.13220e-02
 3.77970e-03  2.13642e-02
 3.81593e-03  2.12172e-02
 3.92509e-03  2.13220e-02

 3.37240e-03  2.10750e-02
 4.47541e-03  2.12697e-02
 4.33316e-03  2.13215e-02
 4.35947e-03  2.11724e-02
 4.47541e-03  2.12697e-02

 3.82205e-03  2.10750e-02
 5.00097e-03  2.12138e-02
 4.86193e-03  2.12737e-02
 4.87963e-03  2.11233e-02
 5.00097e-03  2.12138e-02

 2.26562e-04  2.16450e-02
 2.26562e-04  2.18831e-02
 1.50879e-04  2.17520e-02
 3.02246e-04  2.17520e-02
 2.26563e-04  2.18831e-02

 6.79687e-04  2.16450e-02
 9.45450e-04  2.18562e-02
 7.95736e-04  2.18339e-02
 8.89916e-04  2.17154e-02
 9.45450e-04  2.18562e-02

 1.13281e-03  2.16450e-02
 1.48494e-03  2.18535e-02
 1.33358e-03  2.18518e-02
 1.41070e-03  2.17216e-02
 1.48494e-03  2.18535e-02

 1.58594e-03  2.16450e-02
 2.10632e-03  2.18365e-02
 1.95716e-03  2.18623e-02
 2.00944e-03  2.17202e-02
 2.10632e-03  2.18365e-02

 2.03906e-03  2.16450e-02
 2.67474e-03  2.18197e-02
 2.52828e-03  2.18579e-02
 2.56839e-03  2.17120e-02
 2.67474e-03  2.18197e-02

 2.49219e-03  2.16450e-02
 3.24978e-03  2.17959e-02
 3.10643e-03  2.18445e-02
 3.13600e-03  2.16961e-02
 3.24978e-03  2.17959e-02

 2.94531e-03  2.16450e-02
 3.79940e-03  2.17691e-02
 3.65879e-03  2.18252e-02
 3.68056e-03  2.16754e-02
 3.79940e-03  2.17691e-02

 3.39844e-03  2.16450e-02
 4.33479e-03  2.17389e-02
 4.19681e-03  2.18011e-02
 4.21191e-03  2.16505e-02
 4.33479e-03  2.17389e-02

 3.85156e-03  2.16450e-02
 4.84801e-03  2.17069e-02
 4.71249e-03  2.17743e-02
 4.72186e-03  2.16232e-02
 4.84801e-03  2.17069e-02

 2.28299e-04  2.22150e-02
 2.28299e-04  2.22150e-02
 9.72110e-05  2.22907e-02
 9.72110e-05  2.21393e-02
 2.28299e-04  2.22150e-02

 6.84896e-04  2.22150e-02
 8.64780e-04  2.22150e-02
 7.33693e-04  2.22907e-02
 7.33693e-04  2.21393e-02
 8.64780e-04  2.22150e-02

 1.14149e-03  2.22150e-02
 1.36969e-03  2.22150e-02
 1.23860e-03  2.22907e-02
 1.23860e-03  2.21393e-02
 1.36969e-03  2.22150e-02

 1.59809e-03  2.22150e-02
 1.93637e-03  2.22150e-02
 1.80528e-03  2.22907e-02
 1.80528e-03  2.21393e-02
 1.93637e-03  2.22150e-02

 2.05469e-03  2.22150e-02
 2.46372e-03  2.22150e-02
 2.33263e-03  2.22907e-02
 2.33263e-03  2.21393e-02
 2.46372e-03  2.22150e-02

 2.51128e-03  2.22150e-02
 2.99758e-03  2.22150e-02
 2.86649e-03  2.22907e-02
 2.86649e-03  2.21393e-02
 2.99758e-03  2.22150e-02

 2.96788e-03  2.22150e-02
 3.51365e-03  2.22150e-02
 3.38256e-03  2.22907e-02
 3.38256e-03  2.21393e-02
 3.51365e-03  2.22150e-02

 3.42448e-03  2.22150e-02
 4.02081e-03  2.22150e-02
 3.88972e-03  2.22907e-02
 3.88972e-03  2.21393e-02
 4.02081e-03  2.22150e-02

 3.88108e-03  2.22150e-02
 4.51328e-03  2.22150e-02
 4.38220e-03  2.22907e-02
 4.38220e-03  2.21393e-02
 4.51328e-03  2.22150e-02

 3.76510e-03  1.13850e-02
 3.16578e-03  1.13850e-02
 3.29687e-03  1.13093e-02
 3.29687e-03  1.14607e-02
 3.16578e-03  1.13850e-02

 4.26406e-03  1.13850e-02
 3.62952e-03  1.13850e-02
 3.76061e-03  1.13093e-02
 3.76061e-03  1.14607e-02
 3.62952e-03  1.13850e-02

 4.76302e-03  1.13850e-02
 4.10740e-03  1.13850e-02
 4.23849e-03  1.13093e-02
 4.23849e-03  1.14607e-02
 4.10740e-03  1.13850e-02

 5.26198e-03  1.13850e-02
 4.60041e-03  1.13850e-02
 4.73149e-03  1.13093e-02
 4.73149e-03  1.14607e-02
 4.60041e-03  1.13850e-02

 5.76094e-03  1.13850e-02
 5.10881e-03  1.13850e-02
 5.23990e-03  1.13093e-02
 5.23990e-03  1.14607e-02
 5.10881e-03  1.13850e-02

 6.25990e-03  1.13850e-02
 5.63243e-03  1.13850e-02
 5.76352e-03  1.13093e-02
 5.76352e-03  1.14607e-02
 5.63243e-03  1.13850e-02

 6.75885e-03  1.13850e-02
 6.17092e-03  1.13850e-02
 6.30201e-03  1.13093e-02
 6.30201e-03  1.14607e-02
 6.17092e-03  1.13850e-02

 7.25781e-03  1.13850e-02
 6.72264e-03  1.13850e-02
 6.85373e-03  1.13093e-02
 6.85373e-03  1.14607e-02
 6.72264e-03  1.13850e-02

 7.75677e-03  1.13850e-02
 7.28677e-03  1.13850e-02
 7.41786e-03  1.13093e-02
 7.41786e-03  1.14607e-02
 7.28677e-03  1.13850e-02

 8.25573e-03  1.13850e-02
 7.85886e-03  1.13850e-02
 7.98995e-03  1.13093e-02
 7.98995e-03  1.14607e-02
 7.85886e-03  1.13850e-02

 8.75469e-03  1.13850e-02
 8.43989e-03  1.13850e-02
 8.57098e-03  1.13093e-02
 8.57098e-03  1.14607e-02
 8.43989e-03  1.13850e-02

 9.25365e-03  1.13850e-02
 9.01760e-03  1.13850e-02
 9.14869e-03  1.13093e-02
 9.14869e-03  1.14607e-02
 9.01760e-03  1.13850e-02

 9.75260e-03  1.13850e-02
 9.60470e-03  1.13850e-02
 9.73579e-03  1.13093e-02
 9.73579e-03  1.14607e-02
 9.60470e-03  1.13850e-02

 1.02516e-02  1.13850e-02
 1.01620e-02  1.13850e-02
 1.02931e-02  1.13093e-02
 1.02931e-02  1.14607e-02
 1.01620e-02  1.13850e-02

 1.07505e-02  1.13850e-02
 1.07505e-02  1.13850e-02
 1.08816e-02  1.13093e-02
 1.08816e-02  1.14607e-02
 1.07505e-02  1.13850e-02

 3.79531e-03  1.19550e-02
 2.84344e-03  1.20569e-02
 2.96573e-03  1.19677e-02
 2.98184e-03  1.21182e-02
 2.84344e-03  1.20569e-02

 4.29219e-03  1.19550e-02
 3.28802e-03  1.20262e-02
 3.41342e-03  1.19415e-02
 3.42413e-03  1.20924e-02
 3.28802e-03  1.20262e-02

 4.78906e-03  1.19550e-02
 3.75568e-03  1.19938e-02
 3.88384e-03  1.19132e-02
 3.88951e-03  1.20645e-02
 3.75568e-03  1.19938e-02

 5.28594e-03  1.19550e-02
 4.24733e-03  1.19602e-02
 4.37804e-03  1.18839e-02
 4.37880e-03  1.20352e-02
 4.24733e-03  1.19602e-02

 5.78281e-03  1.19550e-02
 4.76320e-03  1.19263e-02
 4.89637e-03  1.18544e-02
 4.89211e-03  1.20057e-02
 4.76320e-03  1.19263e-02

 6.27969e-03  1.19550e-02
 5.30284e-03  1.18931e-02
 5.43845e-03  1.18259e-02
 5.42888e-03  1.19770e-02
 5.30284e-03  1.18931e-02

 6.77656e-03  1.19550e-02
 5.86541e-03  1.18618e-02
 6.00352e-03  1.17998e-02
 5.98811e-03  1.19504e-02
 5.86541e-03  1.18618e-02

 7.27344e-03  1.19550e-02
 6.44841e-03  1.18336e-02
 6.58912e-03  1.17778e-02
 6.56708e-03  1.19275e-02
 6.44841e-03  1.18336e-02

 7.77031e-03  1.19550e-02
 7.05018e-03  1.18098e-02
 7.19364e-03  1.17615e-02
 7.16373e-03  1.19099e-02
 7.05018e-03  1.18098e-02

 8.26719e-03  1.19550e-02
 7.66422e-03  1.17922e-02
 7.81051e-03  1.17533e-02
 7.77105e-03  1.18994e-02
 7.66422e-03  1.17922e-02

 8.76406e-03  1.19550e-02
 8.29072e-03  1.17818e-02
 8.43984e-03  1.17558e-02
 8.38782e-03  1.18979e-02
 8.29072e-03  1.17818e-02

 9.26094e-03  1.19550e-02
 8.91279e-03  1.17809e-02
 9.06389e-03  1.17718e-02
 8.99619e-03  1.19072e-02
 8.91279e-03  1.17809e-02

 9.75781e-03  1.19550e-02
 9.54429e-03  1.17891e-02
 9.69424e-03  1.18098e-02
 9.60137e-03  1.19293e-02
 9.54429e-03  1.17891e-02

 1.02547e-02  1.19550e-02
 1.01340e-02  1.18124e-02
 1.02765e-02  1.18636e-02
 1.01609e-02  1.19614e-02
 1.01340e-02  1.18124e-02

 1.07516e-02  1.19550e-02
 1.07516e-02  1.18470e-02
 1.08272e-02  1.19781e-02
 1.06759e-02  1.19781e-02
 1.07516e-02  1.18470e-02

 3.82552e-03  1.25250e-02
 2.68157e-03  1.26861e-02
 2.80082e-03  1.25929e-02
 2.82193e-03  1.27428e-02
 2.68157e-03  1.26861e-02

 4.32031e-03  1.25250e-02
 3.11922e-03  1.26303e-02
 3.24320e-03  1.25434e-02
 3.25641e-03  1.26942e-02
 3.11922e-03  1.26303e-02

 4.81510e-03  1.25250e-02
 3.58479e-03  1.25718e-02
 3.71291e-03  1.24912e-02
 3.71866e-03  1.26425e-02
 3.58479e-03  1.25718e-02

 5.30990e-03  1.25250e-02
 4.07883e-03  1.25120e-02
 4.21071e-03  1.24377e-02
 4.20911e-03  1.25891e-02
 4.07883e-03  1.25120e-02

 5.80469e-03  1.25250e-02
 4.60132e-03  1.24522e-02
 4.73674e-03  1.23846e-02
 4.72760e-03  1.25357e-02
 4.60132e-03  1.24522e-02

 6.29948e-03  1.25250e-02
 5.15144e-03  1.23943e-02
 5.29025e-03  1.23339e-02
 5.27312e-03  1.24843e-02
 5.15144e-03  1.23943e-02

 6.79427e-03  1.25250e-02
 5.72774e-03  1.23400e-02
 5.86983e-03  1.22878e-02
 5.84396e-03  1.24370e-02
 5.72774e-03  1.23400e-02

 7.28906e-03  1.25250e-02
 6.32713e-03  1.22917e-02
 6.47236e-03  1.22490e-02
 6.43668e-03  1.23961e-02
 6.32713e-03  1.22917e-02

 7.78385e-03  1.25250e-02
 6.94732e-03  1.22517e-02
 7.09543e-03  1.22205e-02
 7.04843e-03  1.23644e-02
 6.94732e-03  1.22517e-02

 8.27865e-03  1.25250e-02
 7.58101e-03  1.22228e-02
 7.73138e-03  1.22055e-02
 7.67121e-03  1.23443e-02
 7.58101e-03  1.22228e-02

 8.77344e-03  1.25250e-02
 8.22771e-03  1.22075e-02
 8.37908e-03  1.22080e-02
 8.30297e-03  1.23389e-02
 8.22771e-03  1.22075e-02

 9.26823e-03  1.25250e-02
 8.86903e-03  1.22091e-02
 9.01879e-03  1.22311e-02
 8.92486e-03  1.23498e-02
 8.86903e-03  1.22091e-02

 9.76302e-03  1.25250e-02
 9.51878e-03  1.22302e-02
 9.66070e-03  1.22829e-02
 9.54414e-03  1.23794e-02
 9.51878e-03  1.22302e-02

 1.02578e-02  1.25250e-02
 1.01212e-02  1.22767e-02
 1.02507e-02  1.23551e-02
 1.01181e-02  1.24281e-02
 1.01212e-02  1.22767e-02

 1.07526e-02  1.25250e-02
 1.07526e-02  1.23505e-02
 1.08283e-02  1.24816e-02
 1.06769e-02  1.24816e-02
 1.07526e-02  1.23505e-02

 3.85573e-03  1.30950e-02
 2.63102e-03  1.33472e-02
 2.74415e-03  1.32466e-02
 2.77468e-03  1.33949e-02
 2.63102e-03  1.33472e-02

 4.34844e-03  1.30950e-02
 3.06696e-03  1.32551e-02
 3.18766e-03  1.31638e-02
 3.20642e-03  1.33139e-02
 3.06696e-03  1.32551e-02

 4.84115e-03  1.30950e-02
 3.53288e-03  1.31594e-02
 3.66009e-03  1.30774e-02
 3.66753e-03  1.32286e-02
 3.53288e-03  1.31594e-02

 5.33385e-03  1.30950e-02
 4.02907e-03  1.30622e-02
 4.16202e-03  1.29898e-02
 4.15822e-03  1.31412e-02
 4.02907e-03  1.30622e-02

 5.82656e-03  1.30950e-02
 4.55523e-03  1.29657e-02
 4.69330e-03  1.29037e-02
 4.67799e-03  1.30543e-02
 4.55523e-03  1.29657e-02

 6.31927e-03  1.30950e-02
 5.11008e-03  1.28727e-02
 5.25269e-03  1.28220e-02
 5.22532e-03  1.29709e-02
 5.11008e-03  1.28727e-02

 6.81198e-03  1.30950e-02
 5.69209e-03  1.27863e-02
 5.83858e-03  1.27482e-02
 5.79835e-03  1.28941e-02
 5.69209e-03  1.27863e-02

 7.30469e-03  1.30950e-02
 6.29772e-03  1.27099e-02
 6.44719e-03  1.26860e-02
 6.39312e-03  1.28274e-02
 6.29772e-03  1.27099e-02

 7.79740e-03  1.30950e-02
 6.92446e-03  1.26473e-02
 7.07564e-03  1.26397e-02
 7.00656e-03  1.27744e-02
 6.92446e-03  1.26473e-02

 8.29010e-03  1.30950e-02
 7.56473e-03  1.26026e-02
 7.71570e-03  1.26136e-02
 7.63068e-03  1.27388e-02
 7.56473e-03  1.26026e-02

 8.78281e-03  1.30950e-02
 8.21763e-03  1.25802e-02
 8.36551e-03  1.26125e-02
 8.26358e-03  1.27244e-02
 8.21763e-03  1.25802e-02

 9.27552e-03  1.30950e-02
 8.86436e-03  1.25847e-02
 9.00554e-03  1.26393e-02
 8.88768e-03  1.27343e-02
 8.86436e-03  1.25847e-02

 9.76823e-03  1.30950e-02
 9.51816e-03  1.26217e-02
 9.64632e-03  1.27023e-02
 9.51249e-03  1.27730e-02
 9.51816e-03  1.26217e-02

 1.02609e-02  1.30950e-02
 1.01228e-02  1.26976e-02
 1.02373e-02  1.27965e-02
 1.00943e-02  1.28462e-02
 1.01228e-02  1.26976e-02

 1.07536e-02  1.30950e-02
 1.07536e-02  1.28204e-02
 1.08293e-02  1.29514e-02
 1.06780e-02  1.29514e-02
 1.07536e-02  1.28204e-02

 3.88594e-03  1.36650e-02
 2.68651e-03  1.39873e-02
 2.79347e-03  1.38801e-02
 2.83274e-03  1.40263e-02
 2.68651e-03  1.39873e-02

 4.37656e-03  1.36650e-02
 3.12536e-03  1.38619e-02
 3.24309e-03  1.37667e-02
 3.26662e-03  1.39163e-02
 3.12536e-03  1.38619e-02

 4.86719e-03  1.36650e-02
 3.59351e-03  1.37326e-02
 3.72040e-03  1.36500e-02
 3.72842e-03  1.38012e-02
 3.59351e-03  1.37326e-02

 5.35781e-03  1.36650e-02
 4.09095e-03  1.36021e-02
 4.22563e-03  1.35330e-02
 4.21812e-03  1.36841e-02
 4.09095e-03  1.36021e-02

 5.84844e-03  1.36650e-02
 4.61714e-03  1.34734e-02
 4.75831e-03  1.34188e-02
 4.73504e-03  1.35684e-02
 4.61714e-03  1.34734e-02

 6.33906e-03  1.36650e-02
 5.17066e-03  1.33502e-02
 5.31692e-03  1.33112e-02
 5.27754e-03  1.34574e-02
 5.17066e-03  1.33502e-02

 6.82969e-03  1.36650e-02
 5.74976e-03  1.32363e-02
 5.89952e-03  1.32143e-02
 5.84368e-03  1.33550e-02
 5.74976e-03  1.32363e-02

 7.32031e-03  1.36650e-02
 6.35111e-03  1.31363e-02
 6.50243e-03  1.31326e-02
 6.42994e-03  1.32655e-02
 6.35111e-03  1.31363e-02

 7.81094e-03  1.36650e-02
 6.97206e-03  1.30551e-02
 7.12259e-03  1.30710e-02
 7.03358e-03  1.31934e-02
 6.97206e-03  1.30551e-02

 8.30156e-03  1.36650e-02
 7.60552e-03  1.29980e-02
 7.75253e-03  1.30341e-02
 7.64780e-03  1.31434e-02
 7.60552e-03  1.29980e-02

 8.79219e-03  1.36650e-02
 8.25052e-03  1.29712e-02
 8.39085e-03  1.30280e-02
 8.27154e-03  1.31211e-02
 8.25052e-03  1.29712e-02

 9.28281e-03  1.36650e-02
 8.88918e-03  1.29805e-02
 9.02013e-03  1.30564e-02
 8.88892e-03  1.31319e-02
 8.88918e-03  1.29805e-02

 9.77344e-03  1.36650e-02
 9.53417e-03  1.30344e-02
 9.65143e-03  1.31301e-02
 9.50991e-03  1.31838e-02
 9.53417e-03  1.30344e-02

 1.02641e-02  1.36650e-02
 1.01315e-02  1.31391e-02
 1.02369e-02  1.32477e-02
 1.00902e-02  1.32847e-02
 1.01315e-02  1.31391e-02

 1.07547e-02  1.36650e-02
 1.07547e-02  1.33072e-02
 1.08304e-02  1.34383e-02
 1.06790e-02  1.34383e-02
 1.07547e-02  1.33072e-02

 3.91615e-03  1.42350e-02
 2.82101e-03  1.46254e-02
 2.91906e-03  1.45101e-02
 2.96990e-03  1.46527e-02
 2.82101e-03  1.46254e-02

 4.40469e-03  1.42350e-02
 3.26482e-03  1.44668e-02
 3.37819e-03  1.43665e-02
 3.40836e-03  1.45148e-02
 3.26482e-03  1.44668e-02

 4.89323e-03  1.42350e-02
 3.73520e-03  1.43041e-02
 3.86155e-03  1.42207e-02
 3.87056e-03  1.43718e-02
 3.73520e-03  1.43041e-02

 5.38177e-03  1.42350e-02
 4.23199e-03  1.41407e-02
 4.36882e-03  1.40760e-02
 4.35645e-03  1.42268e-02
 4.23199e-03  1.41407e-02

 5.87031e-03  1.42350e-02
 4.75459e-03  1.39804e-02
 4.89922e-03  1.39358e-02
 4.86556e-03  1.40834e-02
 4.75459e-03  1.39804e-02

 6.35885e-03  1.42350e-02
 5.30148e-03  1.38276e-02
 5.45101e-03  1.38041e-02
 5.39659e-03  1.39454e-02
 5.30148e-03  1.38276e-02

 6.84740e-03  1.42350e-02
 5.87108e-03  1.36871e-02
 6.02243e-03  1.36852e-02
 5.94835e-03  1.38172e-02
 5.87108e-03  1.36871e-02

 7.33594e-03  1.42350e-02
 6.46028e-03  1.35641e-02
 6.61037e-03  1.35837e-02
 6.51831e-03  1.37039e-02
 6.46028e-03  1.35641e-02

 7.82448e-03  1.42350e-02
 7.06681e-03  1.34648e-02
 7.21270e-03  1.35052e-02
 7.10479e-03  1.36114e-02
 7.06681e-03  1.34648e-02

 8.31302e-03  1.42350e-02
 7.68432e-03  1.33957e-02
 7.82348e-03  1.34553e-02
 7.70234e-03  1.35460e-02
 7.68432e-03  1.33957e-02

 8.80156e-03  1.42350e-02
 8.31206e-03  1.33646e-02
 8.44229e-03  1.34417e-02
 8.31035e-03  1.35159e-02
 8.31206e-03  1.33646e-02

 9.29010e-03  1.42350e-02
 8.93403e-03  1.33783e-02
 9.05423e-03  1.34703e-02
 8.91445e-03  1.35284e-02
 8.93403e-03  1.33783e-02

 9.77865e-03  1.42350e-02
 9.56190e-03  1.34480e-02
 9.66968e-03  1.35543e-02
 9.52374e-03  1.35945e-02
 9.56190e-03  1.34480e-02

 1.02672e-02  1.42350e-02
 1.01468e-02  1.35801e-02
 1.02449e-02  1.36953e-02
 1.00961e-02  1.37227e-02
 1.01468e-02  1.35801e-02

 1.07557e-02  1.42350e-02
 1.07557e-02  1.37917e-02
 1.08314e-02  1.39228e-02
 1.06800e-02  1.39228e-02
 1.07557e-02  1.37917e-02

 3.94635e-03  1.48050e-02
 3.02165e-03  1.52466e-02
 3.10733e-03  1.51218e-02
 3.17256e-03  1.52584e-02
 3.02165e-03  1.52466e-02

 4.43281e-03  1.48050e-02
 3.47201e-03  1.50598e-02
 3.57932e-03  1.49531e-02
 3.61812e-03  1.50994e-02
 3.47201e-03  1.50598e-02

 4.91927e-03  1.48050e-02
 3.94462e-03  1.48691e-02
 4.07046e-03  1.47850e-02
 4.08039e-03  1.49360e-02
 3.94462e-03  1.48691e-02

 5.40573e-03  1.48050e-02
 4.43925e-03  1.46785e-02
 4.57905e-03  1.46204e-02
 4.55940e-03  1.47705e-02
 4.43925e-03  1.46785e-02

 5.89219e-03  1.48050e-02
 4.95523e-03  1.44923e-02
 5.10353e-03  1.44620e-02
 5.05561e-03  1.46056e-02
 4.95523e-03  1.44923e-02

 6.37865e-03  1.48050e-02
 5.49118e-03  1.43154e-02
 5.64252e-03  1.43125e-02
 5.56940e-03  1.44450e-02
 5.49118e-03  1.43154e-02

 6.86510e-03  1.48050e-02
 6.04583e-03  1.41533e-02
 6.19553e-03  1.41757e-02
 6.10130e-03  1.42941e-02
 6.04583e-03  1.41533e-02

 7.35156e-03  1.48050e-02
 6.61643e-03  1.40119e-02
 6.76105e-03  1.40566e-02
 6.65003e-03  1.41595e-02
 6.61643e-03  1.40119e-02

 7.83802e-03  1.48050e-02
 7.20129e-03  1.38983e-02
 7.33856e-03  1.39621e-02
 7.21469e-03  1.40491e-02
 7.20129e-03  1.38983e-02

 8.32448e-03  1.48050e-02
 7.79516e-03  1.38197e-02
 7.92386e-03  1.38993e-02
 7.79052e-03  1.39710e-02
 7.79516e-03  1.38197e-02

 8.81094e-03  1.48050e-02
 8.39774e-03  1.37853e-02
 8.51711e-03  1.38784e-02
 8.37682e-03  1.39352e-02
 8.39774e-03  1.37853e-02

 9.29740e-03  1.48050e-02
 8.99568e-03  1.38029e-02
 9.10595e-03  1.39066e-02
 8.96100e-03  1.39502e-02
 8.99568e-03  1.38029e-02

 9.78385e-03  1.48050e-02
 9.59933e-03  1.38863e-02
 9.69935e-03  1.39999e-02
 9.55094e-03  1.40297e-02
 9.59933e-03  1.38863e-02

 1.02703e-02  1.48050e-02
 1.01670e-02  1.40413e-02
 1.02596e-02  1.41610e-02
 1.01096e-02  1.41813e-02
 1.01670e-02  1.40413e-02

 1.07568e-02  1.48050e-02
 1.07568e-02  1.42896e-02
 1.08325e-02  1.44207e-02
 1.06811e-02  1.44207e-02
 1.07568e-02  1.42896e-02

 3.97656e-03  1.53750e-02
 3.27117e-03  1.58551e-02
 3.33696e-03  1.57188e-02
 3.42212e-03  1.58439e-02
 3.27117e-03  1.58551e-02

 4.46094e-03  1.53750e-02
 3.72887e-03  1.56454e-02
 3.82561e-03  1.55290e-02
 3.87806e-03  1.56710e-02
 3.72887e-03  1.56454e-02

 4.94531e-03  1.53750e-02
 4.20351e-03  1.54320e-02
 4.32841e-03  1.53465e-02
 4.34001e-03  1.54975e-02
 4.20351e-03  1.54320e-02

 5.42969e-03  1.53750e-02
 4.69473e-03  1.52196e-02
 4.83864e-03  1.51726e-02
 4.80732e-03  1.53207e-02
 4.69473e-03  1.52196e-02

 5.91406e-03  1.53750e-02
 5.20191e-03  1.50127e-02
 5.35307e-03  1.50047e-02
 5.28444e-03  1.51396e-02
 5.20191e-03  1.50127e-02

 6.39844e-03  1.53750e-02
 5.72397e-03  1.48168e-02
 5.87321e-03  1.48421e-02
 5.77670e-03  1.49587e-02
 5.72397e-03  1.48168e-02

 6.88281e-03  1.53750e-02
 6.25979e-03  1.46376e-02
 6.40220e-03  1.46889e-02
 6.28658e-03  1.47866e-02
 6.25979e-03  1.46376e-02

 7.36719e-03  1.53750e-02
 6.80744e-03  1.44818e-02
 6.94118e-03  1.45527e-02
 6.81292e-03  1.46331e-02
 6.80744e-03  1.44818e-02

 7.85156e-03  1.53750e-02
 7.36567e-03  1.43568e-02
 7.49043e-03  1.44425e-02
 7.35382e-03  1.45077e-02
 7.36567e-03  1.43568e-02

 8.33594e-03  1.53750e-02
 7.93068e-03  1.42705e-02
 8.04689e-03  1.43675e-02
 7.90478e-03  1.44196e-02
 7.93068e-03  1.42705e-02

 8.82031e-03  1.53750e-02
 8.50253e-03  1.42332e-02
 8.61059e-03  1.43392e-02
 8.46477e-03  1.43798e-02
 8.50253e-03  1.42332e-02

 9.30469e-03  1.53750e-02
 9.07126e-03  1.42534e-02
 9.17207e-03  1.43664e-02
 9.02388e-03  1.43972e-02
 9.07126e-03  1.42534e-02

 9.78906e-03  1.53750e-02
 9.64525e-03  1.43471e-02
 9.73837e-03  1.44664e-02
 9.58846e-03  1.44874e-02
 9.64525e-03  1.43471e-02

 1.02734e-02  1.53750e-02
 1.01922e-02  1.45197e-02
 1.02799e-02  1.46430e-02
 1.01292e-02  1.46574e-02
 1.01922e-02  1.45197e-02

 1.07578e-02  1.53750e-02
 1.07578e-02  1.47978e-02
 1.08335e-02  1.49289e-02
 1.06821e-02  1.49289e-02
 1.07578e-02  1.47978e-02

 4.00677e-03  1.59450e-02
 3.55692e-03  1.64464e-02
 3.58813e-03  1.62983e-02
 3.70080e-03  1.63994e-02
 3.55692e-03  1.64464e-02

 4.48906e-03  1.59450e-02
 4.02277e-03  1.62209e-02
 4.09705e-03  1.60890e-02
 4.17413e-03  1.62193e-02
 4.02277e-03  1.62209e-02

 4.97135e-03  1.59450e-02
 4.49946e-03  1.59921e-02
 4.62237e-03  1.59038e-02
 4.63742e-03  1.60544e-02
 4.49946e-03  1.59921e-02

 5.45365e-03  1.59450e-02
 4.98663e-03  1.57650e-02
 5.13617e-03  1.57415e-02
 5.08173e-03  1.58828e-02
 4.98663e-03  1.57650e-02

 5.93594e-03  1.59450e-02
 5.48376e-03  1.55445e-02
 5.63207e-03  1.55748e-02
 5.53172e-03  1.56881e-02
 5.48376e-03  1.55445e-02

 6.41823e-03  1.59450e-02
 5.99002e-03  1.53362e-02
 6.12734e-03  1.53999e-02
 6.00353e-03  1.54870e-02
 5.99002e-03  1.53362e-02

 6.90052e-03  1.59450e-02
 6.50462e-03  1.51462e-02
 6.63064e-03  1.52300e-02
 6.49502e-03  1.52972e-02
 6.50462e-03  1.51462e-02

 7.38281e-03  1.59450e-02
 7.02637e-03  1.49810e-02
 7.14282e-03  1.50777e-02
 7.00084e-03  1.51302e-02
 7.02637e-03  1.49810e-02

 7.86510e-03  1.59450e-02
 7.55454e-03  1.48488e-02
 7.66309e-03  1.49543e-02
 7.51745e-03  1.49956e-02
 7.55454e-03  1.48488e-02

 8.34740e-03  1.59450e-02
 8.08692e-03  1.47575e-02
 8.18893e-03  1.48694e-02
 8.04108e-03  1.49018e-02
 8.08692e-03  1.47575e-02

 8.82969e-03  1.59450e-02
 8.62384e-03  1.47183e-02
 8.72018e-03  1.48351e-02
 8.57090e-03  1.48601e-02
 8.62384e-03  1.47183e-02

 9.31198e-03  1.59450e-02
 9.15924e-03  1.47399e-02
 9.25081e-03  1.48604e-02
 9.10064e-03  1.48795e-02
 9.15924e-03  1.47399e-02

 9.79427e-03  1.59450e-02
 9.69899e-03  1.48399e-02
 9.78565e-03  1.49640e-02
 9.63484e-03  1.49771e-02
 9.69899e-03  1.48399e-02

 1.02766e-02  1.59450e-02
 1.02219e-02  1.50240e-02
 1.03052e-02  1.51504e-02
 1.01541e-02  1.51594e-02
 1.02219e-02  1.50240e-02

 1.07589e-02  1.59450e-02
 1.07589e-02  1.53228e-02
 1.08345e-02  1.54539e-02
 1.06832e-02  1.54539e-02
 1.07589e-02  1.53228e-02

 4.03698e-03  1.65150e-02
 3.86565e-03  1.70213e-02
 3.83598e-03  1.68729e-02
 3.97936e-03  1.69214e-02
 3.86565e-03  1.70213e-02

 4.51719e-03  1.65150e-02
 4.34011e-03  1.67874e-02
 4.34810e-03  1.66362e-02
 4.47501e-03  1.67187e-02
 4.34011e-03  1.67874e-02

 4.99740e-03  1.65150e-02
 4.81897e-03  1.65507e-02
 4.93266e-03  1.64508e-02
 4.96236e-03  1.65992e-02
 4.81897e-03  1.65507e-02

 5.47760e-03  1.65150e-02
 5.30187e-03  1.63163e-02
 5.44541e-03  1.63644e-02
 5.33202e-03  1.64646e-02
 5.30187e-03  1.63163e-02

 5.95781e-03  1.65150e-02
 5.78838e-03  1.60893e-02
 5.90718e-03  1.61831e-02
 5.76654e-03  1.62391e-02
 5.78838e-03  1.60893e-02

 6.43802e-03  1.65150e-02
 6.27796e-03  1.58754e-02
 6.38320e-03  1.59842e-02
 6.23636e-03  1.60209e-02
 6.27796e-03  1.58754e-02

 6.91823e-03  1.65150e-02
 6.77015e-03  1.56806e-02
 6.86758e-03  1.57964e-02
 6.71854e-03  1.58229e-02
 6.77015e-03  1.56806e-02

 7.39844e-03  1.65150e-02
 7.26448e-03  1.55116e-02
 7.35684e-03  1.56315e-02
 7.20681e-03  1.56515e-02
 7.26448e-03  1.55116e-02

 7.87865e-03  1.65150e-02
 7.76074e-03  1.53764e-02
 7.84952e-03  1.54990e-02
 7.69896e-03  1.55146e-02
 7.76074e-03  1.53764e-02

 8.35885e-03  1.65150e-02
 8.25835e-03  1.52830e-02
 8.34444e-03  1.54075e-02
 8.19357e-03  1.54198e-02
 8.25835e-03  1.52830e-02

 8.83906e-03  1.65150e-02
 8.75779e-03  1.52428e-02
 8.84168e-03  1.53688e-02
 8.69062e-03  1.53785e-02
 8.75779e-03  1.52428e-02

 9.31927e-03  1.65150e-02
 9.25717e-03  1.52646e-02
 9.33926e-03  1.53918e-02
 9.18808e-03  1.53993e-02
 9.25717e-03  1.52646e-02

 9.79948e-03  1.65150e-02
 9.75934e-03  1.53674e-02
 9.83956e-03  1.54958e-02
 9.68828e-03  1.55011e-02
 9.75934e-03  1.53674e-02

 1.02797e-02  1.65150e-02
 1.02557e-02  1.55563e-02
 1.03347e-02  1.56855e-02
 1.01833e-02  1.56893e-02
 1.02557e-02  1.55563e-02

 1.07599e-02  1.65150e-02
 1.07599e-02  1.58660e-02
 1.08356e-02  1.59970e-02
 1.06842e-02  1.59970e-02
 1.07599e-02  1.58660e-02

 4.06719e-03  1.70850e-02
 4.18556e-03  1.75787e-02
 4.08140e-03  1.74689e-02
 4.22860e-03  1.74336e-02
 4.18556e-03  1.75787e-02

 4.54531e-03  1.70850e-02
 4.66883e-03  1.73441e-02
 4.54411e-03  1.72584e-02
 4.68074e-03  1.71932e-02
 4.66883e-03  1.73441e-02

 5.02344e-03  1.70850e-02
 5.14995e-03  1.71074e-02
 5.00768e-03  1.71591e-02
 5.03406e-03  1.70100e-02
 5.14995e-03  1.71074e-02

 5.50156e-03  1.70850e-02
 5.62857e-03  1.68735e-02
 5.62596e-03  1.70249e-02
 5.49620e-03  1.69469e-02
 5.62857e-03  1.68735e-02

 5.97969e-03  1.70850e-02
 6.10435e-03  1.66477e-02
 6.14120e-03  1.67945e-02
 5.99563e-03  1.67530e-02
 6.10435e-03  1.66477e-02

 6.45781e-03  1.70850e-02
 6.57706e-03  1.64354e-02
 6.62783e-03  1.65780e-02
 6.47895e-03  1.65507e-02
 6.57706e-03  1.64354e-02

 6.93594e-03  1.70850e-02
 7.04655e-03  1.62425e-02
 7.10452e-03  1.63823e-02
 6.95445e-03  1.63626e-02
 7.04655e-03  1.62425e-02

 7.41406e-03  1.70850e-02
 7.51303e-03  1.60755e-02
 7.57556e-03  1.62134e-02
 7.42491e-03  1.61986e-02
 7.51303e-03  1.60755e-02

 7.89219e-03  1.70850e-02
 7.97679e-03  1.59420e-02
 8.04259e-03  1.60783e-02
 7.89163e-03  1.60672e-02
 7.97679e-03  1.59420e-02

 8.37031e-03  1.70850e-02
 8.43885e-03  1.58498e-02
 8.50715e-03  1.59849e-02
 8.35602e-03  1.59765e-02
 8.43885e-03  1.58498e-02

 8.84844e-03  1.70850e-02
 8.89970e-03  1.58102e-02
 8.97006e-03  1.59442e-02
 8.81881e-03  1.59381e-02
 8.89970e-03  1.58102e-02

 9.32656e-03  1.70850e-02
 9.36174e-03  1.58316e-02
 9.43371e-03  1.59648e-02
 9.28241e-03  1.59605e-02
 9.36174e-03  1.58316e-02

 9.80469e-03  1.70850e-02
 9.82435e-03  1.59336e-02
 9.89779e-03  1.60659e-02
 9.74644e-03  1.60633e-02
 9.82435e-03  1.59336e-02

 1.02828e-02  1.70850e-02
 1.02926e-02  1.61209e-02
 1.03669e-02  1.62527e-02
 1.02156e-02  1.62512e-02
 1.02926e-02  1.61209e-02

 1.07609e-02  1.70850e-02
 1.07609e-02  1.64306e-02
 1.08366e-02  1.65617e-02
 1.06853e-02  1.65617e-02
 1.07609e-02  1.64306e-02

 4.09740e-03  1.76550e-02
 4.50391e-03  1.81191e-02
 4.36061e-03  1.80704e-02
 4.47447e-03  1.79706e-02
 4.50391e-03  1.81191e-02

 4.57344e-03  1.76550e-02
 4.99562e-03  1.78917e-02
 4.84427e-03  1.78936e-02
 4.91830e-03  1.77616e-02
 4.99562e-03  1.78917e-02

 5.04948e-03  1.76550e-02
 5.47882e-03  1.76628e-02
 5.34638e-03  1.77361e-02
 5.34914e-03  1.75848e-02
 5.47882e-03  1.76628e-02

 5.52552e-03  1.76550e-02
 5.95313e-03  1.74373e-02
 5.87065e-03  1.75642e-02
 5.80198e-03  1.74293e-02
 5.95313e-03  1.74373e-02

 6.00156e-03  1.76550e-02
 6.41834e-03  1.72202e-02
 6.38226e-03  1.73672e-02
 6.27299e-03  1.72625e-02
 6.41834e-03  1.72202e-02

 6.47760e-03  1.76550e-02
 6.87447e-03  1.70167e-02
 6.86952e-03  1.71680e-02
 6.74098e-03  1.70881e-02
 6.87447e-03  1.70167e-02

 6.95365e-03  1.76550e-02
 7.32171e-03  1.68324e-02
 7.33725e-03  1.69830e-02
 7.19909e-03  1.69211e-02
 7.32171e-03  1.68324e-02

 7.42969e-03  1.76550e-02
 7.76096e-03  1.66732e-02
 7.79077e-03  1.68216e-02
 7.64734e-03  1.67732e-02
 7.76096e-03  1.66732e-02

 7.90573e-03  1.76550e-02
 8.19291e-03  1.65462e-02
 8.23331e-03  1.66921e-02
 8.08678e-03  1.66542e-02
 8.19291e-03  1.65462e-02

 8.38177e-03  1.76550e-02
 8.62014e-03  1.64587e-02
 8.66874e-03  1.66021e-02
 8.52029e-03  1.65725e-02
 8.62014e-03  1.64587e-02

 8.85781e-03  1.76550e-02
 9.04301e-03  1.64214e-02
 9.09839e-03  1.65623e-02
 8.94870e-03  1.65398e-02
 9.04301e-03  1.64214e-02

 9.33385e-03  1.76550e-02
 9.46808e-03  1.64422e-02
 9.52888e-03  1.65808e-02
 9.37844e-03  1.65641e-02
 9.46808e-03  1.64422e-02

 9.80990e-03  1.76550e-02
 9.89107e-03  1.65401e-02
 9.95703e-03  1.66763e-02
 9.80606e-03  1.66654e-02
 9.89107e-03  1.65401e-02

 1.02859e-02  1.76550e-02
 1.03308e-02  1.67198e-02
 1.04001e-02  1.68543e-02
 1.02489e-02  1.68471e-02
 1.03308e-02  1.67198e-02

 1.07620e-02  1.76550e-02
 1.07620e-02  1.70184e-02
 1.08377e-02  1.71494e-02
 1.06863e-02  1.71494e-02
 1.07620e-02  1.70184e-02

 4.12760e-03  1.82250e-02
 4.80805e-03  1.86435e-02
 4.65674e-03  1.86393e-02
 4.73604e-03  1.85104e-02
 4.80805e-03  1.86435e-02

 4.60156e-03  1.82250e-02
 5.30710e-03  1.84307e-02
 5.16007e-03  1.84667e-02
 5.20244e-03  1.83214e-02
 5.30710e-03  1.84307e-02

 5.07552e-03  1.82250e-02
 5.79166e-03  1.82171e-02
 5.66142e-03  1.82942e-02
 5.65974e-03  1.81428e-02
 5.79166e-03  1.82171e-02

 5.54948e-03  1.82250e-02
 6.26136e-03  1.80073e-02
 6.15814e-03  1.81180e-02
 6.11387e-03  1.79732e-02
 6.26136e-03  1.80073e-02

 6.02344e-03  1.82250e-02
 6.71611e-03  1.78060e-02
 6.64311e-03  1.79386e-02
 6.56477e-03  1.78091e-02
 6.71611e-03  1.78060e-02

 6.49740e-03  1.82250e-02
 7.15624e-03  1.76181e-02
 7.11110e-03  1.77626e-02
 7.00855e-03  1.76512e-02
 7.15624e-03  1.76181e-02

 6.97135e-03  1.82250e-02
 7.58227e-03  1.74485e-02
 7.56070e-03  1.75983e-02
 7.44174e-03  1.75047e-02
 7.58227e-03  1.74485e-02

 7.44531e-03  1.82250e-02
 7.99577e-03  1.73026e-02
 7.99358e-03  1.74539e-02
 7.86360e-03  1.73764e-02
 7.99577e-03  1.73026e-02

 7.91927e-03  1.82250e-02
 8.39780e-03  1.71867e-02
 8.41167e-03  1.73374e-02
 8.27420e-03  1.72741e-02
 8.39780e-03  1.71867e-02

 8.39323e-03  1.82250e-02
 8.79237e-03  1.71073e-02
 8.81956e-03  1.72562e-02
 8.67701e-03  1.72053e-02
 8.79237e-03  1.71073e-02

 8.86719e-03  1.82250e-02
 9.17963e-03  1.70741e-02
 9.21833e-03  1.72204e-02
 9.07225e-03  1.71808e-02
 9.17963e-03  1.70741e-02

 9.34115e-03  1.82250e-02
 9.56997e-03  1.70943e-02
 9.61815e-03  1.72378e-02
 9.46979e-03  1.72078e-02
 9.56997e-03  1.70943e-02

 9.81510e-03  1.82250e-02
 9.95544e-03  1.71855e-02
 1.00129e-02  1.73255e-02
 9.86290e-03  1.73053e-02
 9.95544e-03  1.71855e-02

 1.02891e-02  1.82250e-02
 1.03679e-02  1.73521e-02
 1.04315e-02  1.74895e-02
 1.02808e-02  1.74759e-02
 1.03679e-02  1.73521e-02

 1.07630e-02  1.82250e-02
 1.07630e-02  1.76289e-02
 1.08387e-02  1.77600e-02
 1.06873e-02  1.77600e-02
 1.07630e-02  1.76289e-02

 4.15781e-03  1.87950e-02
 5.08244e-03  1.91544e-02
 4.93284e-03  1.91774e-02
 4.98767e-03  1.90363e-02
 5.08244e-03  1.91544e-02

 4.62969e-03  1.87950e-02
 5.58686e-03  1.89633e-02
 5.44464e-03  1.90151e-02
 5.47085e-03  1.88660e-02
 5.58686e-03  1.89633e-02

 5.10156e-03  1.87950e-02
 6.07152e-03  1.87721e-02
 5.94226e-03  1.88509e-02
 5.93869e-03  1.86995e-02
 6.07152e-03  1.87721e-02

 5.57344e-03  1.87950e-02
 6.53598e-03  1.85851e-02
 6.42403e-03  1.86870e-02
 6.39178e-03  1.85391e-02
 6.53598e-03  1.85851e-02

 6.04531e-03  1.87950e-02
 6.98046e-03  1.84065e-02
 6.88844e-03  1.85267e-02
 6.83037e-03  1.83869e-02
 6.98046e-03  1.84065e-02

 6.51719e-03  1.87950e-02
 7.40564e-03  1.82404e-02
 7.33451e-03  1.83741e-02
 7.25436e-03  1.82457e-02
 7.40564e-03  1.82404e-02

 6.98906e-03  1.87950e-02
 7.81227e-03  1.80913e-02
 7.76181e-03  1.82340e-02
 7.66345e-03  1.81189e-02
 7.81227e-03  1.80913e-02

 7.46094e-03  1.87950e-02
 8.20257e-03  1.79636e-02
 8.17178e-03  1.81118e-02
 8.05883e-03  1.80111e-02
 8.20257e-03  1.79636e-02

 7.93281e-03  1.87950e-02
 8.57804e-03  1.78628e-02
 8.56567e-03  1.80137e-02
 8.44121e-03  1.79275e-02
 8.57804e-03  1.78628e-02

 8.40469e-03  1.87950e-02
 8.94386e-03  1.77945e-02
 8.94829e-03  1.79458e-02
 8.81504e-03  1.78740e-02
 8.94386e-03  1.77945e-02

 8.87656e-03  1.87950e-02
 9.30001e-03  1.77670e-02
 9.32006e-03  1.79170e-02
 9.18011e-03  1.78594e-02
 9.30001e-03  1.77670e-02

 9.34844e-03  1.87950e-02
 9.66006e-03  1.77867e-02
 9.69366e-03  1.79343e-02
 9.54904e-03  1.78896e-02
 9.66006e-03  1.77867e-02

 9.82031e-03  1.87950e-02
 1.00128e-02  1.78689e-02
 1.00602e-02  1.80127e-02
 9.91200e-03  1.79819e-02
 1.00128e-02  1.78689e-02

 1.02922e-02  1.87950e-02
 1.04013e-02  1.80180e-02
 1.04580e-02  1.81584e-02
 1.03081e-02  1.81373e-02
 1.04013e-02  1.80180e-02

 1.07641e-02  1.87950e-02
 1.07641e-02  1.82628e-02
 1.08397e-02  1.83939e-02
 1.06884e-02  1.83939e-02
 1.07641e-02  1.82628e-02

 4.18802e-03  1.93650e-02
 5.31192e-03  1.96553e-02
 5.16607e-03  1.96958e-02
 5.20393e-03  1.95492e-02
 5.31192e-03  1.96553e-02

 4.65781e-03  1.93650e-02
 5.81865e-03  1.94914e-02
 5.68013e-03  1.95525e-02
 5.69652e-03  1.94020e-02
 5.81865e-03  1.94914e-02

 5.12760e-03  1.93650e-02
 6.30138e-03  1.93281e-02
 6.17273e-03  1.94079e-02
 6.16798e-03  1.92566e-02
 6.30138e-03  1.93281e-02

 5.59740e-03  1.93650e-02
 6.75974e-03  1.91692e-02
 6.64305e-03  1.92656e-02
 6.61790e-03  1.91163e-02
 6.75974e-03  1.91692e-02

 6.06719e-03  1.93650e-02
 7.19411e-03  1.90182e-02
 7.09109e-03  1.91291e-02
 7.04656e-03  1.89844e-02
 7.19411e-03  1.90182e-02

 6.53698e-03  1.93650e-02
 7.60555e-03  1.88786e-02
 7.51760e-03  1.90017e-02
 7.45489e-03  1.88640e-02
 7.60555e-03  1.88786e-02

 7.00677e-03  1.93650e-02
 7.99527e-03  1.87539e-02
 7.92357e-03  1.88872e-02
 7.84397e-03  1.87584e-02
 7.99527e-03  1.87539e-02

 7.47656e-03  1.93650e-02
 8.36607e-03  1.86479e-02
 8.31152e-03  1.87890e-02
 8.21652e-03  1.86712e-02
 8.36607e-03  1.86479e-02

 7.94635e-03  1.93650e-02
 8.71969e-03  1.85649e-02
 8.68301e-03  1.87117e-02
 8.57417e-03  1.86065e-02
 8.71969e-03  1.85649e-02

 8.41615e-03  1.93650e-02
 9.06231e-03  1.85097e-02
 9.04368e-03  1.86599e-02
 8.92290e-03  1.85687e-02
 9.06231e-03  1.85097e-02

 8.88594e-03  1.93650e-02
 9.39383e-03  1.84888e-02
 9.39357e-03  1.86402e-02
 9.26262e-03  1.85643e-02
 9.39383e-03  1.84888e-02

 9.35573e-03  1.93650e-02
 9.73012e-03  1.85082e-02
 9.74698e-03  1.86586e-02
 9.60828e-03  1.85980e-02
 9.73012e-03  1.85082e-02

 9.82552e-03  1.93650e-02
 1.00575e-02  1.85796e-02
 1.00930e-02  1.87267e-02
 9.94779e-03  1.86838e-02
 1.00575e-02  1.85796e-02

 1.02953e-02  1.93650e-02
 1.04273e-02  1.87077e-02
 1.04757e-02  1.88511e-02
 1.03273e-02  1.88213e-02
 1.04273e-02  1.87077e-02

 1.07651e-02  1.93650e-02
 1.07651e-02  1.89129e-02
 1.08408e-02  1.90440e-02
 1.06894e-02  1.90440e-02
 1.07651e-02  1.89129e-02

 4.21823e-03  1.99350e-02
 5.47397e-03  2.01515e-02
 5.33193e-03  2.02038e-02
 5.35764e-03  2.00546e-02
 5.47397e-03  2.01515e-02

 4.68594e-03  1.99350e-02
 5.97952e-03  2.00205e-02
 5.84373e-03  2.00874e-02
 5.85371e-03  1.99363e-02
 5.97952e-03  2.00205e-02

 5.15365e-03  1.99350e-02
 6.45813e-03  1.98906e-02
 6.32969e-03  1.99707e-02
 6.32454e-03  1.98194e-02
 6.45813e-03  1.98906e-02

 5.62135e-03  1.99350e-02
 6.90971e-03  1.97649e-02
 6.78966e-03  1.98571e-02
 6.76985e-03  1.97070e-02
 6.90971e-03  1.97649e-02

 6.08906e-03  1.99350e-02
 7.33496e-03  1.96461e-02
 7.22436e-03  1.97494e-02
 7.19017e-03  1.96020e-02
 7.33496e-03  1.96461e-02

 6.55677e-03  1.99350e-02
 7.73524e-03  1.95370e-02
 7.63526e-03  1.96506e-02
 7.58683e-03  1.95072e-02
 7.73524e-03  1.95370e-02

 7.02448e-03  1.99350e-02
 8.11213e-03  1.94402e-02
 8.02415e-03  1.95633e-02
 7.96147e-03  1.94256e-02
 8.11213e-03  1.94402e-02

 7.49219e-03  1.99350e-02
 8.46888e-03  1.93585e-02
 8.39447e-03  1.94903e-02
 8.31752e-03  1.93599e-02
 8.46888e-03  1.93585e-02

 7.95990e-03  1.99350e-02
 8.80755e-03  1.92953e-02
 8.74851e-03  1.94346e-02
 8.65733e-03  1.93138e-02
 8.80755e-03  1.92953e-02

 8.42760e-03  1.99350e-02
 9.13491e-03  1.92542e-02
 9.09295e-03  1.93996e-02
 8.98798e-03  1.92905e-02
 9.13491e-03  1.92542e-02

 8.89531e-03  1.99350e-02
 9.45086e-03  1.92403e-02
 9.42810e-03  1.93899e-02
 9.30988e-03  1.92954e-02
 9.45086e-03  1.92403e-02

 9.36302e-03  1.99350e-02
 9.77251e-03  1.92586e-02
 9.76936e-03  1.94100e-02
 9.63987e-03  1.93316e-02
 9.77251e-03  1.92586e-02

 9.83073e-03  1.99350e-02
 1.00848e-02  1.93173e-02
 1.01049e-02  1.94673e-02
 9.96493e-03  1.94098e-02
 1.00848e-02  1.93173e-02

 1.02984e-02  1.99350e-02
 1.04434e-02  1.94217e-02
 1.04806e-02  1.95685e-02
 1.03350e-02  1.95273e-02
 1.04434e-02  1.94217e-02

 1.07661e-02  1.99350e-02
 1.07661e-02  1.95808e-02
 1.08418e-02  1.97119e-02
 1.06905e-02  1.97119e-02
 1.07661e-02  1.95808e-02

 4.24844e-03  2.05050e-02
 5.55209e-03  2.06489e-02
 5.41348e-03  2.07098e-02
 5.43009e-03  2.05593e-02
 5.55209e-03  2.06489e-02

 4.71406e-03  2.05050e-02
 6.05215e-03  2.05514e-02
 5.91851e-03  2.06225e-02
 5.92376e-03  2.04712e-02
 6.05215e-03  2.05514e-02

 5.17969e-03  2.05050e-02
 6.52428e-03  2.04554e-02
 6.39607e-03  2.05358e-02
 6.39049e-03  2.03846e-02
 6.52428e-03  2.04554e-02

 5.64531e-03  2.05050e-02
 6.96871e-03  2.03631e-02
 6.84644e-03  2.04523e-02
 6.83030e-03  2.03018e-02
 6.96871e-03  2.03631e-02

 6.11094e-03  2.05050e-02
 7.38628e-03  2.02765e-02
 7.27059e-03  2.03741e-02
 7.24390e-03  2.02251e-02
 7.38628e-03  2.02765e-02

 6.57656e-03  2.05050e-02
 7.77872e-03  2.01976e-02
 7.67047e-03  2.03034e-02
 7.63297e-03  2.01567e-02
 7.77872e-03  2.01976e-02

 7.04219e-03  2.05050e-02
 8.14792e-03  2.01281e-02
 8.04826e-03  2.02420e-02
 7.99943e-03  2.00988e-02
 8.14792e-03  2.01281e-02

 7.50781e-03  2.05050e-02
 8.49730e-03  2.00701e-02
 8.40774e-03  2.01921e-02
 8.34684e-03  2.00536e-02
 8.49730e-03  2.00701e-02

 7.97344e-03  2.05050e-02
 8.82934e-03  2.00258e-02
 8.75193e-03  2.01559e-02
 8.67799e-03  2.00238e-02
 8.82934e-03  2.00258e-02

 8.43906e-03  2.05050e-02
 9.15078e-03  1.99981e-02
 9.08792e-03  2.01358e-02
 9.00010e-03  2.00125e-02
 9.15078e-03  1.99981e-02

 8.90469e-03  2.05050e-02
 9.46172e-03  1.99903e-02
 9.41680e-03  2.01348e-02
 9.31408e-03  2.00237e-02
 9.46172e-03  1.99903e-02

 9.37031e-03  2.05050e-02
 9.77934e-03  2.00067e-02
 9.75467e-03  2.01561e-02
 9.63767e-03  2.00600e-02
 9.77934e-03  2.00067e-02

 9.83594e-03  2.05050e-02
 1.00888e-02  2.00520e-02
 1.00910e-02  2.02033e-02
 9.95884e-03  2.01295e-02
 1.00888e-02  2.00520e-02

 1.03016e-02  2.05050e-02
 1.04452e-02  2.01321e-02
 1.04687e-02  2.02816e-02
 1.03275e-02  2.02272e-02
 1.04452e-02  2.01321e-02

 1.07672e-02  2.05050e-02
 1.07672e-02  2.02449e-02
 1.08429e-02  2.03760e-02
 1.06915e-02  2.03760e-02
 1.07672e-02  2.02449e-02

 4.27865e-03  2.10750e-02
 5.51123e-03  2.11550e-02
 5.37551e-03  2.12221e-02
 5.38532e-03  2.10710e-02
 5.51123e-03  2.11550e-02

 4.74219e-03  2.10750e-02
 6.00247e-03  2.10951e-02
 5.87019e-03  2.11687e-02
 5.87260e-03  2.10173e-02
 6.00247e-03  2.10951e-02

 5.20573e-03  2.10750e-02
 6.46737e-03  2.10364e-02
 6.33866e-03  2.11161e-02
 6.33403e-03  2.09648e-02
 6.46737e-03  2.10364e-02

 5.66927e-03  2.10750e-02
 6.90624e-03  2.09804e-02
 6.78130e-03  2.10659e-02
 6.76977e-03  2.09150e-02
 6.90624e-03  2.09804e-02

 6.13281e-03  2.10750e-02
 7.32036e-03  2.09283e-02
 7.19954e-03  2.10195e-02
 7.18098e-03  2.08693e-02
 7.32036e-03  2.09283e-02

 6.59635e-03  2.10750e-02
 7.71163e-03  2.08811e-02
 7.59544e-03  2.09781e-02
 7.56951e-03  2.08290e-02
 7.71163e-03  2.08811e-02

 7.05990e-03  2.10750e-02
 8.08185e-03  2.08398e-02
 7.97107e-03  2.09430e-02
 7.93713e-03  2.07955e-02
 8.08185e-03  2.08398e-02

 7.52344e-03  2.10750e-02
 8.43459e-03  2.08057e-02
 8.33033e-03  2.09154e-02
 8.28743e-03  2.07702e-02
 8.43459e-03  2.08057e-02

 7.98698e-03  2.10750e-02
 8.77204e-03  2.07799e-02
 8.67597e-03  2.08969e-02
 8.62271e-03  2.07552e-02
 8.77204e-03  2.07799e-02

 8.45052e-03  2.10750e-02
 9.10066e-03  2.07644e-02
 9.01500e-03  2.08892e-02
 8.94975e-03  2.07526e-02
 9.10066e-03  2.07644e-02

 8.91406e-03  2.10750e-02
 9.42059e-03  2.07611e-02
 9.34903e-03  2.08945e-02
 9.26930e-03  2.07658e-02
 9.42059e-03  2.07611e-02

 9.37760e-03  2.10750e-02
 9.74788e-03  2.07735e-02
 9.69402e-03  2.09149e-02
 9.59844e-03  2.07975e-02
 9.74788e-03  2.07735e-02

 9.84115e-03  2.10750e-02
 1.00689e-02  2.08031e-02
 1.00427e-02  2.09522e-02
 9.92668e-03  2.08550e-02
 1.00689e-02  2.08031e-02

 1.03047e-02  2.10750e-02
 1.04342e-02  2.08566e-02
 1.04325e-02  2.10079e-02
 1.03023e-02  2.09307e-02
 1.04342e-02  2.08566e-02

 1.07682e-02  2.10750e-02
 1.07682e-02  2.09216e-02
 1.08439e-02  2.10527e-02
 1.06925e-02  2.10527e-02
 1.07682e-02  2.09216e-02

 4.30885e-03  2.16450e-02
 5.34549e-03  2.16737e-02
 5.21236e-03  2.17457e-02
 5.21655e-03  2.15944e-02
 5.34549e-03  2.16737e-02

 4.77031e-03  2.16450e-02
 5.82481e-03  2.16408e-02
 5.69403e-03  2.17170e-02
 5.69342e-03  2.15656e-02
 5.82481e-03  2.16408e-02

 5.23177e-03  2.16450e-02
 6.28203e-03  2.16088e-02
 6.15363e-03  2.16890e-02
 6.14841e-03  2.15377e-02
 6.28203e-03  2.16088e-02

 5.69323e-03  2.16450e-02
 6.71776e-03  2.15786e-02
 6.59184e-03  2.16626e-02
 6.58205e-03  2.15115e-02
 6.71776e-03  2.15786e-02

 6.15469e-03  2.16450e-02
 7.13335e-03  2.15507e-02
 7.01013e-03  2.16386e-02
 6.99561e-03  2.14879e-02
 7.13335e-03  2.15507e-02

 6.61615e-03  2.16450e-02
 7.53048e-03  2.15257e-02
 7.41028e-03  2.16177e-02
 7.39070e-03  2.14676e-02
 7.53048e-03  2.15257e-02

 7.07760e-03  2.16450e-02
 7.91088e-03  2.15042e-02
 7.79424e-03  2.16006e-02
 7.76901e-03  2.14514e-02
 7.91088e-03  2.15042e-02

 7.53906e-03  2.16450e-02
 8.27760e-03  2.14866e-02
 8.16531e-03  2.15881e-02
 8.13356e-03  2.14401e-02
 8.27760e-03  2.14866e-02

 8.00052e-03  2.16450e-02
 8.63241e-03  2.14736e-02
 8.52571e-03  2.15809e-02
 8.48608e-03  2.14349e-02
 8.63241e-03  2.14736e-02

 8.46198e-03  2.16450e-02
 8.98090e-03  2.14663e-02
 8.88159e-03  2.15806e-02
 8.83231e-03  2.14374e-02
 8.98090e-03  2.14663e-02

 8.92344e-03  2.16450e-02
 9.32296e-03  2.14655e-02
 9.23441e-03  2.15883e-02
 9.17237e-03  2.14502e-02
 9.32296e-03  2.14655e-02

 9.38490e-03  2.16450e-02
 9.67259e-03  2.14738e-02
 9.59866e-03  2.16058e-02
 9.52124e-03  2.14758e-02
 9.67259e-03  2.14738e-02

 9.84635e-03  2.16450e-02
 1.00188e-02  2.14901e-02
 9.97181e-03  2.16340e-02
 9.87066e-03  2.15214e-02
 1.00188e-02  2.14901e-02

 1.03078e-02  2.16450e-02
 1.04035e-02  2.15219e-02
 1.03828e-02  2.16718e-02
 1.02633e-02  2.15789e-02
 1.04035e-02  2.15219e-02

 1.07693e-02  2.16450e-02
 1.07693e-02  2.15531e-02
 1.08450e-02  2.16842e-02
 1.06936e-02  2.16842e-02
 1.07693e-02  2.15531e-02

 4.33906e-03  2.22150e-02
 4.99382e-03  2.22150e-02
 4.86274e-03  2.22907e-02
 4.86274e-03  2.21393e-02
 4.99382e-03  2.22150e-02

 4.79844e-03  2.22150e-02
 5.46188e-03  2.22150e-02
 5.33079e-03  2.22907e-02
 5.33079e-03  2.21393e-02
 5.46188e-03  2.22150e-02

 5.25781e-03  2.22150e-02
 5.91603e-03  2.22150e-02
 5.78494e-03  2.22907e-02
 5.78494e-03  2.21393e-02
 5.91603e-03  2.22150e-02

 5.71719e-03  2.22150e-02
 6.35699e-03  2.22150e-02
 6.22591e-03  2.22907e-02
 6.22591e-03  2.21393e-02
 6.35699e-03  2.22150e-02

 6.17656e-03  2.22150e-02
 6.78560e-03  2.22150e-02
 6.65451e-03  2.22907e-02
 6.65451e-03  2.21393e-02
 6.78560e-03  2.22150e-02

 6.63594e-03  2.22150e-02
 7.20309e-03  2.22150e-02
 7.07200e-03  2.22907e-02
 7.07200e-03  2.21393e-02
 7.20309e-03  2.22150e-02

 7.09531e-03  2.22150e-02
 7.61063e-03  2.22150e-02
 7.47954e-03  2.22907e-02
 7.47954e-03  2.21393e-02
 7.61063e-03  2.22150e-02

 7.55469e-03  2.22150e-02
 8.01018e-03  2.22150e-02
 7.87909e-03  2.22907e-02
 7.87909e-03  2.21393e-02
 8.01018e-03  2.22150e-02

 8.01406e-03  2.22150e-02
 8.40283e-03  2.22150e-02
 8.27174e-03  2.22907e-02
 8.27174e-03  2.21393e-02
 8.40283e-03  2.22150e-02

 8.47344e-03  2.22150e-02
 8.79225e-03  2.22150e-02
 8.66117e-03  2.22907e-02
 8.66117e-03  2.21393e-02
 8.79225e-03  2.22150e-02

 8.93281e-03  2.22150e-02
 9.17797e-03  2.22150e-02
 9.04688e-03  2.22907e-02
 9.04688e-03  2.21393e-02
 9.17797e-03  2.22150e-02

 9.39219e-03  2.22150e-02
 9.56939e-03  2.22150e-02
 9.43830e-03  2.22907e-02
 9.43830e-03  2.21393e-02
 9.56939e-03  2.22150e-02

 9.85156e-03  2.22150e-02
 9.95791e-03  2.22150e-02
 9.82683e-03  2.22907e-02
 9.82683e-03  2.21393e-02
 9.95791e-03  2.22150e-02

 1.03109e-02  2.22150e-02
 1.03722e-02  2.22150e-02
 1.02411e-02  2.22907e-02
 1.02411e-02  2.21393e-02
 1.03722e-02  2.22150e-02

 1.07703e-02  2.22150e-02
 1.07703e-02  2.22150e-02
 1.07612e-02  2.20639e-02
 1.08966e-02  2.21316e-02
 1.07703e-02  2.22150e-02

