#[ Fluid velocity 2D plot data file: flw.dat ]
 2.45980e-03 -1.12229e-01
 2.46073e-03 -1.12229e-01
 2.71092e-04 -1.11026e-01
 3.24120e-04 -1.13524e-01
 2.46073e-03 -1.12229e-01

 7.37400e-03 -1.11995e-01
 6.25773e-03 -1.12066e-01
 8.49645e-03 -1.13175e-01
 8.33746e-03 -1.10682e-01
 6.25773e-03 -1.12066e-01

 1.22723e-02 -1.11537e-01
 1.09754e-02 -1.11675e-01
 1.32592e-02 -1.12688e-01
 1.29945e-02 -1.10203e-01
 1.09754e-02 -1.11675e-01

 1.71443e-02 -1.10855e-01
 1.53272e-02 -1.11127e-01
 1.76519e-02 -1.12042e-01
 1.72820e-02 -1.09571e-01
 1.53272e-02 -1.11127e-01

 2.19798e-02 -1.09951e-01
 1.99945e-02 -1.10335e-01
 2.23559e-02 -1.11150e-01
 2.18815e-02 -1.08698e-01
 1.99945e-02 -1.10335e-01

 2.67687e-02 -1.08827e-01
 2.46343e-02 -1.09334e-01
 2.70282e-02 -1.10049e-01
 2.64501e-02 -1.07619e-01
 2.46343e-02 -1.09334e-01

 2.49946e-03 -1.06791e-01
 2.49946e-03 -1.05775e-01
 1.25030e-03 -1.07939e-01
 3.74862e-03 -1.07939e-01
 2.49946e-03 -1.05775e-01

 7.49085e-03 -1.06504e-01
 4.62427e-03 -1.05683e-01
 6.36017e-03 -1.07480e-01
 7.04824e-03 -1.05078e-01
 4.62427e-03 -1.05683e-01

 1.24603e-02 -1.05957e-01
 9.04688e-03 -1.05711e-01
 1.11150e-02 -1.07113e-01
 1.12948e-02 -1.04621e-01
 9.04688e-03 -1.05711e-01

 1.73943e-02 -1.05152e-01
 1.28461e-02 -1.05329e-01
 1.50569e-02 -1.06493e-01
 1.49593e-02 -1.03997e-01
 1.28461e-02 -1.05329e-01

 2.22792e-02 -1.04089e-01
 1.75292e-02 -1.04930e-01
 1.98774e-02 -1.05783e-01
 1.94419e-02 -1.03323e-01
 1.75292e-02 -1.04930e-01

 2.71017e-02 -1.02773e-01
 2.21573e-02 -1.04013e-01
 2.45598e-02 -1.04698e-01
 2.39518e-02 -1.02275e-01
 2.21573e-02 -1.04013e-01

 2.54072e-03 -1.01354e-01
 2.54072e-03 -9.79928e-02
 1.29156e-03 -1.00156e-01
 3.78988e-03 -1.00156e-01
 2.54072e-03 -9.79928e-02

 7.61220e-03 -1.01016e-01
 3.52219e-03 -9.80332e-02
 4.53409e-03 -1.00317e-01
 6.00634e-03 -9.82990e-02
 3.52219e-03 -9.80332e-02

 1.26550e-02 -1.00382e-01
 7.74727e-03 -9.90469e-02
 9.50724e-03 -1.00820e-01
 1.01629e-02 -9.84093e-02
 7.74727e-03 -9.90469e-02

 1.76516e-02 -9.94515e-02
 1.12494e-02 -9.92452e-02
 1.33716e-02 -1.00563e-01
 1.34521e-02 -9.80663e-02
 1.12494e-02 -9.92452e-02

 2.25847e-02 -9.82294e-02
 1.60088e-02 -9.94368e-02
 1.83625e-02 -1.00275e-01
 1.79113e-02 -9.78174e-02
 1.60088e-02 -9.94368e-02

 2.74372e-02 -9.67195e-02
 2.05455e-02 -9.86341e-02
 2.29646e-02 -9.92585e-02
 2.22958e-02 -9.68514e-02
 2.05455e-02 -9.86341e-02

 2.58357e-03 -9.59181e-02
 2.58357e-03 -9.06282e-02
 1.33441e-03 -9.27918e-02
 3.83273e-03 -9.27918e-02
 2.58357e-03 -9.06282e-02

 7.73804e-03 -9.55317e-02
 2.55577e-03 -9.05758e-02
 3.25608e-03 -9.29739e-02
 4.98279e-03 -9.11683e-02
 2.55577e-03 -9.05758e-02

 1.28562e-02 -9.48095e-02
 6.72230e-03 -9.25790e-02
 8.32874e-03 -9.44924e-02
 9.18255e-03 -9.21445e-02
 6.72230e-03 -9.25790e-02

 1.79161e-02 -9.37548e-02
 1.00989e-02 -9.33419e-02
 1.21936e-02 -9.47034e-02
 1.23253e-02 -9.22086e-02
 1.00989e-02 -9.33419e-02

 2.28962e-02 -9.23719e-02
 1.48773e-02 -9.39984e-02
 1.72460e-02 -9.47925e-02
 1.67494e-02 -9.23440e-02
 1.48773e-02 -9.39984e-02

 2.77751e-02 -9.06670e-02
 1.92493e-02 -9.32048e-02
 2.16794e-02 -9.37848e-02
 2.09666e-02 -9.13903e-02
 1.92493e-02 -9.32048e-02

 2.62800e-03 -9.04836e-02
 2.62800e-03 -8.14257e-02
 1.37883e-03 -8.35893e-02
 3.87716e-03 -8.35893e-02
 2.62800e-03 -8.14257e-02

 7.86837e-03 -9.00500e-02
 2.36706e-03 -8.16783e-02
 2.51132e-03 -8.41725e-02
 4.59919e-03 -8.28005e-02
 2.36706e-03 -8.16783e-02

 1.30640e-02 -8.92412e-02
 6.62505e-03 -8.53815e-02
 7.83856e-03 -8.75653e-02
 9.12303e-03 -8.54225e-02
 6.62505e-03 -8.53815e-02

 1.81879e-02 -8.80613e-02
 9.99969e-03 -8.68742e-02
 1.19617e-02 -8.84209e-02
 1.23201e-02 -8.59484e-02
 9.99969e-03 -8.68742e-02

 2.32138e-02 -8.65167e-02
 1.46810e-02 -8.79706e-02
 1.70237e-02 -8.88386e-02
 1.66040e-02 -8.63758e-02
 1.46810e-02 -8.79706e-02

 2.81154e-02 -8.46152e-02
 1.89199e-02 -8.72392e-02
 2.13432e-02 -8.78467e-02
 2.06577e-02 -8.54443e-02
 1.89199e-02 -8.72392e-02

 2.67399e-03 -8.50504e-02
 2.67399e-03 -7.40863e-02
 1.42483e-03 -7.62499e-02
 3.92316e-03 -7.62499e-02
 2.67399e-03 -7.40863e-02

 8.00317e-03 -8.45714e-02
 3.04199e-03 -7.41409e-02
 2.84327e-03 -7.66313e-02
 5.09939e-03 -7.55582e-02
 3.04199e-03 -7.41409e-02

 1.32784e-02 -8.36765e-02
 7.40980e-03 -7.87863e-02
 8.27230e-03 -8.11310e-02
 9.87164e-03 -7.92117e-02
 7.40980e-03 -7.87863e-02

 1.84671e-02 -8.23712e-02
 1.09352e-02 -8.04756e-02
 1.27285e-02 -8.22150e-02
 1.33382e-02 -7.97923e-02
 1.09352e-02 -8.04756e-02

 2.35375e-02 -8.06635e-02
 1.56603e-02 -8.15624e-02
 1.79516e-02 -8.25582e-02
 1.76683e-02 -8.00760e-02
 1.56603e-02 -8.15624e-02

 2.84583e-02 -7.85641e-02
 2.00082e-02 -8.07135e-02
 2.24130e-02 -8.13907e-02
 2.17972e-02 -7.89695e-02
 2.00082e-02 -8.07135e-02

 2.72155e-03 -7.96185e-02
 2.72155e-03 -6.52647e-02
 1.47239e-03 -6.74283e-02
 3.97072e-03 -6.74283e-02
 2.72155e-03 -6.52647e-02

 8.14243e-03 -7.90961e-02
 4.75245e-03 -6.54900e-02
 4.06342e-03 -6.78914e-02
 6.48764e-03 -6.72874e-02
 4.75245e-03 -6.54900e-02

 1.34994e-02 -7.81157e-02
 9.38362e-03 -7.11633e-02
 9.41089e-03 -7.36615e-02
 1.15607e-02 -7.23888e-02
 9.38362e-03 -7.11633e-02

 1.87537e-02 -7.66844e-02
 1.35119e-02 -7.32134e-02
 1.46262e-02 -7.54495e-02
 1.60056e-02 -7.33664e-02
 1.35119e-02 -7.32134e-02

 2.38674e-02 -7.48125e-02
 1.84993e-02 -7.43118e-02
 2.05375e-02 -7.57565e-02
 2.07695e-02 -7.32690e-02
 1.84993e-02 -7.43118e-02

 2.88037e-02 -7.25137e-02
 2.32394e-02 -7.32669e-02
 2.55511e-02 -7.42145e-02
 2.52160e-02 -7.17388e-02
 2.32394e-02 -7.32669e-02

 2.77066e-03 -7.41880e-02
 2.77066e-03 -5.99575e-02
 1.52150e-03 -6.21211e-02
 4.01982e-03 -6.21211e-02
 2.77066e-03 -5.99575e-02

 8.28615e-03 -7.36240e-02
 7.32624e-03 -5.94521e-02
 6.22615e-03 -6.16951e-02
 8.71876e-03 -6.15263e-02
 7.32624e-03 -5.94521e-02

 1.37270e-02 -7.25587e-02
 1.24411e-02 -6.49778e-02
 1.15714e-02 -6.73198e-02
 1.40345e-02 -6.69020e-02
 1.24411e-02 -6.49778e-02

 1.90476e-02 -7.10008e-02
 1.74154e-02 -6.66525e-02
 1.70063e-02 -6.91171e-02
 1.93452e-02 -6.82391e-02
 1.74154e-02 -6.66525e-02

 2.42036e-02 -6.89636e-02
 2.28290e-02 -6.70244e-02
 2.30611e-02 -6.95120e-02
 2.50993e-02 -6.80672e-02
 2.28290e-02 -6.70244e-02

 2.91516e-02 -6.64640e-02
 2.80109e-02 -6.53761e-02
 2.87145e-02 -6.77733e-02
 3.04387e-02 -6.59653e-02
 2.80109e-02 -6.53761e-02

 2.82131e-03 -6.87588e-02
 2.82131e-03 -5.32642e-02
 1.57215e-03 -5.54278e-02
 4.07047e-03 -5.54278e-02
 2.82131e-03 -5.32642e-02

 8.43432e-03 -6.81554e-02
 1.09719e-02 -5.28002e-02
 9.38665e-03 -5.47312e-02
 1.18515e-02 -5.51385e-02
 1.09719e-02 -5.28002e-02

 1.39613e-02 -6.70056e-02
 1.69075e-02 -5.77099e-02
 1.50631e-02 -5.93949e-02
 1.74446e-02 -6.01498e-02
 1.69075e-02 -5.77099e-02

 1.93491e-02 -6.53207e-02
 2.31585e-02 -5.92003e-02
 2.09547e-02 -6.03771e-02
 2.30757e-02 -6.16972e-02
 2.31585e-02 -5.92003e-02

 2.45460e-02 -6.31167e-02
 2.88504e-02 -5.89670e-02
 2.64258e-02 -5.95694e-02
 2.81597e-02 -6.13680e-02
 2.88504e-02 -5.89670e-02

 2.95021e-02 -6.04150e-02
 3.44850e-02 -5.65913e-02
 3.20081e-02 -5.69174e-02
 3.35290e-02 -5.88995e-02
 3.44850e-02 -5.65913e-02

 2.87349e-03 -6.33311e-02
 2.87349e-03 -5.21531e-02
 1.62433e-03 -5.43167e-02
 4.12265e-03 -5.43167e-02
 2.87349e-03 -5.21531e-02

 8.58693e-03 -6.26901e-02
 1.47810e-02 -5.04176e-02
 1.26910e-02 -5.17863e-02
 1.49213e-02 -5.29120e-02
 1.47810e-02 -5.04176e-02

 1.42022e-02 -6.14566e-02
 2.18544e-02 -5.32478e-02
 1.94653e-02 -5.39787e-02
 2.12928e-02 -5.56822e-02
 2.18544e-02 -5.32478e-02

 1.96580e-02 -5.96439e-02
 2.92868e-02 -5.30298e-02
 2.67962e-02 -5.32252e-02
 2.82107e-02 -5.52845e-02
 2.92868e-02 -5.30298e-02

 2.48948e-02 -5.72719e-02
 3.49805e-02 -5.11817e-02
 3.24827e-02 -5.12308e-02
 3.37741e-02 -5.33694e-02
 3.49805e-02 -5.11817e-02

 2.98552e-02 -5.43666e-02
 4.03934e-02 -4.77855e-02
 3.78965e-02 -4.78720e-02
 3.92199e-02 -4.99911e-02
 4.03934e-02 -4.77855e-02

 2.92720e-03 -5.79048e-02
 2.92720e-03 -4.80941e-02
 1.67803e-03 -5.02577e-02
 4.17636e-03 -5.02577e-02
 2.92720e-03 -4.80941e-02

 8.74398e-03 -5.72284e-02
 1.87138e-02 -4.74133e-02
 1.62956e-02 -4.80410e-02
 1.80483e-02 -4.98213e-02
 1.87138e-02 -4.74133e-02

 1.44499e-02 -5.59116e-02
 2.66969e-02 -4.76039e-02
 2.42052e-02 -4.77847e-02
 2.56076e-02 -4.98522e-02
 2.66969e-02 -4.76039e-02

 1.99746e-02 -5.39705e-02
 3.48049e-02 -4.63746e-02
 3.23097e-02 -4.62491e-02
 3.34486e-02 -4.84727e-02
 3.48049e-02 -4.63746e-02

 2.52499e-02 -5.14291e-02
 3.97192e-02 -4.30329e-02
 3.72209e-02 -4.30384e-02
 3.84748e-02 -4.51993e-02
 3.97192e-02 -4.30329e-02

 3.02108e-02 -4.83188e-02
 4.52010e-02 -3.92111e-02
 4.27033e-02 -3.92670e-02
 4.40006e-02 -4.14021e-02
 4.52010e-02 -3.92111e-02

 2.98242e-03 -5.24799e-02
 3.02098e-03 -5.24776e-02
 7.85889e-04 -5.13614e-02
 9.36731e-04 -5.38551e-02
 3.02098e-03 -5.24776e-02

 8.90546e-03 -5.17703e-02
 1.73608e-02 -5.02208e-02
 1.50075e-02 -4.93821e-02
 1.54578e-02 -5.18395e-02
 1.73608e-02 -5.02208e-02

 1.47043e-02 -5.03707e-02
 2.42539e-02 -4.73949e-02
 2.18166e-02 -4.68460e-02
 2.25599e-02 -4.92312e-02
 2.42539e-02 -4.73949e-02

 2.02987e-02 -4.83004e-02
 3.18965e-02 -4.30807e-02
 2.94108e-02 -4.28296e-02
 3.04361e-02 -4.51078e-02
 3.18965e-02 -4.30807e-02

 2.56115e-02 -4.55882e-02
 3.61107e-02 -3.92412e-02
 3.36129e-02 -3.92915e-02
 3.49053e-02 -4.14295e-02
 3.61107e-02 -3.92412e-02

 3.05691e-02 -4.22715e-02
 4.15842e-02 -3.36418e-02
 3.91107e-02 -3.39928e-02
 4.06514e-02 -3.59595e-02
 4.15842e-02 -3.36418e-02

 3.62105e-02 -4.03946e-02
 4.96115e-02 -2.54544e-02
 4.72369e-02 -2.62309e-02
 4.90967e-02 -2.78991e-02
 4.96115e-02 -2.54544e-02

 3.59826e-02 -4.67171e-02
 4.90608e-02 -3.72188e-02
 4.65761e-02 -3.74795e-02
 4.80442e-02 -3.95009e-02
 4.90608e-02 -3.72188e-02

 3.57546e-02 -5.30396e-02
 4.41160e-02 -4.65355e-02
 4.16413e-02 -4.68779e-02
 4.31752e-02 -4.88499e-02
 4.41160e-02 -4.65355e-02

 3.55267e-02 -5.93621e-02
 3.82768e-02 -5.76726e-02
 3.57794e-02 -5.77408e-02
 3.70872e-02 -5.98695e-02
 3.82768e-02 -5.76726e-02

 3.52987e-02 -6.56846e-02
 3.22273e-02 -6.66752e-02
 3.46698e-02 -6.72000e-02
 3.39030e-02 -6.48222e-02
 3.22273e-02 -6.66752e-02

 3.50707e-02 -7.20071e-02
 2.79802e-02 -7.52902e-02
 3.04685e-02 -7.55147e-02
 2.94188e-02 -7.32476e-02
 2.79802e-02 -7.52902e-02

 3.48428e-02 -7.83296e-02
 2.55463e-02 -8.24861e-02
 2.80313e-02 -8.27434e-02
 2.70116e-02 -8.04626e-02
 2.55463e-02 -8.24861e-02

 3.46148e-02 -8.46521e-02
 2.53076e-02 -8.88238e-02
 2.77929e-02 -8.90788e-02
 2.67710e-02 -8.67990e-02
 2.53076e-02 -8.88238e-02

 3.43869e-02 -9.09746e-02
 2.64437e-02 -9.43441e-02
 2.89233e-02 -9.46492e-02
 2.79477e-02 -9.23492e-02
 2.64437e-02 -9.43441e-02

 3.41589e-02 -9.72971e-02
 2.82412e-02 -9.96384e-02
 3.07126e-02 -1.00004e-01
 2.97935e-02 -9.76809e-02
 2.82412e-02 -9.96384e-02

 3.39310e-02 -1.03620e-01
 3.02839e-02 -1.04877e-01
 3.27365e-02 -1.05353e-01
 3.19223e-02 -1.02991e-01
 3.02839e-02 -1.04877e-01

 3.25715e-02 -1.08703e-01
 3.12471e-02 -1.09139e-01
 3.36930e-02 -1.09648e-01
 3.29109e-02 -1.07275e-01
 3.12471e-02 -1.09139e-01

 4.27359e-02 -4.02461e-02
 5.36943e-02 -2.60841e-02
 5.13823e-02 -2.70308e-02
 5.33581e-02 -2.85597e-02
 5.36943e-02 -2.60841e-02

 4.27526e-02 -4.68905e-02
 4.99700e-02 -3.93773e-02
 4.75703e-02 -4.00722e-02
 4.93720e-02 -4.18030e-02
 4.99700e-02 -3.93773e-02

 4.27694e-02 -5.35349e-02
 4.54366e-02 -5.05057e-02
 4.30693e-02 -5.13040e-02
 4.49443e-02 -5.29550e-02
 4.54366e-02 -5.05057e-02

 4.27862e-02 -6.01793e-02
 4.01682e-02 -6.21807e-02
 4.26457e-02 -6.18591e-02
 4.11283e-02 -5.98743e-02
 4.01682e-02 -6.21807e-02

 4.28029e-02 -6.68237e-02
 3.58990e-02 -7.13411e-02
 3.83935e-02 -7.12018e-02
 3.70255e-02 -6.91112e-02
 3.58990e-02 -7.13411e-02

 4.28197e-02 -7.34681e-02
 3.33673e-02 -7.94593e-02
 3.58635e-02 -7.93561e-02
 3.45260e-02 -7.72459e-02
 3.33673e-02 -7.94593e-02

 4.28364e-02 -8.01124e-02
 3.30790e-02 -8.59201e-02
 3.55771e-02 -8.58869e-02
 3.42993e-02 -8.37400e-02
 3.30790e-02 -8.59201e-02

 4.28532e-02 -8.67568e-02
 3.46564e-02 -9.14125e-02
 3.71547e-02 -9.14301e-02
 3.59208e-02 -8.92577e-02
 3.46564e-02 -9.14125e-02

 4.28699e-02 -9.34012e-02
 3.69667e-02 -9.64162e-02
 3.94617e-02 -9.65446e-02
 3.83253e-02 -9.43196e-02
 3.69667e-02 -9.64162e-02

 4.28867e-02 -1.00046e-01
 3.93980e-02 -1.01626e-01
 4.18843e-02 -1.01871e-01
 4.08534e-02 -9.95953e-02
 3.93980e-02 -1.01626e-01

 4.17449e-02 -1.05468e-01
 4.03727e-02 -1.06054e-01
 4.28530e-02 -1.06354e-01
 4.18724e-02 -1.04056e-01
 4.03727e-02 -1.06054e-01

 4.92708e-02 -4.00910e-02
 5.40913e-02 -3.15668e-02
 5.19389e-02 -3.28352e-02
 5.41136e-02 -3.40650e-02
 5.40913e-02 -3.15668e-02

 4.95512e-02 -4.70442e-02
 5.08258e-02 -4.52510e-02
 4.85541e-02 -4.62909e-02
 5.05905e-02 -4.77382e-02
 5.08258e-02 -4.52510e-02

 4.98317e-02 -5.39974e-02
 4.71755e-02 -5.69444e-02
 4.95519e-02 -5.61736e-02
 4.76962e-02 -5.45009e-02
 4.71755e-02 -5.69444e-02

 5.01122e-02 -6.09505e-02
 4.34764e-02 -6.76610e-02
 4.58859e-02 -6.70009e-02
 4.41095e-02 -6.52442e-02
 4.34764e-02 -6.76610e-02

 5.03927e-02 -6.79037e-02
 4.13377e-02 -7.60185e-02
 4.37827e-02 -7.55048e-02
 4.21153e-02 -7.36442e-02
 4.13377e-02 -7.60185e-02

 5.06731e-02 -7.48568e-02
 4.10981e-02 -8.28742e-02
 4.35589e-02 -8.24429e-02
 4.19550e-02 -8.05274e-02
 4.10981e-02 -8.28742e-02

 5.09536e-02 -8.18100e-02
 4.29695e-02 -8.80900e-02
 4.54423e-02 -8.77342e-02
 4.38978e-02 -8.57705e-02
 4.29695e-02 -8.80900e-02

 5.12341e-02 -8.87631e-02
 4.58077e-02 -9.27742e-02
 4.82901e-02 -9.24926e-02
 4.68051e-02 -9.04836e-02
 4.58077e-02 -9.27742e-02

 5.15146e-02 -9.57163e-02
 4.85780e-02 -9.76914e-02
 5.10705e-02 -9.75204e-02
 4.96762e-02 -9.54474e-02
 4.85780e-02 -9.76914e-02

 5.06129e-02 -1.01466e-01
 4.93578e-02 -1.02132e-01
 5.18545e-02 -1.02221e-01
 5.06827e-02 -1.00014e-01
 4.93578e-02 -1.02132e-01

 5.58147e-02 -3.99288e-02
 5.46621e-02 -4.03560e-02
 5.71250e-02 -4.07753e-02
 5.62567e-02 -3.84328e-02
 5.46621e-02 -4.03560e-02

 5.63771e-02 -4.71764e-02
 5.26618e-02 -5.28923e-02
 5.48883e-02 -5.17590e-02
 5.27936e-02 -5.03974e-02
 5.26618e-02 -5.28923e-02

 5.69395e-02 -5.44239e-02
 5.06227e-02 -6.36318e-02
 5.28767e-02 -6.25543e-02
 5.08166e-02 -6.11410e-02
 5.06227e-02 -6.36318e-02

 5.75018e-02 -6.16715e-02
 4.90390e-02 -7.23863e-02
 5.13603e-02 -7.14627e-02
 4.93998e-02 -6.99142e-02
 4.90390e-02 -7.23863e-02

 5.80642e-02 -6.89191e-02
 4.91402e-02 -7.89421e-02
 5.15119e-02 -7.81568e-02
 4.96460e-02 -7.64955e-02
 4.91402e-02 -7.89421e-02

 5.86266e-02 -7.61666e-02
 5.11449e-02 -8.39307e-02
 5.35457e-02 -8.32395e-02
 5.17467e-02 -8.15059e-02
 5.11449e-02 -8.39307e-02

 5.91890e-02 -8.34142e-02
 5.43415e-02 -8.79339e-02
 5.67758e-02 -8.73721e-02
 5.50721e-02 -8.55448e-02
 5.43415e-02 -8.79339e-02

 5.97513e-02 -9.06618e-02
 5.74792e-02 -9.26478e-02
 5.99303e-02 -9.21644e-02
 5.82861e-02 -9.02834e-02
 5.74792e-02 -9.26478e-02

 5.91113e-02 -9.67234e-02
 5.81835e-02 -9.73222e-02
 6.06787e-02 -9.71985e-02
 5.93240e-02 -9.50994e-02
 5.81835e-02 -9.73222e-02

 6.23673e-02 -3.97588e-02
 5.76670e-02 -4.97154e-02
 5.97202e-02 -4.82921e-02
 5.74610e-02 -4.72255e-02
 5.76670e-02 -4.97154e-02

 6.32289e-02 -4.72853e-02
 5.70338e-02 -6.00722e-02
 5.91013e-02 -5.86697e-02
 5.68529e-02 -5.75804e-02
 5.70338e-02 -6.00722e-02

 6.40904e-02 -5.48117e-02
 5.67716e-02 -6.82744e-02
 5.89024e-02 -6.69702e-02
 5.67075e-02 -6.57769e-02
 5.67716e-02 -6.82744e-02

 6.49519e-02 -6.23382e-02
 5.73568e-02 -7.45443e-02
 5.95604e-02 -7.33672e-02
 5.74392e-02 -7.20473e-02
 5.73568e-02 -7.45443e-02

 6.58135e-02 -6.98647e-02
 5.95876e-02 -7.89671e-02
 6.18402e-02 -7.78864e-02
 5.97781e-02 -7.64760e-02
 5.95876e-02 -7.89671e-02

 6.66750e-02 -7.73911e-02
 6.29105e-02 -8.25015e-02
 6.51995e-02 -8.15003e-02
 6.31880e-02 -8.00186e-02
 6.29105e-02 -8.25015e-02

 6.75366e-02 -8.49176e-02
 6.62383e-02 -8.67985e-02
 6.84954e-02 -8.57274e-02
 6.64393e-02 -8.43082e-02
 6.62383e-02 -8.67985e-02

 6.71786e-02 -9.12750e-02
 6.65725e-02 -9.17435e-02
 6.90483e-02 -9.14086e-02
 6.75204e-02 -8.94320e-02
 6.65725e-02 -9.17435e-02

 6.89281e-02 -3.95805e-02
 6.33808e-02 -5.61254e-02
 6.52529e-02 -5.44711e-02
 6.28842e-02 -5.36769e-02
 6.33808e-02 -5.61254e-02

 7.01050e-02 -4.73692e-02
 6.41315e-02 -6.35199e-02
 6.60537e-02 -6.19240e-02
 6.37105e-02 -6.10573e-02
 6.41315e-02 -6.35199e-02

 7.12820e-02 -5.51580e-02
 6.55566e-02 -6.89117e-02
 6.75413e-02 -6.73944e-02
 6.52349e-02 -6.64342e-02
 6.55566e-02 -6.89117e-02

 7.24590e-02 -6.29467e-02
 6.79510e-02 -7.28383e-02
 6.99850e-02 -7.13876e-02
 6.77116e-02 -7.03515e-02
 6.79510e-02 -7.28383e-02

 7.36360e-02 -7.07355e-02
 7.12625e-02 -7.58191e-02
 7.33097e-02 -7.43870e-02
 7.10460e-02 -7.33301e-02
 7.12625e-02 -7.58191e-02

 7.48130e-02 -7.85242e-02
 7.46159e-02 -7.99227e-02
 7.61548e-02 -7.79545e-02
 7.36809e-02 -7.76060e-02
 7.46159e-02 -7.99227e-02

 7.47565e-02 -8.51596e-02
 7.45824e-02 -8.53195e-02
 7.70209e-02 -8.47759e-02
 7.53308e-02 -8.29359e-02
 7.45824e-02 -8.53195e-02

 7.54964e-02 -3.93933e-02
 7.10356e-02 -5.68564e-02
 7.27814e-02 -5.50692e-02
 7.03608e-02 -5.44509e-02
 7.10356e-02 -5.68564e-02

 7.70041e-02 -4.74267e-02
 7.31481e-02 -6.16666e-02
 7.49194e-02 -5.99047e-02
 7.25079e-02 -5.92517e-02
 7.31481e-02 -6.16666e-02

 7.85117e-02 -5.54601e-02
 7.60297e-02 -6.50221e-02
 7.77824e-02 -6.32418e-02
 7.53642e-02 -6.26141e-02
 7.60297e-02 -6.50221e-02

 8.00193e-02 -6.34934e-02
 7.93028e-02 -6.79339e-02
 8.08807e-02 -6.59970e-02
 7.84143e-02 -6.55990e-02
 7.93028e-02 -6.79339e-02

 8.15270e-02 -7.15268e-02
 8.25440e-02 -7.20859e-02
 8.12498e-02 -6.99489e-02
 8.00462e-02 -7.21382e-02
 8.25440e-02 -7.20859e-02

 8.17899e-02 -7.84212e-02
 8.20595e-02 -7.81277e-02
 7.96759e-02 -7.88762e-02
 8.15159e-02 -8.05662e-02
 8.20595e-02 -7.81277e-02

 8.20718e-02 -3.91969e-02
 7.96086e-02 -5.22064e-02
 8.12385e-02 -5.03129e-02
 7.87838e-02 -4.98482e-02
 7.96086e-02 -5.22064e-02

 8.39242e-02 -4.74562e-02
 8.29414e-02 -5.53942e-02
 8.44469e-02 -5.34004e-02
 8.19675e-02 -5.30934e-02
 8.29414e-02 -5.53942e-02

 8.57766e-02 -5.57156e-02
 8.64462e-02 -5.84650e-02
 8.71479e-02 -5.60672e-02
 8.47205e-02 -5.66584e-02
 8.64462e-02 -5.84650e-02

 8.76290e-02 -6.39750e-02
 8.95540e-02 -6.33201e-02
 8.71033e-02 -6.28343e-02
 8.79079e-02 -6.51995e-02
 8.95540e-02 -6.33201e-02

 8.82279e-02 -7.11080e-02
 8.89294e-02 -7.02005e-02
 8.66179e-02 -7.11484e-02
 8.85946e-02 -7.26763e-02
 8.89294e-02 -7.02005e-02

 8.86536e-02 -3.89906e-02
 8.85532e-02 -4.46381e-02
 8.98406e-02 -4.24971e-02
 8.73427e-02 -4.24526e-02
 8.85532e-02 -4.46381e-02

 9.08637e-02 -4.74565e-02
 9.22854e-02 -4.81386e-02
 9.08750e-02 -4.60765e-02
 8.97943e-02 -4.83290e-02
 9.22854e-02 -4.81386e-02

 9.30737e-02 -5.59224e-02
 9.54553e-02 -5.39510e-02
 9.29921e-02 -5.43683e-02
 9.45851e-02 -5.62929e-02
 9.54553e-02 -5.39510e-02

 9.40239e-02 -6.32726e-02
 9.49670e-02 -6.18113e-02
 9.27442e-02 -6.29518e-02
 9.48433e-02 -6.43066e-02
 9.49670e-02 -6.18113e-02

 9.52413e-02 -3.87743e-02
 9.68013e-02 -3.76386e-02
 9.43169e-02 -3.79021e-02
 9.57873e-02 -3.99219e-02
 9.68013e-02 -3.76386e-02

 9.78206e-02 -4.74263e-02
 1.00118e-01 -4.43189e-02
 9.78277e-02 -4.53158e-02
 9.98364e-02 -4.68012e-02
 1.00118e-01 -4.43189e-02

 9.91357e-02 -5.49712e-02
 1.00139e-01 -5.30823e-02
 9.80209e-02 -5.44072e-02
 1.00227e-01 -5.55791e-02
 1.00139e-01 -5.30823e-02

 1.01834e-01 -3.85474e-02
 1.03753e-01 -3.48009e-02
 1.01655e-01 -3.61572e-02
 1.03878e-01 -3.72961e-02
 1.03753e-01 -3.48009e-02

 1.03526e-01 -4.62635e-02
 1.04463e-01 -4.40671e-02
 1.02465e-01 -4.55668e-02
 1.04763e-01 -4.65473e-02
 1.04463e-01 -4.40671e-02

 1.07163e-01 -3.72121e-02
 1.07818e-01 -3.52248e-02
 1.05955e-01 -3.68886e-02
 1.08327e-01 -3.76707e-02
 1.07818e-01 -3.52248e-02

 1.07478e-01 -3.14796e-02
 1.08298e-01 -2.85810e-02
 1.06507e-01 -3.03224e-02
 1.08911e-01 -3.10031e-02
 1.08298e-01 -2.85810e-02

 1.08809e-01 -2.67494e-02
 1.09505e-01 -2.38231e-02
 1.07790e-01 -2.56390e-02
 1.10220e-01 -2.62170e-02
 1.09505e-01 -2.38231e-02

 1.09924e-01 -2.19630e-02
 1.10466e-01 -1.91606e-02
 1.08828e-01 -2.10477e-02
 1.11281e-01 -2.15220e-02
 1.10466e-01 -1.91606e-02

 1.10818e-01 -1.71304e-02
 1.11209e-01 -1.45164e-02
 1.09654e-01 -1.64712e-02
 1.12124e-01 -1.68411e-02
 1.11209e-01 -1.45164e-02

 1.11490e-01 -1.22618e-02
 1.11743e-01 -9.88518e-03
 1.10272e-01 -1.19043e-02
 1.12756e-01 -1.21689e-02
 1.11743e-01 -9.88518e-03

 1.11939e-01 -7.36740e-03
 1.12075e-01 -5.24569e-03
 1.10690e-01 -7.32543e-03
 1.13184e-01 -7.48442e-03
 1.12075e-01 -5.24569e-03

 1.12164e-01 -2.45752e-03
 1.12204e-01 -5.90348e-04
 1.10909e-01 -2.72696e-03
 1.13407e-01 -2.77999e-03
 1.12204e-01 -5.90348e-04

 1.12164e-01  2.45752e-03
 1.12130e-01  4.06092e-03
 1.10927e-01  1.87128e-03
 1.13425e-01  1.92431e-03
 1.12130e-01  4.06092e-03

 1.11939e-01  7.36740e-03
 1.11854e-01  8.69875e-03
 1.10745e-01  6.46003e-03
 1.13239e-01  6.61902e-03
 1.11854e-01  8.69875e-03

 1.11490e-01  1.22618e-02
 1.11386e-01  1.32380e-02
 1.10373e-01  1.09543e-02
 1.12858e-01  1.12189e-02
 1.11386e-01  1.32380e-02

 1.10818e-01  1.71304e-02
 1.10735e-01  1.76820e-02
 1.09820e-01  1.53573e-02
 1.12291e-01  1.57271e-02
 1.10735e-01  1.76820e-02

 1.09924e-01  2.19630e-02
 1.09937e-01  2.18947e-02
 1.10753e-01  2.42561e-02
 1.08300e-01  2.37817e-02
 1.09937e-01  2.18947e-02

 1.08809e-01  2.67494e-02
 1.08955e-01  2.61356e-02
 1.09670e-01  2.85296e-02
 1.07240e-01  2.79515e-02
 1.08955e-01  2.61356e-02

 1.07478e-01  3.14796e-02
 1.07884e-01  3.00435e-02
 1.08497e-01  3.24656e-02
 1.06093e-01  3.17849e-02
 1.07884e-01  3.00435e-02

 1.01186e-01 -3.17882e-02
 1.02712e-01 -2.78751e-02
 1.00762e-01 -2.94368e-02
 1.03090e-01 -3.03447e-02
 1.02712e-01 -2.78751e-02

 1.02724e-01 -2.70467e-02
 1.03776e-01 -2.29147e-02
 1.02031e-01 -2.47030e-02
 1.04452e-01 -2.53197e-02
 1.03776e-01 -2.29147e-02

 1.04012e-01 -2.22310e-02
 1.04610e-01 -1.80987e-02
 1.03064e-01 -2.00609e-02
 1.05536e-01 -2.04191e-02
 1.04610e-01 -1.80987e-02

 1.05047e-01 -1.73543e-02
 1.05257e-01 -1.34529e-02
 1.03893e-01 -1.55463e-02
 1.06388e-01 -1.56805e-02
 1.05257e-01 -1.34529e-02

 1.05825e-01 -1.24300e-02
 1.05731e-01 -8.93363e-03
 1.04541e-01 -1.11301e-02
 1.07038e-01 -1.10628e-02
 1.05731e-01 -8.93363e-03

 1.06345e-01 -7.47169e-03
 1.06025e-01 -4.52041e-03
 1.05017e-01 -6.80616e-03
 1.07500e-01 -6.53664e-03
 1.06025e-01 -4.52041e-03

 1.06606e-01 -2.49284e-03
 1.06122e-01 -2.06924e-04
 1.05348e-01 -2.58246e-03
 1.07792e-01 -2.06465e-03
 1.06122e-01 -2.06924e-04

 1.06606e-01  2.49284e-03
 1.06003e-01  3.96151e-03
 1.05669e-01  1.48558e-03
 1.07980e-01  2.43446e-03
 1.06003e-01  3.96151e-03

 1.06345e-01  7.47169e-03
 1.05638e-01  7.94052e-03
 1.06751e-01  5.70394e-03
 1.08132e-01  7.78633e-03
 1.05638e-01  7.94052e-03

 1.05825e-01  1.24300e-02
 1.05025e-01  1.16404e-02
 1.07442e-01  1.22709e-02
 1.05688e-01  1.40492e-02
 1.05025e-01  1.16404e-02

 1.05047e-01  1.73543e-02
 1.04200e-01  1.51244e-02
 1.06136e-01  1.67041e-02
 1.03800e-01  1.75904e-02
 1.04200e-01  1.51244e-02

 1.04012e-01  2.22310e-02
 1.03320e-01  1.84587e-02
 1.04939e-01  2.03615e-02
 1.02481e-01  2.08122e-02
 1.03320e-01  1.84587e-02

 1.02724e-01  2.70467e-02
 1.02413e-01  2.19553e-02
 1.03792e-01  2.40390e-02
 1.01298e-01  2.41909e-02
 1.02413e-01  2.19553e-02

 1.01186e-01  3.17882e-02
 1.01438e-01  2.56753e-02
 1.02597e-01  2.78886e-02
 1.00100e-01  2.77856e-02
 1.01438e-01  2.56753e-02

 9.48956e-02 -3.21001e-02
 9.54929e-02 -3.26819e-02
 9.48147e-02 -3.02774e-02
 9.30714e-02 -3.20670e-02
 9.54929e-02 -3.26819e-02

 9.66440e-02 -2.73523e-02
 9.68356e-02 -2.72621e-02
 9.43460e-02 -2.70538e-02
 9.54104e-02 -2.93141e-02
 9.68356e-02 -2.72621e-02

 9.81104e-02 -2.25097e-02
 9.78541e-02 -2.20033e-02
 9.77169e-02 -2.44979e-02
 9.99459e-02 -2.33694e-02
 9.78541e-02 -2.20033e-02

 9.92898e-02 -1.75890e-02
 9.86027e-02 -1.69717e-02
 9.93773e-02 -1.93469e-02
 1.01047e-01 -1.74885e-02
 9.86027e-02 -1.69717e-02

 1.00178e-01 -1.26073e-02
 9.91304e-02 -1.22071e-02
 1.00706e-01 -1.41463e-02
 1.01597e-01 -1.18125e-02
 9.91304e-02 -1.22071e-02

 1.00772e-01 -7.58193e-03
 9.94251e-02 -7.73908e-03
 1.01719e-01 -8.72903e-03
 1.01429e-01 -6.24755e-03
 9.94251e-02 -7.73908e-03

 1.01069e-01 -2.53024e-03
 9.94565e-02 -3.59904e-03
 1.01950e-01 -3.44492e-03
 1.00570e-01 -1.36249e-03
 9.94565e-02 -3.59904e-03

 1.01069e-01  2.53024e-03
 9.91991e-02  1.75039e-04
 1.01523e-01  1.09273e-03
 9.95662e-02  2.64625e-03
 9.91991e-02  1.75039e-04

 1.00772e-01  7.58193e-03
 9.86635e-02  3.60135e-03
 1.00780e-01  4.92872e-03
 9.85722e-02  6.09801e-03
 9.86635e-02  3.60135e-03

 1.00178e-01  1.26073e-02
 9.79885e-02  6.79748e-03
 9.99203e-02  8.38160e-03
 9.75825e-02  9.26260e-03
 9.79885e-02  6.79748e-03

 9.92898e-02  1.75890e-02
 9.73496e-02  1.01025e-02
 9.91016e-02  1.18836e-02
 9.66831e-02  1.25103e-02
 9.73496e-02  1.01025e-02

 9.81104e-02  2.25097e-02
 9.69085e-02  1.37221e-02
 9.84393e-02  1.56965e-02
 9.59640e-02  1.60350e-02
 9.69085e-02  1.37221e-02

 9.66440e-02  2.73523e-02
 9.65269e-02  1.77798e-02
 9.78025e-02  1.99279e-02
 9.53043e-02  1.99585e-02
 9.65269e-02  1.77798e-02

 9.48956e-02  3.21001e-02
 9.59644e-02  2.19994e-02
 9.69790e-02  2.42825e-02
 9.44945e-02  2.40196e-02
 9.59644e-02  2.19994e-02

 8.86078e-02 -3.24155e-02
 8.75408e-02 -4.02135e-02
 8.90717e-02 -3.82392e-02
 8.65965e-02 -3.79005e-02
 8.75408e-02 -4.02135e-02

 9.05712e-02 -2.76667e-02
 8.93486e-02 -3.45426e-02
 9.09572e-02 -3.26311e-02
 8.84975e-02 -3.21937e-02
 8.93486e-02 -3.45426e-02

 9.22203e-02 -2.27996e-02
 9.07139e-02 -2.89508e-02
 9.24419e-02 -2.71464e-02
 9.00153e-02 -2.65521e-02
 9.07139e-02 -2.89508e-02

 9.35483e-02 -1.78350e-02
 9.16517e-02 -2.35889e-02
 9.35154e-02 -2.19251e-02
 9.11427e-02 -2.11430e-02
 9.16517e-02 -2.35889e-02

 9.45492e-02 -1.27941e-02
 9.22444e-02 -1.85572e-02
 9.42076e-02 -1.70122e-02
 9.18880e-02 -1.60844e-02
 9.22444e-02 -1.85572e-02

 9.52189e-02 -7.69840e-03
 9.24970e-02 -1.39337e-02
 9.45075e-02 -1.24506e-02
 9.22178e-02 -1.14511e-02
 9.24970e-02 -1.39337e-02

 9.55545e-02 -2.56980e-03
 9.24316e-02 -9.73150e-03
 9.44415e-02 -8.24754e-03
 9.21514e-02 -7.24894e-03
 9.24316e-02 -9.73150e-03

 9.55545e-02  2.56980e-03
 9.21163e-02 -5.85755e-03
 9.40902e-02 -4.32612e-03
 9.17770e-02 -3.38237e-03
 9.21163e-02 -5.85755e-03

 9.52189e-02  7.69840e-03
 9.16888e-02 -2.08753e-03
 9.35980e-02 -4.76176e-04
 9.12479e-02  3.71585e-04
 9.16888e-02 -2.08753e-03

 9.45492e-02  1.27941e-02
 9.13784e-02  1.86565e-03
 9.31809e-02  3.59548e-03
 9.07816e-02  4.29165e-03
 9.13784e-02  1.86565e-03

 9.35483e-02  1.78350e-02
 9.12385e-02  6.22029e-03
 9.28857e-02  8.09871e-03
 9.04354e-02  8.58599e-03
 9.12385e-02  6.22029e-03

 9.22203e-02  2.27996e-02
 9.11585e-02  1.09031e-02
 9.25950e-02  1.29471e-02
 9.01066e-02  1.31692e-02
 9.11585e-02  1.09031e-02

 9.05712e-02  2.76667e-02
 9.08384e-02  1.57435e-02
 9.20388e-02  1.79345e-02
 8.95411e-02  1.78786e-02
 9.08384e-02  1.57435e-02

 8.86078e-02  3.24155e-02
 9.00881e-02  2.05360e-02
 9.10602e-02  2.28374e-02
 8.85810e-02  2.25285e-02
 9.00881e-02  2.05360e-02

 8.23223e-02 -3.27344e-02
 7.92506e-02 -4.75490e-02
 8.09130e-02 -4.56840e-02
 7.84667e-02 -4.51768e-02
 7.92506e-02 -4.75490e-02

 8.45051e-02 -2.79902e-02
 8.15424e-02 -4.20608e-02
 8.32105e-02 -4.02010e-02
 8.07658e-02 -3.96862e-02
 8.15424e-02 -4.20608e-02

 8.63418e-02 -2.31013e-02
 8.33038e-02 -3.64678e-02
 8.50014e-02 -3.46348e-02
 8.25652e-02 -3.40811e-02
 8.33038e-02 -3.64678e-02

 8.78227e-02 -1.80928e-02
 8.44997e-02 -3.09394e-02
 8.62509e-02 -2.91576e-02
 8.38321e-02 -2.85319e-02
 8.44997e-02 -3.09394e-02

 8.89402e-02 -1.29907e-02
 8.52591e-02 -2.56167e-02
 8.70639e-02 -2.38892e-02
 8.46655e-02 -2.31900e-02
 8.52591e-02 -2.56167e-02

 8.96884e-02 -7.82140e-03
 8.56343e-02 -2.05616e-02
 8.74808e-02 -1.88786e-02
 8.51001e-02 -1.81211e-02
 8.56343e-02 -2.05616e-02

 9.00635e-02 -2.61164e-03
 8.57523e-02 -1.57198e-02
 8.76149e-02 -1.40548e-02
 8.52417e-02 -1.32743e-02
 8.57523e-02 -1.57198e-02

 9.00635e-02  2.61164e-03
 8.57661e-02 -1.09298e-02
 8.76112e-02 -9.24538e-03
 8.52299e-02 -8.48967e-03
 8.57661e-02 -1.09298e-02

 8.96884e-02  7.82140e-03
 8.58020e-02 -5.98909e-03
 8.75905e-02 -4.24476e-03
 8.51856e-02 -3.56799e-03
 8.58020e-02 -5.98909e-03

 8.89402e-02  1.29907e-02
 8.59564e-02 -7.88819e-04
 8.76352e-02  1.06143e-03
 8.51934e-02  1.59015e-03
 8.59564e-02 -7.88819e-04

 8.78227e-02  1.80928e-02
 8.60757e-02  4.61231e-03
 8.75926e-02  6.59745e-03
 8.51150e-02  6.91852e-03
 8.60757e-02  4.61231e-03

 8.63418e-02  2.31013e-02
 8.59984e-02  9.99404e-03
 8.73038e-02  1.21242e-02
 8.48063e-02  1.21896e-02
 8.59984e-02  9.99404e-03

 8.45051e-02  2.79902e-02
 8.54925e-02  1.52533e-02
 8.65707e-02  1.75069e-02
 8.40799e-02  1.73139e-02
 8.54925e-02  1.52533e-02

 8.23223e-02  3.27344e-02
 8.45001e-02  2.02785e-02
 8.53580e-02  2.26249e-02
 8.28970e-02  2.21946e-02
 8.45001e-02  2.02785e-02

 7.60390e-02 -3.30570e-02
 7.15874e-02 -5.17320e-02
 7.33042e-02 -4.99170e-02
 7.08740e-02 -4.93377e-02
 7.15874e-02 -5.17320e-02

 7.84461e-02 -2.83232e-02
 7.43376e-02 -4.70089e-02
 7.60223e-02 -4.51640e-02
 7.35822e-02 -4.46275e-02
 7.43376e-02 -4.70089e-02

 8.04752e-02 -2.34151e-02
 7.65549e-02 -4.18522e-02
 7.82267e-02 -3.99957e-02
 7.57830e-02 -3.94761e-02
 7.65549e-02 -4.18522e-02

 8.21138e-02 -1.83629e-02
 7.81115e-02 -3.63151e-02
 7.98015e-02 -3.44751e-02
 7.73630e-02 -3.39315e-02
 7.81115e-02 -3.63151e-02

 8.33516e-02 -1.31977e-02
 7.91804e-02 -3.06787e-02
 8.08976e-02 -2.88641e-02
 7.84675e-02 -2.82842e-02
 7.91804e-02 -3.06787e-02

 8.41811e-02 -7.95123e-03
 7.98498e-02 -2.49873e-02
 8.15935e-02 -2.31982e-02
 7.91722e-02 -2.25826e-02
 7.98498e-02 -2.49873e-02

 8.45971e-02 -2.65586e-03
 8.02825e-02 -1.92595e-02
 8.20357e-02 -1.74796e-02
 7.96177e-02 -1.68512e-02
 8.02825e-02 -1.92595e-02

 8.45971e-02  2.65586e-03
 8.06156e-02 -1.34284e-02
 8.23480e-02 -1.16283e-02
 7.99229e-02 -1.10280e-02
 8.06156e-02 -1.34284e-02

 8.41811e-02  7.95123e-03
 8.08891e-02 -7.48517e-03
 8.25620e-02 -5.62969e-03
 8.01187e-02 -5.10860e-03
 8.08891e-02 -7.48517e-03

 8.33516e-02  1.31977e-02
 8.11168e-02 -1.49049e-03
 8.26772e-02  4.60610e-04
 8.02073e-02  8.36409e-04
 8.11168e-02 -1.49049e-03

 8.21138e-02  1.83629e-02
 8.10896e-02  4.40049e-03
 8.24937e-02  6.46692e-03
 8.00020e-02  6.64969e-03
 8.10896e-02  4.40049e-03

 8.04752e-02  2.34151e-02
 8.07072e-02  1.00540e-02
 8.19187e-02  1.22390e-02
 7.94207e-02  1.21956e-02
 8.07072e-02  1.00540e-02

 7.84461e-02  2.83232e-02
 7.98492e-02  1.54760e-02
 8.08560e-02  1.77625e-02
 7.83725e-02  1.74913e-02
 7.98492e-02  1.54760e-02

 7.60390e-02  3.30570e-02
 7.84910e-02  2.06761e-02
 7.92960e-02  2.30411e-02
 7.68453e-02  2.25558e-02
 7.84910e-02  2.06761e-02

 6.97580e-02 -3.33835e-02
 6.47358e-02 -5.05127e-02
 6.65432e-02 -4.87880e-02
 6.41458e-02 -4.80851e-02
 6.47358e-02 -5.05127e-02

 7.23943e-02 -2.86660e-02
 6.79086e-02 -4.71184e-02
 6.96335e-02 -4.53111e-02
 6.72059e-02 -4.47210e-02
 6.79086e-02 -4.71184e-02

 7.46212e-02 -2.37417e-02
 7.05192e-02 -4.29308e-02
 7.21930e-02 -4.10761e-02
 6.97499e-02 -4.05539e-02
 7.05192e-02 -4.29308e-02

 7.64223e-02 -1.86459e-02
 7.24939e-02 -3.78393e-02
 7.41515e-02 -3.59701e-02
 7.17040e-02 -3.54691e-02
 7.24939e-02 -3.78393e-02

 7.77847e-02 -1.34155e-02
 7.39147e-02 -3.22456e-02
 7.55739e-02 -3.03778e-02
 7.31267e-02 -2.98748e-02
 7.39147e-02 -3.22456e-02

 7.86984e-02 -8.08825e-03
 7.49020e-02 -2.62736e-02
 7.65669e-02 -2.44109e-02
 7.41213e-02 -2.39003e-02
 7.49020e-02 -2.62736e-02

 7.91570e-02 -2.70259e-03
 7.55894e-02 -2.00565e-02
 7.72486e-02 -1.81887e-02
 7.48015e-02 -1.76856e-02
 7.55894e-02 -2.00565e-02

 7.91570e-02  2.70259e-03
 7.60905e-02 -1.36777e-02
 7.77165e-02 -1.17809e-02
 7.52608e-02 -1.13212e-02
 7.60905e-02 -1.36777e-02

 7.86984e-02  8.08825e-03
 7.63745e-02 -7.26571e-03
 7.79334e-02 -5.31340e-03
 7.54632e-02 -4.93952e-03
 7.63745e-02 -7.26571e-03

 7.77847e-02  1.34155e-02
 7.64707e-02 -9.31875e-04
 7.79120e-02  1.10880e-03
 7.54241e-02  1.33664e-03
 7.64707e-02 -9.31875e-04

 7.64223e-02  1.86459e-02
 7.61283e-02  5.19067e-03
 7.74244e-02  7.32648e-03
 7.49267e-02  7.38105e-03
 7.61283e-02  5.19067e-03

 7.46212e-02  2.37417e-02
 7.54105e-02  1.10754e-02
 7.65227e-02  1.33125e-02
 7.40292e-02  1.31571e-02
 7.54105e-02  1.10754e-02

 7.23943e-02  2.86660e-02
 7.41296e-02  1.68197e-02
 7.50520e-02  1.91416e-02
 7.25801e-02  1.87795e-02
 7.41296e-02  1.68197e-02

 6.97580e-02  3.33835e-02
 7.23869e-02  2.24218e-02
 7.30971e-02  2.48171e-02
 7.06676e-02  2.42344e-02
 7.23869e-02  2.24218e-02

 6.34793e-02 -3.37140e-02
 5.99067e-02 -4.33268e-02
 6.18313e-02 -4.17339e-02
 5.94895e-02 -4.08635e-02
 5.99067e-02 -4.33268e-02

 6.63500e-02 -2.90192e-02
 6.32106e-02 -4.13555e-02
 6.49548e-02 -3.95668e-02
 6.25336e-02 -3.89506e-02
 6.32106e-02 -4.13555e-02

 6.87800e-02 -2.40817e-02
 6.60276e-02 -3.85505e-02
 6.76591e-02 -3.66584e-02
 6.52048e-02 -3.61915e-02
 6.60276e-02 -3.85505e-02

 7.07490e-02 -1.89425e-02
 6.82037e-02 -3.45568e-02
 6.97847e-02 -3.26223e-02
 6.73189e-02 -3.22204e-02
 6.82037e-02 -3.45568e-02

 7.22404e-02 -1.36448e-02
 6.97188e-02 -2.96750e-02
 7.12890e-02 -2.77318e-02
 6.88210e-02 -2.73436e-02
 6.97188e-02 -2.96750e-02

 7.32416e-02 -8.23282e-03
 7.07348e-02 -2.40057e-02
 7.23081e-02 -2.20650e-02
 6.98407e-02 -2.16729e-02
 7.07348e-02 -2.40057e-02

 7.37443e-02 -2.75195e-03
 7.13563e-02 -1.78368e-02
 7.29284e-02 -1.58952e-02
 7.04608e-02 -1.55045e-02
 7.13563e-02 -1.78368e-02

 7.37443e-02  2.75195e-03
 7.16712e-02 -1.13089e-02
 7.32226e-02 -9.35061e-03
 7.07510e-02 -8.98619e-03
 7.16712e-02 -1.13089e-02

 7.32416e-02  8.23282e-03
 7.16255e-02 -4.71650e-03
 7.31330e-02 -2.72424e-03
 7.06539e-02 -2.41485e-03
 7.16255e-02 -4.71650e-03

 7.22404e-02  1.36448e-02
 7.12527e-02  1.93262e-03
 7.26792e-02  3.98361e-03
 7.01898e-02  4.19355e-03
 7.12527e-02  1.93262e-03

 7.07490e-02  1.89425e-02
 7.03546e-02  8.35484e-03
 7.16834e-02  1.04705e-02
 6.91868e-02  1.05635e-02
 7.03546e-02  8.35484e-03

 6.87800e-02  2.40817e-02
 6.89837e-02  1.48109e-02
 7.01851e-02  1.70014e-02
 6.76873e-02  1.69465e-02
 6.89837e-02  1.48109e-02

 6.63500e-02  2.90192e-02
 6.70845e-02  2.11295e-02
 6.81277e-02  2.33996e-02
 6.56402e-02  2.31680e-02
 6.70845e-02  2.11295e-02

 6.34793e-02  3.37140e-02
 6.45621e-02  2.75026e-02
 6.54211e-02  2.98486e-02
 6.29599e-02  2.94196e-02
 6.45621e-02  2.75026e-02

 5.72030e-02 -3.40487e-02
 5.69173e-02 -3.21707e-02
 5.60078e-02 -3.44976e-02
 5.84777e-02 -3.41217e-02
 5.69173e-02 -3.21707e-02

 6.03133e-02 -2.93833e-02
 5.97965e-02 -2.99555e-02
 6.21738e-02 -2.91872e-02
 6.03198e-02 -2.75126e-02
 5.97965e-02 -2.99555e-02

 6.29524e-02 -2.44357e-02
 6.22694e-02 -2.74354e-02
 6.39677e-02 -2.56031e-02
 6.15317e-02 -2.50485e-02
 6.22694e-02 -2.74354e-02

 6.50948e-02 -1.92533e-02
 6.42497e-02 -2.43084e-02
 6.58385e-02 -2.23804e-02
 6.33744e-02 -2.19685e-02
 6.42497e-02 -2.43084e-02

 6.67199e-02 -1.38860e-02
 6.56253e-02 -2.04122e-02
 6.72152e-02 -1.84850e-02
 6.47513e-02 -1.80717e-02
 6.56253e-02 -2.04122e-02

 6.78121e-02 -8.38535e-03
 6.65095e-02 -1.55935e-02
 6.81235e-02 -1.36865e-02
 6.56650e-02 -1.32423e-02
 6.65095e-02 -1.55935e-02

 6.83608e-02 -2.80410e-03
 6.69172e-02 -1.00228e-02
 6.85664e-02 -8.14612e-03
 6.61166e-02 -7.65619e-03
 6.69172e-02 -1.00228e-02

 6.83608e-02  2.80410e-03
 6.69192e-02 -3.77174e-03
 6.86027e-02 -1.92583e-03
 6.61623e-02 -1.39082e-03
 6.69192e-02 -3.77174e-03

 6.78121e-02  8.38535e-03
 6.63797e-02  2.74563e-03
 6.81230e-02  4.53516e-03
 6.57016e-02  5.15017e-03
 6.63797e-02  2.74563e-03

 6.67199e-02  1.38860e-02
 6.54290e-02  9.68611e-03
 6.72587e-02  1.13872e-02
 6.48706e-02  1.21212e-02
 6.54290e-02  9.68611e-03

 6.50948e-02  1.92533e-02
 6.36983e-02  1.64080e-02
 6.57730e-02  1.77999e-02
 6.35302e-02  1.89007e-02
 6.36983e-02  1.64080e-02

 6.29524e-02  2.44357e-02
 6.15768e-02  2.35368e-02
 6.40713e-02  2.36746e-02
 6.27047e-02  2.57660e-02
 6.15768e-02  2.35368e-02

 6.03133e-02  2.93833e-02
 5.84292e-02  3.03273e-02
 5.98040e-02  2.82413e-02
 6.09232e-02  3.04749e-02
 5.84292e-02  3.03273e-02

 5.72030e-02  3.40487e-02
 5.50016e-02  3.71995e-02
 5.52168e-02  3.47105e-02
 5.72647e-02  3.61414e-02
 5.50016e-02  3.71995e-02

 5.09292e-02 -3.43878e-02
 5.68183e-02 -2.27046e-02
 5.47289e-02 -2.40744e-02
 5.69599e-02 -2.51989e-02
 5.68183e-02 -2.27046e-02

 5.42846e-02 -2.97587e-02
 5.90876e-02 -1.89801e-02
 5.70660e-02 -2.04480e-02
 5.93480e-02 -2.14649e-02
 5.90876e-02 -1.89801e-02

 5.71388e-02 -2.48044e-02
 6.10314e-02 -1.52171e-02
 5.90601e-02 -1.67519e-02
 6.13749e-02 -1.76917e-02
 6.10314e-02 -1.52171e-02

 5.94606e-02 -1.95792e-02
 6.22665e-02 -1.12323e-02
 6.03930e-02 -1.28851e-02
 6.27611e-02 -1.36812e-02
 6.22665e-02 -1.12323e-02

 6.12246e-02 -1.41400e-02
 6.28824e-02 -6.77893e-03
 6.11884e-02 -8.61522e-03
 6.36257e-02 -9.16413e-03
 6.28824e-02 -6.77893e-03

 6.24114e-02 -8.54628e-03
 6.29387e-02 -1.73085e-03
 6.15263e-02 -3.79166e-03
 6.40172e-02 -3.98438e-03
 6.29387e-02 -1.73085e-03

 6.30080e-02 -2.85918e-03
 6.24862e-02  3.83559e-03
 6.14090e-02  1.58145e-03
 6.38998e-02  1.77558e-03
 6.24862e-02  3.83559e-03

 6.30080e-02  2.85918e-03
 6.14246e-02  1.00941e-02
 6.06669e-02  7.71342e-03
 6.31075e-02  8.24756e-03
 6.14246e-02  1.00941e-02

 6.24114e-02  8.54628e-03
 5.98269e-02  1.64070e-02
 5.93160e-02  1.39615e-02
 6.16893e-02  1.47418e-02
 5.98269e-02  1.64070e-02

 6.12246e-02  1.41400e-02
 5.74483e-02  2.35397e-02
 5.70958e-02  2.10664e-02
 5.94140e-02  2.19977e-02
 5.74483e-02  2.35397e-02

 5.94606e-02  1.95792e-02
 5.45114e-02  2.98665e-02
 5.43237e-02  2.73753e-02
 5.65751e-02  2.84584e-02
 5.45114e-02  2.98665e-02

 5.71388e-02  2.48044e-02
 5.07453e-02  3.72936e-02
 5.06193e-02  3.47984e-02
 5.28432e-02  3.59369e-02
 5.07453e-02  3.72936e-02

 5.42846e-02  2.97587e-02
 4.64831e-02  4.30717e-02
 4.64992e-02  4.05735e-02
 4.86547e-02  4.18366e-02
 4.64831e-02  4.30717e-02

 5.09292e-02  3.43878e-02
 4.16515e-02  4.98719e-02
 4.16920e-02  4.73739e-02
 4.38350e-02  4.86580e-02
 4.16515e-02  4.98719e-02

 4.46580e-02 -3.47315e-02
 5.47304e-02 -1.81811e-02
 5.25385e-02 -1.93799e-02
 5.46727e-02 -2.06787e-02
 5.47304e-02 -1.81811e-02

 4.82641e-02 -3.01460e-02
 5.70679e-02 -1.15345e-02
 5.50135e-02 -1.29561e-02
 5.72719e-02 -1.40244e-02
 5.70679e-02 -1.15345e-02

 5.13399e-02 -2.51887e-02
 5.89583e-02 -5.31431e-03
 5.70174e-02 -6.88747e-03
 5.93502e-02 -7.78169e-03
 5.89583e-02 -5.31431e-03

 5.38474e-02 -1.99209e-02
 6.00322e-02  6.49339e-04
 5.82130e-02 -1.06296e-03
 6.06055e-02 -1.78232e-03
 6.00322e-02  6.49339e-04

 5.57557e-02 -1.44073e-02
 6.01942e-02  6.60009e-03
 5.85247e-02  4.74144e-03
 6.09691e-02  4.22498e-03
 6.01942e-02  6.60009e-03

 5.70411e-02 -8.71609e-03
 5.95110e-02  1.25489e-02
 5.80205e-02  1.05439e-02
 6.05022e-02  1.02556e-02
 5.95110e-02  1.25489e-02

 5.76878e-02 -2.91736e-03
 5.81067e-02  1.88183e-02
 5.68161e-02  1.66792e-02
 5.93139e-02  1.66310e-02
 5.81067e-02  1.88183e-02

 5.76878e-02  2.91736e-03
 5.60078e-02  2.49678e-02
 5.49267e-02  2.27156e-02
 5.74178e-02  2.29054e-02
 5.60078e-02  2.49678e-02

 5.70411e-02  8.71609e-03
 5.33336e-02  3.14646e-02
 5.24487e-02  2.91282e-02
 5.49145e-02  2.95301e-02
 5.33336e-02  3.14646e-02

 5.57557e-02  1.44073e-02
 5.00193e-02  3.72972e-02
 4.93335e-02  3.48949e-02
 5.17569e-02  3.55022e-02
 5.00193e-02  3.72972e-02

 5.38474e-02  1.99209e-02
 4.60896e-02  4.34224e-02
 4.55816e-02  4.09762e-02
 4.79540e-02  4.17594e-02
 4.60896e-02  4.34224e-02

 5.13399e-02  2.51887e-02
 4.19577e-02  4.80919e-02
 4.16219e-02  4.56162e-02
 4.39338e-02  4.65633e-02
 4.19577e-02  4.80919e-02

 4.82641e-02  3.01460e-02
 3.68235e-02  5.27626e-02
 3.66854e-02  5.02681e-02
 3.89148e-02  5.13958e-02
 3.68235e-02  5.27626e-02

 4.46580e-02  3.47315e-02
 3.27115e-02  5.56732e-02
 3.26985e-02  5.31749e-02
 3.48686e-02  5.44128e-02
 3.27115e-02  5.56732e-02

 3.83892e-02 -3.50800e-02
 4.87833e-02 -2.46860e-02
 4.63701e-02 -2.53326e-02
 4.81367e-02 -2.70992e-02
 4.87833e-02 -2.46860e-02

 4.22520e-02 -3.05458e-02
 5.18735e-02 -1.82650e-02
 4.95558e-02 -1.91978e-02
 5.15225e-02 -2.07386e-02
 5.18735e-02 -1.82650e-02

 4.55562e-02 -2.55894e-02
 5.41744e-02 -1.13332e-02
 5.19861e-02 -1.25385e-02
 5.41241e-02 -1.38310e-02
 5.41744e-02 -1.13332e-02

 4.82562e-02 -2.02792e-02
 5.54222e-02 -4.35717e-03
 5.33951e-02 -5.81749e-03
 5.56733e-02 -6.84284e-03
 5.54222e-02 -4.35717e-03

 5.03146e-02 -1.46888e-02
 5.56586e-02  2.46071e-03
 5.38223e-02  7.66681e-04
 5.62075e-02  2.34325e-05
 5.56586e-02  2.46071e-03

 5.17030e-02 -8.89529e-03
 5.50322e-02  9.27152e-03
 5.34135e-02  7.36853e-03
 5.58709e-02  6.91818e-03
 5.50322e-02  9.27152e-03

 5.24020e-02 -2.97882e-03
 5.35417e-02  1.58633e-02
 5.21642e-02  1.37790e-02
 5.46580e-02  1.36282e-02
 5.35417e-02  1.58633e-02

 5.24020e-02  2.97882e-03
 5.12253e-02  2.24318e-02
 5.01090e-02  2.01967e-02
 5.26028e-02  2.03475e-02
 5.12253e-02  2.24318e-02

 5.17030e-02  8.89529e-03
 4.81241e-02  2.84242e-02
 4.72854e-02  2.60709e-02
 4.97428e-02  2.65212e-02
 4.81241e-02  2.84242e-02

 5.03146e-02  1.46888e-02
 4.42432e-02  3.41727e-02
 4.36943e-02  3.17355e-02
 4.60795e-02  3.24787e-02
 4.42432e-02  3.41727e-02

 4.82562e-02  2.02792e-02
 3.99588e-02  3.87154e-02
 3.97077e-02  3.62297e-02
 4.19859e-02  3.72551e-02
 3.99588e-02  3.87154e-02

 4.55562e-02  2.55894e-02
 3.49898e-02  4.30684e-02
 3.50401e-02  4.05706e-02
 3.71781e-02  4.18631e-02
 3.49898e-02  4.30684e-02

 4.22520e-02  3.05458e-02
 3.06093e-02  4.54066e-02
 3.09603e-02  4.29330e-02
 3.29269e-02  4.44738e-02
 3.06093e-02  4.54066e-02

 3.83892e-02  3.50800e-02
 2.47686e-02  4.87006e-02
 2.54152e-02  4.62875e-02
 2.71818e-02  4.80540e-02
 2.47686e-02  4.87006e-02

 3.62312e-02  4.03748e-02
 2.15968e-02  5.76699e-02
 2.20408e-02  5.52114e-02
 2.39479e-02  5.68252e-02
 2.15968e-02  5.76699e-02

 4.27932e-02  4.01897e-02
 2.93462e-02  5.85224e-02
 2.96186e-02  5.60390e-02
 3.16331e-02  5.75166e-02
 2.93462e-02  5.85224e-02

 4.93551e-02  4.00046e-02
 4.26174e-02  5.24655e-02
 4.25477e-02  4.99681e-02
 4.47453e-02  5.11564e-02
 4.26174e-02  5.24655e-02

 5.59171e-02  3.98195e-02
 5.57099e-02  4.02240e-02
 5.55846e-02  3.77288e-02
 5.78081e-02  3.88679e-02
 5.57099e-02  4.02240e-02

 6.24790e-02  3.96344e-02
 6.54818e-02  3.21727e-02
 6.58329e-02  3.46462e-02
 6.35152e-02  3.37135e-02
 6.54818e-02  3.21727e-02

 6.90410e-02  3.94493e-02
 7.30965e-02  2.83537e-02
 7.35270e-02  3.08147e-02
 7.11805e-02  2.99570e-02
 7.30965e-02  2.83537e-02

 7.56029e-02  3.92642e-02
 7.93959e-02  2.72400e-02
 7.99363e-02  2.96792e-02
 7.75537e-02  2.89276e-02
 7.93959e-02  2.72400e-02

 8.21649e-02  3.90791e-02
 8.55646e-02  2.72081e-02
 8.61698e-02  2.96320e-02
 8.37680e-02  2.89442e-02
 8.55646e-02  2.72081e-02

 8.87268e-02  3.88940e-02
 9.13648e-02  2.76958e-02
 9.20846e-02  3.00882e-02
 8.96528e-02  2.95153e-02
 9.13648e-02  2.76958e-02

 9.52888e-02  3.87089e-02
 9.72833e-02  2.97994e-02
 9.80296e-02  3.21836e-02
 9.55916e-02  3.16379e-02
 9.72833e-02  2.97994e-02

 1.01851e-01  3.85238e-02
 1.02287e-01  3.35057e-02
 1.03344e-01  3.57694e-02
 1.00855e-01  3.55530e-02
 1.02287e-01  3.35057e-02

 1.07163e-01  3.72121e-02
 1.07409e-01  3.65616e-02
 1.07814e-01  3.90269e-02
 1.05476e-01  3.81448e-02
 1.07409e-01  3.65616e-02

 3.60414e-02  4.66623e-02
 2.03581e-02  6.26696e-02
 2.09800e-02  6.02499e-02
 2.27646e-02  6.19983e-02
 2.03581e-02  6.26696e-02

 4.29145e-02  4.67353e-02
 3.35196e-02  5.89606e-02
 3.38475e-02  5.64839e-02
 3.58284e-02  5.80063e-02
 3.35196e-02  5.89606e-02

 4.97877e-02  4.68084e-02
 4.84433e-02  5.16474e-02
 4.78189e-02  4.92284e-02
 5.02260e-02  4.98971e-02
 4.84433e-02  5.16474e-02

 5.66609e-02  4.68815e-02
 6.06547e-02  4.23455e-02
 6.01624e-02  4.47949e-02
 5.82874e-02  4.31439e-02
 6.06547e-02  4.23455e-02

 6.35340e-02  4.69545e-02
 6.92115e-02  3.74899e-02
 6.91697e-02  3.99878e-02
 6.70273e-02  3.87027e-02
 6.92115e-02  3.74899e-02

 7.04072e-02  4.70276e-02
 7.62390e-02  3.58031e-02
 7.63500e-02  3.82990e-02
 7.41330e-02  3.71471e-02
 7.62390e-02  3.58031e-02

 7.72803e-02  4.71006e-02
 8.25176e-02  3.58307e-02
 8.27386e-02  3.83192e-02
 8.04730e-02  3.72664e-02
 8.25176e-02  3.58307e-02

 8.41535e-02  4.71737e-02
 8.86250e-02  3.63977e-02
 8.89496e-02  3.88748e-02
 8.66420e-02  3.79173e-02
 8.86250e-02  3.63977e-02

 9.10267e-02  4.72467e-02
 9.46363e-02  3.80761e-02
 9.50062e-02  4.05469e-02
 9.26815e-02  3.96319e-02
 9.46363e-02  3.80761e-02

 9.78998e-02  4.73198e-02
 9.96241e-02  4.13995e-02
 1.00218e-01  4.38261e-02
 9.78198e-02  4.31275e-02
 9.96241e-02  4.13995e-02

 1.03543e-01  4.62399e-02
 1.04248e-01  4.47639e-02
 1.04442e-01  4.72546e-02
 1.02188e-01  4.61775e-02
 1.04248e-01  4.47639e-02

 3.58446e-02  5.29590e-02
 2.40175e-02  6.42210e-02
 2.47230e-02  6.18243e-02
 2.64458e-02  6.36336e-02
 2.40175e-02  6.42210e-02

 4.30150e-02  5.33087e-02
 3.91496e-02  5.78911e-02
 3.95898e-02  5.54318e-02
 4.14995e-02  5.70427e-02
 3.91496e-02  5.78911e-02

 5.01855e-02  5.36583e-02
 5.35180e-02  5.20167e-02
 5.21291e-02  5.40934e-02
 5.10251e-02  5.18522e-02
 5.35180e-02  5.20167e-02

 5.73559e-02  5.40079e-02
 6.43990e-02  4.65125e-02
 6.38277e-02  4.89446e-02
 6.20070e-02  4.72338e-02
 6.43990e-02  4.65125e-02

 6.45264e-02  5.43576e-02
 7.20433e-02  4.44085e-02
 7.17357e-02  4.68878e-02
 6.97424e-02  4.53818e-02
 7.20433e-02  4.44085e-02

 7.16968e-02  5.47072e-02
 7.87231e-02  4.42992e-02
 7.85479e-02  4.67914e-02
 7.64772e-02  4.53935e-02
 7.87231e-02  4.42992e-02

 7.88673e-02  5.50569e-02
 8.48733e-02  4.50166e-02
 8.48346e-02  4.75146e-02
 8.26906e-02  4.62321e-02
 8.48733e-02  4.50166e-02

 8.60378e-02  5.54065e-02
 9.10319e-02  4.65879e-02
 9.10527e-02  4.90862e-02
 8.88788e-02  4.78550e-02
 9.10319e-02  4.65879e-02

 9.32082e-02  5.57561e-02
 9.60890e-02  4.96055e-02
 9.63025e-02  5.20947e-02
 9.40401e-02  5.10350e-02
 9.60890e-02  4.96055e-02

 9.91675e-02  5.49301e-02
 1.00304e-01  5.29937e-02
 1.00286e-01  5.54920e-02
 9.81314e-02  5.42276e-02
 1.00304e-01  5.29937e-02

 3.56402e-02  5.92645e-02
 2.99880e-02  6.47538e-02
 3.06698e-02  6.23503e-02
 3.24104e-02  6.41426e-02
 2.99880e-02  6.47538e-02

 4.30928e-02  5.99083e-02
 4.48250e-02  5.85002e-02
 4.39340e-02  6.08343e-02
 4.23581e-02  5.88957e-02
 4.48250e-02  5.85002e-02

 5.05455e-02  6.05521e-02
 5.70971e-02  5.47764e-02
 5.63001e-02  5.71442e-02
 5.46480e-02  5.52702e-02
 5.70971e-02  5.47764e-02

 5.79981e-02  6.11959e-02
 6.64654e-02  5.24687e-02
 6.58554e-02  5.48914e-02
 6.40623e-02  5.31517e-02
 6.64654e-02  5.24687e-02

 6.54508e-02  6.18396e-02
 7.35438e-02  5.25069e-02
 7.30701e-02  5.49599e-02
 7.11826e-02  5.33231e-02
 7.35438e-02  5.25069e-02

 7.29034e-02  6.24834e-02
 8.00521e-02  5.33310e-02
 7.97047e-02  5.58051e-02
 7.77358e-02  5.42672e-02
 8.00521e-02  5.33310e-02

 8.03561e-02  6.31272e-02
 8.62848e-02  5.49704e-02
 8.60232e-02  5.74550e-02
 8.40023e-02  5.59861e-02
 8.62848e-02  5.49704e-02

 8.78087e-02  6.37710e-02
 9.15537e-02  5.77807e-02
 9.14659e-02  6.02775e-02
 8.93475e-02  5.89531e-02
 9.15537e-02  5.77807e-02

 9.40686e-02  6.32195e-02
 9.55545e-02  6.11186e-02
 9.53250e-02  6.36064e-02
 9.32853e-02  6.21638e-02
 9.55545e-02  6.11186e-02

 3.54277e-02  6.55783e-02
 3.54875e-02  6.59079e-02
 3.38723e-02  6.40020e-02
 3.63305e-02  6.35561e-02
 3.54875e-02  6.59079e-02

 4.31463e-02  6.65328e-02
 4.89804e-02  6.14770e-02
 4.81634e-02  6.38379e-02
 4.65272e-02  6.19499e-02
 4.89804e-02  6.14770e-02

 5.08649e-02  6.74873e-02
 5.92498e-02  6.00103e-02
 5.84663e-02  6.23827e-02
 5.68036e-02  6.05180e-02
 5.92498e-02  6.00103e-02

 5.85835e-02  6.84418e-02
 6.74640e-02  5.99808e-02
 6.67593e-02  6.23776e-02
 6.50359e-02  6.05688e-02
 6.74640e-02  5.99808e-02

 6.63021e-02  6.93964e-02
 7.42313e-02  6.11524e-02
 7.36317e-02  6.35777e-02
 7.18311e-02  6.18458e-02
 7.42313e-02  6.11524e-02

 7.40207e-02  7.03509e-02
 8.07442e-02  6.29328e-02
 8.02167e-02  6.53749e-02
 7.83656e-02  6.36971e-02
 8.07442e-02  6.29328e-02

 8.17393e-02  7.13054e-02
 8.61218e-02  6.57021e-02
 8.57728e-02  6.81760e-02
 8.38049e-02  6.66368e-02
 8.61218e-02  6.57021e-02

 8.82827e-02  7.10484e-02
 9.00731e-02  6.89248e-02
 8.96335e-02  7.13842e-02
 8.77235e-02  6.97738e-02
 9.00731e-02  6.89248e-02

 3.52066e-02  7.18999e-02
 3.91170e-02  6.79463e-02
 3.84836e-02  7.03630e-02
 3.67074e-02  6.86062e-02
 3.91170e-02  6.79463e-02

 4.31738e-02  7.31807e-02
 5.10555e-02  6.58449e-02
 5.03228e-02  6.82333e-02
 4.86207e-02  6.64046e-02
 5.10555e-02  6.58449e-02

 5.11411e-02  7.44615e-02
 6.01148e-02  6.65476e-02
 5.93183e-02  6.89155e-02
 5.76659e-02  6.70418e-02
 6.01148e-02  6.65476e-02

 5.91083e-02  7.57423e-02
 6.76606e-02  6.79580e-02
 6.69014e-02  7.03382e-02
 6.52197e-02  6.84906e-02
 6.76606e-02  6.79580e-02

 6.70756e-02  7.70231e-02
 7.43140e-02  7.02974e-02
 7.35793e-02  7.26852e-02
 7.18787e-02  7.08550e-02
 7.43140e-02  7.02974e-02

 7.50428e-02  7.83039e-02
 7.99211e-02  7.31746e-02
 7.93352e-02  7.56033e-02
 7.75248e-02  7.38815e-02
 7.99211e-02  7.31746e-02

 8.18513e-02  7.83598e-02
 8.38302e-02  7.63809e-02
 8.31836e-02  7.87941e-02
 8.14170e-02  7.70275e-02
 8.38302e-02  7.63809e-02

 3.49763e-02  7.82287e-02
 4.15104e-02  7.14090e-02
 4.09156e-02  7.38355e-02
 3.91116e-02  7.21071e-02
 4.15104e-02  7.14090e-02

 4.31739e-02  7.98502e-02
 5.20994e-02  7.16248e-02
 5.13549e-02  7.40096e-02
 4.96619e-02  7.21724e-02
 5.20994e-02  7.16248e-02

 5.13715e-02  8.14718e-02
 6.02613e-02  7.38177e-02
 5.94368e-02  7.61760e-02
 5.78067e-02  7.42828e-02
 6.02613e-02  7.38177e-02

 5.95692e-02  8.30933e-02
 6.73507e-02  7.67076e-02
 6.64706e-02  7.90458e-02
 6.48857e-02  7.71145e-02
 6.73507e-02  7.67076e-02

 6.77668e-02  8.47149e-02
 7.29943e-02  7.99951e-02
 7.22255e-02  8.23722e-02
 7.05512e-02  8.05178e-02
 7.29943e-02  7.99951e-02

 7.48204e-02  8.51009e-02
 7.69700e-02  8.32886e-02
 7.61210e-02  8.56382e-02
 7.45106e-02  8.37282e-02
 7.69700e-02  8.32886e-02

 3.47364e-02  8.45641e-02
 4.36669e-02  7.63119e-02
 4.29256e-02  7.86977e-02
 4.12301e-02  7.68628e-02
 4.36669e-02  7.63119e-02

 4.31452e-02  8.65397e-02
 5.28255e-02  7.81941e-02
 5.20024e-02  8.05529e-02
 5.03711e-02  7.86607e-02
 5.28255e-02  7.81941e-02

 5.15540e-02  8.85153e-02
 6.00700e-02  8.20834e-02
 5.90964e-02  8.43841e-02
 5.75907e-02  8.23905e-02
 6.00700e-02  8.20834e-02

 5.99628e-02  9.04909e-02
 6.57032e-02  8.58682e-02
 6.48015e-02  8.81982e-02
 6.32345e-02  8.62523e-02
 6.57032e-02  8.58682e-02

 6.72406e-02  9.12228e-02
 6.95408e-02  8.95959e-02
 6.84957e-02  9.18651e-02
 6.70531e-02  8.98254e-02
 6.95408e-02  8.95959e-02

 3.44865e-02  9.09056e-02
 4.56753e-02  8.24058e-02
 4.47081e-02  8.47093e-02
 4.31968e-02  8.27199e-02
 4.56753e-02  8.24058e-02

 4.30864e-02  9.32473e-02
 5.31942e-02  8.62499e-02
 5.21262e-02  8.85085e-02
 5.07042e-02  8.64544e-02
 5.31942e-02  8.62499e-02

 5.16863e-02  9.55889e-02
 5.82444e-02  9.07999e-02
 5.72338e-02  9.30847e-02
 5.57604e-02  9.10670e-02
 5.82444e-02  9.07999e-02

 5.91663e-02  9.66810e-02
 6.18202e-02  9.51236e-02
 6.05864e-02  9.72960e-02
 5.93220e-02  9.51413e-02
 6.18202e-02  9.51236e-02

 3.42262e-02  9.72525e-02
 4.66986e-02  9.02969e-02
 4.54174e-02  9.24417e-02
 4.42006e-02  9.02597e-02
 4.66986e-02  9.02969e-02

 4.29965e-02  9.99709e-02
 5.10841e-02  9.49118e-02
 4.99122e-02  9.71183e-02
 4.85873e-02  9.50002e-02
 5.10841e-02  9.49118e-02

 5.06554e-02  1.01436e-01
 5.37686e-02  9.99482e-02
 5.23550e-02  1.02008e-01
 5.12778e-02  9.97540e-02
 5.37686e-02  9.99482e-02

 3.39552e-02  1.03604e-01
 4.41237e-02  9.88677e-02
 4.26898e-02  1.00914e-01
 4.16349e-02  9.86489e-02
 4.41237e-02  9.88677e-02

 4.17692e-02  1.05453e-01
 4.59202e-02  1.03886e-01
 4.43369e-02  1.05819e-01
 4.34548e-02  1.03482e-01
 4.59202e-02  1.03886e-01

 3.25715e-02  1.08703e-01
 3.73051e-02  1.07362e-01
 3.55637e-02  1.09154e-01
 3.48830e-02  1.06750e-01
 3.73051e-02  1.07362e-01

 2.67687e-02  1.08827e-01
 3.45652e-02  1.06973e-01
 3.27493e-02  1.08688e-01
 3.21713e-02  1.06258e-01
 3.45652e-02  1.06973e-01

 2.19798e-02  1.09951e-01
 3.03055e-02  1.08341e-01
 2.84184e-02  1.09978e-01
 2.79440e-02  1.07525e-01
 3.03055e-02  1.08341e-01

 1.71443e-02  1.10855e-01
 2.55324e-02  1.09599e-01
 2.35776e-02  1.11155e-01
 2.32077e-02  1.08684e-01
 2.55324e-02  1.09599e-01

 1.22723e-02  1.11537e-01
 1.87354e-02  1.10848e-01
 1.67163e-02  1.12319e-01
 1.64517e-02  1.09835e-01
 1.87354e-02  1.10848e-01

 7.37400e-03  1.11995e-01
 1.33075e-02  1.11617e-01
 1.12278e-02  1.13001e-01
 1.10688e-02  1.10508e-01
 1.33075e-02  1.11617e-01

 2.45980e-03  1.12229e-01
 2.45136e-03  1.12229e-01
 4.58797e-03  1.10934e-01
 4.64100e-03  1.13432e-01
 2.45136e-03  1.12229e-01

 2.71017e-02  1.02773e-01
 4.14856e-02  9.78323e-02
 3.98451e-02  9.97166e-02
 3.90335e-02  9.73538e-02
 4.14856e-02  9.78323e-02

 2.22792e-02  1.04089e-01
 3.72240e-02  1.00861e-01
 3.53729e-02  1.02539e-01
 3.48454e-02  1.00097e-01
 3.72240e-02  1.00861e-01

 1.73943e-02  1.05152e-01
 3.20980e-02  1.04705e-01
 2.99732e-02  1.06019e-01
 2.98974e-02  1.03522e-01
 3.20980e-02  1.04705e-01

 1.24603e-02  1.05957e-01
 2.39314e-02  1.08590e-01
 2.15432e-02  1.09323e-01
 2.21020e-02  1.06888e-01
 2.39314e-02  1.08590e-01

 7.49085e-03  1.06504e-01
 1.66487e-02  1.11623e-01
 1.41506e-02  1.11658e-01
 1.53696e-02  1.09477e-01
 1.66487e-02  1.11623e-01

 2.49946e-03  1.06791e-01
 2.49946e-03  1.14706e-01
 1.25030e-03  1.12542e-01
 3.74862e-03  1.12542e-01
 2.49946e-03  1.14706e-01

 2.74372e-02  9.67195e-02
 4.15549e-02  9.00789e-02
 4.01288e-02  9.21302e-02
 3.90654e-02  8.98695e-02
 4.15549e-02  9.00789e-02

 2.25847e-02  9.82294e-02
 3.72836e-02  9.46585e-02
 3.54760e-02  9.63831e-02
 3.48862e-02  9.39554e-02
 3.72836e-02  9.46585e-02

 1.76516e-02  9.94515e-02
 3.19310e-02  1.00442e-01
 2.96861e-02  1.01539e-01
 2.98590e-02  9.90464e-02
 3.19310e-02  1.00442e-01

 1.26550e-02  1.00382e-01
 2.40241e-02  1.06297e-01
 2.15282e-02  1.06406e-01
 2.26813e-02  1.04190e-01
 2.40241e-02  1.06297e-01

 7.61220e-03  1.01016e-01
 1.61230e-02  1.11571e-01
 1.37925e-02  1.10671e-01
 1.57373e-02  1.09103e-01
 1.61230e-02  1.11571e-01

 2.54072e-03  1.01354e-01
 2.54072e-03  1.12889e-01
 1.29156e-03  1.10725e-01
 3.78988e-03  1.10725e-01
 2.54072e-03  1.12889e-01

 2.77751e-02  9.06670e-02
 3.89576e-02  8.36037e-02
 3.77954e-02  8.58153e-02
 3.64612e-02  8.37030e-02
 3.89576e-02  8.36037e-02

 2.28962e-02  9.23719e-02
 3.43797e-02  8.93130e-02
 3.26105e-02  9.10770e-02
 3.19675e-02  8.86628e-02
 3.43797e-02  8.93130e-02

 1.79161e-02  9.37548e-02
 2.90194e-02  9.67653e-02
 2.66043e-02  9.74047e-02
 2.72581e-02  9.49934e-02
 2.90194e-02  9.67653e-02

 1.28562e-02  9.48095e-02
 2.18617e-02  1.04316e-01
 1.94668e-02  1.03604e-01
 2.12805e-02  1.01886e-01
 2.18617e-02  1.04316e-01

 7.73804e-03  9.55317e-02
 1.47114e-02  1.11979e-01
 1.27168e-02  1.10475e-01
 1.50169e-02  1.09500e-01
 1.47114e-02  1.11979e-01

 2.58357e-03  9.59181e-02
 2.58357e-03  1.13458e-01
 1.33441e-03  1.11294e-01
 3.83273e-03  1.11294e-01
 2.58357e-03  1.13458e-01

 2.81154e-02  8.46152e-02
 3.53311e-02  7.83386e-02
 3.45185e-02  8.07011e-02
 3.28788e-02  7.88161e-02
 3.53311e-02  7.83386e-02

 2.32138e-02  8.65167e-02
 3.03345e-02  8.44020e-02
 2.86160e-02  8.62154e-02
 2.79048e-02  8.38205e-02
 3.03345e-02  8.44020e-02

 1.81879e-02  8.80613e-02
 2.46726e-02  9.25661e-02
 2.21830e-02  9.23576e-02
 2.36083e-02  9.03058e-02
 2.46726e-02  9.25661e-02

 1.30640e-02  8.92412e-02
 1.82760e-02  1.00531e-01
 1.62350e-02  9.90903e-02
 1.85033e-02  9.80431e-02
 1.82760e-02  1.00531e-01

 7.86837e-03  9.00500e-02
 1.19167e-02  1.09709e-01
 1.02568e-02  1.07842e-01
 1.27038e-02  1.07338e-01
 1.19167e-02  1.09709e-01

 2.62800e-03  9.04836e-02
 2.62800e-03  1.10405e-01
 1.37883e-03  1.08241e-01
 3.87716e-03  1.08241e-01
 2.62800e-03  1.10405e-01

 2.84583e-02  7.85641e-02
 3.19195e-02  7.42233e-02
 3.15473e-02  7.66937e-02
 2.95939e-02  7.51362e-02
 3.19195e-02  7.42233e-02

 2.35375e-02  8.06635e-02
 2.63809e-02  8.01898e-02
 2.44519e-02  8.17776e-02
 2.40414e-02  7.93132e-02
 2.63809e-02  8.01898e-02

 1.84671e-02  8.23712e-02
 2.03708e-02  8.86835e-02
 1.85502e-02  8.69727e-02
 2.09421e-02  8.62513e-02
 2.03708e-02  8.86835e-02

 1.32784e-02  8.36765e-02
 1.46288e-02  9.64322e-02
 1.31588e-02  9.44121e-02
 1.56432e-02  9.41491e-02
 1.46288e-02  9.64322e-02

 8.00317e-03  8.45714e-02
 8.88415e-03  1.06240e-01
 7.54813e-03  1.04129e-01
 1.00444e-02  1.04028e-01
 8.88415e-03  1.06240e-01

 2.67399e-03  8.50504e-02
 2.67399e-03  1.07126e-01
 1.42483e-03  1.04963e-01
 3.92316e-03  1.04963e-01
 2.67399e-03  1.07126e-01

 2.88037e-02  7.25137e-02
 2.84069e-02  7.13221e-02
 3.02757e-02  7.29802e-02
 2.79053e-02  7.37696e-02
 2.84069e-02  7.13221e-02

 2.38674e-02  7.48125e-02
 2.23898e-02  7.65548e-02
 2.28366e-02  7.40968e-02
 2.47419e-02  7.57127e-02
 2.23898e-02  7.65548e-02

 1.87537e-02  7.66844e-02
 1.59840e-02  8.45301e-02
 1.55263e-02  8.20741e-02
 1.78822e-02  8.29057e-02
 1.59840e-02  8.45301e-02

 1.34994e-02  7.81157e-02
 1.10143e-02  9.12041e-02
 1.01906e-02  8.88455e-02
 1.26451e-02  8.93115e-02
 1.10143e-02  9.12041e-02

 8.14243e-03  7.90961e-02
 5.64743e-03  1.00445e-01
 4.65786e-03  9.81508e-02
 7.13930e-03  9.84408e-02
 5.64743e-03  1.00445e-01

 2.72155e-03  7.96185e-02
 2.72155e-03  1.00803e-01
 1.47239e-03  9.86395e-02
 3.97072e-03  9.86395e-02
 2.72155e-03  1.00803e-01

 2.91516e-02  6.64640e-02
 2.44830e-02  6.94690e-02
 2.56263e-02  6.72476e-02
 2.69784e-02  6.93484e-02
 2.44830e-02  6.94690e-02

 2.42036e-02  6.89636e-02
 1.84469e-02  7.37252e-02
 1.93180e-02  7.13836e-02
 2.09103e-02  7.33087e-02
 1.84469e-02  7.37252e-02

 1.90476e-02  7.10008e-02
 1.18305e-02  8.04345e-02
 1.21530e-02  7.79571e-02
 1.41373e-02  7.94751e-02
 1.18305e-02  8.04345e-02

 1.37270e-02  7.25587e-02
 7.70253e-03  8.55620e-02
 7.47864e-03  8.30737e-02
 9.74549e-03  8.41239e-02
 7.70253e-03  8.55620e-02

 8.28615e-03  7.36240e-02
 2.73662e-03  9.33958e-02
 2.11862e-03  9.09751e-02
 4.52399e-03  9.16502e-02
 2.73662e-03  9.33958e-02

 2.77066e-03  7.41880e-02
 2.77066e-03  9.36157e-02
 1.52150e-03  9.14521e-02
 4.01982e-03  9.14521e-02
 2.77066e-03  9.36157e-02

 2.95021e-02  6.04150e-02
 1.96445e-02  6.78068e-02
 2.06261e-02  6.55094e-02
 2.21249e-02  6.75082e-02
 1.96445e-02  6.78068e-02

 2.45460e-02  6.31167e-02
 1.42622e-02  7.11176e-02
 1.52028e-02  6.88031e-02
 1.67369e-02  7.07750e-02
 1.42622e-02  7.11176e-02

 1.93491e-02  6.53207e-02
 7.94498e-03  7.60213e-02
 8.66804e-03  7.36299e-02
 1.03775e-02  7.54517e-02
 7.94498e-03  7.60213e-02

 1.39613e-02  6.70056e-02
 4.78817e-03  7.91462e-02
 5.09583e-03  7.66669e-02
 7.08915e-03  7.81730e-02
 4.78817e-03  7.91462e-02

 8.43432e-03  6.81554e-02
 2.74038e-04  8.47697e-02
 1.06652e-04  8.22770e-02
 2.34910e-03  8.33784e-02
 2.74038e-04  8.47697e-02

 2.82131e-03  6.87588e-02
 2.82131e-03  8.44278e-02
 1.57215e-03  8.22642e-02
 4.07047e-03  8.22642e-02
 2.82131e-03  8.44278e-02

 2.98552e-02  5.43666e-02
 1.51968e-02  6.52815e-02
 1.61861e-02  6.29874e-02
 1.76782e-02  6.49912e-02
 1.51968e-02  6.52815e-02

 2.48948e-02  5.72719e-02
 1.05661e-02  6.75118e-02
 1.16001e-02  6.52375e-02
 1.30527e-02  6.72701e-02
 1.05661e-02  6.75118e-02

 1.96580e-02  5.96439e-02
 4.99563e-03  7.03544e-02
 6.00592e-03  6.80695e-02
 7.47959e-03  7.00869e-02
 4.99563e-03  7.03544e-02

 1.42022e-02  6.14566e-02
 2.75890e-03  7.15096e-02
 3.55992e-03  6.91432e-02
 5.20880e-03  7.10201e-02
 2.75890e-03  7.15096e-02

 8.58693e-03  6.26901e-02
-1.23049e-03  7.46674e-02
-8.25004e-04  7.22022e-02
 1.10718e-03  7.37859e-02
-1.23049e-03  7.46674e-02

 2.87349e-03  6.33311e-02
 2.87349e-03  7.41808e-02
 1.62433e-03  7.20172e-02
 4.12265e-03  7.20172e-02
 2.87349e-03  7.41808e-02

 3.02108e-02  4.83188e-02
 1.41763e-02  6.05258e-02
 1.51412e-02  5.82213e-02
 1.66545e-02  6.02092e-02
 1.41763e-02  6.05258e-02

 2.52499e-02  5.14291e-02
 1.00686e-02  6.20287e-02
 1.11275e-02  5.97659e-02
 1.25577e-02  6.18143e-02
 1.00686e-02  6.20287e-02

 1.99746e-02  5.39705e-02
 5.19623e-03  6.33427e-02
 6.35438e-03  6.11290e-02
 7.69240e-03  6.32388e-02
 5.19623e-03  6.33427e-02

 1.44499e-02  5.59116e-02
 3.21118e-03  6.34113e-02
 4.31750e-03  6.11713e-02
 5.70425e-03  6.32494e-02
 3.21118e-03  6.34113e-02

 8.74398e-03  5.72284e-02
-8.27855e-04  6.45405e-02
 1.33171e-04  6.22344e-02
 1.64979e-03  6.42198e-02
-8.27855e-04  6.45405e-02

 2.92720e-03  5.79048e-02
 2.92720e-03  6.42782e-02
 1.67803e-03  6.21146e-02
 4.17636e-03  6.21146e-02
 2.92720e-03  6.42782e-02

 3.05691e-02  4.22715e-02
 2.09213e-02  4.98302e-02
 2.18541e-02  4.75126e-02
 2.33949e-02  4.94792e-02
 2.09213e-02  4.98302e-02

 2.56115e-02  4.55882e-02
 1.65308e-02  5.10775e-02
 1.77362e-02  4.88892e-02
 1.90286e-02  5.10273e-02
 1.65308e-02  5.10775e-02

 2.02987e-02  4.83004e-02
 1.17105e-02  5.21656e-02
 1.31708e-02  5.01385e-02
 1.41962e-02  5.24168e-02
 1.17105e-02  5.21656e-02

 1.47043e-02  5.03707e-02
 8.24536e-03  5.23834e-02
 9.93938e-03  5.05471e-02
 1.06826e-02  5.29323e-02
 8.24536e-03  5.23834e-02

 8.90546e-03  5.17703e-02
 3.31021e-03  5.27957e-02
 5.21322e-03  5.11770e-02
 5.66355e-03  5.36344e-02
 3.31021e-03  5.27957e-02

 2.98242e-03  5.24799e-02
 2.95055e-03  5.24819e-02
 5.03479e-03  5.11043e-02
 5.18563e-03  5.35981e-02
 2.95055e-03  5.24819e-02

