#[ Fluid velocity 2D plot data file: flw.dat ]
 2.45980e-03 -1.12229e-01
 2.46378e-03 -1.12229e-01
 2.74144e-04 -1.11026e-01
 3.27171e-04 -1.13524e-01
 2.46378e-03 -1.12229e-01

 7.37400e-03 -1.11995e-01
 7.89478e-03 -1.11962e-01
 5.65606e-03 -1.10853e-01
 5.81504e-03 -1.13346e-01
 7.89478e-03 -1.11962e-01

 1.22723e-02 -1.11537e-01
 1.30546e-02 -1.11453e-01
 1.07709e-02 -1.10440e-01
 1.10355e-02 -1.12925e-01
 1.30546e-02 -1.11453e-01

 1.71443e-02 -1.10855e-01
 1.83199e-02 -1.10679e-01
 1.59952e-02 -1.09764e-01
 1.63651e-02 -1.12234e-01
 1.83199e-02 -1.10679e-01

 2.19798e-02 -1.09951e-01
 2.34806e-02 -1.09661e-01
 2.11191e-02 -1.08845e-01
 2.15935e-02 -1.11298e-01
 2.34806e-02 -1.09661e-01

 2.67687e-02 -1.08827e-01
 2.86606e-02 -1.08377e-01
 2.62667e-02 -1.07662e-01
 2.68448e-02 -1.10093e-01
 2.86606e-02 -1.08377e-01

 2.49946e-03 -1.06791e-01
 2.49946e-03 -1.07352e-01
 3.74862e-03 -1.05189e-01
 1.25030e-03 -1.05189e-01
 2.49946e-03 -1.07352e-01

 7.49085e-03 -1.06504e-01
 8.01802e-03 -1.07200e-01
 7.70783e-03 -1.04721e-01
 5.71605e-03 -1.06230e-01
 8.01802e-03 -1.07200e-01

 1.24603e-02 -1.05957e-01
 1.32564e-02 -1.06602e-01
 1.23620e-02 -1.04270e-01
 1.07889e-02 -1.06211e-01
 1.32564e-02 -1.06602e-01

 1.73943e-02 -1.05152e-01
 1.85957e-02 -1.05750e-01
 1.72162e-02 -1.03667e-01
 1.61021e-02 -1.05903e-01
 1.85957e-02 -1.05750e-01

 2.22792e-02 -1.04089e-01
 2.38289e-02 -1.04604e-01
 2.21697e-02 -1.02736e-01
 2.13817e-02 -1.05107e-01
 2.38289e-02 -1.04604e-01

 2.71017e-02 -1.02773e-01
 2.89826e-02 -1.03032e-01
 2.70095e-02 -1.01499e-01
 2.66690e-02 -1.03974e-01
 2.89826e-02 -1.03032e-01

 2.54072e-03 -1.01354e-01
 2.54072e-03 -1.02346e-01
 3.78988e-03 -1.00183e-01
 1.29156e-03 -1.00183e-01
 2.54072e-03 -1.02346e-01

 7.61220e-03 -1.01016e-01
 7.89551e-03 -1.02203e-01
 8.60807e-03 -9.98085e-02
 6.17805e-03 -1.00389e-01
 7.89551e-03 -1.02203e-01

 1.26550e-02 -1.00382e-01
 1.30501e-02 -1.01542e-01
 1.35349e-02 -9.90907e-02
 1.11700e-02 -9.98963e-02
 1.30501e-02 -1.01542e-01

 1.76516e-02 -9.94515e-02
 1.82250e-02 -1.00626e-01
 1.83982e-02 -9.81336e-02
 1.61532e-02 -9.92297e-02
 1.82250e-02 -1.00626e-01

 2.25847e-02 -9.82294e-02
 2.32966e-02 -9.93651e-02
 2.32059e-02 -9.68684e-02
 2.10890e-02 -9.81953e-02
 2.32966e-02 -9.93651e-02

 2.74372e-02 -9.67195e-02
 2.81803e-02 -9.77507e-02
 2.79288e-02 -9.52651e-02
 2.59019e-02 -9.67258e-02
 2.81803e-02 -9.77507e-02

 2.58357e-03 -9.59181e-02
 2.58357e-03 -9.70731e-02
 3.83273e-03 -9.49095e-02
 1.33441e-03 -9.49095e-02
 2.58357e-03 -9.70731e-02

 7.73804e-03 -9.55317e-02
 7.79464e-03 -9.69061e-02
 8.95372e-03 -9.46929e-02
 6.45752e-03 -9.47957e-02
 7.79464e-03 -9.69061e-02

 1.28562e-02 -9.48095e-02
 1.29205e-02 -9.61803e-02
 1.40669e-02 -9.39606e-02
 1.15713e-02 -9.40776e-02
 1.29205e-02 -9.61803e-02

 1.79161e-02 -9.37548e-02
 1.79977e-02 -9.51788e-02
 1.91210e-02 -9.29473e-02
 1.66268e-02 -9.30902e-02
 1.79977e-02 -9.51788e-02

 2.28962e-02 -9.23719e-02
 2.29811e-02 -9.37732e-02
 2.40971e-02 -9.15380e-02
 2.16033e-02 -9.16892e-02
 2.29811e-02 -9.37732e-02

 2.77751e-02 -9.06670e-02
 2.78181e-02 -9.20107e-02
 2.89974e-02 -8.98082e-02
 2.65003e-02 -8.98882e-02
 2.78181e-02 -9.20107e-02

 2.62800e-03 -9.04836e-02
 2.62800e-03 -9.17160e-02
 3.87716e-03 -8.95524e-02
 1.37883e-03 -8.95524e-02
 2.62800e-03 -9.17160e-02

 7.86837e-03 -9.00500e-02
 7.75509e-03 -9.14951e-02
 9.16951e-03 -8.94358e-02
 6.67882e-03 -8.92405e-02
 7.75509e-03 -9.14951e-02

 1.30640e-02 -8.92412e-02
 1.28933e-02 -9.07076e-02
 1.43842e-02 -8.87030e-02
 1.19027e-02 -8.84141e-02
 1.28933e-02 -9.07076e-02

 1.81879e-02 -8.80613e-02
 1.79130e-02 -8.96129e-02
 1.95205e-02 -8.77005e-02
 1.70606e-02 -8.72645e-02
 1.79130e-02 -8.96129e-02

 2.32138e-02 -8.65167e-02
 2.28588e-02 -8.80943e-02
 2.45524e-02 -8.62577e-02
 2.21151e-02 -8.57092e-02
 2.28588e-02 -8.80943e-02

 2.81154e-02 -8.46152e-02
 2.76428e-02 -8.62174e-02
 2.94531e-02 -8.44956e-02
 2.70569e-02 -8.37887e-02
 2.76428e-02 -8.62174e-02

 2.67399e-03 -8.50504e-02
 2.67399e-03 -8.62460e-02
 3.92316e-03 -8.40824e-02
 1.42483e-03 -8.40824e-02
 2.67399e-03 -8.62460e-02

 8.00317e-03 -8.45714e-02
 7.76428e-03 -8.59660e-02
 9.36081e-03 -8.40444e-02
 6.89835e-03 -8.36226e-02
 7.76428e-03 -8.59660e-02

 1.32784e-02 -8.36765e-02
 1.29445e-02 -8.51091e-02
 1.46521e-02 -8.32855e-02
 1.22190e-02 -8.27184e-02
 1.29445e-02 -8.51091e-02

 1.84671e-02 -8.23712e-02
 1.79464e-02 -8.39035e-02
 1.98253e-02 -8.22569e-02
 1.74598e-02 -8.14530e-02
 1.79464e-02 -8.39035e-02

 2.35375e-02 -8.06635e-02
 2.28810e-02 -8.22500e-02
 2.48625e-02 -8.07284e-02
 2.25541e-02 -7.97732e-02
 2.28810e-02 -8.22500e-02

 2.84583e-02 -7.85641e-02
 2.76356e-02 -8.02145e-02
 2.97188e-02 -7.88355e-02
 2.74830e-02 -7.77208e-02
 2.76356e-02 -8.02145e-02

 2.72155e-03 -7.96185e-02
 2.72155e-03 -8.07279e-02
 3.97072e-03 -7.85643e-02
 1.47239e-03 -7.85643e-02
 2.72155e-03 -8.07279e-02

 8.14243e-03 -7.90961e-02
 7.79721e-03 -8.03886e-02
 9.56240e-03 -7.86206e-02
 7.14869e-03 -7.79759e-02
 7.79721e-03 -8.03886e-02

 1.34994e-02 -7.81157e-02
 1.30275e-02 -7.94654e-02
 1.49207e-02 -7.78352e-02
 1.25623e-02 -7.70107e-02
 1.30275e-02 -7.94654e-02

 1.87537e-02 -7.66844e-02
 1.80243e-02 -7.81517e-02
 2.01059e-02 -7.67703e-02
 1.78688e-02 -7.56582e-02
 1.80243e-02 -7.81517e-02

 2.38674e-02 -7.48125e-02
 2.29604e-02 -7.63737e-02
 2.51274e-02 -7.51304e-02
 2.29672e-02 -7.38754e-02
 2.29604e-02 -7.63737e-02

 2.88037e-02 -7.25137e-02
 2.76852e-02 -7.41879e-02
 2.99258e-02 -7.30828e-02
 2.78485e-02 -7.16949e-02
 2.76852e-02 -7.41879e-02

 2.77066e-03 -7.41880e-02
 2.77066e-03 -7.51384e-02
 4.01982e-03 -7.29747e-02
 1.52150e-03 -7.29747e-02
 2.77066e-03 -7.51384e-02

 8.28615e-03 -7.36240e-02
 7.84682e-03 -7.47395e-02
 9.80197e-03 -7.31842e-02
 7.47745e-03 -7.22686e-02
 7.84682e-03 -7.47395e-02

 1.37270e-02 -7.25587e-02
 1.31282e-02 -7.37509e-02
 1.52156e-02 -7.23780e-02
 1.29830e-02 -7.12568e-02
 1.31282e-02 -7.37509e-02

 1.90476e-02 -7.10008e-02
 1.81305e-02 -7.23269e-02
 2.03886e-02 -7.12580e-02
 1.83338e-02 -6.98369e-02
 1.81305e-02 -7.23269e-02

 2.42036e-02 -6.89636e-02
 2.30737e-02 -7.04206e-02
 2.53867e-02 -6.94764e-02
 2.34124e-02 -6.79454e-02
 2.30737e-02 -7.04206e-02

 2.91516e-02 -6.64640e-02
 2.77792e-02 -6.80729e-02
 3.01337e-02 -6.72375e-02
 2.82330e-02 -6.56161e-02
 2.77792e-02 -6.80729e-02

 2.82131e-03 -6.87588e-02
 2.82131e-03 -6.95130e-02
 4.07047e-03 -6.73494e-02
 1.57215e-03 -6.73494e-02
 2.82131e-03 -6.95130e-02

 8.43432e-03 -6.81554e-02
 7.91027e-03 -6.90453e-02
 1.00845e-02 -6.78148e-02
 7.93171e-03 -6.65471e-02
 7.91027e-03 -6.90453e-02

 1.39613e-02 -6.70056e-02
 1.32460e-02 -6.79981e-02
 1.55244e-02 -6.69732e-02
 1.34976e-02 -6.55125e-02
 1.32460e-02 -6.79981e-02

 1.93491e-02 -6.53207e-02
 1.82661e-02 -6.64699e-02
 2.06591e-02 -6.57520e-02
 1.88409e-02 -6.40386e-02
 1.82661e-02 -6.64699e-02

 2.45460e-02 -6.31167e-02
 2.32324e-02 -6.44412e-02
 2.56430e-02 -6.37846e-02
 2.38691e-02 -6.20253e-02
 2.32324e-02 -6.44412e-02

 2.95021e-02 -6.04150e-02
 2.79349e-02 -6.19385e-02
 3.03570e-02 -6.13261e-02
 2.86156e-02 -5.95347e-02
 2.79349e-02 -6.19385e-02

 2.87349e-03 -6.33311e-02
 2.87349e-03 -6.38274e-02
 4.12265e-03 -6.16638e-02
 1.62433e-03 -6.16638e-02
 2.87349e-03 -6.38274e-02

 8.58693e-03 -6.26901e-02
 8.01921e-03 -6.32905e-02
 1.04134e-02 -6.25767e-02
 8.59809e-03 -6.08602e-02
 8.01921e-03 -6.32905e-02

 1.42022e-02 -6.14566e-02
 1.34230e-02 -6.21817e-02
 1.58579e-02 -6.16223e-02
 1.41560e-02 -5.97933e-02
 1.34230e-02 -6.21817e-02

 1.96580e-02 -5.96439e-02
 1.84978e-02 -6.05448e-02
 2.09728e-02 -6.02045e-02
 1.94406e-02 -5.82312e-02
 1.84978e-02 -6.05448e-02

 2.48948e-02 -5.72719e-02
 2.35157e-02 -5.83846e-02
 2.59840e-02 -5.79981e-02
 2.44151e-02 -5.60538e-02
 2.35157e-02 -5.83846e-02

 2.98552e-02 -5.43666e-02
 2.82587e-02 -5.57060e-02
 3.07191e-02 -5.52723e-02
 2.91133e-02 -5.33584e-02
 2.82587e-02 -5.57060e-02

 2.92720e-03 -5.79048e-02
 2.92720e-03 -5.81533e-02
 4.17636e-03 -5.59897e-02
 1.67803e-03 -5.59897e-02
 2.92720e-03 -5.81533e-02

 8.74398e-03 -5.72284e-02
 8.24049e-03 -5.75036e-02
 1.07381e-02 -5.75622e-02
 9.54008e-03 -5.53699e-02
 8.24049e-03 -5.75036e-02

 1.44499e-02 -5.59116e-02
 1.37887e-02 -5.63242e-02
 1.62855e-02 -5.62385e-02
 1.49629e-02 -5.41190e-02
 1.37887e-02 -5.63242e-02

 1.99746e-02 -5.39705e-02
 1.90012e-02 -5.45462e-02
 2.14993e-02 -5.45199e-02
 2.02275e-02 -5.23696e-02
 1.90012e-02 -5.45462e-02

 2.52499e-02 -5.14291e-02
 2.41378e-02 -5.22171e-02
 2.66254e-02 -5.19854e-02
 2.51809e-02 -4.99470e-02
 2.41378e-02 -5.22171e-02

 3.02108e-02 -4.83188e-02
 2.89511e-02 -4.93388e-02
 3.14187e-02 -4.89481e-02
 2.98465e-02 -4.70064e-02
 2.89511e-02 -4.93388e-02

 2.98242e-03 -5.24799e-02
 2.98367e-03 -5.24799e-02
 7.48577e-04 -5.13636e-02
 8.99422e-04 -5.38574e-02
 2.98367e-03 -5.24799e-02

 8.90546e-03 -5.17703e-02
 8.73430e-03 -5.18017e-02
 1.10876e-02 -5.26404e-02
 1.06373e-02 -5.01830e-02
 8.73430e-03 -5.18017e-02

 1.47043e-02 -5.03707e-02
 1.45105e-02 -5.04311e-02
 1.69478e-02 -5.09800e-02
 1.62045e-02 -4.85948e-02
 1.45105e-02 -5.04311e-02

 2.02987e-02 -4.83004e-02
 2.00033e-02 -4.84334e-02
 2.24889e-02 -4.86846e-02
 2.14636e-02 -4.64064e-02
 2.00033e-02 -4.84334e-02

 2.56115e-02 -4.55882e-02
 2.52619e-02 -4.57995e-02
 2.77597e-02 -4.57492e-02
 2.64672e-02 -4.36112e-02
 2.52619e-02 -4.57995e-02

 3.05691e-02 -4.22715e-02
 3.01641e-02 -4.25888e-02
 3.26377e-02 -4.22379e-02
 3.10969e-02 -4.02712e-02
 3.01641e-02 -4.25888e-02

 3.62105e-02 -4.03946e-02
 3.52925e-02 -4.14094e-02
 3.76703e-02 -4.06430e-02
 3.58176e-02 -3.89669e-02
 3.52925e-02 -4.14094e-02

 3.59826e-02 -4.67171e-02
 3.43876e-02 -4.82868e-02
 3.68059e-02 -4.76595e-02
 3.50535e-02 -4.58788e-02
 3.43876e-02 -4.82868e-02

 3.57546e-02 -5.30396e-02
 3.39421e-02 -5.48335e-02
 3.63586e-02 -5.41994e-02
 3.46012e-02 -5.24236e-02
 3.39421e-02 -5.48335e-02

 3.55267e-02 -5.93621e-02
 3.37995e-02 -6.12141e-02
 3.61887e-02 -6.04838e-02
 3.43616e-02 -5.87798e-02
 3.37995e-02 -6.12141e-02

 3.52987e-02 -6.56846e-02
 3.38078e-02 -6.75209e-02
 3.61413e-02 -6.66286e-02
 3.42018e-02 -6.50539e-02
 3.38078e-02 -6.75209e-02

 3.50707e-02 -7.20071e-02
 3.38950e-02 -7.37913e-02
 3.61286e-02 -7.26721e-02
 3.40425e-02 -7.12973e-02
 3.38950e-02 -7.37913e-02

 3.48428e-02 -7.83296e-02
 3.40423e-02 -7.99512e-02
 3.61202e-02 -7.85640e-02
 3.38799e-02 -7.74582e-02
 3.40423e-02 -7.99512e-02

 3.46148e-02 -8.46521e-02
 3.43447e-02 -8.60400e-02
 3.59842e-02 -8.41549e-02
 3.35319e-02 -8.36776e-02
 3.43447e-02 -8.60400e-02

 3.43869e-02 -9.09746e-02
 3.48323e-02 -9.18229e-02
 3.49324e-02 -8.93266e-02
 3.27205e-02 -9.04881e-02
 3.48323e-02 -9.18229e-02

 3.41589e-02 -9.72971e-02
 3.57407e-02 -9.75395e-02
 3.37913e-02 -9.59771e-02
 3.34129e-02 -9.84466e-02
 3.57407e-02 -9.75395e-02

 3.39310e-02 -1.03620e-01
 3.63409e-02 -1.02755e-01
 3.38825e-02 -1.02310e-01
 3.47263e-02 -1.04661e-01
 3.63409e-02 -1.02755e-01

 3.25715e-02 -1.08703e-01
 3.41780e-02 -1.08173e-01
 3.17321e-02 -1.07664e-01
 3.25142e-02 -1.10037e-01
 3.41780e-02 -1.08173e-01

 4.27359e-02 -4.02461e-02
 4.10181e-02 -4.23282e-02
 4.33586e-02 -4.14542e-02
 4.14315e-02 -3.98643e-02
 4.10181e-02 -4.23282e-02

 4.27526e-02 -4.68905e-02
 4.08044e-02 -4.92331e-02
 4.31483e-02 -4.83684e-02
 4.12274e-02 -4.67709e-02
 4.08044e-02 -4.92331e-02

 4.27694e-02 -5.35349e-02
 4.08461e-02 -5.58706e-02
 4.31857e-02 -5.49944e-02
 4.12571e-02 -5.34063e-02
 4.08461e-02 -5.58706e-02

 4.27862e-02 -6.01793e-02
 4.10797e-02 -6.24001e-02
 4.33885e-02 -6.14456e-02
 4.14074e-02 -5.99234e-02
 4.10797e-02 -6.24001e-02

 4.28029e-02 -6.68237e-02
 4.14282e-02 -6.88681e-02
 4.36721e-02 -6.77697e-02
 4.15989e-02 -6.63756e-02
 4.14282e-02 -6.88681e-02

 4.28197e-02 -7.34681e-02
 4.18843e-02 -7.52536e-02
 4.39948e-02 -7.39167e-02
 4.17818e-02 -7.27574e-02
 4.18843e-02 -7.52536e-02

 4.28364e-02 -8.01124e-02
 4.25131e-02 -8.15209e-02
 4.42147e-02 -7.96917e-02
 4.17797e-02 -7.91327e-02
 4.25131e-02 -8.15209e-02

 4.28532e-02 -8.67568e-02
 4.34010e-02 -8.75325e-02
 4.31733e-02 -8.50446e-02
 4.11325e-02 -8.64858e-02
 4.34010e-02 -8.75325e-02

 4.28699e-02 -9.34012e-02
 4.46992e-02 -9.33770e-02
 4.25192e-02 -9.21566e-02
 4.25523e-02 -9.46547e-02
 4.46992e-02 -9.33770e-02

 4.28867e-02 -1.00046e-01
 4.56848e-02 -9.89058e-02
 4.32098e-02 -9.85652e-02
 4.41523e-02 -1.00879e-01
 4.56848e-02 -9.89058e-02

 4.17449e-02 -1.05468e-01
 4.38228e-02 -1.04582e-01
 4.13425e-02 -1.04282e-01
 4.23230e-02 -1.06580e-01
 4.38228e-02 -1.04582e-01

 4.92708e-02 -4.00910e-02
 4.73560e-02 -4.30646e-02
 4.95777e-02 -4.19217e-02
 4.74771e-02 -4.05692e-02
 4.73560e-02 -4.30646e-02

 4.95512e-02 -4.70442e-02
 4.76289e-02 -4.99540e-02
 4.98637e-02 -4.88373e-02
 4.77792e-02 -4.74602e-02
 4.76289e-02 -4.99540e-02

 4.98317e-02 -5.39974e-02
 4.80721e-02 -5.66853e-02
 5.03023e-02 -5.55592e-02
 4.82120e-02 -5.41909e-02
 4.80721e-02 -5.66853e-02

 5.01122e-02 -6.09505e-02
 4.86562e-02 -6.33463e-02
 5.08474e-02 -6.21461e-02
 4.87124e-02 -6.08486e-02
 4.86562e-02 -6.33463e-02

 5.03927e-02 -6.79037e-02
 4.93832e-02 -6.99110e-02
 5.14712e-02 -6.85393e-02
 4.92392e-02 -6.74169e-02
 4.93832e-02 -6.99110e-02

 5.06731e-02 -7.48568e-02
 5.03161e-02 -7.63516e-02
 5.20337e-02 -7.45373e-02
 4.96038e-02 -7.39570e-02
 5.03161e-02 -7.63516e-02

 5.09536e-02 -8.18100e-02
 5.15444e-02 -8.25051e-02
 5.10952e-02 -8.00475e-02
 4.91914e-02 -8.16653e-02
 5.15444e-02 -8.25051e-02

 5.12341e-02 -8.87631e-02
 5.32180e-02 -8.84580e-02
 5.08897e-02 -8.75522e-02
 5.12694e-02 -9.00215e-02
 5.32180e-02 -8.84580e-02

 5.15146e-02 -9.57163e-02
 5.45942e-02 -9.41444e-02
 5.20993e-02 -9.40154e-02
 5.32350e-02 -9.62406e-02
 5.45942e-02 -9.41444e-02

 5.06129e-02 -1.01466e-01
 5.29452e-02 -1.00227e-01
 5.04484e-02 -1.00139e-01
 5.16203e-02 -1.02345e-01
 5.29452e-02 -1.00227e-01

 5.58147e-02 -3.99288e-02
 5.40023e-02 -4.33892e-02
 5.61127e-02 -4.20522e-02
 5.38996e-02 -4.08930e-02
 5.40023e-02 -4.33892e-02

 5.63771e-02 -4.71764e-02
 5.46744e-02 -5.03545e-02
 5.67972e-02 -4.90373e-02
 5.45951e-02 -4.78574e-02
 5.46744e-02 -5.03545e-02

 5.69395e-02 -5.44239e-02
 5.54926e-02 -5.72018e-02
 5.76000e-02 -5.58599e-02
 5.53842e-02 -5.47059e-02
 5.54926e-02 -5.72018e-02

 5.75018e-02 -6.16715e-02
 5.64771e-02 -6.39451e-02
 5.85050e-02 -6.24859e-02
 5.62273e-02 -6.14593e-02
 5.64771e-02 -6.39451e-02

 5.80642e-02 -6.89191e-02
 5.76917e-02 -7.05263e-02
 5.93971e-02 -6.87006e-02
 5.69633e-02 -6.81365e-02
 5.76917e-02 -7.05263e-02

 5.86266e-02 -7.61666e-02
 5.92526e-02 -7.68052e-02
 5.86299e-02 -7.43857e-02
 5.68459e-02 -7.61347e-02
 5.92526e-02 -7.68052e-02

 5.91890e-02 -8.34142e-02
 6.12784e-02 -8.27980e-02
 5.88497e-02 -8.22119e-02
 5.95565e-02 -8.46082e-02
 6.12784e-02 -8.27980e-02

 5.97513e-02 -9.06618e-02
 6.30918e-02 -8.86294e-02
 6.05942e-02 -8.86868e-02
 6.18927e-02 -9.08211e-02
 6.30918e-02 -8.86294e-02

 5.91113e-02 -9.67234e-02
 6.16993e-02 -9.50532e-02
 5.92041e-02 -9.51768e-02
 6.05588e-02 -9.72760e-02
 6.16993e-02 -9.50532e-02

 6.23673e-02 -3.97588e-02
 6.08516e-02 -4.33839e-02
 6.28387e-02 -4.18696e-02
 6.05337e-02 -4.09058e-02
 6.08516e-02 -4.33839e-02

 6.32289e-02 -4.72853e-02
 6.18987e-02 -5.04469e-02
 6.38891e-02 -4.89370e-02
 6.15863e-02 -4.79682e-02
 6.18987e-02 -5.04469e-02

 6.40904e-02 -5.48117e-02
 6.31448e-02 -5.73575e-02
 6.50692e-02 -5.57642e-02
 6.27272e-02 -5.48944e-02
 6.31448e-02 -5.73575e-02

 6.49519e-02 -6.23382e-02
 6.46167e-02 -6.40643e-02
 6.62555e-02 -6.21785e-02
 6.38030e-02 -6.17022e-02
 6.46167e-02 -6.40643e-02

 6.58135e-02 -6.98647e-02
 6.64902e-02 -7.04350e-02
 6.56407e-02 -6.80855e-02
 6.40308e-02 -6.99960e-02
 6.64902e-02 -7.04350e-02

 6.66750e-02 -7.73911e-02
 6.88362e-02 -7.64315e-02
 6.63518e-02 -7.61679e-02
 6.73657e-02 -7.84512e-02
 6.88362e-02 -7.64315e-02

 6.75366e-02 -8.49176e-02
 7.10707e-02 -8.23578e-02
 6.85857e-02 -8.26153e-02
 7.00512e-02 -8.46387e-02
 7.10707e-02 -8.23578e-02

 6.71786e-02 -9.12750e-02
 6.99585e-02 -8.91262e-02
 6.74827e-02 -8.94611e-02
 6.90106e-02 -9.14377e-02
 6.99585e-02 -8.91262e-02

 6.89281e-02 -3.95805e-02
 6.77465e-02 -4.30649e-02
 6.96243e-02 -4.14170e-02
 6.72583e-02 -4.06147e-02
 6.77465e-02 -4.30649e-02

 7.01050e-02 -4.73692e-02
 6.92610e-02 -5.01628e-02
 7.10825e-02 -4.84530e-02
 6.86910e-02 -4.77304e-02
 6.92610e-02 -5.01628e-02

 7.12820e-02 -5.51580e-02
 7.10176e-02 -5.69852e-02
 7.25638e-02 -5.50228e-02
 7.00912e-02 -5.46650e-02
 7.10176e-02 -5.69852e-02

 7.24590e-02 -6.29467e-02
 7.31898e-02 -6.34263e-02
 7.20662e-02 -6.11948e-02
 7.06955e-02 -6.32836e-02
 7.31898e-02 -6.34263e-02

 7.36360e-02 -7.07355e-02
 7.58334e-02 -6.94002e-02
 7.33357e-02 -6.94562e-02
 7.46331e-02 -7.15913e-02
 7.58334e-02 -6.94002e-02

 7.48130e-02 -7.85242e-02
 7.84825e-02 -7.53936e-02
 7.60258e-02 -7.58475e-02
 7.76473e-02 -7.77481e-02
 7.84825e-02 -7.53936e-02

 7.47565e-02 -8.51596e-02
 7.76528e-02 -8.24994e-02
 7.52143e-02 -8.30430e-02
 7.69043e-02 -8.48830e-02
 7.76528e-02 -8.24994e-02

 7.54964e-02 -3.93933e-02
 7.48658e-02 -4.24428e-02
 7.65272e-02 -4.05769e-02
 7.40807e-02 -4.00710e-02
 7.48658e-02 -4.24428e-02

 7.70041e-02 -4.74267e-02
 7.68582e-02 -4.93604e-02
 7.82666e-02 -4.72969e-02
 7.57753e-02 -4.71090e-02
 7.68582e-02 -4.93604e-02

 7.85117e-02 -5.54601e-02
 7.93512e-02 -5.58489e-02
 7.79129e-02 -5.38061e-02
 7.68629e-02 -5.60731e-02
 7.93512e-02 -5.58489e-02

 8.00193e-02 -6.34934e-02
 8.22310e-02 -6.17522e-02
 7.97583e-02 -6.21091e-02
 8.13037e-02 -6.40721e-02
 8.22310e-02 -6.17522e-02

 8.15270e-02 -7.15268e-02
 8.52927e-02 -6.77943e-02
 8.28767e-02 -6.84302e-02
 8.46354e-02 -7.02046e-02
 8.52927e-02 -6.77943e-02

 8.17899e-02 -7.84212e-02
 8.47262e-02 -7.52244e-02
 8.23426e-02 -7.59728e-02
 8.41826e-02 -7.76628e-02
 8.47262e-02 -7.52244e-02

 8.20718e-02 -3.91969e-02
 8.20260e-02 -4.12145e-02
 8.33239e-02 -3.90798e-02
 8.08263e-02 -3.90232e-02
 8.20260e-02 -4.12145e-02

 8.39242e-02 -4.74562e-02
 8.48142e-02 -4.76984e-02
 8.30545e-02 -4.59250e-02
 8.23985e-02 -4.83357e-02
 8.48142e-02 -4.76984e-02

 8.57766e-02 -5.57156e-02
 8.79704e-02 -5.35217e-02
 8.55572e-02 -5.41684e-02
 8.73238e-02 -5.59349e-02
 8.79704e-02 -5.35217e-02

 8.76290e-02 -6.39750e-02
 9.14187e-02 -5.95649e-02
 8.90611e-02 -6.03917e-02
 9.09560e-02 -6.20200e-02
 9.14187e-02 -5.95649e-02

 8.82279e-02 -7.11080e-02
 9.11292e-02 -6.73546e-02
 8.88177e-02 -6.83025e-02
 9.07944e-02 -6.98303e-02
 9.11292e-02 -6.73546e-02

 8.86536e-02 -3.89906e-02
 8.98240e-02 -3.91882e-02
 8.78985e-02 -3.75964e-02
 8.74827e-02 -4.00598e-02
 8.98240e-02 -3.91882e-02

 9.08637e-02 -4.74565e-02
 9.30575e-02 -4.47668e-02
 9.07220e-02 -4.56539e-02
 9.26580e-02 -4.72330e-02
 9.30575e-02 -4.47668e-02

 9.30737e-02 -5.59224e-02
 9.69348e-02 -5.08325e-02
 9.46320e-02 -5.18013e-02
 9.66224e-02 -5.33112e-02
 9.69348e-02 -5.08325e-02

 9.40239e-02 -6.32726e-02
 9.68185e-02 -5.89428e-02
 9.45957e-02 -6.00832e-02
 9.66948e-02 -6.14380e-02
 9.68185e-02 -5.89428e-02

 9.52413e-02 -3.87743e-02
 9.74166e-02 -3.55454e-02
 9.51717e-02 -3.66418e-02
 9.72437e-02 -3.80378e-02
 9.74166e-02 -3.55454e-02

 9.78206e-02 -4.74263e-02
 1.01590e-01 -4.14253e-02
 9.93816e-02 -4.25930e-02
 1.01497e-01 -4.39219e-02
 1.01590e-01 -4.14253e-02

 9.91357e-02 -5.49712e-02
 1.01754e-01 -5.00403e-02
 9.96364e-02 -5.13652e-02
 1.01843e-01 -5.25370e-02
 1.01754e-01 -5.00403e-02

 1.01834e-01 -3.85474e-02
 1.05938e-01 -3.18082e-02
 1.03746e-01 -3.30063e-02
 1.05880e-01 -3.43058e-02
 1.05938e-01 -3.18082e-02

 1.03526e-01 -4.62635e-02
 1.05965e-01 -4.05478e-02
 1.03967e-01 -4.20476e-02
 1.06265e-01 -4.30281e-02
 1.05965e-01 -4.05478e-02

 1.07163e-01 -3.72121e-02
 1.09135e-01 -3.12318e-02
 1.07271e-01 -3.28956e-02
 1.09644e-01 -3.36777e-02
 1.09135e-01 -3.12318e-02

 1.07478e-01 -3.14796e-02
 1.09518e-01 -2.42741e-02
 1.07727e-01 -2.60156e-02
 1.10130e-01 -2.66963e-02
 1.09518e-01 -2.42741e-02

 1.08809e-01 -2.67494e-02
 1.10688e-01 -1.88512e-02
 1.08972e-01 -2.06670e-02
 1.11403e-01 -2.12451e-02
 1.10688e-01 -1.88512e-02

 1.09924e-01 -2.19630e-02
 1.11476e-01 -1.39391e-02
 1.09838e-01 -1.58262e-02
 1.12291e-01 -1.63005e-02
 1.11476e-01 -1.39391e-02

 1.10818e-01 -1.71304e-02
 1.12058e-01 -8.84444e-03
 1.10503e-01 -1.07993e-02
 1.12973e-01 -1.11691e-02
 1.12058e-01 -8.84444e-03

 1.11490e-01 -1.22618e-02
 1.12389e-01 -3.82769e-03
 1.10917e-01 -5.84680e-03
 1.13402e-01 -6.11146e-03
 1.12389e-01 -3.82769e-03

 1.11939e-01 -7.36740e-03
 1.12486e-01  1.20336e-03
 1.11101e-01 -8.76377e-04
 1.13595e-01 -1.03537e-03
 1.12486e-01  1.20336e-03

 1.12164e-01 -2.45752e-03
 1.12348e-01  6.20642e-03
 1.11053e-01  4.06981e-03
 1.13551e-01  4.01678e-03
 1.12348e-01  6.20642e-03

 1.12164e-01  2.45752e-03
 1.11979e-01  1.11567e-02
 1.10776e-01  8.96705e-03
 1.13274e-01  9.02008e-03
 1.11979e-01  1.11567e-02

 1.11939e-01  7.36740e-03
 1.11383e-01  1.60833e-02
 1.10275e-01  1.38446e-02
 1.12768e-01  1.40036e-02
 1.11383e-01  1.60833e-02

 1.11490e-01  1.22618e-02
 1.10572e-01  2.08835e-02
 1.09559e-01  1.85997e-02
 1.12043e-01  1.88644e-02
 1.10572e-01  2.08835e-02

 1.10818e-01  1.71304e-02
 1.09533e-01  2.57111e-02
 1.08618e-01  2.33864e-02
 1.11089e-01  2.37563e-02
 1.09533e-01  2.57111e-02

 1.09924e-01  2.19630e-02
 1.08323e-01  3.02407e-02
 1.07507e-01  2.78792e-02
 1.09960e-01  2.83536e-02
 1.08323e-01  3.02407e-02

 1.08809e-01  2.67494e-02
 1.06834e-01  3.50566e-02
 1.06119e-01  3.26626e-02
 1.08550e-01  3.32407e-02
 1.06834e-01  3.50566e-02

 1.07478e-01  3.14796e-02
 1.05346e-01  3.90055e-02
 1.04734e-01  3.65834e-02
 1.07138e-01  3.72641e-02
 1.05346e-01  3.90055e-02

 1.01186e-01 -3.17882e-02
 1.03879e-01 -2.56293e-02
 1.01868e-01 -2.71112e-02
 1.04157e-01 -2.81122e-02
 1.03879e-01 -2.56293e-02

 1.02724e-01 -2.70467e-02
 1.04956e-01 -2.04871e-02
 1.03076e-01 -2.21330e-02
 1.05441e-01 -2.29377e-02
 1.04956e-01 -2.04871e-02

 1.04012e-01 -2.22310e-02
 1.05801e-01 -1.54450e-02
 1.04042e-01 -1.72186e-02
 1.06457e-01 -1.78556e-02
 1.05801e-01 -1.54450e-02

 1.05047e-01 -1.73543e-02
 1.06488e-01 -1.02883e-02
 1.04832e-01 -1.21585e-02
 1.07280e-01 -1.26579e-02
 1.06488e-01 -1.02883e-02

 1.05825e-01 -1.24300e-02
 1.06905e-01 -5.17415e-03
 1.05351e-01 -7.13032e-03
 1.07822e-01 -7.49807e-03
 1.06905e-01 -5.17415e-03

 1.06345e-01 -7.47169e-03
 1.07049e-01 -4.41656e-05
 1.05602e-01 -2.08030e-03
 1.08089e-01 -2.31596e-03
 1.07049e-01 -4.41656e-05

 1.06606e-01 -2.49284e-03
 1.06908e-01  5.05310e-03
 1.05573e-01  2.94113e-03
 1.08069e-01  2.84130e-03
 1.06908e-01  5.05310e-03

 1.06606e-01  2.49284e-03
 1.06492e-01  1.00855e-02
 1.05275e-01  7.90332e-03
 1.07773e-01  7.94094e-03
 1.06492e-01  1.00855e-02

 1.06345e-01  7.47169e-03
 1.05801e-01  1.50821e-02
 1.04710e-01  1.28349e-02
 1.07202e-01  1.30131e-02
 1.05801e-01  1.50821e-02

 1.05825e-01  1.24300e-02
 1.04864e-01  1.99305e-02
 1.03900e-01  1.76256e-02
 1.06378e-01  1.79433e-02
 1.04864e-01  1.99305e-02

 1.05047e-01  1.73543e-02
 1.03652e-01  2.47826e-02
 1.02823e-01  2.24256e-02
 1.05279e-01  2.28866e-02
 1.03652e-01  2.47826e-02

 1.04012e-01  2.22310e-02
 1.02246e-01  2.93704e-02
 1.01553e-01  2.69702e-02
 1.03978e-01  2.75701e-02
 1.02246e-01  2.93704e-02

 1.02724e-01  2.70467e-02
 1.00490e-01  3.40790e-02
 9.99544e-02  3.16387e-02
 1.02336e-01  3.23950e-02
 1.00490e-01  3.40790e-02

 1.01186e-01  3.17882e-02
 9.86225e-02  3.83723e-02
 9.82433e-02  3.59029e-02
 1.00571e-01  3.68092e-02
 9.86225e-02  3.83723e-02

 9.48956e-02 -3.21001e-02
 9.60014e-02 -3.05827e-02
 9.37176e-02 -3.15957e-02
 9.57367e-02 -3.30670e-02
 9.60014e-02 -3.05827e-02

 9.66440e-02 -2.73523e-02
 9.76639e-02 -2.54458e-02
 9.55419e-02 -2.67644e-02
 9.77448e-02 -2.79428e-02
 9.76639e-02 -2.54458e-02

 9.81104e-02 -2.25097e-02
 9.89792e-02 -2.03714e-02
 9.70075e-02 -2.19057e-02
 9.93221e-02 -2.28461e-02
 9.89792e-02 -2.03714e-02

 9.92898e-02 -1.75890e-02
 1.00045e-01 -1.51759e-02
 9.82066e-02 -1.68676e-02
 1.00591e-01 -1.76138e-02
 1.00045e-01 -1.51759e-02

 1.00178e-01 -1.26073e-02
 1.00781e-01 -1.00148e-02
 9.90741e-02 -1.18391e-02
 1.01507e-01 -1.24052e-02
 1.00781e-01 -1.00148e-02

 1.00772e-01 -7.58193e-03
 1.01204e-01 -4.83602e-03
 9.96335e-02 -6.77904e-03
 1.02101e-01 -7.16758e-03
 1.01204e-01 -4.83602e-03

 1.01069e-01 -2.53024e-03
 1.01296e-01  3.13858e-04
 9.98786e-02 -1.74378e-03
 1.02369e-01 -1.94208e-03
 1.01296e-01  3.13858e-04

 1.01069e-01  2.53024e-03
 1.01076e-01  5.41680e-03
 9.98217e-02  3.25626e-03
 1.02320e-01  3.25013e-03
 1.01076e-01  5.41680e-03

 1.00772e-01  7.58193e-03
 1.00540e-01  1.04822e-02
 9.94671e-02  8.22611e-03
 1.01958e-01  8.42485e-03
 1.00540e-01  1.04822e-02

 1.00178e-01  1.26073e-02
 9.97285e-02  1.54339e-02
 9.88345e-02  1.31010e-02
 1.01302e-01  1.34933e-02
 9.97285e-02  1.54339e-02

 9.92898e-02  1.75890e-02
 9.86065e-02  2.03587e-02
 9.79119e-02  1.79588e-02
 1.00338e-01  1.85572e-02
 9.86065e-02  2.03587e-02

 9.81104e-02  2.25097e-02
 9.72640e-02  2.50872e-02
 9.67522e-02  2.26419e-02
 9.91259e-02  2.34214e-02
 9.72640e-02  2.50872e-02

 9.66440e-02  2.73523e-02
 9.55689e-02  2.98421e-02
 9.52798e-02  2.73605e-02
 9.75734e-02  2.83510e-02
 9.55689e-02  2.98421e-02

 9.48956e-02  3.21001e-02
 9.36849e-02  3.42683e-02
 9.36491e-02  3.17703e-02
 9.58304e-02  3.29883e-02
 9.36849e-02  3.42683e-02

 8.86078e-02 -3.24155e-02
 8.90800e-02 -3.36617e-02
 8.94815e-02 -3.11958e-02
 8.71453e-02 -3.20810e-02
 8.90800e-02 -3.36617e-02

 9.05712e-02 -2.76667e-02
 9.09875e-02 -2.87802e-02
 9.13998e-02 -2.63162e-02
 8.90597e-02 -2.71912e-02
 9.09875e-02 -2.87802e-02

 9.22203e-02 -2.27996e-02
 9.25589e-02 -2.38188e-02
 9.30623e-02 -2.13717e-02
 9.06913e-02 -2.21593e-02
 9.25589e-02 -2.38188e-02

 9.35483e-02 -1.78350e-02
 9.38638e-02 -1.87227e-02
 9.43162e-02 -1.62657e-02
 9.19622e-02 -1.71024e-02
 9.38638e-02 -1.87227e-02

 9.45492e-02 -1.27941e-02
 9.48316e-02 -1.35975e-02
 9.52927e-02 -1.11421e-02
 9.29357e-02 -1.19705e-02
 9.48316e-02 -1.35975e-02

 9.52189e-02 -7.69840e-03
 9.54707e-02 -8.42334e-03
 9.59409e-02 -5.96967e-03
 9.35809e-02 -6.78927e-03
 9.54707e-02 -8.42334e-03

 9.55545e-02 -2.56980e-03
 9.57538e-02 -3.24582e-03
 9.63403e-02 -8.17331e-04
 9.39439e-02 -1.52359e-03
 9.57538e-02 -3.24582e-03

 9.55545e-02  2.56980e-03
 9.56951e-02  1.91789e-03
 9.64602e-02  4.29618e-03
 9.40180e-02  3.76962e-03
 9.56951e-02  1.91789e-03

 9.52189e-02  7.69840e-03
 9.52844e-02  7.06081e-03
 9.63061e-02  9.34069e-03
 9.38208e-02  9.08552e-03
 9.52844e-02  7.06081e-03

 9.45492e-02  1.27941e-02
 9.45556e-02  1.21300e-02
 9.57839e-02  1.43055e-02
 9.32857e-02  1.42814e-02
 9.45556e-02  1.21300e-02

 9.35483e-02  1.78350e-02
 9.34789e-02  1.71628e-02
 9.49436e-02  1.91867e-02
 9.24585e-02  1.94432e-02
 9.34789e-02  1.71628e-02

 9.22203e-02  2.27996e-02
 9.21195e-02  2.20557e-02
 9.36480e-02  2.40319e-02
 9.11723e-02  2.43676e-02
 9.21195e-02  2.20557e-02

 9.05712e-02  2.76667e-02
 9.03737e-02  2.69079e-02
 9.21274e-02  2.86872e-02
 8.97096e-02  2.93163e-02
 9.03737e-02  2.69079e-02

 8.86078e-02  3.24155e-02
 8.83538e-02  3.15404e-02
 9.01566e-02  3.32701e-02
 8.77573e-02  3.39665e-02
 8.83538e-02  3.15404e-02

 8.23223e-02 -3.27344e-02
 8.19103e-02 -3.55195e-02
 8.34626e-02 -3.35620e-02
 8.09912e-02 -3.31964e-02
 8.19103e-02 -3.55195e-02

 8.45051e-02 -2.79902e-02
 8.41981e-02 -3.07898e-02
 8.56757e-02 -2.87753e-02
 8.31923e-02 -2.85029e-02
 8.41981e-02 -3.07898e-02

 8.63418e-02 -2.31013e-02
 8.61124e-02 -2.59326e-02
 8.75322e-02 -2.38769e-02
 8.50420e-02 -2.36752e-02
 8.61124e-02 -2.59326e-02

 8.78227e-02 -1.80928e-02
 8.76982e-02 -2.08991e-02
 8.90420e-02 -1.87930e-02
 8.65462e-02 -1.86823e-02
 8.76982e-02 -2.08991e-02

 8.89402e-02 -1.29907e-02
 8.89072e-02 -1.57878e-02
 9.01818e-02 -1.36391e-02
 8.76836e-02 -1.36097e-02
 8.89072e-02 -1.57878e-02

 8.96884e-02 -7.82140e-03
 8.97496e-02 -1.05968e-02
 9.09507e-02 -8.40617e-03
 8.84530e-02 -8.46123e-03
 8.97496e-02 -1.05968e-02

 9.00635e-02 -2.61164e-03
 9.02016e-02 -5.37403e-03
 9.13411e-02 -3.15071e-03
 8.88459e-02 -3.27553e-03
 9.02016e-02 -5.37403e-03

 9.00635e-02  2.61164e-03
 9.02759e-02 -1.39768e-04
 9.13548e-02  2.11359e-03
 8.88639e-02  1.92125e-03
 9.02759e-02 -1.39768e-04

 8.96884e-02  7.82140e-03
 8.99629e-02  5.08723e-03
 9.09897e-02  7.36481e-03
 8.85038e-02  7.11523e-03
 8.99629e-02  5.08723e-03

 8.89402e-02  1.29907e-02
 8.92904e-02  1.02643e-02
 9.02537e-02  1.25694e-02
 8.77758e-02  1.22511e-02
 8.92904e-02  1.02643e-02

 8.78227e-02  1.80928e-02
 8.82374e-02  1.53971e-02
 8.91431e-02  1.77255e-02
 8.66738e-02  1.73456e-02
 8.82374e-02  1.53971e-02

 8.63418e-02  2.31013e-02
 8.68503e-02  2.04123e-02
 8.76757e-02  2.27703e-02
 8.52208e-02  2.23061e-02
 8.68503e-02  2.04123e-02

 8.45051e-02  2.79902e-02
 8.50591e-02  2.53497e-02
 8.58374e-02  2.77238e-02
 8.33923e-02  2.72107e-02
 8.50591e-02  2.53497e-02

 8.23223e-02  3.27344e-02
 8.29348e-02  3.00899e-02
 8.36635e-02  3.24796e-02
 8.12296e-02  3.19159e-02
 8.29348e-02  3.00899e-02

 7.60390e-02 -3.30570e-02
 7.52400e-02 -3.65784e-02
 7.69369e-02 -3.47448e-02
 7.45005e-02 -3.41920e-02
 7.52400e-02 -3.65784e-02

 7.84461e-02 -2.83232e-02
 7.77835e-02 -3.19448e-02
 7.94017e-02 -3.00413e-02
 7.69441e-02 -2.95917e-02
 7.77835e-02 -3.19448e-02

 8.04752e-02 -2.34151e-02
 7.99444e-02 -2.71348e-02
 8.14867e-02 -2.51694e-02
 7.90134e-02 -2.48164e-02
 7.99444e-02 -2.71348e-02

 8.21138e-02 -1.83629e-02
 8.17423e-02 -2.21371e-02
 8.31974e-02 -2.01063e-02
 8.07111e-02 -1.98615e-02
 8.17423e-02 -2.21371e-02

 8.33516e-02 -1.31977e-02
 8.31358e-02 -1.70194e-02
 8.45049e-02 -1.49296e-02
 8.20106e-02 -1.47887e-02
 8.31358e-02 -1.70194e-02

 8.41811e-02 -7.95123e-03
 8.41301e-02 -1.17964e-02
 8.54079e-02 -9.64954e-03
 8.29098e-02 -9.61642e-03
 8.41301e-02 -1.17964e-02

 8.45971e-02 -2.65586e-03
 8.47027e-02 -6.51477e-03
 8.58923e-02 -4.31780e-03
 8.33949e-02 -4.38614e-03
 8.47027e-02 -6.51477e-03

 8.45971e-02  2.65586e-03
 8.48609e-02 -1.20130e-03
 8.59595e-02  1.04248e-03
 8.34670e-02  8.72050e-04
 8.48609e-02 -1.20130e-03

 8.41811e-02  7.95123e-03
 8.45947e-02  4.11480e-03
 8.56048e-02  6.39985e-03
 8.31208e-02  6.13206e-03
 8.45947e-02  4.11480e-03

 8.33516e-02  1.31977e-02
 8.39238e-02  9.39247e-03
 8.48373e-02  1.17178e-02
 8.23668e-02  1.13463e-02
 8.39238e-02  9.39247e-03

 8.21138e-02  1.83629e-02
 8.28321e-02  1.46151e-02
 8.36517e-02  1.69752e-02
 8.11980e-02  1.65049e-02
 8.28321e-02  1.46151e-02

 8.04752e-02  2.34151e-02
 8.13499e-02  1.97221e-02
 8.20668e-02  2.21153e-02
 7.96357e-02  2.15396e-02
 8.13499e-02  1.97221e-02

 7.84461e-02  2.83232e-02
 7.94298e-02  2.47131e-02
 8.00662e-02  2.71290e-02
 7.76558e-02  2.64722e-02
 7.94298e-02  2.47131e-02

 7.60390e-02  3.30570e-02
 7.71176e-02  2.95079e-02
 7.76836e-02  3.19412e-02
 7.52933e-02  3.12148e-02
 7.71176e-02  2.95079e-02

 6.97580e-02 -3.33835e-02
 6.85216e-02 -3.72374e-02
 7.03720e-02 -3.55588e-02
 6.79931e-02 -3.47956e-02
 6.85216e-02 -3.72374e-02

 7.23943e-02 -2.86660e-02
 7.13459e-02 -3.26816e-02
 7.31011e-02 -3.09037e-02
 7.06838e-02 -3.02726e-02
 7.13459e-02 -3.26816e-02

 7.46212e-02 -2.37417e-02
 7.37742e-02 -2.79119e-02
 7.54290e-02 -2.60402e-02
 7.29807e-02 -2.55429e-02
 7.37742e-02 -2.79119e-02

 7.64223e-02 -1.86459e-02
 7.57992e-02 -2.29283e-02
 7.73469e-02 -2.09671e-02
 7.48746e-02 -2.06074e-02
 7.57992e-02 -2.29283e-02

 7.77847e-02 -1.34155e-02
 7.73853e-02 -1.77896e-02
 7.88260e-02 -1.57485e-02
 7.63380e-02 -1.55213e-02
 7.73853e-02 -1.77896e-02

 7.86984e-02 -8.08825e-03
 7.85317e-02 -1.25205e-02
 7.98613e-02 -1.04054e-02
 7.73648e-02 -1.03115e-02
 7.85317e-02 -1.25205e-02

 7.91570e-02 -2.70259e-03
 7.92185e-02 -7.16909e-03
 8.04377e-02 -4.98848e-03
 7.79396e-02 -5.02289e-03
 7.92185e-02 -7.16909e-03

 7.91570e-02  2.70259e-03
 7.94494e-02 -1.76941e-03
 8.05547e-02  4.71103e-04
 7.80617e-02  3.08070e-04
 7.94494e-02 -1.76941e-03

 7.86984e-02  8.08825e-03
 7.92157e-02  3.64048e-03
 8.02065e-02  5.93391e-03
 7.77249e-02  5.64531e-03
 7.92157e-02  3.64048e-03

 7.77847e-02  1.34155e-02
 7.85310e-02  9.01621e-03
 7.94007e-02  1.13583e-02
 7.69375e-02  1.09404e-02
 7.85310e-02  9.01621e-03

 7.64223e-02  1.86459e-02
 7.73844e-02  1.43253e-02
 7.81334e-02  1.67087e-02
 7.56948e-02  1.61657e-02
 7.73844e-02  1.43253e-02

 7.46212e-02  2.37417e-02
 7.57956e-02  1.95125e-02
 7.64203e-02  2.19315e-02
 7.40131e-02  2.12630e-02
 7.57956e-02  1.95125e-02

 7.23943e-02  2.86660e-02
 7.37367e-02  2.45563e-02
 7.42523e-02  2.70008e-02
 7.18775e-02  2.62251e-02
 7.37367e-02  2.45563e-02

 6.97580e-02  3.33835e-02
 7.12368e-02  2.93951e-02
 7.16558e-02  3.18581e-02
 6.93133e-02  3.09895e-02
 7.12368e-02  2.93951e-02

 6.34793e-02 -3.37140e-02
 6.19733e-02 -3.76411e-02
 6.39144e-02 -3.60682e-02
 6.15817e-02 -3.51736e-02
 6.19733e-02 -3.76411e-02

 6.63500e-02 -2.90192e-02
 6.50331e-02 -3.31692e-02
 6.68781e-02 -3.14848e-02
 6.44968e-02 -3.07291e-02
 6.50331e-02 -3.31692e-02

 6.87800e-02 -2.40817e-02
 6.76902e-02 -2.84367e-02
 6.94272e-02 -2.66411e-02
 6.70036e-02 -2.60346e-02
 6.76902e-02 -2.84367e-02

 7.07490e-02 -1.89425e-02
 6.99189e-02 -2.34602e-02
 7.15385e-02 -2.15580e-02
 6.90813e-02 -2.11065e-02
 6.99189e-02 -2.34602e-02

 7.22404e-02 -1.36448e-02
 7.16820e-02 -1.82939e-02
 7.31802e-02 -1.62947e-02
 7.06997e-02 -1.59968e-02
 7.16820e-02 -1.82939e-02

 7.32416e-02 -8.23282e-03
 7.29701e-02 -1.29716e-02
 7.43410e-02 -1.08830e-02
 7.18467e-02 -1.07401e-02
 7.29701e-02 -1.29716e-02

 7.37443e-02 -2.75195e-03
 7.37619e-02 -7.54349e-03
 7.50031e-02 -5.37532e-03
 7.25048e-02 -5.38446e-03
 7.37619e-02 -7.54349e-03

 7.37443e-02  2.75195e-03
 7.40557e-02 -2.05183e-03
 7.51623e-02  1.88052e-04
 7.26692e-02  2.64578e-05
 7.40557e-02 -2.05183e-03

 7.32416e-02  8.23282e-03
 7.38417e-02  3.45702e-03
 7.48114e-02  5.75948e-03
 7.23325e-02  5.44802e-03
 7.38417e-02  3.45702e-03

 7.22404e-02  1.36448e-02
 7.31276e-02  8.93317e-03
 7.39548e-02  1.12906e-02
 7.14996e-02  1.08283e-02
 7.31276e-02  8.93317e-03

 7.07490e-02  1.89425e-02
 7.19044e-02  1.43328e-02
 7.25900e-02  1.67352e-02
 7.01667e-02  1.61278e-02
 7.19044e-02  1.43328e-02

 6.87800e-02  2.40817e-02
 7.01857e-02  1.96002e-02
 7.07301e-02  2.20385e-02
 6.83463e-02  2.12907e-02
 7.01857e-02  1.96002e-02

 6.63500e-02  2.90192e-02
 6.79552e-02  2.47029e-02
 6.83719e-02  2.71662e-02
 6.60302e-02  2.62954e-02
 6.79552e-02  2.47029e-02

 6.34793e-02  3.37140e-02
 6.52396e-02  2.95855e-02
 6.55401e-02  3.20657e-02
 6.32419e-02  3.10858e-02
 6.52396e-02  2.95855e-02

 5.72030e-02 -3.40487e-02
 5.54481e-02 -3.77634e-02
 5.75018e-02 -3.63407e-02
 5.52428e-02 -3.52735e-02
 5.54481e-02 -3.77634e-02

 6.03133e-02 -2.93833e-02
 5.87520e-02 -3.34013e-02
 6.07000e-02 -3.18371e-02
 5.83713e-02 -3.09322e-02
 5.87520e-02 -3.34013e-02

 6.29524e-02 -2.44357e-02
 6.16394e-02 -2.87310e-02
 6.34665e-02 -2.70271e-02
 6.10773e-02 -2.62968e-02
 6.16394e-02 -2.87310e-02

 6.50948e-02 -1.92533e-02
 6.40750e-02 -2.37743e-02
 6.57696e-02 -2.19386e-02
 6.33325e-02 -2.13888e-02
 6.40750e-02 -2.37743e-02

 6.67199e-02 -1.38860e-02
 6.60153e-02 -1.85889e-02
 6.75712e-02 -1.66343e-02
 6.51005e-02 -1.62641e-02
 6.60153e-02 -1.85889e-02

 6.78121e-02 -8.38535e-03
 6.74434e-02 -1.32164e-02
 6.88536e-02 -1.11541e-02
 6.63625e-02 -1.09640e-02
 6.74434e-02 -1.32164e-02

 6.83608e-02 -2.80410e-03
 6.83350e-02 -7.71156e-03
 6.95955e-02 -5.55454e-03
 6.70972e-02 -5.54140e-03
 6.83350e-02 -7.71156e-03

 6.83608e-02  2.80410e-03
 6.86837e-02 -2.12510e-03
 6.97888e-02  1.15544e-04
 6.72958e-02 -4.77698e-05
 6.86837e-02 -2.12510e-03

 6.78121e-02  8.38535e-03
 6.84790e-02  3.48863e-03
 6.94247e-02  5.80103e-03
 6.69493e-02  5.46388e-03
 6.84790e-02  3.48863e-03

 6.67199e-02  1.38860e-02
 6.77244e-02  9.07377e-03
 6.85051e-02  1.14470e-02
 6.60595e-02  1.09365e-02
 6.77244e-02  9.07377e-03

 6.50948e-02  1.92533e-02
 6.64126e-02  1.45767e-02
 6.70281e-02  1.69980e-02
 6.46234e-02  1.63204e-02
 6.64126e-02  1.45767e-02

 6.29524e-02  2.44357e-02
 6.45541e-02  1.99409e-02
 6.50045e-02  2.23983e-02
 6.26512e-02  2.15597e-02
 6.45541e-02  1.99409e-02

 6.03133e-02  2.93833e-02
 6.21418e-02  2.51224e-02
 6.24365e-02  2.76033e-02
 6.01406e-02  2.66181e-02
 6.21418e-02  2.51224e-02

 5.72030e-02  3.40487e-02
 5.92009e-02  3.00683e-02
 5.93468e-02  3.25624e-02
 5.71139e-02  3.14416e-02
 5.92009e-02  3.00683e-02

 5.09292e-02 -3.43878e-02
 4.91393e-02 -3.75004e-02
 5.13008e-02 -3.62475e-02
 4.91350e-02 -3.50021e-02
 4.91393e-02 -3.75004e-02

 5.42846e-02 -2.97587e-02
 5.26486e-02 -3.32578e-02
 5.46966e-02 -3.18269e-02
 5.24334e-02 -3.07688e-02
 5.26486e-02 -3.32578e-02

 5.71388e-02 -2.48044e-02
 5.57195e-02 -2.86444e-02
 5.76413e-02 -2.70480e-02
 5.52979e-02 -2.61819e-02
 5.57195e-02 -2.86444e-02

 5.94606e-02 -1.95792e-02
 5.83230e-02 -2.37007e-02
 6.01028e-02 -2.19474e-02
 5.76945e-02 -2.12827e-02
 5.83230e-02 -2.37007e-02

 6.12246e-02 -1.41400e-02
 6.04102e-02 -1.84881e-02
 6.20363e-02 -1.65914e-02
 5.95807e-02 -1.61315e-02
 6.04102e-02 -1.84881e-02

 6.24114e-02 -8.54628e-03
 6.19543e-02 -1.30585e-02
 6.34152e-02 -1.10318e-02
 6.09296e-02 -1.07800e-02
 6.19543e-02 -1.30585e-02

 6.30080e-02 -2.85918e-03
 6.29262e-02 -7.47133e-03
 6.42136e-02 -5.33022e-03
 6.17156e-02 -5.28590e-03
 6.29262e-02 -7.47133e-03

 6.30080e-02  2.85918e-03
 6.33117e-02 -1.78646e-03
 6.44171e-02  4.54032e-04
 6.19241e-02  2.91059e-04
 6.33117e-02 -1.78646e-03

 6.24114e-02  8.54628e-03
 6.30973e-02  3.93413e-03
 6.40146e-02  6.25796e-03
 6.15435e-02  5.89044e-03
 6.30973e-02  3.93413e-03

 6.12246e-02  1.41400e-02
 6.22806e-02  9.62827e-03
 6.30038e-02  1.20196e-02
 6.05712e-02  1.14502e-02
 6.22806e-02  9.62827e-03

 5.94606e-02  1.95792e-02
 6.08535e-02  1.52339e-02
 6.13826e-02  1.76755e-02
 5.90035e-02  1.69129e-02
 6.08535e-02  1.52339e-02

 5.71388e-02  2.48044e-02
 5.88251e-02  2.06912e-02
 5.91602e-02  2.31670e-02
 5.68486e-02  2.22193e-02
 5.88251e-02  2.06912e-02

 5.42846e-02  2.97587e-02
 5.61910e-02  2.59502e-02
 5.63396e-02  2.84441e-02
 5.41055e-02  2.73258e-02
 5.61910e-02  2.59502e-02

 5.09292e-02  3.43878e-02
 5.29953e-02  3.09576e-02
 5.29490e-02  3.34555e-02
 5.08089e-02  3.21664e-02
 5.29953e-02  3.09576e-02

 4.46580e-02 -3.47315e-02
 4.32027e-02 -3.66418e-02
 4.55075e-02 -3.56777e-02
 4.35201e-02 -3.41637e-02
 4.32027e-02 -3.66418e-02

 4.82641e-02 -3.01460e-02
 4.69410e-02 -3.24429e-02
 4.91033e-02 -3.11916e-02
 4.69385e-02 -2.99446e-02
 4.69410e-02 -3.24429e-02

 5.13399e-02 -2.51887e-02
 5.01783e-02 -2.78327e-02
 5.21922e-02 -2.63542e-02
 4.99049e-02 -2.53494e-02
 5.01783e-02 -2.78327e-02

 5.38474e-02 -1.99209e-02
 5.29068e-02 -2.28676e-02
 5.47547e-02 -2.11863e-02
 5.23747e-02 -2.04266e-02
 5.29068e-02 -2.28676e-02

 5.57557e-02 -1.44073e-02
 5.50723e-02 -1.76029e-02
 5.67463e-02 -1.57484e-02
 5.43032e-02 -1.52259e-02
 5.50723e-02 -1.76029e-02

 5.70411e-02 -8.71609e-03
 5.66515e-02 -1.20983e-02
 5.81401e-02 -1.00918e-02
 5.56581e-02 -9.80600e-03
 5.66515e-02 -1.20983e-02

 5.76878e-02 -2.91736e-03
 5.76103e-02 -6.41976e-03
 5.89070e-02 -4.28432e-03
 5.64093e-02 -4.22903e-03
 5.76103e-02 -6.41976e-03

 5.76878e-02  2.91736e-03
 5.79333e-02 -6.33012e-04
 5.90302e-02  1.61162e-03
 5.65379e-02  1.43928e-03
 5.79333e-02 -6.33012e-04

 5.70411e-02  8.71609e-03
 5.76100e-02  5.19146e-03
 5.84984e-02  7.52646e-03
 5.60320e-02  7.12839e-03
 5.76100e-02  5.19146e-03

 5.57557e-02  1.44073e-02
 5.66384e-02  1.09844e-02
 5.73077e-02  1.33914e-02
 5.48885e-02  1.27675e-02
 5.66384e-02  1.09844e-02

 5.38474e-02  1.99209e-02
 5.50126e-02  1.66733e-02
 5.54577e-02  1.91317e-02
 5.31062e-02  1.82879e-02
 5.50126e-02  1.66733e-02

 5.13399e-02  2.51887e-02
 5.27497e-02  2.21975e-02
 5.29572e-02  2.46872e-02
 5.06973e-02  2.36221e-02
 5.27497e-02  2.21975e-02

 4.82641e-02  3.01460e-02
 4.98587e-02  2.74753e-02
 4.98220e-02  2.99733e-02
 4.76770e-02  2.86926e-02
 4.98587e-02  2.74753e-02

 4.46580e-02  3.47315e-02
 4.63796e-02  3.24599e-02
 4.60682e-02  3.49388e-02
 4.40772e-02  3.34297e-02
 4.63796e-02  3.24599e-02

 3.83892e-02 -3.50800e-02
 3.79192e-02 -3.55501e-02
 4.03324e-02 -3.49035e-02
 3.85658e-02 -3.31369e-02
 3.79192e-02 -3.55501e-02

 4.22520e-02 -3.05458e-02
 4.18282e-02 -3.10867e-02
 4.41459e-02 -3.01540e-02
 4.21792e-02 -2.86132e-02
 4.18282e-02 -3.10867e-02

 4.55562e-02 -2.55894e-02
 4.51821e-02 -2.62082e-02
 4.73705e-02 -2.50028e-02
 4.52325e-02 -2.37103e-02
 4.51821e-02 -2.62082e-02

 4.82562e-02 -2.02792e-02
 4.79293e-02 -2.10057e-02
 4.99563e-02 -1.95454e-02
 4.76781e-02 -1.85201e-02
 4.79293e-02 -2.10057e-02

 5.03146e-02 -1.46888e-02
 5.00571e-02 -1.55151e-02
 5.18934e-02 -1.38211e-02
 4.95083e-02 -1.30778e-02
 5.00571e-02 -1.55151e-02

 5.17030e-02 -8.89529e-03
 5.15344e-02 -9.81510e-03
 5.31531e-02 -7.91210e-03
 5.06957e-02 -7.46176e-03
 5.15344e-02 -9.81510e-03

 5.24020e-02 -2.97882e-03
 5.23420e-02 -3.97083e-03
 5.37195e-02 -1.88659e-03
 5.12257e-02 -1.73575e-03
 5.23420e-02 -3.97083e-03

 5.24020e-02  2.97882e-03
 5.24644e-02  1.94607e-03
 5.35807e-02  4.18116e-03
 5.10869e-02  4.03031e-03
 5.24644e-02  1.94607e-03

 5.17030e-02  8.89529e-03
 5.18933e-02  7.85642e-03
 5.27321e-02  1.02098e-02
 5.02746e-02  9.75942e-03
 5.18933e-02  7.85642e-03

 5.03146e-02  1.46888e-02
 5.06301e-02  1.36765e-02
 5.11790e-02  1.61138e-02
 4.87938e-02  1.53705e-02
 5.06301e-02  1.36765e-02

 4.82562e-02  2.02792e-02
 4.86886e-02  1.93186e-02
 4.89397e-02  2.18043e-02
 4.66615e-02  2.07790e-02
 4.86886e-02  1.93186e-02

 4.55562e-02  2.55894e-02
 4.60868e-02  2.47116e-02
 4.60365e-02  2.72094e-02
 4.38985e-02  2.59170e-02
 4.60868e-02  2.47116e-02

 4.22520e-02  3.05458e-02
 4.28758e-02  2.97495e-02
 4.25248e-02  3.22230e-02
 4.05582e-02  3.06822e-02
 4.28758e-02  2.97495e-02

 3.83892e-02  3.50800e-02
 3.90973e-02  3.43720e-02
 3.84507e-02  3.67852e-02
 3.66841e-02  3.50186e-02
 3.90973e-02  3.43720e-02

 3.62312e-02  4.03748e-02
 3.74627e-02  3.90447e-02
 3.69094e-02  4.14810e-02
 3.50762e-02  3.97836e-02
 3.74627e-02  3.90447e-02

 4.27932e-02  4.01897e-02
 4.48064e-02  3.77313e-02
 4.44021e-02  4.01966e-02
 4.24692e-02  3.86138e-02
 4.48064e-02  3.77313e-02

 4.93551e-02  4.00046e-02
 5.15314e-02  3.67088e-02
 5.13816e-02  3.92026e-02
 4.92968e-02  3.78260e-02
 5.15314e-02  3.67088e-02

 5.59171e-02  3.98195e-02
 5.79488e-02  3.60962e-02
 5.80090e-02  3.85938e-02
 5.58159e-02  3.73971e-02
 5.79488e-02  3.60962e-02

 6.24790e-02  3.96344e-02
 6.42009e-02  3.58057e-02
 6.44527e-02  3.82913e-02
 6.21742e-02  3.72666e-02
 6.42009e-02  3.58057e-02

 6.90410e-02  3.94493e-02
 7.03883e-02  3.58235e-02
 7.08056e-02  3.82867e-02
 6.84637e-02  3.74165e-02
 7.03883e-02  3.58235e-02

 7.56029e-02  3.92642e-02
 7.63960e-02  3.62168e-02
 7.70600e-02  3.86252e-02
 7.46422e-02  3.79960e-02
 7.63960e-02  3.62168e-02

 8.21649e-02  3.90791e-02
 8.22387e-02  3.72644e-02
 8.33989e-02  3.94770e-02
 8.09026e-02  3.93754e-02
 8.22387e-02  3.72644e-02

 8.87268e-02  3.88940e-02
 8.75617e-02  3.93104e-02
 8.91787e-02  3.74060e-02
 9.00195e-02  3.97586e-02
 8.75617e-02  3.93104e-02

 9.52888e-02  3.87089e-02
 9.28185e-02  4.27015e-02
 9.28946e-02  4.02043e-02
 9.50192e-02  4.15188e-02
 9.28185e-02  4.27015e-02

 1.01851e-01  3.85238e-02
 9.78864e-02  4.58169e-02
 9.78222e-02  4.33194e-02
 1.00017e-01  4.45126e-02
 9.78864e-02  4.58169e-02

 1.07163e-01  3.72121e-02
 1.04722e-01  4.36825e-02
 1.04317e-01  4.12172e-02
 1.06654e-01  4.20993e-02
 1.04722e-01  4.36825e-02

 3.60414e-02  4.66623e-02
 3.79759e-02  4.48064e-02
 3.72793e-02  4.72057e-02
 3.55498e-02  4.54028e-02
 3.79759e-02  4.48064e-02

 4.29145e-02  4.67353e-02
 4.51352e-02  4.40854e-02
 4.47030e-02  4.65460e-02
 4.27881e-02  4.49414e-02
 4.51352e-02  4.40854e-02

 4.97877e-02  4.68084e-02
 5.19209e-02  4.36270e-02
 5.17534e-02  4.61197e-02
 4.96784e-02  4.47284e-02
 5.19209e-02  4.36270e-02

 5.66609e-02  4.68815e-02
 5.85243e-02  4.34777e-02
 5.85810e-02  4.59754e-02
 5.63896e-02  4.47757e-02
 5.85243e-02  4.34777e-02

 6.35340e-02  4.69545e-02
 6.49797e-02  4.36302e-02
 6.52624e-02  4.61125e-02
 6.29713e-02  4.51162e-02
 6.49797e-02  4.36302e-02

 7.04072e-02  4.70276e-02
 7.12988e-02  4.41845e-02
 7.18433e-02  4.66228e-02
 6.94594e-02  4.58751e-02
 7.12988e-02  4.41845e-02

 7.72803e-02  4.71006e-02
 7.73604e-02  4.53310e-02
 7.85105e-02  4.75489e-02
 7.60147e-02  4.74360e-02
 7.73604e-02  4.53310e-02

 8.41535e-02  4.71737e-02
 8.30632e-02  4.74620e-02
 8.48356e-02  4.57013e-02
 8.54742e-02  4.81166e-02
 8.30632e-02  4.74620e-02

 9.10267e-02  4.72467e-02
 8.84569e-02  5.07364e-02
 8.87340e-02  4.82535e-02
 9.07457e-02  4.97349e-02
 8.84569e-02  5.07364e-02

 9.78998e-02  4.73198e-02
 9.40414e-02  5.39506e-02
 9.40499e-02  5.14523e-02
 9.62093e-02  5.27088e-02
 9.40414e-02  5.39506e-02

 1.03543e-01  4.62399e-02
 1.00671e-01  5.22507e-02
 1.00476e-01  4.97599e-02
 1.02731e-01  5.08370e-02
 1.00671e-01  5.22507e-02

 3.58446e-02  5.29590e-02
 3.79139e-02  5.09037e-02
 3.72591e-02  5.33147e-02
 3.54985e-02  5.15421e-02
 3.79139e-02  5.09037e-02

 4.30150e-02  5.33087e-02
 4.51385e-02  5.07116e-02
 4.47360e-02  5.31773e-02
 4.28019e-02  5.15959e-02
 4.51385e-02  5.07116e-02

 5.01855e-02  5.36583e-02
 5.20874e-02  5.07445e-02
 5.19508e-02  5.32391e-02
 4.98588e-02  5.18735e-02
 5.20874e-02  5.07445e-02

 5.73559e-02  5.40079e-02
 5.88753e-02  5.10564e-02
 5.89957e-02  5.35518e-02
 5.67744e-02  5.24084e-02
 5.88753e-02  5.10564e-02

 6.45264e-02  5.43576e-02
 6.54682e-02  5.17458e-02
 6.59093e-02  5.42049e-02
 6.35592e-02  5.33574e-02
 6.54682e-02  5.17458e-02

 7.16968e-02  5.47072e-02
 7.18027e-02  5.29912e-02
 7.29163e-02  5.52277e-02
 7.04227e-02  5.50738e-02
 7.18027e-02  5.29912e-02

 7.88673e-02  5.50569e-02
 7.77326e-02  5.51297e-02
 7.98117e-02  5.37445e-02
 7.99717e-02  5.62377e-02
 7.77326e-02  5.51297e-02

 8.60378e-02  5.54065e-02
 8.33281e-02  5.83215e-02
 8.38862e-02  5.58864e-02
 8.57161e-02  5.75873e-02
 8.33281e-02  5.83215e-02

 9.32082e-02  5.57561e-02
 8.91377e-02  6.15597e-02
 8.93574e-02  5.90711e-02
 9.14028e-02  6.05057e-02
 8.91377e-02  6.15597e-02

 9.91675e-02  5.49301e-02
 9.60798e-02  6.01918e-02
 9.60975e-02  5.76935e-02
 9.82522e-02  5.89580e-02
 9.60798e-02  6.01918e-02

 3.56402e-02  5.92645e-02
 3.75274e-02  5.71785e-02
 3.70022e-02  5.96210e-02
 3.51495e-02  5.79449e-02
 3.75274e-02  5.71785e-02

 4.30928e-02  5.99083e-02
 4.49120e-02  5.74704e-02
 4.46192e-02  5.99515e-02
 4.26169e-02  5.84574e-02
 4.49120e-02  5.74704e-02

 5.05455e-02  6.05521e-02
 5.20463e-02  5.79848e-02
 5.20328e-02  6.04831e-02
 4.98759e-02  5.92222e-02
 5.20463e-02  5.79848e-02

 5.79981e-02  6.11959e-02
 5.89760e-02  5.88435e-02
 5.92990e-02  6.13208e-02
 5.69920e-02  6.03618e-02
 5.89760e-02  5.88435e-02

 6.54508e-02  6.18396e-02
 6.55846e-02  6.01947e-02
 6.66542e-02  6.24524e-02
 6.41641e-02  6.22499e-02
 6.55846e-02  6.01947e-02

 7.29034e-02  6.24834e-02
 7.18010e-02  6.23829e-02
 7.40691e-02  6.13353e-02
 7.38423e-02  6.38234e-02
 7.18010e-02  6.23829e-02

 8.03561e-02  6.31272e-02
 7.75664e-02  6.54972e-02
 7.84065e-02  6.31443e-02
 8.00241e-02  6.50483e-02
 7.75664e-02  6.54972e-02

 8.78087e-02  6.37710e-02
 8.36625e-02  6.88516e-02
 8.40627e-02  6.63855e-02
 8.59983e-02  6.79651e-02
 8.36625e-02  6.88516e-02

 9.40686e-02  6.32195e-02
 9.07886e-02  6.78572e-02
 9.10181e-02  6.53694e-02
 9.30578e-02  6.68120e-02
 9.07886e-02  6.78572e-02

 3.54277e-02  6.55783e-02
 3.69976e-02  6.35281e-02
 3.66740e-02  6.60054e-02
 3.46904e-02  6.44865e-02
 3.69976e-02  6.35281e-02

 4.31463e-02  6.65328e-02
 4.45425e-02  6.43120e-02
 4.44485e-02  6.68086e-02
 4.23334e-02  6.54789e-02
 4.45425e-02  6.43120e-02

 5.08649e-02  6.74873e-02
 5.18079e-02  6.53893e-02
 5.20603e-02  6.78748e-02
 4.97815e-02  6.68506e-02
 5.18079e-02  6.53893e-02

 5.85835e-02  6.84418e-02
 5.87308e-02  6.68819e-02
 5.97710e-02  6.91533e-02
 5.72838e-02  6.89185e-02
 5.87308e-02  6.68819e-02

 6.63021e-02  6.93964e-02
 6.52302e-02  6.91372e-02
 6.76268e-02  6.84315e-02
 6.70396e-02  7.08599e-02
 6.52302e-02  6.91372e-02

 7.40207e-02  7.03509e-02
 7.12186e-02  7.22093e-02
 7.23313e-02  6.99724e-02
 7.37121e-02  7.20545e-02
 7.12186e-02  7.22093e-02

 8.17393e-02  7.13054e-02
 7.75598e-02  7.56610e-02
 7.81565e-02  7.32349e-02
 7.99592e-02  7.49647e-02
 7.75598e-02  7.56610e-02

 8.82827e-02  7.10484e-02
 8.48980e-02  7.50629e-02
 8.53376e-02  7.26036e-02
 8.72477e-02  7.42140e-02
 8.48980e-02  7.50629e-02

 3.52066e-02  7.18999e-02
 3.63825e-02  6.99277e-02
 3.63474e-02  7.24258e-02
 3.42015e-02  7.11463e-02
 3.63825e-02  6.99277e-02

 4.31738e-02  7.31807e-02
 4.40277e-02  7.12845e-02
 4.42783e-02  7.37702e-02
 4.20003e-02  7.27444e-02
 4.40277e-02  7.12845e-02

 5.11411e-02  7.44615e-02
 5.12668e-02  7.29797e-02
 5.23286e-02  7.52411e-02
 4.98392e-02  7.50300e-02
 5.12668e-02  7.29797e-02

 5.91083e-02  7.57423e-02
 5.80794e-02  7.53454e-02
 6.05476e-02  7.49586e-02
 5.96486e-02  7.72895e-02
 5.80794e-02  7.53454e-02

 6.70756e-02  7.70231e-02
 6.43134e-02  7.84069e-02
 6.56883e-02  7.63210e-02
 6.68074e-02  7.85546e-02
 6.43134e-02  7.84069e-02

 7.50428e-02  7.83039e-02
 7.09216e-02  8.19807e-02
 7.17045e-02  7.96082e-02
 7.33677e-02  8.14725e-02
 7.09216e-02  8.19807e-02

 8.18513e-02  7.83598e-02
 7.84448e-02  8.17663e-02
 7.90914e-02  7.93531e-02
 8.08580e-02  8.11197e-02
 7.84448e-02  8.17663e-02

 3.49763e-02  7.82287e-02
 3.56883e-02  7.64735e-02
 3.60326e-02  7.89480e-02
 3.37174e-02  7.80089e-02
 3.56883e-02  7.64735e-02

 4.31739e-02  7.98502e-02
 4.32683e-02  7.84145e-02
 4.43728e-02  8.06554e-02
 4.18799e-02  8.04915e-02
 4.32683e-02  7.84145e-02

 5.13715e-02  8.14718e-02
 5.03899e-02  8.09511e-02
 5.28866e-02  8.08614e-02
 5.17159e-02  8.30685e-02
 5.03899e-02  8.09511e-02

 5.95692e-02  8.30933e-02
 5.68994e-02  8.40395e-02
 5.85215e-02  8.21394e-02
 5.93561e-02  8.44942e-02
 5.68994e-02  8.40395e-02

 6.77668e-02  8.47149e-02
 6.37754e-02  8.77491e-02
 6.47419e-02  8.54453e-02
 6.62538e-02  8.74342e-02
 6.37754e-02  8.77491e-02

 7.48204e-02  8.51009e-02
 7.14744e-02  8.79220e-02
 7.23234e-02  8.55723e-02
 7.39338e-02  8.74824e-02
 7.14744e-02  8.79220e-02

 3.47364e-02  8.45641e-02
 3.47796e-02  8.31025e-02
 3.59643e-02  8.53021e-02
 3.34671e-02  8.52283e-02
 3.47796e-02  8.31025e-02

 4.31452e-02  8.65397e-02
 4.22207e-02  8.58626e-02
 4.47043e-02  8.61332e-02
 4.32281e-02  8.81488e-02
 4.22207e-02  8.58626e-02

 5.15540e-02  8.85153e-02
 4.90217e-02  8.90574e-02
 5.08759e-02  8.73830e-02
 5.13988e-02  8.98260e-02
 4.90217e-02  8.90574e-02

 5.99628e-02  9.04909e-02
 5.61701e-02  9.29209e-02
 5.73179e-02  9.07019e-02
 5.86657e-02  9.28055e-02
 5.61701e-02  9.29209e-02

 6.72406e-02  9.12228e-02
 6.40338e-02  9.34909e-02
 6.50789e-02  9.12217e-02
 6.65215e-02  9.32614e-02
 6.40338e-02  9.34909e-02

 3.44865e-02  9.09056e-02
 3.36855e-02  9.01007e-02
 3.60971e-02  9.07531e-02
 3.43263e-02  9.25154e-02
 3.36855e-02  9.01007e-02

 4.30864e-02  9.32473e-02
 4.07533e-02  9.34175e-02
 4.28203e-02  9.20142e-02
 4.30021e-02  9.45059e-02
 4.07533e-02  9.34175e-02

 5.16863e-02  9.55889e-02
 4.81782e-02  9.74797e-02
 4.94901e-02  9.53536e-02
 5.06754e-02  9.75528e-02
 4.81782e-02  9.74797e-02

 5.91663e-02  9.66810e-02
 5.61778e-02  9.84347e-02
 5.74116e-02  9.62623e-02
 5.86760e-02  9.84170e-02
 5.61778e-02  9.84347e-02

 3.42262e-02  9.72525e-02
 3.21929e-02  9.70703e-02
 3.44593e-02  9.60192e-02
 3.42364e-02  9.85075e-02
 3.21929e-02  9.70703e-02

 4.29965e-02  9.99709e-02
 3.98101e-02  1.01332e-01
 4.13090e-02  9.93334e-02
 4.22905e-02  1.01631e-01
 3.98101e-02  1.01332e-01

 5.06554e-02  1.01436e-01
 4.79602e-02  1.02724e-01
 4.93738e-02  1.00664e-01
 5.04510e-02  1.02918e-01
 4.79602e-02  1.02724e-01

 3.39552e-02  1.03604e-01
 3.12545e-02  1.04658e-01
 3.28161e-02  1.02708e-01
 3.37242e-02  1.05035e-01
 3.12545e-02  1.04658e-01

 4.17692e-02  1.05453e-01
 3.93873e-02  1.06352e-01
 4.09705e-02  1.04419e-01
 4.18526e-02  1.06757e-01
 3.93873e-02  1.06352e-01

 3.25715e-02  1.08703e-01
 3.07747e-02  1.09211e-01
 3.25161e-02  1.07420e-01
 3.31968e-02  1.09824e-01
 3.07747e-02  1.09211e-01

 2.67687e-02  1.08827e-01
 2.47146e-02  1.09315e-01
 2.65305e-02  1.07599e-01
 2.71086e-02  1.10030e-01
 2.47146e-02  1.09315e-01

 2.19798e-02  1.09951e-01
 2.02981e-02  1.10276e-01
 2.21852e-02  1.08639e-01
 2.26596e-02  1.11092e-01
 2.02981e-02  1.10276e-01

 1.71443e-02  1.10855e-01
 1.58135e-02  1.11054e-01
 1.77683e-02  1.09498e-01
 1.81382e-02  1.11969e-01
 1.58135e-02  1.11054e-01

 1.22723e-02  1.11537e-01
 1.13795e-02  1.11632e-01
 1.33986e-02  1.10160e-01
 1.36633e-02  1.12645e-01
 1.13795e-02  1.11632e-01

 7.37400e-03  1.11995e-01
 6.74752e-03  1.12035e-01
 8.82726e-03  1.10651e-01
 8.98624e-03  1.13144e-01
 6.74752e-03  1.12035e-01

 2.45980e-03  1.12229e-01
 2.45566e-03  1.12229e-01
 4.59227e-03  1.10934e-01
 4.64529e-03  1.13432e-01
 2.45566e-03  1.12229e-01

 2.71017e-02  1.02773e-01
 2.48475e-02  1.02669e-01
 2.70664e-02  1.01521e-01
 2.69513e-02  1.04016e-01
 2.48475e-02  1.02669e-01

 2.22792e-02  1.04089e-01
 2.04166e-02  1.03690e-01
 2.27937e-02  1.02922e-01
 2.22709e-02  1.05365e-01
 2.04166e-02  1.03690e-01

 1.73943e-02  1.05152e-01
 1.59112e-02  1.04617e-01
 1.83701e-02  1.04175e-01
 1.75236e-02  1.06526e-01
 1.59112e-02  1.04617e-01

 1.24603e-02  1.05957e-01
 1.14690e-02  1.05342e-01
 1.39660e-02  1.05422e-01
 1.26481e-02  1.07544e-01
 1.14690e-02  1.05342e-01

 7.49085e-03  1.06504e-01
 6.80326e-03  1.05810e-01
 9.21315e-03  1.06468e-01
 7.43765e-03  1.08226e-01
 6.80326e-03  1.05810e-01

 2.49946e-03  1.06791e-01
 2.49946e-03  1.06174e-01
 3.74862e-03  1.08338e-01
 1.25030e-03  1.08338e-01
 2.49946e-03  1.06174e-01

 2.74372e-02  9.67195e-02
 2.63388e-02  9.57240e-02
 2.87808e-02  9.62514e-02
 2.71031e-02  9.81026e-02
 2.63388e-02  9.57240e-02

 2.25847e-02  9.82294e-02
 2.15729e-02  9.71025e-02
 2.39479e-02  9.78779e-02
 2.20889e-02  9.95470e-02
 2.15729e-02  9.71025e-02

 1.76516e-02  9.94515e-02
 1.68248e-02  9.82367e-02
 1.90748e-02  9.93226e-02
 1.70094e-02  1.00728e-01
 1.68248e-02  9.82367e-02

 1.26550e-02  1.00382e-01
 1.20844e-02  9.91400e-02
 1.41229e-02  1.00584e-01
 1.18528e-02  1.01628e-01
 1.20844e-02  9.91400e-02

 7.61220e-03  1.01016e-01
 7.20437e-03  9.97031e-02
 9.03898e-03  1.01399e-01
 6.65305e-03  1.02140e-01
 7.20437e-03  9.97031e-02

 2.54072e-03  1.01354e-01
 2.54072e-03  1.00211e-01
 3.78988e-03  1.02375e-01
 1.29156e-03  1.02375e-01
 2.54072e-03  1.00211e-01

 2.77751e-02  9.06670e-02
 2.74625e-02  8.92900e-02
 2.91596e-02  9.11234e-02
 2.67233e-02  9.16764e-02
 2.74625e-02  8.92900e-02

 2.28962e-02  9.23719e-02
 2.25959e-02  9.09049e-02
 2.42535e-02  9.27741e-02
 2.18059e-02  9.32750e-02
 2.25959e-02  9.09049e-02

 1.79161e-02  9.37548e-02
 1.76618e-02  9.22177e-02
 1.92474e-02  9.41484e-02
 1.67826e-02  9.45562e-02
 1.76618e-02  9.22177e-02

 1.28562e-02  9.48095e-02
 1.26792e-02  9.32842e-02
 1.41694e-02  9.52894e-02
 1.16877e-02  9.55774e-02
 1.26792e-02  9.32842e-02

 7.73804e-03  9.55317e-02
 7.60505e-03  9.39580e-02
 9.03197e-03  9.60088e-02
 6.54252e-03  9.62192e-02
 7.60505e-03  9.39580e-02

 2.58357e-03  9.59181e-02
 2.58357e-03  9.45561e-02
 3.83273e-03  9.67198e-02
 1.33441e-03  9.67198e-02
 2.58357e-03  9.45561e-02

 2.81154e-02  8.46152e-02
 2.84502e-02  8.28725e-02
 2.92688e-02  8.52329e-02
 2.68153e-02  8.47616e-02
 2.84502e-02  8.28725e-02

 2.32138e-02  8.65167e-02
 2.34584e-02  8.47826e-02
 2.43931e-02  8.70995e-02
 2.19193e-02  8.67505e-02
 2.34584e-02  8.47826e-02

 1.81879e-02  8.80613e-02
 1.83816e-02  8.63244e-02
 1.93834e-02  8.86131e-02
 1.69004e-02  8.83363e-02
 1.83816e-02  8.63244e-02

 1.30640e-02  8.92412e-02
 1.31864e-02  8.75628e-02
 1.42748e-02  8.98116e-02
 1.17831e-02  8.96298e-02
 1.31864e-02  8.75628e-02

 7.86837e-03  9.00500e-02
 7.95157e-03  8.83605e-02
 9.09280e-03  9.05830e-02
 6.59750e-03  9.04601e-02
 7.95157e-03  8.83605e-02

 2.62800e-03  9.04836e-02
 2.62800e-03  8.90149e-02
 3.87716e-03  9.11785e-02
 1.37883e-03  9.11785e-02
 2.62800e-03  8.90149e-02

 2.84583e-02  7.85641e-02
 2.92344e-02  7.67316e-02
 2.95409e-02  7.92111e-02
 2.72404e-02  7.82368e-02
 2.92344e-02  7.67316e-02

 2.35375e-02  8.06635e-02
 2.41585e-02  7.88835e-02
 2.46253e-02  8.13378e-02
 2.22664e-02  8.05148e-02
 2.41585e-02  7.88835e-02

 1.84671e-02  8.23712e-02
 1.89656e-02  8.06267e-02
 1.95722e-02  8.30502e-02
 1.71701e-02  8.23638e-02
 1.89656e-02  8.06267e-02

 1.32784e-02  8.36765e-02
 1.36036e-02  8.20159e-02
 1.44136e-02  8.43793e-02
 1.19619e-02  8.38990e-02
 1.36036e-02  8.20159e-02

 8.00317e-03  8.45714e-02
 8.23974e-03  8.29280e-02
 9.16789e-03  8.52475e-02
 6.69505e-03  8.48915e-02
 8.23974e-03  8.29280e-02

 2.67399e-03  8.50504e-02
 2.67399e-03  8.36192e-02
 3.92316e-03  8.57828e-02
 1.42483e-03  8.57828e-02
 2.67399e-03  8.36192e-02

 2.88037e-02  7.25137e-02
 2.99428e-02  7.06227e-02
 2.98964e-02  7.31206e-02
 2.77564e-02  7.18316e-02
 2.99428e-02  7.06227e-02

 2.38674e-02  7.48125e-02
 2.47911e-02  7.30304e-02
 2.49045e-02  7.55262e-02
 2.26865e-02  7.43765e-02
 2.47911e-02  7.30304e-02

 1.87537e-02  7.66844e-02
 1.95013e-02  7.49872e-02
 1.97722e-02  7.74708e-02
 1.74859e-02  7.64636e-02
 1.95013e-02  7.49872e-02

 1.34994e-02  7.81157e-02
 1.39876e-02  7.65293e-02
 1.45451e-02  7.89646e-02
 1.21573e-02  7.82298e-02
 1.39876e-02  7.65293e-02

 8.14243e-03  7.90961e-02
 8.50391e-03  7.75559e-02
 9.22567e-03  7.99477e-02
 6.79344e-03  7.93768e-02
 8.50391e-03  7.75559e-02

 2.72155e-03  7.96185e-02
 2.72155e-03  7.82789e-02
 3.97072e-03  8.04425e-02
 1.47239e-03  8.04425e-02
 2.72155e-03  7.82789e-02

 2.91516e-02  6.64640e-02
 3.06027e-02  6.46304e-02
 3.02396e-02  6.71022e-02
 2.82805e-02  6.55519e-02
 3.06027e-02  6.46304e-02

 2.42036e-02  6.89636e-02
 2.53949e-02  6.72820e-02
 2.51635e-02  6.97696e-02
 2.31249e-02  6.83253e-02
 2.53949e-02  6.72820e-02

 1.90476e-02  7.10008e-02
 2.00156e-02  6.94495e-02
 1.99301e-02  7.19463e-02
 1.78105e-02  7.06238e-02
 2.00156e-02  6.94495e-02

 1.37270e-02  7.25587e-02
 1.43610e-02  7.11413e-02
 1.46178e-02  7.36264e-02
 1.23373e-02  7.26062e-02
 1.43610e-02  7.11413e-02

 8.28615e-03  7.36240e-02
 8.75606e-03  7.22798e-02
 9.22128e-03  7.47344e-02
 6.86290e-03  7.39100e-02
 8.75606e-03  7.22798e-02

 2.77066e-03  7.41880e-02
 2.77066e-03  7.30306e-02
 4.01982e-03  7.51942e-02
 1.52150e-03  7.51942e-02
 2.77066e-03  7.30306e-02

 2.95021e-02  6.04150e-02
 3.12224e-02  5.86588e-02
 3.06008e-02  6.10785e-02
 2.88160e-02  5.93303e-02
 3.12224e-02  5.86588e-02

 2.45460e-02  6.31167e-02
 2.59798e-02  6.15644e-02
 2.54294e-02  6.40013e-02
 2.35942e-02  6.23062e-02
 2.59798e-02  6.15644e-02

 1.93491e-02  6.53207e-02
 2.05287e-02  6.39498e-02
 2.00644e-02  6.64045e-02
 1.81707e-02  6.47750e-02
 2.05287e-02  6.39498e-02

 1.39613e-02  6.70056e-02
 1.47399e-02  6.57959e-02
 1.46193e-02  6.82913e-02
 1.25185e-02  6.69392e-02
 1.47399e-02  6.57959e-02

 8.43432e-03  6.81554e-02
 9.00883e-03  6.70495e-02
 9.11987e-03  6.95454e-02
 6.90287e-03  6.83936e-02
 9.00883e-03  6.70495e-02

 2.82131e-03  6.87588e-02
 2.82131e-03  6.78141e-02
 4.07047e-03  6.99777e-02
 1.57215e-03  6.99777e-02
 2.82131e-03  6.78141e-02

 2.98552e-02  5.43666e-02
 3.16952e-02  5.27892e-02
 3.08655e-02  5.51458e-02
 2.92396e-02  5.32490e-02
 3.16952e-02  5.27892e-02

 2.48948e-02  5.72719e-02
 2.64690e-02  5.59388e-02
 2.56251e-02  5.82903e-02
 2.40106e-02  5.63837e-02
 2.64690e-02  5.59388e-02

 1.96580e-02  5.96439e-02
 2.09760e-02  5.85452e-02
 2.01140e-02  6.08901e-02
 1.85143e-02  5.89711e-02
 2.09760e-02  5.85452e-02

 1.42022e-02  6.14566e-02
 1.50847e-02  6.05515e-02
 1.44686e-02  6.29727e-02
 1.26799e-02  6.12285e-02
 1.50847e-02  6.05515e-02

 8.58693e-03  6.26901e-02
 9.23177e-03  6.19203e-02
 8.80013e-03  6.43810e-02
 6.88487e-03  6.27768e-02
 9.23177e-03  6.19203e-02

 2.87349e-03  6.33311e-02
 2.87349e-03  6.26961e-02
 4.12265e-03  6.48597e-02
 1.62433e-03  6.48597e-02
 2.87349e-03  6.26961e-02

 3.02108e-02  4.83188e-02
 3.17978e-02  4.70660e-02
 3.08736e-02  4.93870e-02
 2.93256e-02  4.74261e-02
 3.17978e-02  4.70660e-02

 2.52499e-02  5.14291e-02
 2.66416e-02  5.04314e-02
 2.56110e-02  5.27072e-02
 2.41554e-02  5.06767e-02
 2.66416e-02  5.04314e-02

 1.99746e-02  5.39705e-02
 2.11855e-02  5.32153e-02
 2.00106e-02  5.54202e-02
 1.86886e-02  5.33003e-02
 2.11855e-02  5.32153e-02

 1.44499e-02  5.59116e-02
 1.52719e-02  5.53412e-02
 1.42065e-02  5.76010e-02
 1.27821e-02  5.55484e-02
 1.52719e-02  5.53412e-02

 8.74398e-03  5.72284e-02
 9.36139e-03  5.68136e-02
 8.26219e-03  5.90571e-02
 6.86884e-03  5.69834e-02
 9.36139e-03  5.68136e-02

 2.92720e-03  5.79048e-02
 2.92720e-03  5.75418e-02
 4.17636e-03  5.97054e-02
 1.67803e-03  5.97054e-02
 2.92720e-03  5.75418e-02

 3.05691e-02  4.22715e-02
 3.11936e-02  4.17823e-02
 3.02608e-02  4.40999e-02
 2.87201e-02  4.21333e-02
 3.11936e-02  4.17823e-02

 2.56115e-02  4.55882e-02
 2.61682e-02  4.52516e-02
 2.49629e-02  4.74400e-02
 2.36704e-02  4.53020e-02
 2.61682e-02  4.52516e-02

 2.02987e-02  4.83004e-02
 2.07854e-02  4.80814e-02
 1.93250e-02  5.01085e-02
 1.82997e-02  4.78303e-02
 2.07854e-02  4.80814e-02

 1.47043e-02  5.03707e-02
 1.50365e-02  5.02672e-02
 1.33425e-02  5.21034e-02
 1.25992e-02  4.97182e-02
 1.50365e-02  5.02672e-02

 8.90546e-03  5.17703e-02
 9.17850e-03  5.17203e-02
 7.27550e-03  5.33390e-02
 6.82516e-03  5.08816e-02
 9.17850e-03  5.17203e-02

 2.98242e-03  5.24799e-02
 2.98136e-03  5.24800e-02
 5.06560e-03  5.11025e-02
 5.21644e-03  5.35963e-02
 2.98136e-03  5.24800e-02

