#[ Fluid velocity 2D plot data file: flw.dat ]
 2.45980e-03 -1.12229e-01
 2.40888e-03 -1.12214e-01
 4.13819e-03 -1.14017e-01
 4.83505e-03 -1.11618e-01
 2.40888e-03 -1.12214e-01

 7.37400e-03 -1.11995e-01
 6.75215e-03 -1.12002e-01
 8.92995e-03 -1.13226e-01
 8.90128e-03 -1.10728e-01
 6.75215e-03 -1.12002e-01

 1.22723e-02 -1.11537e-01
 1.13449e-02 -1.11590e-01
 1.35763e-02 -1.12713e-01
 1.34338e-02 -1.10219e-01
 1.13449e-02 -1.11590e-01

 1.71443e-02 -1.10855e-01
 1.56054e-02 -1.11010e-01
 1.78833e-02 -1.12036e-01
 1.76330e-02 -1.09550e-01
 1.56054e-02 -1.11010e-01

 2.19798e-02 -1.09951e-01
 1.98985e-02 -1.10270e-01
 2.22264e-02 -1.11177e-01
 2.18479e-02 -1.08707e-01
 1.98985e-02 -1.10270e-01

 2.67687e-02 -1.08827e-01
 2.40710e-02 -1.09383e-01
 2.64423e-02 -1.10170e-01
 2.59378e-02 -1.07723e-01
 2.40710e-02 -1.09383e-01

 2.49946e-03 -1.06791e-01
 2.33923e-03 -1.06382e-01
 1.96651e-03 -1.08853e-01
 4.29227e-03 -1.07940e-01
 2.33923e-03 -1.06382e-01

 7.49085e-03 -1.06504e-01
 5.65708e-03 -1.06029e-01
 7.43842e-03 -1.07781e-01
 8.06476e-03 -1.05363e-01
 5.65708e-03 -1.06029e-01

 1.24603e-02 -1.05957e-01
 9.75940e-03 -1.05500e-01
 1.16841e-02 -1.07093e-01
 1.21012e-02 -1.04630e-01
 9.75940e-03 -1.05500e-01

 1.73943e-02 -1.05152e-01
 1.32249e-02 -1.04752e-01
 1.52596e-02 -1.06202e-01
 1.54976e-02 -1.03715e-01
 1.32249e-02 -1.04752e-01

 2.22792e-02 -1.04089e-01
 1.69780e-02 -1.04076e-01
 1.91387e-02 -1.05331e-01
 1.91446e-02 -1.02832e-01
 1.69780e-02 -1.04076e-01

 2.71017e-02 -1.02773e-01
 2.07402e-02 -1.03341e-01
 2.30063e-02 -1.04393e-01
 2.27842e-02 -1.01904e-01
 2.07402e-02 -1.03341e-01

 2.54072e-03 -1.01354e-01
 2.30020e-03 -9.90211e-02
 1.27953e-03 -1.01301e-01
 3.76468e-03 -1.01045e-01
 2.30020e-03 -9.90211e-02

 7.61220e-03 -1.01016e-01
 4.75186e-03 -9.85471e-02
 5.57328e-03 -1.00906e-01
 7.20590e-03 -9.90154e-02
 4.75186e-03 -9.85471e-02

 1.26550e-02 -1.00382e-01
 8.40808e-03 -9.82140e-02
 9.76733e-03 -1.00310e-01
 1.09031e-02 -9.80850e-02
 8.40808e-03 -9.82140e-02

 1.76516e-02 -9.94515e-02
 1.12908e-02 -9.76138e-02
 1.30227e-02 -9.94144e-02
 1.37162e-02 -9.70142e-02
 1.12908e-02 -9.76138e-02

 2.25847e-02 -9.82294e-02
 1.48851e-02 -9.74005e-02
 1.69026e-02 -9.88741e-02
 1.71700e-02 -9.63901e-02
 1.48851e-02 -9.74005e-02

 2.74372e-02 -9.67195e-02
 1.86800e-02 -9.70984e-02
 2.08956e-02 -9.82529e-02
 2.07876e-02 -9.57569e-02
 1.86800e-02 -9.70984e-02

 2.58357e-03 -9.59181e-02
 2.20427e-03 -9.25116e-02
 1.20221e-03 -9.48002e-02
 3.68519e-03 -9.45237e-02
 2.20427e-03 -9.25116e-02

 7.73804e-03 -9.55317e-02
 3.39096e-03 -9.15549e-02
 4.14416e-03 -9.39369e-02
 5.83050e-03 -9.20936e-02
 3.39096e-03 -9.15549e-02

 1.28562e-02 -9.48095e-02
 6.63411e-03 -9.12469e-02
 7.89103e-03 -9.34061e-02
 9.13242e-03 -9.12380e-02
 6.63411e-03 -9.12469e-02

 1.79161e-02 -9.37548e-02
 9.20795e-03 -9.08108e-02
 1.08575e-02 -9.26871e-02
 1.16577e-02 -9.03203e-02
 9.20795e-03 -9.08108e-02

 2.28962e-02 -9.23719e-02
 1.30448e-02 -9.11905e-02
 1.50443e-02 -9.26884e-02
 1.53417e-02 -9.02079e-02
 1.30448e-02 -9.11905e-02

 2.77751e-02 -9.06670e-02
 1.71962e-02 -9.13196e-02
 1.94326e-02 -9.24331e-02
 1.92788e-02 -8.99396e-02
 1.71962e-02 -9.13196e-02

 2.62800e-03 -9.04836e-02
 2.12861e-03 -8.31268e-02
 1.02884e-03 -8.53701e-02
 3.52143e-03 -8.52009e-02
 2.12861e-03 -8.31268e-02

 7.86837e-03 -9.00500e-02
 2.21316e-03 -8.21518e-02
 2.45709e-03 -8.46382e-02
 4.48840e-03 -8.31837e-02
 2.21316e-03 -8.21518e-02

 1.30640e-02 -8.92412e-02
 5.26096e-03 -8.30321e-02
 6.17618e-03 -8.53567e-02
 7.73178e-03 -8.34018e-02
 5.26096e-03 -8.30321e-02

 1.81879e-02 -8.80613e-02
 7.87586e-03 -8.35611e-02
 9.35924e-03 -8.55714e-02
 1.03585e-02 -8.32816e-02
 7.87586e-03 -8.35611e-02

 2.32138e-02 -8.65167e-02
 1.22014e-02 -8.50691e-02
 1.41838e-02 -8.65896e-02
 1.45094e-02 -8.41126e-02
 1.22014e-02 -8.50691e-02

 2.81154e-02 -8.46152e-02
 1.67753e-02 -8.57577e-02
 1.90532e-02 -8.67837e-02
 1.88028e-02 -8.42979e-02
 1.67753e-02 -8.57577e-02

 2.67399e-03 -8.50504e-02
 2.08134e-03 -7.55805e-02
 9.69759e-04 -7.78179e-02
 3.46321e-03 -7.76619e-02
 2.08134e-03 -7.55805e-02

 8.00317e-03 -8.45714e-02
 1.49578e-03 -7.40955e-02
 1.57632e-03 -7.65925e-02
 3.69854e-03 -7.52742e-02
 1.49578e-03 -7.40955e-02

 1.32784e-02 -8.36765e-02
 4.69687e-03 -7.59492e-02
 5.46882e-03 -7.83253e-02
 7.14058e-03 -7.64687e-02
 4.69687e-03 -7.59492e-02

 1.84671e-02 -8.23712e-02
 7.81077e-03 -7.72376e-02
 9.21785e-03 -7.93020e-02
 1.03021e-02 -7.70513e-02
 7.81077e-03 -7.72376e-02

 2.35375e-02 -8.06635e-02
 1.27877e-02 -7.94613e-02
 1.47991e-02 -8.09432e-02
 1.50768e-02 -7.84604e-02
 1.27877e-02 -7.94613e-02

 2.84583e-02 -7.85641e-02
 1.77015e-02 -8.01527e-02
 2.00244e-02 -8.10724e-02
 1.96594e-02 -7.86009e-02
 1.77015e-02 -8.01527e-02

 2.72155e-03 -7.96185e-02
 2.15101e-03 -6.50438e-02
 9.87436e-04 -6.72546e-02
 3.48385e-03 -6.71569e-02
 2.15101e-03 -6.50438e-02

 8.14243e-03 -7.90961e-02
 2.09823e-03 -6.38596e-02
 1.73490e-03 -6.63313e-02
 4.05718e-03 -6.54101e-02
 2.09823e-03 -6.38596e-02

 1.34994e-02 -7.81157e-02
 6.00314e-03 -6.78136e-02
 6.26607e-03 -7.02980e-02
 8.28620e-03 -6.88281e-02
 6.00314e-03 -6.78136e-02

 1.87537e-02 -7.66844e-02
 1.01295e-02 -7.02654e-02
 1.11193e-02 -7.25593e-02
 1.26109e-02 -7.05552e-02
 1.01295e-02 -7.02654e-02

 2.38674e-02 -7.48125e-02
 1.56859e-02 -7.30065e-02
 1.75294e-02 -7.46927e-02
 1.80679e-02 -7.22531e-02
 1.56859e-02 -7.30065e-02

 2.88037e-02 -7.25137e-02
 2.08578e-02 -7.33696e-02
 2.31427e-02 -7.43799e-02
 2.28752e-02 -7.18959e-02
 2.08578e-02 -7.33696e-02

 2.77066e-03 -7.41880e-02
 2.37568e-03 -5.84043e-02
 1.18103e-03 -6.05985e-02
 3.67857e-03 -6.05360e-02
 2.37568e-03 -5.84043e-02

 8.28615e-03 -7.36240e-02
 4.44697e-03 -5.67389e-02
 3.70860e-03 -5.91256e-02
 6.14474e-03 -5.85717e-02
 4.44697e-03 -5.67389e-02

 1.37270e-02 -7.25587e-02
 9.38191e-03 -6.17492e-02
 9.02983e-03 -6.42226e-02
 1.13479e-02 -6.32908e-02
 9.38191e-03 -6.17492e-02

 1.90476e-02 -7.10008e-02
 1.46034e-02 -6.41859e-02
 1.47389e-02 -6.66806e-02
 1.68316e-02 -6.53159e-02
 1.46034e-02 -6.41859e-02

 2.42036e-02 -6.89636e-02
 2.06527e-02 -6.61835e-02
 2.15862e-02 -6.85008e-02
 2.31264e-02 -6.65337e-02
 2.06527e-02 -6.61835e-02

 2.91516e-02 -6.64640e-02
 2.61574e-02 -6.55807e-02
 2.78792e-02 -6.73910e-02
 2.85860e-02 -6.49948e-02
 2.61574e-02 -6.55807e-02

 2.82131e-03 -6.87588e-02
 2.79405e-03 -4.98710e-02
 1.54801e-03 -5.20364e-02
 4.04634e-03 -5.20328e-02
 2.79405e-03 -4.98710e-02

 8.43432e-03 -6.81554e-02
 8.74951e-03 -4.85403e-02
 7.46574e-03 -5.06835e-02
 9.96374e-03 -5.07237e-02
 8.74951e-03 -4.85403e-02

 1.39613e-02 -6.70056e-02
 1.50970e-02 -5.42132e-02
 1.36614e-02 -5.62579e-02
 1.61499e-02 -5.64788e-02
 1.50970e-02 -5.42132e-02

 1.93491e-02 -6.53207e-02
 2.18364e-02 -5.66757e-02
 2.00377e-02 -5.84096e-02
 2.24386e-02 -5.91004e-02
 2.18364e-02 -5.66757e-02

 2.45460e-02 -6.31167e-02
 2.83889e-02 -5.78518e-02
 2.61044e-02 -5.88629e-02
 2.81223e-02 -6.03358e-02
 2.83889e-02 -5.78518e-02

 2.95021e-02 -6.04150e-02
 3.44168e-02 -5.62805e-02
 3.19570e-02 -5.67174e-02
 3.35653e-02 -5.86292e-02
 3.44168e-02 -5.62805e-02

 2.87349e-03 -6.33311e-02
 3.30878e-03 -4.82487e-02
 1.99772e-03 -5.03754e-02
 4.49500e-03 -5.04474e-02
 3.30878e-03 -4.82487e-02

 8.58693e-03 -6.26901e-02
 1.42229e-02 -4.58294e-02
 1.23523e-02 -4.74854e-02
 1.47217e-02 -4.82775e-02
 1.42229e-02 -4.58294e-02

 1.42022e-02 -6.14566e-02
 2.23618e-02 -4.99433e-02
 2.00915e-02 -5.09863e-02
 2.21299e-02 -5.24308e-02
 2.23618e-02 -4.99433e-02

 1.96580e-02 -5.96439e-02
 3.05270e-02 -5.06272e-02
 2.80642e-02 -5.10472e-02
 2.96594e-02 -5.29700e-02
 3.05270e-02 -5.06272e-02

 2.48948e-02 -5.72719e-02
 3.71763e-02 -4.95286e-02
 3.46798e-02 -4.96258e-02
 3.60123e-02 -5.17392e-02
 3.71763e-02 -4.95286e-02

 2.98552e-02 -5.43666e-02
 4.30568e-02 -4.63075e-02
 4.05593e-02 -4.63686e-02
 4.18610e-02 -4.85010e-02
 4.30568e-02 -4.63075e-02

 2.92720e-03 -5.79048e-02
 3.99223e-03 -4.45090e-02
 2.57552e-03 -4.65668e-02
 5.06599e-03 -4.67648e-02
 3.99223e-03 -4.45090e-02

 8.74398e-03 -5.72284e-02
 2.04047e-02 -4.28203e-02
 1.80725e-02 -4.37163e-02
 2.00145e-02 -4.52880e-02
 2.04047e-02 -4.28203e-02

 1.44499e-02 -5.59116e-02
 3.04012e-02 -4.41662e-02
 2.79183e-02 -4.44432e-02
 2.93996e-02 -4.64550e-02
 3.04012e-02 -4.41662e-02

 1.99746e-02 -5.39705e-02
 3.94040e-02 -4.34238e-02
 3.69066e-02 -4.33581e-02
 3.80985e-02 -4.55538e-02
 3.94040e-02 -4.34238e-02

 2.52499e-02 -5.14291e-02
 4.48892e-02 -4.05419e-02
 4.23913e-02 -4.04983e-02
 4.36026e-02 -4.26834e-02
 4.48892e-02 -4.05419e-02

 3.02108e-02 -4.83188e-02
 5.03124e-02 -3.64110e-02
 4.78142e-02 -3.64390e-02
 4.90875e-02 -3.85885e-02
 5.03124e-02 -3.64110e-02

 2.98242e-03 -5.24799e-02
 4.22194e-03 -5.10089e-02
 1.87252e-03 -5.18585e-02
 3.78302e-03 -5.34684e-02
 4.22194e-03 -5.10089e-02

 8.90546e-03 -5.17703e-02
 1.90004e-02 -4.86224e-02
 1.65631e-02 -4.80740e-02
 1.73068e-02 -5.04590e-02
 1.90004e-02 -4.86224e-02

 1.47043e-02 -5.03707e-02
 2.75926e-02 -4.57151e-02
 2.51333e-02 -4.52753e-02
 2.59821e-02 -4.76250e-02
 2.75926e-02 -4.57151e-02

 2.02987e-02 -4.83004e-02
 3.55975e-02 -4.12709e-02
 3.31099e-02 -4.10392e-02
 3.41530e-02 -4.33093e-02
 3.55975e-02 -4.12709e-02

 2.56115e-02 -4.55882e-02
 3.98494e-02 -3.70032e-02
 3.73516e-02 -3.70507e-02
 3.86416e-02 -3.91902e-02
 3.98494e-02 -3.70032e-02

 3.05691e-02 -4.22715e-02
 4.47741e-02 -3.12794e-02
 4.22985e-02 -3.16156e-02
 4.38274e-02 -3.35914e-02
 4.47741e-02 -3.12794e-02

 3.62105e-02 -4.03946e-02
 5.33653e-02 -2.23977e-02
 5.09682e-02 -2.31019e-02
 5.27766e-02 -2.48257e-02
 5.33653e-02 -2.23977e-02

 3.59826e-02 -4.67171e-02
 5.29699e-02 -3.47572e-02
 5.04817e-02 -3.49813e-02
 5.19199e-02 -3.70241e-02
 5.29699e-02 -3.47572e-02

 3.57546e-02 -5.30396e-02
 4.57636e-02 -4.58417e-02
 4.32778e-02 -4.60908e-02
 4.47364e-02 -4.81191e-02
 4.57636e-02 -4.58417e-02

 3.55267e-02 -5.93621e-02
 3.76709e-02 -5.83278e-02
 3.51795e-02 -5.81427e-02
 3.62649e-02 -6.03929e-02
 3.76709e-02 -5.83278e-02

 3.52987e-02 -6.56846e-02
 3.02508e-02 -6.79106e-02
 3.27345e-02 -6.81806e-02
 3.17265e-02 -6.58946e-02
 3.02508e-02 -6.79106e-02

 3.50707e-02 -7.20071e-02
 2.58647e-02 -7.65054e-02
 2.83570e-02 -7.66779e-02
 2.72602e-02 -7.44332e-02
 2.58647e-02 -7.65054e-02

 3.48428e-02 -7.83296e-02
 2.38427e-02 -8.32276e-02
 2.63273e-02 -8.34887e-02
 2.53111e-02 -8.12064e-02
 2.38427e-02 -8.32276e-02

 3.46148e-02 -8.46521e-02
 2.37151e-02 -8.87656e-02
 2.61805e-02 -8.91704e-02
 2.52983e-02 -8.68330e-02
 2.37151e-02 -8.87656e-02

 3.43869e-02 -9.09746e-02
 2.44218e-02 -9.38350e-02
 2.68461e-02 -9.44387e-02
 2.61568e-02 -9.20374e-02
 2.44218e-02 -9.38350e-02

 3.41589e-02 -9.72971e-02
 2.58807e-02 -9.92587e-02
 2.82741e-02 -9.99753e-02
 2.76980e-02 -9.75443e-02
 2.58807e-02 -9.92587e-02

 3.39310e-02 -1.03620e-01
 2.84077e-02 -1.04857e-01
 3.07921e-02 -1.05603e-01
 3.02458e-02 -1.03165e-01
 2.84077e-02 -1.04857e-01

 3.25715e-02 -1.08703e-01
 3.07536e-02 -1.09230e-01
 3.31794e-02 -1.09827e-01
 3.24838e-02 -1.07427e-01
 3.07536e-02 -1.09230e-01

 4.27359e-02 -4.02461e-02
 5.66678e-02 -2.24273e-02
 5.43510e-02 -2.33624e-02
 5.63192e-02 -2.49012e-02
 5.66678e-02 -2.24273e-02

 4.27526e-02 -4.68905e-02
 5.16347e-02 -3.83530e-02
 4.92092e-02 -3.89518e-02
 5.09405e-02 -4.07529e-02
 5.16347e-02 -3.83530e-02

 4.27694e-02 -5.35349e-02
 4.50598e-02 -5.08227e-02
 4.27094e-02 -5.16698e-02
 4.46182e-02 -5.32817e-02
 4.50598e-02 -5.08227e-02

 4.27862e-02 -6.01793e-02
 3.82819e-02 -6.36512e-02
 4.07582e-02 -6.33197e-02
 3.92329e-02 -6.13410e-02
 3.82819e-02 -6.36512e-02

 4.28029e-02 -6.68237e-02
 3.35274e-02 -7.30710e-02
 3.60197e-02 -7.28984e-02
 3.46241e-02 -7.08262e-02
 3.35274e-02 -7.30710e-02

 4.28197e-02 -7.34681e-02
 3.15098e-02 -8.10755e-02
 3.40022e-02 -8.09044e-02
 3.26078e-02 -7.88314e-02
 3.15098e-02 -8.10755e-02

 4.28364e-02 -8.01124e-02
 3.19282e-02 -8.72232e-02
 3.44229e-02 -8.70881e-02
 3.30586e-02 -8.49952e-02
 3.19282e-02 -8.72232e-02

 4.28532e-02 -8.67568e-02
 3.33678e-02 -9.23756e-02
 3.58660e-02 -9.23476e-02
 3.45927e-02 -9.01981e-02
 3.33678e-02 -9.23756e-02

 4.28699e-02 -9.34012e-02
 3.48328e-02 -9.73131e-02
 3.73249e-02 -9.74894e-02
 3.62316e-02 -9.52430e-02
 3.48328e-02 -9.73131e-02

 4.28867e-02 -1.00046e-01
 3.71111e-02 -1.02401e-01
 3.95862e-02 -1.02740e-01
 3.86429e-02 -1.00427e-01
 3.71111e-02 -1.02401e-01

 4.17449e-02 -1.05468e-01
 3.94636e-02 -1.06370e-01
 4.19349e-02 -1.06737e-01
 4.10163e-02 -1.04413e-01
 3.94636e-02 -1.06370e-01

 4.92708e-02 -4.00910e-02
 5.50074e-02 -2.96940e-02
 5.28684e-02 -3.09849e-02
 5.50559e-02 -3.21919e-02
 5.50074e-02 -2.96940e-02

 4.95512e-02 -4.70442e-02
 5.05637e-02 -4.54552e-02
 4.83476e-02 -4.66086e-02
 5.04546e-02 -4.79511e-02
 5.05637e-02 -4.54552e-02

 4.98317e-02 -5.39974e-02
 4.56473e-02 -5.81271e-02
 4.80647e-02 -5.74964e-02
 4.63097e-02 -5.57182e-02
 4.56473e-02 -5.81271e-02

 5.01122e-02 -6.09505e-02
 4.10548e-02 -6.93072e-02
 4.34920e-02 -6.87581e-02
 4.17979e-02 -6.69219e-02
 4.10548e-02 -6.93072e-02

 5.03927e-02 -6.79037e-02
 3.89938e-02 -7.75934e-02
 4.14513e-02 -7.71438e-02
 3.98332e-02 -7.52403e-02
 3.89938e-02 -7.75934e-02

 5.06731e-02 -7.48568e-02
 3.94709e-02 -8.42250e-02
 4.19320e-02 -8.37953e-02
 4.03293e-02 -8.18788e-02
 3.94709e-02 -8.42250e-02

 5.09536e-02 -8.18100e-02
 4.18277e-02 -8.93489e-02
 4.42914e-02 -8.89340e-02
 4.27002e-02 -8.70079e-02
 4.18277e-02 -8.93489e-02

 5.12341e-02 -8.87631e-02
 4.42170e-02 -9.41932e-02
 4.66926e-02 -9.38570e-02
 4.51637e-02 -9.18812e-02
 4.42170e-02 -9.41932e-02

 5.15146e-02 -9.57163e-02
 4.65317e-02 -9.90533e-02
 4.90245e-02 -9.88873e-02
 4.76343e-02 -9.68114e-02
 4.65317e-02 -9.90533e-02

 5.06129e-02 -1.01466e-01
 4.83495e-02 -1.02680e-01
 5.08467e-02 -1.02758e-01
 4.96654e-02 -1.00557e-01
 4.83495e-02 -1.02680e-01

 5.58147e-02 -3.99288e-02
 5.39795e-02 -3.96832e-02
 5.59582e-02 -4.12083e-02
 5.62897e-02 -3.87321e-02
 5.39795e-02 -3.96832e-02

 5.63771e-02 -4.71764e-02
 5.12663e-02 -5.31711e-02
 5.36206e-02 -5.23351e-02
 5.17194e-02 -5.07142e-02
 5.12663e-02 -5.31711e-02

 5.69395e-02 -5.44239e-02
 4.84924e-02 -6.42763e-02
 5.08490e-02 -6.34468e-02
 4.89523e-02 -6.18207e-02
 4.84924e-02 -6.42763e-02

 5.75018e-02 -6.16715e-02
 4.64890e-02 -7.32035e-02
 4.88866e-02 -7.25015e-02
 4.70799e-02 -7.07761e-02
 4.64890e-02 -7.32035e-02

 5.80642e-02 -6.89191e-02
 4.69394e-02 -7.96904e-02
 4.93627e-02 -7.90828e-02
 4.76249e-02 -7.72879e-02
 4.69394e-02 -7.96904e-02

 5.86266e-02 -7.61666e-02
 4.95025e-02 -8.47167e-02
 5.19354e-02 -8.41487e-02
 5.02271e-02 -8.23257e-02
 4.95025e-02 -8.47167e-02

 5.91890e-02 -8.34142e-02
 5.28185e-02 -8.91021e-02
 5.52644e-02 -8.85929e-02
 5.36004e-02 -8.67294e-02
 5.28185e-02 -8.91021e-02

 5.97513e-02 -9.06618e-02
 5.56371e-02 -9.40942e-02
 5.80987e-02 -9.36674e-02
 5.64982e-02 -9.17490e-02
 5.56371e-02 -9.40942e-02

 5.91113e-02 -9.67234e-02
 5.72601e-02 -9.79854e-02
 5.97515e-02 -9.77988e-02
 5.83442e-02 -9.57345e-02
 5.72601e-02 -9.79854e-02

 6.23673e-02 -3.97588e-02
 5.65447e-02 -4.82738e-02
 5.87971e-02 -4.71929e-02
 5.67348e-02 -4.57827e-02
 5.65447e-02 -4.82738e-02

 6.32289e-02 -4.72853e-02
 5.52385e-02 -5.88782e-02
 5.74948e-02 -5.78057e-02
 5.54378e-02 -5.63879e-02
 5.52385e-02 -5.88782e-02

 6.40904e-02 -5.48117e-02
 5.42705e-02 -6.75959e-02
 5.65791e-02 -6.66410e-02
 5.45978e-02 -6.51191e-02
 5.42705e-02 -6.75959e-02

 6.49519e-02 -6.23382e-02
 5.45387e-02 -7.44598e-02
 5.68961e-02 -7.36326e-02
 5.50010e-02 -7.20046e-02
 5.45387e-02 -7.44598e-02

 6.58135e-02 -6.98647e-02
 5.70374e-02 -7.93798e-02
 5.94225e-02 -7.86363e-02
 5.75860e-02 -7.69425e-02
 5.70374e-02 -7.93798e-02

 6.66750e-02 -7.73911e-02
 6.07198e-02 -8.36594e-02
 6.31156e-02 -8.29512e-02
 6.13044e-02 -8.12305e-02
 6.07198e-02 -8.36594e-02

 6.75366e-02 -8.49176e-02
 6.41436e-02 -8.83448e-02
 6.65535e-02 -8.76861e-02
 6.47781e-02 -8.59284e-02
 6.41436e-02 -8.83448e-02

 6.71786e-02 -9.12750e-02
 6.56598e-02 -9.25278e-02
 6.81238e-02 -9.21147e-02
 6.65340e-02 -9.01874e-02
 6.56598e-02 -9.25278e-02

 6.89281e-02 -3.95805e-02
 6.16307e-02 -5.21745e-02
 6.37963e-02 -5.09287e-02
 6.16346e-02 -4.96762e-02
 6.16307e-02 -5.21745e-02

 7.01050e-02 -4.73692e-02
 6.14581e-02 -6.06436e-02
 6.36857e-02 -5.95125e-02
 6.15923e-02 -5.81489e-02
 6.14581e-02 -6.06436e-02

 7.12820e-02 -5.51580e-02
 6.19848e-02 -6.77398e-02
 6.42752e-02 -6.67421e-02
 6.22660e-02 -6.52573e-02
 6.19848e-02 -6.77398e-02

 7.24590e-02 -6.29467e-02
 6.40814e-02 -7.31616e-02
 6.64193e-02 -7.22808e-02
 6.44876e-02 -7.06965e-02
 6.40814e-02 -7.31616e-02

 7.36360e-02 -7.07355e-02
 6.78281e-02 -7.73570e-02
 7.01939e-02 -7.65541e-02
 6.83157e-02 -7.49067e-02
 6.78281e-02 -7.73570e-02

 7.48130e-02 -7.85242e-02
 7.17131e-02 -8.18770e-02
 7.40991e-02 -8.11364e-02
 7.22647e-02 -7.94403e-02
 7.17131e-02 -8.18770e-02

 7.47565e-02 -8.51596e-02
 7.36093e-02 -8.62688e-02
 7.60330e-02 -8.56630e-02
 7.42965e-02 -8.38668e-02
 7.36093e-02 -8.62688e-02

 7.54964e-02 -3.93933e-02
 6.80816e-02 -5.28221e-02
 7.02210e-02 -5.15318e-02
 6.80339e-02 -5.03242e-02
 6.80816e-02 -5.28221e-02

 7.70041e-02 -4.74267e-02
 6.87933e-02 -6.03405e-02
 7.10083e-02 -5.91849e-02
 6.89000e-02 -5.78445e-02
 6.87933e-02 -6.03405e-02

 7.85117e-02 -5.54601e-02
 7.07519e-02 -6.63473e-02
 7.30249e-02 -6.53104e-02
 7.09905e-02 -6.38603e-02
 7.07519e-02 -6.63473e-02

 8.00193e-02 -6.34934e-02
 7.43232e-02 -7.09007e-02
 7.66323e-02 -6.99471e-02
 7.46519e-02 -6.84241e-02
 7.43232e-02 -7.09007e-02

 8.15270e-02 -7.15268e-02
 7.85882e-02 -7.51564e-02
 8.09205e-02 -7.42609e-02
 7.89789e-02 -7.26888e-02
 7.85882e-02 -7.51564e-02

 8.17899e-02 -7.84212e-02
 8.08187e-02 -7.95055e-02
 8.31927e-02 -7.87272e-02
 8.13317e-02 -7.70604e-02
 8.08187e-02 -7.95055e-02

 8.20718e-02 -3.91969e-02
 7.49353e-02 -5.21192e-02
 7.70748e-02 -5.08291e-02
 7.48878e-02 -4.96213e-02
 7.49353e-02 -5.21192e-02

 8.39242e-02 -4.74562e-02
 7.67657e-02 -5.88671e-02
 7.89737e-02 -5.76981e-02
 7.68574e-02 -5.63704e-02
 7.67657e-02 -5.88671e-02

 8.57766e-02 -5.57156e-02
 8.01978e-02 -6.38401e-02
 8.24523e-02 -6.27636e-02
 8.03928e-02 -6.13494e-02
 8.01978e-02 -6.38401e-02

 8.76290e-02 -6.39750e-02
 8.46182e-02 -6.80240e-02
 8.69117e-02 -6.70331e-02
 8.49068e-02 -6.55424e-02
 8.46182e-02 -6.80240e-02

 8.82279e-02 -7.11080e-02
 8.73794e-02 -7.22024e-02
 8.96924e-02 -7.12579e-02
 8.77180e-02 -6.97271e-02
 8.73794e-02 -7.22024e-02

 8.86536e-02 -3.89906e-02
 8.22632e-02 -5.10890e-02
 8.43782e-02 -4.97593e-02
 8.21691e-02 -4.85925e-02
 8.22632e-02 -5.10890e-02

 9.08637e-02 -4.74565e-02
 8.54783e-02 -5.66731e-02
 8.76484e-02 -5.54352e-02
 8.54913e-02 -5.41748e-02
 8.54783e-02 -5.66731e-02

 9.30737e-02 -5.59224e-02
 9.00105e-02 -6.07284e-02
 9.22268e-02 -5.95752e-02
 9.01200e-02 -5.82325e-02
 9.00105e-02 -6.07284e-02

 9.40239e-02 -6.32726e-02
 9.31583e-02 -6.45728e-02
 9.53971e-02 -6.34641e-02
 9.33175e-02 -6.20796e-02
 9.31583e-02 -6.45728e-02

 9.52413e-02 -3.87743e-02
 9.02549e-02 -4.91356e-02
 9.23187e-02 -4.77277e-02
 9.00675e-02 -4.66443e-02
 9.02549e-02 -4.91356e-02

 9.78206e-02 -4.74263e-02
 9.47481e-02 -5.31272e-02
 9.68742e-02 -5.18153e-02
 9.46750e-02 -5.06300e-02
 9.47481e-02 -5.31272e-02

 9.91357e-02 -5.49712e-02
 9.82696e-02 -5.65262e-02
 1.00414e-01 -5.52439e-02
 9.82311e-02 -5.40282e-02
 9.82696e-02 -5.65262e-02

 1.01834e-01 -3.85474e-02
 9.90347e-02 -4.52774e-02
 1.01019e-01 -4.37594e-02
 9.87123e-02 -4.28000e-02
 9.90347e-02 -4.52774e-02

 1.03526e-01 -4.62635e-02
 1.02659e-01 -4.82052e-02
 1.04682e-01 -4.67392e-02
 1.02401e-01 -4.57202e-02
 1.02659e-01 -4.82052e-02

 1.07163e-01 -3.72121e-02
 1.06421e-01 -3.93984e-02
 1.08299e-01 -3.77515e-02
 1.05934e-01 -3.69480e-02
 1.06421e-01 -3.93984e-02

 1.07478e-01 -3.14796e-02
 1.06230e-01 -3.56793e-02
 1.08043e-01 -3.39611e-02
 1.05649e-01 -3.32494e-02
 1.06230e-01 -3.56793e-02

 1.08809e-01 -2.67494e-02
 1.07671e-01 -3.12888e-02
 1.09409e-01 -2.94940e-02
 1.06986e-01 -2.88864e-02
 1.07671e-01 -3.12888e-02

 1.09924e-01 -2.19630e-02
 1.08929e-01 -2.68182e-02
 1.10587e-01 -2.49492e-02
 1.08140e-01 -2.44480e-02
 1.08929e-01 -2.68182e-02

 1.10818e-01 -1.71304e-02
 1.09991e-01 -2.22962e-02
 1.11566e-01 -2.03573e-02
 1.09099e-01 -1.99622e-02
 1.09991e-01 -2.22962e-02

 1.11490e-01 -1.22618e-02
 1.10857e-01 -1.77226e-02
 1.12347e-01 -1.57172e-02
 1.09866e-01 -1.54296e-02
 1.10857e-01 -1.77226e-02

 1.11939e-01 -7.36740e-03
 1.11526e-01 -1.30983e-02
 1.12927e-01 -1.10302e-02
 1.10436e-01 -1.08504e-02
 1.11526e-01 -1.30983e-02

 1.12164e-01 -2.45752e-03
 1.11993e-01 -8.43027e-03
 1.13303e-01 -6.30332e-03
 1.10806e-01 -6.23176e-03
 1.11993e-01 -8.43027e-03

 1.12164e-01  2.45752e-03
 1.12256e-01 -3.71884e-03
 1.13473e-01 -1.53693e-03
 1.10975e-01 -1.57400e-03
 1.12256e-01 -3.71884e-03

 1.11939e-01  7.36740e-03
 1.12310e-01  1.03015e-03
 1.13430e-01  3.26295e-03
 1.10936e-01  3.11720e-03
 1.12310e-01  1.03015e-03

 1.11490e-01  1.22618e-02
 1.12151e-01  5.81760e-03
 1.13173e-01  8.09728e-03
 1.10687e-01  7.84261e-03
 1.12151e-01  5.81760e-03

 1.10818e-01  1.71304e-02
 1.11773e-01  1.06335e-02
 1.12694e-01  1.29558e-02
 1.10223e-01  1.25923e-02
 1.11773e-01  1.06335e-02

 1.09924e-01  2.19630e-02
 1.11170e-01  1.54848e-02
 1.11988e-01  1.78454e-02
 1.09534e-01  1.73735e-02
 1.11170e-01  1.54848e-02

 1.08809e-01  2.67494e-02
 1.10340e-01  2.03317e-02
 1.11053e-01  2.27261e-02
 1.08623e-01  2.21465e-02
 1.10340e-01  2.03317e-02

 1.07478e-01  3.14796e-02
 1.09276e-01  2.52148e-02
 1.09880e-01  2.76390e-02
 1.07478e-01  2.69498e-02
 1.09276e-01  2.52148e-02

 1.01186e-01 -3.17882e-02
 9.75440e-02 -4.16756e-02
 9.94640e-02 -4.00770e-02
 9.71196e-02 -3.92136e-02
 9.75440e-02 -4.16756e-02

 1.02724e-01 -2.70467e-02
 9.94067e-02 -3.74744e-02
 1.01253e-01 -3.57912e-02
 9.88722e-02 -3.50340e-02
 9.94067e-02 -3.74744e-02

 1.04012e-01 -2.22310e-02
 1.01103e-01 -3.31781e-02
 1.02866e-01 -3.14079e-02
 1.00451e-01 -3.07663e-02
 1.01103e-01 -3.31781e-02

 1.05047e-01 -1.73543e-02
 1.02595e-01 -2.87587e-02
 1.04271e-01 -2.69059e-02
 1.01829e-01 -2.63808e-02
 1.02595e-01 -2.87587e-02

 1.05825e-01 -1.24300e-02
 1.03885e-01 -2.42399e-02
 1.05468e-01 -2.23074e-02
 1.03003e-01 -2.19024e-02
 1.03885e-01 -2.42399e-02

 1.06345e-01 -7.47169e-03
 1.04959e-01 -1.96158e-02
 1.06446e-01 -1.76078e-02
 1.03964e-01 -1.73245e-02
 1.04959e-01 -1.96158e-02

 1.06606e-01 -2.49284e-03
 1.05811e-01 -1.49015e-02
 1.07196e-01 -1.28222e-02
 1.04703e-01 -1.26625e-02
 1.05811e-01 -1.49015e-02

 1.06606e-01  2.49284e-03
 1.06437e-01 -1.00992e-02
 1.07715e-01 -7.95255e-03
 1.05217e-01 -7.91904e-03
 1.06437e-01 -1.00992e-02

 1.06345e-01  7.47169e-03
 1.06826e-01 -5.22505e-03
 1.07993e-01 -3.01571e-03
 1.05496e-01 -3.11027e-03
 1.06826e-01 -5.22505e-03

 1.05825e-01  1.24300e-02
 1.06979e-01 -2.86686e-04
 1.08028e-01  1.98095e-03
 1.05539e-01  1.75520e-03
 1.06979e-01 -2.86686e-04

 1.05047e-01  1.73543e-02
 1.06884e-01  4.68954e-03
 1.07810e-01  7.01009e-03
 1.05337e-01  6.65138e-03
 1.06884e-01  4.68954e-03

 1.04012e-01  2.22310e-02
 1.06528e-01  9.69413e-03
 1.07327e-01  1.20612e-02
 1.04877e-01  1.15696e-02
 1.06528e-01  9.69413e-03

 1.02724e-01  2.70467e-02
 1.05901e-01  1.46577e-02
 1.06573e-01  1.70638e-02
 1.04153e-01  1.64432e-02
 1.05901e-01  1.46577e-02

 1.01186e-01  3.17882e-02
 1.04936e-01  1.96069e-02
 1.05493e-01  2.20423e-02
 1.03105e-01  2.13072e-02
 1.04936e-01  1.96069e-02

 9.48956e-02 -3.21001e-02
 8.96244e-02 -4.43719e-02
 9.16261e-02 -4.28770e-02
 8.93306e-02 -4.18909e-02
 8.96244e-02 -4.43719e-02

 9.66440e-02 -2.73523e-02
 9.19919e-02 -4.00903e-02
 9.39075e-02 -3.84865e-02
 9.15608e-02 -3.76295e-02
 9.19919e-02 -4.00903e-02

 9.81104e-02 -2.25097e-02
 9.41266e-02 -3.56556e-02
 9.59496e-02 -3.39473e-02
 9.35586e-02 -3.32227e-02
 9.41266e-02 -3.56556e-02

 9.92898e-02 -1.75890e-02
 9.60195e-02 -3.10600e-02
 9.77438e-02 -2.92521e-02
 9.53160e-02 -2.86627e-02
 9.60195e-02 -3.10600e-02

 1.00178e-01 -1.26073e-02
 9.76538e-02 -2.63359e-02
 9.92736e-02 -2.44338e-02
 9.68165e-02 -2.39821e-02
 9.76538e-02 -2.63359e-02

 1.00772e-01 -7.58193e-03
 9.90211e-02 -2.14854e-02
 1.00531e-01 -1.94947e-02
 9.80520e-02 -1.91826e-02
 9.90211e-02 -2.14854e-02

 1.01069e-01 -2.53024e-03
 1.00107e-01 -1.65376e-02
 1.01502e-01 -1.44647e-02
 9.90091e-02 -1.42935e-02
 1.00107e-01 -1.65376e-02

 1.01069e-01  2.53024e-03
 1.00910e-01 -1.15051e-02
 1.02184e-01 -9.35574e-03
 9.96858e-02 -9.32751e-03
 1.00910e-01 -1.15051e-02

 1.00772e-01  7.58193e-03
 1.01413e-01 -6.42193e-03
 1.02562e-01 -4.20340e-03
 1.00067e-01 -4.31777e-03
 1.01413e-01 -6.42193e-03

 1.00178e-01  1.26073e-02
 1.01621e-01 -1.31433e-03
 1.02640e-01  9.66541e-04
 1.00155e-01  7.08960e-04
 1.01621e-01 -1.31433e-03

 9.92898e-02  1.75890e-02
 1.01517e-01  3.77528e-03
 1.02406e-01  6.11013e-03
 9.99392e-02  5.71248e-03
 1.01517e-01  3.77528e-03

 9.81104e-02  2.25097e-02
 1.01092e-01  8.80839e-03
 1.01852e-01  1.11881e-02
 9.94113e-02  1.06569e-02
 1.01092e-01  8.80839e-03

 9.66440e-02  2.73523e-02
 1.00344e-01  1.37297e-02
 1.00982e-01  1.61451e-02
 9.85710e-02  1.54903e-02
 1.00344e-01  1.37297e-02

 9.48956e-02  3.21001e-02
 9.92325e-02  1.85223e-02
 9.97641e-02  2.09634e-02
 9.73842e-02  2.02032e-02
 9.92325e-02  1.85223e-02

 8.86078e-02 -3.24155e-02
 8.25966e-02 -4.53856e-02
 8.46398e-02 -4.39478e-02
 8.23731e-02 -4.28973e-02
 8.25966e-02 -4.53856e-02

 9.05712e-02 -2.76667e-02
 8.53702e-02 -4.09386e-02
 8.73226e-02 -3.93799e-02
 8.49965e-02 -3.84684e-02
 8.53702e-02 -4.09386e-02

 9.22203e-02 -2.27996e-02
 8.78505e-02 -3.62831e-02
 8.97059e-02 -3.46100e-02
 8.73292e-02 -3.38398e-02
 8.78505e-02 -3.62831e-02

 9.35483e-02 -1.78350e-02
 9.00126e-02 -3.14839e-02
 9.17644e-02 -2.97026e-02
 8.93459e-02 -2.90761e-02
 9.00126e-02 -3.14839e-02

 9.45492e-02 -1.27941e-02
 9.18545e-02 -2.65419e-02
 9.34965e-02 -2.46589e-02
 9.10449e-02 -2.41784e-02
 9.18545e-02 -2.65419e-02

 9.52189e-02 -7.69840e-03
 9.33647e-02 -2.14839e-02
 9.48911e-02 -1.95061e-02
 9.24151e-02 -1.91731e-02
 9.33647e-02 -2.14839e-02

 9.55545e-02 -2.56980e-03
 9.45285e-02 -1.63466e-02
 9.59349e-02 -1.42817e-02
 9.34435e-02 -1.40962e-02
 9.45285e-02 -1.63466e-02

 9.55545e-02  2.56980e-03
 9.53529e-02 -1.11545e-02
 9.66337e-02 -9.00947e-03
 9.41357e-02 -8.97277e-03
 9.53529e-02 -1.11545e-02

 9.52189e-02  7.69840e-03
 9.58130e-02 -5.95669e-03
 9.69670e-02 -3.74083e-03
 9.44710e-02 -3.84942e-03
 9.58130e-02 -5.95669e-03

 9.45492e-02  1.27941e-02
 9.59283e-02 -7.91069e-04
 9.69525e-02  1.48764e-03
 9.44670e-02  1.23533e-03
 9.59283e-02 -7.91069e-04

 9.35483e-02  1.78350e-02
 9.56772e-02  4.29483e-03
 9.65751e-02  6.62621e-03
 9.41071e-02  6.23817e-03
 9.56772e-02  4.29483e-03

 9.22203e-02  2.27996e-02
 9.50624e-02  9.25372e-03
 9.58407e-02  1.16277e-02
 9.33956e-02  1.11147e-02
 9.50624e-02  9.25372e-03

 9.05712e-02  2.76667e-02
 9.40921e-02  1.40474e-02
 9.47599e-02  1.64548e-02
 9.23411e-02  1.58295e-02
 9.40921e-02  1.40474e-02

 8.86078e-02  3.24155e-02
 9.27463e-02  1.86727e-02
 9.33186e-02  2.11046e-02
 9.09263e-02  2.03842e-02
 9.27463e-02  1.86727e-02

 8.23223e-02 -3.27344e-02
 7.59126e-02 -4.60227e-02
 7.79777e-02 -4.46167e-02
 7.57275e-02 -4.35313e-02
 7.59126e-02 -4.60227e-02

 8.45051e-02 -2.79902e-02
 7.89619e-02 -4.14487e-02
 8.09409e-02 -3.99239e-02
 7.86308e-02 -3.89724e-02
 7.89619e-02 -4.14487e-02

 8.63418e-02 -2.31013e-02
 8.17381e-02 -3.66677e-02
 8.36163e-02 -3.50202e-02
 8.12505e-02 -3.42174e-02
 8.17381e-02 -3.66677e-02

 8.78227e-02 -1.80928e-02
 8.41367e-02 -3.17376e-02
 8.59069e-02 -2.99747e-02
 8.34950e-02 -2.93231e-02
 8.41367e-02 -3.17376e-02

 8.89402e-02 -1.29907e-02
 8.61773e-02 -2.66590e-02
 8.78303e-02 -2.47858e-02
 8.53815e-02 -2.42908e-02
 8.61773e-02 -2.66590e-02

 8.96884e-02 -7.82140e-03
 8.78213e-02 -2.14712e-02
 8.93522e-02 -1.94969e-02
 8.68769e-02 -1.91583e-02
 8.78213e-02 -2.14712e-02

 9.00635e-02 -2.61164e-03
 8.90573e-02 -1.62183e-02
 9.04626e-02 -1.41527e-02
 8.79711e-02 -1.39684e-02
 8.90573e-02 -1.62183e-02

 9.00635e-02  2.61164e-03
 8.98944e-02 -1.09345e-02
 9.11704e-02 -8.78668e-03
 8.86723e-02 -8.75550e-03
 8.98944e-02 -1.09345e-02

 8.96884e-02  7.82140e-03
 9.02946e-02 -5.68155e-03
 9.14455e-02 -3.46409e-03
 8.89497e-02 -3.57614e-03
 9.02946e-02 -5.68155e-03

 8.89402e-02  1.29907e-02
 9.02975e-02 -5.04509e-04
 9.13239e-02  1.77326e-03
 8.88381e-02  1.52323e-03
 9.02975e-02 -5.04509e-04

 8.78227e-02  1.80928e-02
 8.98686e-02  4.55235e-03
 9.07805e-02  6.87831e-03
 8.83102e-02  6.50506e-03
 8.98686e-02  4.55235e-03

 8.63418e-02  2.31013e-02
 8.90330e-02  9.43717e-03
 8.98405e-02  1.18014e-02
 8.73893e-02  1.13186e-02
 8.90330e-02  9.43717e-03

 8.45051e-02  2.79902e-02
 8.78124e-02  1.41485e-02
 8.85246e-02  1.65432e-02
 8.60946e-02  1.59626e-02
 8.78124e-02  1.41485e-02

 8.23223e-02  3.27344e-02
 8.62184e-02  1.86856e-02
 8.68439e-02  2.11043e-02
 8.44365e-02  2.04367e-02
 8.62184e-02  1.86856e-02

 7.60390e-02 -3.30570e-02
 6.94846e-02 -4.66756e-02
 7.15485e-02 -4.52678e-02
 6.92973e-02 -4.41843e-02
 6.94846e-02 -4.66756e-02

 7.84461e-02 -2.83232e-02
 7.26942e-02 -4.22066e-02
 7.46764e-02 -4.06859e-02
 7.23683e-02 -3.97297e-02
 7.26942e-02 -4.22066e-02

 8.04752e-02 -2.34151e-02
 7.57057e-02 -3.75131e-02
 7.75823e-02 -3.58639e-02
 7.52158e-02 -3.50633e-02
 7.57057e-02 -3.75131e-02

 8.21138e-02 -1.83629e-02
 7.83118e-02 -3.25574e-02
 8.00782e-02 -3.07906e-02
 7.76650e-02 -3.01442e-02
 7.83118e-02 -3.25574e-02

 8.33516e-02 -1.31977e-02
 8.05305e-02 -2.74304e-02
 8.21765e-02 -2.55509e-02
 7.97259e-02 -2.50652e-02
 8.05305e-02 -2.74304e-02

 8.41811e-02 -7.95123e-03
 8.23002e-02 -2.21425e-02
 8.38228e-02 -2.01617e-02
 8.13461e-02 -1.98335e-02
 8.23002e-02 -2.21425e-02

 8.45971e-02 -2.65586e-03
 8.35952e-02 -1.67796e-02
 8.49943e-02 -1.47098e-02
 8.25022e-02 -1.45331e-02
 8.35952e-02 -1.67796e-02

 8.45971e-02  2.65586e-03
 8.44321e-02 -1.13675e-02
 8.57067e-02 -9.21872e-03
 8.32085e-02 -9.18933e-03
 8.44321e-02 -1.13675e-02

 8.41811e-02  7.95123e-03
 8.47477e-02 -5.99192e-03
 8.59080e-02 -3.77938e-03
 8.34117e-02 -3.88081e-03
 8.47477e-02 -5.99192e-03

 8.33516e-02  1.31977e-02
 8.46097e-02 -6.87274e-04
 8.56585e-02  1.58023e-03
 8.31704e-02  1.35479e-03
 8.46097e-02 -6.87274e-04

 8.21138e-02  1.83629e-02
 8.39628e-02  4.50167e-03
 8.49149e-02  6.81146e-03
 8.24385e-02  6.48111e-03
 8.39628e-02  4.50167e-03

 8.04752e-02  2.34151e-02
 8.28546e-02  9.54063e-03
 8.37201e-02  1.18843e-02
 8.12577e-02  1.14620e-02
 8.28546e-02  9.54063e-03

 7.84461e-02  2.83232e-02
 8.13314e-02  1.44602e-02
 8.21135e-02  1.68330e-02
 7.96676e-02  1.63239e-02
 8.13314e-02  1.44602e-02

 7.60390e-02  3.30570e-02
 7.94085e-02  1.92827e-02
 8.01077e-02  2.16812e-02
 7.76810e-02  2.10876e-02
 7.94085e-02  1.92827e-02

 6.97580e-02 -3.33835e-02
 6.32133e-02 -4.57584e-02
 6.53291e-02 -4.44298e-02
 6.31206e-02 -4.32618e-02
 6.32133e-02 -4.57584e-02

 7.23943e-02 -2.86660e-02
 6.64373e-02 -4.17120e-02
 6.84723e-02 -4.02628e-02
 6.61997e-02 -3.92250e-02
 6.64373e-02 -4.17120e-02

 7.46212e-02 -2.37417e-02
 6.95885e-02 -3.73690e-02
 7.15099e-02 -3.57722e-02
 6.91663e-02 -3.49067e-02
 6.95885e-02 -3.73690e-02

 7.64223e-02 -1.86459e-02
 7.23915e-02 -3.26278e-02
 7.41911e-02 -3.08949e-02
 7.17905e-02 -3.02028e-02
 7.23915e-02 -3.26278e-02

 7.77847e-02 -1.34155e-02
 7.48079e-02 -2.76175e-02
 7.64743e-02 -2.57561e-02
 7.40292e-02 -2.52436e-02
 7.48079e-02 -2.76175e-02

 7.86984e-02 -8.08825e-03
 7.67546e-02 -2.23587e-02
 7.82843e-02 -2.03835e-02
 7.58089e-02 -2.00463e-02
 7.67546e-02 -2.23587e-02

 7.91570e-02 -2.70259e-03
 7.81700e-02 -1.69458e-02
 7.95657e-02 -1.48737e-02
 7.70734e-02 -1.47010e-02
 7.81700e-02 -1.69458e-02

 7.91570e-02  2.70259e-03
 7.90732e-02 -1.13932e-02
 8.03352e-02 -9.23706e-03
 7.78369e-02 -9.22222e-03
 7.90732e-02 -1.13932e-02

 7.86984e-02  8.08825e-03
 7.93461e-02 -5.81243e-03
 8.04932e-02 -3.59302e-03
 7.79976e-02 -3.70931e-03
 7.93461e-02 -5.81243e-03

 7.77847e-02  1.34155e-02
 7.90936e-02 -1.94119e-04
 8.01299e-02  2.07915e-03
 7.76430e-02  1.83997e-03
 7.90936e-02 -1.94119e-04

 7.64223e-02  1.86459e-02
 7.81944e-02  5.38079e-03
 7.91461e-02  7.69076e-03
 7.66697e-02  7.35995e-03
 7.81944e-02  5.38079e-03

 7.46212e-02  2.37417e-02
 7.67483e-02  1.09088e-02
 7.76269e-02  1.32475e-02
 7.51622e-02  1.28390e-02
 7.67483e-02  1.09088e-02

 7.23943e-02  2.86660e-02
 7.47638e-02  1.64300e-02
 7.55788e-02  1.87916e-02
 7.31261e-02  1.83167e-02
 7.47638e-02  1.64300e-02

 6.97580e-02  3.33835e-02
 7.23132e-02  2.19446e-02
 7.30607e-02  2.43285e-02
 7.06224e-02  2.37839e-02
 7.23132e-02  2.19446e-02

 6.34793e-02 -3.37140e-02
 5.87002e-02 -4.12751e-02
 6.09121e-02 -4.01136e-02
 5.88003e-02 -3.87788e-02
 5.87002e-02 -4.12751e-02

 6.63500e-02 -2.90192e-02
 6.17251e-02 -3.81042e-02
 6.38199e-02 -3.67427e-02
 6.15935e-02 -3.56093e-02
 6.17251e-02 -3.81042e-02

 6.87800e-02 -2.40817e-02
 6.46983e-02 -3.43270e-02
 6.66595e-02 -3.27794e-02
 6.43386e-02 -3.18547e-02
 6.46983e-02 -3.43270e-02

 7.07490e-02 -1.89425e-02
 6.74300e-02 -2.98949e-02
 6.92529e-02 -2.81866e-02
 6.68620e-02 -2.74620e-02
 6.74300e-02 -2.98949e-02

 7.22404e-02 -1.36448e-02
 6.97813e-02 -2.50696e-02
 7.14577e-02 -2.32173e-02
 6.90153e-02 -2.26916e-02
 6.97813e-02 -2.50696e-02

 7.32416e-02 -8.23282e-03
 7.16559e-02 -1.98473e-02
 7.31863e-02 -1.78725e-02
 7.07109e-02 -1.75346e-02
 7.16559e-02 -1.98473e-02

 7.37443e-02 -2.75195e-03
 7.29541e-02 -1.43787e-02
 7.43471e-02 -1.23047e-02
 7.18545e-02 -1.21353e-02
 7.29541e-02 -1.43787e-02

 7.37443e-02  2.75195e-03
 7.36919e-02 -8.60568e-03
 7.49510e-02 -6.44786e-03
 7.24527e-02 -6.43632e-03
 7.36919e-02 -8.60568e-03

 7.32416e-02  8.23282e-03
 7.37041e-02 -2.75881e-03
 7.48612e-02 -5.44598e-04
 7.23651e-02 -6.49626e-04
 7.37041e-02 -2.75881e-03

 7.22404e-02  1.36448e-02
 7.31035e-02  3.35491e-03
 7.41674e-02  5.61537e-03
 7.16778e-02  5.40654e-03
 7.31035e-02  3.35491e-03

 7.07490e-02  1.89425e-02
 7.17177e-02  9.41788e-03
 7.27415e-02  1.16968e-02
 7.02560e-02  1.14440e-02
 7.17177e-02  9.41788e-03

 6.87800e-02  2.40817e-02
 6.96563e-02  1.56578e-02
 7.06749e-02  1.79391e-02
 6.81900e-02  1.76806e-02
 6.96563e-02  1.56578e-02

 6.63500e-02  2.90192e-02
 6.69549e-02  2.19482e-02
 6.80151e-02  2.42104e-02
 6.55259e-02  2.39975e-02
 6.69549e-02  2.19482e-02

 6.34793e-02  3.37140e-02
 6.36301e-02  2.83451e-02
 6.48180e-02  3.05429e-02
 6.23207e-02  3.04727e-02
 6.36301e-02  2.83451e-02

 5.72030e-02 -3.40487e-02
 5.62812e-02 -3.09802e-02
 5.57074e-02 -3.34118e-02
 5.81001e-02 -3.26929e-02
 5.62812e-02 -3.09802e-02

 6.03133e-02 -2.93833e-02
 5.88357e-02 -2.84426e-02
 5.99901e-02 -3.06583e-02
 6.13317e-02 -2.85507e-02
 5.88357e-02 -2.84426e-02

 6.29524e-02 -2.44357e-02
 6.13910e-02 -2.52208e-02
 6.38852e-02 -2.53648e-02
 6.27629e-02 -2.31328e-02
 6.13910e-02 -2.52208e-02

 6.50948e-02 -1.92533e-02
 6.36945e-02 -2.11964e-02
 6.59729e-02 -2.01715e-02
 6.39461e-02 -1.87108e-02
 6.36945e-02 -2.11964e-02

 6.67199e-02 -1.38860e-02
 6.56023e-02 -1.66067e-02
 6.75799e-02 -1.50800e-02
 6.52689e-02 -1.41307e-02
 6.56023e-02 -1.66067e-02

 6.78121e-02 -8.38535e-03
 6.70622e-02 -1.14890e-02
 6.87846e-02 -9.67927e-03
 6.63561e-02 -9.09256e-03
 6.70622e-02 -1.14890e-02

 6.83608e-02 -2.80410e-03
 6.79435e-02 -6.07141e-03
 6.94567e-02 -4.08349e-03
 6.69785e-02 -3.76696e-03
 6.79435e-02 -6.07141e-03

 6.83608e-02  2.80410e-03
 6.82351e-02 -1.32934e-04
 6.95756e-02  1.97527e-03
 6.70796e-02  2.08213e-03
 6.82351e-02 -1.32934e-04

 6.78121e-02  8.38535e-03
 6.77154e-02  5.81582e-03
 6.90450e-02  7.93095e-03
 6.65485e-02  8.02486e-03
 6.77154e-02  5.81582e-03

 6.67199e-02  1.38860e-02
 6.65054e-02  1.24216e-02
 6.80549e-02  1.43814e-02
 6.55830e-02  1.47434e-02
 6.65054e-02  1.24216e-02

 6.50948e-02  1.92533e-02
 6.42779e-02  1.87408e-02
 6.67745e-02  1.88326e-02
 6.54467e-02  2.09488e-02
 6.42779e-02  1.87408e-02

 6.29524e-02  2.44357e-02
 6.13820e-02  2.56886e-02
 6.22942e-02  2.33628e-02
 6.38523e-02  2.53157e-02
 6.13820e-02  2.56886e-02

 6.03133e-02  2.93833e-02
 5.74698e-02  3.24242e-02
 5.80351e-02  2.99907e-02
 5.98599e-02  3.16971e-02
 5.74698e-02  3.24242e-02

 5.72030e-02  3.40487e-02
 5.29049e-02  3.93426e-02
 5.32989e-02  3.68755e-02
 5.52384e-02  3.84503e-02
 5.29049e-02  3.93426e-02

 5.09292e-02 -3.43878e-02
 5.76807e-02 -1.94283e-02
 5.56521e-02 -2.08865e-02
 5.79293e-02 -2.19142e-02
 5.76807e-02 -1.94283e-02

 5.42846e-02 -2.97587e-02
 5.94217e-02 -1.54620e-02
 5.75145e-02 -1.70758e-02
 5.98656e-02 -1.79206e-02
 5.94217e-02 -1.54620e-02

 5.71388e-02 -2.48044e-02
 6.12578e-02 -1.15326e-02
 5.94235e-02 -1.32287e-02
 6.18095e-02 -1.39692e-02
 6.12578e-02 -1.15326e-02

 5.94606e-02 -1.95792e-02
 6.27024e-02 -7.24746e-03
 6.09442e-02 -9.02238e-03
 6.33605e-02 -9.65757e-03
 6.27024e-02 -7.24746e-03

 6.12246e-02 -1.41400e-02
 6.35902e-02 -2.38313e-03
 6.19388e-02 -4.25782e-03
 6.43880e-02 -4.75064e-03
 6.35902e-02 -2.38313e-03

 6.24114e-02 -8.54628e-03
 6.38319e-02  3.06293e-03
 6.23292e-02  1.06705e-03
 6.48090e-02  7.63622e-04
 6.38319e-02  3.06293e-03

 6.30080e-02 -2.85918e-03
 6.34545e-02  8.83049e-03
 6.21237e-02  6.71613e-03
 6.46202e-02  6.62077e-03
 6.34545e-02  8.83049e-03

 6.30080e-02  2.85918e-03
 6.23009e-02  1.51737e-02
 6.11778e-02  1.29420e-02
 6.36720e-02  1.30852e-02
 6.23009e-02  1.51737e-02

 6.24114e-02  8.54628e-03
 6.04172e-02  2.12877e-02
 5.95176e-02  1.89570e-02
 6.19859e-02  1.93433e-02
 6.04172e-02  2.12877e-02

 6.12246e-02  1.41400e-02
 5.76127e-02  2.81998e-02
 5.69412e-02  2.57934e-02
 5.93609e-02  2.64151e-02
 5.76127e-02  2.81998e-02

 5.94606e-02  1.95792e-02
 5.39520e-02  3.42636e-02
 5.35424e-02  3.17991e-02
 5.58815e-02  3.26766e-02
 5.39520e-02  3.42636e-02

 5.71388e-02  2.48044e-02
 4.95062e-02  4.13983e-02
 4.92754e-02  3.89107e-02
 5.15452e-02  3.99547e-02
 4.95062e-02  4.13983e-02

 5.42846e-02  2.97587e-02
 4.42239e-02  4.72280e-02
 4.42212e-02  4.47296e-02
 4.63861e-02  4.59765e-02
 4.42239e-02  4.72280e-02

 5.09292e-02  3.43878e-02
 3.85113e-02  5.39447e-02
 3.86165e-02  5.14485e-02
 4.07256e-02  5.27877e-02
 3.85113e-02  5.39447e-02

 4.46580e-02 -3.47315e-02
 5.79218e-02 -1.34190e-02
 5.57180e-02 -1.45959e-02
 5.78391e-02 -1.59160e-02
 5.79218e-02 -1.34190e-02

 4.82641e-02 -3.01460e-02
 5.95820e-02 -5.95145e-03
 5.75337e-02 -7.38194e-03
 5.97967e-02 -8.44053e-03
 5.95820e-02 -5.95145e-03

 5.13399e-02 -2.51887e-02
 6.11038e-02  1.13611e-03
 5.91802e-02 -4.58059e-04
 6.15226e-02 -1.32686e-03
 6.11038e-02  1.13611e-03

 5.38474e-02 -1.99209e-02
 6.19832e-02  7.71810e-03
 6.01739e-02  5.99528e-03
 6.25706e-02  5.28980e-03
 6.19832e-02  7.71810e-03

 5.57557e-02 -1.44073e-02
 6.20444e-02  1.41410e-02
 6.03591e-02  1.22968e-02
 6.27989e-02  1.17594e-02
 6.20444e-02  1.41410e-02

 5.70411e-02 -8.71609e-03
 6.11908e-02  2.01820e-02
 5.96468e-02  1.82179e-02
 6.21197e-02  1.78628e-02
 6.11908e-02  2.01820e-02

 5.76878e-02 -2.91736e-03
 5.95194e-02  2.63405e-02
 5.81375e-02  2.42592e-02
 6.06309e-02  2.41031e-02
 5.95194e-02  2.63405e-02

 5.76878e-02  2.91736e-03
 5.69579e-02  3.20503e-02
 5.57633e-02  2.98561e-02
 5.82608e-02  2.99187e-02
 5.69579e-02  3.20503e-02

 5.70411e-02  8.71609e-03
 5.36766e-02  3.79565e-02
 5.26829e-02  3.56643e-02
 5.51649e-02  3.59498e-02
 5.36766e-02  3.79565e-02

 5.57557e-02  1.44073e-02
 4.96255e-02  4.31705e-02
 4.88548e-02  4.07941e-02
 5.12982e-02  4.13148e-02
 4.96255e-02  4.31705e-02

 5.38474e-02  1.99209e-02
 4.48654e-02  4.86266e-02
 4.43194e-02  4.61887e-02
 4.67037e-02  4.69348e-02
 4.48654e-02  4.86266e-02

 5.13399e-02  2.51887e-02
 3.98638e-02  5.30675e-02
 3.95323e-02  5.05913e-02
 4.18425e-02  5.15423e-02
 3.98638e-02  5.30675e-02

 4.82641e-02  3.01460e-02
 3.40236e-02  5.73128e-02
 3.39217e-02  5.48165e-02
 3.61345e-02  5.59764e-02
 3.40236e-02  5.73128e-02

 4.46580e-02  3.47315e-02
 2.90154e-02  6.03293e-02
 2.90777e-02  5.78318e-02
 3.12095e-02  5.91345e-02
 2.90154e-02  6.03293e-02

 3.83892e-02 -3.50800e-02
 5.06967e-02 -2.19818e-02
 4.83048e-02 -2.27032e-02
 5.01255e-02 -2.44140e-02
 5.06967e-02 -2.19818e-02

 4.22520e-02 -3.05458e-02
 5.39476e-02 -1.49542e-02
 5.16500e-02 -1.59354e-02
 5.36486e-02 -1.74346e-02
 5.39476e-02 -1.49542e-02

 4.55562e-02 -2.55894e-02
 5.60337e-02 -7.45428e-03
 5.38697e-02 -8.70280e-03
 5.60329e-02 -9.95260e-03
 5.60337e-02 -7.45428e-03

 4.82562e-02 -2.02792e-02
 5.70571e-02  3.08897e-05
 5.50506e-02 -1.45769e-03
 5.73430e-02 -2.45102e-03
 5.70571e-02  3.08897e-05

 5.03146e-02 -1.46888e-02
 5.69362e-02  7.17979e-03
 5.51136e-02  5.47102e-03
 5.75048e-02  4.74702e-03
 5.69362e-02  7.17979e-03

 5.17030e-02 -8.89529e-03
 5.58275e-02  1.39551e-02
 5.42138e-02  1.20478e-02
 5.66724e-02  1.16040e-02
 5.58275e-02  1.39551e-02

 5.24020e-02 -2.97882e-03
 5.38377e-02  2.02531e-02
 5.24575e-02  1.81707e-02
 5.49511e-02  1.80166e-02
 5.38377e-02  2.02531e-02

 5.24020e-02  2.97882e-03
 5.10926e-02  2.61770e-02
 4.99674e-02  2.39465e-02
 5.24617e-02  2.40872e-02
 5.10926e-02  2.61770e-02

 5.17030e-02  8.89529e-03
 4.76982e-02  3.15768e-02
 4.68442e-02  2.92290e-02
 4.93045e-02  2.96634e-02
 4.76982e-02  3.15768e-02

 5.03146e-02  1.46888e-02
 4.36681e-02  3.66448e-02
 4.30994e-02  3.42121e-02
 4.54906e-02  3.49359e-02
 4.36681e-02  3.66448e-02

 4.82562e-02  2.02792e-02
 3.92358e-02  4.09264e-02
 3.89573e-02  3.84436e-02
 4.12467e-02  3.94438e-02
 3.92358e-02  4.09264e-02

 4.55562e-02  2.55894e-02
 3.42113e-02  4.49956e-02
 3.42249e-02  4.24973e-02
 3.63817e-02  4.37582e-02
 3.42113e-02  4.49956e-02

 4.22520e-02  3.05458e-02
 2.94848e-02  4.74847e-02
 2.97895e-02  4.50050e-02
 3.17846e-02  4.65088e-02
 2.94848e-02  4.74847e-02

 3.83892e-02  3.50800e-02
 2.42068e-02  5.04230e-02
 2.47581e-02  4.79863e-02
 2.65927e-02  4.96821e-02
 2.42068e-02  5.04230e-02

 3.62312e-02  4.03748e-02
 1.98125e-02  5.98415e-02
 2.02525e-02  5.73822e-02
 2.21623e-02  5.89930e-02
 1.98125e-02  5.98415e-02

 4.27932e-02  4.01897e-02
 2.59625e-02  6.33472e-02
 2.62240e-02  6.08626e-02
 2.82450e-02  6.23314e-02
 2.59625e-02  6.33472e-02

 4.93551e-02  4.00046e-02
 3.89156e-02  5.60868e-02
 3.90459e-02  5.35919e-02
 4.11414e-02  5.49522e-02
 3.89156e-02  5.60868e-02

 5.59171e-02  3.98195e-02
 5.30600e-02  4.17683e-02
 5.41435e-02  3.95172e-02
 5.55513e-02  4.15811e-02
 5.30600e-02  4.17683e-02

 6.24790e-02  3.96344e-02
 6.38961e-02  3.25067e-02
 6.46994e-02  3.48723e-02
 6.22491e-02  3.43852e-02
 6.38961e-02  3.25067e-02

 6.90410e-02  3.94493e-02
 7.27193e-02  2.72337e-02
 7.32915e-02  2.96656e-02
 7.08993e-02  2.89453e-02
 7.27193e-02  2.72337e-02

 7.56029e-02  3.92642e-02
 8.01486e-02  2.51197e-02
 8.06759e-02  2.75617e-02
 7.82974e-02  2.67974e-02
 8.01486e-02  2.51197e-02

 8.21649e-02  3.90791e-02
 8.71460e-02  2.48444e-02
 8.76105e-02  2.72992e-02
 8.52524e-02  2.64740e-02
 8.71460e-02  2.48444e-02

 8.87268e-02  3.88940e-02
 9.38284e-02  2.51275e-02
 9.42479e-02  2.75904e-02
 9.19053e-02  2.67222e-02
 9.38284e-02  2.51275e-02

 9.52888e-02  3.87089e-02
 1.00219e-01  2.57988e-02
 1.00614e-01  2.82657e-02
 9.82799e-02  2.73745e-02
 1.00219e-01  2.57988e-02

 1.01851e-01  3.85238e-02
 1.05439e-01  2.87921e-02
 1.05862e-01  3.12543e-02
 1.03518e-01  3.03900e-02
 1.05439e-01  2.87921e-02

 1.07163e-01  3.72121e-02
 1.08491e-01  3.34988e-02
 1.08939e-01  3.59567e-02
 1.06586e-01  3.51156e-02
 1.08491e-01  3.34988e-02

 3.60414e-02  4.66623e-02
 1.78458e-02  6.73097e-02
 1.83391e-02  6.48606e-02
 2.02135e-02  6.65123e-02
 1.78458e-02  6.73097e-02

 4.29145e-02  4.67353e-02
 2.98033e-02  6.41864e-02
 3.01042e-02  6.17063e-02
 3.21016e-02  6.32069e-02
 2.98033e-02  6.41864e-02

 4.97877e-02  4.68084e-02
 4.50701e-02  5.44848e-02
 4.51387e-02  5.19874e-02
 4.72672e-02  5.32955e-02
 4.50701e-02  5.44848e-02

 5.66609e-02  4.68815e-02
 5.79807e-02  4.27832e-02
 5.85065e-02  4.52256e-02
 5.61285e-02  4.44597e-02
 5.79807e-02  4.27832e-02

 6.35340e-02  4.69545e-02
 6.76842e-02  3.64166e-02
 6.80537e-02  3.88874e-02
 6.57291e-02  3.79720e-02
 6.76842e-02  3.64166e-02

 7.04072e-02  4.70276e-02
 7.62368e-02  3.31376e-02
 7.65513e-02  3.56161e-02
 7.42476e-02  3.46492e-02
 7.62368e-02  3.31376e-02

 7.72803e-02  4.71006e-02
 8.36236e-02  3.24949e-02
 8.39075e-02  3.49771e-02
 8.16159e-02  3.39818e-02
 8.36236e-02  3.24949e-02

 8.41535e-02  4.71737e-02
 9.05018e-02  3.31803e-02
 9.07455e-02  3.56667e-02
 8.84703e-02  3.46346e-02
 9.05018e-02  3.31803e-02

 9.10267e-02  4.72467e-02
 9.69445e-02  3.45632e-02
 9.71617e-02  3.70521e-02
 9.48976e-02  3.59958e-02
 9.69445e-02  3.45632e-02

 9.78998e-02  4.73198e-02
 1.02168e-01  3.77335e-02
 1.02429e-01  4.02181e-02
 1.00147e-01  3.92020e-02
 1.02168e-01  3.77335e-02

 1.03543e-01  4.62399e-02
 1.05249e-01  4.24730e-02
 1.05494e-01  4.49592e-02
 1.03218e-01  4.39287e-02
 1.05249e-01  4.24730e-02

 3.58446e-02  5.29590e-02
 2.11307e-02  7.04540e-02
 2.15673e-02  6.79942e-02
 2.34793e-02  6.96022e-02
 2.11307e-02  7.04540e-02

 4.30150e-02  5.33087e-02
 3.56847e-02  6.35186e-02
 3.59318e-02  6.10325e-02
 3.79612e-02  6.24895e-02
 3.56847e-02  6.35186e-02

 5.01855e-02  5.36583e-02
 5.07145e-02  5.44395e-02
 4.84670e-02  5.33485e-02
 5.05355e-02  5.19476e-02
 5.07145e-02  5.44395e-02

 5.73559e-02  5.40079e-02
 6.24765e-02  4.60790e-02
 6.23521e-02  4.85742e-02
 6.02534e-02  4.72189e-02
 6.24765e-02  4.60790e-02

 6.45264e-02  5.43576e-02
 7.18108e-02  4.16938e-02
 7.18148e-02  4.41921e-02
 6.96491e-02  4.29464e-02
 7.18108e-02  4.16938e-02

 7.16968e-02  5.47072e-02
 7.99875e-02  4.01230e-02
 8.00042e-02  4.26213e-02
 7.78323e-02  4.13866e-02
 7.99875e-02  4.01230e-02

 7.88673e-02  5.50569e-02
 8.68844e-02  4.09101e-02
 8.69045e-02  4.34083e-02
 8.47309e-02  4.21766e-02
 8.68844e-02  4.09101e-02

 8.60378e-02  5.54065e-02
 9.32562e-02  4.29056e-02
 9.32560e-02  4.54040e-02
 9.10925e-02  4.41547e-02
 9.32562e-02  4.29056e-02

 9.32082e-02  5.57561e-02
 9.83313e-02  4.64659e-02
 9.83804e-02  4.89637e-02
 9.61926e-02  4.77573e-02
 9.83313e-02  4.64659e-02

 9.91675e-02  5.49301e-02
 1.01210e-01  5.12440e-02
 1.01254e-01  5.37420e-02
 9.90686e-02  5.25311e-02
 1.01210e-01  5.12440e-02

 3.56402e-02  5.92645e-02
 2.67754e-02  7.23178e-02
 2.69576e-02  6.98261e-02
 2.90243e-02  7.12297e-02
 2.67754e-02  7.23178e-02

 4.30928e-02  5.99083e-02
 4.17055e-02  6.39009e-02
 4.12357e-02  6.14471e-02
 4.35956e-02  6.22671e-02
 4.17055e-02  6.39009e-02

 5.05455e-02  6.05521e-02
 5.54492e-02  5.64096e-02
 5.46025e-02  5.87601e-02
 5.29903e-02  5.68516e-02
 5.54492e-02  5.64096e-02

 5.79981e-02  6.11959e-02
 6.66918e-02  5.04448e-02
 6.63027e-02  5.29126e-02
 6.43600e-02  5.13417e-02
 6.66918e-02  5.04448e-02

 6.54508e-02  6.18396e-02
 7.56185e-02  4.80661e-02
 7.53385e-02  5.05487e-02
 7.33285e-02  4.90649e-02
 7.56185e-02  4.80661e-02

 7.29034e-02  6.24834e-02
 8.28517e-02  4.84571e-02
 8.26190e-02  5.09445e-02
 8.05811e-02  4.94992e-02
 8.28517e-02  4.84571e-02

 8.03561e-02  6.31272e-02
 8.89386e-02  5.09019e-02
 8.87178e-02  5.33904e-02
 8.66730e-02  5.19550e-02
 8.89386e-02  5.09019e-02

 8.78087e-02  6.37710e-02
 9.37775e-02  5.48507e-02
 9.36124e-02  5.73436e-02
 9.15361e-02  5.59542e-02
 9.37775e-02  5.48507e-02

 9.40686e-02  6.32195e-02
 9.64181e-02  5.97166e-02
 9.62503e-02  6.22093e-02
 9.41755e-02  6.08177e-02
 9.64181e-02  5.97166e-02

 3.54277e-02  6.55783e-02
 3.27915e-02  7.43624e-02
 3.22170e-02  7.19311e-02
 3.46098e-02  7.26492e-02
 3.27915e-02  7.43624e-02

 4.31463e-02  6.65328e-02
 4.72246e-02  6.59951e-02
 4.52428e-02  6.75164e-02
 4.49162e-02  6.50395e-02
 4.72246e-02  6.59951e-02

 5.08649e-02  6.74873e-02
 5.99880e-02  5.96948e-02
 5.91542e-02  6.20499e-02
 5.75316e-02  6.01502e-02
 5.99880e-02  5.96948e-02

 5.85835e-02  6.84418e-02
 7.04450e-02  5.60174e-02
 6.98545e-02  5.84450e-02
 6.80475e-02  5.67198e-02
 7.04450e-02  5.60174e-02

 6.63021e-02  6.93964e-02
 7.80445e-02  5.60311e-02
 7.75549e-02  5.84810e-02
 7.56780e-02  5.68320e-02
 7.80445e-02  5.60311e-02

 7.40207e-02  7.03509e-02
 8.40582e-02  5.85335e-02
 8.36096e-02  6.09913e-02
 8.17055e-02  5.93739e-02
 8.40582e-02  5.85335e-02

 8.17393e-02  7.13054e-02
 8.85102e-02  6.27883e-02
 8.81416e-02  6.52593e-02
 8.61860e-02  6.37046e-02
 8.85102e-02  6.27883e-02

 8.82827e-02  7.10484e-02
 9.09322e-02  6.77348e-02
 9.05567e-02  7.02048e-02
 8.86054e-02  6.86446e-02
 9.09322e-02  6.77348e-02

 3.52066e-02  7.18999e-02
 3.77784e-02  7.70882e-02
 3.56982e-02  7.57044e-02
 3.79367e-02  7.45949e-02
 3.77784e-02  7.70882e-02

 4.31738e-02  7.31807e-02
 5.22335e-02  6.91494e-02
 5.07646e-02  7.11703e-02
 4.97489e-02  6.88877e-02
 5.22335e-02  6.91494e-02

 5.11411e-02  7.44615e-02
 6.40232e-02  6.44819e-02
 6.30778e-02  6.67945e-02
 6.15478e-02  6.48195e-02
 6.40232e-02  6.44819e-02

 5.91083e-02  7.57423e-02
 7.26380e-02  6.34620e-02
 7.18755e-02  6.58411e-02
 7.01964e-02  6.39912e-02
 7.26380e-02  6.34620e-02

 6.70756e-02  7.70231e-02
 7.85736e-02  6.59448e-02
 7.78823e-02  6.83455e-02
 7.61488e-02  6.65464e-02
 7.85736e-02  6.59448e-02

 7.50428e-02  7.83039e-02
 8.27289e-02  7.02621e-02
 8.21370e-02  7.26893e-02
 8.03310e-02  7.09631e-02
 8.27289e-02  7.02621e-02

 8.18513e-02  7.83598e-02
 8.48053e-02  7.52471e-02
 8.42220e-02  7.76764e-02
 8.24098e-02  7.59566e-02
 8.48053e-02  7.52471e-02

 3.49763e-02  7.82287e-02
 4.20783e-02  7.95001e-02
 3.97284e-02  8.03485e-02
 4.01687e-02  7.78892e-02
 4.20783e-02  7.95001e-02

 4.31739e-02  7.98502e-02
 5.63753e-02  7.28982e-02
 5.50430e-02  7.50116e-02
 5.38789e-02  7.28010e-02
 5.63753e-02  7.28982e-02

 5.13715e-02  8.14718e-02
 6.61246e-02  7.09256e-02
 6.50909e-02  7.32001e-02
 6.36381e-02  7.11676e-02
 6.61246e-02  7.09256e-02

 5.95692e-02  8.30933e-02
 7.25862e-02  7.28130e-02
 7.16624e-02  7.51343e-02
 7.01140e-02  7.31737e-02
 7.25862e-02  7.28130e-02

 6.77668e-02  8.47149e-02
 7.63470e-02  7.72159e-02
 7.55399e-02  7.95803e-02
 7.38959e-02  7.76992e-02
 7.63470e-02  7.72159e-02

 7.48204e-02  8.51009e-02
 7.81180e-02  8.21766e-02
 7.73280e-02  8.45468e-02
 7.56704e-02  8.26776e-02
 7.81180e-02  8.21766e-02

 3.47364e-02  8.45641e-02
 4.59699e-02  8.16563e-02
 4.41883e-02  8.34078e-02
 4.35623e-02  8.09892e-02
 4.59699e-02  8.16563e-02

 4.31452e-02  8.65397e-02
 5.82881e-02  7.79904e-02
 5.70181e-02  8.01419e-02
 5.57898e-02  7.79664e-02
 5.82881e-02  7.79904e-02

 5.15540e-02  8.85153e-02
 6.55229e-02  7.93782e-02
 6.43960e-02  8.16079e-02
 6.30284e-02  7.95171e-02
 6.55229e-02  7.93782e-02

 5.99628e-02  9.04909e-02
 6.94526e-02  8.35305e-02
 6.84468e-02  8.58174e-02
 6.69692e-02  8.38029e-02
 6.94526e-02  8.35305e-02

 6.72406e-02  9.12228e-02
 7.07665e-02  8.85905e-02
 6.97800e-02  9.08859e-02
 6.82854e-02  8.88839e-02
 7.07665e-02  8.85905e-02

 3.44865e-02  9.09056e-02
 4.89878e-02  8.56896e-02
 4.73747e-02  8.75973e-02
 4.65291e-02  8.52465e-02
 4.89878e-02  8.56896e-02

 4.30864e-02  9.32473e-02
 5.81786e-02  8.53438e-02
 5.68414e-02  8.74541e-02
 5.56824e-02  8.52409e-02
 5.81786e-02  8.53438e-02

 5.16863e-02  9.55889e-02
 6.21601e-02  8.91400e-02
 6.09726e-02  9.13381e-02
 5.96627e-02  8.92107e-02
 6.21601e-02  8.91400e-02

 5.91663e-02  9.66810e-02
 6.31883e-02  9.41752e-02
 6.20125e-02  9.63795e-02
 6.06914e-02  9.42590e-02
 6.31883e-02  9.41752e-02

 3.42262e-02  9.72525e-02
 4.99612e-02  9.15190e-02
 4.83560e-02  9.34334e-02
 4.75007e-02  9.10861e-02
 4.99612e-02  9.15190e-02

 4.29965e-02  9.99709e-02
 5.47251e-02  9.41471e-02
 5.33428e-02  9.62282e-02
 5.22317e-02  9.39905e-02
 5.47251e-02  9.41471e-02

 5.06554e-02  1.01436e-01
 5.51364e-02  9.91414e-02
 5.37799e-02  1.01239e-01
 5.26412e-02  9.90156e-02
 5.51364e-02  9.91414e-02

 3.39552e-02  1.03604e-01
 4.68596e-02  9.95108e-02
 4.51749e-02  1.01356e-01
 4.44195e-02  9.89742e-02
 4.68596e-02  9.95108e-02

 4.17692e-02  1.05453e-01
 4.70249e-02  1.03387e-01
 4.54683e-02  1.05341e-01
 4.45543e-02  1.03016e-01
 4.70249e-02  1.03387e-01

 3.25715e-02  1.08703e-01
 3.79139e-02  1.07188e-01
 3.61732e-02  1.08980e-01
 3.54916e-02  1.06576e-01
 3.79139e-02  1.07188e-01

 2.67687e-02  1.08827e-01
 3.51536e-02  1.06958e-01
 3.33136e-02  1.08648e-01
 3.27700e-02  1.06209e-01
 3.51536e-02  1.06958e-01

 2.19798e-02  1.09951e-01
 2.97861e-02  1.08693e-01
 2.78487e-02  1.10270e-01
 2.74513e-02  1.07804e-01
 2.97861e-02  1.08693e-01

 1.71443e-02  1.10855e-01
 2.37933e-02  1.10217e-01
 2.17588e-02  1.11667e-01
 2.15204e-02  1.09180e-01
 2.37933e-02  1.10217e-01

 1.22723e-02  1.11537e-01
 1.69304e-02  1.11458e-01
 1.47881e-02  1.12744e-01
 1.47461e-02  1.10246e-01
 1.69304e-02  1.11458e-01

 7.37400e-03  1.11995e-01
 1.06546e-02  1.12200e-01
 8.41740e-03  1.13312e-01
 8.57287e-03  1.10818e-01
 1.06546e-02  1.12200e-01

 2.45980e-03  1.12229e-01
 2.78458e-03  1.12681e-01
 5.08046e-04  1.11652e-01
 2.53753e-03  1.10195e-01
 2.78458e-03  1.12681e-01

 2.71017e-02  1.02773e-01
 4.26318e-02  9.99429e-02
 4.07272e-02  1.01560e-01
 4.02793e-02  9.91019e-02
 4.26318e-02  9.99429e-02

 2.22792e-02  1.04089e-01
 3.66481e-02  1.03820e-01
 3.45083e-02  1.05109e-01
 3.44615e-02  1.02611e-01
 3.66481e-02  1.03820e-01

 1.73943e-02  1.05152e-01
 2.94852e-02  1.07322e-01
 2.71349e-02  1.08169e-01
 2.75763e-02  1.05710e-01
 2.94852e-02  1.07322e-01

 1.24603e-02  1.05957e-01
 2.09659e-02  1.09905e-01
 1.84775e-02  1.10127e-01
 1.95293e-02  1.07861e-01
 2.09659e-02  1.09905e-01

 7.49085e-03  1.06504e-01
 1.29739e-02  1.11270e-01
 1.05214e-02  1.10793e-01
 1.21603e-02  1.08907e-01
 1.29739e-02  1.11270e-01

 2.49946e-03  1.06791e-01
 2.99520e-03  1.12044e-01
 1.54831e-03  1.10008e-01
 4.03558e-03  1.09773e-01
 2.99520e-03  1.12044e-01

 2.74372e-02  9.67195e-02
 4.25720e-02  9.41000e-02
 4.06531e-02  9.56999e-02
 4.02271e-02  9.32381e-02
 4.25720e-02  9.41000e-02

 2.25847e-02  9.82294e-02
 3.63237e-02  9.97254e-02
 3.40376e-02  1.00733e-01
 3.43080e-02  9.82494e-02
 3.63237e-02  9.97254e-02

 1.76516e-02  9.94515e-02
 2.89667e-02  1.04587e-01
 2.64803e-02  1.04830e-01
 2.75128e-02  1.02555e-01
 2.89667e-02  1.04587e-01

 1.26550e-02  1.00382e-01
 2.06189e-02  1.07863e-01
 1.81867e-02  1.07292e-01
 1.98972e-02  1.05471e-01
 2.06189e-02  1.07863e-01

 7.61220e-03  1.01016e-01
 1.25741e-02  1.09748e-01
 1.04191e-02  1.08484e-01
 1.25912e-02  1.07250e-01
 1.25741e-02  1.09748e-01

 2.54072e-03  1.01354e-01
 2.98425e-03  1.08931e-01
 1.61078e-03  1.06844e-01
 4.10484e-03  1.06698e-01
 2.98425e-03  1.08931e-01

 2.77751e-02  9.06670e-02
 3.92554e-02  9.05160e-02
 3.71084e-02  9.17935e-02
 3.70755e-02  8.92954e-02
 3.92554e-02  9.05160e-02

 2.28962e-02  9.23719e-02
 3.28325e-02  9.72427e-02
 3.03399e-02  9.74120e-02
 3.14396e-02  9.51687e-02
 3.28325e-02  9.72427e-02

 1.79161e-02  9.37548e-02
 2.57294e-02  1.02935e-01
 2.33758e-02  1.02097e-01
 2.52783e-02  1.00477e-01
 2.57294e-02  1.02935e-01

 1.28562e-02  9.48095e-02
 1.81884e-02  1.06297e-01
 1.61444e-02  1.04861e-01
 1.84105e-02  1.03809e-01
 1.81884e-02  1.06297e-01

 7.73804e-03  9.55317e-02
 1.10808e-02  1.08433e-01
 9.32890e-03  1.06652e-01
 1.17474e-02  1.06026e-01
 1.10808e-02  1.08433e-01

 2.58357e-03  9.59181e-02
 2.89019e-03  1.07060e-01
 1.58198e-03  1.04931e-01
 4.07936e-03  1.04862e-01
 2.89019e-03  1.07060e-01

 2.81154e-02  8.46152e-02
 3.46098e-02  8.77566e-02
 3.21182e-02  8.79390e-02
 3.32061e-02  8.56899e-02
 3.46098e-02  8.77566e-02

 2.32138e-02  8.65167e-02
 2.82262e-02  9.43946e-02
 2.60108e-02  9.32398e-02
 2.81186e-02  9.18986e-02
 2.82262e-02  9.43946e-02

 1.81879e-02  8.80613e-02
 2.16246e-02  9.99509e-02
 1.98238e-02  9.82192e-02
 2.22239e-02  9.75255e-02
 2.16246e-02  9.99509e-02

 1.30640e-02  8.92412e-02
 1.52343e-02  1.02722e-01
 1.36571e-02  1.00784e-01
 1.61237e-02  1.00387e-01
 1.52343e-02  1.02722e-01

 7.86837e-03  9.00500e-02
 9.13187e-03  1.04506e-01
 7.69906e-03  1.02459e-01
 1.01879e-02  1.02242e-01
 9.13187e-03  1.04506e-01

 2.62800e-03  9.04836e-02
 2.74293e-03  1.02325e-01
 1.47283e-03  1.00174e-01
 3.97103e-03  1.00150e-01
 2.74293e-03  1.02325e-01

 2.84583e-02  7.85641e-02
 3.07536e-02  8.56469e-02
 2.88983e-02  8.39737e-02
 3.12749e-02  8.32035e-02
 3.07536e-02  8.56469e-02

 2.35375e-02  8.06635e-02
 2.46258e-02  9.14138e-02
 2.31651e-02  8.93870e-02
 2.56507e-02  8.91354e-02
 2.46258e-02  9.14138e-02

 1.84671e-02  8.23712e-02
 1.85452e-02  9.62744e-02
 1.72839e-02  9.41178e-02
 1.97822e-02  9.41038e-02
 1.85452e-02  9.62744e-02

 1.32784e-02  8.36765e-02
 1.31167e-02  9.83889e-02
 1.18914e-02  9.62117e-02
 1.43896e-02  9.62391e-02
 1.31167e-02  9.83889e-02

 8.00317e-03  8.45714e-02
 7.72568e-03  9.98637e-02
 6.51598e-03  9.76778e-02
 9.01389e-03  9.77231e-02
 7.72568e-03  9.98637e-02

 2.67399e-03  8.50504e-02
 2.65526e-03  9.76437e-02
 1.40932e-03  9.54783e-02
 3.90764e-03  9.54820e-02
 2.65526e-03  9.76437e-02

 2.88037e-02  7.25137e-02
 2.75639e-02  8.23961e-02
 2.65938e-02  8.00938e-02
 2.90727e-02  8.04048e-02
 2.75639e-02  8.23961e-02

 2.38674e-02  7.48125e-02
 2.20468e-02  8.72347e-02
 2.11246e-02  8.49128e-02
 2.35965e-02  8.52751e-02
 2.20468e-02  8.72347e-02

 1.87537e-02  7.66844e-02
 1.64723e-02  9.12631e-02
 1.55727e-02  8.89324e-02
 1.80410e-02  8.93186e-02
 1.64723e-02  9.12631e-02

 1.34994e-02  7.81157e-02
 1.17006e-02  9.26891e-02
 1.07259e-02  9.03888e-02
 1.32054e-02  9.06948e-02
 1.17006e-02  9.26891e-02

 8.14243e-03  7.90961e-02
 6.65803e-03  9.37363e-02
 5.63349e-03  9.14577e-02
 8.11907e-03  9.17097e-02
 6.65803e-03  9.37363e-02

 2.72155e-03  7.96185e-02
 2.59742e-03  9.12692e-02
 1.37138e-03  8.90924e-02
 3.86956e-03  8.91190e-02
 2.59742e-03  9.12692e-02

 2.91516e-02  6.64640e-02
 2.34560e-02  7.88157e-02
 2.32276e-02  7.63279e-02
 2.54963e-02  7.73741e-02
 2.34560e-02  7.88157e-02

 2.42036e-02  6.89636e-02
 1.88024e-02  8.28735e-02
 1.84211e-02  8.04045e-02
 2.07501e-02  8.13088e-02
 1.88024e-02  8.28735e-02

 1.90476e-02  7.10008e-02
 1.39563e-02  8.60937e-02
 1.34642e-02  8.36443e-02
 1.58315e-02  8.44429e-02
 1.39563e-02  8.60937e-02

 1.37270e-02  7.25587e-02
 1.00137e-02  8.69445e-02
 9.34496e-03  8.45374e-02
 1.17640e-02  8.51618e-02
 1.00137e-02  8.69445e-02

 8.28615e-03  7.36240e-02
 5.51226e-03  8.74868e-02
 4.71190e-03  8.51201e-02
 7.16166e-03  8.56103e-02
 5.51226e-03  8.74868e-02

 2.77066e-03  7.41880e-02
 2.53192e-03  8.50147e-02
 1.33076e-03  8.28241e-02
 3.82848e-03  8.28792e-02
 2.53192e-03  8.50147e-02

 2.95021e-02  6.04150e-02
 1.82159e-02  7.53135e-02
 1.85267e-02  7.28346e-02
 2.05181e-02  7.43432e-02
 1.82159e-02  7.53135e-02

 2.45460e-02  6.31167e-02
 1.45030e-02  7.82921e-02
 1.46554e-02  7.57984e-02
 1.67388e-02  7.71772e-02
 1.45030e-02  7.82921e-02

 1.93491e-02  6.53207e-02
 1.06864e-02  8.03004e-02
 1.06882e-02  7.78021e-02
 1.28509e-02  7.90528e-02
 1.06864e-02  8.03004e-02

 1.39613e-02  6.70056e-02
 7.95505e-03  8.02767e-02
 7.70911e-03  7.77905e-02
 9.98518e-03  7.88207e-02
 7.95505e-03  8.02767e-02

 8.43432e-03  6.81554e-02
 4.33631e-03  8.00277e-02
 3.86147e-03  7.75749e-02
 6.22306e-03  7.83900e-02
 4.33631e-03  8.00277e-02

 2.82131e-03  6.87588e-02
 2.46223e-03  7.74990e-02
 1.30293e-03  7.52859e-02
 3.79915e-03  7.53884e-02
 2.46223e-03  7.74990e-02

 2.98552e-02  5.43666e-02
 1.39976e-02  7.05894e-02
 1.46167e-02  6.81690e-02
 1.64032e-02  6.99154e-02
 1.39976e-02  7.05894e-02

 2.48948e-02  5.72719e-02
 1.10530e-02  7.21202e-02
 1.16146e-02  6.96858e-02
 1.34421e-02  7.13894e-02
 1.10530e-02  7.21202e-02

 1.96580e-02  5.96439e-02
 8.14527e-03  7.27551e-02
 8.63420e-03  7.03051e-02
 1.05115e-02  7.19535e-02
 8.14527e-03  7.27551e-02

 1.42022e-02  6.14566e-02
 6.44768e-03  7.20795e-02
 6.71442e-03  6.95954e-02
 8.73229e-03  7.10684e-02
 6.44768e-03  7.20795e-02

 8.58693e-03  6.26901e-02
 3.63125e-03  7.14503e-02
 3.60933e-03  6.89520e-02
 5.78382e-03  7.01822e-02
 3.63125e-03  7.14503e-02

 2.87349e-03  6.33311e-02
 2.42934e-03  6.95267e-02
 1.33808e-03  6.72793e-02
 3.83001e-03  6.74579e-02
 2.42934e-03  6.95267e-02

 3.02108e-02  4.83188e-02
 1.32712e-02  6.36280e-02
 1.40388e-02  6.12505e-02
 1.57140e-02  6.31041e-02
 1.32712e-02  6.36280e-02

 2.52499e-02  5.14291e-02
 1.08356e-02  6.41563e-02
 1.16307e-02  6.17878e-02
 1.32842e-02  6.36606e-02
 1.08356e-02  6.41563e-02

 1.99746e-02  5.39705e-02
 8.35786e-03  6.40442e-02
 9.17408e-03  6.16830e-02
 1.08109e-02  6.35705e-02
 8.35786e-03  6.40442e-02

 1.44499e-02  5.59116e-02
 6.86373e-03  6.32766e-02
 7.54595e-03  6.08733e-02
 9.28622e-03  6.26658e-02
 6.86373e-03  6.32766e-02

 8.74398e-03  5.72284e-02
 4.10434e-03  6.26935e-02
 4.55233e-03  6.02357e-02
 6.45688e-03  6.18526e-02
 4.10434e-03  6.26935e-02

 2.92720e-03  5.79048e-02
 2.50318e-03  6.15970e-02
 1.50902e-03  5.93050e-02
 3.99103e-03  5.95901e-02
 2.50318e-03  6.15970e-02

 3.05691e-02  4.22715e-02
 2.06747e-02  5.05552e-02
 2.15318e-02  4.82085e-02
 2.31356e-02  5.01241e-02
 2.06747e-02  5.05552e-02

 2.56115e-02  4.55882e-02
 1.70247e-02  5.12667e-02
 1.81404e-02  4.90313e-02
 1.95185e-02  5.11151e-02
 1.70247e-02  5.12667e-02

 2.02987e-02  4.83004e-02
 1.33297e-02  5.19885e-02
 1.46577e-02  4.98724e-02
 1.58263e-02  5.20806e-02
 1.33297e-02  5.19885e-02

 1.47043e-02  5.03707e-02
 1.00721e-02  5.23608e-02
 1.15670e-02  5.03590e-02
 1.25531e-02  5.26545e-02
 1.00721e-02  5.23608e-02

 8.90546e-03  5.17703e-02
 6.04363e-03  5.27861e-02
 7.66477e-03  5.08852e-02
 8.50045e-03  5.32396e-02
 6.04363e-03  5.27861e-02

 2.98242e-03  5.24799e-02
 2.64697e-03  5.28578e-02
 3.14934e-03  5.04105e-02
 5.01757e-03  5.20692e-02
 2.64697e-03  5.28578e-02

