#[ Fluid velocity 2D plot data file: flw.dat ]
 2.45980e-03 -1.12229e-01
 2.46010e-03 -1.12229e-01
 2.70458e-04 -1.11026e-01
 3.23485e-04 -1.13524e-01
 2.46010e-03 -1.12229e-01

 7.37400e-03 -1.11995e-01
 6.36198e-03 -1.12059e-01
 8.60070e-03 -1.13168e-01
 8.44171e-03 -1.10675e-01
 6.36198e-03 -1.12059e-01

 1.22723e-02 -1.11537e-01
 1.09971e-02 -1.11672e-01
 1.32809e-02 -1.12685e-01
 1.30162e-02 -1.10201e-01
 1.09971e-02 -1.11672e-01

 1.71443e-02 -1.10855e-01
 1.51130e-02 -1.11159e-01
 1.74377e-02 -1.12074e-01
 1.70678e-02 -1.09603e-01
 1.51130e-02 -1.11159e-01

 2.19798e-02 -1.09951e-01
 1.95072e-02 -1.10429e-01
 2.18686e-02 -1.11245e-01
 2.13943e-02 -1.08792e-01
 1.95072e-02 -1.10429e-01

 2.67687e-02 -1.08827e-01
 2.37854e-02 -1.09536e-01
 2.61794e-02 -1.10251e-01
 2.56013e-02 -1.07820e-01
 2.37854e-02 -1.09536e-01

 2.49946e-03 -1.06791e-01
 2.49946e-03 -1.06210e-01
 1.25030e-03 -1.08374e-01
 3.74862e-03 -1.08374e-01
 2.49946e-03 -1.06210e-01

 7.49085e-03 -1.06504e-01
 4.66649e-03 -1.05923e-01
 6.53365e-03 -1.07582e-01
 7.03761e-03 -1.05136e-01
 4.66649e-03 -1.05923e-01

 1.24603e-02 -1.05957e-01
 8.85251e-03 -1.05677e-01
 1.09128e-02 -1.07090e-01
 1.11065e-02 -1.04599e-01
 8.85251e-03 -1.05677e-01

 1.73943e-02 -1.05152e-01
 1.21323e-02 -1.05126e-01
 1.42899e-02 -1.06386e-01
 1.43020e-02 -1.03887e-01
 1.21323e-02 -1.05126e-01

 2.22792e-02 -1.04089e-01
 1.62538e-02 -1.04751e-01
 1.85408e-02 -1.05756e-01
 1.82681e-02 -1.03273e-01
 1.62538e-02 -1.04751e-01

 2.71017e-02 -1.02773e-01
 2.03725e-02 -1.04074e-01
 2.27339e-02 -1.04890e-01
 2.22596e-02 -1.02437e-01
 2.03725e-02 -1.04074e-01

 2.54072e-03 -1.01354e-01
 2.54072e-03 -9.80783e-02
 1.29156e-03 -1.00242e-01
 3.78988e-03 -1.00242e-01
 2.54072e-03 -9.80783e-02

 7.61220e-03 -1.01016e-01
 3.53968e-03 -9.77247e-02
 4.43710e-03 -1.00056e-01
 6.00759e-03 -9.81133e-02
 3.53968e-03 -9.77247e-02

 1.26550e-02 -1.00382e-01
 7.38301e-03 -9.82957e-02
 8.93528e-03 -1.00253e-01
 9.85446e-03 -9.79302e-02
 7.38301e-03 -9.82957e-02

 1.76516e-02 -9.94515e-02
 1.01329e-02 -9.82433e-02
 1.20709e-02 -9.98200e-02
 1.24673e-02 -9.73533e-02
 1.01329e-02 -9.82433e-02

 2.25847e-02 -9.82294e-02
 1.42493e-02 -9.86189e-02
 1.64688e-02 -9.97657e-02
 1.63522e-02 -9.72701e-02
 1.42493e-02 -9.86189e-02

 2.74372e-02 -9.67195e-02
 1.82800e-02 -9.82403e-02
 2.06191e-02 -9.91181e-02
 2.02098e-02 -9.66536e-02
 1.82800e-02 -9.82403e-02

 2.58357e-03 -9.59181e-02
 2.58357e-03 -9.12745e-02
 1.33441e-03 -9.34381e-02
 3.83273e-03 -9.34381e-02
 2.58357e-03 -9.12745e-02

 7.73804e-03 -9.55317e-02
 2.38463e-03 -9.04124e-02
 3.08501e-03 -9.28105e-02
 4.81167e-03 -9.10049e-02
 2.38463e-03 -9.04124e-02

 1.28562e-02 -9.48095e-02
 6.03826e-03 -9.14418e-02
 7.42490e-03 -9.35200e-02
 8.53134e-03 -9.12800e-02
 6.03826e-03 -9.14418e-02

 1.79161e-02 -9.37548e-02
 8.57013e-03 -9.17643e-02
 1.04261e-02 -9.34368e-02
 1.09465e-02 -9.09932e-02
 8.57013e-03 -9.17643e-02

 2.28962e-02 -9.23719e-02
 1.28651e-02 -9.27364e-02
 1.50727e-02 -9.39061e-02
 1.49820e-02 -9.14095e-02
 1.28651e-02 -9.27364e-02

 2.77751e-02 -9.06670e-02
 1.68884e-02 -9.24485e-02
 1.92253e-02 -9.33319e-02
 1.88218e-02 -9.08663e-02
 1.68884e-02 -9.24485e-02

 2.62800e-03 -9.04836e-02
 2.62800e-03 -8.14137e-02
 1.37883e-03 -8.35773e-02
 3.87716e-03 -8.35773e-02
 2.62800e-03 -8.14137e-02

 7.86837e-03 -9.00500e-02
 1.87888e-03 -8.05623e-02
 1.97758e-03 -8.30587e-02
 4.09015e-03 -8.17251e-02
 1.87888e-03 -8.05623e-02

 1.30640e-02 -8.92412e-02
 5.61747e-03 -8.32429e-02
 6.51882e-03 -8.55730e-02
 8.08604e-03 -8.36274e-02
 5.61747e-03 -8.32429e-02

 1.81879e-02 -8.80613e-02
 8.28459e-03 -8.45375e-02
 9.90424e-03 -8.64397e-02
 1.07418e-02 -8.40859e-02
 8.28459e-03 -8.45375e-02

 2.32138e-02 -8.65167e-02
 1.27268e-02 -8.63156e-02
 1.48661e-02 -8.76060e-02
 1.49140e-02 -8.51082e-02
 1.27268e-02 -8.63156e-02

 2.81154e-02 -8.46152e-02
 1.67733e-02 -8.61481e-02
 1.90847e-02 -8.70962e-02
 1.87501e-02 -8.46204e-02
 1.67733e-02 -8.61481e-02

 2.67399e-03 -8.50504e-02
 2.67399e-03 -7.43873e-02
 1.42483e-03 -7.65509e-02
 3.92316e-03 -7.65509e-02
 2.67399e-03 -7.43873e-02

 8.00317e-03 -8.45714e-02
 2.26452e-03 -7.29045e-02
 2.09857e-03 -7.53973e-02
 4.34037e-03 -7.42946e-02
 2.26452e-03 -7.29045e-02

 1.32784e-02 -8.36765e-02
 6.21560e-03 -7.64631e-02
 6.83671e-03 -7.88830e-02
 8.62184e-03 -7.71351e-02
 6.21560e-03 -7.64631e-02

 1.84671e-02 -8.23712e-02
 9.16586e-03 -7.80111e-02
 1.05947e-02 -8.00605e-02
 1.16551e-02 -7.77984e-02
 9.16586e-03 -7.80111e-02

 2.35375e-02 -8.06635e-02
 1.38183e-02 -7.98656e-02
 1.58724e-02 -8.12876e-02
 1.60768e-02 -7.87977e-02
 1.38183e-02 -7.98656e-02

 2.84583e-02 -7.85641e-02
 1.80623e-02 -7.95171e-02
 2.03309e-02 -8.05635e-02
 2.01028e-02 -7.80756e-02
 1.80623e-02 -7.95171e-02

 2.72155e-03 -7.96185e-02
 2.72155e-03 -6.44972e-02
 1.47239e-03 -6.66608e-02
 3.97072e-03 -6.66608e-02
 2.72155e-03 -6.44972e-02

 8.14243e-03 -7.90961e-02
 3.79560e-03 -6.31258e-02
 3.15851e-03 -6.55415e-02
 5.56913e-03 -6.48854e-02
 3.79560e-03 -6.31258e-02

 1.34994e-02 -7.81157e-02
 8.14995e-03 -6.80089e-02
 8.05805e-03 -7.05056e-02
 1.02661e-02 -6.93368e-02
 8.14995e-03 -6.80089e-02

 1.87537e-02 -7.66844e-02
 1.19740e-02 -7.02367e-02
 1.26809e-02 -7.26329e-02
 1.44026e-02 -7.08225e-02
 1.19740e-02 -7.02367e-02

 2.38674e-02 -7.48125e-02
 1.70315e-02 -7.23985e-02
 1.86557e-02 -7.42968e-02
 1.94876e-02 -7.19411e-02
 1.70315e-02 -7.23985e-02

 2.88037e-02 -7.25137e-02
 2.18057e-02 -7.18325e-02
 2.38381e-02 -7.32854e-02
 2.40801e-02 -7.07989e-02
 2.18057e-02 -7.18325e-02

 2.77066e-03 -7.41880e-02
 2.77066e-03 -5.93784e-02
 1.52150e-03 -6.15420e-02
 4.01982e-03 -6.15420e-02
 2.77066e-03 -5.93784e-02

 8.28615e-03 -7.36240e-02
 6.45215e-03 -5.69582e-02
 5.44715e-03 -5.92455e-02
 7.93049e-03 -5.89722e-02
 6.45215e-03 -5.69582e-02

 1.37270e-02 -7.25587e-02
 1.15125e-02 -6.20188e-02
 1.07349e-02 -6.43930e-02
 1.31799e-02 -6.38793e-02
 1.15125e-02 -6.20188e-02

 1.90476e-02 -7.10008e-02
 1.63917e-02 -6.38272e-02
 1.59714e-02 -6.62899e-02
 1.83143e-02 -6.54225e-02
 1.63917e-02 -6.38272e-02

 2.42036e-02 -6.89636e-02
 2.20254e-02 -6.50557e-02
 2.19876e-02 -6.75538e-02
 2.41699e-02 -6.63374e-02
 2.20254e-02 -6.50557e-02

 2.91516e-02 -6.64640e-02
 2.73331e-02 -6.37898e-02
 2.75168e-02 -6.62814e-02
 2.95827e-02 -6.48765e-02
 2.73331e-02 -6.37898e-02

 2.82131e-03 -6.87588e-02
 2.82131e-03 -5.15094e-02
 1.57215e-03 -5.36730e-02
 4.07047e-03 -5.36730e-02
 2.82131e-03 -5.15094e-02

 8.43432e-03 -6.81554e-02
 1.04985e-02 -4.94102e-02
 9.02005e-03 -5.14241e-02
 1.15034e-02 -5.16975e-02
 1.04985e-02 -4.94102e-02

 1.39613e-02 -6.70056e-02
 1.66310e-02 -5.40478e-02
 1.49709e-02 -5.59149e-02
 1.74178e-02 -5.64190e-02
 1.66310e-02 -5.40478e-02

 1.93491e-02 -6.53207e-02
 2.32392e-02 -5.58598e-02
 2.12611e-02 -5.73858e-02
 2.35717e-02 -5.83359e-02
 2.32392e-02 -5.58598e-02

 2.45460e-02 -6.31167e-02
 2.93828e-02 -5.65481e-02
 2.70940e-02 -5.75497e-02
 2.91058e-02 -5.90311e-02
 2.93828e-02 -5.65481e-02

 2.95021e-02 -6.04150e-02
 3.54954e-02 -5.44118e-02
 3.30827e-02 -5.50604e-02
 3.48508e-02 -5.68255e-02
 3.54954e-02 -5.44118e-02

 2.87349e-03 -6.33311e-02
 2.87349e-03 -5.11008e-02
 1.62433e-03 -5.32644e-02
 4.12265e-03 -5.32644e-02
 2.87349e-03 -5.11008e-02

 8.58693e-03 -6.26901e-02
 1.49569e-02 -4.75593e-02
 1.29661e-02 -4.90687e-02
 1.52687e-02 -5.00381e-02
 1.49569e-02 -4.75593e-02

 1.42022e-02 -6.14566e-02
 2.25541e-02 -5.03885e-02
 2.02538e-02 -5.13631e-02
 2.22480e-02 -5.28680e-02
 2.25541e-02 -5.03885e-02

 1.96580e-02 -5.96439e-02
 3.08343e-02 -5.00873e-02
 2.83781e-02 -5.05440e-02
 3.00017e-02 -5.24428e-02
 3.08343e-02 -5.00873e-02

 2.48948e-02 -5.72719e-02
 3.73049e-02 -4.86202e-02
 3.48157e-02 -4.88328e-02
 3.62444e-02 -5.08823e-02
 3.73049e-02 -4.86202e-02

 2.98552e-02 -5.43666e-02
 4.33229e-02 -4.52529e-02
 4.08309e-02 -4.54310e-02
 4.22311e-02 -4.75001e-02
 4.33229e-02 -4.52529e-02

 2.92720e-03 -5.79048e-02
 2.92720e-03 -4.62845e-02
 1.67803e-03 -4.84482e-02
 4.17636e-03 -4.84482e-02
 2.92720e-03 -4.62845e-02

 8.74398e-03 -5.72284e-02
 1.98962e-02 -4.44972e-02
 1.75310e-02 -4.53016e-02
 1.94102e-02 -4.69478e-02
 1.98962e-02 -4.44972e-02

 1.44499e-02 -5.59116e-02
 2.91256e-02 -4.43139e-02
 2.66535e-02 -4.46753e-02
 2.82025e-02 -4.66354e-02
 2.91256e-02 -4.43139e-02

 1.99746e-02 -5.39705e-02
 3.86468e-02 -4.33831e-02
 3.61486e-02 -4.33636e-02
 3.73808e-02 -4.55369e-02
 3.86468e-02 -4.33831e-02

 2.52499e-02 -5.14291e-02
 4.42644e-02 -4.00150e-02
 4.17664e-02 -4.00575e-02
 4.30523e-02 -4.21995e-02
 4.42644e-02 -4.00150e-02

 3.02108e-02 -4.83188e-02
 5.02651e-02 -3.61314e-02
 4.77674e-02 -3.61876e-02
 4.90649e-02 -3.83226e-02
 5.02651e-02 -3.61314e-02

 2.98242e-03 -5.24799e-02
 3.02950e-03 -5.24771e-02
 7.94417e-04 -5.13608e-02
 9.45262e-04 -5.38546e-02
 3.02950e-03 -5.24771e-02

 8.90546e-03 -5.17703e-02
 1.91841e-02 -4.98867e-02
 1.68307e-02 -4.90480e-02
 1.72811e-02 -5.15054e-02
 1.91841e-02 -4.98867e-02

 1.47043e-02 -5.03707e-02
 2.68936e-02 -4.65722e-02
 2.44563e-02 -4.60233e-02
 2.51996e-02 -4.84085e-02
 2.68936e-02 -4.65722e-02

 2.02987e-02 -4.83004e-02
 3.60669e-02 -4.12037e-02
 3.35812e-02 -4.09526e-02
 3.46066e-02 -4.32308e-02
 3.60669e-02 -4.12037e-02

 2.56115e-02 -4.55882e-02
 3.99111e-02 -3.69438e-02
 3.74133e-02 -3.69941e-02
 3.87058e-02 -3.91321e-02
 3.99111e-02 -3.69438e-02

 3.05691e-02 -4.22715e-02
 4.58111e-02 -3.03303e-02
 4.33376e-02 -3.06813e-02
 4.48783e-02 -3.26480e-02
 4.58111e-02 -3.03303e-02

 3.62105e-02 -4.03946e-02
 5.44543e-02 -2.05192e-02
 5.20709e-02 -2.12684e-02
 5.39115e-02 -2.29579e-02
 5.44543e-02 -2.05192e-02

 3.59826e-02 -4.67171e-02
 5.37104e-02 -3.44848e-02
 5.12202e-02 -3.46855e-02
 5.26390e-02 -3.67418e-02
 5.37104e-02 -3.44848e-02

 3.57546e-02 -5.30396e-02
 4.69374e-02 -4.40499e-02
 4.44684e-02 -4.44319e-02
 4.60337e-02 -4.63791e-02
 4.69374e-02 -4.40499e-02

 3.55267e-02 -5.93621e-02
 3.91212e-02 -5.64668e-02
 3.66527e-02 -5.68512e-02
 3.82198e-02 -5.87969e-02
 3.91212e-02 -5.64668e-02

 3.52987e-02 -6.56846e-02
 3.12839e-02 -6.56005e-02
 3.34208e-02 -6.68947e-02
 3.34732e-02 -6.43969e-02
 3.12839e-02 -6.56005e-02

 3.50707e-02 -7.20071e-02
 2.63214e-02 -7.47633e-02
 2.87603e-02 -7.53047e-02
 2.80097e-02 -7.29218e-02
 2.63214e-02 -7.47633e-02

 3.48428e-02 -7.83296e-02
 2.33767e-02 -8.20162e-02
 2.58188e-02 -8.25431e-02
 2.50541e-02 -8.01647e-02
 2.33767e-02 -8.20162e-02

 3.46148e-02 -8.46521e-02
 2.28345e-02 -8.86520e-02
 2.52848e-02 -8.91392e-02
 2.44816e-02 -8.67735e-02
 2.28345e-02 -8.86520e-02

 3.43869e-02 -9.09746e-02
 2.36836e-02 -9.44143e-02
 2.61256e-02 -9.49416e-02
 2.53612e-02 -9.25631e-02
 2.36836e-02 -9.44143e-02

 3.41589e-02 -9.72971e-02
 2.56099e-02 -9.99911e-02
 2.80489e-02 -1.00532e-01
 2.72981e-02 -9.81494e-02
 2.56099e-02 -9.99911e-02

 3.39310e-02 -1.03620e-01
 2.84357e-02 -1.05308e-01
 3.08707e-02 -1.05866e-01
 3.01371e-02 -1.03478e-01
 2.84357e-02 -1.05308e-01

 3.25715e-02 -1.08703e-01
 3.05922e-02 -1.09355e-01
 3.30381e-02 -1.09864e-01
 3.22560e-02 -1.07491e-01
 3.05922e-02 -1.09355e-01

 4.27359e-02 -4.02461e-02
 5.77523e-02 -2.11387e-02
 5.54332e-02 -2.20680e-02
 5.73975e-02 -2.36117e-02
 5.77523e-02 -2.11387e-02

 4.27526e-02 -4.68905e-02
 5.29700e-02 -3.65412e-02
 5.05610e-02 -3.72033e-02
 5.23389e-02 -3.89585e-02
 5.29700e-02 -3.65412e-02

 4.27694e-02 -5.35349e-02
 4.69086e-02 -4.82709e-02
 4.45893e-02 -4.91996e-02
 4.65532e-02 -5.07438e-02
 4.69086e-02 -4.82709e-02

 4.27862e-02 -6.01793e-02
 3.98611e-02 -6.15338e-02
 4.23493e-02 -6.17582e-02
 4.12995e-02 -5.94911e-02
 3.98611e-02 -6.15338e-02

 4.28029e-02 -6.68237e-02
 3.43838e-02 -7.08787e-02
 3.68752e-02 -7.10653e-02
 3.57910e-02 -6.88144e-02
 3.43838e-02 -7.08787e-02

 4.28197e-02 -7.34681e-02
 3.11597e-02 -7.94545e-02
 3.36550e-02 -7.95776e-02
 3.25139e-02 -7.73551e-02
 3.11597e-02 -7.94545e-02

 4.28364e-02 -8.01124e-02
 3.04492e-02 -8.61884e-02
 3.29419e-02 -8.63571e-02
 3.18417e-02 -8.41141e-02
 3.04492e-02 -8.61884e-02

 4.28532e-02 -8.67568e-02
 3.16247e-02 -9.20665e-02
 3.41147e-02 -9.22709e-02
 3.30467e-02 -9.00123e-02
 3.16247e-02 -9.20665e-02

 4.28699e-02 -9.34012e-02
 3.38852e-02 -9.73641e-02
 3.63689e-02 -9.76339e-02
 3.53607e-02 -9.53480e-02
 3.38852e-02 -9.73641e-02

 4.28867e-02 -1.00046e-01
 3.70394e-02 -1.02436e-01
 3.95148e-02 -1.02774e-01
 3.85694e-02 -1.00461e-01
 3.70394e-02 -1.02436e-01

 4.17449e-02 -1.05468e-01
 3.94093e-02 -1.06465e-01
 4.18895e-02 -1.06765e-01
 4.09090e-02 -1.04467e-01
 3.94093e-02 -1.06465e-01

 4.92708e-02 -4.00910e-02
 5.65876e-02 -2.68944e-02
 5.44460e-02 -2.81809e-02
 5.66309e-02 -2.93923e-02
 5.65876e-02 -2.68944e-02

 4.95512e-02 -4.70442e-02
 5.24605e-02 -4.23728e-02
 5.02564e-02 -4.35490e-02
 5.23771e-02 -4.48698e-02
 5.24605e-02 -4.23728e-02

 4.98317e-02 -5.39974e-02
 4.73151e-02 -5.50698e-02
 4.97953e-02 -5.53707e-02
 4.88158e-02 -5.30724e-02
 4.73151e-02 -5.50698e-02

 5.01122e-02 -6.09505e-02
 4.21053e-02 -6.70277e-02
 4.45839e-02 -6.67146e-02
 4.30735e-02 -6.47246e-02
 4.21053e-02 -6.70277e-02

 5.03927e-02 -6.79037e-02
 3.91372e-02 -7.59400e-02
 4.16239e-02 -7.56994e-02
 4.01722e-02 -7.36662e-02
 3.91372e-02 -7.59400e-02

 5.06731e-02 -7.48568e-02
 3.82879e-02 -8.34341e-02
 4.07778e-02 -8.32292e-02
 3.93555e-02 -8.11753e-02
 3.82879e-02 -8.34341e-02

 5.09536e-02 -8.18100e-02
 3.96877e-02 -8.91753e-02
 4.21822e-02 -8.90369e-02
 4.08151e-02 -8.69458e-02
 3.96877e-02 -8.91753e-02

 5.12341e-02 -8.87631e-02
 4.23725e-02 -9.42989e-02
 4.48693e-02 -9.42120e-02
 4.35457e-02 -9.20932e-02
 4.23725e-02 -9.42989e-02

 5.15146e-02 -9.57163e-02
 4.59023e-02 -9.90588e-02
 4.84004e-02 -9.90249e-02
 4.71220e-02 -9.68784e-02
 4.59023e-02 -9.90588e-02

 5.06129e-02 -1.01466e-01
 4.81796e-02 -1.02758e-01
 5.06764e-02 -1.02847e-01
 4.95046e-02 -1.00640e-01
 4.81796e-02 -1.02758e-01

 5.58147e-02 -3.99288e-02
 5.55422e-02 -3.62138e-02
 5.44547e-02 -3.84630e-02
 5.69463e-02 -3.82802e-02
 5.55422e-02 -3.62138e-02

 5.63771e-02 -4.71764e-02
 5.28857e-02 -5.01469e-02
 5.53430e-02 -4.96963e-02
 5.37241e-02 -4.77934e-02
 5.28857e-02 -5.01469e-02

 5.69395e-02 -5.44239e-02
 4.95467e-02 -6.22072e-02
 5.19424e-02 -6.14987e-02
 5.01310e-02 -5.97782e-02
 4.95467e-02 -6.22072e-02

 5.75018e-02 -6.16715e-02
 4.67046e-02 -7.19736e-02
 4.91323e-02 -7.13838e-02
 4.74076e-02 -6.95762e-02
 4.67046e-02 -7.19736e-02

 5.80642e-02 -6.89191e-02
 4.60653e-02 -7.93631e-02
 4.85174e-02 -7.88848e-02
 4.68771e-02 -7.70003e-02
 4.60653e-02 -7.93631e-02

 5.86266e-02 -7.61666e-02
 4.74698e-02 -8.51956e-02
 4.99375e-02 -8.48055e-02
 4.83658e-02 -8.28635e-02
 4.74698e-02 -8.51956e-02

 5.91890e-02 -8.34142e-02
 5.04985e-02 -8.98796e-02
 5.29801e-02 -8.95904e-02
 5.14888e-02 -8.75859e-02
 5.04985e-02 -8.98796e-02

 5.97513e-02 -9.06618e-02
 5.43287e-02 -9.44313e-02
 5.68183e-02 -9.42220e-02
 5.53923e-02 -9.21706e-02
 5.43287e-02 -9.44313e-02

 5.91113e-02 -9.67234e-02
 5.68856e-02 -9.81598e-02
 5.93809e-02 -9.80362e-02
 5.80261e-02 -9.59370e-02
 5.68856e-02 -9.81598e-02

 6.23673e-02 -3.97588e-02
 5.74366e-02 -4.52813e-02
 5.98094e-02 -4.44993e-02
 5.79458e-02 -4.28354e-02
 5.74366e-02 -4.52813e-02

 6.32289e-02 -4.72853e-02
 5.60057e-02 -5.70894e-02
 5.82947e-02 -5.60885e-02
 5.62833e-02 -5.46066e-02
 5.60057e-02 -5.70894e-02

 6.40904e-02 -5.48117e-02
 5.44766e-02 -6.67475e-02
 5.68066e-02 -6.58461e-02
 5.48610e-02 -6.42789e-02
 5.44766e-02 -6.67475e-02

 6.49519e-02 -6.23382e-02
 5.39511e-02 -7.45280e-02
 5.63280e-02 -7.37587e-02
 5.44733e-02 -7.20849e-02
 5.39511e-02 -7.45280e-02

 6.58135e-02 -6.98647e-02
 5.53960e-02 -8.03461e-02
 5.78072e-02 -7.96921e-02
 5.60352e-02 -7.79310e-02
 5.53960e-02 -8.03461e-02

 6.66750e-02 -7.73911e-02
 5.84545e-02 -8.50493e-02
 6.08891e-02 -8.44885e-02
 5.91861e-02 -8.26605e-02
 5.84545e-02 -8.50493e-02

 6.75366e-02 -8.49176e-02
 6.25312e-02 -8.93074e-02
 6.49815e-02 -8.88200e-02
 6.33342e-02 -8.69417e-02
 6.25312e-02 -8.93074e-02

 6.71786e-02 -9.12750e-02
 6.50504e-02 -9.29200e-02
 6.75262e-02 -9.25852e-02
 6.59983e-02 -9.06085e-02
 6.50504e-02 -9.29200e-02

 6.89281e-02 -3.95805e-02
 6.20212e-02 -5.09503e-02
 6.42121e-02 -4.97497e-02
 6.20769e-02 -4.84526e-02
 6.20212e-02 -5.09503e-02

 7.01050e-02 -4.73692e-02
 6.15820e-02 -6.03643e-02
 6.38131e-02 -5.92401e-02
 6.17241e-02 -5.78700e-02
 6.15820e-02 -6.03643e-02

 7.12820e-02 -5.51580e-02
 6.15915e-02 -6.82672e-02
 6.38822e-02 -6.72699e-02
 6.18731e-02 -6.57848e-02
 6.15915e-02 -6.82672e-02

 7.24590e-02 -6.29467e-02
 6.28102e-02 -7.45499e-02
 6.51541e-02 -7.36850e-02
 6.32331e-02 -7.20877e-02
 6.28102e-02 -7.45499e-02

 7.36360e-02 -7.07355e-02
 6.58430e-02 -7.92682e-02
 6.82244e-02 -7.85131e-02
 6.63797e-02 -7.68282e-02
 6.58430e-02 -7.92682e-02

 7.48130e-02 -7.85242e-02
 7.00534e-02 -8.33305e-02
 7.24634e-02 -8.26721e-02
 7.06882e-02 -8.09142e-02
 7.00534e-02 -8.33305e-02

 7.47565e-02 -8.51596e-02
 7.28649e-02 -8.68971e-02
 7.53033e-02 -8.63535e-02
 7.36133e-02 -8.45135e-02
 7.28649e-02 -8.68971e-02

 7.54964e-02 -3.93933e-02
 6.80014e-02 -5.29030e-02
 7.01434e-02 -5.16171e-02
 6.79587e-02 -5.04051e-02
 6.80014e-02 -5.29030e-02

 7.70041e-02 -4.74267e-02
 6.84915e-02 -6.11078e-02
 7.06952e-02 -5.99307e-02
 6.85739e-02 -5.86108e-02
 6.84915e-02 -6.11078e-02

 7.85117e-02 -5.54601e-02
 6.98235e-02 -6.78340e-02
 7.20891e-02 -6.67811e-02
 7.00445e-02 -6.53455e-02
 6.98235e-02 -6.78340e-02

 8.00193e-02 -6.34934e-02
 7.27360e-02 -7.29481e-02
 7.50459e-02 -7.19964e-02
 7.30668e-02 -7.04718e-02
 7.27360e-02 -7.29481e-02

 8.15270e-02 -7.15268e-02
 7.70880e-02 -7.68600e-02
 7.94322e-02 -7.59962e-02
 7.75120e-02 -7.43979e-02
 7.70880e-02 -7.68600e-02

 8.17899e-02 -7.84212e-02
 8.00714e-02 -8.02922e-02
 8.24550e-02 -7.95437e-02
 8.06150e-02 -7.78537e-02
 8.00714e-02 -8.02922e-02

 8.20718e-02 -3.91969e-02
 7.46805e-02 -5.31253e-02
 7.67981e-02 -5.17996e-02
 7.45913e-02 -5.06285e-02
 7.46805e-02 -5.31253e-02

 8.39242e-02 -4.74562e-02
 7.61189e-02 -6.04580e-02
 7.83035e-02 -5.92459e-02
 7.61615e-02 -5.79600e-02
 7.61189e-02 -6.04580e-02

 8.57766e-02 -5.57156e-02
 7.90211e-02 -6.59485e-02
 8.12556e-02 -6.48311e-02
 7.91707e-02 -6.34546e-02
 7.90211e-02 -6.59485e-02

 8.76290e-02 -6.39750e-02
 8.33548e-02 -6.98680e-02
 8.56363e-02 -6.88500e-02
 8.36139e-02 -6.73831e-02
 8.33548e-02 -6.98680e-02

 8.82279e-02 -7.11080e-02
 8.66811e-02 -7.31092e-02
 8.89926e-02 -7.21614e-02
 8.70159e-02 -7.06335e-02
 8.66811e-02 -7.31092e-02

 8.86536e-02 -3.89906e-02
 8.17885e-02 -5.25813e-02
 8.38790e-02 -5.12133e-02
 8.16490e-02 -5.00869e-02
 8.17885e-02 -5.25813e-02

 9.08637e-02 -4.74565e-02
 8.46368e-02 -5.86425e-02
 8.67806e-02 -5.73596e-02
 8.45977e-02 -5.61445e-02
 8.46368e-02 -5.86425e-02

 9.30737e-02 -5.59224e-02
 8.89907e-02 -6.25144e-02
 9.11919e-02 -6.13328e-02
 8.90680e-02 -6.00173e-02
 8.89907e-02 -6.25144e-02

 9.40239e-02 -6.32726e-02
 9.25629e-02 -6.55364e-02
 9.47857e-02 -6.43959e-02
 9.26866e-02 -6.30411e-02
 9.25629e-02 -6.55364e-02

 9.52413e-02 -3.87743e-02
 8.97010e-02 -5.08539e-02
 9.17384e-02 -4.94081e-02
 8.94675e-02 -4.83665e-02
 8.97010e-02 -5.08539e-02

 9.78206e-02 -4.74263e-02
 9.39502e-02 -5.48323e-02
 9.60594e-02 -5.34934e-02
 9.38452e-02 -5.23362e-02
 9.39502e-02 -5.48323e-02

 9.91357e-02 -5.49712e-02
 9.77879e-02 -5.75090e-02
 9.99059e-02 -5.61841e-02
 9.76995e-02 -5.50123e-02
 9.77879e-02 -5.75090e-02

 1.01834e-01 -3.85474e-02
 9.84199e-02 -4.68356e-02
 1.00399e-01 -4.53109e-02
 9.80890e-02 -4.43593e-02
 9.84199e-02 -4.68356e-02

 1.03526e-01 -4.62635e-02
 1.02242e-01 -4.92722e-02
 1.04240e-01 -4.77725e-02
 1.01943e-01 -4.67920e-02
 1.02242e-01 -4.92722e-02

 1.07163e-01 -3.72121e-02
 1.06134e-01 -4.03357e-02
 1.07997e-01 -3.86719e-02
 1.05625e-01 -3.78898e-02
 1.06134e-01 -4.03357e-02

 1.07478e-01 -3.14796e-02
 1.05976e-01 -3.67828e-02
 1.07767e-01 -3.50414e-02
 1.05364e-01 -3.43607e-02
 1.05976e-01 -3.67828e-02

 1.08809e-01 -2.67494e-02
 1.07460e-01 -3.24238e-02
 1.09176e-01 -3.06080e-02
 1.06745e-01 -3.00299e-02
 1.07460e-01 -3.24238e-02

 1.09924e-01 -2.19630e-02
 1.08770e-01 -2.79277e-02
 1.10407e-01 -2.60407e-02
 1.07954e-01 -2.55663e-02
 1.08770e-01 -2.79277e-02

 1.10818e-01 -1.71304e-02
 1.09880e-01 -2.33992e-02
 1.11435e-01 -2.14443e-02
 1.08964e-01 -2.10745e-02
 1.09880e-01 -2.33992e-02

 1.11490e-01 -1.22618e-02
 1.10791e-01 -1.88256e-02
 1.12262e-01 -1.68065e-02
 1.09778e-01 -1.65419e-02
 1.10791e-01 -1.88256e-02

 1.11939e-01 -7.36740e-03
 1.11503e-01 -1.42068e-02
 1.12887e-01 -1.21271e-02
 1.10394e-01 -1.19681e-02
 1.11503e-01 -1.42068e-02

 1.12164e-01 -2.45752e-03
 1.12013e-01 -9.55301e-03
 1.13308e-01 -7.41640e-03
 1.10810e-01 -7.36337e-03
 1.12013e-01 -9.55301e-03

 1.12164e-01  2.45752e-03
 1.12319e-01 -4.85907e-03
 1.13522e-01 -2.66943e-03
 1.11025e-01 -2.72246e-03
 1.12319e-01 -4.85907e-03

 1.11939e-01  7.36740e-03
 1.12418e-01 -1.33324e-04
 1.13527e-01  2.10540e-03
 1.11033e-01  1.94641e-03
 1.12418e-01 -1.33324e-04

 1.11490e-01  1.22618e-02
 1.12303e-01  4.63565e-03
 1.13316e-01  6.91941e-03
 1.10831e-01  6.65475e-03
 1.12303e-01  4.63565e-03

 1.10818e-01  1.71304e-02
 1.11971e-01  9.42730e-03
 1.12886e-01  1.17520e-02
 1.10415e-01  1.13821e-02
 1.11971e-01  9.42730e-03

 1.09924e-01  2.19630e-02
 1.11410e-01  1.42801e-02
 1.12225e-01  1.66416e-02
 1.09772e-01  1.61672e-02
 1.11410e-01  1.42801e-02

 1.08809e-01  2.67494e-02
 1.10627e-01  1.91063e-02
 1.11342e-01  2.15002e-02
 1.08911e-01  2.09221e-02
 1.10627e-01  1.91063e-02

 1.07478e-01  3.14796e-02
 1.09577e-01  2.40648e-02
 1.10190e-01  2.64869e-02
 1.07786e-01  2.58062e-02
 1.09577e-01  2.40648e-02

 1.01186e-01 -3.17882e-02
 9.71475e-02 -4.32518e-02
 9.90446e-02 -4.16261e-02
 9.66882e-02 -4.07960e-02
 9.71475e-02 -4.32518e-02

 1.02724e-01 -2.70467e-02
 9.90980e-02 -3.89599e-02
 1.00923e-01 -3.72537e-02
 9.85328e-02 -3.65264e-02
 9.90980e-02 -3.89599e-02

 1.04012e-01 -2.22310e-02
 1.00882e-01 -3.45894e-02
 1.02624e-01 -3.27988e-02
 1.00202e-01 -3.21853e-02
 1.00882e-01 -3.45894e-02

 1.05047e-01 -1.73543e-02
 1.02434e-01 -3.00975e-02
 1.04092e-01 -2.82289e-02
 1.01645e-01 -2.77271e-02
 1.02434e-01 -3.00975e-02

 1.05825e-01 -1.24300e-02
 1.03776e-01 -2.55215e-02
 1.05344e-01 -2.35771e-02
 1.02876e-01 -2.31907e-02
 1.03776e-01 -2.55215e-02

 1.06345e-01 -7.47169e-03
 1.04893e-01 -2.08427e-02
 1.06368e-01 -1.88267e-02
 1.03884e-01 -1.85568e-02
 1.04893e-01 -2.08427e-02

 1.06606e-01 -2.49284e-03
 1.05783e-01 -1.60860e-02
 1.07161e-01 -1.40018e-02
 1.04667e-01 -1.38509e-02
 1.05783e-01 -1.60860e-02

 1.06606e-01  2.49284e-03
 1.06445e-01 -1.12444e-02
 1.07720e-01 -9.09559e-03
 1.05222e-01 -9.06637e-03
 1.06445e-01 -1.12444e-02

 1.06345e-01  7.47169e-03
 1.06874e-01 -6.34180e-03
 1.08039e-01 -4.13204e-03
 1.05543e-01 -4.22750e-03
 1.06874e-01 -6.34180e-03

 1.05825e-01  1.24300e-02
 1.07067e-01 -1.37695e-03
 1.08118e-01  8.89882e-04
 1.05629e-01  6.66029e-04
 1.07067e-01 -1.37695e-03

 1.05047e-01  1.73543e-02
 1.07025e-01  3.60877e-03
 1.07953e-01  5.92824e-03
 1.05480e-01  5.57240e-03
 1.07025e-01  3.60877e-03

 1.04012e-01  2.22310e-02
 1.06730e-01  8.62984e-03
 1.07531e-01  1.09963e-02
 1.05081e-01  1.05067e-02
 1.06730e-01  8.62984e-03

 1.02724e-01  2.70467e-02
 1.06192e-01  1.35770e-02
 1.06862e-01  1.59837e-02
 1.04443e-01  1.53608e-02
 1.06192e-01  1.35770e-02

 1.01186e-01  3.17882e-02
 1.05313e-01  1.85576e-02
 1.05861e-01  2.09950e-02
 1.03476e-01  2.02510e-02
 1.05313e-01  1.85576e-02

 9.48956e-02 -3.21001e-02
 8.93269e-02 -4.58170e-02
 9.12981e-02 -4.42821e-02
 8.89833e-02 -4.33424e-02
 8.93269e-02 -4.58170e-02

 9.66440e-02 -2.73523e-02
 9.17863e-02 -4.14789e-02
 9.36711e-02 -3.98391e-02
 9.13086e-02 -3.90266e-02
 9.17863e-02 -4.14789e-02

 9.81104e-02 -2.25097e-02
 9.39865e-02 -3.70012e-02
 9.57801e-02 -3.52622e-02
 9.33772e-02 -3.45783e-02
 9.39865e-02 -3.70012e-02

 9.92898e-02 -1.75890e-02
 9.59313e-02 -3.23529e-02
 9.76292e-02 -3.05202e-02
 9.51931e-02 -2.99661e-02
 9.59313e-02 -3.23529e-02

 1.00178e-01 -1.26073e-02
 9.76161e-02 -2.75870e-02
 9.92121e-02 -2.56650e-02
 9.67495e-02 -2.52438e-02
 9.76161e-02 -2.75870e-02

 1.00772e-01 -7.58193e-03
 9.90283e-02 -2.26868e-02
 1.00517e-01 -2.06807e-02
 9.80354e-02 -2.03942e-02
 9.90283e-02 -2.26868e-02

 1.01069e-01 -2.53024e-03
 1.00157e-01 -1.76946e-02
 1.01534e-01 -1.56098e-02
 9.90401e-02 -1.54599e-02
 1.00157e-01 -1.76946e-02

 1.01069e-01  2.53024e-03
 1.00997e-01 -1.26166e-02
 1.02257e-01 -1.04589e-02
 9.97585e-02 -1.04471e-02
 1.00997e-01 -1.26166e-02

 1.00772e-01  7.58193e-03
 1.01536e-01 -7.49546e-03
 1.02674e-01 -5.27135e-03
 1.00179e-01 -5.39790e-03
 1.01536e-01 -7.49546e-03

 1.00178e-01  1.26073e-02
 1.01773e-01 -2.35663e-03
 1.02786e-01 -7.28046e-05
 1.00301e-01 -3.37613e-04
 1.01773e-01 -2.35663e-03

 9.92898e-02  1.75890e-02
 1.01703e-01  2.74722e-03
 1.02589e-01  5.08327e-03
 1.00123e-01  4.68230e-03
 1.01703e-01  2.74722e-03

 9.81104e-02  2.25097e-02
 1.01314e-01  7.78658e-03
 1.02074e-01  1.01663e-02
 9.96332e-02  9.63516e-03
 1.01314e-01  7.78658e-03

 9.66440e-02  2.73523e-02
 1.00621e-01  1.26982e-02
 1.01260e-01  1.51134e-02
 9.88491e-02  1.44590e-02
 1.00621e-01  1.26982e-02

 9.48956e-02  3.21001e-02
 9.95745e-02  1.74802e-02
 1.00105e-01  1.99216e-02
 9.77253e-02  1.91601e-02
 9.95745e-02  1.74802e-02

 8.86078e-02 -3.24155e-02
 8.23658e-02 -4.66909e-02
 8.43771e-02 -4.52090e-02
 8.20881e-02 -4.42081e-02
 8.23658e-02 -4.66909e-02

 9.05712e-02 -2.76667e-02
 8.51750e-02 -4.22839e-02
 8.70962e-02 -4.06868e-02
 8.47525e-02 -3.98216e-02
 8.51750e-02 -4.22839e-02

 9.22203e-02 -2.27996e-02
 8.76981e-02 -3.76777e-02
 8.95225e-02 -3.59708e-02
 8.71322e-02 -3.52443e-02
 8.76981e-02 -3.76777e-02

 9.35483e-02 -1.78350e-02
 8.99000e-02 -3.29024e-02
 9.16232e-02 -3.10935e-02
 8.91950e-02 -3.05056e-02
 8.99000e-02 -3.29024e-02

 9.45492e-02 -1.27941e-02
 9.17918e-02 -2.79859e-02
 9.34073e-02 -2.60801e-02
 9.09491e-02 -2.56340e-02
 9.17918e-02 -2.79859e-02

 9.52189e-02 -7.69840e-03
 9.33550e-02 -2.29314e-02
 9.48577e-02 -2.09356e-02
 9.23778e-02 -2.06321e-02
 9.33550e-02 -2.29314e-02

 9.55545e-02 -2.56980e-03
 9.45729e-02 -1.77943e-02
 9.59587e-02 -1.57156e-02
 9.34656e-02 -1.55548e-02
 9.45729e-02 -1.77943e-02

 9.55545e-02  2.56980e-03
 9.54476e-02 -1.25943e-02
 9.67120e-02 -1.04395e-02
 9.42138e-02 -1.04219e-02
 9.54476e-02 -1.25943e-02

 9.52189e-02  7.69840e-03
 9.59602e-02 -7.38848e-03
 9.71017e-02 -5.16617e-03
 9.46064e-02 -5.28878e-03
 9.59602e-02 -7.38848e-03

 9.45492e-02  1.27941e-02
 9.61211e-02 -2.21511e-03
 9.71381e-02  6.68403e-05
 9.46534e-02 -1.93379e-04
 9.61211e-02 -2.21511e-03

 9.35483e-02  1.78350e-02
 9.59279e-02  2.87329e-03
 9.68217e-02  5.20625e-03
 9.43544e-02  4.81383e-03
 9.59279e-02  2.87329e-03

 9.22203e-02  2.27996e-02
 9.53780e-02  7.84592e-03
 9.61532e-02  1.02209e-02
 9.37087e-02  9.70476e-03
 9.53780e-02  7.84592e-03

 9.05712e-02  2.76667e-02
 9.44980e-02  1.26638e-02
 9.51586e-02  1.50732e-02
 9.27417e-02  1.44406e-02
 9.44980e-02  1.26638e-02

 8.86078e-02  3.24155e-02
 9.32562e-02  1.73578e-02
 9.38116e-02  1.97937e-02
 9.14244e-02  1.90567e-02
 9.32562e-02  1.73578e-02

 8.23223e-02 -3.27344e-02
 7.56872e-02 -4.68902e-02
 7.77366e-02 -4.54612e-02
 7.54744e-02 -4.44009e-02
 7.56872e-02 -4.68902e-02

 8.45051e-02 -2.79902e-02
 7.86995e-02 -4.24945e-02
 8.06633e-02 -4.09500e-02
 7.83438e-02 -4.00216e-02
 7.86995e-02 -4.24945e-02

 8.63418e-02 -2.31013e-02
 8.14763e-02 -3.79031e-02
 8.33386e-02 -3.62377e-02
 8.09652e-02 -3.54576e-02
 8.14763e-02 -3.79031e-02

 8.78227e-02 -1.80928e-02
 8.39048e-02 -3.31272e-02
 8.56592e-02 -3.13485e-02
 8.32416e-02 -3.07185e-02
 8.39048e-02 -3.31272e-02

 8.89402e-02 -1.29907e-02
 8.60051e-02 -2.81947e-02
 8.76417e-02 -2.63071e-02
 8.51887e-02 -2.58336e-02
 8.60051e-02 -2.81947e-02

 8.96884e-02 -7.82140e-03
 8.77279e-02 -2.31274e-02
 8.92418e-02 -2.11400e-02
 8.67637e-02 -2.08226e-02
 8.77279e-02 -2.31274e-02

 9.00635e-02 -2.61164e-03
 8.90539e-02 -1.79738e-02
 9.04422e-02 -1.58968e-02
 8.79493e-02 -1.57330e-02
 8.90539e-02 -1.79738e-02

 9.00635e-02  2.61164e-03
 8.99830e-02 -1.27710e-02
 9.12434e-02 -1.06140e-02
 8.87451e-02 -1.06009e-02
 8.99830e-02 -1.27710e-02

 8.96884e-02  7.82140e-03
 9.04836e-02 -7.57453e-03
 9.16195e-02 -5.34936e-03
 8.91245e-02 -5.47823e-03
 9.04836e-02 -7.57453e-03

 8.89402e-02  1.29907e-02
 9.05811e-02 -2.43172e-03
 9.15944e-02 -1.48082e-04
 8.91101e-02 -4.12416e-04
 9.05811e-02 -2.43172e-03

 8.78227e-02  1.80928e-02
 9.02627e-02  2.62390e-03
 9.11595e-02  4.95572e-03
 8.86916e-02  4.56646e-03
 9.02627e-02  2.62390e-03

 8.63418e-02  2.31013e-02
 8.95521e-02  7.56017e-03
 9.03378e-02  9.93176e-03
 8.78911e-02  9.42634e-03
 8.95521e-02  7.56017e-03

 8.45051e-02  2.79902e-02
 8.84722e-02  1.23989e-02
 8.91493e-02  1.48038e-02
 8.67281e-02  1.41877e-02
 8.84722e-02  1.23989e-02

 8.23223e-02  3.27344e-02
 8.70439e-02  1.71389e-02
 8.76125e-02  1.95716e-02
 8.52214e-02  1.88477e-02
 8.70439e-02  1.71389e-02

 7.60390e-02 -3.30570e-02
 6.94346e-02 -4.65617e-02
 7.15073e-02 -4.51668e-02
 6.92630e-02 -4.40693e-02
 6.94346e-02 -4.65617e-02

 7.84461e-02 -2.83232e-02
 7.24966e-02 -4.24032e-02
 7.44894e-02 -4.08965e-02
 7.21881e-02 -3.99240e-02
 7.24966e-02 -4.24032e-02

 8.04752e-02 -2.34151e-02
 7.54361e-02 -3.80503e-02
 7.73216e-02 -3.64112e-02
 7.49594e-02 -3.55978e-02
 7.54361e-02 -3.80503e-02

 8.21138e-02 -1.83629e-02
 7.80113e-02 -3.33653e-02
 7.97869e-02 -3.16078e-02
 7.73771e-02 -3.09488e-02
 7.80113e-02 -3.33653e-02

 8.33516e-02 -1.31977e-02
 8.02377e-02 -2.85149e-02
 8.18929e-02 -2.66435e-02
 7.94446e-02 -2.61458e-02
 8.02377e-02 -2.85149e-02

 8.41811e-02 -7.95123e-03
 8.20607e-02 -2.34581e-02
 8.35914e-02 -2.14837e-02
 8.11161e-02 -2.11452e-02
 8.20607e-02 -2.34581e-02

 8.45971e-02 -2.65586e-03
 8.34361e-02 -1.83016e-02
 8.48419e-02 -1.62364e-02
 8.23504e-02 -1.60515e-02
 8.34361e-02 -1.83016e-02

 8.45971e-02  2.65586e-03
 8.43719e-02 -1.30581e-02
 8.56520e-02 -1.09126e-02
 8.31539e-02 -1.08768e-02
 8.43719e-02 -1.30581e-02

 8.41811e-02  7.95123e-03
 8.48206e-02 -7.79871e-03
 8.59809e-02 -5.58620e-03
 8.34847e-02 -5.68755e-03
 8.48206e-02 -7.79871e-03

 8.33516e-02  1.31977e-02
 8.48159e-02 -2.54728e-03
 8.58594e-02 -2.77287e-04
 8.33718e-02 -5.08635e-04
 8.48159e-02 -2.54728e-03

 8.21138e-02  1.83629e-02
 8.43524e-02  2.67090e-03
 8.52835e-02  4.98924e-03
 8.28102e-02  4.63641e-03
 8.43524e-02  2.67090e-03

 8.04752e-02  2.34151e-02
 8.34395e-02  7.86300e-03
 8.42615e-02  1.02222e-02
 8.18073e-02  9.75447e-03
 8.34395e-02  7.86300e-03

 7.84461e-02  2.83232e-02
 8.21379e-02  1.30684e-02
 8.28431e-02  1.54651e-02
 8.04149e-02  1.48775e-02
 8.21379e-02  1.30684e-02

 7.60390e-02  3.30570e-02
 8.04283e-02  1.83086e-02
 8.10084e-02  2.07387e-02
 7.86138e-02  2.00260e-02
 8.04283e-02  1.83086e-02

 6.97580e-02 -3.33835e-02
 6.34784e-02 -4.40808e-02
 6.56510e-02 -4.28473e-02
 6.34965e-02 -4.15825e-02
 6.34784e-02 -4.40808e-02

 7.23943e-02 -2.86660e-02
 6.64291e-02 -4.03382e-02
 6.85260e-02 -3.89801e-02
 6.63014e-02 -3.78432e-02
 6.64291e-02 -4.03382e-02

 7.46212e-02 -2.37417e-02
 6.94009e-02 -3.63015e-02
 7.13848e-02 -3.47830e-02
 6.90778e-02 -3.38242e-02
 6.94009e-02 -3.63015e-02

 7.64223e-02 -1.86459e-02
 7.20952e-02 -3.18730e-02
 7.39551e-02 -3.02051e-02
 7.15806e-02 -2.94283e-02
 7.20952e-02 -3.18730e-02

 7.77847e-02 -1.34155e-02
 7.44386e-02 -2.71593e-02
 7.61642e-02 -2.53526e-02
 7.37367e-02 -2.47616e-02
 7.44386e-02 -2.71593e-02

 7.86984e-02 -8.08825e-03
 7.63760e-02 -2.21691e-02
 7.79606e-02 -2.02376e-02
 7.54956e-02 -1.98310e-02
 7.63760e-02 -2.21691e-02

 7.91570e-02 -2.70259e-03
 7.78100e-02 -1.69825e-02
 7.92568e-02 -1.49458e-02
 7.67696e-02 -1.47112e-02
 7.78100e-02 -1.69825e-02

 7.91570e-02  2.70259e-03
 7.87669e-02 -1.16116e-02
 8.00746e-02 -9.48278e-03
 7.75772e-02 -9.41473e-03
 7.87669e-02 -1.16116e-02

 7.86984e-02  8.08825e-03
 7.91370e-02 -6.12797e-03
 8.03189e-02 -3.92687e-03
 7.78217e-02 -4.00391e-03
 7.91370e-02 -6.12797e-03

 7.77847e-02  1.34155e-02
 7.90015e-02 -5.35890e-04
 8.00579e-02  1.72808e-03
 7.75691e-02  1.51100e-03
 7.90015e-02 -5.35890e-04

 7.64223e-02  1.86459e-02
 7.82716e-02  5.14995e-03
 7.92155e-02  7.46312e-03
 7.67403e-02  7.12394e-03
 7.82716e-02  5.14995e-03

 7.46212e-02  2.37417e-02
 7.70477e-02  1.09243e-02
 7.78726e-02  1.32825e-02
 7.54178e-02  1.28178e-02
 7.70477e-02  1.09243e-02

 7.23943e-02  2.86660e-02
 7.52387e-02  1.68700e-02
 7.59459e-02  1.92661e-02
 7.35172e-02  1.86805e-02
 7.52387e-02  1.68700e-02

 6.97580e-02  3.33835e-02
 7.30255e-02  2.29475e-02
 7.35711e-02  2.53855e-02
 7.11869e-02  2.46390e-02
 7.30255e-02  2.29475e-02

 6.34793e-02 -3.37140e-02
 5.95852e-02 -3.80908e-02
 6.19566e-02 -3.73047e-02
 6.00901e-02 -3.56440e-02
 5.95852e-02 -3.80908e-02

 6.63500e-02 -2.90192e-02
 6.23477e-02 -3.51599e-02
 6.45756e-02 -3.40294e-02
 6.24826e-02 -3.26652e-02
 6.23477e-02 -3.51599e-02

 6.87800e-02 -2.40817e-02
 6.50495e-02 -3.15686e-02
 6.71325e-02 -3.01892e-02
 6.48964e-02 -2.90750e-02
 6.50495e-02 -3.15686e-02

 7.07490e-02 -1.89425e-02
 6.75244e-02 -2.72939e-02
 6.94690e-02 -2.57255e-02
 6.71384e-02 -2.48256e-02
 6.75244e-02 -2.72939e-02

 7.22404e-02 -1.36448e-02
 6.96638e-02 -2.25615e-02
 7.14645e-02 -2.08297e-02
 6.90644e-02 -2.01362e-02
 6.96638e-02 -2.25615e-02

 7.32416e-02 -8.23282e-03
 7.13680e-02 -1.74127e-02
 7.30246e-02 -1.55426e-02
 7.05768e-02 -1.50430e-02
 7.13680e-02 -1.74127e-02

 7.37443e-02 -2.75195e-03
 7.25204e-02 -1.19913e-02
 7.40429e-02 -1.00104e-02
 7.15662e-02 -9.68234e-03
 7.25204e-02 -1.19913e-02

 7.37443e-02  2.75195e-03
 7.31186e-02 -6.23202e-03
 7.45151e-02 -4.16044e-03
 7.20228e-02 -3.98684e-03
 7.31186e-02 -6.23202e-03

 7.32416e-02  8.23282e-03
 7.30595e-02 -3.39684e-04
 7.43543e-02  1.79691e-03
 7.18566e-02  1.84997e-03
 7.30595e-02 -3.39684e-04

 7.22404e-02  1.36448e-02
 7.23653e-02  5.86523e-03
 7.35795e-02  8.04862e-03
 7.10815e-02  8.00851e-03
 7.23653e-02  5.86523e-03

 7.07490e-02  1.89425e-02
 7.10372e-02  1.21605e-02
 7.21933e-02  1.43752e-02
 6.96973e-02  1.42692e-02
 7.10372e-02  1.21605e-02

 6.87800e-02  2.40817e-02
 6.90077e-02  1.87347e-02
 7.01637e-02  2.09495e-02
 6.76676e-02  2.08432e-02
 6.90077e-02  1.87347e-02

 6.63500e-02  2.90192e-02
 6.64519e-02  2.54591e-02
 6.76387e-02  2.76576e-02
 6.51414e-02  2.75861e-02
 6.64519e-02  2.54591e-02

 6.34793e-02  3.37140e-02
 6.31976e-02  3.24463e-02
 6.48863e-02  3.42875e-02
 6.24475e-02  3.48293e-02
 6.31976e-02  3.24463e-02

 5.72030e-02 -3.40487e-02
 5.74729e-02 -2.68665e-02
 5.61433e-02 -2.89817e-02
 5.86399e-02 -2.90755e-02
 5.74729e-02 -2.68665e-02

 6.03133e-02 -2.93833e-02
 5.98635e-02 -2.39812e-02
 5.87982e-02 -2.62410e-02
 6.12879e-02 -2.60337e-02
 5.98635e-02 -2.39812e-02

 6.29524e-02 -2.44357e-02
 6.21863e-02 -2.06732e-02
 6.13939e-02 -2.30426e-02
 6.38420e-02 -2.25441e-02
 6.21863e-02 -2.06732e-02

 6.50948e-02 -1.92533e-02
 6.42756e-02 -1.66029e-02
 6.37210e-02 -1.90389e-02
 6.61080e-02 -1.83012e-02
 6.42756e-02 -1.66029e-02

 6.67199e-02 -1.38860e-02
 6.59267e-02 -1.19494e-02
 6.55908e-02 -1.44251e-02
 6.79027e-02 -1.34782e-02
 6.59267e-02 -1.19494e-02

 6.78121e-02 -8.38535e-03
 6.71056e-02 -6.71212e-03
 6.67964e-02 -9.19124e-03
 6.90980e-02 -8.21946e-03
 6.71056e-02 -6.71212e-03

 6.83608e-02 -2.80410e-03
 6.76665e-02 -1.18623e-03
 6.73719e-02 -3.66713e-03
 6.96677e-02 -2.68180e-03
 6.76665e-02 -1.18623e-03

 6.83608e-02  2.80410e-03
 6.76616e-02  4.85702e-03
 6.71767e-02  2.40619e-03
 6.95416e-02  3.21172e-03
 6.76616e-02  4.85702e-03

 6.78121e-02  8.38535e-03
 6.68393e-02  1.09834e-02
 6.64281e-02  8.51910e-03
 6.87678e-02  9.39515e-03
 6.68393e-02  1.09834e-02

 6.67199e-02  1.38860e-02
 6.54430e-02  1.76128e-02
 6.49626e-02  1.51611e-02
 6.73260e-02  1.59709e-02
 6.54430e-02  1.76128e-02

 6.50948e-02  1.92533e-02
 6.30552e-02  2.43020e-02
 6.27074e-02  2.18280e-02
 6.50239e-02  2.27638e-02
 6.30552e-02  2.43020e-02

 6.29524e-02  2.44357e-02
 6.02035e-02  3.12511e-02
 5.98543e-02  2.87773e-02
 6.21713e-02  2.97118e-02
 6.02035e-02  3.12511e-02

 6.03133e-02  2.93833e-02
 5.62321e-02  3.83832e-02
 5.59880e-02  3.58969e-02
 5.82633e-02  3.69287e-02
 5.62321e-02  3.83832e-02

 5.72030e-02  3.40487e-02
 5.20110e-02  4.53571e-02
 5.17786e-02  4.28696e-02
 5.40490e-02  4.39120e-02
 5.20110e-02  4.53571e-02

 5.09292e-02 -3.43878e-02
 5.92309e-02 -1.68270e-02
 5.71769e-02 -1.82492e-02
 5.94355e-02 -1.93170e-02
 5.92309e-02 -1.68270e-02

 5.42846e-02 -2.97587e-02
 6.07817e-02 -1.21617e-02
 5.88605e-02 -1.37587e-02
 6.12042e-02 -1.46241e-02
 6.07817e-02 -1.21617e-02

 5.71388e-02 -2.48044e-02
 6.24115e-02 -7.52628e-03
 6.05852e-02 -9.23108e-03
 6.29748e-02 -9.96028e-03
 6.24115e-02 -7.52628e-03

 5.94606e-02 -1.95792e-02
 6.35963e-02 -2.76971e-03
 6.18664e-02 -4.57223e-03
 6.42924e-02 -5.16911e-03
 6.35963e-02 -2.76971e-03

 6.12246e-02 -1.41400e-02
 6.42360e-02  2.36968e-03
 6.26189e-02  4.65348e-04
 6.50767e-02  1.70335e-05
 6.42360e-02  2.36968e-03

 6.24114e-02 -8.54628e-03
 6.41286e-02  8.11604e-03
 6.26642e-02  6.09189e-03
 6.51493e-02  5.83577e-03
 6.41286e-02  8.11604e-03

 6.30080e-02 -2.85918e-03
 6.33690e-02  1.39635e-02
 6.20737e-02  1.18272e-02
 6.45714e-02  1.17736e-02
 6.33690e-02  1.39635e-02

 6.30080e-02  2.85918e-03
 6.17771e-02  2.06490e-02
 6.06803e-02  1.84043e-02
 6.31727e-02  1.85768e-02
 6.17771e-02  2.06490e-02

 6.24114e-02  8.54628e-03
 5.95073e-02  2.67104e-02
 5.86154e-02  2.43767e-02
 6.10824e-02  2.47711e-02
 5.95073e-02  2.67104e-02

 6.12246e-02  1.41400e-02
 5.63576e-02  3.40159e-02
 5.56589e-02  3.16173e-02
 5.80855e-02  3.22115e-02
 5.63576e-02  3.40159e-02

 5.94606e-02  1.95792e-02
 5.25962e-02  3.98411e-02
 5.21073e-02  3.73911e-02
 5.44736e-02  3.81927e-02
 5.25962e-02  3.98411e-02

 5.71388e-02  2.48044e-02
 4.80059e-02  4.72379e-02
 4.76648e-02  4.47630e-02
 4.99787e-02  4.57050e-02
 4.80059e-02  4.72379e-02

 5.42846e-02  2.97587e-02
 4.32205e-02  5.24824e-02
 4.30446e-02  4.99903e-02
 4.52908e-02  5.10840e-02
 4.32205e-02  5.24824e-02

 5.09292e-02  3.43878e-02
 3.76232e-02  5.88351e-02
 3.75603e-02  5.63376e-02
 3.97547e-02  5.75319e-02
 3.76232e-02  5.88351e-02

 4.46580e-02 -3.47315e-02
 5.81621e-02 -1.26088e-02
 5.59686e-02 -1.38047e-02
 5.81011e-02 -1.51064e-02
 5.81621e-02 -1.26088e-02

 4.82641e-02 -3.01460e-02
 6.00561e-02 -4.65057e-03
 5.80141e-02 -6.08992e-03
 6.02816e-02 -7.13869e-03
 6.00561e-02 -4.65057e-03

 5.13399e-02 -2.51887e-02
 6.16020e-02  3.16975e-03
 5.96911e-02  1.56031e-03
 6.20404e-02  7.10190e-04
 6.16020e-02  3.16975e-03

 5.38474e-02 -1.99209e-02
 6.24326e-02  1.03863e-02
 6.06411e-02  8.64507e-03
 6.30448e-02  7.96415e-03
 6.24326e-02  1.03863e-02

 5.57557e-02 -1.44073e-02
 6.24284e-02  1.75463e-02
 6.07634e-02  1.56837e-02
 6.32089e-02  1.51730e-02
 6.24284e-02  1.75463e-02

 5.70411e-02 -8.71609e-03
 6.14157e-02  2.38870e-02
 5.98899e-02  2.19088e-02
 6.23660e-02  2.15765e-02
 6.14157e-02  2.38870e-02

 5.76878e-02 -2.91736e-03
 5.95793e-02  3.05427e-02
 5.82100e-02  2.84530e-02
 6.07044e-02  2.83120e-02
 5.95793e-02  3.05427e-02

 5.76878e-02  2.91736e-03
 5.68070e-02  3.61826e-02
 5.56156e-02  3.39866e-02
 5.81130e-02  3.40528e-02
 5.68070e-02  3.61826e-02

 5.70411e-02  8.71609e-03
 5.33628e-02  4.24260e-02
 5.23557e-02  4.01396e-02
 5.48393e-02  4.04106e-02
 5.33628e-02  4.24260e-02

 5.57557e-02  1.44073e-02
 4.92987e-02  4.71129e-02
 4.84923e-02  4.47483e-02
 5.09433e-02  4.52322e-02
 4.92987e-02  4.71129e-02

 5.38474e-02  1.99209e-02
 4.45664e-02  5.26714e-02
 4.39544e-02  5.02492e-02
 4.63581e-02  5.09304e-02
 4.45664e-02  5.26714e-02

 5.13399e-02  2.51887e-02
 4.00837e-02  5.58632e-02
 3.96563e-02  5.34017e-02
 4.20017e-02  5.42623e-02
 4.00837e-02  5.58632e-02

 4.82641e-02  3.01460e-02
 3.44905e-02  5.96687e-02
 3.42733e-02  5.71798e-02
 3.65373e-02  5.82361e-02
 3.44905e-02  5.96687e-02

 4.46580e-02  3.47315e-02
 3.07560e-02  6.07815e-02
 3.06726e-02  5.82846e-02
 3.28767e-02  5.94608e-02
 3.07560e-02  6.07815e-02

 3.83892e-02 -3.50800e-02
 5.21435e-02 -2.13258e-02
 4.97303e-02 -2.19724e-02
 5.14969e-02 -2.37389e-02
 5.21435e-02 -2.13258e-02

 4.22520e-02 -3.05458e-02
 5.51531e-02 -1.40786e-02
 5.28354e-02 -1.50114e-02
 5.48021e-02 -1.65521e-02
 5.51531e-02 -1.40786e-02

 4.55562e-02 -2.55894e-02
 5.72956e-02 -6.17014e-03
 5.51073e-02 -7.37547e-03
 5.72453e-02 -8.66796e-03
 5.72956e-02 -6.17014e-03

 4.82562e-02 -2.02792e-02
 5.81996e-02  1.81394e-03
 5.61725e-02  3.53618e-04
 5.84507e-02 -6.71726e-04
 5.81996e-02  1.81394e-03

 5.03146e-02 -1.46888e-02
 5.78351e-02  9.44552e-03
 5.59988e-02  7.75150e-03
 5.83840e-02  7.00825e-03
 5.78351e-02  9.44552e-03

 5.17030e-02 -8.89529e-03
 5.63751e-02  1.66001e-02
 5.47564e-02  1.46971e-02
 5.72138e-02  1.42468e-02
 5.63751e-02  1.66001e-02

 5.24020e-02 -2.97882e-03
 5.39845e-02  2.31836e-02
 5.26069e-02  2.10994e-02
 5.51007e-02  2.09485e-02
 5.39845e-02  2.31836e-02

 5.24020e-02  2.97882e-03
 5.08180e-02  2.91663e-02
 4.97017e-02  2.69312e-02
 5.21955e-02  2.70820e-02
 5.08180e-02  2.91663e-02

 5.17030e-02  8.89529e-03
 4.70141e-02  3.44806e-02
 4.61754e-02  3.21273e-02
 4.86328e-02  3.25776e-02
 4.70141e-02  3.44806e-02

 5.03146e-02  1.46888e-02
 4.26560e-02  3.92666e-02
 4.21071e-02  3.68293e-02
 4.44923e-02  3.75725e-02
 4.26560e-02  3.92666e-02

 4.82562e-02  2.02792e-02
 3.81018e-02  4.28414e-02
 3.78507e-02  4.03557e-02
 4.01289e-02  4.13810e-02
 3.81018e-02  4.28414e-02

 4.55562e-02  2.55894e-02
 3.30031e-02  4.63544e-02
 3.30534e-02  4.38566e-02
 3.51915e-02  4.51491e-02
 3.30031e-02  4.63544e-02

 4.22520e-02  3.05458e-02
 2.89911e-02  4.74719e-02
 2.93421e-02  4.49984e-02
 3.13088e-02  4.65392e-02
 2.89911e-02  4.74719e-02

 3.83892e-02  3.50800e-02
 2.33201e-02  5.01492e-02
 2.39667e-02  4.77360e-02
 2.57333e-02  4.95026e-02
 2.33201e-02  5.01492e-02

 3.62312e-02  4.03748e-02
 2.15913e-02  5.91272e-02
 2.19381e-02  5.66531e-02
 2.39074e-02  5.81905e-02
 2.15913e-02  5.91272e-02

 4.27932e-02  4.01897e-02
 2.67534e-02  6.41286e-02
 2.69200e-02  6.16359e-02
 2.89955e-02  6.30265e-02
 2.67534e-02  6.41286e-02

 4.93551e-02  4.00046e-02
 3.85411e-02  6.17615e-02
 3.83855e-02  5.92680e-02
 4.06227e-02  6.03800e-02
 3.85411e-02  6.17615e-02

 5.59171e-02  3.98195e-02
 5.25596e-02  4.77419e-02
 5.22537e-02  4.52624e-02
 5.45540e-02  4.62373e-02
 5.25596e-02  4.77419e-02

 6.24790e-02  3.96344e-02
 6.44231e-02  3.59136e-02
 6.45283e-02  3.84098e-02
 6.23140e-02  3.72528e-02
 6.44231e-02  3.59136e-02

 6.90410e-02  3.94493e-02
 7.40084e-02  2.77464e-02
 7.43129e-02  3.02261e-02
 7.20132e-02  2.92500e-02
 7.40084e-02  2.77464e-02

 7.56029e-02  3.92642e-02
 8.14575e-02  2.41981e-02
 8.18382e-02  2.66672e-02
 7.95095e-02  2.57623e-02
 8.14575e-02  2.41981e-02

 8.21649e-02  3.90791e-02
 8.80919e-02  2.36087e-02
 8.84843e-02  2.60761e-02
 8.61514e-02  2.51822e-02
 8.80919e-02  2.36087e-02

 8.87268e-02  3.88940e-02
 9.44183e-02  2.39965e-02
 9.48130e-02  2.64635e-02
 9.24792e-02  2.55718e-02
 9.44183e-02  2.39965e-02

 9.52888e-02  3.87089e-02
 1.00733e-01  2.47393e-02
 1.01111e-01  2.72088e-02
 9.87836e-02  2.63016e-02
 1.00733e-01  2.47393e-02

 1.01851e-01  3.85238e-02
 1.05977e-01  2.75462e-02
 1.06385e-01  3.00110e-02
 1.04046e-01  2.91320e-02
 1.05977e-01  2.75462e-02

 1.07163e-01  3.72121e-02
 1.08985e-01  3.23861e-02
 1.09389e-01  3.48514e-02
 1.07052e-01  3.39693e-02
 1.08985e-01  3.23861e-02

 3.60414e-02  4.66623e-02
 2.00179e-02  6.60453e-02
 2.04336e-02  6.35818e-02
 2.23592e-02  6.51736e-02
 2.00179e-02  6.60453e-02

 4.29145e-02  4.67353e-02
 3.05960e-02  6.66645e-02
 3.06711e-02  6.41673e-02
 3.27962e-02  6.54809e-02
 3.05960e-02  6.66645e-02

 4.97877e-02  4.68084e-02
 4.48420e-02  6.06711e-02
 4.43925e-02  5.82136e-02
 4.67456e-02  5.90530e-02
 4.48420e-02  6.06711e-02

 5.66609e-02  4.68815e-02
 5.86216e-02  4.74544e-02
 5.61945e-02  4.80466e-02
 5.68952e-02  4.56485e-02
 5.86216e-02  4.74544e-02

 6.35340e-02  4.69545e-02
 6.92867e-02  3.83920e-02
 6.91170e-02  4.08846e-02
 6.70432e-02  3.94913e-02
 6.92867e-02  3.83920e-02

 7.04072e-02  4.70276e-02
 7.79991e-02  3.32333e-02
 7.80502e-02  3.57311e-02
 7.58615e-02  3.45265e-02
 7.79991e-02  3.32333e-02

 7.72803e-02  4.71006e-02
 8.49804e-02  3.19093e-02
 8.51164e-02  3.44039e-02
 8.28880e-02  3.32744e-02
 8.49804e-02  3.19093e-02

 8.41535e-02  4.71737e-02
 9.13472e-02  3.24058e-02
 9.15227e-02  3.48980e-02
 8.92767e-02  3.38039e-02
 9.13472e-02  3.24058e-02

 9.10267e-02  4.72467e-02
 9.76200e-02  3.36888e-02
 9.77971e-02  3.61809e-02
 9.55504e-02  3.50883e-02
 9.76200e-02  3.36888e-02

 9.78998e-02  4.73198e-02
 1.02731e-01  3.64803e-02
 1.02991e-01  3.89651e-02
 1.00710e-01  3.79479e-02
 1.02731e-01  3.64803e-02

 1.03543e-01  4.62399e-02
 1.05924e-01  4.12578e-02
 1.06118e-01  4.37486e-02
 1.03864e-01  4.26714e-02
 1.05924e-01  4.12578e-02

 3.58446e-02  5.29590e-02
 2.26781e-02  7.02057e-02
 2.29981e-02  6.77279e-02
 2.49839e-02  6.92439e-02
 2.26781e-02  7.02057e-02

 4.30150e-02  5.33087e-02
 3.59827e-02  6.69100e-02
 3.58668e-02  6.44144e-02
 3.80860e-02  6.55618e-02
 3.59827e-02  6.69100e-02

 5.01855e-02  5.36583e-02
 5.12503e-02  6.02314e-02
 4.96712e-02  5.82954e-02
 5.21374e-02  5.78959e-02
 5.12503e-02  6.02314e-02

 5.73559e-02  5.40079e-02
 6.41933e-02  4.96501e-02
 6.30402e-02  5.18664e-02
 6.16974e-02  4.97596e-02
 6.41933e-02  4.96501e-02

 6.45264e-02  5.43576e-02
 7.38554e-02  4.31551e-02
 7.34307e-02  4.56171e-02
 7.15109e-02  4.40183e-02
 7.38554e-02  4.31551e-02

 7.16968e-02  5.47072e-02
 8.17264e-02  4.04463e-02
 8.15035e-02  4.29346e-02
 7.94599e-02  4.14974e-02
 8.17264e-02  4.04463e-02

 7.88673e-02  5.50569e-02
 8.80227e-02  4.07612e-02
 8.79077e-02  4.32569e-02
 8.58039e-02  4.19095e-02
 8.80227e-02  4.07612e-02

 8.60378e-02  5.54065e-02
 9.40996e-02  4.24217e-02
 9.40196e-02  4.49187e-02
 9.18971e-02  4.36010e-02
 9.40996e-02  4.24217e-02

 9.32082e-02  5.57561e-02
 9.90323e-02  4.53873e-02
 9.90618e-02  4.78855e-02
 9.68836e-02  4.66620e-02
 9.90323e-02  4.53873e-02

 9.91675e-02  5.49301e-02
 1.02035e-01  5.00431e-02
 1.02018e-01  5.25414e-02
 9.98629e-02  5.12769e-02
 1.02035e-01  5.00431e-02

 3.56402e-02  5.92645e-02
 2.69245e-02  7.25896e-02
 2.70635e-02  7.00951e-02
 2.91543e-02  7.14627e-02
 2.69245e-02  7.25896e-02

 4.30928e-02  5.99083e-02
 4.14763e-02  6.71969e-02
 4.07253e-02  6.48141e-02
 4.31643e-02  6.53551e-02
 4.14763e-02  6.71969e-02

 5.05455e-02  6.05521e-02
 5.65092e-02  6.10886e-02
 5.42424e-02  6.21388e-02
 5.44662e-02  5.96506e-02
 5.65092e-02  6.10886e-02

 5.79981e-02  6.11959e-02
 6.87976e-02  5.32976e-02
 6.77886e-02  5.55832e-02
 6.63138e-02  5.35666e-02
 6.87976e-02  5.32976e-02

 6.54508e-02  6.18396e-02
 7.75187e-02  4.95943e-02
 7.68897e-02  5.20122e-02
 7.51103e-02  5.02585e-02
 7.75187e-02  4.95943e-02

 7.29034e-02  6.24834e-02
 8.41651e-02  4.91916e-02
 8.37195e-02  5.16498e-02
 8.18134e-02  5.00348e-02
 8.41651e-02  4.91916e-02

 8.03561e-02  6.31272e-02
 8.98197e-02  5.11130e-02
 8.94622e-02  5.35856e-02
 8.74996e-02  5.20397e-02
 8.98197e-02  5.11130e-02

 8.78087e-02  6.37710e-02
 9.45577e-02  5.42244e-02
 9.43287e-02  5.67122e-02
 9.22887e-02  5.52700e-02
 9.45577e-02  5.42244e-02

 9.40686e-02  6.32195e-02
 9.73177e-02  5.86256e-02
 9.70882e-02  6.11134e-02
 9.50485e-02  5.96708e-02
 9.73177e-02  5.86256e-02

 3.54277e-02  6.55783e-02
 3.20160e-02  7.46357e-02
 3.16097e-02  7.21707e-02
 3.39477e-02  7.30513e-02
 3.20160e-02  7.46357e-02

 4.31463e-02  6.65328e-02
 4.68788e-02  6.81664e-02
 4.43959e-02  6.84433e-02
 4.53976e-02  6.61546e-02
 4.68788e-02  6.81664e-02

 5.08649e-02  6.74873e-02
 6.08892e-02  6.28317e-02
 5.94531e-02  6.48760e-02
 5.84007e-02  6.26101e-02
 6.08892e-02  6.28317e-02

 5.85835e-02  6.84418e-02
 7.17624e-02  5.83676e-02
 7.08021e-02  6.06740e-02
 6.92849e-02  5.86892e-02
 7.17624e-02  5.83676e-02

 6.63021e-02  6.93964e-02
 7.88597e-02  5.77522e-02
 7.81225e-02  6.01393e-02
 7.64238e-02  5.83073e-02
 7.88597e-02  5.77522e-02

 7.40207e-02  7.03509e-02
 8.45471e-02  5.95469e-02
 8.39320e-02  6.19683e-02
 8.21426e-02  6.02248e-02
 8.45471e-02  5.95469e-02

 8.17393e-02  7.13054e-02
 8.90941e-02  6.27569e-02
 8.86299e-02  6.52117e-02
 8.67361e-02  6.35823e-02
 8.90941e-02  6.27569e-02

 8.82827e-02  7.10484e-02
 9.18076e-02  6.68677e-02
 9.13680e-02  6.93270e-02
 8.94580e-02  6.77166e-02
 9.18076e-02  6.68677e-02

 3.52066e-02  7.18999e-02
 3.72131e-02  7.66582e-02
 3.52214e-02  7.51500e-02
 3.75234e-02  7.41792e-02
 3.72131e-02  7.66582e-02

 4.31738e-02  7.31807e-02
 5.18885e-02  7.04803e-02
 5.01916e-02  7.23138e-02
 4.94521e-02  6.99275e-02
 5.18885e-02  7.04803e-02

 5.11411e-02  7.44615e-02
 6.38840e-02  6.70735e-02
 6.26388e-02  6.92393e-02
 6.13857e-02  6.70780e-02
 6.38840e-02  6.70735e-02

 5.91083e-02  7.57423e-02
 7.24159e-02  6.58694e-02
 7.14226e-02  6.81618e-02
 6.99340e-02  6.61553e-02
 7.24159e-02  6.58694e-02

 6.70756e-02  7.70231e-02
 7.82621e-02  6.77478e-02
 7.73938e-02  7.00904e-02
 7.57992e-02  6.81672e-02
 7.82621e-02  6.77478e-02

 7.50428e-02  7.83039e-02
 8.28903e-02  7.07580e-02
 8.21966e-02  7.31580e-02
 8.04649e-02  7.13572e-02
 8.28903e-02  7.07580e-02

 8.18513e-02  7.83598e-02
 8.55743e-02  7.46368e-02
 8.49277e-02  7.70500e-02
 8.31611e-02  7.52834e-02
 8.55743e-02  7.46368e-02

 3.49763e-02  7.82287e-02
 4.16708e-02  7.84901e-02
 3.94601e-02  7.96539e-02
 3.95576e-02  7.71575e-02
 4.16708e-02  7.84901e-02

 4.31739e-02  7.98502e-02
 5.51846e-02  7.42458e-02
 5.37522e-02  7.62926e-02
 5.26957e-02  7.40287e-02
 5.51846e-02  7.42458e-02

 5.13715e-02  8.14718e-02
 6.46881e-02  7.33840e-02
 6.34873e-02  7.55748e-02
 6.21904e-02  7.34394e-02
 6.46881e-02  7.33840e-02

 5.95692e-02  8.30933e-02
 7.14167e-02  7.48369e-02
 7.03558e-02  7.70988e-02
 6.89274e-02  7.50491e-02
 7.14167e-02  7.48369e-02

 6.77668e-02  8.47149e-02
 7.59720e-02  7.81206e-02
 7.50681e-02  8.04496e-02
 7.35030e-02  7.85023e-02
 7.59720e-02  7.81206e-02

 7.48204e-02  8.51009e-02
 7.87720e-02  8.17691e-02
 7.79231e-02  8.41188e-02
 7.63127e-02  8.22088e-02
 7.87720e-02  8.17691e-02

 3.47364e-02  8.45641e-02
 4.49918e-02  8.13555e-02
 4.32999e-02  8.31938e-02
 4.25539e-02  8.08094e-02
 4.49918e-02  8.13555e-02

 4.31452e-02  8.65397e-02
 5.62017e-02  7.96451e-02
 5.48718e-02  8.17600e-02
 5.37052e-02  7.95508e-02
 5.62017e-02  7.96451e-02

 5.15540e-02  8.85153e-02
 6.35747e-02  8.14608e-02
 6.23409e-02  8.36332e-02
 6.10764e-02  8.14785e-02
 6.35747e-02  8.14608e-02

 5.99628e-02  9.04909e-02
 6.85165e-02  8.47053e-02
 6.74242e-02  8.69521e-02
 6.60245e-02  8.48827e-02
 6.85165e-02  8.47053e-02

 6.72406e-02  9.12228e-02
 7.11125e-02  8.84844e-02
 7.00673e-02  9.07536e-02
 6.86247e-02  8.87138e-02
 7.11125e-02  8.84844e-02

 3.44865e-02  9.09056e-02
 4.70978e-02  8.60791e-02
 4.55236e-02  8.80191e-02
 4.46307e-02  8.56858e-02
 4.70978e-02  8.60791e-02

 4.30864e-02  9.32473e-02
 5.57457e-02  8.69725e-02
 5.43619e-02  8.90526e-02
 5.32524e-02  8.68141e-02
 5.57457e-02  8.69725e-02

 5.16863e-02  9.55889e-02
 6.06346e-02  9.04256e-02
 5.93849e-02  9.25889e-02
 5.81363e-02  9.04250e-02
 6.06346e-02  9.04256e-02

 5.91663e-02  9.66810e-02
 6.33554e-02  9.42226e-02
 6.21216e-02  9.63950e-02
 6.08572e-02  9.42403e-02
 6.33554e-02  9.42226e-02

 3.42262e-02  9.72525e-02
 4.73340e-02  9.23737e-02
 4.57420e-02  9.42991e-02
 4.48705e-02  9.19577e-02
 4.73340e-02  9.23737e-02

 4.29965e-02  9.99709e-02
 5.26635e-02  9.52771e-02
 5.12628e-02  9.73458e-02
 5.01716e-02  9.50984e-02
 5.26635e-02  9.52771e-02

 5.06554e-02  1.01436e-01
 5.50175e-02  9.93515e-02
 5.36038e-02  1.01411e-01
 5.25267e-02  9.91572e-02
 5.50175e-02  9.93515e-02

 3.39552e-02  1.03604e-01
 4.45104e-02  1.00181e-01
 4.28377e-02  1.02036e-01
 4.20669e-02  9.96598e-02
 4.45104e-02  1.00181e-01

 4.17692e-02  1.05453e-01
 4.68530e-02  1.03534e-01
 4.52698e-02  1.05467e-01
 4.43877e-02  1.03129e-01
 4.68530e-02  1.03534e-01

 3.25715e-02  1.08703e-01
 3.75362e-02  1.07297e-01
 3.57948e-02  1.09088e-01
 3.51141e-02  1.06684e-01
 3.75362e-02  1.07297e-01

 2.67687e-02  1.08827e-01
 3.39444e-02  1.07120e-01
 3.21285e-02  1.08836e-01
 3.15505e-02  1.06406e-01
 3.39444e-02  1.07120e-01

 2.19798e-02  1.09951e-01
 2.89611e-02  1.08601e-01
 2.70741e-02  1.10238e-01
 2.65997e-02  1.07785e-01
 2.89611e-02  1.08601e-01

 1.71443e-02  1.10855e-01
 2.36025e-02  1.09888e-01
 2.16476e-02  1.11444e-01
 2.12777e-02  1.08973e-01
 2.36025e-02  1.09888e-01

 1.22723e-02  1.11537e-01
 1.68282e-02  1.11051e-01
 1.48091e-02  1.12523e-01
 1.45444e-02  1.10038e-01
 1.68282e-02  1.11051e-01

 7.37400e-03  1.11995e-01
 1.14538e-02  1.11735e-01
 9.37403e-03  1.13119e-01
 9.21505e-03  1.10626e-01
 1.14538e-02  1.11735e-01

 2.45980e-03  1.12229e-01
 2.45302e-03  1.12229e-01
 4.58963e-03  1.10934e-01
 4.64266e-03  1.13432e-01
 2.45302e-03  1.12229e-01

 2.71017e-02  1.02773e-01
 4.00363e-02  1.00036e-01
 3.81781e-02  1.01706e-01
 3.76610e-02  9.92619e-02
 4.00363e-02  1.00036e-01

 2.22792e-02  1.04089e-01
 3.46572e-02  1.03161e-01
 3.25930e-02  1.04569e-01
 3.24063e-02  1.02077e-01
 3.46572e-02  1.03161e-01

 1.73943e-02  1.05152e-01
 2.85491e-02  1.06196e-01
 2.62784e-02  1.07238e-01
 2.65114e-02  1.04751e-01
 2.85491e-02  1.06196e-01

 1.24603e-02  1.05957e-01
 2.05629e-02  1.08949e-01
 1.81006e-02  1.09371e-01
 1.89659e-02  1.07028e-01
 2.05629e-02  1.08949e-01

 7.49085e-03  1.06504e-01
 1.35608e-02  1.10583e-01
 1.10682e-02  1.10413e-01
 1.24617e-02  1.08339e-01
 1.35608e-02  1.10583e-01

 2.49946e-03  1.06791e-01
 2.49946e-03  1.12603e-01
 1.25030e-03  1.10439e-01
 3.74862e-03  1.10439e-01
 2.49946e-03  1.12603e-01

 2.74372e-02  9.67195e-02
 4.05184e-02  9.35189e-02
 3.87136e-02  9.52465e-02
 3.81199e-02  9.28197e-02
 4.05184e-02  9.35189e-02

 2.25847e-02  9.82294e-02
 3.49871e-02  9.79173e-02
 3.28556e-02  9.92205e-02
 3.27928e-02  9.67230e-02
 3.49871e-02  9.79173e-02

 1.76516e-02  9.94515e-02
 2.86065e-02  1.02329e-01
 2.61965e-02  1.02988e-01
 2.68312e-02  1.00571e-01
 2.86065e-02  1.02329e-01

 1.26550e-02  1.00382e-01
 2.07810e-02  1.05999e-01
 1.82909e-02  1.05796e-01
 1.97116e-02  1.03741e-01
 2.07810e-02  1.05999e-01

 7.61220e-03  1.01016e-01
 1.32127e-02  1.09018e-01
 1.09486e-02  1.07961e-01
 1.29954e-02  1.06529e-01
 1.32127e-02  1.09018e-01

 2.54072e-03  1.01354e-01
 2.54072e-03  1.08938e-01
 1.29156e-03  1.06775e-01
 3.78988e-03  1.06775e-01
 2.54072e-03  1.08938e-01

 2.77751e-02  9.06670e-02
 3.84462e-02  8.88896e-02
 3.65172e-02  9.04773e-02
 3.61067e-02  8.80129e-02
 3.84462e-02  8.88896e-02

 2.28962e-02  9.23719e-02
 3.27361e-02  9.42479e-02
 3.03768e-02  9.50698e-02
 3.08447e-02  9.26157e-02
 3.27361e-02  9.42479e-02

 1.79161e-02  9.37548e-02
 2.63287e-02  9.97023e-02
 2.38409e-02  9.94733e-02
 2.52831e-02  9.74333e-02
 2.63287e-02  9.97023e-02

 1.28562e-02  9.48095e-02
 1.90823e-02  1.04080e-01
 1.68390e-02  1.02980e-01
 1.89130e-02  1.01587e-01
 1.90823e-02  1.04080e-01

 7.73804e-03  9.55317e-02
 1.21263e-02  1.08213e-01
 1.02383e-02  1.06577e-01
 1.25993e-02  1.05760e-01
 1.21263e-02  1.08213e-01

 2.58357e-03  9.59181e-02
 2.58357e-03  1.07865e-01
 1.33441e-03  1.05701e-01
 3.83273e-03  1.05701e-01
 2.58357e-03  1.07865e-01

 2.81154e-02  8.46152e-02
 3.46693e-02  8.50945e-02
 3.24203e-02  8.61825e-02
 3.26026e-02  8.36908e-02
 3.46693e-02  8.50945e-02

 2.32138e-02  8.65167e-02
 2.88435e-02  9.05320e-02
 2.63567e-02  9.02926e-02
 2.78074e-02  8.82586e-02
 2.88435e-02  9.05320e-02

 1.81879e-02  8.80613e-02
 2.25091e-02  9.62359e-02
 2.03936e-02  9.49068e-02
 2.26023e-02  9.37393e-02
 2.25091e-02  9.62359e-02

 1.30640e-02  8.92412e-02
 1.61469e-02  1.00270e-01
 1.43614e-02  9.85221e-02
 1.67675e-02  9.78495e-02
 1.61469e-02  1.00270e-01

 7.86837e-03  9.00500e-02
 9.93676e-03  1.04910e-01
 8.40125e-03  1.02940e-01
 1.08757e-02  1.02595e-01
 9.93676e-03  1.04910e-01

 2.62800e-03  9.04836e-02
 2.62800e-03  1.03400e-01
 1.37883e-03  1.01237e-01
 3.87716e-03  1.01237e-01
 2.62800e-03  1.03400e-01

 2.84583e-02  7.85641e-02
 3.05529e-02  8.26244e-02
 2.84509e-02  8.12743e-02
 3.06711e-02  8.01289e-02
 3.05529e-02  8.26244e-02

 2.35375e-02  8.06635e-02
 2.46134e-02  8.74725e-02
 2.30419e-02  8.55304e-02
 2.55096e-02  8.51404e-02
 2.46134e-02  8.74725e-02

 1.84671e-02  8.23712e-02
 1.84820e-02  9.28654e-02
 1.72297e-02  9.07036e-02
 1.97281e-02  9.07000e-02
 1.84820e-02  9.28654e-02

 1.32784e-02  8.36765e-02
 1.31254e-02  9.62808e-02
 1.19026e-02  9.41022e-02
 1.44008e-02  9.41325e-02
 1.31254e-02  9.62808e-02

 8.00317e-03  8.45714e-02
 7.71071e-03  1.00789e-01
 6.50076e-03  9.86033e-02
 8.99868e-03  9.86483e-02
 7.71071e-03  1.00789e-01

 2.67399e-03  8.50504e-02
 2.67399e-03  9.92774e-02
 1.42483e-03  9.71138e-02
 3.92316e-03  9.71138e-02
 2.67399e-03  9.92774e-02

 2.88037e-02  7.25137e-02
 2.65401e-02  8.03410e-02
 2.59412e-02  7.79155e-02
 2.83412e-02  7.86096e-02
 2.65401e-02  8.03410e-02

 2.38674e-02  7.48125e-02
 2.08230e-02  8.41378e-02
 2.03070e-02  8.16933e-02
 2.26819e-02  8.24687e-02
 2.08230e-02  8.41378e-02

 1.87537e-02  7.66844e-02
 1.49260e-02  8.83870e-02
 1.44113e-02  8.59423e-02
 1.67859e-02  8.67189e-02
 1.49260e-02  8.83870e-02

 1.34994e-02  7.81157e-02
 1.05251e-02  9.05901e-02
 9.81181e-03  8.81957e-02
 1.22420e-02  8.87752e-02
 1.05251e-02  9.05901e-02

 8.14243e-03  7.90961e-02
 5.65940e-03  9.44318e-02
 4.77210e-03  9.20964e-02
 7.23831e-03  9.24957e-02
 5.65940e-03  9.44318e-02

 2.72155e-03  7.96185e-02
 2.72155e-03  9.25611e-02
 1.47239e-03  9.03975e-02
 3.97072e-03  9.03975e-02
 2.72155e-03  9.25611e-02

 2.91516e-02  6.64640e-02
 2.25793e-02  7.73450e-02
 2.26287e-02  7.48471e-02
 2.47672e-02  7.61388e-02
 2.25793e-02  7.73450e-02

 2.42036e-02  6.89636e-02
 1.75948e-02  8.03152e-02
 1.76038e-02  7.78169e-02
 1.97629e-02  7.90739e-02
 1.75948e-02  8.03152e-02

 1.90476e-02  7.10008e-02
 1.22312e-02  8.33363e-02
 1.21843e-02  8.08384e-02
 1.43710e-02  8.20468e-02
 1.22312e-02  8.33363e-02

 1.37270e-02  7.25587e-02
 8.65264e-03  8.44645e-02
 8.35182e-03  8.19843e-02
 1.06501e-02  8.29639e-02
 8.65264e-03  8.44645e-02

 8.28615e-03  7.36240e-02
 4.22237e-03  8.74098e-02
 3.63595e-03  8.49813e-02
 6.03233e-03  8.56877e-02
 4.22237e-03  8.74098e-02

 2.77066e-03  7.41880e-02
 2.77066e-03  8.58202e-02
 1.52150e-03  8.36566e-02
 4.01982e-03  8.36566e-02
 2.77066e-03  8.58202e-02

 2.95021e-02  6.04150e-02
 1.88043e-02  7.36209e-02
 1.91956e-02  7.11534e-02
 2.11368e-02  7.27260e-02
 1.88043e-02  7.36209e-02

 2.45460e-02  6.31167e-02
 1.46984e-02  7.56566e-02
 1.50522e-02  7.31834e-02
 1.70171e-02  7.47265e-02
 1.46984e-02  7.56566e-02

 1.93491e-02  6.53207e-02
 1.00788e-02  7.73401e-02
 1.04110e-02  7.48640e-02
 1.23893e-02  7.63898e-02
 1.00788e-02  7.73401e-02

 1.39613e-02  6.70056e-02
 7.29424e-03  7.73574e-02
 7.41556e-03  7.48621e-02
 9.51596e-03  7.62148e-02
 7.29424e-03  7.73574e-02

 8.43432e-03  6.81554e-02
 3.21257e-03  7.92552e-02
 3.00325e-03  7.67656e-02
 5.26392e-03  7.78291e-02
 3.21257e-03  7.92552e-02

 2.82131e-03  6.87588e-02
 2.82131e-03  7.77473e-02
 1.57215e-03  7.55837e-02
 4.07047e-03  7.55837e-02
 2.82131e-03  7.77473e-02

 2.98552e-02  5.43666e-02
 1.62118e-02  6.84064e-02
 1.68238e-02  6.59842e-02
 1.86155e-02  6.77253e-02
 1.62118e-02  6.84064e-02

 2.48948e-02  5.72719e-02
 1.28498e-02  6.95089e-02
 1.34773e-02  6.70907e-02
 1.52578e-02  6.88432e-02
 1.28498e-02  6.95089e-02

 1.96580e-02  5.96439e-02
 8.95797e-03  7.00349e-02
 9.63987e-03  6.76314e-02
 1.13804e-02  6.94237e-02
 8.95797e-03  7.00349e-02

 1.42022e-02  6.14566e-02
 6.68602e-03  6.94067e-02
 7.26470e-03  6.69764e-02
 9.08013e-03  6.86927e-02
 6.68602e-03  6.94067e-02

 8.58693e-03  6.26901e-02
 2.83254e-03  7.04135e-02
 3.12352e-03  6.79321e-02
 5.12692e-03  6.94248e-02
 2.83254e-03  7.04135e-02

 2.87349e-03  6.33311e-02
 2.87349e-03  6.94427e-02
 1.62433e-03  6.72791e-02
 4.12265e-03  6.72791e-02
 2.87349e-03  6.94427e-02

 3.02108e-02  4.83188e-02
 1.60126e-02  6.13643e-02
 1.67607e-02  5.89806e-02
 1.84510e-02  6.08202e-02
 1.60126e-02  6.13643e-02

 2.52499e-02  5.14291e-02
 1.34903e-02  6.19295e-02
 1.42722e-02  5.95567e-02
 1.59361e-02  6.14202e-02
 1.34903e-02  6.19295e-02

 1.99746e-02  5.39705e-02
 1.01194e-02  6.19494e-02
 1.10150e-02  5.96171e-02
 1.25870e-02  6.15588e-02
 1.01194e-02  6.19494e-02

 1.44499e-02  5.59116e-02
 7.78286e-03  6.13852e-02
 8.66246e-03  5.90468e-02
 1.02477e-02  6.09777e-02
 7.78286e-03  6.13852e-02

 8.74398e-03  5.72284e-02
 3.60118e-03  6.18696e-02
 4.37051e-03  5.94926e-02
 6.04432e-03  6.13474e-02
 3.60118e-03  6.18696e-02

 2.92720e-03  5.79048e-02
 2.92720e-03  6.15381e-02
 1.67803e-03  5.93745e-02
 4.17636e-03  5.93745e-02
 2.92720e-03  6.15381e-02

 3.05691e-02  4.22715e-02
 2.18974e-02  4.90652e-02
 2.28302e-02  4.67476e-02
 2.43710e-02  4.87142e-02
 2.18974e-02  4.90652e-02

 2.56115e-02  4.55882e-02
 1.83521e-02  4.99765e-02
 1.95575e-02  4.77882e-02
 2.08499e-02  4.99262e-02
 1.83521e-02  4.99765e-02

 2.02987e-02  4.83004e-02
 1.43115e-02  5.09951e-02
 1.57718e-02  4.89680e-02
 1.67972e-02  5.12463e-02
 1.43115e-02  5.09951e-02

 1.47043e-02  5.03707e-02
 1.06950e-02  5.16200e-02
 1.23890e-02  4.97838e-02
 1.31322e-02  5.21690e-02
 1.06950e-02  5.16200e-02

 8.90546e-03  5.17703e-02
 5.69736e-03  5.23582e-02
 7.60037e-03  5.07395e-02
 8.05070e-03  5.31969e-02
 5.69736e-03  5.23582e-02

 2.98242e-03  5.24799e-02
 2.95286e-03  5.24817e-02
 5.03711e-03  5.11042e-02
 5.18795e-03  5.35980e-02
 2.95286e-03  5.24817e-02

