#[ Fluid velocity 2D plot data file: flw.dat ]
 2.45980e-03 -1.12229e-01
 2.46005e-03 -1.12229e-01
 2.70409e-04 -1.11026e-01
 3.23438e-04 -1.13524e-01
 2.46005e-03 -1.12229e-01

 7.37400e-03 -1.11995e-01
 6.36271e-03 -1.12059e-01
 8.60143e-03 -1.13168e-01
 8.44244e-03 -1.10675e-01
 6.36271e-03 -1.12059e-01

 1.22723e-02 -1.11537e-01
 1.10012e-02 -1.11672e-01
 1.32850e-02 -1.12685e-01
 1.30203e-02 -1.10201e-01
 1.10012e-02 -1.11672e-01

 1.71443e-02 -1.10855e-01
 1.51234e-02 -1.11157e-01
 1.74481e-02 -1.12072e-01
 1.70783e-02 -1.09602e-01
 1.51234e-02 -1.11157e-01

 2.19798e-02 -1.09951e-01
 1.95325e-02 -1.10424e-01
 2.18939e-02 -1.11240e-01
 2.14196e-02 -1.08787e-01
 1.95325e-02 -1.10424e-01

 2.67687e-02 -1.08827e-01
 2.38119e-02 -1.09530e-01
 2.62059e-02 -1.10245e-01
 2.56278e-02 -1.07814e-01
 2.38119e-02 -1.09530e-01

 2.49946e-03 -1.06791e-01
 2.49946e-03 -1.06214e-01
 1.25030e-03 -1.08377e-01
 3.74862e-03 -1.08377e-01
 2.49946e-03 -1.06214e-01

 7.49085e-03 -1.06504e-01
 4.71296e-03 -1.05901e-01
 6.56239e-03 -1.07581e-01
 7.09230e-03 -1.05139e-01
 4.71296e-03 -1.05901e-01

 1.24603e-02 -1.05957e-01
 8.94445e-03 -1.05679e-01
 1.10029e-02 -1.07095e-01
 1.11998e-02 -1.04605e-01
 8.94445e-03 -1.05679e-01

 1.73943e-02 -1.05152e-01
 1.22807e-02 -1.05120e-01
 1.44367e-02 -1.06383e-01
 1.44519e-02 -1.03884e-01
 1.22807e-02 -1.05120e-01

 2.22792e-02 -1.04089e-01
 1.64409e-02 -1.04715e-01
 1.87254e-02 -1.05727e-01
 1.84589e-02 -1.03243e-01
 1.64409e-02 -1.04715e-01

 2.71017e-02 -1.02773e-01
 2.05673e-02 -1.04004e-01
 2.29248e-02 -1.04831e-01
 2.24623e-02 -1.02376e-01
 2.05673e-02 -1.04004e-01

 2.54072e-03 -1.01354e-01
 2.54072e-03 -9.81300e-02
 1.29156e-03 -1.00294e-01
 3.78988e-03 -1.00294e-01
 2.54072e-03 -9.81300e-02

 7.61220e-03 -1.01016e-01
 3.66509e-03 -9.77527e-02
 4.53647e-03 -1.00094e-01
 6.12853e-03 -9.81687e-02
 3.66509e-03 -9.77527e-02

 1.26550e-02 -1.00382e-01
 7.60736e-03 -9.83660e-02
 9.15347e-03 -1.00328e-01
 1.00799e-02 -9.80083e-02
 7.60736e-03 -9.83660e-02

 1.76516e-02 -9.94515e-02
 1.04557e-02 -9.82608e-02
 1.23863e-02 -9.98464e-02
 1.27942e-02 -9.73816e-02
 1.04557e-02 -9.82608e-02

 2.25847e-02 -9.82294e-02
 1.46158e-02 -9.85462e-02
 1.68273e-02 -9.97084e-02
 1.67281e-02 -9.72121e-02
 1.46158e-02 -9.85462e-02

 2.74372e-02 -9.67195e-02
 1.86413e-02 -9.80774e-02
 2.09702e-02 -9.89818e-02
 2.05890e-02 -9.65127e-02
 1.86413e-02 -9.80774e-02

 2.58357e-03 -9.59181e-02
 2.58357e-03 -9.14156e-02
 1.33441e-03 -9.35792e-02
 3.83273e-03 -9.35792e-02
 2.58357e-03 -9.14156e-02

 7.73804e-03 -9.55317e-02
 2.60398e-03 -9.05488e-02
 3.28657e-03 -9.29520e-02
 5.02657e-03 -9.11593e-02
 2.60398e-03 -9.05488e-02

 1.28562e-02 -9.48095e-02
 6.39727e-03 -9.16247e-02
 7.78535e-03 -9.37019e-02
 8.89024e-03 -9.14612e-02
 6.39727e-03 -9.16247e-02

 1.79161e-02 -9.37548e-02
 9.03832e-03 -9.18188e-02
 1.08861e-02 -9.35003e-02
 1.14184e-02 -9.10593e-02
 9.03832e-03 -9.18188e-02

 2.28962e-02 -9.23719e-02
 1.33593e-02 -9.26161e-02
 1.55542e-02 -9.38095e-02
 1.54903e-02 -9.13120e-02
 1.33593e-02 -9.26161e-02

 2.77751e-02 -9.06670e-02
 1.73735e-02 -9.21972e-02
 1.96959e-02 -9.31182e-02
 1.93323e-02 -9.06464e-02
 1.73735e-02 -9.21972e-02

 2.62800e-03 -9.04836e-02
 2.62800e-03 -8.16978e-02
 1.37883e-03 -8.38614e-02
 3.87716e-03 -8.38614e-02
 2.62800e-03 -8.16978e-02

 7.86837e-03 -9.00500e-02
 2.17818e-03 -8.08611e-02
 2.25526e-03 -8.33583e-02
 4.37930e-03 -8.20430e-02
 2.17818e-03 -8.08611e-02

 1.30640e-02 -8.92412e-02
 6.05718e-03 -8.35402e-02
 6.94709e-03 -8.58747e-02
 8.52383e-03 -8.39368e-02
 6.05718e-03 -8.35402e-02

 1.81879e-02 -8.80613e-02
 8.81973e-03 -8.45952e-02
 1.04154e-02 -8.65175e-02
 1.12824e-02 -8.41744e-02
 8.81973e-03 -8.45952e-02

 2.32138e-02 -8.65167e-02
 1.32804e-02 -8.61391e-02
 1.53950e-02 -8.74695e-02
 1.54899e-02 -8.49730e-02
 1.32804e-02 -8.61391e-02

 2.81154e-02 -8.46152e-02
 1.73397e-02 -8.58232e-02
 1.96290e-02 -8.68235e-02
 1.93507e-02 -8.43408e-02
 1.73397e-02 -8.58232e-02

 2.67399e-03 -8.50504e-02
 2.67399e-03 -7.48490e-02
 1.42483e-03 -7.70126e-02
 3.92316e-03 -7.70126e-02
 2.67399e-03 -7.48490e-02

 8.00317e-03 -8.45714e-02
 2.56356e-03 -7.33932e-02
 2.38706e-03 -7.58853e-02
 4.63352e-03 -7.47921e-02
 2.56356e-03 -7.33932e-02

 1.32784e-02 -8.36765e-02
 6.63007e-03 -7.68778e-02
 7.24966e-03 -7.92981e-02
 9.03589e-03 -7.75514e-02
 6.63007e-03 -7.68778e-02

 1.84671e-02 -8.23712e-02
 9.65903e-03 -7.81143e-02
 1.10635e-02 -8.01805e-02
 1.21506e-02 -7.79311e-02
 9.65903e-03 -7.81143e-02

 2.35375e-02 -8.06635e-02
 1.43437e-02 -7.97025e-02
 1.63657e-02 -8.11699e-02
 1.66254e-02 -7.86851e-02
 1.43437e-02 -7.97025e-02

 2.84583e-02 -7.85641e-02
 1.86129e-02 -7.92085e-02
 2.08535e-02 -8.03137e-02
 2.06903e-02 -7.78207e-02
 1.86129e-02 -7.92085e-02

 2.72155e-03 -7.96185e-02
 2.72155e-03 -6.50780e-02
 1.47239e-03 -6.72416e-02
 3.97072e-03 -6.72416e-02
 2.72155e-03 -6.50780e-02

 8.14243e-03 -7.90961e-02
 4.03369e-03 -6.37541e-02
 3.38676e-03 -6.61672e-02
 5.80004e-03 -6.55209e-02
 4.03369e-03 -6.37541e-02

 1.34994e-02 -7.81157e-02
 8.45874e-03 -6.85146e-02
 8.35847e-03 -7.10109e-02
 1.05705e-02 -6.98496e-02
 8.45874e-03 -6.85146e-02

 1.87537e-02 -7.66844e-02
 1.23442e-02 -7.03886e-02
 1.30124e-02 -7.27959e-02
 1.47631e-02 -7.10136e-02
 1.23442e-02 -7.03886e-02

 2.38674e-02 -7.48125e-02
 1.74315e-02 -7.22897e-02
 1.89900e-02 -7.42423e-02
 1.99018e-02 -7.19163e-02
 1.74315e-02 -7.22897e-02

 2.88037e-02 -7.25137e-02
 2.22366e-02 -7.15703e-02
 2.42006e-02 -7.31144e-02
 2.45559e-02 -7.06415e-02
 2.22366e-02 -7.15703e-02

 2.77066e-03 -7.41880e-02
 2.77066e-03 -6.00827e-02
 1.52150e-03 -6.22463e-02
 4.01982e-03 -6.22463e-02
 2.77066e-03 -6.00827e-02

 8.28615e-03 -7.36240e-02
 6.55199e-03 -5.77135e-02
 5.54461e-03 -5.99997e-02
 8.02823e-03 -5.97290e-02
 6.55199e-03 -5.77135e-02

 1.37270e-02 -7.25587e-02
 1.16321e-02 -6.26214e-02
 1.08561e-02 -6.49961e-02
 1.33007e-02 -6.44808e-02
 1.16321e-02 -6.26214e-02

 1.90476e-02 -7.10008e-02
 1.65348e-02 -6.40852e-02
 1.60997e-02 -6.65454e-02
 1.84478e-02 -6.56922e-02
 1.65348e-02 -6.40852e-02

 2.42036e-02 -6.89636e-02
 2.21934e-02 -6.50655e-02
 2.20748e-02 -6.75610e-02
 2.42952e-02 -6.64159e-02
 2.21934e-02 -6.50655e-02

 2.91516e-02 -6.64640e-02
 2.74987e-02 -6.36724e-02
 2.75262e-02 -6.61706e-02
 2.96759e-02 -6.48977e-02
 2.74987e-02 -6.36724e-02

 2.82131e-03 -6.87588e-02
 2.82131e-03 -5.21609e-02
 1.57215e-03 -5.43246e-02
 4.07047e-03 -5.43246e-02
 2.82131e-03 -5.21609e-02

 8.43432e-03 -6.81554e-02
 1.04310e-02 -5.01677e-02
 8.95072e-03 -5.21803e-02
 1.14338e-02 -5.24559e-02
 1.04310e-02 -5.01677e-02

 1.39613e-02 -6.70056e-02
 1.64996e-02 -5.46759e-02
 1.48398e-02 -5.65432e-02
 1.72868e-02 -5.70470e-02
 1.64996e-02 -5.46759e-02

 1.93491e-02 -6.53207e-02
 2.30821e-02 -5.62068e-02
 2.11061e-02 -5.77355e-02
 2.34180e-02 -5.86824e-02
 2.30821e-02 -5.62068e-02

 2.45460e-02 -6.31167e-02
 2.91924e-02 -5.66950e-02
 2.69121e-02 -5.77157e-02
 2.89361e-02 -5.91802e-02
 2.91924e-02 -5.66950e-02

 2.95021e-02 -6.04150e-02
 3.52920e-02 -5.44198e-02
 3.28904e-02 -5.51083e-02
 3.46875e-02 -5.68438e-02
 3.52920e-02 -5.44198e-02

 2.87349e-03 -6.33311e-02
 2.87349e-03 -5.16881e-02
 1.62433e-03 -5.38517e-02
 4.12265e-03 -5.38517e-02
 2.87349e-03 -5.16881e-02

 8.58693e-03 -6.26901e-02
 1.46921e-02 -4.82358e-02
 1.26995e-02 -4.97429e-02
 1.50010e-02 -5.07150e-02
 1.46921e-02 -4.82358e-02

 1.42022e-02 -6.14566e-02
 2.21389e-02 -5.10068e-02
 1.98355e-02 -5.19743e-02
 2.18251e-02 -5.34854e-02
 2.21389e-02 -5.10068e-02

 1.96580e-02 -5.96439e-02
 3.03117e-02 -5.05123e-02
 2.78560e-02 -5.09719e-02
 2.94819e-02 -5.28687e-02
 3.03117e-02 -5.05123e-02

 2.48948e-02 -5.72719e-02
 3.67126e-02 -4.89320e-02
 3.42246e-02 -4.91589e-02
 3.56651e-02 -5.12001e-02
 3.67126e-02 -4.89320e-02

 2.98552e-02 -5.43666e-02
 4.26801e-02 -4.55160e-02
 4.01898e-02 -4.57168e-02
 4.16088e-02 -4.77730e-02
 4.26801e-02 -4.55160e-02

 2.92720e-03 -5.79048e-02
 2.92720e-03 -4.66543e-02
 1.67803e-03 -4.88179e-02
 4.17636e-03 -4.88179e-02
 2.92720e-03 -4.66543e-02

 8.74398e-03 -5.72284e-02
 1.94670e-02 -4.50114e-02
 1.71010e-02 -4.58134e-02
 1.89786e-02 -4.74615e-02
 1.94670e-02 -4.50114e-02

 1.44499e-02 -5.59116e-02
 2.84228e-02 -4.47998e-02
 2.59518e-02 -4.51688e-02
 2.75069e-02 -4.71242e-02
 2.84228e-02 -4.47998e-02

 1.99746e-02 -5.39705e-02
 3.78039e-02 -4.38008e-02
 3.53056e-02 -4.37877e-02
 3.65434e-02 -4.59578e-02
 3.78039e-02 -4.38008e-02

 2.52499e-02 -5.14291e-02
 4.33723e-02 -4.03592e-02
 4.08747e-02 -4.04211e-02
 4.21770e-02 -4.25531e-02
 4.33723e-02 -4.03592e-02

 3.02108e-02 -4.83188e-02
 4.94609e-02 -3.64670e-02
 4.69636e-02 -3.65376e-02
 4.82734e-02 -3.86650e-02
 4.94609e-02 -3.64670e-02

 2.98242e-03 -5.24799e-02
 3.02842e-03 -5.24772e-02
 7.93335e-04 -5.13609e-02
 9.44175e-04 -5.38547e-02
 3.02842e-03 -5.24772e-02

 8.90546e-03 -5.17703e-02
 1.89080e-02 -4.99373e-02
 1.65547e-02 -4.90986e-02
 1.70050e-02 -5.15560e-02
 1.89080e-02 -4.99373e-02

 1.47043e-02 -5.03707e-02
 2.63904e-02 -4.67291e-02
 2.39532e-02 -4.61802e-02
 2.46964e-02 -4.85654e-02
 2.63904e-02 -4.67291e-02

 2.02987e-02 -4.83004e-02
 3.55987e-02 -4.14146e-02
 3.31131e-02 -4.11634e-02
 3.41384e-02 -4.34416e-02
 3.55987e-02 -4.14146e-02

 2.56115e-02 -4.55882e-02
 3.94454e-02 -3.72253e-02
 3.69476e-02 -3.72756e-02
 3.82401e-02 -3.94136e-02
 3.94454e-02 -3.72253e-02

 3.05691e-02 -4.22715e-02
 4.55016e-02 -3.05726e-02
 4.30281e-02 -3.09237e-02
 4.45688e-02 -3.28903e-02
 4.55016e-02 -3.05726e-02

 3.62105e-02 -4.03946e-02
 5.39923e-02 -2.07391e-02
 5.16145e-02 -2.15055e-02
 5.34672e-02 -2.31816e-02
 5.39923e-02 -2.07391e-02

 3.59826e-02 -4.67171e-02
 5.29934e-02 -3.48853e-02
 5.05039e-02 -3.50953e-02
 5.19305e-02 -3.71462e-02
 5.29934e-02 -3.48853e-02

 3.57546e-02 -5.30396e-02
 4.64414e-02 -4.40816e-02
 4.39808e-02 -4.45142e-02
 4.55858e-02 -4.64289e-02
 4.64414e-02 -4.40816e-02

 3.55267e-02 -5.93621e-02
 3.90383e-02 -5.63691e-02
 3.65813e-02 -5.68219e-02
 3.82019e-02 -5.87233e-02
 3.90383e-02 -5.63691e-02

 3.52987e-02 -6.56846e-02
 3.15562e-02 -6.52968e-02
 3.35795e-02 -6.67623e-02
 3.38371e-02 -6.42773e-02
 3.15562e-02 -6.52968e-02

 3.50707e-02 -7.20071e-02
 2.68390e-02 -7.43976e-02
 2.92652e-02 -7.49938e-02
 2.85684e-02 -7.25946e-02
 2.68390e-02 -7.43976e-02

 3.48428e-02 -7.83296e-02
 2.39681e-02 -8.15867e-02
 2.63991e-02 -8.21626e-02
 2.56823e-02 -7.97693e-02
 2.39681e-02 -8.15867e-02

 3.46148e-02 -8.46521e-02
 2.33754e-02 -8.82657e-02
 2.58175e-02 -8.87927e-02
 2.50528e-02 -8.64143e-02
 2.33754e-02 -8.82657e-02

 3.43869e-02 -9.09746e-02
 2.40800e-02 -9.41168e-02
 2.65139e-02 -9.46807e-02
 2.57854e-02 -9.22910e-02
 2.40800e-02 -9.41168e-02

 3.41589e-02 -9.72971e-02
 2.58533e-02 -9.98259e-02
 2.82869e-02 -1.00391e-01
 2.75592e-02 -9.80007e-02
 2.58533e-02 -9.98259e-02

 3.39310e-02 -1.03620e-01
 2.85186e-02 -1.05263e-01
 3.09518e-02 -1.05830e-01
 3.02259e-02 -1.03439e-01
 2.85186e-02 -1.05263e-01

 3.25715e-02 -1.08703e-01
 3.05786e-02 -1.09359e-01
 3.30246e-02 -1.09869e-01
 3.22424e-02 -1.07496e-01
 3.05786e-02 -1.09359e-01

 4.27359e-02 -4.02461e-02
 5.72751e-02 -2.15337e-02
 5.49612e-02 -2.24758e-02
 5.69341e-02 -2.40086e-02
 5.72751e-02 -2.15337e-02

 4.27526e-02 -4.68905e-02
 5.24666e-02 -3.67293e-02
 5.00686e-02 -3.74301e-02
 5.18745e-02 -3.91565e-02
 5.24666e-02 -3.67293e-02

 4.27694e-02 -5.35349e-02
 4.67340e-02 -4.81782e-02
 4.44428e-02 -4.91742e-02
 4.64509e-02 -5.06605e-02
 4.67340e-02 -4.81782e-02

 4.27862e-02 -6.01793e-02
 4.00300e-02 -6.12368e-02
 4.24975e-02 -6.16280e-02
 4.16025e-02 -5.92955e-02
 4.00300e-02 -6.12368e-02

 4.28029e-02 -6.68237e-02
 3.48502e-02 -7.04447e-02
 3.73370e-02 -7.06850e-02
 3.63017e-02 -6.84113e-02
 3.48502e-02 -7.04447e-02

 4.28197e-02 -7.34681e-02
 3.17598e-02 -7.89866e-02
 3.42535e-02 -7.91383e-02
 3.31381e-02 -7.69029e-02
 3.17598e-02 -7.89866e-02

 4.28364e-02 -8.01124e-02
 3.10214e-02 -8.57489e-02
 3.35120e-02 -8.59448e-02
 3.24363e-02 -8.36899e-02
 3.10214e-02 -8.57489e-02

 4.28532e-02 -8.67568e-02
 3.20212e-02 -9.17308e-02
 3.45087e-02 -9.19631e-02
 3.34662e-02 -8.96927e-02
 3.20212e-02 -9.17308e-02

 4.28699e-02 -9.34012e-02
 3.40706e-02 -9.71769e-02
 3.65515e-02 -9.74717e-02
 3.55663e-02 -9.51758e-02
 3.40706e-02 -9.71769e-02

 4.28867e-02 -1.00046e-01
 3.70581e-02 -1.02377e-01
 3.95309e-02 -1.02733e-01
 3.86030e-02 -1.00414e-01
 3.70581e-02 -1.02377e-01

 4.17449e-02 -1.05468e-01
 3.93595e-02 -1.06486e-01
 4.18398e-02 -1.06786e-01
 4.08593e-02 -1.04488e-01
 3.93595e-02 -1.06486e-01

 4.92708e-02 -4.00910e-02
 5.63138e-02 -2.71205e-02
 5.41836e-02 -2.84258e-02
 5.63791e-02 -2.96180e-02
 5.63138e-02 -2.71205e-02

 4.95512e-02 -4.70442e-02
 5.22802e-02 -4.23478e-02
 5.01131e-02 -4.35910e-02
 5.22732e-02 -4.48462e-02
 5.22802e-02 -4.23478e-02

 4.98317e-02 -5.39974e-02
 4.73921e-02 -5.47917e-02
 4.98361e-02 -5.53096e-02
 4.90626e-02 -5.29340e-02
 4.73921e-02 -5.47917e-02

 5.01122e-02 -6.09505e-02
 4.24723e-02 -6.66032e-02
 4.49546e-02 -6.63205e-02
 4.34686e-02 -6.43121e-02
 4.24723e-02 -6.66032e-02

 5.03927e-02 -6.79037e-02
 3.96938e-02 -7.54501e-02
 4.21819e-02 -7.52238e-02
 4.07419e-02 -7.31822e-02
 3.96938e-02 -7.54501e-02

 5.06731e-02 -7.48568e-02
 3.88616e-02 -8.29866e-02
 4.13520e-02 -8.27889e-02
 3.99356e-02 -8.07309e-02
 3.88616e-02 -8.29866e-02

 5.09536e-02 -8.18100e-02
 4.01096e-02 -8.88465e-02
 4.26046e-02 -8.87167e-02
 4.12447e-02 -8.66209e-02
 4.01096e-02 -8.88465e-02

 5.12341e-02 -8.87631e-02
 4.25402e-02 -9.41408e-02
 4.50373e-02 -9.40649e-02
 4.37231e-02 -9.19402e-02
 4.25402e-02 -9.41408e-02

 5.15146e-02 -9.57163e-02
 4.58723e-02 -9.90340e-02
 4.83706e-02 -9.90141e-02
 4.71042e-02 -9.68605e-02
 4.58723e-02 -9.90340e-02

 5.06129e-02 -1.01466e-01
 4.80866e-02 -1.02808e-01
 5.05834e-02 -1.02896e-01
 4.94115e-02 -1.00690e-01
 4.80866e-02 -1.02808e-01

 5.58147e-02 -3.99288e-02
 5.55241e-02 -3.61831e-02
 5.44461e-02 -3.84368e-02
 5.69369e-02 -3.82436e-02
 5.55241e-02 -3.61831e-02

 5.63771e-02 -4.71764e-02
 5.29469e-02 -4.98716e-02
 5.54199e-02 -4.95171e-02
 5.38764e-02 -4.75526e-02
 5.29469e-02 -4.98716e-02

 5.69395e-02 -5.44239e-02
 4.98077e-02 -6.17398e-02
 5.22125e-02 -6.10625e-02
 5.04236e-02 -5.93185e-02
 4.98077e-02 -6.17398e-02

 5.75018e-02 -6.16715e-02
 4.71585e-02 -7.14290e-02
 4.95895e-02 -7.08529e-02
 4.78752e-02 -6.90356e-02
 4.71585e-02 -7.14290e-02

 5.80642e-02 -6.89191e-02
 4.65924e-02 -7.88587e-02
 4.90456e-02 -7.83859e-02
 4.74096e-02 -7.64978e-02
 4.65924e-02 -7.88587e-02

 5.86266e-02 -7.61666e-02
 4.78895e-02 -8.48466e-02
 5.03574e-02 -8.44578e-02
 4.87868e-02 -8.25149e-02
 4.78895e-02 -8.48466e-02

 5.91890e-02 -8.34142e-02
 5.06819e-02 -8.97292e-02
 5.31637e-02 -8.94426e-02
 5.16746e-02 -8.74366e-02
 5.06819e-02 -8.97292e-02

 5.97513e-02 -9.06618e-02
 5.42962e-02 -9.44515e-02
 5.67858e-02 -9.42430e-02
 5.53604e-02 -9.21912e-02
 5.42962e-02 -9.44515e-02

 5.91113e-02 -9.67234e-02
 5.67721e-02 -9.82331e-02
 5.92674e-02 -9.81094e-02
 5.79126e-02 -9.60103e-02
 5.67721e-02 -9.82331e-02

 6.23673e-02 -3.97588e-02
 5.75645e-02 -4.49675e-02
 5.99496e-02 -4.42237e-02
 5.81128e-02 -4.25301e-02
 5.75645e-02 -4.49675e-02

 6.32289e-02 -4.72853e-02
 5.62268e-02 -5.66315e-02
 5.85238e-02 -5.56489e-02
 5.65243e-02 -5.41509e-02
 5.62268e-02 -5.66315e-02

 6.40904e-02 -5.48117e-02
 5.48264e-02 -6.61906e-02
 5.71611e-02 -6.53014e-02
 5.52237e-02 -6.37241e-02
 5.48264e-02 -6.61906e-02

 6.49519e-02 -6.23382e-02
 5.43830e-02 -7.40104e-02
 5.67612e-02 -7.32450e-02
 5.49093e-02 -7.15681e-02
 5.43830e-02 -7.40104e-02

 6.58135e-02 -6.98647e-02
 5.57755e-02 -7.99741e-02
 5.81863e-02 -7.93190e-02
 5.64135e-02 -7.75587e-02
 5.57755e-02 -7.99741e-02

 6.66750e-02 -7.73911e-02
 5.86424e-02 -8.48941e-02
 6.10762e-02 -8.43301e-02
 5.93709e-02 -8.25043e-02
 5.86424e-02 -8.48941e-02

 6.75366e-02 -8.49176e-02
 6.25192e-02 -8.93336e-02
 6.49686e-02 -8.88419e-02
 6.33180e-02 -8.69665e-02
 6.25192e-02 -8.93336e-02

 6.71786e-02 -9.12750e-02
 6.49355e-02 -9.30088e-02
 6.74113e-02 -9.26740e-02
 6.58834e-02 -9.06973e-02
 6.49355e-02 -9.30088e-02

 6.89281e-02 -3.95805e-02
 6.22448e-02 -5.04777e-02
 6.44408e-02 -4.92864e-02
 6.23111e-02 -4.79802e-02
 6.22448e-02 -5.04777e-02

 7.01050e-02 -4.73692e-02
 6.18653e-02 -5.98059e-02
 6.41017e-02 -5.86921e-02
 6.20190e-02 -5.73123e-02
 6.18653e-02 -5.98059e-02

 7.12820e-02 -5.51580e-02
 6.19295e-02 -6.77165e-02
 6.42237e-02 -6.67274e-02
 6.22200e-02 -6.52352e-02
 6.19295e-02 -6.77165e-02

 7.24590e-02 -6.29467e-02
 6.31225e-02 -7.41307e-02
 6.54680e-02 -7.32703e-02
 6.35501e-02 -7.16693e-02
 6.31225e-02 -7.41307e-02

 7.36360e-02 -7.07355e-02
 6.60264e-02 -7.90564e-02
 6.84083e-02 -7.83028e-02
 6.65647e-02 -7.66167e-02
 6.60264e-02 -7.90564e-02

 7.48130e-02 -7.85242e-02
 7.00587e-02 -8.33362e-02
 7.24679e-02 -8.26751e-02
 7.06907e-02 -8.09192e-02
 7.00587e-02 -8.33362e-02

 7.47565e-02 -8.51596e-02
 7.27737e-02 -8.69809e-02
 7.52121e-02 -8.64372e-02
 7.35221e-02 -8.45973e-02
 7.27737e-02 -8.69809e-02

 7.54964e-02 -3.93933e-02
 6.82780e-02 -5.23114e-02
 7.04239e-02 -5.10320e-02
 6.82429e-02 -4.98133e-02
 6.82780e-02 -5.23114e-02

 7.70041e-02 -4.74267e-02
 6.87808e-02 -6.05356e-02
 7.09888e-02 -5.93666e-02
 6.88724e-02 -5.80390e-02
 6.87808e-02 -6.05356e-02

 7.85117e-02 -5.54601e-02
 7.00734e-02 -6.73803e-02
 7.23430e-02 -6.63361e-02
 7.03039e-02 -6.48926e-02
 7.00734e-02 -6.73803e-02

 8.00193e-02 -6.34934e-02
 7.28911e-02 -7.27127e-02
 7.52028e-02 -7.17652e-02
 7.32263e-02 -7.02370e-02
 7.28911e-02 -7.27127e-02

 8.15270e-02 -7.15268e-02
 7.70905e-02 -7.68455e-02
 7.94356e-02 -7.59841e-02
 7.75171e-02 -7.43838e-02
 7.70905e-02 -7.68455e-02

 8.17899e-02 -7.84212e-02
 7.99883e-02 -8.03826e-02
 8.23719e-02 -7.96342e-02
 8.05319e-02 -7.79442e-02
 7.99883e-02 -8.03826e-02

 8.20718e-02 -3.91969e-02
 7.49501e-02 -5.24914e-02
 7.70729e-02 -5.11741e-02
 7.48706e-02 -4.99944e-02
 7.49501e-02 -5.24914e-02

 8.39242e-02 -4.74562e-02
 7.63145e-02 -5.99798e-02
 7.85056e-02 -5.87795e-02
 7.63705e-02 -5.74821e-02
 7.63145e-02 -5.99798e-02

 8.57766e-02 -5.57156e-02
 7.91318e-02 -6.56939e-02
 8.13707e-02 -6.45854e-02
 7.92913e-02 -6.32007e-02
 7.91318e-02 -6.56939e-02

 8.76290e-02 -6.39750e-02
 8.33341e-02 -6.98443e-02
 8.56199e-02 -6.88359e-02
 8.36037e-02 -6.73605e-02
 8.33341e-02 -6.98443e-02

 8.82279e-02 -7.11080e-02
 8.66109e-02 -7.32001e-02
 8.89224e-02 -7.22522e-02
 8.69457e-02 -7.07243e-02
 8.66109e-02 -7.32001e-02

 8.86536e-02 -3.89906e-02
 8.19476e-02 -5.20764e-02
 8.40461e-02 -5.07206e-02
 8.18227e-02 -4.95812e-02
 8.19476e-02 -5.20764e-02

 9.08637e-02 -4.74565e-02
 8.47063e-02 -5.84089e-02
 8.68555e-02 -5.71351e-02
 8.46777e-02 -5.59107e-02
 8.47063e-02 -5.84089e-02

 9.30737e-02 -5.59224e-02
 8.89429e-02 -6.25097e-02
 9.11507e-02 -6.13403e-02
 8.90341e-02 -6.00130e-02
 8.89429e-02 -6.25097e-02

 9.40239e-02 -6.32726e-02
 9.24949e-02 -6.56418e-02
 9.47177e-02 -6.45013e-02
 9.26186e-02 -6.31465e-02
 9.24949e-02 -6.56418e-02

 9.52413e-02 -3.87743e-02
 8.97387e-02 -5.06338e-02
 9.17825e-02 -4.91969e-02
 8.95162e-02 -4.81454e-02
 8.97387e-02 -5.06338e-02

 9.78206e-02 -4.74263e-02
 9.38740e-02 -5.48621e-02
 9.59917e-02 -5.35366e-02
 9.37849e-02 -5.23653e-02
 9.38740e-02 -5.48621e-02

 9.91357e-02 -5.49712e-02
 9.77239e-02 -5.76294e-02
 9.98420e-02 -5.63045e-02
 9.76356e-02 -5.51327e-02
 9.77239e-02 -5.76294e-02

 1.01834e-01 -3.85474e-02
 9.83222e-02 -4.69100e-02
 1.00312e-01 -4.53989e-02
 9.80082e-02 -4.44315e-02
 9.83222e-02 -4.69100e-02

 1.03526e-01 -4.62635e-02
 1.02172e-01 -4.94366e-02
 1.04170e-01 -4.79369e-02
 1.01872e-01 -4.69564e-02
 1.02172e-01 -4.94366e-02

 1.07163e-01 -3.72121e-02
 1.06073e-01 -4.05208e-02
 1.07936e-01 -3.88570e-02
 1.05564e-01 -3.80749e-02
 1.06073e-01 -4.05208e-02

 1.07478e-01 -3.14796e-02
 1.05926e-01 -3.69606e-02
 1.07717e-01 -3.52192e-02
 1.05313e-01 -3.45385e-02
 1.05926e-01 -3.69606e-02

 1.08809e-01 -2.67494e-02
 1.07411e-01 -3.26304e-02
 1.09127e-01 -3.08146e-02
 1.06696e-01 -3.02365e-02
 1.07411e-01 -3.26304e-02

 1.09924e-01 -2.19630e-02
 1.08730e-01 -2.81353e-02
 1.10367e-01 -2.62483e-02
 1.07914e-01 -2.57739e-02
 1.08730e-01 -2.81353e-02

 1.10818e-01 -1.71304e-02
 1.09848e-01 -2.36078e-02
 1.11404e-01 -2.16530e-02
 1.08933e-01 -2.12831e-02
 1.09848e-01 -2.36078e-02

 1.11490e-01 -1.22618e-02
 1.10769e-01 -1.90277e-02
 1.12241e-01 -1.70086e-02
 1.09757e-01 -1.67440e-02
 1.10769e-01 -1.90277e-02

 1.11939e-01 -7.36740e-03
 1.11491e-01 -1.43949e-02
 1.12875e-01 -1.23152e-02
 1.10382e-01 -1.21562e-02
 1.11491e-01 -1.43949e-02

 1.12164e-01 -2.45752e-03
 1.12010e-01 -9.72315e-03
 1.13305e-01 -7.58654e-03
 1.10807e-01 -7.53351e-03
 1.12010e-01 -9.72315e-03

 1.12164e-01  2.45752e-03
 1.12322e-01 -5.00547e-03
 1.13525e-01 -2.81584e-03
 1.11028e-01 -2.86886e-03
 1.12322e-01 -5.00547e-03

 1.11939e-01  7.36740e-03
 1.12425e-01 -2.56741e-04
 1.13534e-01  1.98198e-03
 1.11041e-01  1.82299e-03
 1.12425e-01 -2.56741e-04

 1.11490e-01  1.22618e-02
 1.12313e-01  4.53921e-03
 1.13326e-01  6.82298e-03
 1.10842e-01  6.55832e-03
 1.12313e-01  4.53921e-03

 1.10818e-01  1.71304e-02
 1.11982e-01  9.35085e-03
 1.12898e-01  1.16756e-02
 1.10427e-01  1.13057e-02
 1.11982e-01  9.35085e-03

 1.09924e-01  2.19630e-02
 1.11417e-01  1.42407e-02
 1.12233e-01  1.66021e-02
 1.09780e-01  1.61277e-02
 1.11417e-01  1.42407e-02

 1.08809e-01  2.67494e-02
 1.10634e-01  1.90775e-02
 1.11349e-01  2.14715e-02
 1.08918e-01  2.08934e-02
 1.10634e-01  1.90775e-02

 1.07478e-01  3.14796e-02
 1.09557e-01  2.41360e-02
 1.10170e-01  2.65581e-02
 1.07766e-01  2.58774e-02
 1.09557e-01  2.41360e-02

 1.01186e-01 -3.17882e-02
 9.71251e-02 -4.32323e-02
 9.90258e-02 -4.16109e-02
 9.66713e-02 -4.07755e-02
 9.71251e-02 -4.32323e-02

 1.02724e-01 -2.70467e-02
 9.90867e-02 -3.89352e-02
 1.00914e-01 -3.72316e-02
 9.85251e-02 -3.65008e-02
 9.90867e-02 -3.89352e-02

 1.04012e-01 -2.22310e-02
 1.00888e-01 -3.45495e-02
 1.02630e-01 -3.27593e-02
 1.00209e-01 -3.21452e-02
 1.00888e-01 -3.45495e-02

 1.05047e-01 -1.73543e-02
 1.02457e-01 -3.00276e-02
 1.04114e-01 -2.81578e-02
 1.01666e-01 -2.76577e-02
 1.02457e-01 -3.00276e-02

 1.05825e-01 -1.24300e-02
 1.03815e-01 -2.54126e-02
 1.05381e-01 -2.34655e-02
 1.02912e-01 -2.30833e-02
 1.03815e-01 -2.54126e-02

 1.06345e-01 -7.47169e-03
 1.04944e-01 -2.06843e-02
 1.06414e-01 -1.86645e-02
 1.03930e-01 -1.84010e-02
 1.04944e-01 -2.06843e-02

 1.06606e-01 -2.49284e-03
 1.05839e-01 -1.58736e-02
 1.07210e-01 -1.37850e-02
 1.04716e-01 -1.36421e-02
 1.05839e-01 -1.58736e-02

 1.06606e-01  2.49284e-03
 1.06497e-01 -1.09716e-02
 1.07764e-01 -8.81819e-03
 1.05265e-01 -8.79799e-03
 1.06497e-01 -1.09716e-02

 1.06345e-01  7.47169e-03
 1.06912e-01 -6.00753e-03
 1.08069e-01 -3.79340e-03
 1.05573e-01 -3.89824e-03
 1.06912e-01 -6.00753e-03

 1.05825e-01  1.24300e-02
 1.07083e-01 -9.72726e-04
 1.08125e-01  1.29815e-03
 1.05637e-01  1.06468e-03
 1.07083e-01 -9.72726e-04

 1.05047e-01  1.73543e-02
 1.07013e-01  4.08495e-03
 1.07932e-01  6.40831e-03
 1.05460e-01  6.04206e-03
 1.07013e-01  4.08495e-03

 1.04012e-01  2.22310e-02
 1.06687e-01  9.20370e-03
 1.07476e-01  1.15744e-02
 1.05028e-01  1.10718e-02
 1.06687e-01  9.20370e-03

 1.02724e-01  2.70467e-02
 1.06126e-01  1.42513e-02
 1.06777e-01  1.66632e-02
 1.04363e-01  1.60212e-02
 1.06126e-01  1.42513e-02

 1.01186e-01  3.17882e-02
 1.05224e-01  1.93845e-02
 1.05742e-01  2.18286e-02
 1.03366e-01  2.10551e-02
 1.05224e-01  1.93845e-02

 9.48956e-02 -3.21001e-02
 8.94465e-02 -4.54220e-02
 9.14218e-02 -4.38923e-02
 8.91095e-02 -4.29465e-02
 8.94465e-02 -4.54220e-02

 9.66440e-02 -2.73523e-02
 9.19222e-02 -4.10714e-02
 9.38075e-02 -3.94321e-02
 9.14452e-02 -3.86190e-02
 9.19222e-02 -4.10714e-02

 9.81104e-02 -2.25097e-02
 9.41334e-02 -3.65655e-02
 9.59244e-02 -3.48238e-02
 9.35204e-02 -3.41436e-02
 9.41334e-02 -3.65655e-02

 9.92898e-02 -1.75890e-02
 9.60874e-02 -3.18782e-02
 9.77795e-02 -3.00401e-02
 9.53416e-02 -2.94938e-02
 9.60874e-02 -3.18782e-02

 1.00178e-01 -1.26073e-02
 9.77743e-02 -2.70699e-02
 9.93612e-02 -2.51403e-02
 9.68967e-02 -2.47308e-02
 9.77743e-02 -2.70699e-02

 1.00772e-01 -7.58193e-03
 9.91817e-02 -2.21192e-02
 1.00659e-01 -2.01042e-02
 9.81752e-02 -1.98326e-02
 9.91817e-02 -2.21192e-02

 1.01069e-01 -2.53024e-03
 1.00297e-01 -1.70735e-02
 1.01659e-01 -1.49792e-02
 9.91640e-02 -1.48467e-02
 1.00297e-01 -1.70735e-02

 1.01069e-01  2.53024e-03
 1.01116e-01 -1.19316e-02
 1.02358e-01 -9.76388e-03
 9.98602e-02 -9.77205e-03
 1.01116e-01 -1.19316e-02

 1.00772e-01  7.58193e-03
 1.01627e-01 -6.73622e-03
 1.02745e-01 -4.50194e-03
 1.00251e-01 -4.65097e-03
 1.01627e-01 -6.73622e-03

 1.00178e-01  1.26073e-02
 1.01831e-01 -1.49821e-03
 1.02820e-01  7.96128e-04
 1.00339e-01  5.05250e-04
 1.01831e-01 -1.49821e-03

 9.92898e-02  1.75890e-02
 1.01726e-01  3.72906e-03
 1.02581e-01  6.07624e-03
 1.00121e-01  5.64379e-03
 1.01726e-01  3.72906e-03

 9.81104e-02  2.25097e-02
 1.01292e-01  8.93606e-03
 1.02014e-01  1.13276e-02
 9.95821e-02  1.07575e-02
 1.01292e-01  8.93606e-03

 9.66440e-02  2.73523e-02
 1.00553e-01  1.40338e-02
 1.01142e-01  1.64616e-02
 9.87450e-02  1.57580e-02
 1.00553e-01  1.40338e-02

 9.48956e-02  3.21001e-02
 9.94348e-02  1.90544e-02
 9.99036e-02  2.15083e-02
 9.75440e-02  2.06873e-02
 9.94348e-02  1.90544e-02

 8.86078e-02 -3.24155e-02
 8.26016e-02 -4.60576e-02
 8.46167e-02 -4.45808e-02
 8.23302e-02 -4.35741e-02
 8.26016e-02 -4.60576e-02

 9.05712e-02 -2.76667e-02
 8.54176e-02 -4.16326e-02
 8.73386e-02 -4.00353e-02
 8.49947e-02 -3.91704e-02
 8.54176e-02 -4.16326e-02

 9.22203e-02 -2.27996e-02
 8.79435e-02 -3.69994e-02
 8.97635e-02 -3.52879e-02
 8.73713e-02 -3.45674e-02
 8.79435e-02 -3.69994e-02

 9.35483e-02 -1.78350e-02
 9.01435e-02 -3.21956e-02
 9.18581e-02 -3.03785e-02
 8.94272e-02 -2.98022e-02
 9.01435e-02 -3.21956e-02

 9.45492e-02 -1.27941e-02
 9.20262e-02 -2.72499e-02
 9.36287e-02 -2.53333e-02
 9.11676e-02 -2.49037e-02
 9.20262e-02 -2.72499e-02

 9.52189e-02 -7.69840e-03
 9.35778e-02 -2.21575e-02
 9.50630e-02 -2.01485e-02
 9.25807e-02 -1.98668e-02
 9.35778e-02 -2.21575e-02

 9.55545e-02 -2.56980e-03
 9.47810e-02 -1.69746e-02
 9.61444e-02 -1.48811e-02
 9.36496e-02 -1.47472e-02
 9.47810e-02 -1.69746e-02

 9.55545e-02  2.56980e-03
 9.56436e-02 -1.17064e-02
 9.68793e-02 -9.53501e-03
 9.43810e-02 -9.55060e-03
 9.56436e-02 -1.17064e-02

 9.52189e-02  7.69840e-03
 9.61448e-02 -6.40789e-03
 9.72496e-02 -4.16711e-03
 9.47566e-02 -4.33073e-03
 9.61448e-02 -6.40789e-03

 9.45492e-02  1.27941e-02
 9.62981e-02 -1.09911e-03
 9.72673e-02  1.20357e-03
 9.47885e-02  8.91546e-04
 9.62981e-02 -1.09911e-03

 9.35483e-02  1.78350e-02
 9.60963e-02  4.16492e-03
 9.69279e-02  6.52080e-03
 9.44718e-02  6.06300e-03
 9.60963e-02  4.16492e-03

 9.22203e-02  2.27996e-02
 9.55249e-02  9.36340e-03
 9.62212e-02  1.17627e-02
 9.37951e-02  1.11661e-02
 9.55249e-02  9.36340e-03

 9.05712e-02  2.76667e-02
 9.46115e-02  1.44294e-02
 9.51746e-02  1.68634e-02
 9.27851e-02  1.61341e-02
 9.46115e-02  1.44294e-02

 8.86078e-02  3.24155e-02
 9.32885e-02  1.93967e-02
 9.37319e-02  2.18554e-02
 9.13810e-02  2.10101e-02
 9.32885e-02  1.93967e-02

 8.23223e-02 -3.27344e-02
 7.59830e-02 -4.62086e-02
 7.80344e-02 -4.47826e-02
 7.57738e-02 -4.37191e-02
 7.59830e-02 -4.62086e-02

 8.45051e-02 -2.79902e-02
 7.89846e-02 -4.17942e-02
 8.09479e-02 -4.02492e-02
 7.86282e-02 -3.93215e-02
 7.89846e-02 -4.17942e-02

 8.63418e-02 -2.31013e-02
 8.17569e-02 -3.71841e-02
 8.36145e-02 -3.55134e-02
 8.12389e-02 -3.47400e-02
 8.17569e-02 -3.71841e-02

 8.78227e-02 -1.80928e-02
 8.41786e-02 -3.23907e-02
 8.59235e-02 -3.06026e-02
 8.35025e-02 -2.99856e-02
 8.41786e-02 -3.23907e-02

 8.89402e-02 -1.29907e-02
 8.62712e-02 -2.74425e-02
 8.78925e-02 -2.55417e-02
 8.54357e-02 -2.50880e-02
 8.62712e-02 -2.74425e-02

 8.96884e-02 -7.82140e-03
 8.79940e-02 -2.23449e-02
 8.94854e-02 -2.03406e-02
 8.70040e-02 -2.00511e-02
 8.79940e-02 -2.23449e-02

 9.00635e-02 -2.61164e-03
 8.93263e-02 -1.71499e-02
 9.06834e-02 -1.50523e-02
 8.81883e-02 -1.49258e-02
 8.93263e-02 -1.71499e-02

 9.00635e-02  2.61164e-03
 9.02781e-02 -1.18729e-02
 9.14950e-02 -9.69102e-03
 8.89970e-02 -9.72803e-03
 9.02781e-02 -1.18729e-02

 8.96884e-02  7.82140e-03
 9.08111e-02 -6.57045e-03
 9.18882e-02 -4.31624e-03
 8.93974e-02 -4.51055e-03
 9.08111e-02 -6.57045e-03

 8.89402e-02  1.29907e-02
 9.09539e-02 -1.27224e-03
 9.18883e-02  1.04475e-03
 8.94145e-02  6.95489e-04
 9.09539e-02 -1.27224e-03

 8.78227e-02  1.80928e-02
 9.06788e-02  3.97999e-03
 9.14740e-02  6.34839e-03
 8.90253e-02  5.85283e-03
 9.06788e-02  3.97999e-03

 8.63418e-02  2.31013e-02
 8.99891e-02  9.15186e-03
 9.06503e-02  1.15611e-02
 8.82332e-02  1.09291e-02
 8.99891e-02  9.15186e-03

 8.45051e-02  2.79902e-02
 8.89002e-02  1.42327e-02
 8.94317e-02  1.66738e-02
 8.70519e-02  1.59136e-02
 8.89002e-02  1.42327e-02

 8.23223e-02  3.27344e-02
 8.73864e-02  1.92015e-02
 8.77980e-02  2.16657e-02
 8.54582e-02  2.07901e-02
 8.73864e-02  1.92015e-02

 7.60390e-02 -3.30570e-02
 6.96955e-02 -4.60018e-02
 7.17693e-02 -4.46086e-02
 6.95258e-02 -4.35093e-02
 6.96955e-02 -4.60018e-02

 7.84461e-02 -2.83232e-02
 7.27435e-02 -4.18301e-02
 7.47358e-02 -4.03228e-02
 7.24342e-02 -3.93510e-02
 7.27435e-02 -4.18301e-02

 8.04752e-02 -2.34151e-02
 7.56795e-02 -3.74734e-02
 7.75603e-02 -3.58290e-02
 7.51957e-02 -3.50223e-02
 7.56795e-02 -3.74734e-02

 8.21138e-02 -1.83629e-02
 7.82551e-02 -3.27900e-02
 8.00209e-02 -3.10226e-02
 7.76074e-02 -3.03771e-02
 7.82551e-02 -3.27900e-02

 8.33516e-02 -1.31977e-02
 8.04920e-02 -2.79378e-02
 8.21304e-02 -2.60517e-02
 7.96778e-02 -2.55759e-02
 8.04920e-02 -2.79378e-02

 8.41811e-02 -7.95123e-03
 8.23436e-02 -2.28665e-02
 8.38480e-02 -2.08718e-02
 8.13684e-02 -2.05664e-02
 8.23436e-02 -2.28665e-02

 8.45971e-02 -2.65586e-03
 8.37659e-02 -1.76818e-02
 8.51327e-02 -1.55905e-02
 8.26382e-02 -1.54525e-02
 8.37659e-02 -1.76818e-02

 8.45971e-02  2.65586e-03
 8.47806e-02 -1.23781e-02
 8.60032e-02 -1.01994e-02
 8.35051e-02 -1.02298e-02
 8.47806e-02 -1.23781e-02

 8.41811e-02  7.95123e-03
 8.53287e-02 -7.03447e-03
 8.64090e-02 -4.78179e-03
 8.39180e-02 -4.97255e-03
 8.53287e-02 -7.03447e-03

 8.33516e-02  1.31977e-02
 8.54511e-02 -1.65887e-03
 8.63852e-02  6.58246e-04
 8.39115e-02  3.08662e-04
 8.54511e-02 -1.65887e-03

 8.21138e-02  1.83629e-02
 8.51170e-02  3.70420e-03
 8.59065e-02  6.07451e-03
 8.34590e-02  5.57307e-03
 8.51170e-02  3.70420e-03

 8.04752e-02  2.34151e-02
 8.43094e-02  9.05620e-03
 8.49581e-02  1.14688e-02
 8.25444e-02  1.08243e-02
 8.43094e-02  9.05620e-03

 7.84461e-02  2.83232e-02
 8.30753e-02  1.43968e-02
 8.35782e-02  1.68440e-02
 8.12074e-02  1.60559e-02
 8.30753e-02  1.43968e-02

 7.60390e-02  3.30570e-02
 8.13272e-02  1.97209e-02
 8.16908e-02  2.21927e-02
 7.93684e-02  2.12718e-02
 8.13272e-02  1.97209e-02

 6.97580e-02 -3.33835e-02
 6.36648e-02 -4.36633e-02
 6.58426e-02 -4.24390e-02
 6.36934e-02 -4.11652e-02
 6.36648e-02 -4.36633e-02

 7.23943e-02 -2.86660e-02
 6.66060e-02 -3.99050e-02
 6.87072e-02 -3.85535e-02
 6.64861e-02 -3.74096e-02
 6.66060e-02 -3.99050e-02

 7.46212e-02 -2.37417e-02
 6.95695e-02 -3.58730e-02
 7.15544e-02 -3.43559e-02
 6.92481e-02 -3.33955e-02
 6.95695e-02 -3.58730e-02

 7.64223e-02 -1.86459e-02
 7.22746e-02 -3.14571e-02
 7.41294e-02 -2.97834e-02
 7.17526e-02 -2.90139e-02
 7.22746e-02 -3.14571e-02

 7.77847e-02 -1.34155e-02
 7.46455e-02 -2.67663e-02
 7.63567e-02 -2.49460e-02
 7.39247e-02 -2.43742e-02
 7.46455e-02 -2.67663e-02

 7.86984e-02 -8.08825e-03
 7.66399e-02 -2.17928e-02
 7.81966e-02 -1.98388e-02
 7.57260e-02 -1.94676e-02
 7.66399e-02 -2.17928e-02

 7.91570e-02 -2.70259e-03
 7.81602e-02 -1.66235e-02
 7.95607e-02 -1.45546e-02
 7.70687e-02 -1.43762e-02
 7.81602e-02 -1.66235e-02

 7.91570e-02  2.70259e-03
 7.92487e-02 -1.12501e-02
 8.04836e-02 -9.07827e-03
 7.79854e-02 -9.09471e-03
 7.92487e-02 -1.12501e-02

 7.86984e-02  8.08825e-03
 7.97840e-02 -5.76571e-03
 8.08603e-02 -3.51113e-03
 7.83696e-02 -3.70630e-03
 7.97840e-02 -5.76571e-03

 7.77847e-02  1.34155e-02
 7.98567e-02 -1.45402e-04
 8.07647e-02  2.18206e-03
 7.82951e-02  1.80471e-03
 7.98567e-02 -1.45402e-04

 7.64223e-02  1.86459e-02
 7.93493e-02  5.54943e-03
 8.00965e-02  7.93341e-03
 7.76583e-02  7.38849e-03
 7.93493e-02  5.54943e-03

 7.46212e-02  2.37417e-02
 7.83289e-02  1.13325e-02
 7.89064e-02  1.37632e-02
 7.65126e-02  1.30479e-02
 7.83289e-02  1.13325e-02

 7.23943e-02  2.86660e-02
 7.66907e-02  1.72245e-02
 7.70996e-02  1.96891e-02
 7.47607e-02  1.88109e-02
 7.66907e-02  1.72245e-02

 6.97580e-02  3.33835e-02
 7.45223e-02  2.31576e-02
 7.47408e-02  2.56463e-02
 7.24762e-02  2.45912e-02
 7.45223e-02  2.31576e-02

 6.34793e-02 -3.37140e-02
 5.96933e-02 -3.78337e-02
 6.20771e-02 -3.70859e-02
 6.02376e-02 -3.53954e-02
 5.96933e-02 -3.78337e-02

 6.63500e-02 -2.90192e-02
 6.24624e-02 -3.48698e-02
 6.47002e-02 -3.37591e-02
 6.26194e-02 -3.23764e-02
 6.24624e-02 -3.48698e-02

 6.87800e-02 -2.40817e-02
 6.51632e-02 -3.12543e-02
 6.72528e-02 -2.98849e-02
 6.50220e-02 -2.87600e-02
 6.51632e-02 -3.12543e-02

 7.07490e-02 -1.89425e-02
 6.76498e-02 -2.69719e-02
 6.95943e-02 -2.54032e-02
 6.72635e-02 -2.45036e-02
 6.76498e-02 -2.69719e-02

 7.22404e-02 -1.36448e-02
 6.98166e-02 -2.22552e-02
 7.16053e-02 -2.05110e-02
 6.92004e-02 -1.98341e-02
 6.98166e-02 -2.22552e-02

 7.32416e-02 -8.23282e-03
 7.15795e-02 -1.71246e-02
 7.32049e-02 -1.52274e-02
 7.07492e-02 -1.47683e-02
 7.15795e-02 -1.71246e-02

 7.37443e-02 -2.75195e-03
 7.28232e-02 -1.17472e-02
 7.42863e-02 -9.72206e-03
 7.18010e-02 -9.46756e-03
 7.28232e-02 -1.17472e-02

 7.37443e-02  2.75195e-03
 7.35671e-02 -6.01892e-03
 7.48598e-02 -3.88098e-03
 7.23619e-02 -3.83051e-03
 7.35671e-02 -6.01892e-03

 7.32416e-02  8.23282e-03
 7.37002e-02 -2.01526e-04
 7.48301e-02  2.02672e-03
 7.23354e-02  1.89107e-03
 7.37002e-02 -2.01526e-04

 7.22404e-02  1.36448e-02
 7.32551e-02  5.96067e-03
 7.42102e-02  8.26920e-03
 7.17334e-02  7.94212e-03
 7.32551e-02  5.96067e-03

 7.07490e-02  1.89425e-02
 7.22018e-02  1.21221e-02
 7.29728e-02  1.44984e-02
 7.05293e-02  1.39780e-02
 7.22018e-02  1.21221e-02

 6.87800e-02  2.40817e-02
 7.04372e-02  1.85669e-02
 7.10109e-02  2.09984e-02
 6.86182e-02  2.02795e-02
 7.04372e-02  1.85669e-02

 6.63500e-02  2.90192e-02
 6.80952e-02  2.50284e-02
 6.83728e-02  2.75113e-02
 6.60838e-02  2.65103e-02
 6.80952e-02  2.50284e-02

 6.34793e-02  3.37140e-02
 6.49165e-02  3.16516e-02
 6.47043e-02  3.41409e-02
 6.26546e-02  3.27125e-02
 6.49165e-02  3.16516e-02

 5.72030e-02 -3.40487e-02
 5.74379e-02 -2.69142e-02
 5.61182e-02 -2.90355e-02
 5.86152e-02 -2.91177e-02
 5.74379e-02 -2.69142e-02

 6.03133e-02 -2.93833e-02
 5.98800e-02 -2.39507e-02
 5.88068e-02 -2.62068e-02
 6.12972e-02 -2.60081e-02
 5.98800e-02 -2.39507e-02

 6.29524e-02 -2.44357e-02
 6.22273e-02 -2.05725e-02
 6.13987e-02 -2.29294e-02
 6.38541e-02 -2.24685e-02
 6.22273e-02 -2.05725e-02

 6.50948e-02 -1.92533e-02
 6.43475e-02 -1.64262e-02
 6.36927e-02 -1.88372e-02
 6.61081e-02 -1.81988e-02
 6.43475e-02 -1.64262e-02

 6.67199e-02 -1.38860e-02
 6.60354e-02 -1.17384e-02
 6.55023e-02 -1.41792e-02
 6.78826e-02 -1.34205e-02
 6.60354e-02 -1.17384e-02

 6.78121e-02 -8.38535e-03
 6.72749e-02 -6.46204e-03
 6.66538e-02 -8.88194e-03
 6.90600e-02 -8.20984e-03
 6.72749e-02 -6.46204e-03

 6.83608e-02 -2.80410e-03
 6.79268e-02 -9.58060e-04
 6.72060e-02 -3.35013e-03
 6.96380e-02 -2.77836e-03
 6.79268e-02 -9.58060e-04

 6.83608e-02  2.80410e-03
 6.80497e-02  5.08931e-03
 6.71038e-02  2.77696e-03
 6.95793e-02  3.11401e-03
 6.80497e-02  5.08931e-03

 6.78121e-02  8.38535e-03
 6.74110e-02  1.11113e-02
 6.64901e-02  8.78885e-03
 6.89618e-02  9.15257e-03
 6.74110e-02  1.11113e-02

 6.67199e-02  1.38860e-02
 6.62211e-02  1.76880e-02
 6.52640e-02  1.53803e-02
 6.77411e-02  1.57053e-02
 6.62211e-02  1.76880e-02

 6.50948e-02  1.92533e-02
 6.40720e-02  2.41313e-02
 6.32934e-02  2.17574e-02
 6.57386e-02  2.22701e-02
 6.40720e-02  2.41313e-02

 6.29524e-02  2.44357e-02
 6.14264e-02  3.08601e-02
 6.07110e-02  2.84664e-02
 6.31417e-02  2.90438e-02
 6.14264e-02  3.08601e-02

 6.03133e-02  2.93833e-02
 5.76062e-02  3.75548e-02
 5.71008e-02  3.51081e-02
 5.94724e-02  3.58938e-02
 5.76062e-02  3.75548e-02

 5.72030e-02  3.40487e-02
 5.34006e-02  4.40522e-02
 5.30017e-02  4.15859e-02
 5.53370e-02  4.24736e-02
 5.34006e-02  4.40522e-02

 5.09292e-02 -3.43878e-02
 5.90276e-02 -1.71840e-02
 5.69759e-02 -1.86096e-02
 5.92363e-02 -1.96736e-02
 5.90276e-02 -1.71840e-02

 5.42846e-02 -2.97587e-02
 6.06481e-02 -1.25145e-02
 5.87271e-02 -1.41118e-02
 6.10710e-02 -1.49768e-02
 6.06481e-02 -1.25145e-02

 5.71388e-02 -2.48044e-02
 6.23446e-02 -7.88529e-03
 6.05144e-02 -9.58588e-03
 6.29022e-02 -1.03206e-02
 6.23446e-02 -7.88529e-03

 5.94606e-02 -1.95792e-02
 6.35891e-02 -3.07276e-03
 6.18523e-02 -4.86862e-03
 6.42759e-02 -5.47481e-03
 6.35891e-02 -3.07276e-03

 6.12246e-02 -1.41400e-02
 6.42888e-02  2.08462e-03
 6.26598e-02  1.90415e-04
 6.51147e-02 -2.73224e-04
 6.42888e-02  2.08462e-03

 6.24114e-02 -8.54628e-03
 6.42577e-02  7.89544e-03
 6.27749e-02  5.88474e-03
 6.52576e-02  5.60595e-03
 6.42577e-02  7.89544e-03

 6.30080e-02 -2.85918e-03
 6.36023e-02  1.37369e-02
 6.22765e-02  1.16194e-02
 6.47733e-02  1.15300e-02
 6.36023e-02  1.37369e-02

 6.30080e-02  2.85918e-03
 6.21390e-02  2.04269e-02
 6.09982e-02  1.82042e-02
 6.34935e-02  1.83276e-02
 6.21390e-02  2.04269e-02

 6.24114e-02  8.54628e-03
 6.00565e-02  2.64003e-02
 5.91010e-02  2.40919e-02
 6.15778e-02  2.44186e-02
 6.00565e-02  2.64003e-02

 6.12246e-02  1.41400e-02
 5.71041e-02  3.35580e-02
 5.63312e-02  3.11822e-02
 5.87751e-02  3.17008e-02
 5.71041e-02  3.35580e-02

 5.94606e-02  1.95792e-02
 5.35755e-02  3.91318e-02
 5.30030e-02  3.67000e-02
 5.53953e-02  3.74201e-02
 5.35755e-02  3.91318e-02

 5.71388e-02  2.48044e-02
 4.91881e-02  4.61574e-02
 4.87725e-02  4.36939e-02
 5.11138e-02  4.45656e-02
 4.91881e-02  4.61574e-02

 5.42846e-02  2.97587e-02
 4.45251e-02  5.09557e-02
 4.42953e-02  4.84680e-02
 4.65647e-02  4.95128e-02
 4.45251e-02  5.09557e-02

 5.09292e-02  3.43878e-02
 3.89538e-02  5.68532e-02
 3.88692e-02  5.43563e-02
 4.10739e-02  5.55315e-02
 3.89538e-02  5.68532e-02

 4.46580e-02 -3.47315e-02
 5.77914e-02 -1.30385e-02
 5.56023e-02 -1.42424e-02
 5.77394e-02 -1.55363e-02
 5.77914e-02 -1.30385e-02

 4.82641e-02 -3.01460e-02
 5.97843e-02 -5.06779e-03
 5.77460e-02 -6.51243e-03
 6.00163e-02 -7.55532e-03
 5.97843e-02 -5.06779e-03

 5.13399e-02 -2.51887e-02
 6.14031e-02  2.65759e-03
 5.94930e-02  1.04733e-03
 6.18426e-02  1.98222e-04
 6.14031e-02  2.65759e-03

 5.38474e-02 -1.99209e-02
 6.23135e-02  9.87166e-03
 6.05205e-02  8.13189e-03
 6.29236e-02  7.44899e-03
 6.23135e-02  9.87166e-03

 5.57557e-02 -1.44073e-02
 6.23902e-02  1.69192e-02
 6.07199e-02  1.50613e-02
 6.31640e-02  1.45437e-02
 6.23902e-02  1.69192e-02

 5.70411e-02 -8.71609e-03
 6.14794e-02  2.32475e-02
 5.99445e-02  2.12762e-02
 6.24191e-02  2.09326e-02
 6.14794e-02  2.32475e-02

 5.76878e-02 -2.91736e-03
 5.97675e-02  2.97482e-02
 5.83834e-02  2.76684e-02
 6.08767e-02  2.75096e-02
 5.97675e-02  2.97482e-02

 5.76878e-02  2.91736e-03
 5.71540e-02  3.52932e-02
 5.59407e-02  3.31092e-02
 5.84387e-02  3.31504e-02
 5.71540e-02  3.52932e-02

 5.70411e-02  8.71609e-03
 5.39022e-02  4.12743e-02
 5.28664e-02  3.90008e-02
 5.53532e-02  3.92405e-02
 5.39022e-02  4.12743e-02

 5.57557e-02  1.44073e-02
 5.00445e-02  4.57238e-02
 4.92038e-02  4.33712e-02
 5.16616e-02  4.38194e-02
 5.00445e-02  4.57238e-02

 5.38474e-02  1.99209e-02
 4.55235e-02  5.09051e-02
 4.48784e-02  4.84915e-02
 4.72912e-02  4.91397e-02
 4.55235e-02  5.09051e-02

 5.13399e-02  2.51887e-02
 4.11664e-02  5.37946e-02
 4.07145e-02  5.13375e-02
 4.30684e-02  5.21746e-02
 4.11664e-02  5.37946e-02

 4.82641e-02  3.01460e-02
 3.56395e-02  5.73802e-02
 3.54161e-02  5.48919e-02
 3.76828e-02  5.59426e-02
 3.56395e-02  5.73802e-02

 4.46580e-02  3.47315e-02
 3.17936e-02  5.84696e-02
 3.17262e-02  5.59721e-02
 3.39227e-02  5.71625e-02
 3.17936e-02  5.84696e-02

 3.83892e-02 -3.50800e-02
 5.20363e-02 -2.14329e-02
 4.96231e-02 -2.20795e-02
 5.13897e-02 -2.38461e-02
 5.20363e-02 -2.14329e-02

 4.22520e-02 -3.05458e-02
 5.50929e-02 -1.41555e-02
 5.27752e-02 -1.50883e-02
 5.47418e-02 -1.66291e-02
 5.50929e-02 -1.41555e-02

 4.55562e-02 -2.55894e-02
 5.72324e-02 -6.27432e-03
 5.50441e-02 -7.47967e-03
 5.71821e-02 -8.77214e-03
 5.72324e-02 -6.27432e-03

 4.82562e-02 -2.02792e-02
 5.81384e-02  1.67779e-03
 5.61113e-02  2.17465e-04
 5.83895e-02 -8.07886e-04
 5.81384e-02  1.67779e-03

 5.03146e-02 -1.46888e-02
 5.77619e-02  9.20993e-03
 5.59256e-02  7.51592e-03
 5.83108e-02  6.77265e-03
 5.77619e-02  9.20993e-03

 5.17030e-02 -8.89529e-03
 5.63224e-02  1.63128e-02
 5.47037e-02  1.44098e-02
 5.71611e-02  1.39595e-02
 5.63224e-02  1.63128e-02

 5.24020e-02 -2.97882e-03
 5.39563e-02  2.27189e-02
 5.25788e-02  2.06347e-02
 5.50726e-02  2.04839e-02
 5.39563e-02  2.27189e-02

 5.24020e-02  2.97882e-03
 5.08522e-02  2.85991e-02
 4.97359e-02  2.63641e-02
 5.22297e-02  2.65149e-02
 5.08522e-02  2.85991e-02

 5.17030e-02  8.89529e-03
 4.71635e-02  3.36667e-02
 4.63248e-02  3.13133e-02
 4.87822e-02  3.17637e-02
 4.71635e-02  3.36667e-02

 5.03146e-02  1.46888e-02
 4.29581e-02  3.82967e-02
 4.24092e-02  3.58594e-02
 4.47944e-02  3.66027e-02
 4.29581e-02  3.82967e-02

 4.82562e-02  2.02792e-02
 3.86247e-02  4.16796e-02
 3.83736e-02  3.91940e-02
 4.06518e-02  4.02193e-02
 3.86247e-02  4.16796e-02

 4.55562e-02  2.55894e-02
 3.37181e-02  4.51717e-02
 3.37685e-02  4.26739e-02
 3.59065e-02  4.39664e-02
 3.37181e-02  4.51717e-02

 4.22520e-02  3.05458e-02
 2.97948e-02  4.64461e-02
 3.01458e-02  4.39726e-02
 3.21125e-02  4.55134e-02
 2.97948e-02  4.64461e-02

 3.83892e-02  3.50800e-02
 2.41168e-02  4.93525e-02
 2.47634e-02  4.69393e-02
 2.65300e-02  4.87058e-02
 2.41168e-02  4.93525e-02

 3.62312e-02  4.03748e-02
 2.19311e-02  5.83168e-02
 2.23027e-02  5.58462e-02
 2.42564e-02  5.74034e-02
 2.19311e-02  5.83168e-02

 4.27932e-02  4.01897e-02
 2.76811e-02  6.18202e-02
 2.78962e-02  5.93311e-02
 2.99442e-02  6.07620e-02
 2.76811e-02  6.18202e-02

 4.93551e-02  4.00046e-02
 3.96599e-02  5.94628e-02
 3.95067e-02  5.69692e-02
 4.17428e-02  5.80833e-02
 3.96599e-02  5.94628e-02

 5.59171e-02  3.98195e-02
 5.39054e-02  4.60701e-02
 5.33792e-02  4.36278e-02
 5.57574e-02  4.43932e-02
 5.39054e-02  4.60701e-02

 6.24790e-02  3.96344e-02
 6.59649e-02  3.48591e-02
 6.56982e-02  3.73431e-02
 6.36803e-02  3.58701e-02
 6.59649e-02  3.48591e-02

 6.90410e-02  3.94493e-02
 7.50464e-02  2.82636e-02
 7.51236e-02  3.07607e-02
 7.29224e-02  2.95789e-02
 7.50464e-02  2.82636e-02

 7.56029e-02  3.92642e-02
 8.18492e-02  2.61248e-02
 8.20485e-02  2.86151e-02
 7.97921e-02  2.75425e-02
 8.18492e-02  2.61248e-02

 8.21649e-02  3.90791e-02
 8.80202e-02  2.60578e-02
 8.82721e-02  2.85434e-02
 8.59936e-02  2.75188e-02
 8.80202e-02  2.60578e-02

 8.87268e-02  3.88940e-02
 9.41909e-02  2.62130e-02
 9.44819e-02  2.86943e-02
 9.21875e-02  2.77057e-02
 9.41909e-02  2.62130e-02

 9.52888e-02  3.87089e-02
 1.00490e-01  2.62423e-02
 1.00809e-01  2.87201e-02
 9.85036e-02  2.77582e-02
 1.00490e-01  2.62423e-02

 1.01851e-01  3.85238e-02
 1.05951e-01  2.81905e-02
 1.06314e-01  3.06623e-02
 1.03992e-01  2.97409e-02
 1.05951e-01  2.81905e-02

 1.07163e-01  3.72121e-02
 1.09018e-01  3.22971e-02
 1.09423e-01  3.47624e-02
 1.07086e-01  3.38803e-02
 1.09018e-01  3.22971e-02

 3.60414e-02  4.66623e-02
 2.01210e-02  6.46687e-02
 2.06183e-02  6.22204e-02
 2.24900e-02  6.38752e-02
 2.01210e-02  6.46687e-02

 4.29145e-02  4.67353e-02
 3.12536e-02  6.38981e-02
 3.14363e-02  6.14065e-02
 3.35028e-02  6.28105e-02
 3.12536e-02  6.38981e-02

 4.97877e-02  4.68084e-02
 4.57314e-02  5.80274e-02
 4.52923e-02  5.55679e-02
 4.76418e-02  5.64174e-02
 4.57314e-02  5.80274e-02

 5.66609e-02  4.68815e-02
 5.97683e-02  4.54856e-02
 5.83065e-02  4.75116e-02
 5.72828e-02  4.52327e-02
 5.97683e-02  4.54856e-02

 6.35340e-02  4.69545e-02
 7.00429e-02  3.79780e-02
 6.97841e-02  4.04629e-02
 6.77615e-02  3.89963e-02
 7.00429e-02  3.79780e-02

 7.04072e-02  4.70276e-02
 7.78934e-02  3.48515e-02
 7.78243e-02  3.73489e-02
 7.56961e-02  3.60403e-02
 7.78934e-02  3.48515e-02

 7.72803e-02  4.71006e-02
 8.43613e-02  3.46083e-02
 8.43812e-02  3.71065e-02
 8.22077e-02  3.58745e-02
 8.43613e-02  3.46083e-02

 8.41535e-02  4.71737e-02
 9.06314e-02  3.50198e-02
 9.07161e-02  3.75167e-02
 8.85114e-02  3.63416e-02
 9.06314e-02  3.50198e-02

 9.10267e-02  4.72467e-02
 9.70451e-02  3.55586e-02
 9.71652e-02  3.80540e-02
 9.49441e-02  3.69103e-02
 9.70451e-02  3.55586e-02

 9.78998e-02  4.73198e-02
 1.02531e-01  3.73767e-02
 1.02750e-01  3.98654e-02
 1.00486e-01  3.88105e-02
 1.02531e-01  3.73767e-02

 1.03543e-01  4.62399e-02
 1.05912e-01  4.12813e-02
 1.06107e-01  4.37720e-02
 1.03852e-01  4.26949e-02
 1.05912e-01  4.12813e-02

 3.58446e-02  5.29590e-02
 2.25472e-02  6.84039e-02
 2.30122e-02  6.59492e-02
 2.49055e-02  6.75793e-02
 2.25472e-02  6.84039e-02

 4.30150e-02  5.33087e-02
 3.63327e-02  6.38214e-02
 3.64392e-02  6.13253e-02
 3.85476e-02  6.26655e-02
 3.63327e-02  6.38214e-02

 5.01855e-02  5.36583e-02
 5.18521e-02  5.73815e-02
 4.98280e-02  5.59171e-02
 5.21083e-02  5.48964e-02
 5.18521e-02  5.73815e-02

 5.73559e-02  5.40079e-02
 6.45798e-02  4.81076e-02
 6.36943e-02  5.04438e-02
 6.21139e-02  4.85088e-02
 6.45798e-02  4.81076e-02

 6.45264e-02  5.43576e-02
 7.31978e-02  4.38973e-02
 7.27787e-02  4.63603e-02
 7.08553e-02  4.47658e-02
 7.31978e-02  4.38973e-02

 7.16968e-02  5.47072e-02
 8.03395e-02  4.29523e-02
 8.00643e-02  4.54355e-02
 7.80515e-02  4.39555e-02
 8.03395e-02  4.29523e-02

 7.88673e-02  5.50569e-02
 8.66179e-02  4.35511e-02
 8.64451e-02  4.60434e-02
 8.43730e-02  4.46476e-02
 8.66179e-02  4.35511e-02

 8.60378e-02  5.54065e-02
 9.30845e-02  4.45285e-02
 9.29566e-02  4.70236e-02
 9.08598e-02  4.56653e-02
 9.30845e-02  4.45285e-02

 9.32082e-02  5.57561e-02
 9.86128e-02  4.64606e-02
 9.86052e-02  4.89589e-02
 9.64454e-02  4.77032e-02
 9.86128e-02  4.64606e-02

 9.91675e-02  5.49301e-02
 1.01966e-01  5.01620e-02
 1.01948e-01  5.26603e-02
 9.97932e-02  5.13958e-02
 1.01966e-01  5.01620e-02

 3.56402e-02  5.92645e-02
 2.73045e-02  7.01699e-02
 2.76260e-02  6.76924e-02
 2.96109e-02  6.92096e-02
 2.73045e-02  7.01699e-02

 4.30928e-02  5.99083e-02
 4.20119e-02  6.36515e-02
 4.14120e-02  6.12263e-02
 4.38123e-02  6.19194e-02
 4.20119e-02  6.36515e-02

 5.05455e-02  6.05521e-02
 5.64760e-02  5.80864e-02
 5.49577e-02  6.00705e-02
 5.39986e-02  5.77636e-02
 5.64760e-02  5.80864e-02

 5.79981e-02  6.11959e-02
 6.75780e-02  5.26206e-02
 6.67990e-02  5.49944e-02
 6.51327e-02  5.31329e-02
 6.75780e-02  5.26206e-02

 6.54508e-02  6.18396e-02
 7.52412e-02  5.13039e-02
 7.46834e-02  5.37392e-02
 7.28533e-02  5.20385e-02
 7.52412e-02  5.13039e-02

 7.29034e-02  6.24834e-02
 8.18936e-02  5.17409e-02
 8.14630e-02  5.42018e-02
 7.95471e-02  5.25984e-02
 8.18936e-02  5.17409e-02

 8.03561e-02  6.31272e-02
 8.82518e-02  5.32053e-02
 8.78820e-02  5.56761e-02
 8.59271e-02  5.41205e-02
 8.82518e-02  5.32053e-02

 8.78087e-02  6.37710e-02
 9.38651e-02  5.52604e-02
 9.36284e-02  5.77475e-02
 9.15929e-02  5.62990e-02
 9.38651e-02  5.52604e-02

 9.40686e-02  6.32195e-02
 9.71855e-02  5.88127e-02
 9.69560e-02  6.13005e-02
 9.49163e-02  5.98578e-02
 9.71855e-02  5.88127e-02

 3.54277e-02  6.55783e-02
 3.33058e-02  7.21709e-02
 3.27796e-02  6.97286e-02
 3.51578e-02  7.04941e-02
 3.33058e-02  7.21709e-02

 4.31463e-02  6.65328e-02
 4.74931e-02  6.54088e-02
 4.57112e-02  6.71598e-02
 4.50857e-02  6.47411e-02
 4.74931e-02  6.54088e-02

 5.08649e-02  6.74873e-02
 5.97252e-02  6.14012e-02
 5.86491e-02  6.36558e-02
 5.72345e-02  6.15965e-02
 5.97252e-02  6.14012e-02

 5.85835e-02  6.84418e-02
 6.91584e-02  5.91508e-02
 6.83575e-02  6.15173e-02
 6.67085e-02  5.96405e-02
 6.91584e-02  5.91508e-02

 6.63021e-02  6.93964e-02
 7.60828e-02  5.96986e-02
 7.54259e-02  6.21090e-02
 7.36669e-02  6.03349e-02
 7.60828e-02  5.96986e-02

 7.40207e-02  7.03509e-02
 8.26609e-02  6.13057e-02
 8.20697e-02  6.37331e-02
 8.02631e-02  6.20074e-02
 8.26609e-02  6.13057e-02

 8.17393e-02  7.13054e-02
 8.82454e-02  6.35783e-02
 8.78074e-02  6.60379e-02
 8.58963e-02  6.44288e-02
 8.82454e-02  6.35783e-02

 8.82827e-02  7.10484e-02
 9.16755e-02  6.70243e-02
 9.12359e-02  6.94836e-02
 8.93258e-02  6.78733e-02
 9.16755e-02  6.70243e-02

 3.52066e-02  7.18999e-02
 3.86420e-02  7.45718e-02
 3.61673e-02  7.42296e-02
 3.77011e-02  7.22575e-02
 3.86420e-02  7.45718e-02

 4.31738e-02  7.31807e-02
 5.16801e-02  6.91072e-02
 5.02683e-02  7.11683e-02
 4.91892e-02  6.89150e-02
 5.16801e-02  6.91072e-02

 5.11411e-02  7.44615e-02
 6.19194e-02  6.70892e-02
 6.08388e-02  6.93417e-02
 5.94283e-02  6.72796e-02
 6.19194e-02  6.70892e-02

 5.91083e-02  7.57423e-02
 6.99041e-02  6.68962e-02
 6.90223e-02  6.92338e-02
 6.74388e-02  6.73013e-02
 6.99041e-02  6.68962e-02

 6.70756e-02  7.70231e-02
 7.64341e-02  6.89200e-02
 7.56161e-02  7.12807e-02
 7.39807e-02  6.93919e-02
 7.64341e-02  6.89200e-02

 7.50428e-02  7.83039e-02
 8.20634e-02  7.13358e-02
 8.14077e-02  7.37466e-02
 7.96478e-02  7.19734e-02
 8.20634e-02  7.13358e-02

 8.18513e-02  7.83598e-02
 8.54629e-02  7.47482e-02
 8.48163e-02  7.71614e-02
 8.30497e-02  7.53948e-02
 8.54629e-02  7.47482e-02

 3.49763e-02  7.82287e-02
 4.25952e-02  7.78838e-02
 4.04903e-02  7.92295e-02
 4.03773e-02  7.67337e-02
 4.25952e-02  7.78838e-02

 4.31739e-02  7.98502e-02
 5.43314e-02  7.42935e-02
 5.29516e-02  7.63762e-02
 5.18378e-02  7.41398e-02
 5.43314e-02  7.42935e-02

 5.13715e-02  8.14718e-02
 6.29413e-02  7.40268e-02
 6.17978e-02  7.62481e-02
 6.04459e-02  7.41471e-02
 6.29413e-02  7.40268e-02

 5.95692e-02  8.30933e-02
 6.98862e-02  7.56743e-02
 6.88589e-02  7.79517e-02
 6.74003e-02  7.59233e-02
 6.98862e-02  7.56743e-02

 6.77668e-02  8.47149e-02
 7.52150e-02  7.85995e-02
 7.43355e-02  8.09379e-02
 7.27502e-02  7.90070e-02
 7.52150e-02  7.85995e-02

 7.48204e-02  8.51009e-02
 7.86544e-02  8.18683e-02
 7.78055e-02  8.42180e-02
 7.61950e-02  8.23080e-02
 7.86544e-02  8.18683e-02

 3.47364e-02  8.45641e-02
 4.52619e-02  8.19741e-02
 4.34594e-02  8.37041e-02
 4.28625e-02  8.12781e-02
 4.52619e-02  8.19741e-02

 4.31452e-02  8.65397e-02
 5.53135e-02  8.04648e-02
 5.39357e-02  8.25488e-02
 5.28198e-02  8.03136e-02
 5.53135e-02  8.04648e-02

 5.15540e-02  8.85153e-02
 6.24452e-02  8.21690e-02
 6.12047e-02  8.43376e-02
 5.99469e-02  8.21790e-02
 6.24452e-02  8.21690e-02

 5.99628e-02  9.04909e-02
 6.78197e-02  8.51462e-02
 6.67334e-02  8.73960e-02
 6.53282e-02  8.53303e-02
 6.78197e-02  8.51462e-02

 6.72406e-02  9.12228e-02
 7.10321e-02  8.85413e-02
 6.99869e-02  9.08105e-02
 6.85443e-02  8.87708e-02
 7.10321e-02  8.85413e-02

 3.44865e-02  9.09056e-02
 4.66419e-02  8.75776e-02
 4.48849e-02  8.93538e-02
 4.42252e-02  8.69441e-02
 4.66419e-02  8.75776e-02

 4.30864e-02  9.32473e-02
 5.47469e-02  8.79858e-02
 5.32885e-02  9.00143e-02
 5.22610e-02  8.77370e-02
 5.47469e-02  8.79858e-02

 5.16863e-02  9.55889e-02
 5.99356e-02  9.11759e-02
 5.86170e-02  9.32979e-02
 5.74385e-02  9.10950e-02
 5.99356e-02  9.11759e-02

 5.91663e-02  9.66810e-02
 6.31908e-02  9.43193e-02
 6.19570e-02  9.64917e-02
 6.06925e-02  9.43370e-02
 6.31908e-02  9.43193e-02

 3.42262e-02  9.72525e-02
 4.58719e-02  9.37011e-02
 4.41668e-02  9.55270e-02
 4.34380e-02  9.31373e-02
 4.58719e-02  9.37011e-02

 4.29965e-02  9.99709e-02
 5.15995e-02  9.63629e-02
 5.00874e-02  9.83516e-02
 4.91211e-02  9.60477e-02
 5.15995e-02  9.63629e-02

 5.06554e-02  1.01436e-01
 5.46687e-02  9.95182e-02
 5.32551e-02  1.01578e-01
 5.21779e-02  9.93239e-02
 5.46687e-02  9.95182e-02

 3.39552e-02  1.03604e-01
 4.27951e-02  1.01533e-01
 4.09733e-02  1.03243e-01
 4.04036e-02  1.00811e-01
 4.27951e-02  1.01533e-01

 4.17692e-02  1.05453e-01
 4.61477e-02  1.03800e-01
 4.45645e-02  1.05733e-01
 4.36824e-02  1.03396e-01
 4.61477e-02  1.03800e-01

 3.25715e-02  1.08703e-01
 3.65184e-02  1.07585e-01
 3.47770e-02  1.09376e-01
 3.40963e-02  1.06973e-01
 3.65184e-02  1.07585e-01

 2.67687e-02  1.08827e-01
 3.21941e-02  1.07536e-01
 3.03782e-02  1.09252e-01
 2.98001e-02  1.06822e-01
 3.21941e-02  1.07536e-01

 2.19798e-02  1.09951e-01
 2.69880e-02  1.08982e-01
 2.51009e-02  1.10620e-01
 2.46265e-02  1.08167e-01
 2.69880e-02  1.08982e-01

 1.71443e-02  1.10855e-01
 2.17287e-02  1.10168e-01
 1.97739e-02  1.11724e-01
 1.94040e-02  1.09253e-01
 2.17287e-02  1.10168e-01

 1.22723e-02  1.11537e-01
 1.53140e-02  1.11213e-01
 1.32949e-02  1.12684e-01
 1.30302e-02  1.10200e-01
 1.53140e-02  1.11213e-01

 7.37400e-03  1.11995e-01
 1.04355e-02  1.11800e-01
 8.35572e-03  1.13184e-01
 8.19673e-03  1.10691e-01
 1.04355e-02  1.11800e-01

 2.45980e-03  1.12229e-01
 2.45447e-03  1.12229e-01
 4.59108e-03  1.10934e-01
 4.64411e-03  1.13432e-01
 2.45447e-03  1.12229e-01

 2.71017e-02  1.02773e-01
 3.74458e-02  1.01243e-01
 3.54882e-02  1.02795e-01
 3.51227e-02  1.00324e-01
 3.74458e-02  1.01243e-01

 2.22792e-02  1.04089e-01
 3.17514e-02  1.03945e-01
 2.96070e-02  1.05227e-01
 2.95690e-02  1.02729e-01
 3.17514e-02  1.03945e-01

 1.73943e-02  1.05152e-01
 2.57545e-02  1.06144e-01
 2.34587e-02  1.07129e-01
 2.37531e-02  1.04648e-01
 2.57545e-02  1.06144e-01

 1.24603e-02  1.05957e-01
 1.82974e-02  1.08212e-01
 1.58290e-02  1.08598e-01
 1.67293e-02  1.06267e-01
 1.82974e-02  1.08212e-01

 7.49085e-03  1.06504e-01
 1.21370e-02  1.09130e-01
 9.63876e-03  1.09153e-01
 1.08680e-02  1.06978e-01
 1.21370e-02  1.09130e-01

 2.49946e-03  1.06791e-01
 2.49946e-03  1.11386e-01
 1.25030e-03  1.09223e-01
 3.74862e-03  1.09223e-01
 2.49946e-03  1.11386e-01

 2.74372e-02  9.67195e-02
 3.90983e-02  9.49007e-02
 3.71531e-02  9.64684e-02
 3.67681e-02  9.39999e-02
 3.90983e-02  9.49007e-02

 2.25847e-02  9.82294e-02
 3.32390e-02  9.85098e-02
 3.10433e-02  9.97016e-02
 3.11090e-02  9.72041e-02
 3.32390e-02  9.85098e-02

 1.76516e-02  9.94515e-02
 2.69246e-02  1.01802e-01
 2.45204e-02  1.02481e-01
 2.51342e-02  1.00059e-01
 2.69246e-02  1.01802e-01

 1.26550e-02  1.00382e-01
 1.93792e-02  1.04473e-01
 1.68816e-02  1.04416e-01
 1.81802e-02  1.02281e-01
 1.93792e-02  1.04473e-01

 7.61220e-03  1.01016e-01
 1.22811e-02  1.06507e-01
 9.92781e-03  1.05668e-01
 1.18310e-02  1.04049e-01
 1.22811e-02  1.06507e-01

 2.54072e-03  1.01354e-01
 2.54072e-03  1.07203e-01
 1.29156e-03  1.05039e-01
 3.78988e-03  1.05039e-01
 2.54072e-03  1.07203e-01

 2.77751e-02  9.06670e-02
 3.85171e-02  9.01149e-02
 3.64205e-02  9.14734e-02
 3.62922e-02  8.89784e-02
 3.85171e-02  9.01149e-02

 2.28962e-02  9.23719e-02
 3.27608e-02  9.46574e-02
 3.03711e-02  9.53860e-02
 3.09350e-02  9.29521e-02
 3.27608e-02  9.46574e-02

 1.79161e-02  9.37548e-02
 2.63717e-02  9.87564e-02
 2.38735e-02  9.87300e-02
 2.51455e-02  9.65797e-02
 2.63717e-02  9.87564e-02

 1.28562e-02  9.48095e-02
 1.91267e-02  1.02175e-01
 1.67730e-02  1.01337e-01
 1.86753e-02  9.97174e-02
 1.91267e-02  1.02175e-01

 7.73804e-03  9.55317e-02
 1.21004e-02  1.05117e-01
 1.00672e-02  1.03665e-01
 1.23411e-02  1.02631e-01
 1.21004e-02  1.05117e-01

 2.58357e-03  9.59181e-02
 2.58357e-03  1.05517e-01
 1.33441e-03  1.03354e-01
 3.83273e-03  1.03354e-01
 2.58357e-03  1.05517e-01

 2.81154e-02  8.46152e-02
 3.61513e-02  8.54361e-02
 3.38719e-02  8.64589e-02
 3.41259e-02  8.39735e-02
 3.61513e-02  8.54361e-02

 2.32138e-02  8.65167e-02
 3.05271e-02  9.03289e-02
 2.80311e-02  9.04365e-02
 2.91859e-02  8.82211e-02
 3.05271e-02  9.03289e-02

 1.81879e-02  8.80613e-02
 2.42366e-02  9.49302e-02
 2.18693e-02  9.41320e-02
 2.37442e-02  9.24809e-02
 2.42366e-02  9.49302e-02

 1.30640e-02  8.92412e-02
 1.75909e-02  9.83890e-02
 1.55117e-02  9.70039e-02
 1.77509e-02  9.58958e-02
 1.75909e-02  9.83890e-02

 7.86837e-03  9.00500e-02
 1.09685e-02  1.02249e-01
 9.22496e-03  1.00460e-01
 1.16463e-02  9.98447e-02
 1.09685e-02  1.02249e-01

 2.62800e-03  9.04836e-02
 2.62800e-03  1.01461e-01
 1.37883e-03  9.92972e-02
 3.87716e-03  9.92972e-02
 2.62800e-03  1.01461e-01

 2.84583e-02  7.85641e-02
 3.28054e-02  8.18999e-02
 3.03285e-02  8.15737e-02
 3.18494e-02  7.95917e-02
 3.28054e-02  8.18999e-02

 2.35375e-02  8.06635e-02
 2.73422e-02  8.67834e-02
 2.51390e-02  8.56055e-02
 2.72607e-02  8.42864e-02
 2.73422e-02  8.67834e-02

 1.84671e-02  8.23712e-02
 2.12745e-02  9.15231e-02
 1.94457e-02  8.98209e-02
 2.18342e-02  8.90882e-02
 2.12745e-02  9.15231e-02

 1.32784e-02  8.36765e-02
 1.53837e-02  9.47513e-02
 1.37524e-02  9.28591e-02
 1.62068e-02  9.23925e-02
 1.53837e-02  9.47513e-02

 8.00317e-03  8.45714e-02
 9.37325e-03  9.90200e-02
 7.92542e-03  9.69840e-02
 1.04126e-02  9.67481e-02
 9.37325e-03  9.90200e-02

 2.67399e-03  8.50504e-02
 2.67399e-03  9.79303e-02
 1.42483e-03  9.57667e-02
 3.92316e-03  9.57667e-02
 2.67399e-03  9.79303e-02

 2.88037e-02  7.25137e-02
 2.86640e-02  7.85564e-02
 2.74652e-02  7.63645e-02
 2.99629e-02  7.64223e-02
 2.86640e-02  7.85564e-02

 2.38674e-02  7.48125e-02
 2.34432e-02  8.29131e-02
 2.23089e-02  8.06871e-02
 2.48038e-02  8.08178e-02
 2.34432e-02  8.29131e-02

 1.87537e-02  7.66844e-02
 1.76796e-02  8.72688e-02
 1.66552e-02  8.49901e-02
 1.91408e-02  8.52423e-02
 1.76796e-02  8.72688e-02

 1.34994e-02  7.81157e-02
 1.27343e-02  8.97474e-02
 1.16298e-02  8.75064e-02
 1.41228e-02  8.76704e-02
 1.27343e-02  8.97474e-02

 8.14243e-03  7.90961e-02
 7.31259e-03  9.39324e-02
 6.18620e-03  9.17024e-02
 8.68063e-03  9.18419e-02
 7.31259e-03  9.39324e-02

 2.72155e-03  7.96185e-02
 2.72155e-03  9.23025e-02
 1.47239e-03  9.01389e-02
 3.97072e-03  9.01389e-02
 2.72155e-03  9.23025e-02

 2.91516e-02  6.64640e-02
 2.38267e-02  7.56411e-02
 2.38321e-02  7.31428e-02
 2.59930e-02  7.43967e-02
 2.38267e-02  7.56411e-02

 2.42036e-02  6.89636e-02
 1.91387e-02  7.93087e-02
 1.89682e-02  7.68162e-02
 2.12120e-02  7.79147e-02
 1.91387e-02  7.93087e-02

 1.90476e-02  7.10008e-02
 1.38864e-02  8.27949e-02
 1.36094e-02  8.03120e-02
 1.58981e-02  8.13136e-02
 1.38864e-02  8.27949e-02

 1.37270e-02  7.25587e-02
 1.00057e-02  8.43268e-02
 9.46703e-03  8.18872e-02
 1.18491e-02  8.26405e-02
 1.00057e-02  8.43268e-02

 8.28615e-03  7.36240e-02
 5.24794e-03  8.78608e-02
 4.47784e-03  8.54841e-02
 6.92115e-03  8.60055e-02
 5.24794e-03  8.78608e-02

 2.77066e-03  7.41880e-02
 2.77066e-03  8.62177e-02
 1.52150e-03  8.40541e-02
 4.01982e-03  8.40541e-02
 2.77066e-03  8.62177e-02

 2.95021e-02  6.04150e-02
 1.88225e-02  7.22618e-02
 1.93434e-02  6.98184e-02
 2.11990e-02  7.14912e-02
 1.88225e-02  7.22618e-02

 2.45460e-02  6.31167e-02
 1.48485e-02  7.49990e-02
 1.52488e-02  7.25330e-02
 1.71843e-02  7.41126e-02
 1.48485e-02  7.49990e-02

 1.93491e-02  6.53207e-02
 1.03196e-02  7.72749e-02
 1.06269e-02  7.47956e-02
 1.26205e-02  7.63014e-02
 1.03196e-02  7.72749e-02

 1.39613e-02  6.70056e-02
 7.55232e-03  7.76952e-02
 7.59352e-03  7.51972e-02
 9.73624e-03  7.64819e-02
 7.55232e-03  7.76952e-02

 8.43432e-03  6.81554e-02
 3.43017e-03  8.02328e-02
 3.10434e-03  7.77558e-02
 5.41239e-03  7.87121e-02
 3.43017e-03  8.02328e-02

 2.82131e-03  6.87588e-02
 2.82131e-03  7.86235e-02
 1.57215e-03  7.64598e-02
 4.07047e-03  7.64598e-02
 2.82131e-03  7.86235e-02

 2.98552e-02  5.43666e-02
 1.55710e-02  6.76704e-02
 1.63029e-02  6.52817e-02
 1.80056e-02  6.71099e-02
 1.55710e-02  6.76704e-02

 2.48948e-02  5.72719e-02
 1.20589e-02  6.93186e-02
 1.27817e-02  6.69271e-02
 1.44914e-02  6.87488e-02
 1.20589e-02  6.93186e-02

 1.96580e-02  5.96439e-02
 8.14002e-03  7.02950e-02
 8.88043e-03  6.79089e-02
 1.05766e-02  6.97432e-02
 8.14002e-03  7.02950e-02

 1.42022e-02  6.14566e-02
 6.08367e-03  6.98699e-02
 6.68716e-03  6.74456e-02
 8.48496e-03  6.91804e-02
 6.08367e-03  6.98699e-02

 8.58693e-03  6.26901e-02
 2.37534e-03  7.13301e-02
 2.62407e-03  6.88442e-02
 4.65257e-03  7.03025e-02
 2.37534e-03  7.13301e-02

 2.87349e-03  6.33311e-02
 2.87349e-03  7.01817e-02
 1.62433e-03  6.80181e-02
 4.12265e-03  6.80181e-02
 2.87349e-03  7.01817e-02

 3.02108e-02  4.83188e-02
 1.55049e-02  6.09256e-02
 1.63346e-02  5.85690e-02
 1.79606e-02  6.04658e-02
 1.55049e-02  6.09256e-02

 2.52499e-02  5.14291e-02
 1.25637e-02  6.19128e-02
 1.34357e-02  5.95716e-02
 1.50272e-02  6.14974e-02
 1.25637e-02  6.19128e-02

 1.99746e-02  5.39705e-02
 8.98494e-03  6.21997e-02
 9.96807e-03  5.99029e-02
 1.14656e-02  6.19027e-02
 8.98494e-03  6.21997e-02

 1.44499e-02  5.59116e-02
 6.81651e-03  6.17142e-02
 7.78301e-03  5.94104e-02
 9.29491e-03  6.13993e-02
 6.81651e-03  6.17142e-02

 8.74398e-03  5.72284e-02
 2.77548e-03  6.24674e-02
 3.57747e-03  6.01013e-02
 5.22558e-03  6.19789e-02
 2.77548e-03  6.24674e-02

 2.92720e-03  5.79048e-02
 2.92720e-03  6.21004e-02
 1.67803e-03  5.99368e-02
 4.17636e-03  5.99368e-02
 2.92720e-03  6.21004e-02

 3.05691e-02  4.22715e-02
 2.17308e-02  4.91959e-02
 2.26636e-02  4.68782e-02
 2.42043e-02  4.88449e-02
 2.17308e-02  4.91959e-02

 2.56115e-02  4.55882e-02
 1.79396e-02  5.02261e-02
 1.91449e-02  4.80378e-02
 2.04374e-02  5.01758e-02
 1.79396e-02  5.02261e-02

 2.02987e-02  4.83004e-02
 1.37101e-02  5.12657e-02
 1.51705e-02  4.92386e-02
 1.61958e-02  5.15169e-02
 1.37101e-02  5.12657e-02

 1.47043e-02  5.03707e-02
 1.01328e-02  5.17952e-02
 1.18269e-02  4.99589e-02
 1.25701e-02  5.23441e-02
 1.01328e-02  5.17952e-02

 8.90546e-03  5.17703e-02
 5.10701e-03  5.24664e-02
 7.01002e-03  5.08477e-02
 7.46035e-03  5.33051e-02
 5.10701e-03  5.24664e-02

 2.98242e-03  5.24799e-02
 2.95170e-03  5.24818e-02
 5.03594e-03  5.11043e-02
 5.18678e-03  5.35980e-02
 2.95170e-03  5.24818e-02

