#[ Fluid velocity 2D plot data file: flw.dat ]
 2.45980e-03 -1.12229e-01
 2.45991e-03 -1.12229e-01
 2.70266e-04 -1.11026e-01
 3.23294e-04 -1.13524e-01
 2.45991e-03 -1.12229e-01

 7.37400e-03 -1.11995e-01
 6.39986e-03 -1.12057e-01
 8.63858e-03 -1.13166e-01
 8.47959e-03 -1.10673e-01
 6.39986e-03 -1.12057e-01

 1.22723e-02 -1.11537e-01
 1.10345e-02 -1.11668e-01
 1.33183e-02 -1.12681e-01
 1.30536e-02 -1.10197e-01
 1.10345e-02 -1.11668e-01

 1.71443e-02 -1.10855e-01
 1.52104e-02 -1.11144e-01
 1.75351e-02 -1.12059e-01
 1.71652e-02 -1.09589e-01
 1.52104e-02 -1.11144e-01

 2.19798e-02 -1.09951e-01
 1.96238e-02 -1.10407e-01
 2.19852e-02 -1.11222e-01
 2.15108e-02 -1.08769e-01
 1.96238e-02 -1.10407e-01

 2.67687e-02 -1.08827e-01
 2.39176e-02 -1.09505e-01
 2.63115e-02 -1.10220e-01
 2.57335e-02 -1.07789e-01
 2.39176e-02 -1.09505e-01

 2.49946e-03 -1.06791e-01
 2.49946e-03 -1.06195e-01
 1.25030e-03 -1.08359e-01
 3.74862e-03 -1.08359e-01
 2.49946e-03 -1.06195e-01

 7.49085e-03 -1.06504e-01
 4.81514e-03 -1.05913e-01
 6.65822e-03 -1.07600e-01
 7.19734e-03 -1.05160e-01
 4.81514e-03 -1.05913e-01

 1.24603e-02 -1.05957e-01
 9.00691e-03 -1.05682e-01
 1.10644e-02 -1.07099e-01
 1.12630e-02 -1.04609e-01
 9.00691e-03 -1.05682e-01

 1.73943e-02 -1.05152e-01
 1.23947e-02 -1.05126e-01
 1.45518e-02 -1.06386e-01
 1.45647e-02 -1.03888e-01
 1.23947e-02 -1.05126e-01

 2.22792e-02 -1.04089e-01
 1.65176e-02 -1.04701e-01
 1.88010e-02 -1.05714e-01
 1.85372e-02 -1.03230e-01
 1.65176e-02 -1.04701e-01

 2.71017e-02 -1.02773e-01
 2.06330e-02 -1.03988e-01
 2.29901e-02 -1.04816e-01
 2.25288e-02 -1.02361e-01
 2.06330e-02 -1.03988e-01

 2.54072e-03 -1.01354e-01
 2.54072e-03 -9.82229e-02
 1.29156e-03 -1.00387e-01
 3.78988e-03 -1.00387e-01
 2.54072e-03 -9.82229e-02

 7.61220e-03 -1.01016e-01
 3.77427e-03 -9.78558e-02
 4.65033e-03 -1.00196e-01
 6.23853e-03 -9.82670e-02
 3.77427e-03 -9.78558e-02

 1.26550e-02 -1.00382e-01
 7.64934e-03 -9.83648e-02
 9.18936e-03 -1.00332e-01
 1.01230e-02 -9.80147e-02
 7.64934e-03 -9.83648e-02

 1.76516e-02 -9.94515e-02
 1.05398e-02 -9.82508e-02
 1.24653e-02 -9.98427e-02
 1.28812e-02 -9.73793e-02
 1.05398e-02 -9.82508e-02

 2.25847e-02 -9.82294e-02
 1.46253e-02 -9.84931e-02
 1.68290e-02 -9.96699e-02
 1.67463e-02 -9.71729e-02
 1.46253e-02 -9.84931e-02

 2.74372e-02 -9.67195e-02
 1.86386e-02 -9.80451e-02
 2.09641e-02 -9.89580e-02
 2.05919e-02 -9.64876e-02
 1.86386e-02 -9.80451e-02

 2.58357e-03 -9.59181e-02
 2.58357e-03 -9.14289e-02
 1.33441e-03 -9.35925e-02
 3.83273e-03 -9.35925e-02
 2.58357e-03 -9.14289e-02

 7.73804e-03 -9.55317e-02
 2.76063e-03 -9.06115e-02
 3.42118e-03 -9.30209e-02
 5.17752e-03 -9.12441e-02
 2.76063e-03 -9.06115e-02

 1.28562e-02 -9.48095e-02
 6.44524e-03 -9.15422e-02
 7.80572e-03 -9.36376e-02
 8.94015e-03 -9.14117e-02
 6.44524e-03 -9.15422e-02

 1.79161e-02 -9.37548e-02
 9.11826e-03 -9.17386e-02
 1.09482e-02 -9.34395e-02
 1.15062e-02 -9.10043e-02
 9.11826e-03 -9.17386e-02

 2.28962e-02 -9.23719e-02
 1.33443e-02 -9.24962e-02
 1.55240e-02 -9.37171e-02
 1.54915e-02 -9.12190e-02
 1.33443e-02 -9.24962e-02

 2.77751e-02 -9.06670e-02
 1.73553e-02 -9.21197e-02
 1.96707e-02 -9.30582e-02
 1.93257e-02 -9.05838e-02
 1.73553e-02 -9.21197e-02

 2.62800e-03 -9.04836e-02
 2.62800e-03 -8.19139e-02
 1.37883e-03 -8.40775e-02
 3.87716e-03 -8.40775e-02
 2.62800e-03 -8.19139e-02

 7.86837e-03 -9.00500e-02
 2.34407e-03 -8.10538e-02
 2.41177e-03 -8.35512e-02
 4.54074e-03 -8.22438e-02
 2.34407e-03 -8.10538e-02

 1.30640e-02 -8.92412e-02
 6.08766e-03 -8.34141e-02
 6.94742e-03 -8.57598e-02
 8.54900e-03 -8.38423e-02
 6.08766e-03 -8.34141e-02

 1.81879e-02 -8.80613e-02
 8.87969e-03 -8.44805e-02
 1.04505e-02 -8.64232e-02
 1.13475e-02 -8.40915e-02
 8.87969e-03 -8.44805e-02

 2.32138e-02 -8.65167e-02
 1.32574e-02 -8.59774e-02
 1.53503e-02 -8.73418e-02
 1.54855e-02 -8.48471e-02
 1.32574e-02 -8.59774e-02

 2.81154e-02 -8.46152e-02
 1.73237e-02 -8.57184e-02
 1.96031e-02 -8.67410e-02
 1.93490e-02 -8.42557e-02
 1.73237e-02 -8.57184e-02

 2.67399e-03 -8.50504e-02
 2.67399e-03 -7.49624e-02
 1.42483e-03 -7.71261e-02
 3.92316e-03 -7.71261e-02
 2.67399e-03 -7.49624e-02

 8.00317e-03 -8.45714e-02
 2.73645e-03 -7.35256e-02
 2.54009e-03 -7.60162e-02
 4.79519e-03 -7.49409e-02
 2.73645e-03 -7.35256e-02

 1.32784e-02 -8.36765e-02
 6.67379e-03 -7.66312e-02
 7.24220e-03 -7.90640e-02
 9.06487e-03 -7.73554e-02
 6.67379e-03 -7.66312e-02

 1.84671e-02 -8.23712e-02
 9.74497e-03 -7.79327e-02
 1.11067e-02 -8.00272e-02
 1.22398e-02 -7.78006e-02
 9.74497e-03 -7.79327e-02

 2.35375e-02 -8.06635e-02
 1.43484e-02 -7.95015e-02
 1.63382e-02 -8.10122e-02
 1.66517e-02 -7.85337e-02
 1.43484e-02 -7.95015e-02

 2.84583e-02 -7.85641e-02
 1.86294e-02 -7.90680e-02
 2.08542e-02 -8.02048e-02
 2.07262e-02 -7.77097e-02
 1.86294e-02 -7.90680e-02

 2.72155e-03 -7.96185e-02
 2.72155e-03 -6.54603e-02
 1.47239e-03 -6.76239e-02
 3.97072e-03 -6.76239e-02
 2.72155e-03 -6.54603e-02

 8.14243e-03 -7.90961e-02
 4.18059e-03 -6.40477e-02
 3.52344e-03 -6.64580e-02
 5.93944e-03 -6.58220e-02
 4.18059e-03 -6.40477e-02

 1.34994e-02 -7.81157e-02
 8.51970e-03 -6.82833e-02
 8.38286e-03 -7.07778e-02
 1.06116e-02 -6.96491e-02
 8.51970e-03 -6.82833e-02

 1.87537e-02 -7.66844e-02
 1.24212e-02 -7.02139e-02
 1.30418e-02 -7.26340e-02
 1.48273e-02 -7.08865e-02
 1.24212e-02 -7.02139e-02

 2.38674e-02 -7.48125e-02
 1.74445e-02 -7.20779e-02
 1.89458e-02 -7.40748e-02
 1.99245e-02 -7.17761e-02
 1.74445e-02 -7.20779e-02

 2.88037e-02 -7.25137e-02
 2.22486e-02 -7.14387e-02
 2.41816e-02 -7.30216e-02
 2.45859e-02 -7.05562e-02
 2.22486e-02 -7.14387e-02

 2.77066e-03 -7.41880e-02
 2.77066e-03 -6.03045e-02
 1.52150e-03 -6.24682e-02
 4.01982e-03 -6.24682e-02
 2.77066e-03 -6.03045e-02

 8.28615e-03 -7.36240e-02
 6.67485e-03 -5.79501e-02
 5.65350e-03 -6.02301e-02
 8.13872e-03 -5.99746e-02
 6.67485e-03 -5.79501e-02

 1.37270e-02 -7.25587e-02
 1.17328e-02 -6.22788e-02
 1.09186e-02 -6.46407e-02
 1.33712e-02 -6.41650e-02
 1.17328e-02 -6.22788e-02

 1.90476e-02 -7.10008e-02
 1.66577e-02 -6.38359e-02
 1.61574e-02 -6.62836e-02
 1.85273e-02 -6.54931e-02
 1.66577e-02 -6.38359e-02

 2.42036e-02 -6.89636e-02
 2.22515e-02 -6.48356e-02
 2.20472e-02 -6.73256e-02
 2.43057e-02 -6.62575e-02
 2.22515e-02 -6.48356e-02

 2.91516e-02 -6.64640e-02
 2.75606e-02 -6.35130e-02
 2.74879e-02 -6.60103e-02
 2.96869e-02 -6.48247e-02
 2.75606e-02 -6.35130e-02

 2.82131e-03 -6.87588e-02
 2.82131e-03 -5.27281e-02
 1.57215e-03 -5.48917e-02
 4.07047e-03 -5.48917e-02
 2.82131e-03 -5.27281e-02

 8.43432e-03 -6.81554e-02
 1.04459e-02 -5.06066e-02
 8.95844e-03 -5.26139e-02
 1.14405e-02 -5.28984e-02
 1.04459e-02 -5.06066e-02

 1.39613e-02 -6.70056e-02
 1.65975e-02 -5.44968e-02
 1.49290e-02 -5.63563e-02
 1.73736e-02 -5.68715e-02
 1.65975e-02 -5.44968e-02

 1.93491e-02 -6.53207e-02
 2.31653e-02 -5.59977e-02
 2.11896e-02 -5.75268e-02
 2.35017e-02 -5.84733e-02
 2.31653e-02 -5.59977e-02

 2.45460e-02 -6.31167e-02
 2.92691e-02 -5.64582e-02
 2.69984e-02 -5.75002e-02
 2.90362e-02 -5.89456e-02
 2.92691e-02 -5.64582e-02

 2.95021e-02 -6.04150e-02
 3.53407e-02 -5.42881e-02
 3.29438e-02 -5.49926e-02
 3.47524e-02 -5.67162e-02
 3.53407e-02 -5.42881e-02

 2.87349e-03 -6.33311e-02
 2.87349e-03 -5.19544e-02
 1.62433e-03 -5.41181e-02
 4.12265e-03 -5.41181e-02
 2.87349e-03 -5.19544e-02

 8.58693e-03 -6.26901e-02
 1.45989e-02 -4.86143e-02
 1.26003e-02 -5.01134e-02
 1.48978e-02 -5.10947e-02
 1.45989e-02 -4.86143e-02

 1.42022e-02 -6.14566e-02
 2.21916e-02 -5.07920e-02
 1.98947e-02 -5.17746e-02
 2.18941e-02 -5.32725e-02
 2.21916e-02 -5.07920e-02

 1.96580e-02 -5.96439e-02
 3.03541e-02 -5.03021e-02
 2.79028e-02 -5.07845e-02
 2.95462e-02 -5.26662e-02
 3.03541e-02 -5.03021e-02

 2.48948e-02 -5.72719e-02
 3.67978e-02 -4.87066e-02
 3.43120e-02 -4.89564e-02
 3.57712e-02 -5.09843e-02
 3.67978e-02 -4.87066e-02

 2.98552e-02 -5.43666e-02
 4.28062e-02 -4.53361e-02
 4.03170e-02 -4.55490e-02
 4.17459e-02 -4.75983e-02
 4.28062e-02 -4.53361e-02

 2.92720e-03 -5.79048e-02
 2.92720e-03 -4.72054e-02
 1.67803e-03 -4.93690e-02
 4.17636e-03 -4.93690e-02
 2.92720e-03 -4.72054e-02

 8.74398e-03 -5.72284e-02
 1.90646e-02 -4.54476e-02
 1.66992e-02 -4.62519e-02
 1.85784e-02 -4.78982e-02
 1.90646e-02 -4.54476e-02

 1.44499e-02 -5.59116e-02
 2.81667e-02 -4.49412e-02
 2.56968e-02 -4.53170e-02
 2.72572e-02 -4.72681e-02
 2.81667e-02 -4.49412e-02

 1.99746e-02 -5.39705e-02
 3.75398e-02 -4.37466e-02
 3.50415e-02 -4.37554e-02
 3.62983e-02 -4.59146e-02
 3.75398e-02 -4.37466e-02

 2.52499e-02 -5.14291e-02
 4.32678e-02 -4.03537e-02
 4.07704e-02 -4.04225e-02
 4.20787e-02 -4.25509e-02
 4.32678e-02 -4.03537e-02

 3.02108e-02 -4.83188e-02
 4.93333e-02 -3.64422e-02
 4.68362e-02 -3.65226e-02
 4.81544e-02 -3.86449e-02
 4.93333e-02 -3.64422e-02

 2.98242e-03 -5.24799e-02
 3.02730e-03 -5.24772e-02
 7.92210e-04 -5.13610e-02
 9.43052e-04 -5.38547e-02
 3.02730e-03 -5.24772e-02

 8.90546e-03 -5.17703e-02
 1.83034e-02 -5.00481e-02
 1.59501e-02 -4.92094e-02
 1.64004e-02 -5.16668e-02
 1.83034e-02 -5.00481e-02

 1.47043e-02 -5.03707e-02
 2.60364e-02 -4.68396e-02
 2.35992e-02 -4.62906e-02
 2.43424e-02 -4.86758e-02
 2.60364e-02 -4.68396e-02

 2.02987e-02 -4.83004e-02
 3.49514e-02 -4.17059e-02
 3.24657e-02 -4.14547e-02
 3.34911e-02 -4.37329e-02
 3.49514e-02 -4.17059e-02

 2.56115e-02 -4.55882e-02
 3.91024e-02 -3.74327e-02
 3.66046e-02 -3.74830e-02
 3.78971e-02 -3.96210e-02
 3.91024e-02 -3.74327e-02

 3.05691e-02 -4.22715e-02
 4.49675e-02 -3.09911e-02
 4.24939e-02 -3.13421e-02
 4.40347e-02 -3.33088e-02
 4.49675e-02 -3.09911e-02

 3.62105e-02 -4.03946e-02
 5.37025e-02 -2.12894e-02
 5.13201e-02 -2.20417e-02
 5.31628e-02 -2.37288e-02
 5.37025e-02 -2.12894e-02

 3.59826e-02 -4.67171e-02
 5.30431e-02 -3.45818e-02
 5.05560e-02 -3.48180e-02
 5.20041e-02 -3.68538e-02
 5.30431e-02 -3.45818e-02

 3.57546e-02 -5.30396e-02
 4.65506e-02 -4.40419e-02
 4.40888e-02 -4.44675e-02
 4.56883e-02 -4.63867e-02
 4.65506e-02 -4.40419e-02

 3.55267e-02 -5.93621e-02
 3.90725e-02 -5.61093e-02
 3.66337e-02 -5.66514e-02
 3.83226e-02 -5.84924e-02
 3.90725e-02 -5.61093e-02

 3.52987e-02 -6.56846e-02
 3.16057e-02 -6.51485e-02
 3.35674e-02 -6.66955e-02
 3.39263e-02 -6.42231e-02
 3.16057e-02 -6.51485e-02

 3.50707e-02 -7.20071e-02
 2.68323e-02 -7.41707e-02
 2.92422e-02 -7.48293e-02
 2.86076e-02 -7.24129e-02
 2.68323e-02 -7.41707e-02

 3.48428e-02 -7.83296e-02
 2.39466e-02 -8.14188e-02
 2.63689e-02 -8.20305e-02
 2.56875e-02 -7.96269e-02
 2.39466e-02 -8.14188e-02

 3.46148e-02 -8.46521e-02
 2.33167e-02 -8.81136e-02
 2.57513e-02 -8.86741e-02
 2.50194e-02 -8.62854e-02
 2.33167e-02 -8.81136e-02

 3.43869e-02 -9.09746e-02
 2.40168e-02 -9.40318e-02
 2.64454e-02 -9.46182e-02
 2.57389e-02 -9.22218e-02
 2.40168e-02 -9.40318e-02

 3.41589e-02 -9.72971e-02
 2.58348e-02 -9.97739e-02
 2.82648e-02 -1.00354e-01
 2.75523e-02 -9.79596e-02
 2.58348e-02 -9.97739e-02

 3.39310e-02 -1.03620e-01
 2.85878e-02 -1.05220e-01
 3.10188e-02 -1.05796e-01
 3.03021e-02 -1.03402e-01
 2.85878e-02 -1.05220e-01

 3.25715e-02 -1.08703e-01
 3.06999e-02 -1.09319e-01
 3.31458e-02 -1.09829e-01
 3.23637e-02 -1.07456e-01
 3.06999e-02 -1.09319e-01

 4.27359e-02 -4.02461e-02
 5.73236e-02 -2.14959e-02
 5.50091e-02 -2.24366e-02
 5.69809e-02 -2.39707e-02
 5.73236e-02 -2.14959e-02

 4.27526e-02 -4.68905e-02
 5.27222e-02 -3.64378e-02
 5.03250e-02 -3.71413e-02
 5.21328e-02 -3.88656e-02
 5.27222e-02 -3.64378e-02

 4.27694e-02 -5.35349e-02
 4.68549e-02 -4.80486e-02
 4.45608e-02 -4.90378e-02
 4.65646e-02 -5.05300e-02
 4.68549e-02 -4.80486e-02

 4.27862e-02 -6.01793e-02
 4.01212e-02 -6.09827e-02
 4.25533e-02 -6.15542e-02
 4.18322e-02 -5.91622e-02
 4.01212e-02 -6.09827e-02

 4.28029e-02 -6.68237e-02
 3.48757e-02 -7.02536e-02
 3.73575e-02 -7.05409e-02
 3.63654e-02 -6.82480e-02
 3.48757e-02 -7.02536e-02

 4.28197e-02 -7.34681e-02
 3.17541e-02 -7.87880e-02
 3.42453e-02 -7.89763e-02
 3.31628e-02 -7.67247e-02
 3.17541e-02 -7.87880e-02

 4.28364e-02 -8.01124e-02
 3.09534e-02 -8.56028e-02
 3.34414e-02 -8.58293e-02
 3.23936e-02 -8.35613e-02
 3.09534e-02 -8.56028e-02

 4.28532e-02 -8.67568e-02
 3.19150e-02 -9.16408e-02
 3.43999e-02 -9.18993e-02
 3.33813e-02 -8.96181e-02
 3.19150e-02 -9.16408e-02

 4.28699e-02 -9.34012e-02
 3.39904e-02 -9.71400e-02
 3.64692e-02 -9.74516e-02
 3.54997e-02 -9.51491e-02
 3.39904e-02 -9.71400e-02

 4.28867e-02 -1.00046e-01
 3.70756e-02 -1.02344e-01
 3.95470e-02 -1.02710e-01
 3.86281e-02 -1.00387e-01
 3.70756e-02 -1.02344e-01

 4.17449e-02 -1.05468e-01
 3.94925e-02 -1.06430e-01
 4.19728e-02 -1.06729e-01
 4.09923e-02 -1.04431e-01
 3.94925e-02 -1.06430e-01

 4.92708e-02 -4.00910e-02
 5.64997e-02 -2.68577e-02
 5.43662e-02 -2.81576e-02
 5.65587e-02 -2.93553e-02
 5.64997e-02 -2.68577e-02

 4.95512e-02 -4.70442e-02
 5.24383e-02 -4.19971e-02
 5.02797e-02 -4.32549e-02
 5.24483e-02 -4.44954e-02
 5.24383e-02 -4.19971e-02

 4.98317e-02 -5.39974e-02
 4.74901e-02 -5.45324e-02
 4.98776e-02 -5.52682e-02
 4.93211e-02 -5.28327e-02
 4.74901e-02 -5.45324e-02

 5.01122e-02 -6.09505e-02
 4.25438e-02 -6.63274e-02
 4.50310e-02 -6.60927e-02
 4.35841e-02 -6.40560e-02
 4.25438e-02 -6.63274e-02

 5.03927e-02 -6.79037e-02
 3.96863e-02 -7.52215e-02
 4.21775e-02 -7.50319e-02
 4.07677e-02 -7.29693e-02
 3.96863e-02 -7.52215e-02

 5.06731e-02 -7.48568e-02
 3.87909e-02 -8.27930e-02
 4.12839e-02 -8.26301e-02
 3.98963e-02 -8.05525e-02
 3.87909e-02 -8.27930e-02

 5.09536e-02 -8.18100e-02
 3.99582e-02 -8.87346e-02
 4.24547e-02 -8.86386e-02
 4.11234e-02 -8.65246e-02
 3.99582e-02 -8.87346e-02

 5.12341e-02 -8.87631e-02
 4.23818e-02 -9.40913e-02
 4.48797e-02 -9.40458e-02
 4.35913e-02 -9.19053e-02
 4.23818e-02 -9.40913e-02

 5.15146e-02 -9.57163e-02
 4.57924e-02 -9.89896e-02
 4.82907e-02 -9.89995e-02
 4.70502e-02 -9.68310e-02
 4.57924e-02 -9.89896e-02

 5.06129e-02 -1.01466e-01
 4.82104e-02 -1.02742e-01
 5.07072e-02 -1.02830e-01
 4.95353e-02 -1.00624e-01
 4.82104e-02 -1.02742e-01

 5.58147e-02 -3.99288e-02
 5.57186e-02 -3.57793e-02
 5.45199e-02 -3.79713e-02
 5.70175e-02 -3.79134e-02
 5.57186e-02 -3.57793e-02

 5.63771e-02 -4.71764e-02
 5.30878e-02 -4.95272e-02
 5.55744e-02 -4.92854e-02
 5.41217e-02 -4.72529e-02
 5.30878e-02 -4.95272e-02

 5.69395e-02 -5.44239e-02
 4.98747e-02 -6.14387e-02
 5.22902e-02 -6.08007e-02
 5.05299e-02 -5.90278e-02
 4.98747e-02 -6.14387e-02

 5.75018e-02 -6.16715e-02
 4.71760e-02 -7.11991e-02
 4.96132e-02 -7.06500e-02
 4.79190e-02 -6.88138e-02
 4.71760e-02 -7.11991e-02

 5.80642e-02 -6.89191e-02
 4.65239e-02 -7.87153e-02
 4.89818e-02 -7.82674e-02
 4.73650e-02 -7.63628e-02
 4.65239e-02 -7.87153e-02

 5.86266e-02 -7.61666e-02
 4.77294e-02 -8.47941e-02
 5.02011e-02 -8.44305e-02
 4.86503e-02 -8.24717e-02
 4.77294e-02 -8.47941e-02

 5.91890e-02 -8.34142e-02
 5.04736e-02 -8.97739e-02
 5.29576e-02 -8.95077e-02
 5.14850e-02 -8.74895e-02
 5.04736e-02 -8.97739e-02

 5.97513e-02 -9.06618e-02
 5.41568e-02 -9.44822e-02
 5.66480e-02 -9.42936e-02
 5.52391e-02 -9.22305e-02
 5.41568e-02 -9.44822e-02

 5.91113e-02 -9.67234e-02
 5.68358e-02 -9.81920e-02
 5.93311e-02 -9.80683e-02
 5.79763e-02 -9.59692e-02
 5.68358e-02 -9.81920e-02

 6.23673e-02 -3.97588e-02
 5.76955e-02 -4.46253e-02
 6.00950e-02 -4.39296e-02
 5.82927e-02 -4.21994e-02
 5.76955e-02 -4.46253e-02

 6.32289e-02 -4.72853e-02
 5.62925e-02 -5.63622e-02
 5.85988e-02 -5.54015e-02
 5.66137e-02 -5.38846e-02
 5.62925e-02 -5.63622e-02

 6.40904e-02 -5.48117e-02
 5.48241e-02 -6.60397e-02
 5.71647e-02 -6.51661e-02
 5.52378e-02 -6.35759e-02
 5.48241e-02 -6.60397e-02

 6.49519e-02 -6.23382e-02
 5.43056e-02 -7.39422e-02
 5.66887e-02 -7.31924e-02
 5.48478e-02 -7.15034e-02
 5.43056e-02 -7.39422e-02

 6.58135e-02 -6.98647e-02
 5.56003e-02 -8.00059e-02
 5.80158e-02 -7.93678e-02
 5.62555e-02 -7.75950e-02
 5.56003e-02 -8.00059e-02

 6.66750e-02 -7.73911e-02
 5.84018e-02 -8.49995e-02
 6.08399e-02 -8.44544e-02
 5.91488e-02 -8.26155e-02
 5.84018e-02 -8.49995e-02

 6.75366e-02 -8.49176e-02
 6.23233e-02 -8.94133e-02
 6.47776e-02 -8.89463e-02
 6.31460e-02 -8.70544e-02
 6.23233e-02 -8.94133e-02

 6.71786e-02 -9.12750e-02
 6.49733e-02 -9.29796e-02
 6.74491e-02 -9.26448e-02
 6.59212e-02 -9.06681e-02
 6.49733e-02 -9.29796e-02

 6.89281e-02 -3.95805e-02
 6.22870e-02 -5.03565e-02
 6.44856e-02 -4.91699e-02
 6.23587e-02 -4.78592e-02
 6.22870e-02 -5.03565e-02

 7.01050e-02 -4.73692e-02
 6.18616e-02 -5.98031e-02
 6.40983e-02 -5.86901e-02
 6.20160e-02 -5.73096e-02
 6.18616e-02 -5.98031e-02

 7.12820e-02 -5.51580e-02
 6.18591e-02 -6.77865e-02
 6.41542e-02 -6.67995e-02
 6.21518e-02 -6.53054e-02
 6.18591e-02 -6.77865e-02

 7.24590e-02 -6.29467e-02
 6.29896e-02 -7.42626e-02
 6.53361e-02 -7.34050e-02
 6.34201e-02 -7.18017e-02
 6.29896e-02 -7.42626e-02

 7.36360e-02 -7.07355e-02
 6.58162e-02 -7.92475e-02
 6.81999e-02 -7.84993e-02
 6.63601e-02 -7.68091e-02
 6.58162e-02 -7.92475e-02

 7.48130e-02 -7.85242e-02
 6.98735e-02 -8.34876e-02
 7.22852e-02 -8.28352e-02
 7.05143e-02 -8.10729e-02
 6.98735e-02 -8.34876e-02

 7.47565e-02 -8.51596e-02
 7.27751e-02 -8.69795e-02
 7.52136e-02 -8.64359e-02
 7.35236e-02 -8.45959e-02
 7.27751e-02 -8.69795e-02

 7.54964e-02 -3.93933e-02
 6.82905e-02 -5.24471e-02
 7.04297e-02 -5.11566e-02
 6.82425e-02 -4.99492e-02
 6.82905e-02 -5.24471e-02

 7.70041e-02 -4.74267e-02
 6.87461e-02 -6.07085e-02
 7.09493e-02 -5.95307e-02
 6.88277e-02 -5.82115e-02
 6.87461e-02 -6.07085e-02

 7.85117e-02 -5.54601e-02
 6.99942e-02 -6.75807e-02
 7.22602e-02 -6.65287e-02
 7.02161e-02 -6.50922e-02
 6.99942e-02 -6.75807e-02

 8.00193e-02 -6.34934e-02
 7.27347e-02 -7.29356e-02
 7.50454e-02 -7.19856e-02
 7.30673e-02 -7.04595e-02
 7.27347e-02 -7.29356e-02

 8.15270e-02 -7.15268e-02
 7.69326e-02 -7.70281e-02
 7.92782e-02 -7.61682e-02
 7.73607e-02 -7.45667e-02
 7.69326e-02 -7.70281e-02

 8.17899e-02 -7.84212e-02
 7.99777e-02 -8.03942e-02
 8.23612e-02 -7.96458e-02
 8.05213e-02 -7.79558e-02
 7.99777e-02 -8.03942e-02

 8.20718e-02 -3.91969e-02
 7.49518e-02 -5.27303e-02
 7.70647e-02 -5.13971e-02
 7.48537e-02 -5.02339e-02
 7.49518e-02 -5.27303e-02

 8.39242e-02 -4.74562e-02
 7.62971e-02 -6.02067e-02
 7.84797e-02 -5.89912e-02
 7.63357e-02 -5.77087e-02
 7.62971e-02 -6.02067e-02

 8.57766e-02 -5.57156e-02
 7.90403e-02 -6.59215e-02
 8.12747e-02 -6.48039e-02
 7.91897e-02 -6.34276e-02
 7.90403e-02 -6.59215e-02

 8.76290e-02 -6.39750e-02
 8.32352e-02 -7.00299e-02
 8.55169e-02 -6.90124e-02
 8.34949e-02 -6.75451e-02
 8.32352e-02 -7.00299e-02

 8.82279e-02 -7.11080e-02
 8.65963e-02 -7.32189e-02
 8.89078e-02 -7.22710e-02
 8.69312e-02 -7.07431e-02
 8.65963e-02 -7.32189e-02

 8.86536e-02 -3.89906e-02
 8.19754e-02 -5.22855e-02
 8.40628e-02 -5.09128e-02
 8.18303e-02 -4.97914e-02
 8.19754e-02 -5.22855e-02

 9.08637e-02 -4.74565e-02
 8.46791e-02 -5.85890e-02
 8.68217e-02 -5.73043e-02
 8.46378e-02 -5.60911e-02
 8.46791e-02 -5.85890e-02

 9.30737e-02 -5.59224e-02
 8.88995e-02 -6.26628e-02
 9.11006e-02 -6.14811e-02
 8.89766e-02 -6.01657e-02
 8.88995e-02 -6.26628e-02

 9.40239e-02 -6.32726e-02
 9.24913e-02 -6.56474e-02
 9.47141e-02 -6.45069e-02
 9.26150e-02 -6.31521e-02
 9.24913e-02 -6.56474e-02

 9.52413e-02 -3.87743e-02
 8.97527e-02 -5.07520e-02
 9.17896e-02 -4.93054e-02
 8.95184e-02 -4.82647e-02
 8.97527e-02 -5.07520e-02

 9.78206e-02 -4.74263e-02
 9.38807e-02 -5.49660e-02
 9.59899e-02 -5.36269e-02
 9.37756e-02 -5.24699e-02
 9.38807e-02 -5.49660e-02

 9.91357e-02 -5.49712e-02
 9.77295e-02 -5.76190e-02
 9.98476e-02 -5.62940e-02
 9.76411e-02 -5.51222e-02
 9.77295e-02 -5.76190e-02

 1.01834e-01 -3.85474e-02
 9.83489e-02 -4.69425e-02
 1.00332e-01 -4.54232e-02
 9.80248e-02 -4.44653e-02
 9.83489e-02 -4.69425e-02

 1.03526e-01 -4.62635e-02
 1.02196e-01 -4.93809e-02
 1.04194e-01 -4.78812e-02
 1.01896e-01 -4.69006e-02
 1.02196e-01 -4.93809e-02

 1.07163e-01 -3.72121e-02
 1.06100e-01 -4.04387e-02
 1.07964e-01 -3.87748e-02
 1.05591e-01 -3.79927e-02
 1.06100e-01 -4.04387e-02

 1.07478e-01 -3.14796e-02
 1.05940e-01 -3.69089e-02
 1.07732e-01 -3.51675e-02
 1.05328e-01 -3.44868e-02
 1.05940e-01 -3.69089e-02

 1.08809e-01 -2.67494e-02
 1.07433e-01 -3.25388e-02
 1.09148e-01 -3.07229e-02
 1.06718e-01 -3.01448e-02
 1.07433e-01 -3.25388e-02

 1.09924e-01 -2.19630e-02
 1.08750e-01 -2.80327e-02
 1.10387e-01 -2.61456e-02
 1.07934e-01 -2.56712e-02
 1.08750e-01 -2.80327e-02

 1.10818e-01 -1.71304e-02
 1.09867e-01 -2.34861e-02
 1.11422e-01 -2.15313e-02
 1.08951e-01 -2.11614e-02
 1.09867e-01 -2.34861e-02

 1.11490e-01 -1.22618e-02
 1.10784e-01 -1.88898e-02
 1.12255e-01 -1.68707e-02
 1.09771e-01 -1.66061e-02
 1.10784e-01 -1.88898e-02

 1.11939e-01 -7.36740e-03
 1.11501e-01 -1.42420e-02
 1.12885e-01 -1.21623e-02
 1.10392e-01 -1.20033e-02
 1.11501e-01 -1.42420e-02

 1.12164e-01 -2.45752e-03
 1.12013e-01 -9.55526e-03
 1.13308e-01 -7.41865e-03
 1.10810e-01 -7.36562e-03
 1.12013e-01 -9.55526e-03

 1.12164e-01  2.45752e-03
 1.12319e-01 -4.82360e-03
 1.13522e-01 -2.63396e-03
 1.11024e-01 -2.68699e-03
 1.12319e-01 -4.82360e-03

 1.11939e-01  7.36740e-03
 1.12413e-01 -6.06224e-05
 1.13522e-01  2.17810e-03
 1.11029e-01  2.01911e-03
 1.12413e-01 -6.06224e-05

 1.11490e-01  1.22618e-02
 1.12291e-01  4.74807e-03
 1.13304e-01  7.03184e-03
 1.10819e-01  6.76717e-03
 1.12291e-01  4.74807e-03

 1.10818e-01  1.71304e-02
 1.11949e-01  9.57345e-03
 1.12864e-01  1.18982e-02
 1.10393e-01  1.15283e-02
 1.11949e-01  9.57345e-03

 1.09924e-01  2.19630e-02
 1.11373e-01  1.44697e-02
 1.12188e-01  1.68312e-02
 1.09736e-01  1.63568e-02
 1.11373e-01  1.44697e-02

 1.08809e-01  2.67494e-02
 1.10575e-01  1.93246e-02
 1.11290e-01  2.17185e-02
 1.08859e-01  2.11405e-02
 1.10575e-01  1.93246e-02

 1.07478e-01  3.14796e-02
 1.09495e-01  2.43568e-02
 1.10107e-01  2.67789e-02
 1.07703e-01  2.60982e-02
 1.09495e-01  2.43568e-02

 1.01186e-01 -3.17882e-02
 9.71520e-02 -4.32468e-02
 9.90487e-02 -4.16207e-02
 9.66921e-02 -4.07911e-02
 9.71520e-02 -4.32468e-02

 1.02724e-01 -2.70467e-02
 9.91279e-02 -3.89207e-02
 1.00951e-01 -3.72120e-02
 9.85594e-02 -3.64879e-02
 9.91279e-02 -3.89207e-02

 1.04012e-01 -2.22310e-02
 1.00932e-01 -3.45087e-02
 1.02670e-01 -3.27141e-02
 1.00247e-01 -3.21062e-02
 1.00932e-01 -3.45087e-02

 1.05047e-01 -1.73543e-02
 1.02503e-01 -2.99648e-02
 1.04155e-01 -2.80910e-02
 1.01706e-01 -2.75969e-02
 1.02503e-01 -2.99648e-02

 1.05825e-01 -1.24300e-02
 1.03858e-01 -2.53284e-02
 1.05419e-01 -2.33779e-02
 1.02949e-01 -2.30012e-02
 1.03858e-01 -2.53284e-02

 1.06345e-01 -7.47169e-03
 1.04981e-01 -2.05809e-02
 1.06447e-01 -1.85583e-02
 1.03962e-01 -1.82996e-02
 1.04981e-01 -2.05809e-02

 1.06606e-01 -2.49284e-03
 1.05869e-01 -1.57502e-02
 1.07236e-01 -1.36593e-02
 1.04742e-01 -1.35206e-02
 1.05869e-01 -1.57502e-02

 1.06606e-01  2.49284e-03
 1.06518e-01 -1.08290e-02
 1.07781e-01 -8.67366e-03
 1.05283e-01 -8.65716e-03
 1.06518e-01 -1.08290e-02

 1.06345e-01  7.47169e-03
 1.06923e-01 -5.84539e-03
 1.08077e-01 -3.62972e-03
 1.05581e-01 -3.73789e-03
 1.06923e-01 -5.84539e-03

 1.05825e-01  1.24300e-02
 1.07083e-01 -7.93096e-04
 1.08121e-01  1.47906e-03
 1.05634e-01  1.24254e-03
 1.07083e-01 -7.93096e-04

 1.05047e-01  1.73543e-02
 1.06999e-01  4.28082e-03
 1.07915e-01  6.60521e-03
 1.05444e-01  6.23617e-03
 1.06999e-01  4.28082e-03

 1.04012e-01  2.22310e-02
 1.06660e-01  9.40757e-03
 1.07446e-01  1.17791e-02
 1.04999e-01  1.12738e-02
 1.06660e-01  9.40757e-03

 1.02724e-01  2.70467e-02
 1.06084e-01  1.44641e-02
 1.06732e-01  1.68768e-02
 1.04318e-01  1.62322e-02
 1.06084e-01  1.44641e-02

 1.01186e-01  3.17882e-02
 1.05178e-01  1.95809e-02
 1.05692e-01  2.20256e-02
 1.03318e-01  2.12491e-02
 1.05178e-01  1.95809e-02

 9.48956e-02 -3.21001e-02
 8.94845e-02 -4.55546e-02
 9.14508e-02 -4.40134e-02
 8.91329e-02 -4.30812e-02
 8.94845e-02 -4.55546e-02

 9.66440e-02 -2.73523e-02
 9.19647e-02 -4.11653e-02
 9.38420e-02 -3.95169e-02
 9.14757e-02 -3.87153e-02
 9.19647e-02 -4.11653e-02

 9.81104e-02 -2.25097e-02
 9.41846e-02 -3.66307e-02
 9.59676e-02 -3.48808e-02
 9.35606e-02 -3.42116e-02
 9.41846e-02 -3.66307e-02

 9.92898e-02 -1.75890e-02
 9.61419e-02 -3.19139e-02
 9.78263e-02 -3.00688e-02
 9.53862e-02 -2.95326e-02
 9.61419e-02 -3.19139e-02

 1.00178e-01 -1.26073e-02
 9.78302e-02 -2.70734e-02
 9.94098e-02 -2.51378e-02
 9.69437e-02 -2.47376e-02
 9.78302e-02 -2.70734e-02

 1.00772e-01 -7.58193e-03
 9.92352e-02 -2.20915e-02
 1.00705e-01 -2.00714e-02
 9.82208e-02 -1.98083e-02
 9.92352e-02 -2.20915e-02

 1.01069e-01 -2.53024e-03
 1.00345e-01 -1.70133e-02
 1.01701e-01 -1.49147e-02
 9.92058e-02 -1.47900e-02
 1.00345e-01 -1.70133e-02

 1.01069e-01  2.53024e-03
 1.01156e-01 -1.18411e-02
 1.02392e-01 -9.66998e-03
 9.98940e-02 -9.68513e-03
 1.01156e-01 -1.18411e-02

 1.00772e-01  7.58193e-03
 1.01656e-01 -6.61780e-03
 1.02768e-01 -4.38075e-03
 1.00274e-01 -4.53598e-03
 1.01656e-01 -6.61780e-03

 1.00178e-01  1.26073e-02
 1.01845e-01 -1.35880e-03
 1.02829e-01  9.37592e-04
 1.00348e-01  6.41540e-04
 1.01845e-01 -1.35880e-03

 9.92898e-02  1.75890e-02
 1.01722e-01  3.88021e-03
 1.02574e-01  6.22876e-03
 1.00114e-01  5.79235e-03
 1.01722e-01  3.88021e-03

 9.81104e-02  2.25097e-02
 1.01272e-01  9.08646e-03
 1.01992e-01  1.14788e-02
 9.95601e-02  1.09061e-02
 1.01272e-01  9.08646e-03

 9.66440e-02  2.73523e-02
 1.00518e-01  1.41717e-02
 1.01106e-01  1.65997e-02
 9.87094e-02  1.58953e-02
 1.00518e-01  1.41717e-02

 9.48956e-02  3.21001e-02
 9.93949e-02  1.91646e-02
 9.98639e-02  2.16185e-02
 9.75042e-02  2.07977e-02
 9.93949e-02  1.91646e-02

 8.86078e-02 -3.24155e-02
 8.26289e-02 -4.62812e-02
 8.46326e-02 -4.47891e-02
 8.23385e-02 -4.37998e-02
 8.26289e-02 -4.62812e-02

 9.05712e-02 -2.76667e-02
 8.54593e-02 -4.18280e-02
 8.73689e-02 -4.02170e-02
 8.50190e-02 -3.93688e-02
 8.54593e-02 -4.18280e-02

 9.22203e-02 -2.27996e-02
 8.79994e-02 -3.71755e-02
 8.98075e-02 -3.54514e-02
 8.74104e-02 -3.47476e-02
 8.79994e-02 -3.71755e-02

 9.35483e-02 -1.78350e-02
 9.02130e-02 -3.23435e-02
 9.19151e-02 -3.05148e-02
 8.94803e-02 -2.99551e-02
 9.02130e-02 -3.23435e-02

 9.45492e-02 -1.27941e-02
 9.21067e-02 -2.73668e-02
 9.36963e-02 -2.54394e-02
 9.12323e-02 -2.50265e-02
 9.21067e-02 -2.73668e-02

 9.52189e-02 -7.69840e-03
 9.36635e-02 -2.22434e-02
 9.51356e-02 -2.02249e-02
 9.26515e-02 -1.99592e-02
 9.36635e-02 -2.22434e-02

 9.55545e-02 -2.56980e-03
 9.48678e-02 -1.70284e-02
 9.62182e-02 -1.49264e-02
 9.37227e-02 -1.48079e-02
 9.48678e-02 -1.70284e-02

 9.55545e-02  2.56980e-03
 9.57236e-02 -1.17331e-02
 9.69471e-02 -9.55488e-03
 9.44490e-02 -9.58442e-03
 9.57236e-02 -1.17331e-02

 9.52189e-02  7.69840e-03
 9.62132e-02 -6.41263e-03
 9.73072e-02 -4.16658e-03
 9.48150e-02 -4.34217e-03
 9.62132e-02 -6.41263e-03

 9.45492e-02  1.27941e-02
 9.63481e-02 -1.09462e-03
 9.73090e-02  1.21153e-03
 9.48314e-02  8.90623e-04
 9.63481e-02 -1.09462e-03

 9.35483e-02  1.78350e-02
 9.61253e-02  4.16542e-03
 9.69520e-02  6.52300e-03
 9.44969e-02  6.06016e-03
 9.61253e-02  4.16542e-03

 9.22203e-02  2.27996e-02
 9.55339e-02  9.34216e-03
 9.62295e-02  1.17417e-02
 9.38036e-02  1.11444e-02
 9.55339e-02  9.34216e-03

 9.05712e-02  2.76667e-02
 9.46027e-02  1.43724e-02
 9.51702e-02  1.68054e-02
 9.27794e-02  1.60804e-02
 9.46027e-02  1.43724e-02

 8.86078e-02  3.24155e-02
 9.32782e-02  1.92856e-02
 9.37300e-02  2.17427e-02
 9.13762e-02  2.09054e-02
 9.32782e-02  1.92856e-02

 8.23223e-02 -3.27344e-02
 7.60138e-02 -4.64595e-02
 7.80524e-02 -4.50152e-02
 7.57823e-02 -4.39719e-02
 7.60138e-02 -4.64595e-02

 8.45051e-02 -2.79902e-02
 7.90303e-02 -4.20498e-02
 8.09794e-02 -4.04869e-02
 7.86514e-02 -3.95804e-02
 7.90303e-02 -4.20498e-02

 8.63418e-02 -2.31013e-02
 8.18188e-02 -3.74444e-02
 8.36608e-02 -3.57566e-02
 8.12782e-02 -3.50053e-02
 8.18188e-02 -3.74444e-02

 8.78227e-02 -1.80928e-02
 8.42591e-02 -3.26433e-02
 8.59871e-02 -3.08389e-02
 8.35605e-02 -3.02446e-02
 8.42591e-02 -3.26433e-02

 8.89402e-02 -1.29907e-02
 8.63654e-02 -2.76828e-02
 8.79693e-02 -2.57673e-02
 8.55084e-02 -2.53361e-02
 8.63654e-02 -2.76828e-02

 8.96884e-02 -7.82140e-03
 8.80968e-02 -2.25698e-02
 8.95709e-02 -2.05527e-02
 8.70870e-02 -2.02846e-02
 8.80968e-02 -2.25698e-02

 9.00635e-02 -2.61164e-03
 8.94322e-02 -1.73575e-02
 9.07727e-02 -1.52493e-02
 8.82767e-02 -1.51424e-02
 8.94322e-02 -1.73575e-02

 9.00635e-02  2.61164e-03
 9.03763e-02 -1.20675e-02
 9.15790e-02 -9.87779e-03
 8.90813e-02 -9.93101e-03
 9.03763e-02 -1.20675e-02

 8.96884e-02  7.82140e-03
 9.08960e-02 -6.75708e-03
 9.19623e-02 -4.49772e-03
 8.94725e-02 -4.70398e-03
 9.08960e-02 -6.75708e-03

 8.89402e-02  1.29907e-02
 9.10154e-02 -1.46187e-03
 9.19444e-02  8.57329e-04
 8.94714e-02  5.02229e-04
 9.10154e-02 -1.46187e-03

 8.78227e-02  1.80928e-02
 9.07155e-02  3.77587e-03
 9.15114e-02  6.14403e-03
 8.90626e-02  5.64923e-03
 9.07155e-02  3.77587e-03

 8.63418e-02  2.31013e-02
 9.00011e-02  8.92226e-03
 9.06699e-02  1.13294e-02
 8.82509e-02  1.07051e-02
 9.00011e-02  8.92226e-03

 8.45051e-02  2.79902e-02
 8.88954e-02  1.39679e-02
 8.94411e-02  1.64059e-02
 8.70569e-02  1.56594e-02
 8.88954e-02  1.39679e-02

 8.23223e-02  3.27344e-02
 8.73804e-02  1.89029e-02
 8.78105e-02  2.13640e-02
 8.54641e-02  2.05059e-02
 8.73804e-02  1.89029e-02

 7.60390e-02 -3.30570e-02
 6.97269e-02 -4.61192e-02
 7.17930e-02 -4.47147e-02
 6.95436e-02 -4.36277e-02
 6.97269e-02 -4.61192e-02

 7.84461e-02 -2.83232e-02
 7.27912e-02 -4.19915e-02
 7.47726e-02 -4.04698e-02
 7.24640e-02 -3.95147e-02
 7.27912e-02 -4.19915e-02

 8.04752e-02 -2.34151e-02
 7.57379e-02 -3.76650e-02
 7.76058e-02 -3.60060e-02
 7.52351e-02 -3.52178e-02
 7.57379e-02 -3.76650e-02

 8.21138e-02 -1.83629e-02
 7.83328e-02 -3.30108e-02
 8.00831e-02 -3.12281e-02
 7.76640e-02 -3.06037e-02
 7.83328e-02 -3.30108e-02

 8.33516e-02 -1.31977e-02
 8.05847e-02 -2.81729e-02
 8.22062e-02 -2.62722e-02
 7.97495e-02 -2.58183e-02
 8.05847e-02 -2.81729e-02

 8.41811e-02 -7.95123e-03
 8.24468e-02 -2.31146e-02
 8.39337e-02 -2.11069e-02
 8.14516e-02 -2.08230e-02
 8.24468e-02 -2.31146e-02

 8.45971e-02 -2.65586e-03
 8.38749e-02 -1.79326e-02
 8.52249e-02 -1.58304e-02
 8.27293e-02 -1.57124e-02
 8.38749e-02 -1.79326e-02

 8.45971e-02  2.65586e-03
 8.48826e-02 -1.26321e-02
 8.60911e-02 -1.04456e-02
 8.35932e-02 -1.04922e-02
 8.48826e-02 -1.26321e-02

 8.41811e-02  7.95123e-03
 8.54163e-02 -7.28580e-03
 8.64866e-02 -5.02833e-03
 8.39964e-02 -5.23020e-03
 8.54163e-02 -7.28580e-03

 8.33516e-02  1.31977e-02
 8.55108e-02 -1.91070e-03
 8.64413e-02  4.07874e-04
 8.39681e-02  5.44187e-05
 8.55108e-02 -1.91070e-03

 8.21138e-02  1.83629e-02
 8.51415e-02  3.45462e-03
 8.59351e-02  5.82357e-03
 8.34867e-02  5.32633e-03
 8.51415e-02  3.45462e-03

 8.04752e-02  2.34151e-02
 8.43007e-02  8.80637e-03
 8.49610e-02  1.12159e-02
 8.25442e-02  1.05830e-02
 8.43007e-02  8.80637e-03

 7.84461e-02  2.83232e-02
 8.30321e-02  1.41549e-02
 8.35542e-02  1.65981e-02
 8.11773e-02  1.58287e-02
 8.30321e-02  1.41549e-02

 7.60390e-02  3.30570e-02
 8.12747e-02  1.94934e-02
 8.16609e-02  2.19616e-02
 7.93302e-02  2.10620e-02
 8.12747e-02  1.94934e-02

 6.97580e-02 -3.33835e-02
 6.37795e-02 -4.35409e-02
 6.59535e-02 -4.23099e-02
 6.38004e-02 -4.10427e-02
 6.37795e-02 -4.35409e-02

 7.23943e-02 -2.86660e-02
 6.67236e-02 -3.98525e-02
 6.88161e-02 -3.84875e-02
 6.65877e-02 -3.73579e-02
 6.67236e-02 -3.98525e-02

 7.46212e-02 -2.37417e-02
 6.96820e-02 -3.58703e-02
 7.16549e-02 -3.43376e-02
 6.93411e-02 -3.33953e-02
 6.96820e-02 -3.58703e-02

 7.64223e-02 -1.86459e-02
 7.23912e-02 -3.14938e-02
 7.42308e-02 -2.98034e-02
 7.18471e-02 -2.90554e-02
 7.23912e-02 -3.14938e-02

 7.77847e-02 -1.34155e-02
 7.47652e-02 -2.68285e-02
 7.64590e-02 -2.49921e-02
 7.40217e-02 -2.44434e-02
 7.47652e-02 -2.68285e-02

 7.86984e-02 -8.08825e-03
 7.67559e-02 -2.18738e-02
 7.82948e-02 -1.99056e-02
 7.58209e-02 -1.95570e-02
 7.67559e-02 -2.18738e-02

 7.91570e-02 -2.70259e-03
 7.82708e-02 -1.67102e-02
 7.96541e-02 -1.46298e-02
 7.71607e-02 -1.44720e-02
 7.82708e-02 -1.67102e-02

 7.91570e-02  2.70259e-03
 7.93363e-02 -1.13367e-02
 8.05577e-02 -9.15736e-03
 7.80596e-02 -9.18927e-03
 7.93363e-02 -1.13367e-02

 7.86984e-02  8.08825e-03
 7.98445e-02 -5.83917e-03
 8.09120e-02 -3.58040e-03
 7.84221e-02 -3.78529e-03
 7.98445e-02 -5.83917e-03

 7.77847e-02  1.34155e-02
 7.98667e-02 -2.01614e-04
 8.07745e-02  2.12595e-03
 7.83049e-02  1.74834e-03
 7.98667e-02 -2.01614e-04

 7.64223e-02  1.86459e-02
 7.93071e-02  5.52220e-03
 8.00626e-02  7.90355e-03
 7.76225e-02  7.36718e-03
 7.93071e-02  5.52220e-03

 7.46212e-02  2.37417e-02
 7.82210e-02  1.13395e-02
 7.88175e-02  1.37656e-02
 7.64182e-02  1.30691e-02
 7.82210e-02  1.13395e-02

 7.23943e-02  2.86660e-02
 7.65341e-02  1.72817e-02
 7.69686e-02  1.97419e-02
 7.46207e-02  1.88881e-02
 7.65341e-02  1.72817e-02

 6.97580e-02  3.33835e-02
 7.43201e-02  2.32810e-02
 7.45681e-02  2.57670e-02
 7.22912e-02  2.47387e-02
 7.43201e-02  2.32810e-02

 6.34793e-02 -3.37140e-02
 5.98290e-02 -3.74105e-02
 6.22381e-02 -3.67487e-02
 6.04604e-02 -3.49933e-02
 5.98290e-02 -3.74105e-02

 6.63500e-02 -2.90192e-02
 6.26073e-02 -3.45158e-02
 6.48575e-02 -3.34305e-02
 6.27925e-02 -3.20244e-02
 6.26073e-02 -3.45158e-02

 6.87800e-02 -2.40817e-02
 6.53104e-02 -3.09493e-02
 6.74010e-02 -2.95814e-02
 6.51711e-02 -2.84549e-02
 6.53104e-02 -3.09493e-02

 7.07490e-02 -1.89425e-02
 6.77957e-02 -2.67193e-02
 6.97316e-02 -2.51401e-02
 6.73961e-02 -2.42531e-02
 6.77957e-02 -2.67193e-02

 7.22404e-02 -1.36448e-02
 6.99571e-02 -2.20374e-02
 7.17304e-02 -2.02776e-02
 6.93197e-02 -1.96217e-02
 6.99571e-02 -2.20374e-02

 7.32416e-02 -8.23282e-03
 7.17093e-02 -1.69387e-02
 7.33146e-02 -1.50244e-02
 7.08541e-02 -1.45913e-02
 7.17093e-02 -1.69387e-02

 7.37443e-02 -2.75195e-03
 7.29407e-02 -1.15740e-02
 7.43810e-02 -9.53266e-03
 7.18930e-02 -9.30603e-03
 7.29407e-02 -1.15740e-02

 7.37443e-02  2.75195e-03
 7.36587e-02 -5.86327e-03
 7.49293e-02 -3.71219e-03
 7.24311e-02 -3.68734e-03
 7.36587e-02 -5.86327e-03

 7.32416e-02  8.23282e-03
 7.37563e-02 -3.33892e-05
 7.48686e-02  2.20367e-03
 7.23751e-02  2.04842e-03
 7.37563e-02 -3.33892e-05

 7.22404e-02  1.36448e-02
 7.32642e-02  6.12431e-03
 7.42101e-02  8.43665e-03
 7.17346e-02  8.09964e-03
 7.32642e-02  6.12431e-03

 7.07490e-02  1.89425e-02
 7.21433e-02  1.23257e-02
 7.29195e-02  1.47004e-02
 7.04748e-02  1.41852e-02
 7.21433e-02  1.23257e-02

 6.87800e-02  2.40817e-02
 7.03276e-02  1.87877e-02
 7.09195e-02  2.12149e-02
 6.85216e-02  2.05139e-02
 7.03276e-02  1.87877e-02

 6.63500e-02  2.90192e-02
 6.79193e-02  2.53270e-02
 6.82226e-02  2.78068e-02
 6.59233e-02  2.68296e-02
 6.79193e-02  2.53270e-02

 6.34793e-02  3.37140e-02
 6.47376e-02  3.20091e-02
 6.44578e-02  3.44917e-02
 6.24477e-02  3.30081e-02
 6.47376e-02  3.20091e-02

 5.72030e-02 -3.40487e-02
 5.76953e-02 -2.64987e-02
 5.63080e-02 -2.85765e-02
 5.88010e-02 -2.87390e-02
 5.76953e-02 -2.64987e-02

 6.03133e-02 -2.93833e-02
 6.00972e-02 -2.34960e-02
 5.89283e-02 -2.57040e-02
 6.14249e-02 -2.56123e-02
 6.00972e-02 -2.34960e-02

 6.29524e-02 -2.44357e-02
 6.24441e-02 -2.01108e-02
 6.14560e-02 -2.24055e-02
 6.39373e-02 -2.21138e-02
 6.24441e-02 -2.01108e-02

 6.50948e-02 -1.92533e-02
 6.45458e-02 -1.60000e-02
 6.36741e-02 -1.83413e-02
 6.61376e-02 -1.79256e-02
 6.45458e-02 -1.60000e-02

 6.67199e-02 -1.38860e-02
 6.62164e-02 -1.13395e-02
 6.54106e-02 -1.37043e-02
 6.78615e-02 -1.32198e-02
 6.62164e-02 -1.13395e-02

 6.78121e-02 -8.38535e-03
 6.74207e-02 -6.11402e-03
 6.65571e-02 -8.45833e-03
 6.90191e-02 -8.03410e-03
 6.74207e-02 -6.11402e-03

 6.83608e-02 -2.80410e-03
 6.80408e-02 -6.29855e-04
 6.71200e-02 -2.95229e-03
 6.95917e-02 -2.58853e-03
 6.80408e-02 -6.29855e-04

 6.83608e-02  2.80410e-03
 6.81106e-02  5.36563e-03
 6.70777e-02  3.09084e-03
 6.95642e-02  3.33369e-03
 6.81106e-02  5.36563e-03

 6.78121e-02  8.38535e-03
 6.74308e-02  1.13821e-02
 6.64647e-02  9.07813e-03
 6.89431e-02  9.39343e-03
 6.74308e-02  1.13821e-02

 6.67199e-02  1.38860e-02
 6.61731e-02  1.79198e-02
 6.52259e-02  1.56081e-02
 6.77016e-02  1.59436e-02
 6.61731e-02  1.79198e-02

 6.50948e-02  1.92533e-02
 6.39913e-02  2.43654e-02
 6.32268e-02  2.19869e-02
 6.56689e-02  2.25141e-02
 6.39913e-02  2.43654e-02

 6.29524e-02  2.44357e-02
 6.12833e-02  3.11037e-02
 6.05969e-02  2.87015e-02
 6.30204e-02  2.93082e-02
 6.12833e-02  3.11037e-02

 6.03133e-02  2.93833e-02
 5.74892e-02  3.78184e-02
 5.69916e-02  3.53701e-02
 5.93607e-02  3.61633e-02
 5.74892e-02  3.78184e-02

 5.72030e-02  3.40487e-02
 5.32974e-02  4.43755e-02
 5.28944e-02  4.19099e-02
 5.52312e-02  4.27937e-02
 5.32974e-02  4.43755e-02

 5.09292e-02 -3.43878e-02
 5.91465e-02 -1.69300e-02
 5.70948e-02 -1.83556e-02
 5.93553e-02 -1.94196e-02
 5.91465e-02 -1.69300e-02

 5.42846e-02 -2.97587e-02
 6.08112e-02 -1.21747e-02
 5.88873e-02 -1.37684e-02
 6.12294e-02 -1.46378e-02
 6.08112e-02 -1.21747e-02

 5.71388e-02 -2.48044e-02
 6.24980e-02 -7.44983e-03
 6.06660e-02 -9.14855e-03
 6.30531e-02 -9.88569e-03
 6.24980e-02 -7.44983e-03

 5.94606e-02 -1.95792e-02
 6.37330e-02 -2.59333e-03
 6.19938e-02 -4.38688e-03
 6.44166e-02 -4.99630e-03
 6.37330e-02 -2.59333e-03

 6.12246e-02 -1.41400e-02
 6.44112e-02  2.60353e-03
 6.27795e-02  7.11613e-04
 6.52338e-02  2.44518e-04
 6.44112e-02  2.60353e-03

 6.24114e-02 -8.54628e-03
 6.43595e-02  8.35389e-03
 6.28708e-02  6.34755e-03
 6.53527e-02  6.06146e-03
 6.43595e-02  8.35389e-03

 6.30080e-02 -2.85918e-03
 6.36686e-02  1.42004e-02
 6.23367e-02  1.20867e-02
 6.48331e-02  1.19901e-02
 6.36686e-02  1.42004e-02

 6.30080e-02  2.85918e-03
 6.21842e-02  2.07499e-02
 6.10359e-02  1.85311e-02
 6.35316e-02  1.86461e-02
 6.21842e-02  2.07499e-02

 6.24114e-02  8.54628e-03
 6.00601e-02  2.67511e-02
 5.90984e-02  2.44453e-02
 6.15761e-02  2.47653e-02
 6.00601e-02  2.67511e-02

 6.12246e-02  1.41400e-02
 5.71056e-02  3.37189e-02
 5.63286e-02  3.13444e-02
 5.87734e-02  3.18588e-02
 5.71056e-02  3.37189e-02

 5.94606e-02  1.95792e-02
 5.35471e-02  3.93769e-02
 5.29694e-02  3.69463e-02
 5.53632e-02  3.76613e-02
 5.35471e-02  3.93769e-02

 5.71388e-02  2.48044e-02
 4.92089e-02  4.62083e-02
 4.87892e-02  4.37455e-02
 5.11319e-02  4.46135e-02
 4.92089e-02  4.62083e-02

 5.42846e-02  2.97587e-02
 4.45424e-02  5.11121e-02
 4.43040e-02  4.86252e-02
 4.65769e-02  4.96622e-02
 4.45424e-02  5.11121e-02

 5.09292e-02  3.43878e-02
 3.91726e-02  5.68862e-02
 3.90675e-02  5.43901e-02
 4.12818e-02  5.55471e-02
 3.91726e-02  5.68862e-02

 4.46580e-02 -3.47315e-02
 5.78736e-02 -1.30688e-02
 5.56804e-02 -1.42652e-02
 5.78132e-02 -1.55663e-02
 5.78736e-02 -1.30688e-02

 4.82641e-02 -3.01460e-02
 5.98465e-02 -5.15023e-03
 5.78035e-02 -6.58814e-03
 6.00703e-02 -7.63852e-03
 5.98465e-02 -5.15023e-03

 5.13399e-02 -2.51887e-02
 6.14718e-02  2.58514e-03
 5.95568e-02  9.80656e-04
 6.19038e-02  1.24456e-04
 6.14718e-02  2.58514e-03

 5.38474e-02 -1.99209e-02
 6.23724e-02  9.80920e-03
 6.05753e-02  8.07372e-03
 6.29768e-02  7.38508e-03
 6.23724e-02  9.80920e-03

 5.57557e-02 -1.44073e-02
 6.24277e-02  1.68492e-02
 6.07544e-02  1.49940e-02
 6.31977e-02  1.44725e-02
 6.24277e-02  1.68492e-02

 5.70411e-02 -8.71609e-03
 6.15038e-02  2.31925e-02
 5.99670e-02  2.12228e-02
 6.24413e-02  2.08767e-02
 6.15038e-02  2.31925e-02

 5.76878e-02 -2.91736e-03
 5.97644e-02  2.96483e-02
 5.83800e-02  2.75686e-02
 6.08733e-02  2.74096e-02
 5.97644e-02  2.96483e-02

 5.76878e-02  2.91736e-03
 5.71375e-02  3.52207e-02
 5.59254e-02  3.30361e-02
 5.84234e-02  3.30787e-02
 5.71375e-02  3.52207e-02

 5.70411e-02  8.71609e-03
 5.38710e-02  4.11144e-02
 5.28384e-02  3.88394e-02
 5.53249e-02  3.90827e-02
 5.38710e-02  4.11144e-02

 5.57557e-02  1.44073e-02
 4.99938e-02  4.56439e-02
 4.91578e-02  4.32896e-02
 5.16147e-02  4.37428e-02
 4.99938e-02  4.56439e-02

 5.38474e-02  1.99209e-02
 4.55152e-02  5.07052e-02
 4.48747e-02  4.82904e-02
 4.72863e-02  4.89431e-02
 4.55152e-02  5.07052e-02

 5.13399e-02  2.51887e-02
 4.11027e-02  5.37321e-02
 4.06573e-02  5.12738e-02
 4.30090e-02  5.21172e-02
 4.11027e-02  5.37321e-02

 4.82641e-02  3.01460e-02
 3.57759e-02  5.71679e-02
 3.55497e-02  5.46798e-02
 3.78175e-02  5.57279e-02
 3.57759e-02  5.71679e-02

 4.46580e-02  3.47315e-02
 3.17456e-02  5.83854e-02
 3.16859e-02  5.58878e-02
 3.38787e-02  5.70848e-02
 3.17456e-02  5.83854e-02

 3.83892e-02 -3.50800e-02
 5.16341e-02 -2.18352e-02
 4.92209e-02 -2.24818e-02
 5.09875e-02 -2.42484e-02
 5.16341e-02 -2.18352e-02

 4.22520e-02 -3.05458e-02
 5.46676e-02 -1.46984e-02
 5.23500e-02 -1.56312e-02
 5.43166e-02 -1.71720e-02
 5.46676e-02 -1.46984e-02

 4.55562e-02 -2.55894e-02
 5.68629e-02 -6.88591e-03
 5.46745e-02 -8.09125e-03
 5.68126e-02 -9.38373e-03
 5.68629e-02 -6.88591e-03

 4.82562e-02 -2.02792e-02
 5.78386e-02  1.01173e-03
 5.58115e-02 -4.48591e-04
 5.80897e-02 -1.47394e-03
 5.78386e-02  1.01173e-03

 5.03146e-02 -1.46888e-02
 5.75500e-02  8.53014e-03
 5.57138e-02  6.83613e-03
 5.80990e-02  6.09286e-03
 5.75500e-02  8.53014e-03

 5.17030e-02 -8.89529e-03
 5.61897e-02  1.55880e-02
 5.45710e-02  1.36850e-02
 5.70284e-02  1.32347e-02
 5.61897e-02  1.55880e-02

 5.24020e-02 -2.97882e-03
 5.39132e-02  2.20039e-02
 5.25356e-02  1.99197e-02
 5.50294e-02  1.97688e-02
 5.39132e-02  2.20039e-02

 5.24020e-02  2.97882e-03
 5.08978e-02  2.78447e-02
 4.97816e-02  2.56096e-02
 5.22754e-02  2.57604e-02
 5.08978e-02  2.78447e-02

 5.17030e-02  8.89529e-03
 4.72939e-02  3.29549e-02
 4.64552e-02  3.06016e-02
 4.89126e-02  3.10519e-02
 4.72939e-02  3.29549e-02

 5.03146e-02  1.46888e-02
 4.31924e-02  3.75445e-02
 4.26435e-02  3.51072e-02
 4.50287e-02  3.58505e-02
 4.31924e-02  3.75445e-02

 4.82562e-02  2.02792e-02
 3.89110e-02  4.10436e-02
 3.86599e-02  3.85579e-02
 4.09381e-02  3.95832e-02
 3.89110e-02  4.10436e-02

 4.55562e-02  2.55894e-02
 3.41638e-02  4.44345e-02
 3.42142e-02  4.19367e-02
 3.63522e-02  4.32291e-02
 3.41638e-02  4.44345e-02

 4.22520e-02  3.05458e-02
 3.01881e-02  4.59445e-02
 3.05391e-02  4.34709e-02
 3.25057e-02  4.50117e-02
 3.01881e-02  4.59445e-02

 3.83892e-02  3.50800e-02
 2.47361e-02  4.87331e-02
 2.53828e-02  4.63199e-02
 2.71493e-02  4.80865e-02
 2.47361e-02  4.87331e-02

 3.62312e-02  4.03748e-02
 2.23550e-02  5.77092e-02
 2.27319e-02  5.52394e-02
 2.46823e-02  5.68007e-02
 2.23550e-02  5.77092e-02

 4.27932e-02  4.01897e-02
 2.79494e-02  6.17442e-02
 2.81477e-02  5.92538e-02
 3.02053e-02  6.06708e-02
 2.79494e-02  6.17442e-02

 4.93551e-02  4.00046e-02
 3.97900e-02  5.95028e-02
 3.96215e-02  5.70101e-02
 4.18644e-02  5.81105e-02
 3.97900e-02  5.95028e-02

 5.59171e-02  3.98195e-02
 5.38317e-02  4.65612e-02
 5.32777e-02  4.41251e-02
 5.56645e-02  4.48634e-02
 5.38317e-02  4.65612e-02

 6.24790e-02  3.96344e-02
 6.57236e-02  3.53768e-02
 6.54057e-02  3.78548e-02
 6.34186e-02  3.63405e-02
 6.57236e-02  3.53768e-02

 6.90410e-02  3.94493e-02
 7.49080e-02  2.83562e-02
 7.50007e-02  3.08528e-02
 7.27923e-02  2.96848e-02
 7.49080e-02  2.83562e-02

 7.56029e-02  3.92642e-02
 8.18455e-02  2.58305e-02
 8.20665e-02  2.83190e-02
 7.98009e-02  2.72662e-02
 8.18455e-02  2.58305e-02

 8.21649e-02  3.90791e-02
 8.80352e-02  2.57456e-02
 8.83066e-02  2.82291e-02
 8.60201e-02  2.72224e-02
 8.80352e-02  2.57456e-02

 8.87268e-02  3.88940e-02
 9.41732e-02  2.61408e-02
 9.44722e-02  2.86212e-02
 9.21746e-02  2.76400e-02
 9.41732e-02  2.61408e-02

 9.52888e-02  3.87089e-02
 1.00425e-01  2.63682e-02
 1.00747e-01  2.88457e-02
 9.84400e-02  2.78858e-02
 1.00425e-01  2.63682e-02

 1.01851e-01  3.85238e-02
 1.05875e-01  2.84039e-02
 1.06236e-01  3.08759e-02
 1.03915e-01  2.99528e-02
 1.05875e-01  2.84039e-02

 1.07163e-01  3.72121e-02
 1.08923e-01  3.25489e-02
 1.09328e-01  3.50143e-02
 1.06990e-01  3.41322e-02
 1.08923e-01  3.25489e-02

 3.60414e-02  4.66623e-02
 2.06037e-02  6.42745e-02
 2.10905e-02  6.18240e-02
 2.29693e-02  6.34708e-02
 2.06037e-02  6.42745e-02

 4.29145e-02  4.67353e-02
 3.14547e-02  6.39635e-02
 3.16129e-02  6.14702e-02
 3.36931e-02  6.28539e-02
 3.14547e-02  6.39635e-02

 4.97877e-02  4.68084e-02
 4.57302e-02  5.83839e-02
 4.52670e-02  5.59289e-02
 4.76247e-02  5.67553e-02
 4.57302e-02  5.83839e-02

 5.66609e-02  4.68815e-02
 5.95239e-02  4.62654e-02
 5.76715e-02  4.79417e-02
 5.71460e-02  4.54993e-02
 5.95239e-02  4.62654e-02

 6.35340e-02  4.69545e-02
 6.99023e-02  3.83638e-02
 6.96173e-02  4.08458e-02
 6.76103e-02  3.93580e-02
 6.99023e-02  3.83638e-02

 7.04072e-02  4.70276e-02
 7.79549e-02  3.46719e-02
 7.78930e-02  3.71694e-02
 7.57610e-02  3.58670e-02
 7.79549e-02  3.46719e-02

 7.72803e-02  4.71006e-02
 8.44788e-02  3.42138e-02
 8.45142e-02  3.67118e-02
 8.23331e-02  3.54935e-02
 8.44788e-02  3.42138e-02

 8.41535e-02  4.71737e-02
 9.06891e-02  3.48292e-02
 9.07807e-02  3.73259e-02
 8.85728e-02  3.61569e-02
 9.06891e-02  3.48292e-02

 9.10267e-02  4.72467e-02
 9.69912e-02  3.56228e-02
 9.71148e-02  3.81181e-02
 9.48920e-02  3.69775e-02
 9.69912e-02  3.56228e-02

 9.78998e-02  4.73198e-02
 1.02454e-01  3.76088e-02
 1.02666e-01  4.00981e-02
 1.00404e-01  3.90374e-02
 1.02454e-01  3.76088e-02

 1.03543e-01  4.62399e-02
 1.05779e-01  4.15593e-02
 1.05974e-01  4.40501e-02
 1.03720e-01  4.29729e-02
 1.05779e-01  4.15593e-02

 3.58446e-02  5.29590e-02
 2.29842e-02  6.81009e-02
 2.34327e-02  6.56431e-02
 2.53369e-02  6.72604e-02
 2.29842e-02  6.81009e-02

 4.30150e-02  5.33087e-02
 3.64497e-02  6.41594e-02
 3.65010e-02  6.16616e-02
 3.86385e-02  6.29549e-02
 3.64497e-02  6.41594e-02

 5.01855e-02  5.36583e-02
 5.16243e-02  5.79916e-02
 4.97570e-02  5.63319e-02
 5.21280e-02  5.55446e-02
 5.16243e-02  5.79916e-02

 5.73559e-02  5.40079e-02
 6.43218e-02  4.87610e-02
 6.33451e-02  5.10605e-02
 6.18420e-02  4.90649e-02
 6.43218e-02  4.87610e-02

 6.45264e-02  5.43576e-02
 7.32735e-02  4.39538e-02
 7.28373e-02  4.64137e-02
 7.09250e-02  4.48060e-02
 7.32735e-02  4.39538e-02

 7.16968e-02  5.47072e-02
 8.05317e-02  4.26058e-02
 8.02648e-02  4.50899e-02
 7.82470e-02  4.36167e-02
 8.05317e-02  4.26058e-02

 7.88673e-02  5.50569e-02
 8.67543e-02  4.32780e-02
 8.65884e-02  4.57708e-02
 8.45125e-02  4.43808e-02
 8.67543e-02  4.32780e-02

 8.60378e-02  5.54065e-02
 9.30406e-02  4.45161e-02
 9.29210e-02  4.70115e-02
 9.08197e-02  4.56603e-02
 9.30406e-02  4.45161e-02

 9.32082e-02  5.57561e-02
 9.84952e-02  4.66850e-02
 9.84849e-02  4.91833e-02
 9.63265e-02  4.79253e-02
 9.84952e-02  4.66850e-02

 9.91675e-02  5.49301e-02
 1.01795e-01  5.04528e-02
 1.01777e-01  5.29511e-02
 9.96224e-02  5.16867e-02
 1.01795e-01  5.04528e-02

 3.56402e-02  5.92645e-02
 2.74674e-02  7.01642e-02
 2.77660e-02  6.76838e-02
 2.97648e-02  6.91825e-02
 2.74674e-02  7.01642e-02

 4.30928e-02  5.99083e-02
 4.18404e-02  6.43198e-02
 4.12296e-02  6.18973e-02
 4.36330e-02  6.25796e-02
 4.18404e-02  6.43198e-02

 5.05455e-02  6.05521e-02
 5.61992e-02  5.89037e-02
 5.44717e-02  6.07085e-02
 5.37724e-02  5.83101e-02
 5.61992e-02  5.89037e-02

 5.79981e-02  6.11959e-02
 6.75667e-02  5.30346e-02
 6.67312e-02  5.53890e-02
 6.51099e-02  5.34882e-02
 6.75667e-02  5.30346e-02

 6.54508e-02  6.18396e-02
 7.55120e-02  5.11241e-02
 7.49417e-02  5.35564e-02
 7.31204e-02  5.18463e-02
 7.55120e-02  5.11241e-02

 7.29034e-02  6.24834e-02
 8.21230e-02  5.14760e-02
 8.16913e-02  5.39368e-02
 7.97761e-02  5.23326e-02
 8.21230e-02  5.14760e-02

 8.03561e-02  6.31272e-02
 8.82640e-02  5.31346e-02
 8.79009e-02  5.56064e-02
 8.59418e-02  5.40561e-02
 8.82640e-02  5.31346e-02

 8.78087e-02  6.37710e-02
 9.37315e-02  5.54855e-02
 9.34895e-02  5.79721e-02
 9.14570e-02  5.65192e-02
 9.37315e-02  5.54855e-02

 9.40686e-02  6.32195e-02
 9.69794e-02  5.91040e-02
 9.67499e-02  6.15918e-02
 9.47102e-02  6.01492e-02
 9.69794e-02  5.91040e-02

 3.54277e-02  6.55783e-02
 3.30461e-02  7.23280e-02
 3.25881e-02  6.98721e-02
 3.49440e-02  7.07033e-02
 3.30461e-02  7.23280e-02

 4.31463e-02  6.65328e-02
 4.70524e-02  6.60784e-02
 4.50477e-02  6.75692e-02
 4.47590e-02  6.50876e-02
 4.70524e-02  6.60784e-02

 5.08649e-02  6.74873e-02
 5.95653e-02  6.19033e-02
 5.84192e-02  6.41232e-02
 5.70698e-02  6.20207e-02
 5.95653e-02  6.19033e-02

 5.85835e-02  6.84418e-02
 6.93413e-02  5.91791e-02
 6.85168e-02  6.15374e-02
 6.68866e-02  5.96442e-02
 6.93413e-02  5.91791e-02

 6.63021e-02  6.93964e-02
 7.63496e-02  5.94810e-02
 7.56870e-02  6.18899e-02
 7.39322e-02  6.01116e-02
 7.63496e-02  5.94810e-02

 7.40207e-02  7.03509e-02
 8.27036e-02  6.12103e-02
 8.21192e-02  6.36393e-02
 8.03078e-02  6.19186e-02
 8.27036e-02  6.12103e-02

 8.17393e-02  7.13054e-02
 8.80988e-02  6.37794e-02
 8.76564e-02  6.62383e-02
 8.57482e-02  6.46258e-02
 8.80988e-02  6.37794e-02

 8.82827e-02  7.10484e-02
 9.14334e-02  6.73116e-02
 9.09937e-02  6.97709e-02
 8.90837e-02  6.81605e-02
 9.14334e-02  6.73116e-02

 3.52066e-02  7.18999e-02
 3.81291e-02  7.48934e-02
 3.57239e-02  7.42179e-02
 3.75115e-02  7.24726e-02
 3.81291e-02  7.48934e-02

 4.31738e-02  7.31807e-02
 5.12379e-02  6.96026e-02
 4.97669e-02  7.16219e-02
 4.87536e-02  6.93383e-02
 5.12379e-02  6.96026e-02

 5.11411e-02  7.44615e-02
 6.18671e-02  6.72788e-02
 6.07644e-02  6.95206e-02
 5.93743e-02  6.74447e-02
 6.18671e-02  6.72788e-02

 5.91083e-02  7.57423e-02
 7.00502e-02  6.68358e-02
 6.91608e-02  6.91704e-02
 6.75837e-02  6.72328e-02
 7.00502e-02  6.68358e-02

 6.70756e-02  7.70231e-02
 7.64788e-02  6.88241e-02
 7.56690e-02  7.11875e-02
 7.40271e-02  6.93045e-02
 7.64788e-02  6.88241e-02

 7.50428e-02  7.83039e-02
 8.19052e-02  7.14897e-02
 8.12501e-02  7.39006e-02
 7.94898e-02  7.21278e-02
 8.19052e-02  7.14897e-02

 8.18513e-02  7.83598e-02
 8.51963e-02  7.50148e-02
 8.45497e-02  7.74280e-02
 8.27831e-02  7.56614e-02
 8.51963e-02  7.50148e-02

 3.49763e-02  7.82287e-02
 4.20381e-02  7.81530e-02
 3.98880e-02  7.94253e-02
 3.98612e-02  7.69271e-02
 4.20381e-02  7.81530e-02

 4.31739e-02  7.98502e-02
 5.40239e-02  7.45296e-02
 5.26313e-02  7.66038e-02
 5.15313e-02  7.43606e-02
 5.40239e-02  7.45296e-02

 5.13715e-02  8.14718e-02
 6.29418e-02  7.40083e-02
 6.18007e-02  7.62308e-02
 6.04465e-02  7.41314e-02
 6.29418e-02  7.40083e-02

 5.95692e-02  8.30933e-02
 6.99187e-02  7.55649e-02
 6.89039e-02  7.78478e-02
 6.74342e-02  7.58275e-02
 6.99187e-02  7.55649e-02

 6.77668e-02  8.47149e-02
 7.50841e-02  7.86490e-02
 7.42156e-02  8.09915e-02
 7.26212e-02  7.90681e-02
 7.50841e-02  7.86490e-02

 7.48204e-02  8.51009e-02
 7.83858e-02  8.20949e-02
 7.75368e-02  8.44446e-02
 7.59264e-02  8.25345e-02
 7.83858e-02  8.20949e-02

 3.47364e-02  8.45641e-02
 4.48254e-02  8.21249e-02
 4.30160e-02  8.38475e-02
 4.24288e-02  8.14192e-02
 4.48254e-02  8.21249e-02

 4.31452e-02  8.65397e-02
 5.51739e-02  8.04970e-02
 5.38013e-02  8.25845e-02
 5.26798e-02  8.03520e-02
 5.51739e-02  8.04970e-02

 5.15540e-02  8.85153e-02
 6.24817e-02  8.20794e-02
 6.12513e-02  8.42537e-02
 5.99834e-02  8.21010e-02
 6.24817e-02  8.20794e-02

 5.99628e-02  9.04909e-02
 6.77598e-02  8.51380e-02
 6.66831e-02  8.73924e-02
 6.52691e-02  8.53327e-02
 6.77598e-02  8.51380e-02

 6.72406e-02  9.12228e-02
 7.07897e-02  8.87127e-02
 6.97445e-02  9.09819e-02
 6.83020e-02  8.89422e-02
 7.07897e-02  8.87127e-02

 3.44865e-02  9.09056e-02
 4.64040e-02  8.74989e-02
 4.46671e-02  8.92946e-02
 4.39804e-02  8.68925e-02
 4.64040e-02  8.74989e-02

 4.30864e-02  9.32473e-02
 5.47651e-02  8.79163e-02
 5.33156e-02  8.99511e-02
 5.22781e-02  8.76784e-02
 5.47651e-02  8.79163e-02

 5.16863e-02  9.55889e-02
 5.99453e-02  9.10544e-02
 5.86499e-02  9.31907e-02
 5.74475e-02  9.10007e-02
 5.99453e-02  9.10544e-02

 5.91663e-02  9.66810e-02
 6.29929e-02  9.44355e-02
 6.17591e-02  9.66078e-02
 6.04947e-02  9.44531e-02
 6.29929e-02  9.44355e-02

 3.42262e-02  9.72525e-02
 4.59459e-02  9.36396e-02
 4.42463e-02  9.54707e-02
 4.35103e-02  9.30833e-02
 4.59459e-02  9.36396e-02

 4.29965e-02  9.99709e-02
 5.17226e-02  9.62075e-02
 5.02306e-02  9.82113e-02
 4.92412e-02  9.59173e-02
 5.17226e-02  9.62075e-02

 5.06554e-02  1.01436e-01
 5.45518e-02  9.95740e-02
 5.31382e-02  1.01634e-01
 5.20610e-02  9.93797e-02
 5.45518e-02  9.95740e-02

 3.39552e-02  1.03604e-01
 4.29759e-02  1.01311e-01
 4.11867e-02  1.03055e-01
 4.05713e-02  1.00634e-01
 4.29759e-02  1.01311e-01

 4.17692e-02  1.05453e-01
 4.60686e-02  1.03830e-01
 4.44853e-02  1.05763e-01
 4.36032e-02  1.03426e-01
 4.60686e-02  1.03830e-01

 3.25715e-02  1.08703e-01
 3.64934e-02  1.07592e-01
 3.47520e-02  1.09383e-01
 3.40713e-02  1.06980e-01
 3.64934e-02  1.07592e-01

 2.67687e-02  1.08827e-01
 3.23529e-02  1.07499e-01
 3.05371e-02  1.09215e-01
 2.99590e-02  1.06784e-01
 3.23529e-02  1.07499e-01

 2.19798e-02  1.09951e-01
 2.71548e-02  1.08950e-01
 2.52678e-02  1.10587e-01
 2.47934e-02  1.08134e-01
 2.71548e-02  1.08950e-01

 1.71443e-02  1.10855e-01
 2.18529e-02  1.10150e-01
 1.98980e-02  1.11706e-01
 1.95282e-02  1.09235e-01
 2.18529e-02  1.10150e-01

 1.22723e-02  1.11537e-01
 1.55058e-02  1.11192e-01
 1.34867e-02  1.12663e-01
 1.32221e-02  1.10179e-01
 1.55058e-02  1.11192e-01

 7.37400e-03  1.11995e-01
 1.04444e-02  1.11799e-01
 8.36471e-03  1.13183e-01
 8.20572e-03  1.10690e-01
 1.04444e-02  1.11799e-01

 2.45980e-03  1.12229e-01
 2.45433e-03  1.12229e-01
 4.59094e-03  1.10934e-01
 4.64397e-03  1.13432e-01
 2.45433e-03  1.12229e-01

 2.71017e-02  1.02773e-01
 3.76921e-02  1.01117e-01
 3.57474e-02  1.02685e-01
 3.53615e-02  1.00217e-01
 3.76921e-02  1.01117e-01

 2.22792e-02  1.04089e-01
 3.20349e-02  1.03852e-01
 2.99023e-02  1.05153e-01
 2.98416e-02  1.02656e-01
 3.20349e-02  1.03852e-01

 1.73943e-02  1.05152e-01
 2.59955e-02  1.06152e-01
 2.37021e-02  1.07142e-01
 2.39907e-02  1.04661e-01
 2.59955e-02  1.06152e-01

 1.24603e-02  1.05957e-01
 1.85640e-02  1.08272e-01
 1.60980e-02  1.08673e-01
 1.69839e-02  1.06337e-01
 1.85640e-02  1.08272e-01

 7.49085e-03  1.06504e-01
 1.22294e-02  1.09347e-01
 9.73144e-03  1.09305e-01
 1.10166e-02  1.07163e-01
 1.22294e-02  1.09347e-01

 2.49946e-03  1.06791e-01
 2.49946e-03  1.11409e-01
 1.25030e-03  1.09246e-01
 3.74862e-03  1.09246e-01
 2.49946e-03  1.11409e-01

 2.74372e-02  9.67195e-02
 3.90544e-02  9.48591e-02
 3.71155e-02  9.64346e-02
 3.67204e-02  9.39678e-02
 3.90544e-02  9.48591e-02

 2.25847e-02  9.82294e-02
 3.32558e-02  9.85500e-02
 3.10556e-02  9.97336e-02
 3.11306e-02  9.72364e-02
 3.32558e-02  9.85500e-02

 1.76516e-02  9.94515e-02
 2.69354e-02  1.01921e-01
 2.45234e-02  1.02572e-01
 2.51655e-02  1.00157e-01
 2.69354e-02  1.01921e-01

 1.26550e-02  1.00382e-01
 1.94357e-02  1.04694e-01
 1.69397e-02  1.04587e-01
 1.82804e-02  1.02479e-01
 1.94357e-02  1.04694e-01

 7.61220e-03  1.01016e-01
 1.23070e-02  1.06802e-01
 9.97375e-03  1.05909e-01
 1.19137e-02  1.04335e-01
 1.23070e-02  1.06802e-01

 2.54072e-03  1.01354e-01
 2.54072e-03  1.07405e-01
 1.29156e-03  1.05241e-01
 3.78988e-03  1.05241e-01
 2.54072e-03  1.07405e-01

 2.77751e-02  9.06670e-02
 3.81746e-02  9.01224e-02
 3.60793e-02  9.14830e-02
 3.59486e-02  8.89881e-02
 3.81746e-02  9.01224e-02

 2.28962e-02  9.23719e-02
 3.24445e-02  9.46806e-02
 3.00479e-02  9.53863e-02
 3.06351e-02  9.29579e-02
 3.24445e-02  9.46806e-02

 1.79161e-02  9.37548e-02
 2.61031e-02  9.88684e-02
 2.36063e-02  9.87817e-02
 2.49298e-02  9.66627e-02
 2.61031e-02  9.88684e-02

 1.28562e-02  9.48095e-02
 1.89489e-02  1.02343e-01
 1.66171e-02  1.01447e-01
 1.85597e-02  9.98757e-02
 1.89489e-02  1.02343e-01

 7.73804e-03  9.55317e-02
 1.19769e-02  1.05358e-01
 9.97297e-03  1.03866e-01
 1.22670e-02  1.02877e-01
 1.19769e-02  1.05358e-01

 2.58357e-03  9.59181e-02
 2.58357e-03  1.05673e-01
 1.33441e-03  1.03510e-01
 3.83273e-03  1.03510e-01
 2.58357e-03  1.05673e-01

 2.81154e-02  8.46152e-02
 3.55942e-02  8.55915e-02
 3.32871e-02  8.65501e-02
 3.36105e-02  8.40728e-02
 3.55942e-02  8.55915e-02

 2.32138e-02  8.65167e-02
 3.00015e-02  9.04361e-02
 2.75031e-02  9.04359e-02
 2.87524e-02  8.82724e-02
 3.00015e-02  9.04361e-02

 1.81879e-02  8.80613e-02
 2.38022e-02  9.50484e-02
 2.14732e-02  9.41442e-02
 2.34207e-02  9.25794e-02
 2.38022e-02  9.50484e-02

 1.30640e-02  8.92412e-02
 1.72784e-02  9.85572e-02
 1.52485e-02  9.71007e-02
 1.75247e-02  9.60710e-02
 1.72784e-02  9.85572e-02

 7.86837e-03  9.00500e-02
 1.07584e-02  1.02350e-01
 9.04749e-03  1.00529e-01
 1.14796e-02  9.99580e-02
 1.07584e-02  1.02350e-01

 2.62800e-03  9.04836e-02
 2.62800e-03  1.01616e-01
 1.37883e-03  9.94523e-02
 3.87716e-03  9.94523e-02
 2.62800e-03  1.01616e-01

 2.84583e-02  7.85641e-02
 3.22398e-02  8.20545e-02
 2.98027e-02  8.15049e-02
 3.14972e-02  7.96691e-02
 3.22398e-02  8.20545e-02

 2.35375e-02  8.06635e-02
 2.67741e-02  8.67769e-02
 2.46578e-02  8.54493e-02
 2.68657e-02  8.42803e-02
 2.67741e-02  8.67769e-02

 1.84671e-02  8.23712e-02
 2.08271e-02  9.14708e-02
 1.90748e-02  8.96901e-02
 2.14931e-02  8.90629e-02
 2.08271e-02  9.14708e-02

 1.32784e-02  8.36765e-02
 1.50688e-02  9.47666e-02
 1.34907e-02  9.28297e-02
 1.59571e-02  9.24315e-02
 1.50688e-02  9.47666e-02

 8.00317e-03  8.45714e-02
 9.16869e-03  9.89221e-02
 7.74848e-03  9.68667e-02
 1.02386e-02  9.66644e-02
 9.16869e-03  9.89221e-02

 2.67399e-03  8.50504e-02
 2.67399e-03  9.79480e-02
 1.42483e-03  9.57844e-02
 3.92316e-03  9.57844e-02
 2.67399e-03  9.79480e-02

 2.88037e-02  7.25137e-02
 2.82861e-02  7.86831e-02
 2.72222e-02  7.64226e-02
 2.97118e-02  7.66315e-02
 2.82861e-02  7.86831e-02

 2.38674e-02  7.48125e-02
 2.30492e-02  8.28302e-02
 2.20261e-02  8.05509e-02
 2.45116e-02  8.08045e-02
 2.30492e-02  8.28302e-02

 1.87537e-02  7.66844e-02
 1.73864e-02  8.70567e-02
 1.64307e-02  8.47483e-02
 1.89076e-02  8.50748e-02
 1.73864e-02  8.70567e-02

 1.34994e-02  7.81157e-02
 1.25175e-02  8.96437e-02
 1.14565e-02  8.73819e-02
 1.39458e-02  8.75939e-02
 1.25175e-02  8.96437e-02

 8.14243e-03  7.90961e-02
 7.20099e-03  9.36926e-02
 6.09367e-03  9.14530e-02
 8.58682e-03  9.16138e-02
 7.20099e-03  9.36926e-02

 2.72155e-03  7.96185e-02
 2.72155e-03  9.22538e-02
 1.47239e-03  9.00902e-02
 3.97072e-03  9.00902e-02
 2.72155e-03  9.22538e-02

 2.91516e-02  6.64640e-02
 2.37400e-02  7.55589e-02
 2.37729e-02  7.30608e-02
 2.59199e-02  7.43383e-02
 2.37400e-02  7.55589e-02

 2.42036e-02  6.89636e-02
 1.90328e-02  7.90271e-02
 1.89105e-02  7.65318e-02
 2.11327e-02  7.76735e-02
 1.90328e-02  7.90271e-02

 1.90476e-02  7.10008e-02
 1.38474e-02  8.23927e-02
 1.36095e-02  7.99057e-02
 1.58822e-02  8.09432e-02
 1.38474e-02  8.23927e-02

 1.37270e-02  7.25587e-02
 9.94478e-03  8.40827e-02
 9.43260e-03  8.16375e-02
 1.18063e-02  8.24165e-02
 9.94478e-03  8.40827e-02

 8.28615e-03  7.36240e-02
 5.25893e-03  8.75395e-02
 4.49824e-03  8.51598e-02
 6.93947e-03  8.56908e-02
 5.25893e-03  8.75395e-02

 2.77066e-03  7.41880e-02
 2.77066e-03  8.61110e-02
 1.52150e-03  8.39474e-02
 4.01982e-03  8.39474e-02
 2.77066e-03  8.61110e-02

 2.95021e-02  6.04150e-02
 1.91131e-02  7.20147e-02
 1.96261e-02  6.95696e-02
 2.14871e-02  7.12364e-02
 1.91131e-02  7.20147e-02

 2.45460e-02  6.31167e-02
 1.50791e-02  7.45808e-02
 1.54936e-02  7.21171e-02
 1.74200e-02  7.37079e-02
 1.50791e-02  7.45808e-02

 1.93491e-02  6.53207e-02
 1.05565e-02  7.67733e-02
 1.08832e-02  7.42964e-02
 1.28649e-02  7.58178e-02
 1.05565e-02  7.67733e-02

 1.39613e-02  6.70056e-02
 7.64726e-03  7.73907e-02
 7.70390e-03  7.48930e-02
 9.83864e-03  7.61909e-02
 7.64726e-03  7.73907e-02

 8.43432e-03  6.81554e-02
 3.55109e-03  7.99117e-02
 3.22744e-03  7.74345e-02
 5.53464e-03  7.83928e-02
 3.55109e-03  7.99117e-02

 2.82131e-03  6.87588e-02
 2.82131e-03  7.85043e-02
 1.57215e-03  7.63407e-02
 4.07047e-03  7.63407e-02
 2.82131e-03  7.85043e-02

 2.98552e-02  5.43666e-02
 1.60812e-02  6.72894e-02
 1.68044e-02  6.48980e-02
 1.85137e-02  6.67200e-02
 1.60812e-02  6.72894e-02

 2.48948e-02  5.72719e-02
 1.25191e-02  6.88274e-02
 1.32480e-02  6.64378e-02
 1.49530e-02  6.82638e-02
 1.25191e-02  6.88274e-02

 1.96580e-02  5.96439e-02
 8.55574e-03  6.98093e-02
 9.30793e-03  6.74269e-02
 1.09951e-02  6.92695e-02
 8.55574e-03  6.98093e-02

 1.42022e-02  6.14566e-02
 6.27105e-03  6.96094e-02
 6.88436e-03  6.71875e-02
 8.67511e-03  6.89296e-02
 6.27105e-03  6.96094e-02

 8.58693e-03  6.26901e-02
 2.54748e-03  7.11192e-02
 2.79221e-03  6.86329e-02
 4.82305e-03  7.00880e-02
 2.54748e-03  7.11192e-02

 2.87349e-03  6.33311e-02
 2.87349e-03  7.01290e-02
 1.62433e-03  6.79654e-02
 4.12265e-03  6.79654e-02
 2.87349e-03  7.01290e-02

 3.02108e-02  4.83188e-02
 1.60348e-02  6.05673e-02
 1.68553e-02  5.82075e-02
 1.84887e-02  6.00980e-02
 1.60348e-02  6.05673e-02

 2.52499e-02  5.14291e-02
 1.30079e-02  6.15103e-02
 1.38840e-02  5.91706e-02
 1.54721e-02  6.10992e-02
 1.30079e-02  6.15103e-02

 1.99746e-02  5.39705e-02
 9.34920e-03  6.18689e-02
 1.03404e-02  5.95756e-02
 1.18308e-02  6.15807e-02
 9.34920e-03  6.18689e-02

 1.44499e-02  5.59116e-02
 6.93943e-03  6.15568e-02
 7.91840e-03  5.92583e-02
 9.41950e-03  6.12553e-02
 6.93943e-03  6.15568e-02

 8.74398e-03  5.72284e-02
 2.90589e-03  6.23572e-02
 3.70690e-03  5.99908e-02
 5.35579e-03  6.18677e-02
 2.90589e-03  6.23572e-02

 2.92720e-03  5.79048e-02
 2.92720e-03  6.20422e-02
 1.67803e-03  5.98786e-02
 4.17636e-03  5.98786e-02
 2.92720e-03  6.20422e-02

 3.05691e-02  4.22715e-02
 2.21110e-02  4.88978e-02
 2.30438e-02  4.65802e-02
 2.45846e-02  4.85469e-02
 2.21110e-02  4.88978e-02

 2.56115e-02  4.55882e-02
 1.82724e-02  5.00247e-02
 1.94778e-02  4.78364e-02
 2.07702e-02  4.99745e-02
 1.82724e-02  5.00247e-02

 2.02987e-02  4.83004e-02
 1.39962e-02  5.11370e-02
 1.54565e-02  4.91099e-02
 1.64819e-02  5.13882e-02
 1.39962e-02  5.11370e-02

 1.47043e-02  5.03707e-02
 1.02465e-02  5.17598e-02
 1.19405e-02  4.99235e-02
 1.26838e-02  5.23087e-02
 1.02465e-02  5.17598e-02

 8.90546e-03  5.17703e-02
 5.24766e-03  5.24406e-02
 7.15066e-03  5.08219e-02
 7.60101e-03  5.32793e-02
 5.24766e-03  5.24406e-02

 2.98242e-03  5.24799e-02
 2.95226e-03  5.24818e-02
 5.03650e-03  5.11042e-02
 5.18735e-03  5.35980e-02
 2.95226e-03  5.24818e-02

