#[ Fluid velocity 2D plot data file: flw.dat ]
 2.45980e-03 -1.12229e-01
 2.38429e-03 -1.12191e-01
 3.76421e-03 -1.14274e-01
 4.87788e-03 -1.12038e-01
 2.38429e-03 -1.12191e-01

 7.37400e-03 -1.11995e-01
 6.48635e-03 -1.11996e-01
 8.65094e-03 -1.13243e-01
 8.64898e-03 -1.10745e-01
 6.48635e-03 -1.11996e-01

 1.22723e-02 -1.11537e-01
 1.10342e-02 -1.11620e-01
 1.32773e-02 -1.12721e-01
 1.31084e-02 -1.10228e-01
 1.10342e-02 -1.11620e-01

 1.71443e-02 -1.10855e-01
 1.52840e-02 -1.11069e-01
 1.75764e-02 -1.12062e-01
 1.72904e-02 -1.09580e-01
 1.52840e-02 -1.11069e-01

 2.19798e-02 -1.09951e-01
 1.96885e-02 -1.10344e-01
 2.20323e-02 -1.11209e-01
 2.16096e-02 -1.08747e-01
 1.96885e-02 -1.10344e-01

 2.67687e-02 -1.08827e-01
 2.40360e-02 -1.09441e-01
 2.64208e-02 -1.10185e-01
 2.58732e-02 -1.07748e-01
 2.40360e-02 -1.09441e-01

 2.49946e-03 -1.06791e-01
 2.28204e-03 -1.06089e-01
 1.72920e-03 -1.08525e-01
 4.11559e-03 -1.07786e-01
 2.28204e-03 -1.06089e-01

 7.49085e-03 -1.06504e-01
 5.03409e-03 -1.05804e-01
 6.77249e-03 -1.07598e-01
 7.45723e-03 -1.05196e-01
 5.03409e-03 -1.05804e-01

 1.24603e-02 -1.05957e-01
 9.03764e-03 -1.05575e-01
 1.10490e-02 -1.07056e-01
 1.13267e-02 -1.04574e-01
 9.03764e-03 -1.05575e-01

 1.73943e-02 -1.05152e-01
 1.25273e-02 -1.05063e-01
 1.46679e-02 -1.06351e-01
 1.47133e-02 -1.03853e-01
 1.25273e-02 -1.05063e-01

 2.22792e-02 -1.04089e-01
 1.65738e-02 -1.04612e-01
 1.88425e-02 -1.05659e-01
 1.86143e-02 -1.03171e-01
 1.65738e-02 -1.04612e-01

 2.71017e-02 -1.02773e-01
 2.06620e-02 -1.03911e-01
 2.30100e-02 -1.04764e-01
 2.25752e-02 -1.02304e-01
 2.06620e-02 -1.03911e-01

 2.54072e-03 -1.01354e-01
 2.22978e-03 -9.83688e-02
 1.21150e-03 -1.00650e-01
 3.69638e-03 -1.00391e-01
 2.22978e-03 -9.83688e-02

 7.61220e-03 -1.01016e-01
 4.05258e-03 -9.80070e-02
 4.89833e-03 -1.00358e-01
 6.51132e-03 -9.84500e-02
 4.05258e-03 -9.80070e-02

 1.26550e-02 -1.00382e-01
 7.67357e-03 -9.83473e-02
 9.20433e-03 -1.00322e-01
 1.01489e-02 -9.80089e-02
 7.67357e-03 -9.83473e-02

 1.76516e-02 -9.94515e-02
 1.06950e-02 -9.82399e-02
 1.26122e-02 -9.98418e-02
 1.30409e-02 -9.73805e-02
 1.06950e-02 -9.82399e-02

 2.25847e-02 -9.82294e-02
 1.46462e-02 -9.83636e-02
 1.68307e-02 -9.95760e-02
 1.67884e-02 -9.70780e-02
 1.46462e-02 -9.83636e-02

 2.74372e-02 -9.67195e-02
 1.86381e-02 -9.79422e-02
 2.09530e-02 -9.88817e-02
 2.06091e-02 -9.64071e-02
 1.86381e-02 -9.79422e-02

 2.58357e-03 -9.59181e-02
 2.17712e-03 -9.13482e-02
 1.12454e-03 -9.36139e-02
 3.61304e-03 -9.33926e-02
 2.17712e-03 -9.13482e-02

 7.73804e-03 -9.55317e-02
 3.17560e-03 -9.06674e-02
 3.74466e-03 -9.31001e-02
 5.56687e-03 -9.13910e-02
 3.17560e-03 -9.06674e-02

 1.28562e-02 -9.48095e-02
 6.54067e-03 -9.14006e-02
 7.85128e-03 -9.35275e-02
 9.03797e-03 -9.13290e-02
 6.54067e-03 -9.14006e-02

 1.79161e-02 -9.37548e-02
 9.35935e-03 -9.16182e-02
 1.11559e-02 -9.33543e-02
 1.17611e-02 -9.09304e-02
 9.35935e-03 -9.16182e-02

 2.28962e-02 -9.23719e-02
 1.34050e-02 -9.22240e-02
 1.55489e-02 -9.35067e-02
 1.55879e-02 -9.10087e-02
 1.34050e-02 -9.22240e-02

 2.77751e-02 -9.06670e-02
 1.74210e-02 -9.19294e-02
 1.97199e-02 -9.29075e-02
 1.94175e-02 -9.04276e-02
 1.74210e-02 -9.19294e-02

 2.62800e-03 -9.04836e-02
 2.17220e-03 -8.22641e-02
 1.04475e-03 -8.44936e-02
 3.53924e-03 -8.43553e-02
 2.17220e-03 -8.22641e-02

 7.86837e-03 -9.00500e-02
 2.82175e-03 -8.15307e-02
 2.84972e-03 -8.40289e-02
 4.99921e-03 -8.27556e-02
 2.82175e-03 -8.15307e-02

 1.30640e-02 -8.92412e-02
 6.19608e-03 -8.33643e-02
 7.02785e-03 -8.57201e-02
 8.65215e-03 -8.38219e-02
 6.19608e-03 -8.33643e-02

 1.81879e-02 -8.80613e-02
 9.12053e-03 -8.43693e-02
 1.06533e-02 -8.63422e-02
 1.15955e-02 -8.40283e-02
 9.12053e-03 -8.43693e-02

 2.32138e-02 -8.65167e-02
 1.33394e-02 -8.56347e-02
 1.53833e-02 -8.70714e-02
 1.56056e-02 -8.45830e-02
 1.33394e-02 -8.56347e-02

 2.81154e-02 -8.46152e-02
 1.74528e-02 -8.55066e-02
 1.97130e-02 -8.65712e-02
 1.95049e-02 -8.40815e-02
 1.74528e-02 -8.55066e-02

 2.67399e-03 -8.50504e-02
 2.23069e-03 -7.49964e-02
 1.07805e-03 -7.72130e-02
 3.57395e-03 -7.71029e-02
 2.23069e-03 -7.49964e-02

 8.00317e-03 -8.45714e-02
 3.19539e-03 -7.38806e-02
 2.94352e-03 -7.63662e-02
 5.22205e-03 -7.53415e-02
 3.19539e-03 -7.38806e-02

 1.32784e-02 -8.36765e-02
 6.78347e-03 -7.63477e-02
 7.28359e-03 -7.87954e-02
 9.15335e-03 -7.71384e-02
 6.78347e-03 -7.63477e-02

 1.84671e-02 -8.23712e-02
 1.00190e-02 -7.76546e-02
 1.12992e-02 -7.98000e-02
 1.25171e-02 -7.76186e-02
 1.00190e-02 -7.76546e-02

 2.35375e-02 -8.06635e-02
 1.45021e-02 -7.90615e-02
 1.64144e-02 -8.06692e-02
 1.68505e-02 -7.82093e-02
 1.45021e-02 -7.90615e-02

 2.84583e-02 -7.85641e-02
 1.88685e-02 -7.87820e-02
 2.10599e-02 -7.99817e-02
 2.10032e-02 -7.74840e-02
 1.88685e-02 -7.87820e-02

 2.72155e-03 -7.96185e-02
 2.37636e-03 -6.60014e-02
 1.18243e-03 -6.81960e-02
 3.67995e-03 -6.81327e-02
 2.37636e-03 -6.60014e-02

 8.14243e-03 -7.90961e-02
 4.51311e-03 -6.48369e-02
 3.83623e-03 -6.72418e-02
 6.25736e-03 -6.66255e-02
 4.51311e-03 -6.48369e-02

 1.34994e-02 -7.81157e-02
 8.61714e-03 -6.81916e-02
 8.45135e-03 -7.06844e-02
 1.06931e-02 -6.95816e-02
 8.61714e-03 -6.81916e-02

 1.87537e-02 -7.66844e-02
 1.26218e-02 -7.00521e-02
 1.31734e-02 -7.24887e-02
 1.50078e-02 -7.07927e-02
 1.26218e-02 -7.00521e-02

 2.38674e-02 -7.48125e-02
 1.75876e-02 -7.16751e-02
 1.89649e-02 -7.37596e-02
 2.00814e-02 -7.15247e-02
 1.75876e-02 -7.16751e-02

 2.88037e-02 -7.25137e-02
 2.24470e-02 -7.12220e-02
 2.43185e-02 -7.28770e-02
 2.48160e-02 -7.04287e-02
 2.24470e-02 -7.12220e-02

 2.77066e-03 -7.41880e-02
 2.60569e-03 -6.03385e-02
 1.38239e-03 -6.25169e-02
 3.88054e-03 -6.24871e-02
 2.60569e-03 -6.03385e-02

 8.28615e-03 -7.36240e-02
 6.81009e-03 -5.85429e-02
 5.77762e-03 -6.08179e-02
 8.26407e-03 -6.05746e-02
 6.81009e-03 -5.85429e-02

 1.37270e-02 -7.25587e-02
 1.17903e-02 -6.19158e-02
 1.09487e-02 -6.42681e-02
 1.34066e-02 -6.38208e-02
 1.17903e-02 -6.19158e-02

 1.90476e-02 -7.10008e-02
 1.68215e-02 -6.34919e-02
 1.62389e-02 -6.59213e-02
 1.86341e-02 -6.52112e-02
 1.68215e-02 -6.34919e-02

 2.42036e-02 -6.89636e-02
 2.23820e-02 -6.44124e-02
 2.20262e-02 -6.68853e-02
 2.43457e-02 -6.59569e-02
 2.23820e-02 -6.44124e-02

 2.91516e-02 -6.64640e-02
 2.77671e-02 -6.32140e-02
 2.74659e-02 -6.56941e-02
 2.97643e-02 -6.47149e-02
 2.77671e-02 -6.32140e-02

 2.82131e-03 -6.87588e-02
 2.94876e-03 -5.33482e-02
 1.68175e-03 -5.55014e-02
 4.17998e-03 -5.55220e-02
 2.94876e-03 -5.33482e-02

 8.43432e-03 -6.81554e-02
 1.02229e-02 -5.15440e-02
 8.74929e-03 -5.35615e-02
 1.12333e-02 -5.38289e-02
 1.02229e-02 -5.15440e-02

 1.39613e-02 -6.70056e-02
 1.65251e-02 -5.45582e-02
 1.48651e-02 -5.64254e-02
 1.73121e-02 -5.69294e-02
 1.65251e-02 -5.45582e-02

 1.93491e-02 -6.53207e-02
 2.30601e-02 -5.58958e-02
 2.11051e-02 -5.74513e-02
 2.34297e-02 -5.83666e-02
 2.30601e-02 -5.58958e-02

 2.45460e-02 -6.31167e-02
 2.92524e-02 -5.61626e-02
 2.70052e-02 -5.72543e-02
 2.90742e-02 -5.86546e-02
 2.92524e-02 -5.61626e-02

 2.95021e-02 -6.04150e-02
 3.52865e-02 -5.41984e-02
 3.28981e-02 -5.49314e-02
 3.47272e-02 -5.66333e-02
 3.52865e-02 -5.41984e-02

 2.87349e-03 -6.33311e-02
 3.32177e-03 -5.16556e-02
 1.99051e-03 -5.37697e-02
 4.48700e-03 -5.38656e-02
 3.32177e-03 -5.16556e-02

 8.58693e-03 -6.26901e-02
 1.40490e-02 -4.90628e-02
 1.20846e-02 -5.06063e-02
 1.44035e-02 -5.15358e-02
 1.40490e-02 -4.90628e-02

 1.42022e-02 -6.14566e-02
 2.19670e-02 -5.04717e-02
 1.96981e-02 -5.15174e-02
 2.17382e-02 -5.29595e-02
 2.19670e-02 -5.04717e-02

 1.96580e-02 -5.96439e-02
 3.00228e-02 -5.01058e-02
 2.75849e-02 -5.06517e-02
 2.92766e-02 -5.24901e-02
 3.00228e-02 -5.01058e-02

 2.48948e-02 -5.72719e-02
 3.65819e-02 -4.84865e-02
 3.41019e-02 -4.87881e-02
 3.56030e-02 -5.07851e-02
 3.65819e-02 -4.84865e-02

 2.98552e-02 -5.43666e-02
 4.26896e-02 -4.51802e-02
 4.02031e-02 -4.54237e-02
 4.16572e-02 -4.74553e-02
 4.26896e-02 -4.51802e-02

 2.92720e-03 -5.79048e-02
 3.76486e-03 -4.78892e-02
 2.33972e-03 -4.99412e-02
 4.82935e-03 -5.01494e-02
 3.76486e-03 -4.78892e-02

 8.74398e-03 -5.72284e-02
 1.79246e-02 -4.61016e-02
 1.55841e-02 -4.69755e-02
 1.75111e-02 -4.85655e-02
 1.79246e-02 -4.61016e-02

 1.44499e-02 -5.59116e-02
 2.73402e-02 -4.54668e-02
 2.48728e-02 -4.58584e-02
 2.64456e-02 -4.77995e-02
 2.73402e-02 -4.54668e-02

 1.99746e-02 -5.39705e-02
 3.65062e-02 -4.38722e-02
 3.40087e-02 -4.39341e-02
 3.53110e-02 -4.60661e-02
 3.65062e-02 -4.38722e-02

 2.52499e-02 -5.14291e-02
 4.25563e-02 -4.06788e-02
 4.00593e-02 -4.07593e-02
 4.13775e-02 -4.28815e-02
 4.25563e-02 -4.06788e-02

 3.02108e-02 -4.83188e-02
 4.85393e-02 -3.66131e-02
 4.60435e-02 -3.67249e-02
 4.73882e-02 -3.88304e-02
 4.85393e-02 -3.66131e-02

 2.98242e-03 -5.24799e-02
 3.90964e-03 -5.13841e-02
 1.55850e-03 -5.22289e-02
 3.46572e-03 -5.38426e-02
 3.90964e-03 -5.13841e-02

 8.90546e-03 -5.17703e-02
 1.65116e-02 -4.93752e-02
 1.40727e-02 -4.88335e-02
 1.48231e-02 -5.12165e-02
 1.65116e-02 -4.93752e-02

 1.47043e-02 -5.03707e-02
 2.48143e-02 -4.65682e-02
 2.23494e-02 -4.61607e-02
 2.32289e-02 -4.84991e-02
 2.48143e-02 -4.65682e-02

 2.02987e-02 -4.83004e-02
 3.30047e-02 -4.23327e-02
 3.05153e-02 -4.21218e-02
 3.15774e-02 -4.43832e-02
 3.30047e-02 -4.23327e-02

 2.56115e-02 -4.55882e-02
 3.79604e-02 -3.80288e-02
 3.54629e-02 -3.80930e-02
 3.67673e-02 -4.02238e-02
 3.79604e-02 -3.80288e-02

 3.05691e-02 -4.22715e-02
 4.32551e-02 -3.23982e-02
 4.07804e-02 -3.27413e-02
 4.23149e-02 -3.47128e-02
 4.32551e-02 -3.23982e-02

 3.62105e-02 -4.03946e-02
 5.21486e-02 -2.36239e-02
 4.97526e-02 -2.43317e-02
 5.15636e-02 -2.60527e-02
 5.21486e-02 -2.36239e-02

 3.59826e-02 -4.67171e-02
 5.23603e-02 -3.43782e-02
 4.98806e-02 -3.46824e-02
 5.13839e-02 -3.66778e-02
 5.23603e-02 -3.43782e-02

 3.57546e-02 -5.30396e-02
 4.63697e-02 -4.42480e-02
 4.39066e-02 -4.46660e-02
 4.55002e-02 -4.65901e-02
 4.63697e-02 -4.42480e-02

 3.55267e-02 -5.93621e-02
 3.90500e-02 -5.57093e-02
 3.66489e-02 -5.63994e-02
 3.84470e-02 -5.81338e-02
 3.90500e-02 -5.57093e-02

 3.52987e-02 -6.56846e-02
 3.18862e-02 -6.49870e-02
 3.37558e-02 -6.66442e-02
 3.42562e-02 -6.41965e-02
 3.18862e-02 -6.49870e-02

 3.50707e-02 -7.20071e-02
 2.70834e-02 -7.38020e-02
 2.94682e-02 -7.45464e-02
 2.89204e-02 -7.21089e-02
 2.70834e-02 -7.38020e-02

 3.48428e-02 -7.83296e-02
 2.42009e-02 -8.11822e-02
 2.66142e-02 -8.18286e-02
 2.59673e-02 -7.94155e-02
 2.42009e-02 -8.11822e-02

 3.46148e-02 -8.46521e-02
 2.34346e-02 -8.78677e-02
 2.58592e-02 -8.84702e-02
 2.51686e-02 -8.60692e-02
 2.34346e-02 -8.78677e-02

 3.43869e-02 -9.09746e-02
 2.40406e-02 -9.38922e-02
 2.64620e-02 -9.45072e-02
 2.57839e-02 -9.21027e-02
 2.40406e-02 -9.38922e-02

 3.41589e-02 -9.72971e-02
 2.58135e-02 -9.96510e-02
 2.82350e-02 -1.00266e-01
 2.75568e-02 -9.78614e-02
 2.58135e-02 -9.96510e-02

 3.39310e-02 -1.03620e-01
 2.86690e-02 -1.05138e-01
 3.10941e-02 -1.05738e-01
 3.04016e-02 -1.03338e-01
 2.86690e-02 -1.05138e-01

 3.25715e-02 -1.08703e-01
 3.08652e-02 -1.09224e-01
 3.32996e-02 -1.09786e-01
 3.25688e-02 -1.07397e-01
 3.08652e-02 -1.09224e-01

 4.27359e-02 -4.02461e-02
 5.67205e-02 -2.21997e-02
 5.44078e-02 -2.31448e-02
 5.63826e-02 -2.46751e-02
 5.67205e-02 -2.21997e-02

 4.27526e-02 -4.68905e-02
 5.26545e-02 -3.64752e-02
 5.02584e-02 -3.71826e-02
 5.20691e-02 -3.89040e-02
 5.26545e-02 -3.64752e-02

 4.27694e-02 -5.35349e-02
 4.68572e-02 -4.82237e-02
 4.45476e-02 -4.91764e-02
 4.65274e-02 -5.07002e-02
 4.68572e-02 -4.82237e-02

 4.27862e-02 -6.01793e-02
 4.03708e-02 -6.06902e-02
 4.27461e-02 -6.14646e-02
 4.22291e-02 -5.90203e-02
 4.03708e-02 -6.06902e-02

 4.28029e-02 -6.68237e-02
 3.51763e-02 -7.01080e-02
 3.76575e-02 -7.03995e-02
 3.66694e-02 -6.81049e-02
 3.51763e-02 -7.01080e-02

 4.28197e-02 -7.34681e-02
 3.20789e-02 -7.85956e-02
 3.45696e-02 -7.87908e-02
 3.34932e-02 -7.65362e-02
 3.20789e-02 -7.85956e-02

 4.28364e-02 -8.01124e-02
 3.11558e-02 -8.54898e-02
 3.36435e-02 -8.57198e-02
 3.25987e-02 -8.34504e-02
 3.11558e-02 -8.54898e-02

 4.28532e-02 -8.67568e-02
 3.19775e-02 -9.15938e-02
 3.44620e-02 -9.18560e-02
 3.34468e-02 -8.95732e-02
 3.19775e-02 -9.15938e-02

 4.28699e-02 -9.34012e-02
 3.39757e-02 -9.71270e-02
 3.64539e-02 -9.74432e-02
 3.54886e-02 -9.51389e-02
 3.39757e-02 -9.71270e-02

 4.28867e-02 -1.00046e-01
 3.71458e-02 -1.02315e-01
 3.96171e-02 -1.02681e-01
 3.86987e-02 -1.00358e-01
 3.71458e-02 -1.02315e-01

 4.17449e-02 -1.05468e-01
 3.97484e-02 -1.06271e-01
 4.22218e-02 -1.06623e-01
 4.12897e-02 -1.04305e-01
 3.97484e-02 -1.06271e-01

 4.92708e-02 -4.00910e-02
 5.65786e-02 -2.70503e-02
 5.44312e-02 -2.83271e-02
 5.66106e-02 -2.95484e-02
 5.65786e-02 -2.70503e-02

 4.95512e-02 -4.70442e-02
 5.25290e-02 -4.19129e-02
 5.03626e-02 -4.31572e-02
 5.25234e-02 -4.44112e-02
 5.25290e-02 -4.19129e-02

 4.98317e-02 -5.39974e-02
 4.76902e-02 -5.44314e-02
 5.00589e-02 -5.52259e-02
 4.95626e-02 -5.27773e-02
 4.76902e-02 -5.44314e-02

 5.01122e-02 -6.09505e-02
 4.28895e-02 -6.60533e-02
 4.53774e-02 -6.58251e-02
 4.39358e-02 -6.37847e-02
 4.28895e-02 -6.60533e-02

 5.03927e-02 -6.79037e-02
 3.99766e-02 -7.50156e-02
 4.24679e-02 -7.48272e-02
 4.10591e-02 -7.27640e-02
 3.99766e-02 -7.50156e-02

 5.06731e-02 -7.48568e-02
 3.90097e-02 -8.25986e-02
 4.15032e-02 -8.24428e-02
 4.01215e-02 -8.03613e-02
 3.90097e-02 -8.25986e-02

 5.09536e-02 -8.18100e-02
 4.00152e-02 -8.86566e-02
 4.25119e-02 -8.85675e-02
 4.11864e-02 -8.64498e-02
 4.00152e-02 -8.86566e-02

 5.12341e-02 -8.87631e-02
 4.23373e-02 -9.40588e-02
 4.48354e-02 -9.40256e-02
 4.35576e-02 -9.18788e-02
 4.23373e-02 -9.40588e-02

 5.15146e-02 -9.57163e-02
 4.57966e-02 -9.89331e-02
 4.82948e-02 -9.89609e-02
 4.70698e-02 -9.67836e-02
 4.57966e-02 -9.89331e-02

 5.06129e-02 -1.01466e-01
 4.85043e-02 -1.02559e-01
 5.10001e-02 -1.02672e-01
 4.98500e-02 -1.00454e-01
 4.85043e-02 -1.02559e-01

 5.58147e-02 -3.99288e-02
 5.60131e-02 -3.55480e-02
 5.46673e-02 -3.76529e-02
 5.71631e-02 -3.77659e-02
 5.60131e-02 -3.55480e-02

 5.63771e-02 -4.71764e-02
 5.33234e-02 -4.92891e-02
 5.58134e-02 -4.90854e-02
 5.43919e-02 -4.70309e-02
 5.33234e-02 -4.92891e-02

 5.69395e-02 -5.44239e-02
 5.01485e-02 -6.10907e-02
 5.25676e-02 -6.04664e-02
 5.08174e-02 -5.86836e-02
 5.01485e-02 -6.10907e-02

 5.75018e-02 -6.16715e-02
 4.74995e-02 -7.09086e-02
 4.99365e-02 -7.03584e-02
 4.82416e-02 -6.85230e-02
 4.74995e-02 -7.09086e-02

 5.80642e-02 -6.89191e-02
 4.67573e-02 -7.85301e-02
 4.92148e-02 -7.80806e-02
 4.75968e-02 -7.61771e-02
 4.67573e-02 -7.85301e-02

 5.86266e-02 -7.61666e-02
 4.78301e-02 -8.47252e-02
 5.03016e-02 -8.43600e-02
 4.87496e-02 -8.24022e-02
 4.78301e-02 -8.47252e-02

 5.91890e-02 -8.34142e-02
 5.04473e-02 -8.98239e-02
 5.29308e-02 -8.95519e-02
 5.14535e-02 -8.75372e-02
 5.04473e-02 -8.98239e-02

 5.97513e-02 -9.06618e-02
 5.41571e-02 -9.44902e-02
 5.66481e-02 -9.42992e-02
 5.52371e-02 -9.22374e-02
 5.41571e-02 -9.44902e-02

 5.91113e-02 -9.67234e-02
 5.70882e-02 -9.80215e-02
 5.95838e-02 -9.79045e-02
 5.82346e-02 -9.58017e-02
 5.70882e-02 -9.80215e-02

 6.23673e-02 -3.97588e-02
 5.79840e-02 -4.42977e-02
 6.03856e-02 -4.36091e-02
 5.85884e-02 -4.18736e-02
 5.79840e-02 -4.42977e-02

 6.32289e-02 -4.72853e-02
 5.65214e-02 -5.59622e-02
 5.88329e-02 -5.50144e-02
 5.68563e-02 -5.34864e-02
 5.65214e-02 -5.59622e-02

 6.40904e-02 -5.48117e-02
 5.50577e-02 -6.57429e-02
 5.73988e-02 -6.48707e-02
 5.54730e-02 -6.32793e-02
 5.50577e-02 -6.57429e-02

 6.49519e-02 -6.23382e-02
 5.44999e-02 -7.37221e-02
 5.68834e-02 -7.29731e-02
 5.50431e-02 -7.12835e-02
 5.44999e-02 -7.37221e-02

 6.58135e-02 -6.98647e-02
 5.56753e-02 -7.99239e-02
 5.80910e-02 -7.92867e-02
 5.63313e-02 -7.75133e-02
 5.56753e-02 -7.99239e-02

 6.66750e-02 -7.73911e-02
 5.83663e-02 -8.50178e-02
 6.08050e-02 -8.44749e-02
 5.91155e-02 -8.26344e-02
 5.83663e-02 -8.50178e-02

 6.75366e-02 -8.49176e-02
 6.22871e-02 -8.94061e-02
 6.47433e-02 -8.89495e-02
 6.31197e-02 -8.70506e-02
 6.22871e-02 -8.94061e-02

 6.71786e-02 -9.12750e-02
 6.52303e-02 -9.27853e-02
 6.77057e-02 -9.24470e-02
 6.61750e-02 -9.04724e-02
 6.52303e-02 -9.27853e-02

 6.89281e-02 -3.95805e-02
 6.24389e-02 -5.00147e-02
 6.46423e-02 -4.88371e-02
 6.25208e-02 -4.75177e-02
 6.24389e-02 -5.00147e-02

 7.01050e-02 -4.73692e-02
 6.20297e-02 -5.95356e-02
 6.42670e-02 -5.84237e-02
 6.21854e-02 -5.70421e-02
 6.20297e-02 -5.95356e-02

 7.12820e-02 -5.51580e-02
 6.20025e-02 -6.76016e-02
 6.42973e-02 -6.66139e-02
 6.22945e-02 -6.51204e-02
 6.20025e-02 -6.76016e-02

 7.24590e-02 -6.29467e-02
 6.30928e-02 -7.41662e-02
 6.54383e-02 -7.33058e-02
 6.35204e-02 -7.17047e-02
 6.30928e-02 -7.41662e-02

 7.36360e-02 -7.07355e-02
 6.58110e-02 -7.92687e-02
 6.81940e-02 -7.85183e-02
 6.63526e-02 -7.68298e-02
 6.58110e-02 -7.92687e-02

 7.48130e-02 -7.85242e-02
 6.98528e-02 -8.35096e-02
 7.22644e-02 -8.28569e-02
 7.04933e-02 -8.10948e-02
 6.98528e-02 -8.35096e-02

 7.47565e-02 -8.51596e-02
 7.29808e-02 -8.68020e-02
 7.54174e-02 -8.62499e-02
 7.37210e-02 -8.44158e-02
 7.29808e-02 -8.68020e-02

 7.54964e-02 -3.93933e-02
 6.84047e-02 -5.22485e-02
 7.05435e-02 -5.09574e-02
 6.83560e-02 -4.97506e-02
 6.84047e-02 -5.22485e-02

 7.70041e-02 -4.74267e-02
 6.88608e-02 -6.05219e-02
 7.10641e-02 -5.93442e-02
 6.89425e-02 -5.80249e-02
 6.88608e-02 -6.05219e-02

 7.85117e-02 -5.54601e-02
 7.00951e-02 -6.74673e-02
 7.23599e-02 -6.64126e-02
 7.03141e-02 -6.49785e-02
 7.00951e-02 -6.74673e-02

 8.00193e-02 -6.34934e-02
 7.27455e-02 -7.29126e-02
 7.50566e-02 -7.19637e-02
 7.30792e-02 -7.04367e-02
 7.27455e-02 -7.29126e-02

 8.15270e-02 -7.15268e-02
 7.69061e-02 -7.70403e-02
 7.92532e-02 -7.61845e-02
 7.73385e-02 -7.45797e-02
 7.69061e-02 -7.70403e-02

 8.17899e-02 -7.84212e-02
 8.01486e-02 -8.02140e-02
 8.25309e-02 -7.94617e-02
 8.06882e-02 -7.77746e-02
 8.01486e-02 -8.02140e-02

 8.20718e-02 -3.91969e-02
 7.50380e-02 -5.25844e-02
 7.71502e-02 -5.12500e-02
 7.49385e-02 -5.00880e-02
 7.50380e-02 -5.25844e-02

 8.39242e-02 -4.74562e-02
 7.64022e-02 -6.00713e-02
 7.85832e-02 -5.88527e-02
 7.64374e-02 -5.75732e-02
 7.64022e-02 -6.00713e-02

 8.57766e-02 -5.57156e-02
 7.90633e-02 -6.58760e-02
 8.12983e-02 -6.47595e-02
 7.92138e-02 -6.33822e-02
 7.90633e-02 -6.58760e-02

 8.76290e-02 -6.39750e-02
 8.32454e-02 -7.00366e-02
 8.55255e-02 -6.90154e-02
 8.35010e-02 -6.75514e-02
 8.32454e-02 -7.00366e-02

 8.82279e-02 -7.11080e-02
 8.67228e-02 -7.30483e-02
 8.90359e-02 -7.21045e-02
 8.70619e-02 -7.05731e-02
 8.67228e-02 -7.30483e-02

 8.86536e-02 -3.89906e-02
 8.20790e-02 -5.21443e-02
 8.41637e-02 -5.07675e-02
 8.19290e-02 -4.96505e-02
 8.20790e-02 -5.21443e-02

 9.08637e-02 -4.74565e-02
 8.47120e-02 -5.84781e-02
 8.68573e-02 -5.71977e-02
 8.46757e-02 -5.59800e-02
 8.47120e-02 -5.84781e-02

 9.30737e-02 -5.59224e-02
 8.89350e-02 -6.26354e-02
 9.11337e-02 -6.14492e-02
 8.90071e-02 -6.01381e-02
 8.89350e-02 -6.26354e-02

 9.40239e-02 -6.32726e-02
 9.25993e-02 -6.54438e-02
 9.48307e-02 -6.43201e-02
 9.27419e-02 -6.29495e-02
 9.25993e-02 -6.54438e-02

 9.52413e-02 -3.87743e-02
 8.97899e-02 -5.06278e-02
 9.18288e-02 -4.91841e-02
 8.95590e-02 -4.81402e-02
 8.97899e-02 -5.06278e-02

 9.78206e-02 -4.74263e-02
 9.39439e-02 -5.49045e-02
 9.60487e-02 -5.35586e-02
 9.38307e-02 -5.24088e-02
 9.39439e-02 -5.49045e-02

 9.91357e-02 -5.49712e-02
 9.78084e-02 -5.73968e-02
 9.99429e-02 -5.60984e-02
 9.77512e-02 -5.48992e-02
 9.78084e-02 -5.73968e-02

 1.01834e-01 -3.85474e-02
 9.84019e-02 -4.68663e-02
 1.00382e-01 -4.53427e-02
 9.80723e-02 -4.43898e-02
 9.84019e-02 -4.68663e-02

 1.03526e-01 -4.62635e-02
 1.02278e-01 -4.90819e-02
 1.04296e-01 -4.76097e-02
 1.02012e-01 -4.65977e-02
 1.02278e-01 -4.90819e-02

 1.07163e-01 -3.72121e-02
 1.06148e-01 -4.02056e-02
 1.08026e-01 -3.85579e-02
 1.05660e-01 -3.77554e-02
 1.06148e-01 -4.02056e-02

 1.07478e-01 -3.14796e-02
 1.05915e-01 -3.68107e-02
 1.07723e-01 -3.50857e-02
 1.05325e-01 -3.43832e-02
 1.05915e-01 -3.68107e-02

 1.08809e-01 -2.67494e-02
 1.07421e-01 -3.23719e-02
 1.09152e-01 -3.05709e-02
 1.06727e-01 -2.99718e-02
 1.07421e-01 -3.23719e-02

 1.09924e-01 -2.19630e-02
 1.08739e-01 -2.78398e-02
 1.10391e-01 -2.59656e-02
 1.07942e-01 -2.54720e-02
 1.08739e-01 -2.78398e-02

 1.10818e-01 -1.71304e-02
 1.09856e-01 -2.32528e-02
 1.11426e-01 -2.13094e-02
 1.08958e-01 -2.09215e-02
 1.09856e-01 -2.32528e-02

 1.11490e-01 -1.22618e-02
 1.10770e-01 -1.86173e-02
 1.12255e-01 -1.66080e-02
 1.09773e-01 -1.63268e-02
 1.10770e-01 -1.86173e-02

 1.11939e-01 -7.36740e-03
 1.11481e-01 -1.39307e-02
 1.12878e-01 -1.18594e-02
 1.10386e-01 -1.16854e-02
 1.11481e-01 -1.39307e-02

 1.12164e-01 -2.45752e-03
 1.11984e-01 -9.20600e-03
 1.13291e-01 -7.07640e-03
 1.10793e-01 -7.00990e-03
 1.11984e-01 -9.20600e-03

 1.12164e-01  2.45752e-03
 1.12278e-01 -4.44160e-03
 1.13491e-01 -2.25761e-03
 1.10993e-01 -2.29897e-03
 1.12278e-01 -4.44160e-03

 1.11939e-01  7.36740e-03
 1.12360e-01  3.51851e-04
 1.13477e-01  2.58630e-03
 1.10983e-01  2.43688e-03
 1.12360e-01  3.51851e-04

 1.11490e-01  1.22618e-02
 1.12224e-01  5.18103e-03
 1.13244e-01  7.46194e-03
 1.10759e-01  7.20427e-03
 1.12224e-01  5.18103e-03

 1.10818e-01  1.71304e-02
 1.11870e-01  1.00266e-02
 1.12789e-01  1.23499e-02
 1.10317e-01  1.19839e-02
 1.11870e-01  1.00266e-02

 1.09924e-01  2.19630e-02
 1.11286e-01  1.49182e-02
 1.12102e-01  1.72797e-02
 1.09649e-01  1.68052e-02
 1.11286e-01  1.49182e-02

 1.08809e-01  2.67494e-02
 1.10479e-01  1.97868e-02
 1.11189e-01  2.21821e-02
 1.08760e-01  2.15995e-02
 1.10479e-01  1.97868e-02

 1.07478e-01  3.14796e-02
 1.09426e-01  2.47553e-02
 1.10024e-01  2.71811e-02
 1.07624e-01  2.64858e-02
 1.09426e-01  2.47553e-02

 1.01186e-01 -3.17882e-02
 9.71588e-02 -4.31776e-02
 9.90577e-02 -4.15541e-02
 9.67023e-02 -4.07213e-02
 9.71588e-02 -4.31776e-02

 1.02724e-01 -2.70467e-02
 9.91507e-02 -3.88580e-02
 1.00973e-01 -3.71487e-02
 9.85815e-02 -3.64254e-02
 9.91507e-02 -3.88580e-02

 1.04012e-01 -2.22310e-02
 1.00954e-01 -3.44213e-02
 1.02692e-01 -3.26266e-02
 1.00269e-01 -3.20188e-02
 1.00954e-01 -3.44213e-02

 1.05047e-01 -1.73543e-02
 1.02531e-01 -2.98619e-02
 1.04182e-01 -2.79871e-02
 1.01733e-01 -2.74945e-02
 1.02531e-01 -2.98619e-02

 1.05825e-01 -1.24300e-02
 1.03888e-01 -2.52077e-02
 1.05447e-01 -2.32558e-02
 1.02977e-01 -2.28813e-02
 1.03888e-01 -2.52077e-02

 1.06345e-01 -7.47169e-03
 1.05012e-01 -2.04472e-02
 1.06476e-01 -1.84227e-02
 1.03990e-01 -1.81672e-02
 1.05012e-01 -2.04472e-02

 1.06606e-01 -2.49284e-03
 1.05899e-01 -1.56055e-02
 1.07263e-01 -1.35123e-02
 1.04768e-01 -1.33778e-02
 1.05899e-01 -1.56055e-02

 1.06606e-01  2.49284e-03
 1.06545e-01 -1.06796e-02
 1.07804e-01 -8.52174e-03
 1.05306e-01 -8.51023e-03
 1.06545e-01 -1.06796e-02

 1.06345e-01  7.47169e-03
 1.06946e-01 -5.69349e-03
 1.08095e-01 -3.47524e-03
 1.05599e-01 -3.58900e-03
 1.06946e-01 -5.69349e-03

 1.05825e-01  1.24300e-02
 1.07099e-01 -6.45945e-04
 1.08132e-01  1.62859e-03
 1.05646e-01  1.38636e-03
 1.07099e-01 -6.45945e-04

 1.05047e-01  1.73543e-02
 1.07006e-01  4.42447e-03
 1.07917e-01  6.75081e-03
 1.05447e-01  6.37652e-03
 1.07006e-01  4.42447e-03

 1.04012e-01  2.22310e-02
 1.06655e-01  9.53648e-03
 1.07437e-01  1.19093e-02
 1.04991e-01  1.14001e-02
 1.06655e-01  9.53648e-03

 1.02724e-01  2.70467e-02
 1.06055e-01  1.45903e-02
 1.06703e-01  1.70032e-02
 1.04289e-01  1.63577e-02
 1.06055e-01  1.45903e-02

 1.01186e-01  3.17882e-02
 1.05132e-01  1.96816e-02
 1.05649e-01  2.21258e-02
 1.03274e-01  2.13515e-02
 1.05132e-01  1.96816e-02

 9.48956e-02 -3.21001e-02
 8.95450e-02 -4.54784e-02
 9.15083e-02 -4.39334e-02
 8.91886e-02 -4.30057e-02
 8.95450e-02 -4.54784e-02

 9.66440e-02 -2.73523e-02
 9.20006e-02 -4.10979e-02
 9.38765e-02 -3.94479e-02
 9.15096e-02 -3.86483e-02
 9.20006e-02 -4.10979e-02

 9.81104e-02 -2.25097e-02
 9.42143e-02 -3.65543e-02
 9.59964e-02 -3.48033e-02
 9.35890e-02 -3.41355e-02
 9.42143e-02 -3.65543e-02

 9.92898e-02 -1.75890e-02
 9.61619e-02 -3.18415e-02
 9.78458e-02 -2.99959e-02
 9.54055e-02 -2.94604e-02
 9.61619e-02 -3.18415e-02

 1.00178e-01 -1.26073e-02
 9.78410e-02 -2.70024e-02
 9.94207e-02 -2.50669e-02
 9.69547e-02 -2.46666e-02
 9.78410e-02 -2.70024e-02

 1.00772e-01 -7.58193e-03
 9.92378e-02 -2.20277e-02
 1.00708e-01 -2.00081e-02
 9.82240e-02 -1.97443e-02
 9.92378e-02 -2.20277e-02

 1.01069e-01 -2.53024e-03
 1.00341e-01 -1.69578e-02
 1.01698e-01 -1.48599e-02
 9.92026e-02 -1.47340e-02
 1.00341e-01 -1.69578e-02

 1.01069e-01  2.53024e-03
 1.01146e-01 -1.17979e-02
 1.02384e-01 -9.62760e-03
 9.98854e-02 -9.64105e-03
 1.01146e-01 -1.17979e-02

 1.00772e-01  7.58193e-03
 1.01642e-01 -6.58757e-03
 1.02756e-01 -4.35141e-03
 1.00263e-01 -4.50465e-03
 1.01642e-01 -6.58757e-03

 1.00178e-01  1.26073e-02
 1.01829e-01 -1.34381e-03
 1.02816e-01  9.51645e-04
 1.00335e-01  6.57952e-04
 1.01829e-01 -1.34381e-03

 9.92898e-02  1.75890e-02
 1.01705e-01  3.88346e-03
 1.02560e-01  6.23104e-03
 1.00099e-01  5.79743e-03
 1.01705e-01  3.88346e-03

 9.81104e-02  2.25097e-02
 1.01257e-01  9.07846e-03
 1.01979e-01  1.14699e-02
 9.95469e-02  1.09002e-02
 1.01257e-01  9.07846e-03

 9.66440e-02  2.73523e-02
 1.00498e-01  1.41589e-02
 1.01090e-01  1.65860e-02
 9.86922e-02  1.58855e-02
 1.00498e-01  1.41589e-02

 9.48956e-02  3.21001e-02
 9.93741e-02  1.91523e-02
 9.98474e-02  2.16054e-02
 9.74863e-02  2.07887e-02
 9.93741e-02  1.91523e-02

 8.86078e-02 -3.24155e-02
 8.26883e-02 -4.61738e-02
 8.46909e-02 -4.46800e-02
 8.23960e-02 -4.36926e-02
 8.26883e-02 -4.61738e-02

 9.05712e-02 -2.76667e-02
 8.54911e-02 -4.17206e-02
 8.74014e-02 -4.01105e-02
 8.50518e-02 -3.92612e-02
 8.54911e-02 -4.17206e-02

 9.22203e-02 -2.27996e-02
 8.80179e-02 -3.70738e-02
 8.98273e-02 -3.53511e-02
 8.74306e-02 -3.46455e-02
 8.80179e-02 -3.70738e-02

 9.35483e-02 -1.78350e-02
 9.02215e-02 -3.22493e-02
 9.19252e-02 -3.04221e-02
 8.94909e-02 -2.98602e-02
 9.02215e-02 -3.22493e-02

 9.45492e-02 -1.27941e-02
 9.21075e-02 -2.72801e-02
 9.36989e-02 -2.53542e-02
 9.12354e-02 -2.49390e-02
 9.21075e-02 -2.72801e-02

 9.52189e-02 -7.69840e-03
 9.36591e-02 -2.21680e-02
 9.51330e-02 -2.01507e-02
 9.26491e-02 -1.98829e-02
 9.36591e-02 -2.21680e-02

 9.55545e-02 -2.56980e-03
 9.48621e-02 -1.69621e-02
 9.62138e-02 -1.48611e-02
 9.37183e-02 -1.47410e-02
 9.48621e-02 -1.69621e-02

 9.55545e-02  2.56980e-03
 9.57170e-02 -1.16784e-02
 9.69414e-02 -9.50068e-03
 9.44433e-02 -9.52917e-03
 9.57170e-02 -1.16784e-02

 9.52189e-02  7.69840e-03
 9.62084e-02 -6.36692e-03
 9.73026e-02 -4.12098e-03
 9.48105e-02 -4.29629e-03
 9.62084e-02 -6.36692e-03

 9.45492e-02  1.27941e-02
 9.63437e-02 -1.05764e-03
 9.73045e-02  1.24853e-03
 9.48269e-02  9.27556e-04
 9.63437e-02 -1.05764e-03

 9.35483e-02  1.78350e-02
 9.61190e-02  4.19815e-03
 9.69458e-02  6.55572e-03
 9.44907e-02  6.09290e-03
 9.61190e-02  4.19815e-03

 9.22203e-02  2.27996e-02
 9.55259e-02  9.37114e-03
 9.62217e-02  1.17706e-02
 9.37958e-02  1.11735e-02
 9.55259e-02  9.37114e-03

 9.05712e-02  2.76667e-02
 9.45832e-02  1.44056e-02
 9.51523e-02  1.68383e-02
 9.27610e-02  1.61148e-02
 9.45832e-02  1.44056e-02

 8.86078e-02  3.24155e-02
 9.32530e-02  1.93163e-02
 9.37072e-02  2.17730e-02
 9.13525e-02  2.09380e-02
 9.32530e-02  1.93163e-02

 8.23223e-02 -3.27344e-02
 7.60999e-02 -4.63378e-02
 7.81359e-02 -4.48898e-02
 7.58640e-02 -4.38506e-02
 7.60999e-02 -4.63378e-02

 8.45051e-02 -2.79902e-02
 7.90873e-02 -4.19244e-02
 8.10356e-02 -4.03605e-02
 7.87071e-02 -3.94552e-02
 7.90873e-02 -4.19244e-02

 8.63418e-02 -2.31013e-02
 8.18548e-02 -3.73232e-02
 8.36971e-02 -3.56357e-02
 8.13145e-02 -3.48840e-02
 8.18548e-02 -3.73232e-02

 8.78227e-02 -1.80928e-02
 8.42808e-02 -3.25184e-02
 8.60099e-02 -3.07150e-02
 8.35836e-02 -3.01193e-02
 8.42808e-02 -3.25184e-02

 8.89402e-02 -1.29907e-02
 8.63714e-02 -2.75557e-02
 8.79773e-02 -2.56419e-02
 8.55170e-02 -2.52080e-02
 8.63714e-02 -2.75557e-02

 8.96884e-02 -7.82140e-03
 8.80917e-02 -2.24383e-02
 8.95685e-02 -2.04232e-02
 8.70849e-02 -2.01519e-02
 8.80917e-02 -2.24383e-02

 9.00635e-02 -2.61164e-03
 8.94191e-02 -1.72208e-02
 9.07624e-02 -1.51144e-02
 8.82665e-02 -1.50043e-02
 8.94191e-02 -1.72208e-02

 9.00635e-02  2.61164e-03
 9.03545e-02 -1.19251e-02
 9.15601e-02 -9.73694e-03
 8.90622e-02 -9.78694e-03
 9.03545e-02 -1.19251e-02

 8.96884e-02  7.82140e-03
 9.08696e-02 -6.60718e-03
 9.19380e-02 -4.34886e-03
 8.94480e-02 -4.55270e-03
 9.08696e-02 -6.60718e-03

 8.89402e-02  1.29907e-02
 9.09796e-02 -1.30272e-03
 9.19107e-02  1.01565e-03
 8.94374e-02  6.62742e-04
 9.09796e-02 -1.30272e-03

 8.78227e-02  1.80928e-02
 9.06713e-02  3.94451e-03
 9.14688e-02  6.31212e-03
 8.90196e-02  5.81900e-03
 9.06713e-02  3.94451e-03

 8.63418e-02  2.31013e-02
 8.99434e-02  9.10364e-03
 9.06140e-02  1.15103e-02
 8.81945e-02  1.08877e-02
 8.99434e-02  9.10364e-03

 8.45051e-02  2.79902e-02
 8.88190e-02  1.41577e-02
 8.93674e-02  1.65952e-02
 8.69823e-02  1.58513e-02
 8.88190e-02  1.41577e-02

 8.23223e-02  3.27344e-02
 8.72852e-02  1.91068e-02
 8.77186e-02  2.15672e-02
 8.53711e-02  2.07123e-02
 8.72852e-02  1.91068e-02

 7.60390e-02 -3.30570e-02
 6.97966e-02 -4.59071e-02
 7.18656e-02 -4.45068e-02
 6.96184e-02 -4.34152e-02
 6.97966e-02 -4.59071e-02

 7.84461e-02 -2.83232e-02
 7.28536e-02 -4.17747e-02
 7.48377e-02 -4.02564e-02
 7.25308e-02 -3.92973e-02
 7.28536e-02 -4.17747e-02

 8.04752e-02 -2.34151e-02
 7.57711e-02 -3.74267e-02
 7.76440e-02 -3.57731e-02
 7.52756e-02 -3.49780e-02
 7.57711e-02 -3.74267e-02

 8.21138e-02 -1.83629e-02
 7.83585e-02 -3.27692e-02
 8.01131e-02 -3.09906e-02
 7.76955e-02 -3.03605e-02
 7.83585e-02 -3.27692e-02

 8.33516e-02 -1.31977e-02
 8.06005e-02 -2.79118e-02
 8.22260e-02 -2.60146e-02
 7.97702e-02 -2.55555e-02
 8.06005e-02 -2.79118e-02

 8.41811e-02 -7.95123e-03
 8.24554e-02 -2.28420e-02
 8.39453e-02 -2.08366e-02
 8.14636e-02 -2.05490e-02
 8.24554e-02 -2.28420e-02

 8.45971e-02 -2.65586e-03
 8.38798e-02 -1.76401e-02
 8.52310e-02 -1.55387e-02
 8.27355e-02 -1.54192e-02
 8.38798e-02 -1.76401e-02

 8.45971e-02  2.65586e-03
 8.48790e-02 -1.23226e-02
 8.60872e-02 -1.01359e-02
 8.35893e-02 -1.01829e-02
 8.48790e-02 -1.23226e-02

 8.41811e-02  7.95123e-03
 8.54056e-02 -6.95627e-03
 8.64734e-02 -4.69766e-03
 8.39835e-02 -4.90218e-03
 8.54056e-02 -6.95627e-03

 8.33516e-02  1.31977e-02
 8.54847e-02 -1.56344e-03
 8.64116e-02  7.56591e-04
 8.39389e-02  3.99275e-04
 8.54847e-02 -1.56344e-03

 8.21138e-02  1.83629e-02
 8.50915e-02  3.81788e-03
 8.58814e-02  6.18807e-03
 8.34338e-02  5.68699e-03
 8.50915e-02  3.81788e-03

 8.04752e-02  2.34151e-02
 8.42252e-02  9.17812e-03
 8.48821e-02  1.15885e-02
 8.24662e-02  1.09522e-02
 8.42252e-02  9.17812e-03

 7.84461e-02  2.83232e-02
 8.29064e-02  1.45244e-02
 8.34295e-02  1.69674e-02
 8.10523e-02  1.61990e-02
 8.29064e-02  1.45244e-02

 7.60390e-02  3.30570e-02
 8.11151e-02  1.98566e-02
 8.15044e-02  2.23244e-02
 7.91726e-02  2.14277e-02
 8.11151e-02  1.98566e-02

 6.97580e-02 -3.33835e-02
 6.39743e-02 -4.32668e-02
 6.61452e-02 -4.20304e-02
 6.39890e-02 -4.07686e-02
 6.39743e-02 -4.32668e-02

 7.23943e-02 -2.86660e-02
 6.68988e-02 -3.95940e-02
 6.89868e-02 -3.82222e-02
 6.67549e-02 -3.70998e-02
 6.68988e-02 -3.95940e-02

 7.46212e-02 -2.37417e-02
 6.98176e-02 -3.55820e-02
 7.17885e-02 -3.40467e-02
 6.94735e-02 -3.31075e-02
 6.98176e-02 -3.55820e-02

 7.64223e-02 -1.86459e-02
 7.25012e-02 -3.11797e-02
 7.43393e-02 -2.94878e-02
 7.19550e-02 -2.87419e-02
 7.25012e-02 -3.11797e-02

 7.77847e-02 -1.34155e-02
 7.48529e-02 -2.64802e-02
 7.65455e-02 -2.46427e-02
 7.41078e-02 -2.40956e-02
 7.48529e-02 -2.64802e-02

 7.86984e-02 -8.08825e-03
 7.68174e-02 -2.14925e-02
 7.83551e-02 -1.95235e-02
 7.58810e-02 -1.91763e-02
 7.68174e-02 -2.14925e-02

 7.91570e-02 -2.70259e-03
 7.83129e-02 -1.62945e-02
 7.96937e-02 -1.42124e-02
 7.72002e-02 -1.40576e-02
 7.83129e-02 -1.62945e-02

 7.91570e-02  2.70259e-03
 7.93457e-02 -1.08913e-02
 8.05647e-02 -8.71055e-03
 7.80667e-02 -8.74524e-03
 7.93457e-02 -1.08913e-02

 7.86984e-02  8.08825e-03
 7.98314e-02 -5.36973e-03
 8.08946e-02 -3.10895e-03
 7.84051e-02 -3.31853e-03
 7.98314e-02 -5.36973e-03

 7.77847e-02  1.34155e-02
 7.98079e-02  2.86059e-04
 8.07130e-02  2.61468e-03
 7.82438e-02  2.23418e-03
 7.98079e-02  2.86059e-04

 7.64223e-02  1.86459e-02
 7.92137e-02  6.01262e-03
 7.99666e-02  8.39479e-03
 7.75271e-02  7.85577e-03
 7.92137e-02  6.01262e-03

 7.46212e-02  2.37417e-02
 7.80636e-02  1.18277e-02
 7.86631e-02  1.42530e-02
 7.62629e-02  1.35595e-02
 7.80636e-02  1.18277e-02

 7.23943e-02  2.86660e-02
 7.63302e-02  1.77329e-02
 7.67727e-02  2.01917e-02
 7.44220e-02  1.93455e-02
 7.63302e-02  1.77329e-02

 6.97580e-02  3.33835e-02
 7.40273e-02  2.37110e-02
 7.42964e-02  2.61947e-02
 7.20109e-02  2.51859e-02
 7.40273e-02  2.37110e-02

 6.34793e-02 -3.37140e-02
 6.00059e-02 -3.69563e-02
 6.24399e-02 -3.63930e-02
 6.07351e-02 -3.45668e-02
 6.00059e-02 -3.69563e-02

 6.63500e-02 -2.90192e-02
 6.27602e-02 -3.40709e-02
 6.50317e-02 -3.30308e-02
 6.29952e-02 -3.15836e-02
 6.27602e-02 -3.40709e-02

 6.87800e-02 -2.40817e-02
 6.54328e-02 -3.04799e-02
 6.75426e-02 -2.91418e-02
 6.53289e-02 -2.79837e-02
 6.54328e-02 -3.04799e-02

 7.07490e-02 -1.89425e-02
 6.79017e-02 -2.62483e-02
 6.98512e-02 -2.46860e-02
 6.75234e-02 -2.37788e-02
 6.79017e-02 -2.62483e-02

 7.22404e-02 -1.36448e-02
 7.00449e-02 -2.15557e-02
 7.18272e-02 -1.98049e-02
 6.94198e-02 -1.91369e-02
 7.00449e-02 -2.15557e-02

 7.32416e-02 -8.23282e-03
 7.17807e-02 -1.64511e-02
 7.33893e-02 -1.45395e-02
 7.09295e-02 -1.41022e-02
 7.17807e-02 -1.64511e-02

 7.37443e-02 -2.75195e-03
 7.30022e-02 -1.10716e-02
 7.44386e-02 -9.02756e-03
 7.19502e-02 -8.80557e-03
 7.30022e-02 -1.10716e-02

 7.37443e-02  2.75195e-03
 7.37034e-02 -5.36561e-03
 7.49635e-02 -3.20831e-03
 7.24652e-02 -3.19572e-03
 7.37034e-02 -5.36561e-03

 7.32416e-02  8.23282e-03
 7.37824e-02  4.76019e-04
 7.48781e-02  2.72128e-03
 7.23858e-02  2.54751e-03
 7.37824e-02  4.76019e-04

 7.22404e-02  1.36448e-02
 7.32697e-02  6.60324e-03
 7.41928e-02  8.92478e-03
 7.17207e-02  8.56341e-03
 7.32697e-02  6.60324e-03

 7.07490e-02  1.89425e-02
 7.20943e-02  1.28026e-02
 7.28514e-02  1.51834e-02
 7.04110e-02  1.46487e-02
 7.20943e-02  1.28026e-02

 6.87800e-02  2.40817e-02
 7.02557e-02  1.92037e-02
 7.08248e-02  2.16363e-02
 6.84335e-02  2.09129e-02
 7.02557e-02  1.92037e-02

 6.63500e-02  2.90192e-02
 6.77440e-02  2.57055e-02
 6.80565e-02  2.81842e-02
 6.57536e-02  2.72154e-02
 6.77440e-02  2.57055e-02

 6.34793e-02  3.37140e-02
 6.45303e-02  3.22999e-02
 6.42422e-02  3.47816e-02
 6.22371e-02  3.32912e-02
 6.45303e-02  3.22999e-02

 5.72030e-02 -3.40487e-02
 5.80486e-02 -2.63838e-02
 5.65697e-02 -2.83974e-02
 5.90530e-02 -2.86713e-02
 5.80486e-02 -2.63838e-02

 6.03133e-02 -2.93833e-02
 6.03166e-02 -2.33069e-02
 5.90662e-02 -2.54698e-02
 6.15646e-02 -2.54711e-02
 6.03166e-02 -2.33069e-02

 6.29524e-02 -2.44357e-02
 6.26305e-02 -1.98420e-02
 6.15357e-02 -2.20876e-02
 6.40279e-02 -2.19130e-02
 6.26305e-02 -1.98420e-02

 6.50948e-02 -1.92533e-02
 6.46883e-02 -1.57157e-02
 6.36943e-02 -1.80078e-02
 6.61763e-02 -1.77226e-02
 6.46883e-02 -1.57157e-02

 6.67199e-02 -1.38860e-02
 6.63364e-02 -1.10317e-02
 6.53865e-02 -1.33424e-02
 6.78626e-02 -1.30097e-02
 6.63364e-02 -1.10317e-02

 6.78121e-02 -8.38535e-03
 6.75082e-02 -5.80183e-03
 6.65203e-02 -8.09656e-03
 6.90016e-02 -7.80470e-03
 6.75082e-02 -5.80183e-03

 6.83608e-02 -2.80410e-03
 6.81104e-02 -2.89283e-04
 6.70818e-02 -2.56603e-03
 6.95678e-02 -2.31846e-03
 6.81104e-02 -2.89283e-04

 6.83608e-02  2.80410e-03
 6.81305e-02  5.69991e-03
 6.70568e-02  3.44407e-03
 6.95473e-02  3.64214e-03
 6.81305e-02  5.69991e-03

 6.78121e-02  8.38535e-03
 6.74378e-02  1.17279e-02
 6.64372e-02  9.43869e-03
 6.89200e-02  9.71668e-03
 6.74378e-02  1.17279e-02

 6.67199e-02  1.38860e-02
 6.60991e-02  1.82429e-02
 6.51677e-02  1.59247e-02
 6.76410e-02  1.62771e-02
 6.60991e-02  1.82429e-02

 6.50948e-02  1.92533e-02
 6.39200e-02  2.46295e-02
 6.31615e-02  2.22491e-02
 6.56022e-02  2.27824e-02
 6.39200e-02  2.46295e-02

 6.29524e-02  2.44357e-02
 6.10850e-02  3.13623e-02
 6.04421e-02  2.89481e-02
 6.28543e-02  2.95984e-02
 6.10850e-02  3.13623e-02

 6.03133e-02  2.93833e-02
 5.73428e-02  3.79303e-02
 5.68732e-02  3.54765e-02
 5.92331e-02  3.62967e-02
 5.73428e-02  3.79303e-02

 5.72030e-02  3.40487e-02
 5.29766e-02  4.44569e-02
 5.26332e-02  4.19823e-02
 5.49480e-02  4.29223e-02
 5.29766e-02  4.44569e-02

 5.09292e-02 -3.43878e-02
 5.90363e-02 -1.70646e-02
 5.69878e-02 -1.84948e-02
 5.92506e-02 -1.95537e-02
 5.90363e-02 -1.70646e-02

 5.42846e-02 -2.97587e-02
 6.07315e-02 -1.22202e-02
 5.88126e-02 -1.38200e-02
 6.11575e-02 -1.46819e-02
 6.07315e-02 -1.22202e-02

 5.71388e-02 -2.48044e-02
 6.23858e-02 -7.45658e-03
 6.05637e-02 -9.16590e-03
 6.29551e-02 -9.88918e-03
 6.23858e-02 -7.45658e-03

 5.94606e-02 -1.95792e-02
 6.36410e-02 -2.55811e-03
 6.19119e-02 -4.36133e-03
 6.43381e-02 -4.95722e-03
 6.36410e-02 -2.55811e-03

 6.12246e-02 -1.41400e-02
 6.43437e-02  2.67823e-03
 6.27210e-02  7.78680e-04
 6.51774e-02  3.23102e-04
 6.43437e-02  2.67823e-03

 6.24114e-02 -8.54628e-03
 6.43516e-02  8.36038e-03
 6.28639e-02  6.35329e-03
 6.53459e-02  6.06846e-03
 6.43516e-02  8.36038e-03

 6.30080e-02 -2.85918e-03
 6.37050e-02  1.42506e-02
 6.23688e-02  1.21396e-02
 6.48650e-02  1.20379e-02
 6.37050e-02  1.42506e-02

 6.30080e-02  2.85918e-03
 6.22945e-02  2.06028e-02
 6.11333e-02  1.83907e-02
 6.36296e-02  1.84911e-02
 6.22945e-02  2.06028e-02

 6.24114e-02  8.54628e-03
 6.02032e-02  2.67298e-02
 5.92239e-02  2.44314e-02
 6.17040e-02  2.47326e-02
 6.02032e-02  2.67298e-02

 6.12246e-02  1.41400e-02
 5.73267e-02  3.33611e-02
 5.65324e-02  3.09924e-02
 5.89809e-02  3.14889e-02
 5.73267e-02  3.33611e-02

 5.94606e-02  1.95792e-02
 5.37584e-02  3.92692e-02
 5.31604e-02  3.68435e-02
 5.55601e-02  3.75385e-02
 5.37584e-02  3.92692e-02

 5.71388e-02  2.48044e-02
 4.95347e-02  4.56717e-02
 4.91018e-02  4.32112e-02
 5.14491e-02  4.40665e-02
 4.95347e-02  4.56717e-02

 5.42846e-02  2.97587e-02
 4.47208e-02  5.08900e-02
 4.44749e-02  4.84038e-02
 4.67509e-02  4.94339e-02
 4.47208e-02  5.08900e-02

 5.09292e-02  3.43878e-02
 3.96121e-02  5.63400e-02
 3.94932e-02  5.38446e-02
 4.17138e-02  5.49893e-02
 3.96121e-02  5.63400e-02

 4.46580e-02 -3.47315e-02
 5.77724e-02 -1.37673e-02
 5.55659e-02 -1.49391e-02
 5.76840e-02 -1.62640e-02
 5.77724e-02 -1.37673e-02

 4.82641e-02 -3.01460e-02
 5.96522e-02 -6.07636e-03
 5.75977e-02 -7.49788e-03
 5.98560e-02 -8.56636e-03
 5.96522e-02 -6.07636e-03

 5.13399e-02 -2.51887e-02
 6.12487e-02  1.41343e-03
 5.93229e-02 -1.78072e-04
 6.16641e-02 -1.05012e-03
 6.12487e-02  1.41343e-03

 5.38474e-02 -1.99209e-02
 6.21311e-02  8.48758e-03
 6.03262e-02  6.76016e-03
 6.27246e-02  6.06079e-03
 6.21311e-02  8.48758e-03

 5.57557e-02 -1.44073e-02
 6.21891e-02  1.53452e-02
 6.05109e-02  1.34945e-02
 6.29528e-02  1.29665e-02
 6.21891e-02  1.53452e-02

 5.70411e-02 -8.71609e-03
 6.13152e-02  2.17085e-02
 5.97772e-02  1.97397e-02
 6.22512e-02  1.93922e-02
 6.13152e-02  2.17085e-02

 5.76878e-02 -2.91736e-03
 5.96269e-02  2.80294e-02
 5.82449e-02  2.59481e-02
 6.07383e-02  2.57919e-02
 5.96269e-02  2.80294e-02

 5.76878e-02  2.91736e-03
 5.70850e-02  3.37717e-02
 5.58784e-02  3.15841e-02
 5.83762e-02  3.16329e-02
 5.70850e-02  3.37717e-02

 5.70411e-02  8.71609e-03
 5.38812e-02  3.95229e-02
 5.28593e-02  3.72432e-02
 5.53446e-02  3.74981e-02
 5.38812e-02  3.95229e-02

 5.57557e-02  1.44073e-02
 5.00340e-02  4.43972e-02
 4.92124e-02  4.20378e-02
 5.16665e-02  4.25060e-02
 5.00340e-02  4.43972e-02

 5.38474e-02  1.99209e-02
 4.56491e-02  4.92587e-02
 4.50284e-02  4.68387e-02
 4.74345e-02  4.75111e-02
 4.56491e-02  4.92587e-02

 5.13399e-02  2.51887e-02
 4.10715e-02  5.28327e-02
 4.06539e-02  5.03695e-02
 4.29959e-02  5.12395e-02
 4.10715e-02  5.28327e-02

 4.82641e-02  3.01460e-02
 3.60130e-02  5.60986e-02
 3.58070e-02  5.36088e-02
 3.80663e-02  5.46752e-02
 3.60130e-02  5.60986e-02

 4.46580e-02  3.47315e-02
 3.14758e-02  5.78267e-02
 3.14634e-02  5.53284e-02
 3.36332e-02  5.65669e-02
 3.14758e-02  5.78267e-02

 3.83892e-02 -3.50800e-02
 4.97961e-02 -2.29277e-02
 4.74046e-02 -2.36503e-02
 4.92261e-02 -2.53601e-02
 4.97961e-02 -2.29277e-02

 4.22520e-02 -3.05458e-02
 5.31522e-02 -1.60008e-02
 5.08550e-02 -1.69830e-02
 5.28543e-02 -1.84813e-02
 5.31522e-02 -1.60008e-02

 4.55562e-02 -2.55894e-02
 5.53881e-02 -8.54929e-03
 5.32248e-02 -9.79904e-03
 5.53888e-02 -1.10476e-02
 5.53881e-02 -8.54929e-03

 4.82562e-02 -2.02792e-02
 5.65657e-02 -1.04714e-03
 5.45608e-02 -2.53785e-03
 5.68542e-02 -3.52874e-03
 5.65657e-02 -1.04714e-03

 5.03146e-02 -1.46888e-02
 5.66157e-02  6.20445e-03
 5.47950e-02  4.49366e-03
 5.71869e-02  3.77231e-03
 5.66157e-02  6.20445e-03

 5.17030e-02 -8.89529e-03
 5.56451e-02  1.30412e-02
 5.40329e-02  1.11327e-02
 5.64919e-02  1.06908e-02
 5.56451e-02  1.30412e-02

 5.24020e-02 -2.97882e-03
 5.37881e-02  1.94162e-02
 5.24076e-02  1.73338e-02
 5.49012e-02  1.71795e-02
 5.37881e-02  1.94162e-02

 5.24020e-02  2.97882e-03
 5.11732e-02  2.52459e-02
 5.00451e-02  2.30167e-02
 5.25397e-02  2.31544e-02
 5.11732e-02  2.52459e-02

 5.17030e-02  8.89529e-03
 4.79407e-02  3.05498e-02
 4.70804e-02  2.82043e-02
 4.95418e-02  2.86319e-02
 4.79407e-02  3.05498e-02

 5.03146e-02  1.46888e-02
 4.41890e-02  3.52513e-02
 4.36096e-02  3.28211e-02
 4.60039e-02  3.35343e-02
 4.41890e-02  3.52513e-02

 4.82562e-02  2.02792e-02
 4.01159e-02  3.92265e-02
 3.98223e-02  3.67455e-02
 4.21177e-02  3.77317e-02
 4.01159e-02  3.92265e-02

 4.55562e-02  2.55894e-02
 3.56993e-02  4.27064e-02
 3.56965e-02  4.02081e-02
 3.78615e-02  4.14548e-02
 3.56993e-02  4.27064e-02

 4.22520e-02  3.05458e-02
 3.15112e-02  4.50131e-02
 3.17979e-02  4.25313e-02
 3.38039e-02  4.40205e-02
 3.15112e-02  4.50131e-02

 3.83892e-02  3.50800e-02
 2.69891e-02  4.75117e-02
 2.75308e-02  4.50728e-02
 2.93721e-02  4.67613e-02
 2.69891e-02  4.75117e-02

 3.62312e-02  4.03748e-02
 2.32906e-02  5.62117e-02
 2.36924e-02  5.37458e-02
 2.56270e-02  5.53266e-02
 2.32906e-02  5.62117e-02

 4.27932e-02  4.01897e-02
 2.87186e-02  6.11409e-02
 2.88882e-02  5.86483e-02
 3.09620e-02  6.00415e-02
 2.87186e-02  6.11409e-02

 4.93551e-02  4.00046e-02
 3.98168e-02  5.87478e-02
 3.96848e-02  5.62529e-02
 4.19114e-02  5.73860e-02
 3.98168e-02  5.87478e-02

 5.59171e-02  3.98195e-02
 5.34676e-02  4.67946e-02
 5.30059e-02  4.43393e-02
 5.53631e-02  4.51671e-02
 5.34676e-02  4.67946e-02

 6.24790e-02  3.96344e-02
 6.52734e-02  3.58429e-02
 6.49953e-02  3.83257e-02
 6.29842e-02  3.68435e-02
 6.52734e-02  3.58429e-02

 6.90410e-02  3.94493e-02
 7.45370e-02  2.88682e-02
 7.46483e-02  3.13640e-02
 7.24312e-02  3.02124e-02
 7.45370e-02  2.88682e-02

 7.56029e-02  3.92642e-02
 8.16299e-02  2.61765e-02
 8.18595e-02  2.86642e-02
 7.95902e-02  2.76192e-02
 8.16299e-02  2.61765e-02

 8.21649e-02  3.90791e-02
 8.79285e-02  2.58822e-02
 8.82073e-02  2.83649e-02
 8.59178e-02  2.73650e-02
 8.79285e-02  2.58822e-02

 8.87268e-02  3.88940e-02
 9.41429e-02  2.61553e-02
 9.44460e-02  2.86352e-02
 9.21468e-02  2.76577e-02
 9.41429e-02  2.61553e-02

 9.52888e-02  3.87089e-02
 1.00357e-01  2.64159e-02
 1.00687e-01  2.88923e-02
 9.83773e-02  2.79401e-02
 1.00357e-01  2.64159e-02

 1.01851e-01  3.85238e-02
 1.05741e-01  2.87094e-02
 1.06105e-01  3.11811e-02
 1.03782e-01  3.02605e-02
 1.05741e-01  2.87094e-02

 1.07163e-01  3.72121e-02
 1.08650e-01  3.31266e-02
 1.09084e-01  3.55869e-02
 1.06736e-01  3.47326e-02
 1.08650e-01  3.31266e-02

 3.60414e-02  4.66623e-02
 2.13622e-02  6.37721e-02
 2.18230e-02  6.13166e-02
 2.37191e-02  6.29434e-02
 2.13622e-02  6.37721e-02

 4.29145e-02  4.67353e-02
 3.17223e-02  6.36585e-02
 3.18739e-02  6.11648e-02
 3.39577e-02  6.25429e-02
 3.17223e-02  6.36585e-02

 4.97877e-02  4.68084e-02
 4.54856e-02  5.80948e-02
 4.50890e-02  5.56282e-02
 4.74235e-02  5.65180e-02
 4.54856e-02  5.80948e-02

 5.66609e-02  4.68815e-02
 5.89879e-02  4.66854e-02
 5.69369e-02  4.81118e-02
 5.67271e-02  4.56223e-02
 5.89879e-02  4.66854e-02

 6.35340e-02  4.69545e-02
 6.94486e-02  3.87860e-02
 6.91914e-02  4.12711e-02
 6.71679e-02  3.98059e-02
 6.94486e-02  3.87860e-02

 7.04072e-02  4.70276e-02
 7.76139e-02  3.50169e-02
 7.75718e-02  3.75148e-02
 7.54295e-02  3.62294e-02
 7.76139e-02  3.50169e-02

 7.72803e-02  4.71006e-02
 8.42989e-02  3.43562e-02
 8.43494e-02  3.68540e-02
 8.21610e-02  3.56488e-02
 8.42989e-02  3.43562e-02

 8.41535e-02  4.71737e-02
 9.06387e-02  3.48342e-02
 9.07378e-02  3.73306e-02
 8.85263e-02  3.61683e-02
 9.06387e-02  3.48342e-02

 9.10267e-02  4.72467e-02
 9.69300e-02  3.56060e-02
 9.70655e-02  3.81007e-02
 9.48373e-02  3.69707e-02
 9.69300e-02  3.56060e-02

 9.78998e-02  4.73198e-02
 1.02347e-01  3.79318e-02
 1.02549e-01  4.04219e-02
 1.00291e-01  3.93525e-02
 1.02347e-01  3.79318e-02

 1.03543e-01  4.62399e-02
 1.05402e-01  4.22359e-02
 1.05624e-01  4.47243e-02
 1.03358e-01  4.36722e-02
 1.05402e-01  4.22359e-02

 3.58446e-02  5.29590e-02
 2.35018e-02  6.78655e-02
 2.39196e-02  6.54024e-02
 2.58439e-02  6.69957e-02
 2.35018e-02  6.78655e-02

 4.30150e-02  5.33087e-02
 3.65296e-02  6.43308e-02
 3.65502e-02  6.18325e-02
 3.87035e-02  6.30995e-02
 3.65296e-02  6.43308e-02

 5.01855e-02  5.36583e-02
 5.11900e-02  5.80374e-02
 4.94887e-02  5.62078e-02
 5.19238e-02  5.56492e-02
 5.11900e-02  5.80374e-02

 5.73559e-02  5.40079e-02
 6.37312e-02  4.91509e-02
 6.27671e-02  5.14558e-02
 6.12531e-02  4.94685e-02
 6.37312e-02  4.91509e-02

 6.45264e-02  5.43576e-02
 7.28466e-02  4.42384e-02
 7.24373e-02  4.67029e-02
 7.05076e-02  4.51163e-02
 7.28466e-02  4.42384e-02

 7.16968e-02  5.47072e-02
 8.02434e-02  4.27322e-02
 8.00032e-02  4.52190e-02
 7.79697e-02  4.37677e-02
 8.02434e-02  4.27322e-02

 7.88673e-02  5.50569e-02
 8.66703e-02  4.32513e-02
 8.65194e-02  4.57450e-02
 8.44352e-02  4.43675e-02
 8.66703e-02  4.32513e-02

 8.60378e-02  5.54065e-02
 9.29741e-02  4.44256e-02
 9.28747e-02  4.69220e-02
 9.07625e-02  4.55877e-02
 9.29741e-02  4.44256e-02

 9.32082e-02  5.57561e-02
 9.83690e-02  4.69480e-02
 9.83530e-02  4.94463e-02
 9.61974e-02  4.81833e-02
 9.83690e-02  4.69480e-02

 9.91675e-02  5.49301e-02
 1.01338e-01  5.10986e-02
 1.01358e-01  5.35969e-02
 9.91846e-02  5.23655e-02
 1.01338e-01  5.10986e-02

 3.56402e-02  5.92645e-02
 2.77760e-02  7.03288e-02
 2.80113e-02  6.78416e-02
 3.00476e-02  6.92890e-02
 2.77760e-02  7.03288e-02

 4.30928e-02  5.99083e-02
 4.17639e-02  6.49079e-02
 4.11124e-02  6.24960e-02
 4.35269e-02  6.31378e-02
 4.17639e-02  6.49079e-02

 5.05455e-02  6.05521e-02
 5.57990e-02  5.92558e-02
 5.39976e-02  6.09869e-02
 5.33991e-02  5.85613e-02
 5.57990e-02  5.92558e-02

 5.79981e-02  6.11959e-02
 6.71078e-02  5.34306e-02
 6.62716e-02  5.57848e-02
 6.46508e-02  5.38835e-02
 6.71078e-02  5.34306e-02

 6.54508e-02  6.18396e-02
 7.52492e-02  5.12395e-02
 7.46979e-02  5.36762e-02
 7.28633e-02  5.19804e-02
 7.52492e-02  5.12395e-02

 7.29034e-02  6.24834e-02
 8.20565e-02  5.14291e-02
 8.16388e-02  5.38922e-02
 7.97145e-02  5.22989e-02
 8.20565e-02  5.14291e-02

 8.03561e-02  6.31272e-02
 8.82633e-02  5.29558e-02
 8.79215e-02  5.54306e-02
 8.59491e-02  5.38973e-02
 8.82633e-02  5.29558e-02

 8.78087e-02  6.37710e-02
 9.36243e-02  5.56682e-02
 9.33776e-02  5.81543e-02
 9.13479e-02  5.66975e-02
 9.36243e-02  5.56682e-02

 9.40686e-02  6.32195e-02
 9.64995e-02  5.96794e-02
 9.63045e-02  6.21701e-02
 9.42450e-02  6.07559e-02
 9.64995e-02  5.96794e-02

 3.54277e-02  6.55783e-02
 3.30925e-02  7.27520e-02
 3.25744e-02  7.03080e-02
 3.49500e-02  7.10813e-02
 3.30925e-02  7.27520e-02

 4.31463e-02  6.65328e-02
 4.68511e-02  6.68307e-02
 4.45943e-02  6.79025e-02
 4.47946e-02  6.54122e-02
 4.68511e-02  6.68307e-02

 5.08649e-02  6.74873e-02
 5.93147e-02  6.23873e-02
 5.81079e-02  6.45747e-02
 5.68169e-02  6.24358e-02
 5.93147e-02  6.23873e-02

 5.85835e-02  6.84418e-02
 6.91522e-02  5.94239e-02
 6.83171e-02  6.17785e-02
 6.66955e-02  5.98780e-02
 6.91522e-02  5.94239e-02

 6.63021e-02  6.93964e-02
 7.63983e-02  5.94328e-02
 7.57358e-02  6.18417e-02
 7.39809e-02  6.00634e-02
 7.63983e-02  5.94328e-02

 7.40207e-02  7.03509e-02
 8.27813e-02  6.09941e-02
 8.22144e-02  6.34273e-02
 8.03907e-02  6.17198e-02
 8.27813e-02  6.09941e-02

 8.17393e-02  7.13054e-02
 8.80498e-02  6.39121e-02
 8.75953e-02  6.63687e-02
 8.56950e-02  6.47468e-02
 8.80498e-02  6.39121e-02

 8.82827e-02  7.10484e-02
 9.09310e-02  6.78188e-02
 9.05250e-02  7.02839e-02
 8.85931e-02  6.86998e-02
 9.09310e-02  6.78188e-02

 3.52066e-02  7.18999e-02
 3.80644e-02  7.55280e-02
 3.57443e-02  7.46013e-02
 3.77069e-02  7.30553e-02
 3.80644e-02  7.55280e-02

 4.31738e-02  7.31807e-02
 5.10553e-02  7.03798e-02
 4.94349e-02  7.22814e-02
 4.85983e-02  6.99273e-02
 5.10553e-02  7.03798e-02

 5.11411e-02  7.44615e-02
 6.17869e-02  6.76513e-02
 6.06375e-02  6.98695e-02
 5.92912e-02  6.77650e-02
 6.17869e-02  6.76513e-02

 5.91083e-02  7.57423e-02
 7.01202e-02  6.69594e-02
 6.92076e-02  6.92851e-02
 6.76498e-02  6.73320e-02
 7.01202e-02  6.69594e-02

 6.70756e-02  7.70231e-02
 7.66057e-02  6.86352e-02
 7.58069e-02  7.10024e-02
 7.41562e-02  6.91270e-02
 7.66057e-02  6.86352e-02

 7.50428e-02  7.83039e-02
 8.18800e-02  7.16009e-02
 8.12095e-02  7.40076e-02
 7.94605e-02  7.22236e-02
 8.18800e-02  7.16009e-02

 8.18513e-02  7.83598e-02
 8.46779e-02  7.54525e-02
 8.40653e-02  7.78746e-02
 8.22740e-02  7.61330e-02
 8.46779e-02  7.54525e-02

 3.49763e-02  7.82287e-02
 4.19411e-02  7.89487e-02
 3.96605e-02  7.99688e-02
 3.99174e-02  7.74837e-02
 4.19411e-02  7.89487e-02

 4.31739e-02  7.98502e-02
 5.38970e-02  7.52581e-02
 5.23998e-02  7.72581e-02
 5.14163e-02  7.49615e-02
 5.38970e-02  7.52581e-02

 5.13715e-02  8.14718e-02
 6.30082e-02  7.43553e-02
 6.18141e-02  7.65498e-02
 6.05107e-02  7.44185e-02
 6.30082e-02  7.43553e-02

 5.95692e-02  8.30933e-02
 7.00269e-02  7.55741e-02
 6.89994e-02  7.78514e-02
 6.75410e-02  7.58230e-02
 7.00269e-02  7.55741e-02

 6.77668e-02  8.47149e-02
 7.50906e-02  7.87594e-02
 7.42000e-02  8.10936e-02
 7.26238e-02  7.91553e-02
 7.50906e-02  7.87594e-02

 7.48204e-02  8.51009e-02
 7.78556e-02  8.24762e-02
 7.70362e-02  8.48363e-02
 7.54020e-02  8.29465e-02
 7.78556e-02  8.24762e-02

 3.47364e-02  8.45641e-02
 4.46260e-02  8.29585e-02
 4.26906e-02  8.45382e-02
 4.22902e-02  8.20722e-02
 4.46260e-02  8.29585e-02

 4.31452e-02  8.65397e-02
 5.50867e-02  8.11563e-02
 5.36276e-02  8.31843e-02
 5.26009e-02  8.09067e-02
 5.50867e-02  8.11563e-02

 5.15540e-02  8.85153e-02
 6.25449e-02  8.22555e-02
 6.12830e-02  8.44117e-02
 6.00466e-02  8.22408e-02
 6.25449e-02  8.22555e-02

 5.99628e-02  9.04909e-02
 6.77460e-02  8.53041e-02
 6.66383e-02  8.75434e-02
 6.52529e-02  8.54644e-02
 6.77460e-02  8.53041e-02

 6.72406e-02  9.12228e-02
 7.03220e-02  8.89972e-02
 6.92994e-02  9.12767e-02
 6.78367e-02  8.92514e-02
 7.03220e-02  8.89972e-02

 3.44865e-02  9.09056e-02
 4.60493e-02  8.82184e-02
 4.42246e-02  8.99249e-02
 4.36591e-02  8.74914e-02
 4.60493e-02  8.82184e-02

 4.30864e-02  9.32473e-02
 5.45510e-02  8.83555e-02
 5.30512e-02  9.03536e-02
 5.20707e-02  8.80557e-02
 5.45510e-02  8.83555e-02

 5.16863e-02  9.55889e-02
 5.98319e-02  9.13135e-02
 5.84967e-02  9.34251e-02
 5.73356e-02  9.12130e-02
 5.98319e-02  9.13135e-02

 5.91663e-02  9.66810e-02
 6.24361e-02  9.47417e-02
 6.12123e-02  9.69198e-02
 5.99379e-02  9.47710e-02
 6.24361e-02  9.47417e-02

 3.42262e-02  9.72525e-02
 4.54470e-02  9.42102e-02
 4.36856e-02  9.59820e-02
 4.30319e-02  9.35708e-02
 4.54470e-02  9.42102e-02

 4.29965e-02  9.99709e-02
 5.13964e-02  9.65720e-02
 4.98593e-02  9.85415e-02
 4.89222e-02  9.62256e-02
 5.13964e-02  9.65720e-02

 5.06554e-02  1.01436e-01
 5.39659e-02  9.98561e-02
 5.25512e-02  1.01915e-01
 5.14753e-02  9.96605e-02
 5.39659e-02  9.98561e-02

 3.39552e-02  1.03604e-01
 4.23668e-02  1.01622e-01
 4.05475e-02  1.03334e-01
 3.99744e-02  1.00902e-01
 4.23668e-02  1.01622e-01

 4.17692e-02  1.05453e-01
 4.52923e-02  1.04178e-01
 4.36826e-02  1.06089e-01
 4.28328e-02  1.03740e-01
 4.52923e-02  1.04178e-01

 3.25715e-02  1.08703e-01
 3.58054e-02  1.07846e-01
 3.40337e-02  1.09608e-01
 3.33940e-02  1.07192e-01
 3.58054e-02  1.07846e-01

 2.67687e-02  1.08827e-01
 3.17181e-02  1.07767e-01
 2.98640e-02  1.09442e-01
 2.93409e-02  1.06999e-01
 3.17181e-02  1.07767e-01

 2.19798e-02  1.09951e-01
 2.64943e-02  1.09243e-01
 2.45504e-02  1.10812e-01
 2.41632e-02  1.08344e-01
 2.64943e-02  1.09243e-01

 1.71443e-02  1.10855e-01
 2.11224e-02  1.10455e-01
 1.90945e-02  1.11914e-01
 1.88447e-02  1.09428e-01
 2.11224e-02  1.10455e-01

 1.22723e-02  1.11537e-01
 1.51136e-02  1.11475e-01
 1.29775e-02  1.12771e-01
 1.29235e-02  1.10273e-01
 1.51136e-02  1.11475e-01

 7.37400e-03  1.11995e-01
 9.72348e-03  1.12083e-01
 7.51462e-03  1.13250e-01
 7.60815e-03  1.10754e-01
 9.72348e-03  1.12083e-01

 2.45980e-03  1.12229e-01
 2.69790e-03  1.12592e-01
 4.66792e-04  1.11468e-01
 2.55592e-03  1.10098e-01
 2.69790e-03  1.12592e-01

 2.71017e-02  1.02773e-01
 3.69623e-02  1.01464e-01
 3.49819e-02  1.02987e-01
 3.46532e-02  1.00510e-01
 3.69623e-02  1.01464e-01

 2.22792e-02  1.04089e-01
 3.12587e-02  1.04048e-01
 2.91009e-02  1.05307e-01
 2.90894e-02  1.02809e-01
 3.12587e-02  1.04048e-01

 1.73943e-02  1.05152e-01
 2.51644e-02  1.06227e-01
 2.28499e-02  1.07168e-01
 2.31925e-02  1.04693e-01
 2.51644e-02  1.06227e-01

 1.24603e-02  1.05957e-01
 1.80523e-02  1.08129e-01
 1.55833e-02  1.08510e-01
 1.64877e-02  1.06181e-01
 1.80523e-02  1.08129e-01

 7.49085e-03  1.06504e-01
 1.15366e-02  1.09294e-01
 9.04633e-03  1.09094e-01
 1.04647e-02  1.07038e-01
 1.15366e-02  1.09294e-01

 2.49946e-03  1.06791e-01
 2.86861e-03  1.10848e-01
 1.42853e-03  1.08806e-01
 3.91658e-03  1.08580e-01
 2.86861e-03  1.10848e-01

 2.74372e-02  9.67195e-02
 3.84857e-02  9.54476e-02
 3.64792e-02  9.69360e-02
 3.61935e-02  9.44541e-02
 3.84857e-02  9.54476e-02

 2.25847e-02  9.82294e-02
 3.26212e-02  9.89131e-02
 3.03777e-02  1.00012e-01
 3.05475e-02  9.75198e-02
 3.26212e-02  9.89131e-02

 1.76516e-02  9.94515e-02
 2.62408e-02  1.02009e-01
 2.38107e-02  1.02589e-01
 2.45236e-02  1.00194e-01
 2.62408e-02  1.02009e-01

 1.26550e-02  1.00382e-01
 1.89465e-02  1.04566e-01
 1.64532e-02  1.04408e-01
 1.78366e-02  1.02327e-01
 1.89465e-02  1.04566e-01

 7.61220e-03  1.01016e-01
 1.17677e-02  1.06424e-01
 9.45886e-03  1.05470e-01
 1.14399e-02  1.03948e-01
 1.17677e-02  1.06424e-01

 2.54072e-03  1.01354e-01
 2.90845e-03  1.07136e-01
 1.52448e-03  1.05056e-01
 4.01777e-03  1.04897e-01
 2.90845e-03  1.07136e-01

 2.77751e-02  9.06670e-02
 3.78096e-02  9.07680e-02
 3.56335e-02  9.19953e-02
 3.56587e-02  8.94971e-02
 3.78096e-02  9.07680e-02

 2.28962e-02  9.23719e-02
 3.19943e-02  9.49902e-02
 2.95696e-02  9.55923e-02
 3.02606e-02  9.31914e-02
 3.19943e-02  9.49902e-02

 1.79161e-02  9.37548e-02
 2.55987e-02  9.87939e-02
 2.31044e-02  9.86518e-02
 2.44747e-02  9.65627e-02
 2.55987e-02  9.87939e-02

 1.28562e-02  9.48095e-02
 1.85691e-02  1.01932e-01
 1.62409e-02  1.01026e-01
 1.81897e-02  9.94624e-02
 1.85691e-02  1.01932e-01

 7.73804e-03  9.55317e-02
 1.14868e-02  1.04522e-01
 9.50114e-03  1.03006e-01
 1.18070e-02  1.02044e-01
 1.14868e-02  1.04522e-01

 2.58357e-03  9.59181e-02
 2.92352e-03  1.04891e-01
 1.59333e-03  1.02776e-01
 4.08987e-03  1.02681e-01
 2.92352e-03  1.04891e-01

 2.81154e-02  8.46152e-02
 3.54928e-02  8.63348e-02
 3.31021e-02  8.70602e-02
 3.36692e-02  8.46271e-02
 3.54928e-02  8.63348e-02

 2.32138e-02  8.65167e-02
 2.98061e-02  9.08315e-02
 2.73117e-02  9.06918e-02
 2.86799e-02  8.86015e-02
 2.98061e-02  9.08315e-02

 1.81879e-02  8.80613e-02
 2.35933e-02  9.49805e-02
 2.12770e-02  9.40445e-02
 2.32457e-02  9.25064e-02
 2.35933e-02  9.49805e-02

 1.30640e-02  8.92412e-02
 1.70998e-02  9.82086e-02
 1.50727e-02  9.67483e-02
 1.73509e-02  9.57230e-02
 1.70998e-02  9.82086e-02

 7.86837e-03  9.00500e-02
 1.04839e-02  1.01315e-01
 8.77774e-03  9.94899e-02
 1.12113e-02  9.89249e-02
 1.04839e-02  1.01315e-01

 2.62800e-03  9.04836e-02
 2.86767e-03  1.00949e-01
 1.56930e-03  9.88142e-02
 4.06697e-03  9.87570e-02
 2.86767e-03  1.00949e-01

 2.84583e-02  7.85641e-02
 3.23307e-02  8.27511e-02
 2.99446e-02  8.20108e-02
 3.17787e-02  8.03145e-02
 3.23307e-02  8.27511e-02

 2.35375e-02  8.06635e-02
 2.68078e-02  8.71442e-02
 2.47179e-02  8.57754e-02
 2.69483e-02  8.46498e-02
 2.68078e-02  8.71442e-02

 1.84671e-02  8.23712e-02
 2.08906e-02  9.13072e-02
 1.91187e-02  8.95460e-02
 2.15299e-02  8.88921e-02
 2.08906e-02  9.13072e-02

 1.32784e-02  8.36765e-02
 1.50896e-02  9.43504e-02
 1.34961e-02  9.24262e-02
 1.59592e-02  9.20082e-02
 1.50896e-02  9.43504e-02

 8.00317e-03  8.45714e-02
 9.11760e-03  9.77124e-02
 7.69007e-03  9.56621e-02
 1.01795e-02  9.54509e-02
 9.11760e-03  9.77124e-02

 2.67399e-03  8.50504e-02
 2.78536e-03  9.70656e-02
 1.51620e-03  9.49137e-02
 4.01441e-03  9.48905e-02
 2.78536e-03  9.70656e-02

 2.88037e-02  7.25137e-02
 2.84751e-02  7.92809e-02
 2.73324e-02  7.70593e-02
 2.98277e-02  7.71805e-02
 2.84751e-02  7.92809e-02

 2.38674e-02  7.48125e-02
 2.32543e-02  8.31929e-02
 2.21663e-02  8.09439e-02
 2.46580e-02  8.11262e-02
 2.32543e-02  8.31929e-02

 1.87537e-02  7.66844e-02
 1.77100e-02  8.69010e-02
 1.66872e-02  8.46216e-02
 1.91726e-02  8.48755e-02
 1.77100e-02  8.69010e-02

 1.34994e-02  7.81157e-02
 1.27193e-02  8.93479e-02
 1.16230e-02  8.71029e-02
 1.41153e-02  8.72760e-02
 1.27193e-02  8.93479e-02

 8.14243e-03  7.90961e-02
 7.43453e-03  9.25556e-02
 6.30073e-03  9.03293e-02
 8.79561e-03  9.04606e-02
 7.43453e-03  9.25556e-02

 2.72155e-03  7.96185e-02
 2.67010e-03  9.15528e-02
 1.43028e-03  8.93838e-02
 3.92858e-03  8.93946e-02
 2.67010e-03  9.15528e-02

 2.91516e-02  6.64640e-02
 2.39939e-02  7.59856e-02
 2.39260e-02  7.34882e-02
 2.61227e-02  7.46782e-02
 2.39939e-02  7.59856e-02

 2.42036e-02  6.89636e-02
 1.93413e-02  7.92617e-02
 1.91355e-02  7.67719e-02
 2.13947e-02  7.78385e-02
 1.93413e-02  7.92617e-02

 1.90476e-02  7.10008e-02
 1.43543e-02  8.21804e-02
 1.40400e-02  7.97019e-02
 1.63436e-02  8.06689e-02
 1.43543e-02  8.21804e-02

 1.37270e-02  7.25587e-02
 1.02733e-02  8.38179e-02
 9.71356e-03  8.13831e-02
 1.21020e-02  8.21157e-02
 1.02733e-02  8.38179e-02

 8.28615e-03  7.36240e-02
 5.72512e-03  8.65274e-02
 4.92107e-03  8.41620e-02
 7.37159e-03  8.46484e-02
 5.72512e-03  8.65274e-02

 2.77066e-03  7.41880e-02
 2.55359e-03  8.54584e-02
 1.34632e-03  8.32712e-02
 3.84419e-03  8.33193e-02
 2.55359e-03  8.54584e-02

 2.95021e-02  6.04150e-02
 1.95248e-02  7.22118e-02
 1.99682e-02  6.97532e-02
 2.18758e-02  7.13665e-02
 1.95248e-02  7.22118e-02

 2.45460e-02  6.31167e-02
 1.55191e-02  7.46405e-02
 1.58699e-02  7.21669e-02
 1.78367e-02  7.37076e-02
 1.55191e-02  7.46405e-02

 1.93491e-02  6.53207e-02
 1.12230e-02  7.65192e-02
 1.14827e-02  7.40344e-02
 1.35048e-02  7.55017e-02
 1.12230e-02  7.65192e-02

 1.39613e-02  6.70056e-02
 8.06123e-03  7.72138e-02
 8.06240e-03  7.47155e-02
 1.02254e-02  7.59656e-02
 8.06123e-03  7.72138e-02

 8.43432e-03  6.81554e-02
 4.20640e-03  7.91570e-02
 3.81651e-03  7.66893e-02
 6.14856e-03  7.75855e-02
 4.20640e-03  7.91570e-02

 2.82131e-03  6.87588e-02
 2.45048e-03  7.80898e-02
 1.28822e-03  7.58783e-02
 3.78458e-03  7.59775e-02
 2.45048e-03  7.80898e-02

 2.98552e-02  5.43666e-02
 1.65841e-02  6.73454e-02
 1.72575e-02  6.49395e-02
 1.90043e-02  6.67257e-02
 1.65841e-02  6.73454e-02

 2.48948e-02  5.72719e-02
 1.30567e-02  6.87884e-02
 1.37365e-02  6.63843e-02
 1.54786e-02  6.81751e-02
 1.30567e-02  6.87884e-02

 1.96580e-02  5.96439e-02
 9.29599e-03  6.96322e-02
 9.98681e-03  6.72313e-02
 1.17207e-02  6.90300e-02
 9.29599e-03  6.96322e-02

 1.42022e-02  6.14566e-02
 6.71850e-03  6.95846e-02
 7.26505e-03  6.71468e-02
 9.10298e-03  6.88391e-02
 6.71850e-03  6.95846e-02

 8.58693e-03  6.26901e-02
 3.29023e-03  7.07437e-02
 3.43544e-03  6.82496e-02
 5.52279e-03  6.96224e-02
 3.29023e-03  7.07437e-02

 2.87349e-03  6.33311e-02
 2.39609e-03  6.99681e-02
 1.30537e-03  6.77205e-02
 3.79726e-03  6.78997e-02
 2.39609e-03  6.99681e-02

 3.02108e-02  4.83188e-02
 1.66244e-02  6.03849e-02
 1.74127e-02  5.80142e-02
 1.90717e-02  5.98822e-02
 1.66244e-02  6.03849e-02

 2.52499e-02  5.14291e-02
 1.34703e-02  6.12899e-02
 1.43275e-02  5.89433e-02
 1.59312e-02  6.08590e-02
 1.34703e-02  6.12899e-02

 1.99746e-02  5.39705e-02
 9.95629e-03  6.16753e-02
 1.09098e-02  5.93661e-02
 1.24329e-02  6.13465e-02
 9.95629e-03  6.16753e-02

 1.44499e-02  5.59116e-02
 7.26846e-03  6.15028e-02
 8.20826e-03  5.91880e-02
 9.74305e-03  6.11593e-02
 7.26846e-03  6.15028e-02

 8.74398e-03  5.72284e-02
 3.58718e-03  6.21659e-02
 4.28607e-03  5.97673e-02
 6.01386e-03  6.15718e-02
 3.58718e-03  6.21659e-02

 2.92720e-03  5.79048e-02
 2.44167e-03  6.18871e-02
 1.46354e-03  5.95882e-02
 3.94350e-03  5.98906e-02
 2.44167e-03  6.18871e-02

 3.05691e-02  4.22715e-02
 2.28663e-02  4.87527e-02
 2.37176e-02  4.64039e-02
 2.53261e-02  4.83156e-02
 2.28663e-02  4.87527e-02

 2.56115e-02  4.55882e-02
 1.88295e-02  5.00425e-02
 1.99522e-02  4.78106e-02
 2.13237e-02  4.98988e-02
 1.88295e-02  5.00425e-02

 2.02987e-02  4.83004e-02
 1.45593e-02  5.12645e-02
 1.59085e-02  4.91618e-02
 1.70549e-02  5.13816e-02
 1.45593e-02  5.12645e-02

 1.47043e-02  5.03707e-02
 1.05523e-02  5.20193e-02
 1.21022e-02  5.00598e-02
 1.30242e-02  5.23818e-02
 1.05523e-02  5.20193e-02

 8.90546e-03  5.17703e-02
 5.84077e-03  5.27417e-02
 7.52585e-03  5.08972e-02
 8.28068e-03  5.32787e-02
 5.84077e-03  5.27417e-02

 2.98242e-03  5.24799e-02
 2.61371e-03  5.28914e-02
 3.12741e-03  5.04464e-02
 4.98794e-03  5.21138e-02
 2.61371e-03  5.28914e-02

