#[ Fluid velocity 2D plot data file: flw.dat ]
 2.45980e-03 -1.12229e-01
 2.46074e-03 -1.12229e-01
 2.71097e-04 -1.11026e-01
 3.24125e-04 -1.13524e-01
 2.46074e-03 -1.12229e-01

 7.37400e-03 -1.11995e-01
 6.46501e-03 -1.12053e-01
 8.70373e-03 -1.13162e-01
 8.54475e-03 -1.10669e-01
 6.46501e-03 -1.12053e-01

 1.22723e-02 -1.11537e-01
 1.10061e-02 -1.11671e-01
 1.32898e-02 -1.12684e-01
 1.30252e-02 -1.10200e-01
 1.10061e-02 -1.11671e-01

 1.71443e-02 -1.10855e-01
 1.52344e-02 -1.11141e-01
 1.75591e-02 -1.12056e-01
 1.71893e-02 -1.09585e-01
 1.52344e-02 -1.11141e-01

 2.19798e-02 -1.09951e-01
 1.96292e-02 -1.10405e-01
 2.19907e-02 -1.11221e-01
 2.15163e-02 -1.08768e-01
 1.96292e-02 -1.10405e-01

 2.67687e-02 -1.08827e-01
 2.39521e-02 -1.09497e-01
 2.63460e-02 -1.10211e-01
 2.57680e-02 -1.07781e-01
 2.39521e-02 -1.09497e-01

 2.49946e-03 -1.06791e-01
 2.49946e-03 -1.06102e-01
 1.25030e-03 -1.08266e-01
 3.74862e-03 -1.08266e-01
 2.49946e-03 -1.06102e-01

 7.49085e-03 -1.06504e-01
 4.97603e-03 -1.05799e-01
 6.72186e-03 -1.07586e-01
 7.39662e-03 -1.05180e-01
 4.97603e-03 -1.05799e-01

 1.24603e-02 -1.05957e-01
 8.96968e-03 -1.05586e-01
 1.09888e-02 -1.07057e-01
 1.12534e-02 -1.04573e-01
 8.96968e-03 -1.05586e-01

 1.73943e-02 -1.05152e-01
 1.24209e-02 -1.05072e-01
 1.45643e-02 -1.06356e-01
 1.46042e-02 -1.03858e-01
 1.24209e-02 -1.05072e-01

 2.22792e-02 -1.04089e-01
 1.64501e-02 -1.04626e-01
 1.87191e-02 -1.05671e-01
 1.84901e-02 -1.03183e-01
 1.64501e-02 -1.04626e-01

 2.71017e-02 -1.02773e-01
 2.04999e-02 -1.03931e-01
 2.28468e-02 -1.04788e-01
 2.24150e-02 -1.02327e-01
 2.04999e-02 -1.03931e-01

 2.54072e-03 -1.01354e-01
 2.54072e-03 -9.83084e-02
 1.29156e-03 -1.00472e-01
 3.78988e-03 -1.00472e-01
 2.54072e-03 -9.83084e-02

 7.61220e-03 -1.01016e-01
 4.01261e-03 -9.79183e-02
 4.83757e-03 -1.00276e-01
 6.46734e-03 -9.83829e-02
 4.01261e-03 -9.79183e-02

 1.26550e-02 -1.00382e-01
 7.62935e-03 -9.83069e-02
 9.15258e-03 -1.00287e-01
 1.01059e-02 -9.79779e-02
 7.62935e-03 -9.83069e-02

 1.76516e-02 -9.94515e-02
 1.05986e-02 -9.81929e-02
 1.25091e-02 -9.98027e-02
 1.29480e-02 -9.73432e-02
 1.05986e-02 -9.81929e-02

 2.25847e-02 -9.82294e-02
 1.45153e-02 -9.83268e-02
 1.66939e-02 -9.95497e-02
 1.66637e-02 -9.70516e-02
 1.45153e-02 -9.83268e-02

 2.74372e-02 -9.67195e-02
 1.84427e-02 -9.79078e-02
 2.07513e-02 -9.88628e-02
 2.04240e-02 -9.63860e-02
 1.84427e-02 -9.79078e-02

 2.58357e-03 -9.59181e-02
 2.58357e-03 -9.13449e-02
 1.33441e-03 -9.35085e-02
 3.83273e-03 -9.35085e-02
 2.58357e-03 -9.13449e-02

 7.73804e-03 -9.55317e-02
 3.16711e-03 -9.06112e-02
 3.72448e-03 -9.30466e-02
 5.55487e-03 -9.13462e-02
 3.16711e-03 -9.06112e-02

 1.28562e-02 -9.48095e-02
 6.53118e-03 -9.13679e-02
 7.83460e-03 -9.34992e-02
 9.02871e-03 -9.13047e-02
 6.53118e-03 -9.13679e-02

 1.79161e-02 -9.37548e-02
 9.27816e-03 -9.15313e-02
 1.10621e-02 -9.32804e-02
 1.16849e-02 -9.08609e-02
 9.27816e-03 -9.15313e-02

 2.28962e-02 -9.23719e-02
 1.32761e-02 -9.21226e-02
 1.54066e-02 -9.34274e-02
 1.54714e-02 -9.09299e-02
 1.32761e-02 -9.21226e-02

 2.77751e-02 -9.06670e-02
 1.72164e-02 -9.18214e-02
 1.95030e-02 -9.28280e-02
 1.92314e-02 -9.03445e-02
 1.72164e-02 -9.18214e-02

 2.62800e-03 -9.04836e-02
 2.62800e-03 -8.22017e-02
 1.37883e-03 -8.43653e-02
 3.87716e-03 -8.43653e-02
 2.62800e-03 -8.22017e-02

 7.86837e-03 -9.00500e-02
 2.85223e-03 -8.13935e-02
 2.85620e-03 -8.38919e-02
 5.01782e-03 -8.26393e-02
 2.85223e-03 -8.13935e-02

 1.30640e-02 -8.92412e-02
 6.22656e-03 -8.32354e-02
 7.02777e-03 -8.56018e-02
 8.67650e-03 -8.37247e-02
 6.22656e-03 -8.32354e-02

 1.81879e-02 -8.80613e-02
 9.08280e-03 -8.41577e-02
 1.05791e-02 -8.61584e-02
 1.15636e-02 -8.38622e-02
 9.08280e-03 -8.41577e-02

 2.32138e-02 -8.65167e-02
 1.32557e-02 -8.54179e-02
 1.52693e-02 -8.68969e-02
 1.55433e-02 -8.44136e-02
 1.32557e-02 -8.54179e-02

 2.81154e-02 -8.46152e-02
 1.73084e-02 -8.52868e-02
 1.95454e-02 -8.63993e-02
 1.93904e-02 -8.39058e-02
 1.73084e-02 -8.52868e-02

 2.67399e-03 -8.50504e-02
 2.67399e-03 -7.50509e-02
 1.42483e-03 -7.72145e-02
 3.92316e-03 -7.72145e-02
 2.67399e-03 -7.50509e-02

 8.00317e-03 -8.45714e-02
 3.25710e-03 -7.38119e-02
 2.98739e-03 -7.62956e-02
 5.27321e-03 -7.52873e-02
 3.25710e-03 -7.38119e-02

 1.32784e-02 -8.36765e-02
 6.85067e-03 -7.62325e-02
 7.31923e-03 -7.86865e-02
 9.21017e-03 -7.70537e-02
 6.85067e-03 -7.62325e-02

 1.84671e-02 -8.23712e-02
 1.00158e-02 -7.73995e-02
 1.12473e-02 -7.95733e-02
 1.25140e-02 -7.74199e-02
 1.00158e-02 -7.73995e-02

 2.35375e-02 -8.06635e-02
 1.44661e-02 -7.87752e-02
 1.63297e-02 -8.04391e-02
 1.68389e-02 -7.79932e-02
 1.44661e-02 -7.87752e-02

 2.84583e-02 -7.85641e-02
 1.87918e-02 -7.84934e-02
 2.09462e-02 -7.97583e-02
 2.09645e-02 -7.72601e-02
 1.87918e-02 -7.84934e-02

 2.72155e-03 -7.96185e-02
 2.72155e-03 -6.60042e-02
 1.47239e-03 -6.81678e-02
 3.97072e-03 -6.81678e-02
 2.72155e-03 -6.60042e-02

 8.14243e-03 -7.90961e-02
 4.58981e-03 -6.47090e-02
 3.89576e-03 -6.71090e-02
 6.32123e-03 -6.65100e-02
 4.58981e-03 -6.47090e-02

 1.34994e-02 -7.81157e-02
 8.69134e-03 -6.79667e-02
 8.48876e-03 -7.04568e-02
 1.07465e-02 -6.93872e-02
 8.69134e-03 -6.79667e-02

 1.87537e-02 -7.66844e-02
 1.26568e-02 -6.96748e-02
 1.31342e-02 -7.21271e-02
 1.50192e-02 -7.04875e-02
 1.26568e-02 -6.96748e-02

 2.38674e-02 -7.48125e-02
 1.76086e-02 -7.13044e-02
 1.88852e-02 -7.34519e-02
 2.01067e-02 -7.12726e-02
 1.76086e-02 -7.13044e-02

 2.88037e-02 -7.25137e-02
 2.24677e-02 -7.08546e-02
 2.42443e-02 -7.26111e-02
 2.48772e-02 -7.01943e-02
 2.24677e-02 -7.08546e-02

 2.77066e-03 -7.41880e-02
 2.77066e-03 -6.04949e-02
 1.52150e-03 -6.26585e-02
 4.01982e-03 -6.26585e-02
 2.77066e-03 -6.04949e-02

 8.28615e-03 -7.36240e-02
 6.86545e-03 -5.85067e-02
 5.82421e-03 -6.07777e-02
 8.31157e-03 -6.05439e-02
 6.86545e-03 -5.85067e-02

 1.37270e-02 -7.25587e-02
 1.18517e-02 -6.17512e-02
 1.09909e-02 -6.40965e-02
 1.34524e-02 -6.36694e-02
 1.18517e-02 -6.17512e-02

 1.90476e-02 -7.10008e-02
 1.68597e-02 -6.31421e-02
 1.62366e-02 -6.55615e-02
 1.86434e-02 -6.48914e-02
 1.68597e-02 -6.31421e-02

 2.42036e-02 -6.89636e-02
 2.24330e-02 -6.40451e-02
 2.19905e-02 -6.65040e-02
 2.43412e-02 -6.56578e-02
 2.24330e-02 -6.40451e-02

 2.91516e-02 -6.64640e-02
 2.78219e-02 -6.28550e-02
 2.73978e-02 -6.53170e-02
 2.97420e-02 -6.44533e-02
 2.78219e-02 -6.28550e-02

 2.82131e-03 -6.87588e-02
 2.82131e-03 -5.33986e-02
 1.57215e-03 -5.55622e-02
 4.07047e-03 -5.55622e-02
 2.82131e-03 -5.33986e-02

 8.43432e-03 -6.81554e-02
 1.02491e-02 -5.14591e-02
 8.77346e-03 -5.34750e-02
 1.12572e-02 -5.37450e-02
 1.02491e-02 -5.14591e-02

 1.39613e-02 -6.70056e-02
 1.65533e-02 -5.42962e-02
 1.48970e-02 -5.61665e-02
 1.73449e-02 -5.66658e-02
 1.65533e-02 -5.42962e-02

 1.93491e-02 -6.53207e-02
 2.31166e-02 -5.54880e-02
 2.11760e-02 -5.70615e-02
 2.35089e-02 -5.79554e-02
 2.31166e-02 -5.54880e-02

 2.45460e-02 -6.31167e-02
 2.93303e-02 -5.57677e-02
 2.71030e-02 -5.68994e-02
 2.91967e-02 -5.82624e-02
 2.93303e-02 -5.57677e-02

 2.95021e-02 -6.04150e-02
 3.54174e-02 -5.37947e-02
 3.30443e-02 -5.45758e-02
 3.49073e-02 -5.62404e-02
 3.54174e-02 -5.37947e-02

 2.87349e-03 -6.33311e-02
 2.87349e-03 -5.18313e-02
 1.62433e-03 -5.39949e-02
 4.12265e-03 -5.39949e-02
 2.87349e-03 -5.18313e-02

 8.58693e-03 -6.26901e-02
 1.39985e-02 -4.90633e-02
 1.20390e-02 -5.06131e-02
 1.43609e-02 -5.15352e-02
 1.39985e-02 -4.90633e-02

 1.42022e-02 -6.14566e-02
 2.19078e-02 -5.03538e-02
 1.96480e-02 -5.14190e-02
 2.17004e-02 -5.28435e-02
 2.19078e-02 -5.03538e-02

 1.96580e-02 -5.96439e-02
 3.00291e-02 -4.98015e-02
 2.75998e-02 -5.03848e-02
 2.93196e-02 -5.21969e-02
 3.00291e-02 -4.98015e-02

 2.48948e-02 -5.72719e-02
 3.66599e-02 -4.81705e-02
 3.41842e-02 -4.85063e-02
 3.57129e-02 -5.04824e-02
 3.66599e-02 -4.81705e-02

 2.98552e-02 -5.43666e-02
 4.28322e-02 -4.48624e-02
 4.03486e-02 -4.51330e-02
 4.18248e-02 -4.71486e-02
 4.28322e-02 -4.48624e-02

 2.92720e-03 -5.79048e-02
 2.92720e-03 -4.78697e-02
 1.67803e-03 -5.00333e-02
 4.17636e-03 -5.00333e-02
 2.92720e-03 -4.78697e-02

 8.74398e-03 -5.72284e-02
 1.78351e-02 -4.60302e-02
 1.55016e-02 -4.69226e-02
 1.74413e-02 -4.84973e-02
 1.78351e-02 -4.60302e-02

 1.44499e-02 -5.59116e-02
 2.72655e-02 -4.52472e-02
 2.48034e-02 -4.56710e-02
 2.64014e-02 -4.75914e-02
 2.72655e-02 -4.52472e-02

 1.99746e-02 -5.39705e-02
 3.65687e-02 -4.36236e-02
 3.40718e-02 -4.37084e-02
 3.53937e-02 -4.58284e-02
 3.65687e-02 -4.36236e-02

 2.52499e-02 -5.14291e-02
 4.27292e-02 -4.03710e-02
 4.02329e-02 -4.04721e-02
 4.15686e-02 -4.25834e-02
 4.27292e-02 -4.03710e-02

 3.02108e-02 -4.83188e-02
 4.88591e-02 -3.63300e-02
 4.63636e-02 -3.64493e-02
 4.77146e-02 -3.85508e-02
 4.88591e-02 -3.63300e-02

 2.98242e-03 -5.24799e-02
 3.09184e-03 -5.24733e-02
 8.56750e-04 -5.13571e-02
 1.00760e-03 -5.38508e-02
 3.09184e-03 -5.24733e-02

 8.90546e-03 -5.17703e-02
 1.67694e-02 -5.03292e-02
 1.44161e-02 -4.94905e-02
 1.48664e-02 -5.19479e-02
 1.67694e-02 -5.03292e-02

 1.47043e-02 -5.03707e-02
 2.50511e-02 -4.71466e-02
 2.26138e-02 -4.65977e-02
 2.33571e-02 -4.89829e-02
 2.50511e-02 -4.71466e-02

 2.02987e-02 -4.83004e-02
 3.34142e-02 -4.23977e-02
 3.09285e-02 -4.21465e-02
 3.19539e-02 -4.44247e-02
 3.34142e-02 -4.23977e-02

 2.56115e-02 -4.55882e-02
 3.82770e-02 -3.79316e-02
 3.57792e-02 -3.79819e-02
 3.70716e-02 -4.01199e-02
 3.82770e-02 -3.79316e-02

 3.05691e-02 -4.22715e-02
 4.36633e-02 -3.20129e-02
 4.11898e-02 -3.23639e-02
 4.27305e-02 -3.43306e-02
 4.36633e-02 -3.20129e-02

 3.62105e-02 -4.03946e-02
 5.25938e-02 -2.31225e-02
 5.01985e-02 -2.38326e-02
 5.20111e-02 -2.55519e-02
 5.25938e-02 -2.31225e-02

 3.59826e-02 -4.67171e-02
 5.26983e-02 -3.41945e-02
 5.02178e-02 -3.44920e-02
 5.17157e-02 -3.64915e-02
 5.26983e-02 -3.41945e-02

 3.57546e-02 -5.30396e-02
 4.66031e-02 -4.38608e-02
 4.41445e-02 -4.43047e-02
 4.57582e-02 -4.62119e-02
 4.66031e-02 -4.38608e-02

 3.55267e-02 -5.93621e-02
 3.92074e-02 -5.54228e-02
 3.68176e-02 -5.61509e-02
 3.86430e-02 -5.78565e-02
 3.92074e-02 -5.54228e-02

 3.52987e-02 -6.56846e-02
 3.19275e-02 -6.46329e-02
 3.36209e-02 -6.64697e-02
 3.43649e-02 -6.40848e-02
 3.19275e-02 -6.46329e-02

 3.50707e-02 -7.20071e-02
 2.70726e-02 -7.35452e-02
 2.94332e-02 -7.43633e-02
 2.89614e-02 -7.19099e-02
 2.70726e-02 -7.35452e-02

 3.48428e-02 -7.83296e-02
 2.40658e-02 -8.09601e-02
 2.64639e-02 -8.16606e-02
 2.58715e-02 -7.92335e-02
 2.40658e-02 -8.09601e-02

 3.46148e-02 -8.46521e-02
 2.32062e-02 -8.77536e-02
 2.56218e-02 -8.83914e-02
 2.49664e-02 -8.59806e-02
 2.32062e-02 -8.77536e-02

 3.43869e-02 -9.09746e-02
 2.37553e-02 -9.38527e-02
 2.61701e-02 -9.44931e-02
 2.55173e-02 -9.20816e-02
 2.37553e-02 -9.38527e-02

 3.41589e-02 -9.72971e-02
 2.55619e-02 -9.96747e-02
 2.79802e-02 -1.00302e-01
 2.73143e-02 -9.78940e-02
 2.55619e-02 -9.96747e-02

 3.39310e-02 -1.03620e-01
 2.85026e-02 -1.05185e-01
 3.09276e-02 -1.05786e-01
 3.02355e-02 -1.03385e-01
 2.85026e-02 -1.05185e-01

 3.25715e-02 -1.08703e-01
 3.07994e-02 -1.09287e-01
 3.32454e-02 -1.09796e-01
 3.24633e-02 -1.07423e-01
 3.07994e-02 -1.09287e-01

 4.27359e-02 -4.02461e-02
 5.71032e-02 -2.18190e-02
 5.47878e-02 -2.27572e-02
 5.67580e-02 -2.42933e-02
 5.71032e-02 -2.18190e-02

 4.27526e-02 -4.68905e-02
 5.29428e-02 -3.62182e-02
 5.05452e-02 -3.69204e-02
 5.23521e-02 -3.86457e-02
 5.29428e-02 -3.62182e-02

 4.27694e-02 -5.35349e-02
 4.71080e-02 -4.78757e-02
 4.48002e-02 -4.88328e-02
 4.67830e-02 -5.03528e-02
 4.71080e-02 -4.78757e-02

 4.27862e-02 -6.01793e-02
 4.04955e-02 -6.04612e-02
 4.27955e-02 -6.14367e-02
 4.24903e-02 -5.89571e-02
 4.04955e-02 -6.04612e-02

 4.28029e-02 -6.68237e-02
 3.51933e-02 -6.98526e-02
 3.76655e-02 -7.02131e-02
 3.67415e-02 -6.78919e-02
 3.51933e-02 -6.98526e-02

 4.28197e-02 -7.34681e-02
 3.19540e-02 -7.84382e-02
 3.44411e-02 -7.86742e-02
 3.34019e-02 -7.64023e-02
 3.19540e-02 -7.84382e-02

 4.28364e-02 -8.01124e-02
 3.08932e-02 -8.54179e-02
 3.33776e-02 -8.56811e-02
 3.23634e-02 -8.33979e-02
 3.08932e-02 -8.54179e-02

 4.28532e-02 -8.67568e-02
 3.16180e-02 -9.16138e-02
 3.40996e-02 -9.19019e-02
 3.31083e-02 -8.96087e-02
 3.16180e-02 -9.16138e-02

 4.28699e-02 -9.34012e-02
 3.36254e-02 -9.71979e-02
 3.61014e-02 -9.75315e-02
 3.51522e-02 -9.52205e-02
 3.36254e-02 -9.71979e-02

 4.28867e-02 -1.00046e-01
 3.69092e-02 -1.02382e-01
 3.93791e-02 -1.02758e-01
 3.84696e-02 -1.00431e-01
 3.69092e-02 -1.02382e-01

 4.17449e-02 -1.05468e-01
 3.96579e-02 -1.06359e-01
 4.21381e-02 -1.06659e-01
 4.11576e-02 -1.04361e-01
 3.96579e-02 -1.06359e-01

 4.92708e-02 -4.00910e-02
 5.69376e-02 -2.66113e-02
 5.47821e-02 -2.78744e-02
 5.69538e-02 -2.91096e-02
 5.69376e-02 -2.66113e-02

 4.95512e-02 -4.70442e-02
 5.28410e-02 -4.15739e-02
 5.06555e-02 -4.27842e-02
 5.27965e-02 -4.40718e-02
 5.28410e-02 -4.15739e-02

 4.98317e-02 -5.39974e-02
 4.78922e-02 -5.40986e-02
 5.01180e-02 -5.52333e-02
 4.99877e-02 -5.27383e-02
 4.78922e-02 -5.40986e-02

 5.01122e-02 -6.09505e-02
 4.29457e-02 -6.58525e-02
 4.54368e-02 -6.56620e-02
 4.40263e-02 -6.35999e-02
 4.29457e-02 -6.58525e-02

 5.03927e-02 -6.79037e-02
 3.99004e-02 -7.48880e-02
 4.23937e-02 -7.47289e-02
 4.10093e-02 -7.26492e-02
 3.99004e-02 -7.48880e-02

 5.06731e-02 -7.48568e-02
 3.87559e-02 -8.26031e-02
 4.12507e-02 -8.24713e-02
 3.98892e-02 -8.03766e-02
 3.87559e-02 -8.26031e-02

 5.09536e-02 -8.18100e-02
 3.96287e-02 -8.87566e-02
 4.21261e-02 -8.86901e-02
 4.08199e-02 -8.65605e-02
 3.96287e-02 -8.87566e-02

 5.12341e-02 -8.87631e-02
 4.19233e-02 -9.42155e-02
 4.44216e-02 -9.42001e-02
 4.31591e-02 -9.20442e-02
 4.19233e-02 -9.42155e-02

 5.15146e-02 -9.57163e-02
 4.55051e-02 -9.90625e-02
 4.80031e-02 -9.91013e-02
 4.67877e-02 -9.69186e-02
 4.55051e-02 -9.90625e-02

 5.06129e-02 -1.01466e-01
 4.83763e-02 -1.02654e-01
 5.08731e-02 -1.02742e-01
 4.97012e-02 -1.00536e-01
 4.83763e-02 -1.02654e-01

 5.58147e-02 -3.99288e-02
 5.62947e-02 -3.51173e-02
 5.48370e-02 -3.71462e-02
 5.73230e-02 -3.73942e-02
 5.62947e-02 -3.51173e-02

 5.63771e-02 -4.71764e-02
 5.35515e-02 -4.89716e-02
 5.60476e-02 -4.88657e-02
 5.47078e-02 -4.67569e-02
 5.35515e-02 -4.89716e-02

 5.69395e-02 -5.44239e-02
 5.02537e-02 -6.09081e-02
 5.26765e-02 -6.02985e-02
 5.09372e-02 -5.85051e-02
 5.02537e-02 -6.09081e-02

 5.75018e-02 -6.16715e-02
 4.74403e-02 -7.08419e-02
 4.98809e-02 -7.03076e-02
 4.81980e-02 -6.84612e-02
 4.74403e-02 -7.08419e-02

 5.80642e-02 -6.89191e-02
 4.65322e-02 -7.85888e-02
 4.89927e-02 -7.81559e-02
 4.73875e-02 -7.62415e-02
 4.65322e-02 -7.85888e-02

 5.86266e-02 -7.61666e-02
 4.74398e-02 -8.49100e-02
 4.99138e-02 -8.45619e-02
 4.83753e-02 -8.25935e-02
 4.74398e-02 -8.49100e-02

 5.91890e-02 -8.34142e-02
 4.99991e-02 -9.00610e-02
 5.24843e-02 -8.98052e-02
 5.10202e-02 -8.77809e-02
 4.99991e-02 -9.00610e-02

 5.97513e-02 -9.06618e-02
 5.38131e-02 -9.46818e-02
 5.63050e-02 -9.45033e-02
 5.49045e-02 -9.24345e-02
 5.38131e-02 -9.46818e-02

 5.91113e-02 -9.67234e-02
 5.69333e-02 -9.81291e-02
 5.94285e-02 -9.80054e-02
 5.80738e-02 -9.59063e-02
 5.69333e-02 -9.81291e-02

 6.23673e-02 -3.97588e-02
 5.81379e-02 -4.40047e-02
 6.05498e-02 -4.33534e-02
 5.87798e-02 -4.15902e-02
 5.81379e-02 -4.40047e-02

 6.32289e-02 -4.72853e-02
 5.66283e-02 -5.58448e-02
 5.89387e-02 -5.48942e-02
 5.69603e-02 -5.33686e-02
 5.66283e-02 -5.58448e-02

 6.40904e-02 -5.48117e-02
 5.50452e-02 -6.57464e-02
 5.73868e-02 -6.48755e-02
 5.54618e-02 -6.32830e-02
 5.50452e-02 -6.57464e-02

 6.49519e-02 -6.23382e-02
 5.43296e-02 -7.38587e-02
 5.67146e-02 -7.31148e-02
 5.48778e-02 -7.14213e-02
 5.43296e-02 -7.38587e-02

 6.58135e-02 -6.98647e-02
 5.53330e-02 -8.01875e-02
 5.77510e-02 -7.95592e-02
 5.59979e-02 -7.77793e-02
 5.53330e-02 -8.01875e-02

 6.66750e-02 -7.73911e-02
 5.79244e-02 -8.53518e-02
 6.03654e-02 -8.48199e-02
 5.86842e-02 -8.29718e-02
 5.79244e-02 -8.53518e-02

 6.75366e-02 -8.49176e-02
 6.19283e-02 -8.96752e-02
 6.43863e-02 -8.92281e-02
 6.27701e-02 -8.73229e-02
 6.19283e-02 -8.96752e-02

 6.71786e-02 -9.12750e-02
 6.50483e-02 -9.29217e-02
 6.75241e-02 -9.25868e-02
 6.59962e-02 -9.06101e-02
 6.50483e-02 -9.29217e-02

 6.89281e-02 -3.95805e-02
 6.25286e-02 -4.99742e-02
 6.47267e-02 -4.87868e-02
 6.25993e-02 -4.74769e-02
 6.25286e-02 -4.99742e-02

 7.01050e-02 -4.73692e-02
 6.20542e-02 -5.95963e-02
 6.42874e-02 -5.84762e-02
 6.22007e-02 -5.71022e-02
 6.20542e-02 -5.95963e-02

 7.12820e-02 -5.51580e-02
 6.19063e-02 -6.77723e-02
 6.41995e-02 -6.67809e-02
 6.21944e-02 -6.52906e-02
 6.19063e-02 -6.77723e-02

 7.24590e-02 -6.29467e-02
 6.28155e-02 -7.44730e-02
 6.51619e-02 -7.36151e-02
 6.32458e-02 -7.20120e-02
 6.28155e-02 -7.44730e-02

 7.36360e-02 -7.07355e-02
 6.54063e-02 -7.96612e-02
 6.77913e-02 -7.89173e-02
 6.59545e-02 -7.72238e-02
 6.54063e-02 -7.96612e-02

 7.48130e-02 -7.85242e-02
 6.94896e-02 -8.38394e-02
 7.19032e-02 -8.31947e-02
 7.01380e-02 -8.14267e-02
 6.94896e-02 -8.38394e-02

 7.47565e-02 -8.51596e-02
 7.27934e-02 -8.69627e-02
 7.52319e-02 -8.64191e-02
 7.35418e-02 -8.45792e-02
 7.27934e-02 -8.69627e-02

 7.54964e-02 -3.93933e-02
 6.84451e-02 -5.23109e-02
 7.05782e-02 -5.10103e-02
 6.83853e-02 -4.98133e-02
 6.84451e-02 -5.23109e-02

 7.70041e-02 -4.74267e-02
 6.88293e-02 -6.06791e-02
 7.10284e-02 -5.94934e-02
 6.89020e-02 -5.81818e-02
 6.88293e-02 -6.06791e-02

 7.85117e-02 -5.54601e-02
 6.98980e-02 -6.77708e-02
 7.21619e-02 -6.67142e-02
 7.01149e-02 -6.52819e-02
 6.98980e-02 -6.77708e-02

 8.00193e-02 -6.34934e-02
 7.23992e-02 -7.33451e-02
 7.47110e-02 -7.23979e-02
 7.27349e-02 -7.08694e-02
 7.23992e-02 -7.33451e-02

 8.15270e-02 -7.15268e-02
 7.65618e-02 -7.74248e-02
 7.89108e-02 -7.65741e-02
 7.69996e-02 -7.49652e-02
 7.65618e-02 -7.74248e-02

 8.17899e-02 -7.84212e-02
 7.99622e-02 -8.04111e-02
 8.23457e-02 -7.96627e-02
 8.05058e-02 -7.79727e-02
 7.99622e-02 -8.04111e-02

 8.20718e-02 -3.91969e-02
 7.50498e-02 -5.27003e-02
 7.71562e-02 -5.13570e-02
 7.49397e-02 -5.02044e-02
 7.50498e-02 -5.27003e-02

 8.39242e-02 -4.74562e-02
 7.62711e-02 -6.03481e-02
 7.84497e-02 -5.91253e-02
 7.63014e-02 -5.78499e-02
 7.62711e-02 -6.03481e-02

 8.57766e-02 -5.57156e-02
 7.87778e-02 -6.63197e-02
 8.10122e-02 -6.52021e-02
 7.89270e-02 -6.38259e-02
 7.87778e-02 -6.63197e-02

 8.76290e-02 -6.39750e-02
 8.29246e-02 -7.04639e-02
 8.52059e-02 -6.94454e-02
 8.31832e-02 -6.79789e-02
 8.29246e-02 -7.04639e-02

 8.82279e-02 -7.11080e-02
 8.65508e-02 -7.32778e-02
 8.88623e-02 -7.23299e-02
 8.68857e-02 -7.08020e-02
 8.65508e-02 -7.32778e-02

 8.86536e-02 -3.89906e-02
 8.19978e-02 -5.23627e-02
 8.40802e-02 -5.09824e-02
 8.18436e-02 -4.98691e-02
 8.19978e-02 -5.23627e-02

 9.08637e-02 -4.74565e-02
 8.44834e-02 -5.89136e-02
 8.66274e-02 -5.76310e-02
 8.44447e-02 -5.64155e-02
 8.44834e-02 -5.89136e-02

 9.30737e-02 -5.59224e-02
 8.86434e-02 -6.30915e-02
 9.08434e-02 -6.19077e-02
 8.87181e-02 -6.05943e-02
 8.86434e-02 -6.30915e-02

 9.40239e-02 -6.32726e-02
 9.24515e-02 -6.57090e-02
 9.46743e-02 -6.45685e-02
 9.25752e-02 -6.32137e-02
 9.24515e-02 -6.57090e-02

 9.52413e-02 -3.87743e-02
 8.96183e-02 -5.10236e-02
 9.16562e-02 -4.95784e-02
 8.93857e-02 -4.85361e-02
 8.96183e-02 -5.10236e-02

 9.78206e-02 -4.74263e-02
 9.36788e-02 -5.53872e-02
 9.57856e-02 -5.40444e-02
 9.35693e-02 -5.28913e-02
 9.36788e-02 -5.53872e-02

 9.91357e-02 -5.49712e-02
 9.76895e-02 -5.76944e-02
 9.98075e-02 -5.63695e-02
 9.76011e-02 -5.51976e-02
 9.76895e-02 -5.76944e-02

 1.01834e-01 -3.85474e-02
 9.81653e-02 -4.73747e-02
 1.00149e-01 -4.58562e-02
 9.78422e-02 -4.48974e-02
 9.81653e-02 -4.73747e-02

 1.03526e-01 -4.62635e-02
 1.02175e-01 -4.94296e-02
 1.04173e-01 -4.79299e-02
 1.01875e-01 -4.69494e-02
 1.02175e-01 -4.94296e-02

 1.07163e-01 -3.72121e-02
 1.06062e-01 -4.05526e-02
 1.07926e-01 -3.88888e-02
 1.05553e-01 -3.81067e-02
 1.06062e-01 -4.05526e-02

 1.07478e-01 -3.14796e-02
 1.05842e-01 -3.72562e-02
 1.07633e-01 -3.55148e-02
 1.05229e-01 -3.48341e-02
 1.05842e-01 -3.72562e-02

 1.08809e-01 -2.67494e-02
 1.07361e-01 -3.28381e-02
 1.09077e-01 -3.10222e-02
 1.06647e-01 -3.04441e-02
 1.07361e-01 -3.28381e-02

 1.09924e-01 -2.19630e-02
 1.08698e-01 -2.82995e-02
 1.10335e-01 -2.64124e-02
 1.07883e-01 -2.59380e-02
 1.08698e-01 -2.82995e-02

 1.10818e-01 -1.71304e-02
 1.09833e-01 -2.37130e-02
 1.11388e-01 -2.17581e-02
 1.08917e-01 -2.13883e-02
 1.09833e-01 -2.37130e-02

 1.11490e-01 -1.22618e-02
 1.10764e-01 -1.90752e-02
 1.12236e-01 -1.70561e-02
 1.09751e-01 -1.67914e-02
 1.10764e-01 -1.90752e-02

 1.11939e-01 -7.36740e-03
 1.11492e-01 -1.43844e-02
 1.12876e-01 -1.23047e-02
 1.10383e-01 -1.21457e-02
 1.11492e-01 -1.43844e-02

 1.12164e-01 -2.45752e-03
 1.12011e-01 -9.65570e-03
 1.13306e-01 -7.51908e-03
 1.10808e-01 -7.46606e-03
 1.12011e-01 -9.65570e-03

 1.12164e-01  2.45752e-03
 1.12320e-01 -4.88506e-03
 1.13523e-01 -2.69542e-03
 1.11025e-01 -2.74844e-03
 1.12320e-01 -4.88506e-03

 1.11939e-01  7.36740e-03
 1.12415e-01 -8.63551e-05
 1.13524e-01  2.15237e-03
 1.11030e-01  1.99338e-03
 1.12415e-01 -8.63551e-05

 1.11490e-01  1.22618e-02
 1.12290e-01  4.75132e-03
 1.13303e-01  7.03509e-03
 1.10819e-01  6.77042e-03
 1.12290e-01  4.75132e-03

 1.10818e-01  1.71304e-02
 1.11945e-01  9.60168e-03
 1.12860e-01  1.19264e-02
 1.10389e-01  1.15565e-02
 1.11945e-01  9.60168e-03

 1.09924e-01  2.19630e-02
 1.11365e-01  1.45090e-02
 1.12181e-01  1.68704e-02
 1.09728e-01  1.63960e-02
 1.11365e-01  1.45090e-02

 1.08809e-01  2.67494e-02
 1.10564e-01  1.93736e-02
 1.11278e-01  2.17675e-02
 1.08848e-01  2.11895e-02
 1.10564e-01  1.93736e-02

 1.07478e-01  3.14796e-02
 1.09487e-01  2.43831e-02
 1.10100e-01  2.68052e-02
 1.07696e-01  2.61245e-02
 1.09487e-01  2.43831e-02

 1.01186e-01 -3.17882e-02
 9.70011e-02 -4.36782e-02
 9.88977e-02 -4.20520e-02
 9.65411e-02 -4.12226e-02
 9.70011e-02 -4.36782e-02

 1.02724e-01 -2.70467e-02
 9.90205e-02 -3.93492e-02
 1.00840e-01 -3.76374e-02
 9.84480e-02 -3.69173e-02
 9.90205e-02 -3.93492e-02

 1.04012e-01 -2.22310e-02
 1.00856e-01 -3.48942e-02
 1.02591e-01 -3.30969e-02
 1.00167e-01 -3.24927e-02
 1.00856e-01 -3.48942e-02

 1.05047e-01 -1.73543e-02
 1.02460e-01 -3.03151e-02
 1.04108e-01 -2.84378e-02
 1.01658e-01 -2.79489e-02
 1.02460e-01 -3.03151e-02

 1.05825e-01 -1.24300e-02
 1.03842e-01 -2.56399e-02
 1.05399e-01 -2.36857e-02
 1.02928e-01 -2.33149e-02
 1.03842e-01 -2.56399e-02

 1.06345e-01 -7.47169e-03
 1.04990e-01 -2.08540e-02
 1.06451e-01 -1.88273e-02
 1.03965e-01 -1.85755e-02
 1.04990e-01 -2.08540e-02

 1.06606e-01 -2.49284e-03
 1.05898e-01 -1.59885e-02
 1.07259e-01 -1.38934e-02
 1.04764e-01 -1.37624e-02
 1.05898e-01 -1.59885e-02

 1.06606e-01  2.49284e-03
 1.06562e-01 -1.10363e-02
 1.07818e-01 -8.87680e-03
 1.05320e-01 -8.86867e-03
 1.06562e-01 -1.10363e-02

 1.06345e-01  7.47169e-03
 1.06979e-01 -6.02651e-03
 1.08125e-01 -3.80675e-03
 1.05629e-01 -3.92380e-03
 1.06979e-01 -6.02651e-03

 1.05825e-01  1.24300e-02
 1.07147e-01 -9.53738e-04
 1.08177e-01  1.32214e-03
 1.05691e-01  1.07668e-03
 1.07147e-01 -9.53738e-04

 1.05047e-01  1.73543e-02
 1.07068e-01  4.13666e-03
 1.07976e-01  6.46428e-03
 1.05506e-01  6.08652e-03
 1.07068e-01  4.13666e-03

 1.04012e-01  2.22310e-02
 1.06731e-01  9.27441e-03
 1.07509e-01  1.16485e-02
 1.05064e-01  1.11353e-02
 1.06731e-01  9.27441e-03

 1.02724e-01  2.70467e-02
 1.06152e-01  1.43387e-02
 1.06794e-01  1.67530e-02
 1.04382e-01  1.61022e-02
 1.06152e-01  1.43387e-02

 1.01186e-01  3.17882e-02
 1.05243e-01  1.94582e-02
 1.05753e-01  2.19039e-02
 1.03380e-01  2.11230e-02
 1.05243e-01  1.94582e-02

 9.48956e-02 -3.21001e-02
 8.94853e-02 -4.57415e-02
 9.14441e-02 -4.41908e-02
 8.91218e-02 -4.32698e-02
 8.94853e-02 -4.57415e-02

 9.66440e-02 -2.73523e-02
 9.19672e-02 -4.13507e-02
 9.38376e-02 -3.96944e-02
 9.14680e-02 -3.89028e-02
 9.19672e-02 -4.13507e-02

 9.81104e-02 -2.25097e-02
 9.42026e-02 -3.67849e-02
 9.59787e-02 -3.50279e-02
 9.35690e-02 -3.43682e-02
 9.42026e-02 -3.67849e-02

 9.92898e-02 -1.75890e-02
 9.61671e-02 -3.20511e-02
 9.78448e-02 -3.01998e-02
 9.54027e-02 -2.96726e-02
 9.61671e-02 -3.20511e-02

 1.00178e-01 -1.26073e-02
 9.78603e-02 -2.71916e-02
 9.94335e-02 -2.52508e-02
 9.69662e-02 -2.48587e-02
 9.78603e-02 -2.71916e-02

 1.00772e-01 -7.58193e-03
 9.92679e-02 -2.21936e-02
 1.00732e-01 -2.01693e-02
 9.82468e-02 -1.99135e-02
 9.92679e-02 -2.21936e-02

 1.01069e-01 -2.53024e-03
 1.00379e-01 -1.71037e-02
 1.01729e-01 -1.50016e-02
 9.92336e-02 -1.48834e-02
 1.00379e-01 -1.71037e-02

 1.01069e-01  2.53024e-03
 1.01189e-01 -1.19226e-02
 1.02420e-01 -9.74868e-03
 9.99219e-02 -9.76939e-03
 1.01189e-01 -1.19226e-02

 1.00772e-01  7.58193e-03
 1.01688e-01 -6.69450e-03
 1.02796e-01 -4.45535e-03
 1.00302e-01 -4.61529e-03
 1.01688e-01 -6.69450e-03

 1.00178e-01  1.26073e-02
 1.01874e-01 -1.43275e-03
 1.02855e-01  8.65066e-04
 1.00374e-01  5.65417e-04
 1.01874e-01 -1.43275e-03

 9.92898e-02  1.75890e-02
 1.01749e-01  3.80701e-03
 1.02599e-01  6.15642e-03
 1.00139e-01  5.71753e-03
 1.01749e-01  3.80701e-03

 9.81104e-02  2.25097e-02
 1.01297e-01  9.01625e-03
 1.02015e-01  1.14090e-02
 9.95841e-02  1.08348e-02
 1.01297e-01  9.01625e-03

 9.66440e-02  2.73523e-02
 1.00540e-01  1.41007e-02
 1.01128e-01  1.65288e-02
 9.87310e-02  1.58242e-02
 1.00540e-01  1.41007e-02

 9.48956e-02  3.21001e-02
 9.94123e-02  1.91054e-02
 9.98819e-02  2.15592e-02
 9.75221e-02  2.07389e-02
 9.94123e-02  1.91054e-02

 8.86078e-02 -3.24155e-02
 8.27078e-02 -4.62977e-02
 8.47037e-02 -4.47951e-02
 8.24045e-02 -4.38179e-02
 8.27078e-02 -4.62977e-02

 9.05712e-02 -2.76667e-02
 8.55186e-02 -4.18345e-02
 8.74219e-02 -4.02162e-02
 8.50687e-02 -3.93770e-02
 8.55186e-02 -4.18345e-02

 9.22203e-02 -2.27996e-02
 8.80561e-02 -3.71762e-02
 8.98579e-02 -3.54456e-02
 8.74582e-02 -3.47505e-02
 8.80561e-02 -3.71762e-02

 9.35483e-02 -1.78350e-02
 9.02642e-02 -3.23410e-02
 9.19603e-02 -3.05066e-02
 8.95236e-02 -2.99550e-02
 9.02642e-02 -3.23410e-02

 9.45492e-02 -1.27941e-02
 9.21540e-02 -2.73633e-02
 9.37376e-02 -2.54310e-02
 9.12724e-02 -2.50257e-02
 9.21540e-02 -2.73633e-02

 9.52189e-02 -7.69840e-03
 9.37073e-02 -2.22397e-02
 9.51734e-02 -2.02168e-02
 9.26885e-02 -1.99585e-02
 9.37073e-02 -2.22397e-02

 9.55545e-02 -2.56980e-03
 9.49102e-02 -1.70256e-02
 9.62545e-02 -1.49198e-02
 9.37586e-02 -1.48085e-02
 9.49102e-02 -1.70256e-02

 9.55545e-02  2.56980e-03
 9.57638e-02 -1.17321e-02
 9.69812e-02 -9.55045e-03
 9.44832e-02 -9.58701e-03
 9.57638e-02 -1.17321e-02

 9.52189e-02  7.69840e-03
 9.62532e-02 -6.41388e-03
 9.73409e-02 -4.16475e-03
 9.48492e-02 -4.34736e-03
 9.62532e-02 -6.41388e-03

 9.45492e-02  1.27941e-02
 9.63855e-02 -1.09686e-03
 9.73403e-02  1.21179e-03
 9.48636e-02  8.84384e-04
 9.63855e-02 -1.09686e-03

 9.35483e-02  1.78350e-02
 9.61598e-02  4.16292e-03
 9.69808e-02  6.52248e-03
 9.45268e-02  6.05375e-03
 9.61598e-02  4.16292e-03

 9.22203e-02  2.27996e-02
 9.55648e-02  9.34191e-03
 9.62553e-02  1.17429e-02
 9.38307e-02  1.11404e-02
 9.55648e-02  9.34191e-03

 9.05712e-02  2.76667e-02
 9.46262e-02  1.43764e-02
 9.51896e-02  1.68104e-02
 9.28000e-02  1.60813e-02
 9.46262e-02  1.43764e-02

 8.86078e-02  3.24155e-02
 9.32972e-02  1.92933e-02
 9.37454e-02  2.17511e-02
 9.13928e-02  2.09104e-02
 9.32972e-02  1.92933e-02

 8.23223e-02 -3.27344e-02
 7.61459e-02 -4.64167e-02
 7.81746e-02 -4.49587e-02
 7.58976e-02 -4.39308e-02
 7.61459e-02 -4.64167e-02

 8.45051e-02 -2.79902e-02
 7.91247e-02 -4.20038e-02
 8.10664e-02 -4.04317e-02
 7.87341e-02 -3.95362e-02
 7.91247e-02 -4.20038e-02

 8.63418e-02 -2.31013e-02
 8.18928e-02 -3.74092e-02
 8.37280e-02 -3.57140e-02
 8.13424e-02 -3.49722e-02
 8.18928e-02 -3.74092e-02

 8.78227e-02 -1.80928e-02
 8.43185e-02 -3.26078e-02
 8.60406e-02 -3.07977e-02
 8.36120e-02 -3.02115e-02
 8.43185e-02 -3.26078e-02

 8.89402e-02 -1.29907e-02
 8.64126e-02 -2.76519e-02
 8.80112e-02 -2.57319e-02
 8.55492e-02 -2.53075e-02
 8.64126e-02 -2.76519e-02

 8.96884e-02 -7.82140e-03
 8.81364e-02 -2.25373e-02
 8.96056e-02 -2.05166e-02
 8.71210e-02 -2.02546e-02
 8.81364e-02 -2.25373e-02

 9.00635e-02 -2.61164e-03
 8.94674e-02 -1.73235e-02
 9.08031e-02 -1.52123e-02
 8.83068e-02 -1.51111e-02
 8.94674e-02 -1.73235e-02

 9.00635e-02  2.61164e-03
 9.04062e-02 -1.20290e-02
 9.16044e-02 -9.83679e-03
 8.91068e-02 -9.89527e-03
 9.04062e-02 -1.20290e-02

 8.96884e-02  7.82140e-03
 9.09242e-02 -6.71186e-03
 9.19856e-02 -4.45018e-03
 8.94962e-02 -4.66187e-03
 9.09242e-02 -6.71186e-03

 8.89402e-02  1.29907e-02
 9.10361e-02 -1.40615e-03
 9.19605e-02  9.14847e-04
 8.94882e-02  5.54930e-04
 9.10361e-02 -1.40615e-03

 8.78227e-02  1.80928e-02
 9.07297e-02  3.84308e-03
 9.15212e-02  6.21272e-03
 8.90733e-02  5.71333e-03
 9.07297e-02  3.84308e-03

 8.63418e-02  2.31013e-02
 9.00036e-02  9.00720e-03
 9.06685e-02  1.14154e-02
 8.82505e-02  1.07872e-02
 9.00036e-02  9.00720e-03

 8.45051e-02  2.79902e-02
 8.88820e-02  1.40676e-02
 8.94248e-02  1.65062e-02
 8.70414e-02  1.57570e-02
 8.88820e-02  1.40676e-02

 8.23223e-02  3.27344e-02
 8.73524e-02  1.90286e-02
 8.77796e-02  2.14901e-02
 8.54343e-02  2.06294e-02
 8.73524e-02  1.90286e-02

 7.60390e-02 -3.30570e-02
 6.98486e-02 -4.59589e-02
 7.19108e-02 -4.45485e-02
 6.96583e-02 -4.34678e-02
 6.98486e-02 -4.59589e-02

 7.84461e-02 -2.83232e-02
 7.28859e-02 -4.18444e-02
 7.48640e-02 -4.03184e-02
 7.25534e-02 -3.93683e-02
 7.28859e-02 -4.18444e-02

 8.04752e-02 -2.34151e-02
 7.57971e-02 -3.75229e-02
 7.76638e-02 -3.58624e-02
 7.52924e-02 -3.50761e-02
 7.57971e-02 -3.75229e-02

 8.21138e-02 -1.83629e-02
 7.83818e-02 -3.28809e-02
 8.01303e-02 -3.10964e-02
 7.77106e-02 -3.04744e-02
 7.83818e-02 -3.28809e-02

 8.33516e-02 -1.31977e-02
 8.06257e-02 -2.80402e-02
 8.22451e-02 -2.61378e-02
 7.97879e-02 -2.56865e-02
 8.06257e-02 -2.80402e-02

 8.41811e-02 -7.95123e-03
 8.24861e-02 -2.29789e-02
 8.39699e-02 -2.09689e-02
 8.14873e-02 -2.06889e-02
 8.24861e-02 -2.29789e-02

 8.45971e-02 -2.65586e-03
 8.39170e-02 -1.77837e-02
 8.52620e-02 -1.56784e-02
 8.27662e-02 -1.55662e-02
 8.39170e-02 -1.77837e-02

 8.45971e-02  2.65586e-03
 8.49238e-02 -1.24668e-02
 8.61259e-02 -1.02767e-02
 8.36282e-02 -1.03306e-02
 8.49238e-02 -1.24668e-02

 8.41811e-02  7.95123e-03
 8.54583e-02 -7.09693e-03
 8.65200e-02 -4.83543e-03
 8.40306e-02 -5.04671e-03
 8.54583e-02 -7.09693e-03

 8.33516e-02  1.31977e-02
 8.55429e-02 -1.69535e-03
 8.64638e-02  6.27059e-04
 8.39921e-02  2.63376e-04
 8.55429e-02 -1.69535e-03

 8.21138e-02  1.83629e-02
 8.51580e-02  3.69946e-03
 8.59413e-02  6.07182e-03
 8.34951e-02  5.56398e-03
 8.51580e-02  3.69946e-03

 8.04752e-02  2.34151e-02
 8.42959e-02  9.08144e-03
 8.49457e-02  1.14938e-02
 8.25316e-02  1.08503e-02
 8.42959e-02  9.08144e-03

 7.84461e-02  2.83232e-02
 8.29843e-02  1.44545e-02
 8.34987e-02  1.68993e-02
 8.11242e-02  1.61223e-02
 8.29843e-02  1.44545e-02

 7.60390e-02  3.30570e-02
 8.11975e-02  1.98241e-02
 8.15755e-02  2.22937e-02
 7.92478e-02  2.13863e-02
 8.11975e-02  1.98241e-02

 6.97580e-02 -3.33835e-02
 6.40443e-02 -4.31934e-02
 6.62126e-02 -4.19525e-02
 6.40538e-02 -4.06951e-02
 6.40443e-02 -4.31934e-02

 7.23943e-02 -2.86660e-02
 6.69310e-02 -3.95532e-02
 6.90179e-02 -3.81797e-02
 6.67849e-02 -3.70592e-02
 6.69310e-02 -3.95532e-02

 7.46212e-02 -2.37417e-02
 6.98306e-02 -3.55707e-02
 7.18006e-02 -3.40342e-02
 6.94849e-02 -3.30964e-02
 6.98306e-02 -3.55707e-02

 7.64223e-02 -1.86459e-02
 7.25124e-02 -3.11922e-02
 7.43487e-02 -2.94983e-02
 7.19635e-02 -2.87550e-02
 7.25124e-02 -3.11922e-02

 7.77847e-02 -1.34155e-02
 7.48671e-02 -2.65137e-02
 7.65568e-02 -2.46735e-02
 7.41182e-02 -2.41303e-02
 7.48671e-02 -2.65137e-02

 7.86984e-02 -8.08825e-03
 7.68415e-02 -2.15367e-02
 7.83749e-02 -1.95643e-02
 7.59000e-02 -1.92226e-02
 7.68415e-02 -2.15367e-02

 7.91570e-02 -2.70259e-03
 7.83462e-02 -1.63424e-02
 7.97216e-02 -1.42568e-02
 7.72276e-02 -1.41085e-02
 7.83462e-02 -1.63424e-02

 7.91570e-02  2.70259e-03
 7.93900e-02 -1.09343e-02
 8.06020e-02 -8.74963e-03
 7.81041e-02 -8.79232e-03
 7.93900e-02 -1.09343e-02

 7.86984e-02  8.08825e-03
 7.98826e-02 -5.39796e-03
 8.09378e-02 -3.13337e-03
 7.84490e-02 -3.35191e-03
 7.98826e-02 -5.39796e-03

 7.77847e-02  1.34155e-02
 7.98639e-02  2.79063e-04
 8.07594e-02  2.61136e-03
 7.82918e-02  2.22079e-03
 7.98639e-02  2.79063e-04

 7.64223e-02  1.86459e-02
 7.92696e-02  6.03760e-03
 8.00115e-02  8.42324e-03
 7.75745e-02  7.87290e-03
 7.92696e-02  6.03760e-03

 7.46212e-02  2.37417e-02
 7.81191e-02  1.18901e-02
 7.87047e-02  1.43188e-02
 7.63085e-02  1.36116e-02
 7.81191e-02  1.18901e-02

 7.23943e-02  2.86660e-02
 7.63742e-02  1.78408e-02
 7.68000e-02  2.03026e-02
 7.44552e-02  1.94405e-02
 7.63742e-02  1.78408e-02

 6.97580e-02  3.33835e-02
 7.40688e-02  2.38743e-02
 7.43132e-02  2.63607e-02
 7.20378e-02  2.53292e-02
 7.40688e-02  2.38743e-02

 6.34793e-02 -3.37140e-02
 6.01565e-02 -3.66497e-02
 6.26050e-02 -3.61533e-02
 6.09508e-02 -3.42811e-02
 6.01565e-02 -3.66497e-02

 6.63500e-02 -2.90192e-02
 6.28733e-02 -3.38323e-02
 6.51529e-02 -3.28098e-02
 6.31276e-02 -3.13469e-02
 6.28733e-02 -3.38323e-02

 6.87800e-02 -2.40817e-02
 6.55177e-02 -3.02832e-02
 6.76305e-02 -2.89500e-02
 6.54195e-02 -2.77869e-02
 6.55177e-02 -3.02832e-02

 7.07490e-02 -1.89425e-02
 6.79674e-02 -2.60750e-02
 6.99173e-02 -2.45131e-02
 6.75897e-02 -2.36053e-02
 6.79674e-02 -2.60750e-02

 7.22404e-02 -1.36448e-02
 7.01001e-02 -2.13923e-02
 7.18803e-02 -1.96394e-02
 6.94721e-02 -1.89742e-02
 7.01001e-02 -2.13923e-02

 7.32416e-02 -8.23282e-03
 7.18310e-02 -1.62832e-02
 7.34348e-02 -1.43676e-02
 7.09740e-02 -1.39364e-02
 7.18310e-02 -1.62832e-02

 7.37443e-02 -2.75195e-03
 7.30481e-02 -1.08935e-02
 7.44771e-02 -8.84418e-03
 7.19878e-02 -8.63131e-03
 7.30481e-02 -1.08935e-02

 7.37443e-02  2.75195e-03
 7.37427e-02 -5.16474e-03
 7.49923e-02 -3.00138e-03
 7.24940e-02 -3.00087e-03
 7.37427e-02 -5.16474e-03

 7.32416e-02  8.23282e-03
 7.38151e-02  7.03617e-04
 7.48964e-02  2.95586e-03
 7.24053e-02  2.76610e-03
 7.38151e-02  7.03617e-04

 7.22404e-02  1.36448e-02
 7.32838e-02  6.86656e-03
 7.41892e-02  9.19504e-03
 7.17200e-02  8.81493e-03
 7.32838e-02  6.86656e-03

 7.07490e-02  1.89425e-02
 7.20968e-02  1.31074e-02
 7.28270e-02  1.54966e-02
 7.03927e-02  1.49344e-02
 7.20968e-02  1.31074e-02

 6.87800e-02  2.40817e-02
 7.02288e-02  1.95554e-02
 7.07589e-02  2.19969e-02
 6.83795e-02  2.12353e-02
 7.02288e-02  1.95554e-02

 6.63500e-02  2.90192e-02
 6.77014e-02  2.61035e-02
 6.79249e-02  2.85918e-02
 6.56582e-02  2.75412e-02
 6.77014e-02  2.61035e-02

 6.34793e-02  3.37140e-02
 6.44517e-02  3.27579e-02
 6.37846e-02  3.51655e-02
 6.20331e-02  3.33840e-02
 6.44517e-02  3.27579e-02

 5.72030e-02 -3.40487e-02
 5.82681e-02 -2.58414e-02
 5.67509e-02 -2.78263e-02
 5.92285e-02 -2.81478e-02
 5.82681e-02 -2.58414e-02

 6.03133e-02 -2.93833e-02
 6.04950e-02 -2.27462e-02
 5.91871e-02 -2.48749e-02
 6.16845e-02 -2.49432e-02
 6.04950e-02 -2.27462e-02

 6.29524e-02 -2.44357e-02
 6.27777e-02 -1.93044e-02
 6.16029e-02 -2.15092e-02
 6.40997e-02 -2.14242e-02
 6.27777e-02 -1.93044e-02

 6.50948e-02 -1.92533e-02
 6.48187e-02 -1.52031e-02
 6.37196e-02 -1.74466e-02
 6.62121e-02 -1.72767e-02
 6.48187e-02 -1.52031e-02

 6.67199e-02 -1.38860e-02
 6.64484e-02 -1.05403e-02
 6.53783e-02 -1.27978e-02
 6.78685e-02 -1.25958e-02
 6.64484e-02 -1.05403e-02

 6.78121e-02 -8.38535e-03
 6.76061e-02 -5.31266e-03
 6.65045e-02 -7.55498e-03
 6.89972e-02 -7.38788e-03
 6.76061e-02 -5.31266e-03

 6.83608e-02 -2.80410e-03
 6.81872e-02  2.00139e-04
 6.70650e-02 -2.03192e-03
 6.95591e-02 -1.88782e-03
 6.81872e-02  2.00139e-04

 6.83608e-02  2.80410e-03
 6.81913e-02  6.20332e-03
 6.70514e-02  3.98017e-03
 6.95467e-02  4.10461e-03
 6.81913e-02  6.20332e-03

 6.78121e-02  8.38535e-03
 6.74684e-02  1.22493e-02
 6.64158e-02  9.98348e-03
 6.89043e-02  1.02048e-02
 6.74684e-02  1.22493e-02

 6.67199e-02  1.38860e-02
 6.61106e-02  1.87748e-02
 6.51386e-02  1.64733e-02
 6.76178e-02  1.67822e-02
 6.61106e-02  1.87748e-02

 6.50948e-02  1.92533e-02
 6.38912e-02  2.51969e-02
 6.30963e-02  2.28284e-02
 6.55449e-02  2.33242e-02
 6.38912e-02  2.51969e-02

 6.29524e-02  2.44357e-02
 6.10391e-02  3.19277e-02
 6.03641e-02  2.95222e-02
 6.27848e-02  3.01404e-02
 6.10391e-02  3.19277e-02

 6.03133e-02  2.93833e-02
 5.72519e-02  3.85339e-02
 5.67537e-02  3.60857e-02
 5.91230e-02  3.68784e-02
 5.72519e-02  3.85339e-02

 5.72030e-02  3.40487e-02
 5.28782e-02  4.50498e-02
 5.25072e-02  4.25792e-02
 5.48323e-02  4.34932e-02
 5.28782e-02  4.50498e-02

 5.09292e-02 -3.43878e-02
 5.93856e-02 -1.65812e-02
 5.73290e-02 -1.79998e-02
 5.95858e-02 -1.90715e-02
 5.93856e-02 -1.65812e-02

 5.42846e-02 -2.97587e-02
 6.10041e-02 -1.16658e-02
 5.90798e-02 -1.32592e-02
 6.14218e-02 -1.41290e-02
 6.10041e-02 -1.16658e-02

 5.71388e-02 -2.48044e-02
 6.26079e-02 -6.84549e-03
 6.07826e-02 -8.55134e-03
 6.31726e-02 -9.27916e-03
 6.26079e-02 -6.84549e-03

 5.94606e-02 -1.95792e-02
 6.38179e-02 -1.92078e-03
 6.20868e-02 -3.72213e-03
 6.45124e-02 -4.32065e-03
 6.38179e-02 -1.92078e-03

 6.12246e-02 -1.41400e-02
 6.44904e-02  3.31580e-03
 6.28646e-02  1.41881e-03
 6.53203e-02  9.59366e-04
 6.44904e-02  3.31580e-03

 6.24114e-02 -8.54628e-03
 6.44636e-02  9.01020e-03
 6.29717e-02  7.00625e-03
 6.54531e-02  6.71618e-03
 6.44636e-02  9.01020e-03

 6.30080e-02 -2.85918e-03
 6.37857e-02  1.48804e-02
 6.24430e-02  1.27736e-02
 6.49389e-02  1.26642e-02
 6.37857e-02  1.48804e-02

 6.30080e-02  2.85918e-03
 6.23329e-02  2.12641e-02
 6.11639e-02  1.90561e-02
 6.36605e-02  1.91477e-02
 6.23329e-02  2.12641e-02

 6.24114e-02  8.54628e-03
 6.02061e-02  2.73514e-02
 5.92175e-02  2.50570e-02
 6.16988e-02  2.53480e-02
 6.02061e-02  2.73514e-02

 6.12246e-02  1.41400e-02
 5.72820e-02  3.40307e-02
 5.64773e-02  3.16655e-02
 5.89279e-02  3.21512e-02
 5.72820e-02  3.40307e-02

 5.94606e-02  1.95792e-02
 5.36925e-02  3.98678e-02
 5.30826e-02  3.74451e-02
 5.54857e-02  3.81283e-02
 5.36925e-02  3.98678e-02

 5.71388e-02  2.48044e-02
 4.94200e-02  4.63113e-02
 4.89751e-02  4.38529e-02
 5.13266e-02  4.46968e-02
 4.94200e-02  4.63113e-02

 5.42846e-02  2.97587e-02
 4.46418e-02  5.14391e-02
 4.43797e-02  4.89546e-02
 4.66624e-02  4.99699e-02
 4.46418e-02  5.14391e-02

 5.09292e-02  3.43878e-02
 3.94859e-02  5.68569e-02
 3.93547e-02  5.43621e-02
 4.15809e-02  5.54959e-02
 3.94859e-02  5.68569e-02

 4.46580e-02 -3.47315e-02
 5.80507e-02 -1.33910e-02
 5.58426e-02 -1.45596e-02
 5.79587e-02 -1.58877e-02
 5.80507e-02 -1.33910e-02

 4.82641e-02 -3.01460e-02
 5.98965e-02 -5.63566e-03
 5.78403e-02 -7.05472e-03
 6.00974e-02 -8.12589e-03
 5.98965e-02 -5.63566e-03

 5.13399e-02 -2.51887e-02
 6.14618e-02  1.92559e-03
 5.95349e-02  3.35478e-04
 6.18754e-02 -5.38267e-04
 6.14618e-02  1.92559e-03

 5.38474e-02 -1.99209e-02
 6.23122e-02  9.05470e-03
 6.05065e-02  7.32818e-03
 6.29046e-02  6.62761e-03
 6.23122e-02  9.05470e-03

 5.57557e-02 -1.44073e-02
 6.23442e-02  1.59823e-02
 6.06650e-02  1.41325e-02
 6.31066e-02  1.36031e-02
 6.23442e-02  1.59823e-02

 5.70411e-02 -8.71609e-03
 6.14361e-02  2.23481e-02
 5.98962e-02  2.03808e-02
 6.23699e-02  2.00308e-02
 6.14361e-02  2.23481e-02

 5.76878e-02 -2.91736e-03
 5.97190e-02  2.87014e-02
 5.83337e-02  2.66224e-02
 6.08269e-02  2.64622e-02
 5.97190e-02  2.87014e-02

 5.76878e-02  2.91736e-03
 5.71409e-02  3.43763e-02
 5.59296e-02  3.21913e-02
 5.84275e-02  3.22347e-02
 5.71409e-02  3.43763e-02

 5.70411e-02  8.71609e-03
 5.39047e-02  4.01375e-02
 5.28766e-02  3.78605e-02
 5.53626e-02  3.81087e-02
 5.39047e-02  4.01375e-02

 5.57557e-02  1.44073e-02
 5.00450e-02  4.48844e-02
 4.92157e-02  4.25277e-02
 5.16713e-02  4.29878e-02
 5.00450e-02  4.48844e-02

 5.38474e-02  1.99209e-02
 4.56287e-02  4.97459e-02
 4.49992e-02  4.73281e-02
 4.74077e-02  4.79919e-02
 4.56287e-02  4.97459e-02

 5.13399e-02  2.51887e-02
 4.11120e-02  5.31350e-02
 4.06825e-02  5.06739e-02
 4.30287e-02  5.15325e-02
 4.11120e-02  5.31350e-02

 4.82641e-02  3.01460e-02
 3.60208e-02  5.63809e-02
 3.58038e-02  5.38920e-02
 3.80677e-02  5.49485e-02
 3.60208e-02  5.63809e-02

 4.46580e-02  3.47315e-02
 3.16319e-02  5.79037e-02
 3.16032e-02  5.54055e-02
 3.37811e-02  5.66298e-02
 3.16319e-02  5.79037e-02

 3.83892e-02 -3.50800e-02
 5.04949e-02 -2.29744e-02
 4.80817e-02 -2.36210e-02
 4.98483e-02 -2.53876e-02
 5.04949e-02 -2.29744e-02

 4.22520e-02 -3.05458e-02
 5.37692e-02 -1.58451e-02
 5.14516e-02 -1.67779e-02
 5.34182e-02 -1.83187e-02
 5.37692e-02 -1.58451e-02

 4.55562e-02 -2.55894e-02
 5.59950e-02 -8.32145e-03
 5.38066e-02 -9.52679e-03
 5.59447e-02 -1.08193e-02
 5.59950e-02 -8.32145e-03

 4.82562e-02 -2.02792e-02
 5.70713e-02 -6.93125e-04
 5.50442e-02 -2.15344e-03
 5.73224e-02 -3.17880e-03
 5.70713e-02 -6.93125e-04

 5.03146e-02 -1.46888e-02
 5.69669e-02  6.65889e-03
 5.51306e-02  4.96488e-03
 5.75158e-02  4.22161e-03
 5.69669e-02  6.65889e-03

 5.17030e-02 -8.89529e-03
 5.58180e-02  1.35601e-02
 5.41993e-02  1.16571e-02
 5.66567e-02  1.12068e-02
 5.58180e-02  1.35601e-02

 5.24020e-02 -2.97882e-03
 5.37883e-02  1.99403e-02
 5.24108e-02  1.78561e-02
 5.49046e-02  1.77052e-02
 5.37883e-02  1.99403e-02

 5.24020e-02  2.97882e-03
 5.10253e-02  2.57378e-02
 4.99090e-02  2.35027e-02
 5.24028e-02  2.36536e-02
 5.10253e-02  2.57378e-02

 5.17030e-02  8.89529e-03
 4.76604e-02  3.09548e-02
 4.68217e-02  2.86014e-02
 4.92791e-02  2.90517e-02
 4.76604e-02  3.09548e-02

 5.03146e-02  1.46888e-02
 4.38075e-02  3.55708e-02
 4.32586e-02  3.31335e-02
 4.56438e-02  3.38768e-02
 4.38075e-02  3.55708e-02

 4.82562e-02  2.02792e-02
 3.96647e-02  3.93687e-02
 3.94136e-02  3.68830e-02
 4.16918e-02  3.79084e-02
 3.96647e-02  3.93687e-02

 4.55562e-02  2.55894e-02
 3.51824e-02  4.27496e-02
 3.52327e-02  4.02518e-02
 3.73707e-02  4.15443e-02
 3.51824e-02  4.27496e-02

 4.22520e-02  3.05458e-02
 3.10552e-02  4.48372e-02
 3.14063e-02  4.23637e-02
 3.33729e-02  4.39044e-02
 3.10552e-02  4.48372e-02

 3.83892e-02  3.50800e-02
 2.63765e-02  4.70927e-02
 2.70232e-02  4.46795e-02
 2.87897e-02  4.64461e-02
 2.63765e-02  4.70927e-02

 3.62312e-02  4.03748e-02
 2.34785e-02  5.62074e-02
 2.38629e-02  5.37388e-02
 2.58086e-02  5.53060e-02
 2.34785e-02  5.62074e-02

 4.27932e-02  4.01897e-02
 2.88160e-02  6.12396e-02
 2.89722e-02  5.87461e-02
 3.10535e-02  6.01281e-02
 2.88160e-02  6.12396e-02

 4.93551e-02  4.00046e-02
 3.97293e-02  5.93291e-02
 3.95759e-02  5.68355e-02
 4.18121e-02  5.79494e-02
 3.97293e-02  5.93291e-02

 5.59171e-02  3.98195e-02
 5.33448e-02  4.73764e-02
 5.28594e-02  4.49257e-02
 5.52245e-02  4.57307e-02
 5.33448e-02  4.73764e-02

 6.24790e-02  3.96344e-02
 6.52474e-02  3.62337e-02
 6.48502e-02  3.87002e-02
 6.29127e-02  3.71230e-02
 6.52474e-02  3.62337e-02

 6.90410e-02  3.94493e-02
 7.46022e-02  2.89756e-02
 7.46909e-02  3.14723e-02
 7.24843e-02  3.03007e-02
 7.46022e-02  2.89756e-02

 7.56029e-02  3.92642e-02
 8.17241e-02  2.61390e-02
 8.19417e-02  2.86278e-02
 7.96775e-02  2.75719e-02
 8.17241e-02  2.61390e-02

 8.21649e-02  3.90791e-02
 8.80005e-02  2.58273e-02
 8.82717e-02  2.83108e-02
 8.59853e-02  2.73039e-02
 8.80005e-02  2.58273e-02

 8.87268e-02  3.88940e-02
 9.42014e-02  2.61261e-02
 9.44968e-02  2.86069e-02
 9.22007e-02  2.76223e-02
 9.42014e-02  2.61261e-02

 9.52888e-02  3.87089e-02
 1.00441e-01  2.63010e-02
 1.00765e-01  2.87782e-02
 9.84575e-02  2.78202e-02
 1.00441e-01  2.63010e-02

 1.01851e-01  3.85238e-02
 1.05919e-01  2.84216e-02
 1.06269e-01  3.08952e-02
 1.03952e-01  2.99620e-02
 1.05919e-01  2.84216e-02

 1.07163e-01  3.72121e-02
 1.08820e-01  3.28218e-02
 1.09225e-01  3.52871e-02
 1.06888e-01  3.44050e-02
 1.08820e-01  3.28218e-02

 3.60414e-02  4.66623e-02
 2.16375e-02  6.37831e-02
 2.20745e-02  6.13233e-02
 2.39863e-02  6.29316e-02
 2.16375e-02  6.37831e-02

 4.29145e-02  4.67353e-02
 3.18147e-02  6.39658e-02
 3.19363e-02  6.14704e-02
 3.40366e-02  6.28234e-02
 3.18147e-02  6.39658e-02

 4.97877e-02  4.68084e-02
 4.53931e-02  5.87446e-02
 4.49684e-02  5.62827e-02
 4.73129e-02  5.71459e-02
 4.53931e-02  5.87446e-02

 5.66609e-02  4.68815e-02
 5.89435e-02  4.71686e-02
 5.66409e-02  4.81380e-02
 5.69527e-02  4.56592e-02
 5.89435e-02  4.71686e-02

 6.35340e-02  4.69545e-02
 6.94883e-02  3.90291e-02
 6.91874e-02  4.15092e-02
 6.71900e-02  4.00086e-02
 6.94883e-02  3.90291e-02

 7.04072e-02  4.70276e-02
 7.77015e-02  3.50561e-02
 7.76425e-02  3.75537e-02
 7.55090e-02  3.62538e-02
 7.77015e-02  3.50561e-02

 7.72803e-02  4.71006e-02
 8.43793e-02  3.43324e-02
 8.44197e-02  3.68304e-02
 8.22362e-02  3.56164e-02
 8.43793e-02  3.43324e-02

 8.41535e-02  4.71737e-02
 9.06926e-02  3.48025e-02
 9.07859e-02  3.72991e-02
 8.85772e-02  3.61316e-02
 9.06926e-02  3.48025e-02

 9.10267e-02  4.72467e-02
 9.70114e-02  3.55264e-02
 9.71400e-02  3.80214e-02
 9.49149e-02  3.68852e-02
 9.70114e-02  3.55264e-02

 9.78998e-02  4.73198e-02
 1.02498e-01  3.76815e-02
 1.02694e-01  4.01721e-02
 1.00439e-01  3.90965e-02
 1.02498e-01  3.76815e-02

 1.03543e-01  4.62399e-02
 1.05588e-01  4.19601e-02
 1.05782e-01  4.44508e-02
 1.03528e-01  4.33737e-02
 1.05588e-01  4.19601e-02

 3.58446e-02  5.29590e-02
 2.37554e-02  6.80439e-02
 2.41337e-02  6.55744e-02
 2.60832e-02  6.71367e-02
 2.37554e-02  6.80439e-02

 4.30150e-02  5.33087e-02
 3.65836e-02  6.48044e-02
 3.65498e-02  6.23063e-02
 3.87301e-02  6.35261e-02
 3.65836e-02  6.48044e-02

 5.01855e-02  5.36583e-02
 5.11700e-02  5.87194e-02
 4.95307e-02  5.68341e-02
 5.19831e-02  5.63571e-02
 5.11700e-02  5.87194e-02

 5.73559e-02  5.40079e-02
 6.37731e-02  4.95519e-02
 6.27084e-02  5.18120e-02
 6.12835e-02  4.97599e-02
 6.37731e-02  4.95519e-02

 6.45264e-02  5.43576e-02
 7.29263e-02  4.44015e-02
 7.24858e-02  4.68607e-02
 7.05763e-02  4.52497e-02
 7.29263e-02  4.44015e-02

 7.16968e-02  5.47072e-02
 8.03438e-02  4.27502e-02
 8.00881e-02  4.52354e-02
 7.80637e-02  4.37714e-02
 8.03438e-02  4.27502e-02

 7.88673e-02  5.50569e-02
 8.67445e-02  4.32280e-02
 8.65850e-02  4.57213e-02
 8.45056e-02  4.43365e-02
 8.67445e-02  4.32280e-02

 8.60378e-02  5.54065e-02
 9.30640e-02  4.43577e-02
 9.29571e-02  4.68537e-02
 9.08489e-02  4.55131e-02
 9.30640e-02  4.43577e-02

 9.32082e-02  5.57561e-02
 9.85259e-02  4.67347e-02
 9.85033e-02  4.92329e-02
 9.63511e-02  4.79643e-02
 9.85259e-02  4.67347e-02

 9.91675e-02  5.49301e-02
 1.01560e-01  5.08526e-02
 1.01543e-01  5.33508e-02
 9.93879e-02  5.20864e-02
 1.01560e-01  5.08526e-02

 3.56402e-02  5.92645e-02
 2.79164e-02  7.06359e-02
 2.80987e-02  6.81442e-02
 3.01654e-02  6.95480e-02
 2.79164e-02  7.06359e-02

 4.30928e-02  5.99083e-02
 4.17667e-02  6.54686e-02
 4.10535e-02  6.30742e-02
 4.34837e-02  6.36538e-02
 4.17667e-02  6.54686e-02

 5.05455e-02  6.05521e-02
 5.58362e-02  5.99005e-02
 5.38415e-02  6.14048e-02
 5.35361e-02  5.89252e-02
 5.58362e-02  5.99005e-02

 5.79981e-02  6.11959e-02
 6.72264e-02  5.37798e-02
 6.63224e-02  5.61088e-02
 6.47574e-02  5.41614e-02
 6.72264e-02  5.37798e-02

 6.54508e-02  6.18396e-02
 7.53841e-02  5.13779e-02
 7.48002e-02  5.38070e-02
 7.29885e-02  5.20868e-02
 7.53841e-02  5.13779e-02

 7.29034e-02  6.24834e-02
 8.21759e-02  5.14436e-02
 8.17409e-02  5.39037e-02
 7.98279e-02  5.22969e-02
 8.21759e-02  5.14436e-02

 8.03561e-02  6.31272e-02
 8.83734e-02  5.29255e-02
 8.80187e-02  5.53985e-02
 8.60544e-02  5.38548e-02
 8.83734e-02  5.29255e-02

 8.78087e-02  6.37710e-02
 9.37874e-02  5.55013e-02
 9.35321e-02  5.79865e-02
 9.15075e-02  5.65228e-02
 9.37874e-02  5.55013e-02

 9.40686e-02  6.32195e-02
 9.67226e-02  5.94671e-02
 9.64931e-02  6.19548e-02
 9.44534e-02  6.05122e-02
 9.67226e-02  5.94671e-02

 3.54277e-02  6.55783e-02
 3.31317e-02  7.31667e-02
 3.25627e-02  7.07341e-02
 3.49539e-02  7.14576e-02
 3.31317e-02  7.31667e-02

 4.31463e-02  6.65328e-02
 4.68208e-02  6.73744e-02
 4.44330e-02  6.81090e-02
 4.49907e-02  6.56737e-02
 4.68208e-02  6.73744e-02

 5.08649e-02  6.74873e-02
 5.93697e-02  6.29137e-02
 5.80558e-02  6.50386e-02
 5.68725e-02  6.28382e-02
 5.93697e-02  6.29137e-02

 5.85835e-02  6.84418e-02
 6.92931e-02  5.97007e-02
 6.84068e-02  6.20365e-02
 6.68270e-02  6.01011e-02
 6.92931e-02  5.97007e-02

 6.63021e-02  6.93964e-02
 7.65237e-02  5.95410e-02
 7.58332e-02  6.19420e-02
 7.40992e-02  6.01435e-02
 7.65237e-02  5.95410e-02

 7.40207e-02  7.03509e-02
 8.28977e-02  6.10101e-02
 8.23127e-02  6.34390e-02
 8.05018e-02  6.17179e-02
 8.28977e-02  6.10101e-02

 8.17393e-02  7.13054e-02
 8.82035e-02  6.38039e-02
 8.77374e-02  6.62584e-02
 8.58448e-02  6.46275e-02
 8.82035e-02  6.38039e-02

 8.82827e-02  7.10484e-02
 9.11528e-02  6.76444e-02
 9.07131e-02  7.01037e-02
 8.88031e-02  6.84933e-02
 9.11528e-02  6.76444e-02

 3.52066e-02  7.18999e-02
 3.80602e-02  7.59759e-02
 3.57960e-02  7.49199e-02
 3.78426e-02  7.34871e-02
 3.80602e-02  7.59759e-02

 4.31738e-02  7.31807e-02
 5.10198e-02  7.08822e-02
 4.92947e-02  7.26892e-02
 4.85923e-02  7.02917e-02
 5.10198e-02  7.08822e-02

 5.11411e-02  7.44615e-02
 6.18189e-02  6.80843e-02
 6.06019e-02  7.02661e-02
 5.93209e-02  6.81212e-02
 6.18189e-02  6.80843e-02

 5.91083e-02  7.57423e-02
 7.01936e-02  6.71910e-02
 6.92435e-02  6.95016e-02
 6.77175e-02  6.75235e-02
 7.01936e-02  6.71910e-02

 6.70756e-02  7.70231e-02
 7.66741e-02  6.87437e-02
 7.58517e-02  7.11027e-02
 7.42199e-02  6.92110e-02
 7.66741e-02  6.87437e-02

 7.50428e-02  7.83039e-02
 8.20052e-02  7.15532e-02
 8.13214e-02  7.39561e-02
 7.95823e-02  7.21625e-02
 8.20052e-02  7.15532e-02

 8.18513e-02  7.83598e-02
 8.48860e-02  7.53251e-02
 8.42394e-02  7.77383e-02
 8.24728e-02  7.59717e-02
 8.48860e-02  7.53251e-02

 3.49763e-02  7.82287e-02
 4.18727e-02  7.94213e-02
 3.95279e-02  8.02835e-02
 3.99536e-02  7.78217e-02
 4.18727e-02  7.94213e-02

 4.31739e-02  7.98502e-02
 5.38205e-02  7.57383e-02
 5.22523e-02  7.76830e-02
 5.13522e-02  7.53525e-02
 5.38205e-02  7.57383e-02

 5.13715e-02  8.14718e-02
 6.29763e-02  7.47383e-02
 6.17318e-02  7.69046e-02
 6.04779e-02  7.47437e-02
 6.29763e-02  7.47383e-02

 5.95692e-02  8.30933e-02
 7.00409e-02  7.57750e-02
 6.89830e-02  7.80383e-02
 6.75519e-02  7.59905e-02
 7.00409e-02  7.57750e-02

 6.77668e-02  8.47149e-02
 7.51755e-02  7.87829e-02
 7.42674e-02  8.11103e-02
 7.27059e-02  7.91601e-02
 7.51755e-02  7.87829e-02

 7.48204e-02  8.51009e-02
 7.80555e-02  8.23732e-02
 7.72066e-02  8.47229e-02
 7.55962e-02  8.28129e-02
 7.80555e-02  8.23732e-02

 3.47364e-02  8.45641e-02
 4.44262e-02  8.33815e-02
 4.24298e-02  8.48835e-02
 4.21272e-02  8.24036e-02
 4.44262e-02  8.33815e-02

 4.31452e-02  8.65397e-02
 5.49081e-02  8.15790e-02
 5.33999e-02  8.35708e-02
 5.24291e-02  8.12688e-02
 5.49081e-02  8.15790e-02

 5.15540e-02  8.85153e-02
 6.24387e-02  8.25505e-02
 6.11416e-02  8.46858e-02
 5.99410e-02  8.24948e-02
 6.24387e-02  8.25505e-02

 5.99628e-02  9.04909e-02
 6.77653e-02  8.54005e-02
 6.66357e-02  8.76289e-02
 6.52707e-02  8.55365e-02
 6.77653e-02  8.54005e-02

 6.72406e-02  9.12228e-02
 7.04809e-02  8.89310e-02
 6.94358e-02  9.12002e-02
 6.79932e-02  8.91605e-02
 7.04809e-02  8.89310e-02

 3.44865e-02  9.09056e-02
 4.57120e-02  8.86200e-02
 4.38411e-02  9.02758e-02
 4.33427e-02  8.78277e-02
 4.57120e-02  8.86200e-02

 4.30864e-02  9.32473e-02
 5.42852e-02  8.86808e-02
 5.27534e-02  9.06545e-02
 5.18101e-02  8.83411e-02
 5.42852e-02  8.86808e-02

 5.16863e-02  9.55889e-02
 5.97427e-02  9.14929e-02
 5.83802e-02  9.35870e-02
 5.72479e-02  9.13600e-02
 5.97427e-02  9.14929e-02

 5.91663e-02  9.66810e-02
 6.25475e-02  9.46967e-02
 6.13137e-02  9.68692e-02
 6.00492e-02  9.47144e-02
 6.25475e-02  9.46967e-02

 3.42262e-02  9.72525e-02
 4.50008e-02  9.44998e-02
 4.32137e-02  9.62456e-02
 4.25953e-02  9.38251e-02
 4.50008e-02  9.44998e-02

 4.29965e-02  9.99709e-02
 5.11630e-02  9.67736e-02
 4.96037e-02  9.87256e-02
 4.86929e-02  9.63992e-02
 5.11630e-02  9.67736e-02

 5.06554e-02  1.01436e-01
 5.40056e-02  9.98349e-02
 5.25921e-02  1.01895e-01
 5.15149e-02  9.96407e-02
 5.40056e-02  9.98349e-02

 3.39552e-02  1.03604e-01
 4.20186e-02  1.01824e-01
 4.01751e-02  1.03510e-01
 3.96366e-02  1.01071e-01
 4.20186e-02  1.01824e-01

 4.17692e-02  1.05453e-01
 4.52726e-02  1.04131e-01
 4.36894e-02  1.06063e-01
 4.28073e-02  1.03726e-01
 4.52726e-02  1.04131e-01

 3.25715e-02  1.08703e-01
 3.57262e-02  1.07809e-01
 3.39847e-02  1.09601e-01
 3.33041e-02  1.07197e-01
 3.57262e-02  1.07809e-01

 2.67687e-02  1.08827e-01
 3.14653e-02  1.07710e-01
 2.96494e-02  1.09426e-01
 2.90714e-02  1.06995e-01
 3.14653e-02  1.07710e-01

 2.19798e-02  1.09951e-01
 2.62497e-02  1.09125e-01
 2.43627e-02  1.10762e-01
 2.38883e-02  1.08309e-01
 2.62497e-02  1.09125e-01

 1.71443e-02  1.10855e-01
 2.09148e-02  1.10290e-01
 1.89599e-02  1.11846e-01
 1.85901e-02  1.09375e-01
 2.09148e-02  1.10290e-01

 1.22723e-02  1.11537e-01
 1.49282e-02  1.11254e-01
 1.29091e-02  1.12725e-01
 1.26445e-02  1.10241e-01
 1.49282e-02  1.11254e-01

 7.37400e-03  1.11995e-01
 9.63214e-03  1.11851e-01
 7.55241e-03  1.13235e-01
 7.39342e-03  1.10742e-01
 9.63214e-03  1.11851e-01

 2.45980e-03  1.12229e-01
 2.44748e-03  1.12229e-01
 4.58409e-03  1.10934e-01
 4.63712e-03  1.13432e-01
 2.44748e-03  1.12229e-01

 2.71017e-02  1.02773e-01
 3.64562e-02  1.01653e-01
 3.44565e-02  1.03150e-01
 3.41594e-02  1.00669e-01
 3.64562e-02  1.01653e-01

 2.22792e-02  1.04089e-01
 3.07603e-02  1.04156e-01
 2.85869e-02  1.05388e-01
 2.86066e-02  1.02890e-01
 3.07603e-02  1.04156e-01

 1.73943e-02  1.05152e-01
 2.47279e-02  1.06234e-01
 2.24051e-02  1.07154e-01
 2.27699e-02  1.04682e-01
 2.47279e-02  1.06234e-01

 1.24603e-02  1.05957e-01
 1.77163e-02  1.08068e-01
 1.52430e-02  1.08421e-01
 1.61741e-02  1.06103e-01
 1.77163e-02  1.08068e-01

 7.49085e-03  1.06504e-01
 1.13225e-02  1.09165e-01
 8.83290e-03  1.08957e-01
 1.02580e-02  1.06905e-01
 1.13225e-02  1.09165e-01

 2.49946e-03  1.06791e-01
 2.49946e-03  1.10740e-01
 1.25030e-03  1.08576e-01
 3.74862e-03  1.08576e-01
 2.49946e-03  1.10740e-01

 2.74372e-02  9.67195e-02
 3.79883e-02  9.56446e-02
 3.59625e-02  9.71066e-02
 3.57093e-02  9.46212e-02
 3.79883e-02  9.56446e-02

 2.25847e-02  9.82294e-02
 3.21313e-02  9.89586e-02
 2.98788e-02  1.00039e-01
 3.00691e-02  9.75483e-02
 3.21313e-02  9.89586e-02

 1.76516e-02  9.94515e-02
 2.58034e-02  1.01900e-01
 2.33719e-02  1.02474e-01
 2.40906e-02  1.00081e-01
 2.58034e-02  1.01900e-01

 1.26550e-02  1.00382e-01
 1.86200e-02  1.04332e-01
 1.61264e-02  1.04179e-01
 1.75058e-02  1.02096e-01
 1.86200e-02  1.04332e-01

 7.61220e-03  1.01016e-01
 1.15443e-02  1.06129e-01
 9.23507e-03  1.05175e-01
 1.12154e-02  1.03652e-01
 1.15443e-02  1.06129e-01

 2.54072e-03  1.01354e-01
 2.54072e-03  1.06831e-01
 1.29156e-03  1.04667e-01
 3.78988e-03  1.04667e-01
 2.54072e-03  1.06831e-01

 2.77751e-02  9.06670e-02
 3.74476e-02  9.09852e-02
 3.52441e-02  9.21625e-02
 3.53262e-02  8.96656e-02
 3.74476e-02  9.09852e-02

 2.28962e-02  9.23719e-02
 3.16366e-02  9.50239e-02
 2.92035e-02  9.55911e-02
 2.99288e-02  9.32004e-02
 3.16366e-02  9.50239e-02

 1.79161e-02  9.37548e-02
 2.52697e-02  9.86210e-02
 2.27760e-02  9.84687e-02
 2.41547e-02  9.63853e-02
 2.52697e-02  9.86210e-02

 1.28562e-02  9.48095e-02
 1.83213e-02  1.01608e-01
 1.59921e-02  1.00705e-01
 1.79393e-02  9.91393e-02
 1.83213e-02  1.01608e-01

 7.73804e-03  9.55317e-02
 1.13164e-02  1.04104e-01
 9.33020e-03  1.02589e-01
 1.16357e-02  1.01627e-01
 1.13164e-02  1.04104e-01

 2.58357e-03  9.59181e-02
 2.58357e-03  1.04495e-01
 1.33441e-03  1.02331e-01
 3.83273e-03  1.02331e-01
 2.58357e-03  1.04495e-01

 2.81154e-02  8.46152e-02
 3.52981e-02  8.65328e-02
 3.28855e-02  8.71816e-02
 3.35300e-02  8.47678e-02
 3.52981e-02  8.65328e-02

 2.32138e-02  8.65167e-02
 2.96005e-02  9.08063e-02
 2.71079e-02  9.06369e-02
 2.85009e-02  8.85630e-02
 2.96005e-02  9.08063e-02

 1.81879e-02  8.80613e-02
 2.33967e-02  9.47299e-02
 2.10804e-02  9.37937e-02
 2.30493e-02  9.22558e-02
 2.33967e-02  9.47299e-02

 1.30640e-02  8.92412e-02
 1.69554e-02  9.77764e-02
 1.49212e-02  9.63260e-02
 1.71944e-02  9.52896e-02
 1.69554e-02  9.77764e-02

 7.86837e-03  9.00500e-02
 1.03779e-02  1.00804e-01
 8.66976e-03  9.89807e-02
 1.11027e-02  9.84129e-02
 1.03779e-02  1.00804e-01

 2.62800e-03  9.04836e-02
 2.62800e-03  1.00427e-01
 1.37883e-03  9.82631e-02
 3.87716e-03  9.82631e-02
 2.62800e-03  1.00427e-01

 2.84583e-02  7.85641e-02
 3.22848e-02  8.29652e-02
 2.99225e-02  8.21520e-02
 3.18078e-02  8.05128e-02
 3.22848e-02  8.29652e-02

 2.35375e-02  8.06635e-02
 2.67531e-02  8.71270e-02
 2.46710e-02  8.57463e-02
 2.69078e-02  8.46334e-02
 2.67531e-02  8.71270e-02

 1.84671e-02  8.23712e-02
 2.08294e-02  9.10434e-02
 1.90555e-02  8.92841e-02
 2.14660e-02  8.86275e-02
 2.08294e-02  9.10434e-02

 1.32784e-02  8.36765e-02
 1.50503e-02  9.38957e-02
 1.34499e-02  9.19773e-02
 1.59115e-02  9.15504e-02
 1.50503e-02  9.38957e-02

 8.00317e-03  8.45714e-02
 9.08981e-03  9.71780e-02
 7.65946e-03  9.51296e-02
 1.01486e-02  9.49151e-02
 9.08981e-03  9.71780e-02

 2.67399e-03  8.50504e-02
 2.67399e-03  9.65302e-02
 1.42483e-03  9.43666e-02
 3.92316e-03  9.43666e-02
 2.67399e-03  9.65302e-02

 2.88037e-02  7.25137e-02
 2.85331e-02  7.94606e-02
 2.73691e-02  7.72500e-02
 2.98656e-02  7.73472e-02
 2.85331e-02  7.94606e-02

 2.38674e-02  7.48125e-02
 2.33249e-02  8.31477e-02
 2.22189e-02  8.09075e-02
 2.47120e-02  8.10698e-02
 2.33249e-02  8.31477e-02

 1.87537e-02  7.66844e-02
 1.77734e-02  8.66135e-02
 1.67428e-02  8.43376e-02
 1.92291e-02  8.45830e-02
 1.77734e-02  8.66135e-02

 1.34994e-02  7.81157e-02
 1.27836e-02  8.88665e-02
 1.16810e-02  8.66246e-02
 1.41738e-02  8.67906e-02
 1.27836e-02  8.88665e-02

 8.14243e-03  7.90961e-02
 7.48040e-03  9.20182e-02
 6.34358e-03  8.97935e-02
 8.83863e-03  8.99213e-02
 7.48040e-03  9.20182e-02

 2.72155e-03  7.96185e-02
 2.72155e-03  9.10057e-02
 1.47239e-03  8.88420e-02
 3.97072e-03  8.88420e-02
 2.72155e-03  9.10057e-02

 2.91516e-02  6.64640e-02
 2.41418e-02  7.61133e-02
 2.40301e-02  7.36175e-02
 2.62474e-02  7.47687e-02
 2.41418e-02  7.61133e-02

 2.42036e-02  6.89636e-02
 1.95242e-02  7.91920e-02
 1.92884e-02  7.67048e-02
 2.15603e-02  7.77442e-02
 1.95242e-02  7.91920e-02

 1.90476e-02  7.10008e-02
 1.45387e-02  8.18903e-02
 1.42123e-02  7.94134e-02
 1.65205e-02  8.03692e-02
 1.45387e-02  8.18903e-02

 1.37270e-02  7.25587e-02
 1.04397e-02  8.33612e-02
 9.87453e-03  8.09276e-02
 1.22646e-02  8.16550e-02
 1.04397e-02  8.33612e-02

 8.28615e-03  7.36240e-02
 5.84644e-03  8.60397e-02
 5.03789e-03  8.36759e-02
 7.48933e-03  8.41576e-02
 5.84644e-03  8.60397e-02

 2.77066e-03  7.41880e-02
 2.77066e-03  8.49773e-02
 1.52150e-03  8.28136e-02
 4.01982e-03  8.28136e-02
 2.77066e-03  8.49773e-02

 2.95021e-02  6.04150e-02
 1.97996e-02  7.22238e-02
 2.02080e-02  6.97591e-02
 2.21383e-02  7.13451e-02
 1.97996e-02  7.22238e-02

 2.45460e-02  6.31167e-02
 1.58346e-02  7.44921e-02
 1.61583e-02  7.20148e-02
 1.81418e-02  7.35338e-02
 1.58346e-02  7.44921e-02

 1.93491e-02  6.53207e-02
 1.15336e-02  7.62044e-02
 1.17809e-02  7.37183e-02
 1.38102e-02  7.51756e-02
 1.15336e-02  7.62044e-02

 1.39613e-02  6.70056e-02
 8.32805e-03  7.67861e-02
 8.32546e-03  7.42878e-02
 1.04904e-02  7.55347e-02
 8.32805e-03  7.67861e-02

 8.43432e-03  6.81554e-02
 4.39328e-03  7.87448e-02
 3.99761e-03  7.62780e-02
 6.33175e-03  7.71687e-02
 4.39328e-03  7.87448e-02

 2.82131e-03  6.87588e-02
 2.82131e-03  7.76981e-02
 1.57215e-03  7.55345e-02
 4.07047e-03  7.55345e-02
 2.82131e-03  7.76981e-02

 2.98552e-02  5.43666e-02
 1.69756e-02  6.72382e-02
 1.76229e-02  6.48252e-02
 1.93890e-02  6.65923e-02
 1.69756e-02  6.72382e-02

 2.48948e-02  5.72719e-02
 1.34847e-02  6.85831e-02
 1.41418e-02  6.61727e-02
 1.59007e-02  6.79470e-02
 1.34847e-02  6.85831e-02

 1.96580e-02  5.96439e-02
 9.70397e-03  6.93291e-02
 1.03836e-02  6.69250e-02
 1.21258e-02  6.87156e-02
 9.70397e-03  6.93291e-02

 1.42022e-02  6.14566e-02
 7.05103e-03  6.92376e-02
 7.59537e-03  6.67993e-02
 9.43483e-03  6.84899e-02
 7.05103e-03  6.92376e-02

 8.58693e-03  6.26901e-02
 3.51558e-03  7.04517e-02
 3.65331e-03  6.79572e-02
 5.74477e-03  6.93237e-02
 3.51558e-03  7.04517e-02

 2.87349e-03  6.33311e-02
 2.87349e-03  6.97065e-02
 1.62433e-03  6.75429e-02
 4.12265e-03  6.75429e-02
 2.87349e-03  6.97065e-02

 3.02108e-02  4.83188e-02
 1.69845e-02  6.02043e-02
 1.77588e-02  5.78290e-02
 1.94287e-02  5.96873e-02
 1.69845e-02  6.02043e-02

 2.52499e-02  5.14291e-02
 1.38998e-02  6.10733e-02
 1.47397e-02  5.87204e-02
 1.63574e-02  6.06243e-02
 1.38998e-02  6.10733e-02

 1.99746e-02  5.39705e-02
 1.03598e-02  6.14267e-02
 1.13040e-02  5.91137e-02
 1.28350e-02  6.10879e-02
 1.03598e-02  6.14267e-02

 1.44499e-02  5.59116e-02
 7.58400e-03  6.12697e-02
 8.52116e-03  5.89538e-02
 1.00582e-02  6.09234e-02
 7.58400e-03  6.12697e-02

 8.74398e-03  5.72284e-02
 3.78680e-03  6.20077e-02
 4.47739e-03  5.96067e-02
 6.21141e-03  6.14053e-02
 3.78680e-03  6.20077e-02

 2.92720e-03  5.79048e-02
 2.92720e-03  6.17627e-02
 1.67803e-03  5.95991e-02
 4.17636e-03  5.95991e-02
 2.92720e-03  6.17627e-02

 3.05691e-02  4.22715e-02
 2.27896e-02  4.83665e-02
 2.37223e-02  4.60488e-02
 2.52631e-02  4.80154e-02
 2.27896e-02  4.83665e-02

 2.56115e-02  4.55882e-02
 1.88585e-02  4.96705e-02
 2.00639e-02  4.74822e-02
 2.13563e-02  4.96202e-02
 1.88585e-02  4.96705e-02

 2.02987e-02  4.83004e-02
 1.45923e-02  5.08687e-02
 1.60526e-02  4.88416e-02
 1.70780e-02  5.11199e-02
 1.45923e-02  5.08687e-02

 1.47043e-02  5.03707e-02
 1.05920e-02  5.16521e-02
 1.22861e-02  4.98159e-02
 1.30293e-02  5.22011e-02
 1.05920e-02  5.16521e-02

 8.90546e-03  5.17703e-02
 5.83752e-03  5.23325e-02
 7.74052e-03  5.07138e-02
 8.19086e-03  5.31712e-02
 5.83752e-03  5.23325e-02

 2.98242e-03  5.24799e-02
 2.92825e-03  5.24832e-02
 5.01249e-03  5.11057e-02
 5.16334e-03  5.35995e-02
 2.92825e-03  5.24832e-02

