#[ Fluid velocity 2D plot data file: flw.dat ]
 2.45980e-03 -1.12229e-01
 2.45973e-03 -1.12229e-01
 4.64937e-03 -1.13432e-01
 4.59634e-03 -1.10934e-01
 2.45973e-03 -1.12229e-01

 7.37400e-03 -1.11995e-01
 6.38597e-03 -1.12058e-01
 8.62469e-03 -1.13167e-01
 8.46570e-03 -1.10674e-01
 6.38597e-03 -1.12058e-01

 1.22723e-02 -1.11537e-01
 1.10088e-02 -1.11671e-01
 1.32926e-02 -1.12684e-01
 1.30279e-02 -1.10200e-01
 1.10088e-02 -1.11671e-01

 1.71443e-02 -1.10855e-01
 1.51760e-02 -1.11149e-01
 1.75007e-02 -1.12064e-01
 1.71309e-02 -1.09594e-01
 1.51760e-02 -1.11149e-01

 2.19798e-02 -1.09951e-01
 1.95718e-02 -1.10417e-01
 2.19332e-02 -1.11232e-01
 2.14588e-02 -1.08779e-01
 1.95718e-02 -1.10417e-01

 2.67687e-02 -1.08827e-01
 2.38262e-02 -1.09527e-01
 2.62201e-02 -1.10241e-01
 2.56420e-02 -1.07811e-01
 2.38262e-02 -1.09527e-01

 2.49946e-03 -1.06791e-01
 2.49946e-03 -1.06209e-01
 1.25030e-03 -1.08373e-01
 3.74862e-03 -1.08373e-01
 2.49946e-03 -1.06209e-01

 7.49085e-03 -1.06504e-01
 4.82239e-03 -1.05917e-01
 6.66691e-03 -1.07602e-01
 7.20394e-03 -1.05162e-01
 4.82239e-03 -1.05917e-01

 1.24603e-02 -1.05957e-01
 8.99042e-03 -1.05698e-01
 1.10548e-02 -1.07105e-01
 1.12412e-02 -1.04613e-01
 8.99042e-03 -1.05698e-01

 1.73943e-02 -1.05152e-01
 1.23592e-02 -1.05137e-01
 1.45192e-02 -1.06392e-01
 1.45264e-02 -1.03894e-01
 1.23592e-02 -1.05137e-01

 2.22792e-02 -1.04089e-01
 1.64192e-02 -1.04696e-01
 1.87000e-02 -1.05716e-01
 1.84425e-02 -1.03231e-01
 1.64192e-02 -1.04696e-01

 2.71017e-02 -1.02773e-01
 2.04557e-02 -1.03994e-01
 2.28094e-02 -1.04832e-01
 2.23578e-02 -1.02375e-01
 2.04557e-02 -1.03994e-01

 2.54072e-03 -1.01354e-01
 2.54072e-03 -9.82472e-02
 1.29156e-03 -1.00411e-01
 3.78988e-03 -1.00411e-01
 2.54072e-03 -9.82472e-02

 7.61220e-03 -1.01016e-01
 3.83523e-03 -9.78366e-02
 4.68584e-03 -1.00186e-01
 6.29488e-03 -9.82745e-02
 3.83523e-03 -9.78366e-02

 1.26550e-02 -1.00382e-01
 7.69281e-03 -9.83285e-02
 9.21448e-03 -1.00310e-01
 1.01696e-02 -9.80014e-02
 7.69281e-03 -9.83285e-02

 1.76516e-02 -9.94515e-02
 1.05481e-02 -9.81704e-02
 1.24556e-02 -9.97837e-02
 1.28991e-02 -9.73251e-02
 1.05481e-02 -9.81704e-02

 2.25847e-02 -9.82294e-02
 1.45156e-02 -9.83652e-02
 1.66999e-02 -9.95777e-02
 1.66579e-02 -9.70798e-02
 1.45156e-02 -9.83652e-02

 2.74372e-02 -9.67195e-02
 1.84135e-02 -9.79357e-02
 2.07245e-02 -9.88847e-02
 2.03908e-02 -9.64087e-02
 1.84135e-02 -9.79357e-02

 2.58357e-03 -9.59181e-02
 2.58357e-03 -9.15091e-02
 1.33441e-03 -9.36727e-02
 3.83273e-03 -9.36727e-02
 2.58357e-03 -9.15091e-02

 7.73804e-03 -9.55317e-02
 2.92677e-03 -9.06445e-02
 3.55446e-03 -9.30626e-02
 5.33483e-03 -9.13100e-02
 2.92677e-03 -9.06445e-02

 1.28562e-02 -9.48095e-02
 6.58239e-03 -9.14895e-02
 7.91047e-03 -9.36056e-02
 9.07902e-03 -9.13974e-02
 6.58239e-03 -9.14895e-02

 1.79161e-02 -9.37548e-02
 9.18672e-03 -9.15508e-02
 1.09787e-02 -9.32916e-02
 1.15903e-02 -9.08693e-02
 9.18672e-03 -9.15508e-02

 2.28962e-02 -9.23719e-02
 1.32576e-02 -9.22066e-02
 1.53995e-02 -9.34927e-02
 1.54424e-02 -9.09947e-02
 1.32576e-02 -9.22066e-02

 2.77751e-02 -9.06670e-02
 1.71597e-02 -9.18662e-02
 1.94499e-02 -9.28646e-02
 1.91694e-02 -9.03821e-02
 1.71597e-02 -9.18662e-02

 2.62800e-03 -9.04836e-02
 2.62800e-03 -8.21220e-02
 1.37883e-03 -8.42856e-02
 3.87716e-03 -8.42856e-02
 2.62800e-03 -8.21220e-02

 7.86837e-03 -9.00500e-02
 2.58591e-03 -8.11365e-02
 2.61436e-03 -8.36346e-02
 4.76361e-03 -8.23609e-02
 2.58591e-03 -8.11365e-02

 1.30640e-02 -8.92412e-02
 6.28203e-03 -8.32409e-02
 7.07474e-03 -8.56102e-02
 8.73019e-03 -8.37390e-02
 6.28203e-03 -8.32409e-02

 1.81879e-02 -8.80613e-02
 9.00286e-03 -8.40923e-02
 1.04935e-02 -8.60972e-02
 1.14845e-02 -8.38038e-02
 9.00286e-03 -8.40923e-02

 2.32138e-02 -8.65167e-02
 1.32497e-02 -8.54902e-02
 1.52739e-02 -8.69545e-02
 1.55299e-02 -8.44693e-02
 1.32497e-02 -8.54902e-02

 2.81154e-02 -8.46152e-02
 1.72602e-02 -8.53045e-02
 1.94987e-02 -8.64141e-02
 1.93403e-02 -8.39207e-02
 1.72602e-02 -8.53045e-02

 2.67399e-03 -8.50504e-02
 2.67399e-03 -7.52952e-02
 1.42483e-03 -7.74588e-02
 3.92316e-03 -7.74588e-02
 2.67399e-03 -7.52952e-02

 8.00317e-03 -8.45714e-02
 3.01226e-03 -7.37037e-02
 2.78004e-03 -7.61912e-02
 5.05040e-03 -7.51486e-02
 3.01226e-03 -7.37037e-02

 1.32784e-02 -8.36765e-02
 6.90514e-03 -7.64164e-02
 7.39373e-03 -7.88665e-02
 9.27127e-03 -7.72183e-02
 6.90514e-03 -7.64164e-02

 1.84671e-02 -8.23712e-02
 9.92310e-03 -7.74435e-02
 1.11732e-02 -7.96065e-02
 1.24214e-02 -7.74424e-02
 9.92310e-03 -7.74435e-02

 2.35375e-02 -8.06635e-02
 1.44414e-02 -7.89093e-02
 1.63293e-02 -8.05456e-02
 1.68024e-02 -7.80924e-02
 1.44414e-02 -7.89093e-02

 2.84583e-02 -7.85641e-02
 1.87114e-02 -7.85651e-02
 2.08751e-02 -7.98140e-02
 2.08748e-02 -7.73157e-02
 1.87114e-02 -7.85651e-02

 2.72155e-03 -7.96185e-02
 2.72155e-03 -6.59515e-02
 1.47239e-03 -6.81151e-02
 3.97072e-03 -6.81151e-02
 2.72155e-03 -6.59515e-02

 8.14243e-03 -7.90961e-02
 4.42542e-03 -6.43060e-02
 3.74129e-03 -6.67088e-02
 6.16427e-03 -6.60999e-02
 4.42542e-03 -6.43060e-02

 1.34994e-02 -7.81157e-02
 8.73256e-03 -6.79765e-02
 8.52263e-03 -7.04660e-02
 1.07836e-02 -6.94030e-02
 8.73256e-03 -6.79765e-02

 1.87537e-02 -7.66844e-02
 1.26140e-02 -6.95999e-02
 1.30870e-02 -7.20530e-02
 1.49750e-02 -7.04168e-02
 1.26140e-02 -6.95999e-02

 2.38674e-02 -7.48125e-02
 1.76076e-02 -7.14056e-02
 1.89108e-02 -7.35371e-02
 2.01052e-02 -7.13427e-02
 1.76076e-02 -7.14056e-02

 2.88037e-02 -7.25137e-02
 2.24442e-02 -7.08704e-02
 2.42265e-02 -7.26212e-02
 2.48516e-02 -7.02023e-02
 2.24442e-02 -7.08704e-02

 2.77066e-03 -7.41880e-02
 2.77066e-03 -6.08812e-02
 1.52150e-03 -6.30448e-02
 4.01982e-03 -6.30448e-02
 2.77066e-03 -6.08812e-02

 8.28615e-03 -7.36240e-02
 6.82460e-03 -5.83041e-02
 5.78657e-03 -6.05765e-02
 8.27360e-03 -6.03393e-02
 6.82460e-03 -5.83041e-02

 1.37270e-02 -7.25587e-02
 1.18876e-02 -6.20020e-02
 1.10284e-02 -6.43479e-02
 1.34896e-02 -6.39191e-02
 1.18876e-02 -6.20020e-02

 1.90476e-02 -7.10008e-02
 1.68303e-02 -6.32475e-02
 1.62242e-02 -6.56712e-02
 1.86262e-02 -6.49843e-02
 1.68303e-02 -6.32475e-02

 2.42036e-02 -6.89636e-02
 2.24387e-02 -6.42033e-02
 2.20196e-02 -6.66662e-02
 2.43621e-02 -6.57977e-02
 2.24387e-02 -6.42033e-02

 2.91516e-02 -6.64640e-02
 2.77758e-02 -6.29786e-02
 2.74083e-02 -6.54498e-02
 2.97322e-02 -6.45325e-02
 2.77758e-02 -6.29786e-02

 2.82131e-03 -6.87588e-02
 2.82131e-03 -5.33689e-02
 1.57215e-03 -5.55325e-02
 4.07047e-03 -5.55325e-02
 2.82131e-03 -5.33689e-02

 8.43432e-03 -6.81554e-02
 1.04225e-02 -5.10176e-02
 8.93229e-03 -5.30229e-02
 1.14140e-02 -5.33108e-02
 1.04225e-02 -5.10176e-02

 1.39613e-02 -6.70056e-02
 1.66150e-02 -5.42402e-02
 1.49516e-02 -5.61043e-02
 1.73976e-02 -5.66128e-02
 1.66150e-02 -5.42402e-02

 1.93491e-02 -6.53207e-02
 2.32310e-02 -5.54281e-02
 2.12778e-02 -5.69859e-02
 2.36035e-02 -5.78985e-02
 2.32310e-02 -5.54281e-02

 2.45460e-02 -6.31167e-02
 2.93958e-02 -5.58541e-02
 2.71554e-02 -5.69597e-02
 2.92331e-02 -5.83471e-02
 2.93958e-02 -5.58541e-02

 2.95021e-02 -6.04150e-02
 3.55178e-02 -5.37677e-02
 3.31398e-02 -5.45337e-02
 3.49922e-02 -5.62101e-02
 3.55178e-02 -5.37677e-02

 2.87349e-03 -6.33311e-02
 2.87349e-03 -5.24936e-02
 1.62433e-03 -5.46572e-02
 4.12265e-03 -5.46572e-02
 2.87349e-03 -5.24936e-02

 8.58693e-03 -6.26901e-02
 1.43646e-02 -4.90425e-02
 1.23707e-02 -5.05480e-02
 1.46714e-02 -5.15219e-02
 1.43646e-02 -4.90425e-02

 1.42022e-02 -6.14566e-02
 2.19930e-02 -5.06888e-02
 1.97127e-02 -5.17095e-02
 2.17368e-02 -5.31739e-02
 2.19930e-02 -5.06888e-02

 1.96580e-02 -5.96439e-02
 3.02332e-02 -4.99154e-02
 2.77952e-02 -5.04609e-02
 2.94866e-02 -5.22996e-02
 3.02332e-02 -4.99154e-02

 2.48948e-02 -5.72719e-02
 3.68050e-02 -4.82837e-02
 3.43255e-02 -4.85899e-02
 3.58305e-02 -5.05841e-02
 3.68050e-02 -4.82837e-02

 2.98552e-02 -5.43666e-02
 4.29264e-02 -4.49516e-02
 4.04407e-02 -4.52026e-02
 4.19009e-02 -4.72298e-02
 4.29264e-02 -4.49516e-02

 2.92720e-03 -5.79048e-02
 2.92720e-03 -4.76316e-02
 1.67803e-03 -4.97953e-02
 4.17636e-03 -4.97953e-02
 2.92720e-03 -4.76316e-02

 8.74398e-03 -5.72284e-02
 1.85784e-02 -4.57699e-02
 1.62214e-02 -4.65981e-02
 1.81172e-02 -4.82252e-02
 1.85784e-02 -4.57699e-02

 1.44499e-02 -5.59116e-02
 2.77068e-02 -4.49194e-02
 2.52439e-02 -4.53389e-02
 2.68385e-02 -4.72621e-02
 2.77068e-02 -4.49194e-02

 1.99746e-02 -5.39705e-02
 3.72338e-02 -4.35395e-02
 3.47359e-02 -4.35895e-02
 3.60282e-02 -4.57277e-02
 3.72338e-02 -4.35395e-02

 2.52499e-02 -5.14291e-02
 4.32089e-02 -4.01179e-02
 4.07124e-02 -4.02140e-02
 4.20438e-02 -4.23279e-02
 4.32089e-02 -4.01179e-02

 3.02108e-02 -4.83188e-02
 4.94277e-02 -3.62441e-02
 4.69311e-02 -3.63375e-02
 4.82603e-02 -3.84529e-02
 4.94277e-02 -3.62441e-02

 2.98242e-03 -5.24799e-02
 3.02627e-03 -5.24773e-02
 7.91185e-04 -5.13610e-02
 9.42033e-04 -5.38548e-02
 3.02627e-03 -5.24773e-02

 8.90546e-03 -5.17703e-02
 1.79287e-02 -5.01167e-02
 1.55753e-02 -4.92780e-02
 1.60257e-02 -5.17354e-02
 1.79287e-02 -5.01167e-02

 1.47043e-02 -5.03707e-02
 2.57366e-02 -4.69328e-02
 2.32994e-02 -4.63839e-02
 2.40426e-02 -4.87691e-02
 2.57366e-02 -4.69328e-02

 2.02987e-02 -4.83004e-02
 3.47945e-02 -4.17763e-02
 3.23088e-02 -4.15252e-02
 3.33342e-02 -4.38034e-02
 3.47945e-02 -4.17763e-02

 2.56115e-02 -4.55882e-02
 3.91109e-02 -3.74274e-02
 3.66131e-02 -3.74778e-02
 3.79056e-02 -3.96158e-02
 3.91109e-02 -3.74274e-02

 3.05691e-02 -4.22715e-02
 4.50499e-02 -3.09266e-02
 4.25764e-02 -3.12777e-02
 4.41171e-02 -3.32443e-02
 4.50499e-02 -3.09266e-02

 3.62105e-02 -4.03946e-02
 5.38849e-02 -2.12457e-02
 5.14995e-02 -2.19884e-02
 5.33354e-02 -2.36829e-02
 5.38849e-02 -2.12457e-02

 3.59826e-02 -4.67171e-02
 5.32910e-02 -3.43664e-02
 5.08042e-02 -3.46063e-02
 5.22553e-02 -3.66400e-02
 5.32910e-02 -3.43664e-02

 3.57546e-02 -5.30396e-02
 4.68049e-02 -4.37011e-02
 4.43461e-02 -4.41436e-02
 4.59587e-02 -4.60518e-02
 4.68049e-02 -4.37011e-02

 3.55267e-02 -5.93621e-02
 3.93121e-02 -5.56694e-02
 3.68911e-02 -5.62860e-02
 3.86356e-02 -5.80744e-02
 3.93121e-02 -5.56694e-02

 3.52987e-02 -6.56846e-02
 3.18233e-02 -6.46603e-02
 3.35455e-02 -6.64702e-02
 3.42518e-02 -6.40738e-02
 3.18233e-02 -6.46603e-02

 3.50707e-02 -7.20071e-02
 2.69997e-02 -7.37302e-02
 2.93764e-02 -7.45001e-02
 2.88548e-02 -7.20568e-02
 2.69997e-02 -7.37302e-02

 3.48428e-02 -7.83296e-02
 2.39429e-02 -8.10386e-02
 2.63439e-02 -8.17290e-02
 2.57413e-02 -7.93044e-02
 2.39429e-02 -8.10386e-02

 3.46148e-02 -8.46521e-02
 2.31148e-02 -8.78685e-02
 2.55349e-02 -8.84887e-02
 2.48620e-02 -8.60827e-02
 2.31148e-02 -8.78685e-02

 3.43869e-02 -9.09746e-02
 2.36611e-02 -9.39179e-02
 2.60781e-02 -9.45500e-02
 2.54170e-02 -9.21407e-02
 2.36611e-02 -9.39179e-02

 3.41589e-02 -9.72971e-02
 2.54815e-02 -9.97714e-02
 2.79047e-02 -1.00379e-01
 2.72197e-02 -9.79768e-02
 2.54815e-02 -9.97714e-02

 3.39310e-02 -1.03620e-01
 2.83585e-02 -1.05267e-01
 3.07874e-02 -1.05851e-01
 3.00793e-02 -1.03455e-01
 2.83585e-02 -1.05267e-01

 3.25715e-02 -1.08703e-01
 3.06324e-02 -1.09342e-01
 3.30783e-02 -1.09851e-01
 3.22962e-02 -1.07478e-01
 3.06324e-02 -1.09342e-01

 4.27359e-02 -4.02461e-02
 5.76339e-02 -2.13141e-02
 5.53142e-02 -2.22419e-02
 5.72776e-02 -2.37868e-02
 5.76339e-02 -2.13141e-02

 4.27526e-02 -4.68905e-02
 5.31074e-02 -3.61722e-02
 5.07058e-02 -3.68603e-02
 5.25025e-02 -3.85962e-02
 5.31074e-02 -3.61722e-02

 4.27694e-02 -5.35349e-02
 4.72132e-02 -4.76998e-02
 4.49085e-02 -4.86643e-02
 4.68961e-02 -5.01779e-02
 4.72132e-02 -4.76998e-02

 4.27862e-02 -6.01793e-02
 4.04338e-02 -6.06355e-02
 4.27957e-02 -6.14499e-02
 4.23200e-02 -5.89972e-02
 4.04338e-02 -6.06355e-02

 4.28029e-02 -6.68237e-02
 3.50856e-02 -6.98834e-02
 3.75573e-02 -7.02472e-02
 3.66365e-02 -6.79247e-02
 3.50856e-02 -6.98834e-02

 4.28197e-02 -7.34681e-02
 3.17941e-02 -7.85264e-02
 3.42815e-02 -7.87596e-02
 3.32397e-02 -7.64888e-02
 3.17941e-02 -7.85264e-02

 4.28364e-02 -8.01124e-02
 3.07493e-02 -8.54838e-02
 3.32337e-02 -8.57467e-02
 3.22192e-02 -8.34637e-02
 3.07493e-02 -8.54838e-02

 4.28532e-02 -8.67568e-02
 3.14888e-02 -9.16710e-02
 3.39705e-02 -9.19589e-02
 3.29789e-02 -8.96657e-02
 3.14888e-02 -9.16710e-02

 4.28699e-02 -9.34012e-02
 3.35012e-02 -9.72649e-02
 3.59777e-02 -9.75948e-02
 3.50252e-02 -9.52852e-02
 3.35012e-02 -9.72649e-02

 4.28867e-02 -1.00046e-01
 3.67343e-02 -1.02450e-01
 3.92042e-02 -1.02826e-01
 3.82947e-02 -1.00499e-01
 3.67343e-02 -1.02450e-01

 4.17449e-02 -1.05468e-01
 3.93842e-02 -1.06476e-01
 4.18644e-02 -1.06776e-01
 4.08839e-02 -1.04478e-01
 3.93842e-02 -1.06476e-01

 4.92708e-02 -4.00910e-02
 5.69344e-02 -2.64255e-02
 5.47865e-02 -2.77016e-02
 5.69656e-02 -2.89236e-02
 5.69344e-02 -2.64255e-02

 4.95512e-02 -4.70442e-02
 5.28748e-02 -4.15601e-02
 5.06851e-02 -4.27630e-02
 5.28217e-02 -4.40579e-02
 5.28748e-02 -4.15601e-02

 4.98317e-02 -5.39974e-02
 4.78502e-02 -5.40830e-02
 5.00657e-02 -5.52376e-02
 4.99579e-02 -5.27416e-02
 4.78502e-02 -5.40830e-02

 5.01122e-02 -6.09505e-02
 4.27983e-02 -6.59816e-02
 4.52889e-02 -6.57846e-02
 4.38730e-02 -6.37262e-02
 4.27983e-02 -6.59816e-02

 5.03927e-02 -6.79037e-02
 3.97678e-02 -7.49847e-02
 4.22610e-02 -7.48242e-02
 4.08754e-02 -7.27453e-02
 3.97678e-02 -7.49847e-02

 5.06731e-02 -7.48568e-02
 3.86092e-02 -8.27443e-02
 4.11037e-02 -8.26058e-02
 3.97366e-02 -8.05148e-02
 3.86092e-02 -8.27443e-02

 5.09536e-02 -8.18100e-02
 3.95158e-02 -8.88617e-02
 4.20131e-02 -8.87896e-02
 4.07019e-02 -8.66629e-02
 3.95158e-02 -8.88617e-02

 5.12341e-02 -8.87631e-02
 4.18226e-02 -9.43246e-02
 4.43208e-02 -9.42993e-02
 4.30498e-02 -9.21485e-02
 4.18226e-02 -9.43246e-02

 5.15146e-02 -9.57163e-02
 4.53727e-02 -9.91822e-02
 4.78709e-02 -9.92068e-02
 4.66431e-02 -9.70310e-02
 4.53727e-02 -9.91822e-02

 5.06129e-02 -1.01466e-01
 4.80754e-02 -1.02814e-01
 5.05721e-02 -1.02902e-01
 4.94003e-02 -1.00695e-01
 4.80754e-02 -1.02814e-01

 5.58147e-02 -3.99288e-02
 5.61480e-02 -3.51957e-02
 5.47500e-02 -3.72662e-02
 5.72421e-02 -3.74417e-02
 5.61480e-02 -3.51957e-02

 5.63771e-02 -4.71764e-02
 5.34873e-02 -4.90391e-02
 5.59826e-02 -4.89168e-02
 5.46290e-02 -4.68170e-02
 5.34873e-02 -4.90391e-02

 5.69395e-02 -5.44239e-02
 5.01455e-02 -6.10850e-02
 5.25650e-02 -6.04622e-02
 5.08159e-02 -5.86783e-02
 5.01455e-02 -6.10850e-02

 5.75018e-02 -6.16715e-02
 4.72719e-02 -7.10035e-02
 4.97123e-02 -7.04682e-02
 4.80285e-02 -6.86225e-02
 4.72719e-02 -7.10035e-02

 5.80642e-02 -6.89191e-02
 4.63785e-02 -7.87220e-02
 4.88390e-02 -7.82885e-02
 4.72333e-02 -7.63745e-02
 4.63785e-02 -7.87220e-02

 5.86266e-02 -7.61666e-02
 4.73057e-02 -8.50190e-02
 4.97795e-02 -8.46702e-02
 4.82406e-02 -8.27022e-02
 4.73057e-02 -8.50190e-02

 5.91890e-02 -8.34142e-02
 4.98937e-02 -9.01260e-02
 5.23791e-02 -8.98721e-02
 5.09166e-02 -8.78466e-02
 4.98937e-02 -9.01260e-02

 5.97513e-02 -9.06618e-02
 5.36864e-02 -9.47730e-02
 5.61782e-02 -9.45930e-02
 5.47764e-02 -9.25250e-02
 5.36864e-02 -9.47730e-02

 5.91113e-02 -9.67234e-02
 5.66608e-02 -9.83049e-02
 5.91561e-02 -9.81813e-02
 5.78013e-02 -9.60821e-02
 5.66608e-02 -9.83049e-02

 6.23673e-02 -3.97588e-02
 5.79900e-02 -4.41428e-02
 6.04027e-02 -4.34944e-02
 5.86348e-02 -4.17292e-02
 5.79900e-02 -4.41428e-02

 6.32289e-02 -4.72853e-02
 5.65411e-02 -5.60766e-02
 5.88452e-02 -5.51109e-02
 5.68569e-02 -5.35983e-02
 5.65411e-02 -5.60766e-02

 6.40904e-02 -5.48117e-02
 5.49335e-02 -6.59268e-02
 5.72734e-02 -6.50511e-02
 5.53451e-02 -6.34626e-02
 5.49335e-02 -6.59268e-02

 6.49519e-02 -6.23382e-02
 5.42076e-02 -7.40249e-02
 5.65916e-02 -7.32775e-02
 5.47524e-02 -7.15866e-02
 5.42076e-02 -7.40249e-02

 6.58135e-02 -6.98647e-02
 5.52306e-02 -8.03097e-02
 5.76480e-02 -7.96789e-02
 5.58930e-02 -7.79008e-02
 5.52306e-02 -8.03097e-02

 6.66750e-02 -7.73911e-02
 5.78369e-02 -8.54495e-02
 6.02774e-02 -8.49148e-02
 5.85941e-02 -8.30687e-02
 5.78369e-02 -8.54495e-02

 6.75366e-02 -8.49176e-02
 6.18374e-02 -8.97928e-02
 6.42935e-02 -8.93356e-02
 6.26695e-02 -8.74372e-02
 6.18374e-02 -8.97928e-02

 6.71786e-02 -9.12750e-02
 6.47738e-02 -9.31338e-02
 6.72496e-02 -9.27990e-02
 6.57217e-02 -9.08223e-02
 6.47738e-02 -9.31338e-02

 6.89281e-02 -3.95805e-02
 6.24869e-02 -5.01786e-02
 6.46781e-02 -4.89785e-02
 6.25431e-02 -4.76809e-02
 6.24869e-02 -5.01786e-02

 7.01050e-02 -4.73692e-02
 6.19955e-02 -5.97712e-02
 6.42251e-02 -5.86440e-02
 6.21341e-02 -5.72767e-02
 6.19955e-02 -5.97712e-02

 7.12820e-02 -5.51580e-02
 6.18351e-02 -6.79077e-02
 6.41269e-02 -6.69129e-02
 6.21195e-02 -6.54256e-02
 6.18351e-02 -6.79077e-02

 7.24590e-02 -6.29467e-02
 6.27143e-02 -7.45981e-02
 6.50606e-02 -7.37399e-02
 6.31442e-02 -7.21371e-02
 6.27143e-02 -7.45981e-02

 7.36360e-02 -7.07355e-02
 6.53166e-02 -7.97537e-02
 6.77018e-02 -7.90104e-02
 6.58655e-02 -7.73164e-02
 6.53166e-02 -7.97537e-02

 7.48130e-02 -7.85242e-02
 6.93969e-02 -8.39408e-02
 7.18100e-02 -8.32941e-02
 7.00434e-02 -8.15276e-02
 6.93969e-02 -8.39408e-02

 7.47565e-02 -8.51596e-02
 7.25661e-02 -8.71715e-02
 7.50046e-02 -8.66279e-02
 7.33146e-02 -8.47879e-02
 7.25661e-02 -8.71715e-02

 7.54964e-02 -3.93933e-02
 6.84281e-02 -5.24026e-02
 7.05587e-02 -5.10978e-02
 6.83635e-02 -4.99051e-02
 6.84281e-02 -5.24026e-02

 7.70041e-02 -4.74267e-02
 6.87936e-02 -6.07902e-02
 7.09905e-02 -5.96007e-02
 6.88619e-02 -5.82928e-02
 6.87936e-02 -6.07902e-02

 7.85117e-02 -5.54601e-02
 6.98178e-02 -6.78845e-02
 7.20817e-02 -6.68279e-02
 7.00348e-02 -6.53956e-02
 6.98178e-02 -6.78845e-02

 8.00193e-02 -6.34934e-02
 7.23163e-02 -7.34667e-02
 7.46274e-02 -7.25180e-02
 7.26502e-02 -7.09908e-02
 7.23163e-02 -7.34667e-02

 8.15270e-02 -7.15268e-02
 7.64769e-02 -7.75428e-02
 7.88247e-02 -7.66888e-02
 7.69112e-02 -7.50825e-02
 7.64769e-02 -7.75428e-02

 8.17899e-02 -7.84212e-02
 7.97564e-02 -8.06351e-02
 8.21400e-02 -7.98867e-02
 8.03000e-02 -7.81966e-02
 7.97564e-02 -8.06351e-02

 8.20718e-02 -3.91969e-02
 7.50355e-02 -5.27438e-02
 7.71413e-02 -5.13995e-02
 7.49242e-02 -5.02479e-02
 7.50355e-02 -5.27438e-02

 8.39242e-02 -4.74562e-02
 7.61966e-02 -6.04608e-02
 7.83758e-02 -5.92389e-02
 7.62280e-02 -5.79626e-02
 7.61966e-02 -6.04608e-02

 8.57766e-02 -5.57156e-02
 7.86993e-02 -6.64569e-02
 8.09328e-02 -6.53375e-02
 7.88466e-02 -6.39629e-02
 7.86993e-02 -6.64569e-02

 8.76290e-02 -6.39750e-02
 8.28172e-02 -7.06008e-02
 8.50993e-02 -6.95841e-02
 8.30778e-02 -6.81161e-02
 8.28172e-02 -7.06008e-02

 8.82279e-02 -7.11080e-02
 8.63760e-02 -7.35040e-02
 8.86875e-02 -7.25561e-02
 8.67108e-02 -7.10282e-02
 8.63760e-02 -7.35040e-02

 8.86536e-02 -3.89906e-02
 8.19194e-02 -5.24464e-02
 8.40048e-02 -5.10706e-02
 8.17707e-02 -4.99525e-02
 8.19194e-02 -5.24464e-02

 9.08637e-02 -4.74565e-02
 8.44077e-02 -5.90959e-02
 8.65496e-02 -5.78098e-02
 8.43648e-02 -5.65980e-02
 8.44077e-02 -5.90959e-02

 9.30737e-02 -5.59224e-02
 8.85147e-02 -6.32639e-02
 9.07173e-02 -6.20849e-02
 8.85949e-02 -6.07669e-02
 8.85147e-02 -6.32639e-02

 9.40239e-02 -6.32726e-02
 9.22836e-02 -6.59691e-02
 9.45064e-02 -6.48286e-02
 9.24073e-02 -6.34738e-02
 9.22836e-02 -6.59691e-02

 9.52413e-02 -3.87743e-02
 8.95418e-02 -5.11992e-02
 9.15793e-02 -4.97534e-02
 8.93085e-02 -4.87118e-02
 8.95418e-02 -5.11992e-02

 9.78206e-02 -4.74263e-02
 9.35264e-02 -5.56066e-02
 9.56381e-02 -5.42715e-02
 9.34260e-02 -5.31103e-02
 9.35264e-02 -5.56066e-02

 9.91357e-02 -5.49712e-02
 9.75363e-02 -5.79827e-02
 9.96544e-02 -5.66578e-02
 9.74479e-02 -5.54859e-02
 9.75363e-02 -5.79827e-02

 1.01834e-01 -3.85474e-02
 9.80209e-02 -4.76166e-02
 1.00011e-01 -4.61062e-02
 9.77080e-02 -4.51379e-02
 9.80209e-02 -4.76166e-02

 1.03526e-01 -4.62635e-02
 1.02009e-01 -4.98194e-02
 1.04007e-01 -4.83196e-02
 1.01709e-01 -4.73391e-02
 1.02009e-01 -4.98194e-02

 1.07163e-01 -3.72121e-02
 1.05953e-01 -4.08846e-02
 1.07817e-01 -3.92208e-02
 1.05444e-01 -3.84387e-02
 1.05953e-01 -4.08846e-02

 1.07478e-01 -3.14796e-02
 1.05777e-01 -3.74855e-02
 1.07568e-01 -3.57441e-02
 1.05165e-01 -3.50634e-02
 1.05777e-01 -3.74855e-02

 1.08809e-01 -2.67494e-02
 1.07291e-01 -3.31341e-02
 1.09007e-01 -3.13182e-02
 1.06576e-01 -3.07402e-02
 1.07291e-01 -3.31341e-02

 1.09924e-01 -2.19630e-02
 1.08634e-01 -2.86310e-02
 1.10271e-01 -2.67439e-02
 1.07819e-01 -2.62696e-02
 1.08634e-01 -2.86310e-02

 1.10818e-01 -1.71304e-02
 1.09777e-01 -2.40810e-02
 1.11333e-01 -2.21261e-02
 1.08862e-01 -2.17563e-02
 1.09777e-01 -2.40810e-02

 1.11490e-01 -1.22618e-02
 1.10721e-01 -1.94804e-02
 1.12193e-01 -1.74613e-02
 1.09708e-01 -1.71967e-02
 1.10721e-01 -1.94804e-02

 1.11939e-01 -7.36740e-03
 1.11464e-01 -1.48229e-02
 1.12848e-01 -1.27432e-02
 1.10355e-01 -1.25842e-02
 1.11464e-01 -1.48229e-02

 1.12164e-01 -2.45752e-03
 1.12001e-01 -1.01251e-02
 1.13296e-01 -7.98852e-03
 1.10798e-01 -7.93549e-03
 1.12001e-01 -1.01251e-02

 1.12164e-01  2.45752e-03
 1.12330e-01 -5.37922e-03
 1.13533e-01 -3.18958e-03
 1.11036e-01 -3.24261e-03
 1.12330e-01 -5.37922e-03

 1.11939e-01  7.36740e-03
 1.12447e-01 -6.01510e-04
 1.13556e-01  1.63721e-03
 1.11063e-01  1.47822e-03
 1.12447e-01 -6.01510e-04

 1.11490e-01  1.22618e-02
 1.12346e-01  4.22542e-03
 1.13359e-01  6.50919e-03
 1.10875e-01  6.24453e-03
 1.12346e-01  4.22542e-03

 1.10818e-01  1.71304e-02
 1.12025e-01  9.06704e-03
 1.12940e-01  1.13917e-02
 1.10469e-01  1.10219e-02
 1.12025e-01  9.06704e-03

 1.09924e-01  2.19630e-02
 1.11466e-01  1.39901e-02
 1.12281e-01  1.63515e-02
 1.09828e-01  1.58771e-02
 1.11466e-01  1.39901e-02

 1.08809e-01  2.67494e-02
 1.10686e-01  1.88592e-02
 1.11401e-01  2.12531e-02
 1.08970e-01  2.06750e-02
 1.10686e-01  1.88592e-02

 1.07478e-01  3.14796e-02
 1.09611e-01  2.39469e-02
 1.10223e-01  2.63690e-02
 1.07819e-01  2.56883e-02
 1.09611e-01  2.39469e-02

 1.01186e-01 -3.17882e-02
 9.69404e-02 -4.38691e-02
 9.88362e-02 -4.22420e-02
 9.64792e-02 -4.14137e-02
 9.69404e-02 -4.38691e-02

 1.02724e-01 -2.70467e-02
 9.89615e-02 -3.95351e-02
 1.00782e-01 -3.78237e-02
 9.83895e-02 -3.71031e-02
 9.89615e-02 -3.95351e-02

 1.04012e-01 -2.22310e-02
 1.00809e-01 -3.51011e-02
 1.02544e-01 -3.33031e-02
 1.00119e-01 -3.26999e-02
 1.00809e-01 -3.51011e-02

 1.05047e-01 -1.73543e-02
 1.02420e-01 -3.05322e-02
 1.04068e-01 -2.86546e-02
 1.01617e-01 -2.81661e-02
 1.02420e-01 -3.05322e-02

 1.05825e-01 -1.24300e-02
 1.03809e-01 -2.58690e-02
 1.05366e-01 -2.39146e-02
 1.02895e-01 -2.35441e-02
 1.03809e-01 -2.58690e-02

 1.06345e-01 -7.47169e-03
 1.04964e-01 -2.10898e-02
 1.06425e-01 -1.90633e-02
 1.03940e-01 -1.88112e-02
 1.04964e-01 -2.10898e-02

 1.06606e-01 -2.49284e-03
 1.05880e-01 -1.62291e-02
 1.07242e-01 -1.41345e-02
 1.04747e-01 -1.40026e-02
 1.05880e-01 -1.62291e-02

 1.06606e-01  2.49284e-03
 1.06553e-01 -1.12749e-02
 1.07810e-01 -9.11617e-03
 1.05312e-01 -9.10649e-03
 1.06553e-01 -1.12749e-02

 1.06345e-01  7.47169e-03
 1.06979e-01 -6.26086e-03
 1.08127e-01 -4.04201e-03
 1.05631e-01 -4.15707e-03
 1.06979e-01 -6.26086e-03

 1.05825e-01  1.24300e-02
 1.07157e-01 -1.17634e-03
 1.08189e-01  1.09868e-03
 1.05703e-01  8.55287e-04
 1.07157e-01 -1.17634e-03

 1.05047e-01  1.73543e-02
 1.07092e-01  3.92356e-03
 1.08001e-01  6.25057e-03
 1.05531e-01  5.87444e-03
 1.07092e-01  3.92356e-03

 1.04012e-01  2.22310e-02
 1.06771e-01  9.08204e-03
 1.07549e-01  1.14561e-02
 1.05104e-01  1.09430e-02
 1.06771e-01  9.08204e-03

 1.02724e-01  2.70467e-02
 1.06217e-01  1.41556e-02
 1.06857e-01  1.65706e-02
 1.04446e-01  1.59171e-02
 1.06217e-01  1.41556e-02

 1.01186e-01  3.17882e-02
 1.05334e-01  1.93073e-02
 1.05837e-01  2.17545e-02
 1.03466e-01  2.09665e-02
 1.05334e-01  1.93073e-02

 9.48956e-02 -3.21001e-02
 8.94350e-02 -4.57965e-02
 9.13967e-02 -4.42493e-02
 8.90760e-02 -4.33241e-02
 8.94350e-02 -4.57965e-02

 9.66440e-02 -2.73523e-02
 9.19419e-02 -4.13974e-02
 9.38133e-02 -3.97423e-02
 9.14443e-02 -3.89492e-02
 9.19419e-02 -4.13974e-02

 9.81104e-02 -2.25097e-02
 9.41861e-02 -3.68411e-02
 9.59623e-02 -3.50842e-02
 9.35527e-02 -3.44244e-02
 9.41861e-02 -3.68411e-02

 9.92898e-02 -1.75890e-02
 9.61599e-02 -3.21048e-02
 9.78370e-02 -3.02531e-02
 9.53948e-02 -2.97265e-02
 9.61599e-02 -3.21048e-02

 1.00178e-01 -1.26073e-02
 9.78616e-02 -2.72473e-02
 9.94335e-02 -2.53054e-02
 9.69659e-02 -2.49150e-02
 9.78616e-02 -2.72473e-02

 1.00772e-01 -7.58193e-03
 9.92763e-02 -2.22458e-02
 1.00739e-01 -2.02201e-02
 9.82531e-02 -1.99667e-02
 9.92763e-02 -2.22458e-02

 1.01069e-01 -2.53024e-03
 1.00393e-01 -1.71524e-02
 1.01741e-01 -1.50488e-02
 9.92454e-02 -1.49335e-02
 1.00393e-01 -1.71524e-02

 1.01069e-01  2.53024e-03
 1.01208e-01 -1.19628e-02
 1.02436e-01 -9.78730e-03
 9.99383e-02 -9.81127e-03
 1.01208e-01 -1.19628e-02

 1.00772e-01  7.58193e-03
 1.01710e-01 -6.72623e-03
 1.02815e-01 -4.48550e-03
 1.00322e-01 -4.64900e-03
 1.01710e-01 -6.72623e-03

 1.00178e-01  1.26073e-02
 1.01899e-01 -1.45174e-03
 1.02876e-01  8.47608e-04
 1.00396e-01  5.44084e-04
 1.01899e-01 -1.45174e-03

 9.92898e-02  1.75890e-02
 1.01776e-01  3.79776e-03
 1.02621e-01  6.14867e-03
 1.00163e-01  5.70545e-03
 1.01776e-01  3.79776e-03

 9.81104e-02  2.25097e-02
 1.01323e-01  9.01875e-03
 1.02037e-01  1.14129e-02
 9.96066e-02  1.08341e-02
 1.01323e-01  9.01875e-03

 9.66440e-02  2.73523e-02
 1.00569e-01  1.41060e-02
 1.01152e-01  1.65353e-02
 9.87565e-02  1.58256e-02
 1.00569e-01  1.41060e-02

 9.48956e-02  3.21001e-02
 9.94411e-02  1.91129e-02
 9.99054e-02  2.15677e-02
 9.75473e-02  2.07424e-02
 9.94411e-02  1.91129e-02

 8.86078e-02 -3.24155e-02
 8.26913e-02 -4.63054e-02
 8.46884e-02 -4.48044e-02
 8.23900e-02 -4.38254e-02
 8.26913e-02 -4.63054e-02

 9.05712e-02 -2.76667e-02
 8.55201e-02 -4.18365e-02
 8.74232e-02 -4.02179e-02
 8.50699e-02 -3.93791e-02
 8.55201e-02 -4.18365e-02

 9.22203e-02 -2.27996e-02
 8.80649e-02 -3.71738e-02
 8.98658e-02 -3.54422e-02
 8.74657e-02 -3.47483e-02
 8.80649e-02 -3.71738e-02

 9.35483e-02 -1.78350e-02
 9.02752e-02 -3.23333e-02
 9.19702e-02 -3.04979e-02
 8.95332e-02 -2.99477e-02
 9.02752e-02 -3.23333e-02

 9.45492e-02 -1.27941e-02
 9.21664e-02 -2.73538e-02
 9.37486e-02 -2.54204e-02
 9.12831e-02 -2.50169e-02
 9.21664e-02 -2.73538e-02

 9.52189e-02 -7.69840e-03
 9.37192e-02 -2.22244e-02
 9.51840e-02 -2.02005e-02
 9.26989e-02 -1.99440e-02
 9.37192e-02 -2.22244e-02

 9.55545e-02 -2.56980e-03
 9.49197e-02 -1.70071e-02
 9.62627e-02 -1.49005e-02
 9.37668e-02 -1.47907e-02
 9.49197e-02 -1.70071e-02

 9.55545e-02  2.56980e-03
 9.57710e-02 -1.17061e-02
 9.69872e-02 -9.52382e-03
 9.44892e-02 -9.56170e-03
 9.57710e-02 -1.17061e-02

 9.52189e-02  7.69840e-03
 9.62570e-02 -6.38166e-03
 9.73437e-02 -4.13205e-03
 9.48521e-02 -4.31574e-03
 9.62570e-02 -6.38166e-03

 9.45492e-02  1.27941e-02
 9.63865e-02 -1.05639e-03
 9.73403e-02  1.25270e-03
 9.48637e-02  9.24171e-04
 9.63865e-02 -1.05639e-03

 9.35483e-02  1.78350e-02
 9.61600e-02  4.20789e-03
 9.69796e-02  6.56796e-03
 9.45259e-02  6.09770e-03
 9.61600e-02  4.20789e-03

 9.22203e-02  2.27996e-02
 9.55623e-02  9.39288e-03
 9.62511e-02  1.17944e-02
 9.38269e-02  1.11901e-02
 9.55623e-02  9.39288e-03

 9.05712e-02  2.76667e-02
 9.46264e-02  1.44224e-02
 9.51874e-02  1.68569e-02
 9.27986e-02  1.61255e-02
 9.46264e-02  1.44224e-02

 8.86078e-02  3.24155e-02
 9.32927e-02  1.93395e-02
 9.37389e-02  2.17977e-02
 9.13870e-02  2.09550e-02
 9.32927e-02  1.93395e-02

 8.23223e-02 -3.27344e-02
 7.61362e-02 -4.64197e-02
 7.81656e-02 -4.49627e-02
 7.58891e-02 -4.39337e-02
 7.61362e-02 -4.64197e-02

 8.45051e-02 -2.79902e-02
 7.91220e-02 -4.19983e-02
 8.10641e-02 -4.04268e-02
 7.87321e-02 -3.95306e-02
 7.91220e-02 -4.19983e-02

 8.63418e-02 -2.31013e-02
 8.18978e-02 -3.73964e-02
 8.37329e-02 -3.57012e-02
 8.13472e-02 -3.49595e-02
 8.18978e-02 -3.73964e-02

 8.78227e-02 -1.80928e-02
 8.43255e-02 -3.25936e-02
 8.60471e-02 -3.07831e-02
 8.36184e-02 -3.01974e-02
 8.43255e-02 -3.25936e-02

 8.89402e-02 -1.29907e-02
 8.64238e-02 -2.76386e-02
 8.80213e-02 -2.57177e-02
 8.55590e-02 -2.52948e-02
 8.64238e-02 -2.76386e-02

 8.96884e-02 -7.82140e-03
 8.81497e-02 -2.25250e-02
 8.96172e-02 -2.05032e-02
 8.71325e-02 -2.02432e-02
 8.81497e-02 -2.25250e-02

 9.00635e-02 -2.61164e-03
 8.94808e-02 -1.73138e-02
 9.08147e-02 -1.52013e-02
 8.83183e-02 -1.51024e-02
 8.94808e-02 -1.73138e-02

 9.00635e-02  2.61164e-03
 9.04208e-02 -1.20198e-02
 9.16168e-02 -9.82634e-03
 8.91192e-02 -9.88733e-03
 9.04208e-02 -1.20198e-02

 8.96884e-02  7.82140e-03
 9.09370e-02 -6.70386e-03
 9.19963e-02 -4.44121e-03
 8.95071e-02 -4.65518e-03
 9.09370e-02 -6.70386e-03

 8.89402e-02  1.29907e-02
 9.10483e-02 -1.39941e-03
 9.19706e-02  9.22421e-04
 8.94987e-02  5.60285e-04
 9.10483e-02 -1.39941e-03

 8.78227e-02  1.80928e-02
 9.07400e-02  3.84683e-03
 9.15297e-02  6.21706e-03
 8.90822e-02  5.71585e-03
 9.07400e-02  3.84683e-03

 8.63418e-02  2.31013e-02
 9.00106e-02  9.00546e-03
 9.06745e-02  1.14140e-02
 8.82567e-02  1.07847e-02
 9.00106e-02  9.00546e-03

 8.45051e-02  2.79902e-02
 8.88867e-02  1.40578e-02
 8.94292e-02  1.64965e-02
 8.70460e-02  1.57470e-02
 8.88867e-02  1.40578e-02

 8.23223e-02  3.27344e-02
 8.73469e-02  1.90031e-02
 8.77765e-02  2.14642e-02
 8.54303e-02  2.06057e-02
 8.73469e-02  1.90031e-02

 7.60390e-02 -3.30570e-02
 6.98569e-02 -4.60460e-02
 7.19146e-02 -4.46293e-02
 6.96588e-02 -4.35556e-02
 6.98569e-02 -4.60460e-02

 7.84461e-02 -2.83232e-02
 7.28841e-02 -4.19206e-02
 7.48594e-02 -4.03909e-02
 7.25471e-02 -3.94451e-02
 7.28841e-02 -4.19206e-02

 8.04752e-02 -2.34151e-02
 7.58084e-02 -3.76091e-02
 7.76708e-02 -3.59439e-02
 7.52975e-02 -3.51635e-02
 7.58084e-02 -3.76091e-02

 8.21138e-02 -1.83629e-02
 7.83910e-02 -3.29586e-02
 8.01362e-02 -3.11708e-02
 7.77153e-02 -3.05534e-02
 7.83910e-02 -3.29586e-02

 8.33516e-02 -1.31977e-02
 8.06357e-02 -2.81234e-02
 8.22520e-02 -2.62184e-02
 7.97940e-02 -2.57711e-02
 8.06357e-02 -2.81234e-02

 8.41811e-02 -7.95123e-03
 8.24954e-02 -2.30596e-02
 8.39767e-02 -2.10478e-02
 8.14938e-02 -2.07708e-02
 8.24954e-02 -2.30596e-02

 8.45971e-02 -2.65586e-03
 8.39232e-02 -1.78684e-02
 8.52669e-02 -1.57622e-02
 8.27710e-02 -1.56516e-02
 8.39232e-02 -1.78684e-02

 8.45971e-02  2.65586e-03
 8.49296e-02 -1.25522e-02
 8.61311e-02 -1.03618e-02
 8.36334e-02 -1.04164e-02
 8.49296e-02 -1.25522e-02

 8.41811e-02  7.95123e-03
 8.54619e-02 -7.18587e-03
 8.65242e-02 -4.92465e-03
 8.40347e-02 -5.13527e-03
 8.54619e-02 -7.18587e-03

 8.33516e-02  1.31977e-02
 8.55462e-02 -1.78654e-03
 8.64687e-02  5.35259e-04
 8.39967e-02  1.73214e-04
 8.55462e-02 -1.78654e-03

 8.21138e-02  1.83629e-02
 8.51650e-02  3.60327e-03
 8.59503e-02  5.97497e-03
 8.35037e-02  5.46920e-03
 8.51650e-02  3.60327e-03

 8.04752e-02  2.34151e-02
 8.43014e-02  8.98225e-03
 8.49545e-02  1.13937e-02
 8.25395e-02  1.07535e-02
 8.43014e-02  8.98225e-03

 7.84461e-02  2.83232e-02
 8.30021e-02  1.43541e-02
 8.35188e-02  1.67984e-02
 8.11436e-02  1.60237e-02
 8.30021e-02  1.43541e-02

 7.60390e-02  3.30570e-02
 8.12062e-02  1.97162e-02
 8.15896e-02  2.21849e-02
 7.92600e-02  2.12826e-02
 8.12062e-02  1.97162e-02

 6.97580e-02 -3.33835e-02
 6.39721e-02 -4.33238e-02
 6.61401e-02 -4.20823e-02
 6.39809e-02 -4.08255e-02
 6.39721e-02 -4.33238e-02

 7.23943e-02 -2.86660e-02
 6.68566e-02 -3.96607e-02
 6.89455e-02 -3.82903e-02
 6.67142e-02 -3.71664e-02
 6.68566e-02 -3.96607e-02

 7.46212e-02 -2.37417e-02
 6.97752e-02 -3.56939e-02
 7.17457e-02 -3.41582e-02
 6.94305e-02 -3.32195e-02
 6.97752e-02 -3.56939e-02

 7.64223e-02 -1.86459e-02
 7.24709e-02 -3.13227e-02
 7.43073e-02 -2.96288e-02
 7.19222e-02 -2.88853e-02
 7.24709e-02 -3.13227e-02

 7.77847e-02 -1.34155e-02
 7.48366e-02 -2.66574e-02
 7.65261e-02 -2.48169e-02
 7.40875e-02 -2.42740e-02
 7.48366e-02 -2.66574e-02

 7.86984e-02 -8.08825e-03
 7.68254e-02 -2.16921e-02
 7.83580e-02 -1.97191e-02
 7.58830e-02 -1.93784e-02
 7.68254e-02 -2.16921e-02

 7.91570e-02 -2.70259e-03
 7.83379e-02 -1.65106e-02
 7.97130e-02 -1.44247e-02
 7.72190e-02 -1.42768e-02
 7.83379e-02 -1.65106e-02

 7.91570e-02  2.70259e-03
 7.93966e-02 -1.11124e-02
 8.06081e-02 -8.92745e-03
 7.81101e-02 -8.97078e-03
 7.93966e-02 -1.11124e-02

 7.86984e-02  8.08825e-03
 7.98952e-02 -5.58334e-03
 8.09510e-02 -3.31903e-03
 7.84622e-02 -3.53690e-03
 7.98952e-02 -5.58334e-03

 7.77847e-02  1.34155e-02
 7.98927e-02  8.71920e-05
 8.07885e-02  2.41939e-03
 7.83209e-02  2.02909e-03
 7.98927e-02  8.71920e-05

 7.64223e-02  1.86459e-02
 7.93046e-02  5.84623e-03
 8.00479e-02  8.23141e-03
 7.76106e-02  7.68257e-03
 7.93046e-02  5.84623e-03

 7.46212e-02  2.37417e-02
 7.81745e-02  1.16950e-02
 7.87605e-02  1.41236e-02
 7.63643e-02  1.34168e-02
 7.81745e-02  1.16950e-02

 7.23943e-02  2.86660e-02
 7.64321e-02  1.76659e-02
 7.68592e-02  2.01275e-02
 7.45139e-02  1.92666e-02
 7.64321e-02  1.76659e-02

 6.97580e-02  3.33835e-02
 7.41588e-02  2.36935e-02
 7.44014e-02  2.61800e-02
 7.21267e-02  2.51469e-02
 7.41588e-02  2.36935e-02

 6.34793e-02 -3.37140e-02
 6.00903e-02 -3.68938e-02
 6.25229e-02 -3.63243e-02
 6.08134e-02 -3.45024e-02
 6.00903e-02 -3.68938e-02

 6.63500e-02 -2.90192e-02
 6.28286e-02 -3.40789e-02
 6.50899e-02 -3.30166e-02
 6.30393e-02 -3.15894e-02
 6.28286e-02 -3.40789e-02

 6.87800e-02 -2.40817e-02
 6.54895e-02 -3.05411e-02
 6.75846e-02 -2.91802e-02
 6.53585e-02 -2.80462e-02
 6.54895e-02 -3.05411e-02

 7.07490e-02 -1.89425e-02
 6.79454e-02 -2.63228e-02
 6.98815e-02 -2.47438e-02
 6.75460e-02 -2.38566e-02
 6.79454e-02 -2.63228e-02

 7.22404e-02 -1.36448e-02
 7.00843e-02 -2.16327e-02
 7.18541e-02 -1.98693e-02
 6.94421e-02 -1.92183e-02
 7.00843e-02 -2.16327e-02

 7.32416e-02 -8.23282e-03
 7.18206e-02 -1.65123e-02
 7.34177e-02 -1.45911e-02
 7.09554e-02 -1.41685e-02
 7.18206e-02 -1.65123e-02

 7.37443e-02 -2.75195e-03
 7.30365e-02 -1.11201e-02
 7.44636e-02 -9.06946e-03
 7.19742e-02 -8.85889e-03
 7.30365e-02 -1.11201e-02

 7.37443e-02  2.75195e-03
 7.37322e-02 -5.37735e-03
 7.49846e-02 -3.21560e-03
 7.24863e-02 -3.21187e-03
 7.37322e-02 -5.37735e-03

 7.32416e-02  8.23282e-03
 7.38055e-02  4.88011e-04
 7.48942e-02  2.73662e-03
 7.24025e-02  2.55520e-03
 7.38055e-02  4.88011e-04

 7.22404e-02  1.36448e-02
 7.32693e-02  6.67194e-03
 7.41892e-02  8.99473e-03
 7.17177e-02  8.63001e-03
 7.32693e-02  6.67194e-03

 7.07490e-02  1.89425e-02
 7.21008e-02  1.29083e-02
 7.28468e-02  1.52926e-02
 7.04089e-02  1.47465e-02
 7.21008e-02  1.29083e-02

 6.87800e-02  2.40817e-02
 7.02200e-02  1.93841e-02
 7.07802e-02  2.18188e-02
 6.83916e-02  2.10866e-02
 7.02200e-02  1.93841e-02

 6.63500e-02  2.90192e-02
 6.77406e-02  2.59398e-02
 6.79886e-02  2.84258e-02
 6.57117e-02  2.73976e-02
 6.77406e-02  2.59398e-02

 6.34793e-02  3.37140e-02
 6.44834e-02  3.26316e-02
 6.39277e-02  3.50673e-02
 6.20961e-02  3.33682e-02
 6.44834e-02  3.26316e-02

 5.72030e-02 -3.40487e-02
 5.80664e-02 -2.58232e-02
 5.65982e-02 -2.78446e-02
 5.90829e-02 -2.81054e-02
 5.80664e-02 -2.58232e-02

 6.03133e-02 -2.93833e-02
 6.04048e-02 -2.27610e-02
 5.91259e-02 -2.49071e-02
 6.16239e-02 -2.49416e-02
 6.04048e-02 -2.27610e-02

 6.29524e-02 -2.44357e-02
 6.27161e-02 -1.93731e-02
 6.15692e-02 -2.15926e-02
 6.40648e-02 -2.14761e-02
 6.27161e-02 -1.93731e-02

 6.50948e-02 -1.92533e-02
 6.47880e-02 -1.52768e-02
 6.37090e-02 -1.75300e-02
 6.61999e-02 -1.73379e-02
 6.47880e-02 -1.52768e-02

 6.67199e-02 -1.38860e-02
 6.64288e-02 -1.06267e-02
 6.53771e-02 -1.28929e-02
 6.78655e-02 -1.26706e-02
 6.64288e-02 -1.06267e-02

 6.78121e-02 -8.38535e-03
 6.75992e-02 -5.39411e-03
 6.65068e-02 -7.64095e-03
 6.89988e-02 -7.46357e-03
 6.75992e-02 -5.39411e-03

 6.83608e-02 -2.80410e-03
 6.81794e-02  9.99560e-05
 6.70676e-02 -2.13735e-03
 6.95610e-02 -1.98154e-03
 6.81794e-02  9.99560e-05

 6.83608e-02  2.80410e-03
 6.82012e-02  6.10613e-03
 6.70580e-02  3.88474e-03
 6.95534e-02  4.00534e-03
 6.82012e-02  6.10613e-03

 6.78121e-02  8.38535e-03
 6.74676e-02  1.21373e-02
 6.64215e-02  9.86856e-03
 6.89093e-02  1.00970e-02
 6.74676e-02  1.21373e-02

 6.67199e-02  1.38860e-02
 6.61454e-02  1.86538e-02
 6.51641e-02  1.63563e-02
 6.76444e-02  1.66552e-02
 6.61454e-02  1.86538e-02

 6.50948e-02  1.92533e-02
 6.38991e-02  2.51069e-02
 6.31082e-02  2.27371e-02
 6.55560e-02  2.32371e-02
 6.38991e-02  2.51069e-02

 6.29524e-02  2.44357e-02
 6.11154e-02  3.17937e-02
 6.04275e-02  2.93920e-02
 6.28514e-02  2.99971e-02
 6.11154e-02  3.17937e-02

 6.03133e-02  2.93833e-02
 5.72609e-02  3.84909e-02
 5.67640e-02  3.60425e-02
 5.91329e-02  3.68364e-02
 5.72609e-02  3.84909e-02

 5.72030e-02  3.40487e-02
 5.30088e-02  4.49848e-02
 5.26173e-02  4.25174e-02
 5.49499e-02  4.34120e-02
 5.30088e-02  4.49848e-02

 5.09292e-02 -3.43878e-02
 5.95070e-02 -1.65145e-02
 5.74447e-02 -1.79246e-02
 5.96970e-02 -1.90056e-02
 5.95070e-02 -1.65145e-02

 5.42846e-02 -2.97587e-02
 6.11290e-02 -1.16383e-02
 5.91959e-02 -1.32210e-02
 6.15331e-02 -1.41038e-02
 6.11290e-02 -1.16383e-02

 5.71388e-02 -2.48044e-02
 6.27640e-02 -6.80052e-03
 6.09265e-02 -8.49314e-03
 6.33111e-02 -9.23821e-03
 6.27640e-02 -6.80052e-03

 5.94606e-02 -1.95792e-02
 6.39566e-02 -1.87581e-03
 6.22133e-02 -3.66538e-03
 6.46347e-02 -4.28034e-03
 6.39566e-02 -1.87581e-03

 6.12246e-02 -1.41400e-02
 6.46038e-02  3.34628e-03
 6.29668e-02  1.45899e-03
 6.54197e-02  9.84953e-04
 6.46038e-02  3.34628e-03

 6.24114e-02 -8.54628e-03
 6.45195e-02  9.10213e-03
 6.30225e-02  7.10195e-03
 6.55032e-02  6.80563e-03
 6.45195e-02  9.10213e-03

 6.30080e-02 -2.85918e-03
 6.37909e-02  1.49296e-02
 6.24478e-02  1.28230e-02
 6.49437e-02  1.27132e-02
 6.37909e-02  1.49296e-02

 6.30080e-02  2.85918e-03
 6.22644e-02  2.14220e-02
 6.11028e-02  1.92101e-02
 6.35992e-02  1.93101e-02
 6.22644e-02  2.14220e-02

 6.24114e-02  8.54628e-03
 6.00957e-02  2.74086e-02
 5.91195e-02  2.51089e-02
 6.15992e-02  2.54134e-02
 6.00957e-02  2.74086e-02

 6.12246e-02  1.41400e-02
 5.71111e-02  3.42528e-02
 5.63208e-02  3.18827e-02
 5.87684e-02  3.23833e-02
 5.71111e-02  3.42528e-02

 5.94606e-02  1.95792e-02
 5.35086e-02  3.99008e-02
 5.29179e-02  3.74733e-02
 5.53155e-02  3.81756e-02
 5.35086e-02  3.99008e-02

 5.71388e-02  2.48044e-02
 4.91659e-02  4.65571e-02
 4.87376e-02  4.40958e-02
 5.10833e-02  4.49555e-02
 4.91659e-02  4.65571e-02

 5.42846e-02  2.97587e-02
 4.44829e-02  5.14401e-02
 4.42359e-02  4.89540e-02
 4.65125e-02  4.99832e-02
 4.44829e-02  5.14401e-02

 5.09292e-02  3.43878e-02
 3.91731e-02  5.70551e-02
 3.90604e-02  5.45593e-02
 4.12781e-02  5.57095e-02
 3.91731e-02  5.70551e-02

 4.46580e-02 -3.47315e-02
 5.80200e-02 -1.31025e-02
 5.58201e-02 -1.42866e-02
 5.79456e-02 -1.55997e-02
 5.80200e-02 -1.31025e-02

 4.82641e-02 -3.01460e-02
 5.99662e-02 -5.23418e-03
 5.79157e-02 -6.66138e-03
 6.01769e-02 -7.72360e-03
 5.99662e-02 -5.23418e-03

 5.13399e-02 -2.51887e-02
 6.15783e-02  2.50770e-03
 5.96564e-02  9.11428e-04
 6.19997e-02  4.51791e-05
 6.15783e-02  2.50770e-03

 5.38474e-02 -1.99209e-02
 6.24596e-02  9.75673e-03
 6.06570e-02  8.02698e-03
 6.30563e-02  7.33071e-03
 6.24596e-02  9.75673e-03

 5.57557e-02 -1.44073e-02
 6.24964e-02  1.68117e-02
 6.08187e-02  1.49605e-02
 6.32608e-02  1.44332e-02
 6.24964e-02  1.68117e-02

 5.70411e-02 -8.71609e-03
 6.15623e-02  2.31625e-02
 6.00217e-02  2.11958e-02
 6.24953e-02  2.08449e-02
 6.15623e-02  2.31625e-02

 5.76878e-02 -2.91736e-03
 5.98116e-02  2.95858e-02
 5.84240e-02  2.75083e-02
 6.09170e-02  2.73454e-02
 5.98116e-02  2.95858e-02

 5.76878e-02  2.91736e-03
 5.71826e-02  3.51408e-02
 5.59675e-02  3.29578e-02
 5.84655e-02  3.29970e-02
 5.71826e-02  3.51408e-02

 5.70411e-02  8.71609e-03
 5.39117e-02  4.09595e-02
 5.28774e-02  3.86853e-02
 5.53640e-02  3.89267e-02
 5.39117e-02  4.09595e-02

 5.57557e-02  1.44073e-02
 5.00310e-02  4.54765e-02
 4.91946e-02  4.31223e-02
 5.16515e-02  4.35751e-02
 5.00310e-02  4.54765e-02

 5.38474e-02  1.99209e-02
 4.55767e-02  5.04379e-02
 4.49370e-02  4.80229e-02
 4.73483e-02  4.86764e-02
 4.55767e-02  5.04379e-02

 5.13399e-02  2.51887e-02
 4.11472e-02  5.34723e-02
 4.07056e-02  5.10133e-02
 4.30559e-02  5.18603e-02
 4.11472e-02  5.34723e-02

 4.82641e-02  3.01460e-02
 3.59238e-02  5.68356e-02
 3.56980e-02  5.43475e-02
 3.79657e-02  5.53960e-02
 3.59238e-02  5.68356e-02

 4.46580e-02  3.47315e-02
 3.18023e-02  5.80936e-02
 3.17510e-02  5.55958e-02
 3.39398e-02  5.68002e-02
 3.18023e-02  5.80936e-02

 3.83892e-02 -3.50800e-02
 5.13655e-02 -2.21037e-02
 4.89523e-02 -2.27503e-02
 5.07189e-02 -2.45169e-02
 5.13655e-02 -2.21037e-02

 4.22520e-02 -3.05458e-02
 5.43751e-02 -1.50717e-02
 5.20574e-02 -1.60045e-02
 5.40241e-02 -1.75452e-02
 5.43751e-02 -1.50717e-02

 4.55562e-02 -2.55894e-02
 5.65881e-02 -7.34060e-03
 5.43997e-02 -8.54594e-03
 5.65377e-02 -9.83842e-03
 5.65881e-02 -7.34060e-03

 4.82562e-02 -2.02792e-02
 5.76062e-02  4.95328e-04
 5.55791e-02 -9.64989e-04
 5.78573e-02 -1.99034e-03
 5.76062e-02  4.95328e-04

 5.03146e-02 -1.46888e-02
 5.73777e-02  7.97701e-03
 5.55414e-02  6.28300e-03
 5.79266e-02  5.53973e-03
 5.73777e-02  7.97701e-03

 5.17030e-02 -8.89529e-03
 5.60788e-02  1.49832e-02
 5.44601e-02  1.30802e-02
 5.69175e-02  1.26299e-02
 5.60788e-02  1.49832e-02

 5.24020e-02 -2.97882e-03
 5.38752e-02  2.13768e-02
 5.24977e-02  1.92926e-02
 5.49915e-02  1.91418e-02
 5.38752e-02  2.13768e-02

 5.24020e-02  2.97882e-03
 5.09388e-02  2.71674e-02
 4.98226e-02  2.49323e-02
 5.23163e-02  2.50831e-02
 5.09388e-02  2.71674e-02

 5.17030e-02  8.89529e-03
 4.74171e-02  3.22819e-02
 4.65784e-02  2.99285e-02
 4.90358e-02  3.03789e-02
 4.74171e-02  3.22819e-02

 5.03146e-02  1.46888e-02
 4.34130e-02  3.68372e-02
 4.28641e-02  3.43999e-02
 4.52493e-02  3.51432e-02
 4.34130e-02  3.68372e-02

 4.82562e-02  2.02792e-02
 3.92016e-02  4.03978e-02
 3.89504e-02  3.79121e-02
 4.12286e-02  3.89374e-02
 3.92016e-02  4.03978e-02

 4.55562e-02  2.55894e-02
 3.45711e-02  4.37612e-02
 3.46214e-02  4.12634e-02
 3.67594e-02  4.25558e-02
 3.45711e-02  4.37612e-02

 4.22520e-02  3.05458e-02
 3.05750e-02  4.54503e-02
 3.09261e-02  4.29768e-02
 3.28927e-02  4.45175e-02
 3.05750e-02  4.54503e-02

 3.83892e-02  3.50800e-02
 2.52763e-02  4.81930e-02
 2.59229e-02  4.57798e-02
 2.76895e-02  4.75464e-02
 2.52763e-02  4.81930e-02

 3.62312e-02  4.03748e-02
 2.28522e-02  5.71543e-02
 2.32244e-02  5.46838e-02
 2.51777e-02  5.62414e-02
 2.28522e-02  5.71543e-02

 4.27932e-02  4.01897e-02
 2.81577e-02  6.15858e-02
 2.83482e-02  5.90948e-02
 3.04103e-02  6.05053e-02
 2.81577e-02  6.15858e-02

 4.93551e-02  4.00046e-02
 3.95937e-02  5.97766e-02
 3.94314e-02  5.72835e-02
 4.16716e-02  5.83895e-02
 3.95937e-02  5.97766e-02

 5.59171e-02  3.98195e-02
 5.34579e-02  4.72603e-02
 5.29508e-02  4.48139e-02
 5.53229e-02  4.55979e-02
 5.34579e-02  4.72603e-02

 6.24790e-02  3.96344e-02
 6.54008e-02  3.60086e-02
 6.50159e-02  3.84771e-02
 6.30706e-02  3.69095e-02
 6.54008e-02  3.60086e-02

 6.90410e-02  3.94493e-02
 7.46957e-02  2.87560e-02
 7.47885e-02  3.12526e-02
 7.25800e-02  3.00847e-02
 7.46957e-02  2.87560e-02

 7.56029e-02  3.92642e-02
 8.17421e-02  2.60326e-02
 8.19646e-02  2.85210e-02
 7.96983e-02  2.74695e-02
 8.17421e-02  2.60326e-02

 8.21649e-02  3.90791e-02
 8.79952e-02  2.58100e-02
 8.82685e-02  2.82933e-02
 8.59812e-02  2.72883e-02
 8.79952e-02  2.58100e-02

 8.87268e-02  3.88940e-02
 9.42114e-02  2.61348e-02
 9.45046e-02  2.86159e-02
 9.22093e-02  2.76293e-02
 9.42114e-02  2.61348e-02

 9.52888e-02  3.87089e-02
 1.00514e-01  2.62290e-02
 1.00831e-01  2.87072e-02
 9.85262e-02  2.77424e-02
 1.00514e-01  2.62290e-02

 1.01851e-01  3.85238e-02
 1.06058e-01  2.81508e-02
 1.06402e-01  3.06253e-02
 1.04087e-01  2.96863e-02
 1.06058e-01  2.81508e-02

 1.07163e-01  3.72121e-02
 1.08992e-01  3.23666e-02
 1.09397e-01  3.48319e-02
 1.07059e-01  3.39498e-02
 1.08992e-01  3.23666e-02

 3.60414e-02  4.66623e-02
 2.11376e-02  6.40236e-02
 2.15991e-02  6.15683e-02
 2.34947e-02  6.31956e-02
 2.11376e-02  6.40236e-02

 4.29145e-02  4.67353e-02
 3.14792e-02  6.42294e-02
 3.16174e-02  6.17349e-02
 3.37086e-02  6.31018e-02
 3.14792e-02  6.42294e-02

 4.97877e-02  4.68084e-02
 4.53554e-02  5.90125e-02
 4.49199e-02  5.65524e-02
 4.72681e-02  5.74052e-02
 4.53554e-02  5.90125e-02

 5.66609e-02  4.68815e-02
 5.90703e-02  4.69554e-02
 5.68694e-02  4.81376e-02
 5.69461e-02  4.56405e-02
 5.90703e-02  4.69554e-02

 6.35340e-02  4.69545e-02
 6.95770e-02  3.88220e-02
 6.92892e-02  4.13037e-02
 6.72839e-02  3.98136e-02
 6.95770e-02  3.88220e-02

 7.04072e-02  4.70276e-02
 7.77480e-02  3.48992e-02
 7.76963e-02  3.73970e-02
 7.55590e-02  3.61034e-02
 7.77480e-02  3.48992e-02

 7.72803e-02  4.71006e-02
 8.43866e-02  3.42752e-02
 8.44306e-02  3.67732e-02
 8.22453e-02  3.55623e-02
 8.43866e-02  3.42752e-02

 8.41535e-02  4.71737e-02
 9.06896e-02  3.47807e-02
 9.07852e-02  3.72772e-02
 8.85754e-02  3.61118e-02
 9.06896e-02  3.47807e-02

 9.10267e-02  4.72467e-02
 9.70671e-02  3.54779e-02
 9.71905e-02  3.79732e-02
 9.49678e-02  3.68324e-02
 9.70671e-02  3.54779e-02

 9.78998e-02  4.73198e-02
 1.02605e-01  3.73857e-02
 1.02808e-01  3.98758e-02
 1.00550e-01  3.88063e-02
 1.02605e-01  3.73857e-02

 1.03543e-01  4.62399e-02
 1.05836e-01  4.14417e-02
 1.06030e-01  4.39324e-02
 1.03776e-01  4.28553e-02
 1.05836e-01  4.14417e-02

 3.58446e-02  5.29590e-02
 2.34519e-02  6.82145e-02
 2.38465e-02  6.57476e-02
 2.57856e-02  6.73228e-02
 2.34519e-02  6.82145e-02

 4.30150e-02  5.33087e-02
 3.63935e-02  6.48639e-02
 3.63854e-02  6.23656e-02
 3.85530e-02  6.36077e-02
 3.63935e-02  6.48639e-02

 5.01855e-02  5.36583e-02
 5.12413e-02  5.88191e-02
 4.95838e-02  5.69498e-02
 5.20315e-02  5.64490e-02
 5.12413e-02  5.88191e-02

 5.73559e-02  5.40079e-02
 6.39190e-02  4.93683e-02
 6.28734e-02  5.16373e-02
 6.14312e-02  4.95972e-02
 6.39190e-02  4.93683e-02

 6.45264e-02  5.43576e-02
 7.29920e-02  4.42601e-02
 7.25592e-02  4.67206e-02
 7.06447e-02  4.51156e-02
 7.29920e-02  4.42601e-02

 7.16968e-02  5.47072e-02
 8.03898e-02  4.26630e-02
 8.01364e-02  4.51485e-02
 7.81106e-02  4.36864e-02
 8.03898e-02  4.26630e-02

 7.88673e-02  5.50569e-02
 8.67525e-02  4.31866e-02
 8.65958e-02  4.56800e-02
 8.45148e-02  4.42976e-02
 8.67525e-02  4.31866e-02

 8.60378e-02  5.54065e-02
 9.31238e-02  4.43184e-02
 9.30112e-02  4.68142e-02
 9.09061e-02  4.54689e-02
 9.31238e-02  4.43184e-02

 9.32082e-02  5.57561e-02
 9.86421e-02  4.64566e-02
 9.86291e-02  4.89549e-02
 9.64720e-02  4.76945e-02
 9.86421e-02  4.64566e-02

 9.91675e-02  5.49301e-02
 1.01854e-01  5.03526e-02
 1.01836e-01  5.28509e-02
 9.96813e-02  5.15864e-02
 1.01854e-01  5.03526e-02

 3.56402e-02  5.92645e-02
 2.77375e-02  7.07051e-02
 2.79394e-02  6.82149e-02
 2.99950e-02  6.96349e-02
 2.77375e-02  7.07051e-02

 4.30928e-02  5.99083e-02
 4.16852e-02  6.53881e-02
 4.10136e-02  6.29817e-02
 4.34334e-02  6.36033e-02
 4.16852e-02  6.53881e-02

 5.05455e-02  6.05521e-02
 5.59279e-02  5.98929e-02
 5.39322e-02  6.13958e-02
 5.36285e-02  5.89160e-02
 5.59279e-02  5.98929e-02

 5.79981e-02  6.11959e-02
 6.73576e-02  5.36184e-02
 6.64620e-02  5.59507e-02
 6.48900e-02  5.40090e-02
 6.73576e-02  5.36184e-02

 6.54508e-02  6.18396e-02
 7.54536e-02  5.12837e-02
 7.48721e-02  5.37134e-02
 7.30586e-02  5.19950e-02
 7.54536e-02  5.12837e-02

 7.29034e-02  6.24834e-02
 8.22117e-02  5.13711e-02
 8.17799e-02  5.38318e-02
 7.98647e-02  5.22276e-02
 8.22117e-02  5.13711e-02

 8.03561e-02  6.31272e-02
 8.84284e-02  5.29068e-02
 8.80676e-02  5.53789e-02
 8.61071e-02  5.38304e-02
 8.84284e-02  5.29068e-02

 8.78087e-02  6.37710e-02
 9.39111e-02  5.52537e-02
 9.36664e-02  5.77400e-02
 9.16356e-02  5.62849e-02
 9.39111e-02  5.52537e-02

 9.40686e-02  6.32195e-02
 9.70444e-02  5.90119e-02
 9.68150e-02  6.14996e-02
 9.47752e-02  6.00571e-02
 9.70444e-02  5.90119e-02

 3.54277e-02  6.55783e-02
 3.30847e-02  7.32087e-02
 3.25256e-02  7.07737e-02
 3.49139e-02  7.15071e-02
 3.30847e-02  7.32087e-02

 4.31463e-02  6.65328e-02
 4.68396e-02  6.72380e-02
 4.44801e-02  6.80592e-02
 4.49486e-02  6.56052e-02
 4.68396e-02  6.72380e-02

 5.08649e-02  6.74873e-02
 5.94564e-02  6.28167e-02
 5.81521e-02  6.49476e-02
 5.69589e-02  6.27526e-02
 5.94564e-02  6.28167e-02

 5.85835e-02  6.84418e-02
 6.93995e-02  5.95660e-02
 6.85194e-02  6.19042e-02
 6.69345e-02  5.99729e-02
 6.93995e-02  5.95660e-02

 6.63021e-02  6.93964e-02
 7.65575e-02  5.94610e-02
 7.58727e-02  6.18637e-02
 7.41343e-02  6.00693e-02
 7.65575e-02  5.94610e-02

 7.40207e-02  7.03509e-02
 8.29527e-02  6.09889e-02
 8.23630e-02  6.34166e-02
 8.05554e-02  6.16920e-02
 8.29527e-02  6.09889e-02

 8.17393e-02  7.13054e-02
 8.83201e-02  6.35841e-02
 8.78674e-02  6.60410e-02
 8.59660e-02  6.44205e-02
 8.83201e-02  6.35841e-02

 8.82827e-02  7.10484e-02
 9.14993e-02  6.72334e-02
 9.10597e-02  6.96927e-02
 8.91497e-02  6.80823e-02
 9.14993e-02  6.72334e-02

 3.52066e-02  7.18999e-02
 3.81051e-02  7.59841e-02
 3.58342e-02  7.49427e-02
 3.78716e-02  7.34968e-02
 3.81051e-02  7.59841e-02

 4.31738e-02  7.31807e-02
 5.11093e-02  7.07435e-02
 4.94077e-02  7.25728e-02
 4.86743e-02  7.01846e-02
 5.11093e-02  7.07435e-02

 5.11411e-02  7.44615e-02
 6.19121e-02  6.79956e-02
 6.07000e-02  7.01802e-02
 5.94141e-02  6.80382e-02
 6.19121e-02  6.79956e-02

 5.91083e-02  7.57423e-02
 7.02619e-02  6.70791e-02
 6.93194e-02  6.93929e-02
 6.77869e-02  6.74198e-02
 7.02619e-02  6.70791e-02

 6.70756e-02  7.70231e-02
 7.67296e-02  6.87289e-02
 7.59025e-02  7.10864e-02
 7.42745e-02  6.91914e-02
 7.67296e-02  6.87289e-02

 7.50428e-02  7.83039e-02
 8.21298e-02  7.13556e-02
 8.14594e-02  7.37623e-02
 7.97104e-02  7.19783e-02
 8.21298e-02  7.13556e-02

 8.18513e-02  7.83598e-02
 8.52453e-02  7.49658e-02
 8.45987e-02  7.73790e-02
 8.28321e-02  7.56124e-02
 8.52453e-02  7.49658e-02

 3.49763e-02  7.82287e-02
 4.19559e-02  7.94045e-02
 3.96148e-02  8.02769e-02
 4.00298e-02  7.78133e-02
 4.19559e-02  7.94045e-02

 4.31739e-02  7.98502e-02
 5.39542e-02  7.56191e-02
 5.23965e-02  7.75724e-02
 5.14838e-02  7.52468e-02
 5.39542e-02  7.56191e-02

 5.13715e-02  8.14718e-02
 6.30719e-02  7.46419e-02
 6.18331e-02  7.68114e-02
 6.05736e-02  7.46538e-02
 6.30719e-02  7.46419e-02

 5.95692e-02  8.30933e-02
 7.01358e-02  7.57145e-02
 6.90771e-02  7.79774e-02
 6.76467e-02  7.59291e-02
 7.01358e-02  7.57145e-02

 6.77668e-02  8.47149e-02
 7.53102e-02  7.86142e-02
 7.44134e-02  8.09461e-02
 7.28424e-02  7.90035e-02
 7.53102e-02  7.86142e-02

 7.48204e-02  8.51009e-02
 7.84515e-02  8.20395e-02
 7.76026e-02  8.43891e-02
 7.59922e-02  8.24791e-02
 7.84515e-02  8.20395e-02

 3.47364e-02  8.45641e-02
 4.45281e-02  8.32913e-02
 4.25436e-02  8.48089e-02
 4.22215e-02  8.23315e-02
 4.45281e-02  8.32913e-02

 4.31452e-02  8.65397e-02
 5.50437e-02  8.14384e-02
 5.35474e-02  8.34390e-02
 5.25629e-02  8.11429e-02
 5.50437e-02  8.14384e-02

 5.15540e-02  8.85153e-02
 6.25424e-02  8.24756e-02
 6.12480e-02  8.46125e-02
 6.00446e-02  8.24231e-02
 6.25424e-02  8.24756e-02

 5.99628e-02  9.04909e-02
 6.79162e-02  8.52619e-02
 6.67945e-02  8.74943e-02
 6.54221e-02  8.54067e-02
 6.79162e-02  8.52619e-02

 6.72406e-02  9.12228e-02
 7.08504e-02  8.86697e-02
 6.98053e-02  9.09389e-02
 6.83627e-02  8.88992e-02
 7.08504e-02  8.86697e-02

 3.44865e-02  9.09056e-02
 4.58469e-02  8.85408e-02
 4.39833e-02  9.02047e-02
 4.34741e-02  8.77588e-02
 4.58469e-02  8.85408e-02

 4.30864e-02  9.32473e-02
 5.44418e-02  8.85589e-02
 5.29187e-02  9.05392e-02
 5.19652e-02  8.82300e-02
 5.44418e-02  8.85589e-02

 5.16863e-02  9.55889e-02
 5.99123e-02  9.14025e-02
 5.85506e-02  9.34971e-02
 5.74175e-02  9.12705e-02
 5.99123e-02  9.14025e-02

 5.91663e-02  9.66810e-02
 6.29502e-02  9.44605e-02
 6.17164e-02  9.66329e-02
 6.04520e-02  9.44782e-02
 6.29502e-02  9.44605e-02

 3.42262e-02  9.72525e-02
 4.51309e-02  9.43504e-02
 4.33614e-02  9.61140e-02
 4.27188e-02  9.36997e-02
 4.51309e-02  9.43504e-02

 4.29965e-02  9.99709e-02
 5.13599e-02  9.66981e-02
 4.98003e-02  9.86499e-02
 4.88898e-02  9.63233e-02
 5.13599e-02  9.66981e-02

 5.06554e-02  1.01436e-01
 5.43906e-02  9.96510e-02
 5.29770e-02  1.01711e-01
 5.18999e-02  9.94567e-02
 5.43906e-02  9.96510e-02

 3.39552e-02  1.03604e-01
 4.22347e-02  1.01825e-01
 4.03818e-02  1.03501e-01
 3.98569e-02  1.01058e-01
 4.22347e-02  1.01825e-01

 4.17692e-02  1.05453e-01
 4.57338e-02  1.03957e-01
 4.41506e-02  1.05889e-01
 4.32685e-02  1.03552e-01
 4.57338e-02  1.03957e-01

 3.25715e-02  1.08703e-01
 3.60352e-02  1.07722e-01
 3.42938e-02  1.09513e-01
 3.36131e-02  1.07109e-01
 3.60352e-02  1.07722e-01

 2.67687e-02  1.08827e-01
 3.16582e-02  1.07664e-01
 2.98423e-02  1.09380e-01
 2.92642e-02  1.06949e-01
 3.16582e-02  1.07664e-01

 2.19798e-02  1.09951e-01
 2.64323e-02  1.09090e-01
 2.45453e-02  1.10727e-01
 2.40709e-02  1.08274e-01
 2.64323e-02  1.09090e-01

 1.71443e-02  1.10855e-01
 2.11411e-02  1.10256e-01
 1.91863e-02  1.11812e-01
 1.88164e-02  1.09341e-01
 2.11411e-02  1.10256e-01

 1.22723e-02  1.11537e-01
 1.50247e-02  1.11243e-01
 1.30056e-02  1.12715e-01
 1.27409e-02  1.10230e-01
 1.50247e-02  1.11243e-01

 7.37400e-03  1.11995e-01
 9.96302e-03  1.11830e-01
 7.88328e-03  1.13214e-01
 7.72430e-03  1.10721e-01
 9.96302e-03  1.11830e-01

 2.45980e-03  1.12229e-01
 2.45472e-03  1.12229e-01
 4.59133e-03  1.10934e-01
 4.64436e-03  1.13432e-01
 2.45472e-03  1.12229e-01

 2.71017e-02  1.02773e-01
 3.65431e-02  1.01602e-01
 3.45497e-02  1.03108e-01
 3.42422e-02  1.00629e-01
 3.65431e-02  1.01602e-01

 2.22792e-02  1.04089e-01
 3.08395e-02  1.04157e-01
 2.86660e-02  1.05389e-01
 2.86859e-02  1.02891e-01
 3.08395e-02  1.04157e-01

 1.73943e-02  1.05152e-01
 2.48378e-02  1.06199e-01
 2.25213e-02  1.07134e-01
 2.28694e-02  1.04660e-01
 2.48378e-02  1.06199e-01

 1.24603e-02  1.05957e-01
 1.77321e-02  1.08095e-01
 1.52576e-02  1.08440e-01
 1.61965e-02  1.06125e-01
 1.77321e-02  1.08095e-01

 7.49085e-03  1.06504e-01
 1.15551e-02  1.09046e-01
 9.05836e-03  1.08958e-01
 1.03832e-02  1.06840e-01
 1.15551e-02  1.09046e-01

 2.49946e-03  1.06791e-01
 2.49946e-03  1.10887e-01
 1.25030e-03  1.08723e-01
 3.74862e-03  1.08723e-01
 2.49946e-03  1.10887e-01

 2.74372e-02  9.67195e-02
 3.80323e-02  9.55153e-02
 3.60236e-02  9.70008e-02
 3.57415e-02  9.45185e-02
 3.80323e-02  9.55153e-02

 2.25847e-02  9.82294e-02
 3.21488e-02  9.88545e-02
 2.99083e-02  9.99599e-02
 3.00712e-02  9.74669e-02
 3.21488e-02  9.88545e-02

 1.76516e-02  9.94515e-02
 2.58436e-02  1.01803e-01
 2.34193e-02  1.02407e-01
 2.41086e-02  1.00005e-01
 2.58436e-02  1.01803e-01

 1.26550e-02  1.00382e-01
 1.86092e-02  1.04229e-01
 1.61140e-02  1.04104e-01
 1.74699e-02  1.02005e-01
 1.86092e-02  1.04229e-01

 7.61220e-03  1.01016e-01
 1.16867e-02  1.06039e-01
 9.35355e-03  1.05146e-01
 1.12937e-02  1.03572e-01
 1.16867e-02  1.06039e-01

 2.54072e-03  1.01354e-01
 2.54072e-03  1.06669e-01
 1.29156e-03  1.04505e-01
 3.78988e-03  1.04505e-01
 2.54072e-03  1.06669e-01

 2.77751e-02  9.06670e-02
 3.74716e-02  9.09167e-02
 3.52765e-02  9.21098e-02
 3.53408e-02  8.96123e-02
 3.74716e-02  9.09167e-02

 2.28962e-02  9.23719e-02
 3.16531e-02  9.50242e-02
 2.92202e-02  9.55925e-02
 2.99444e-02  9.32015e-02
 3.16531e-02  9.50242e-02

 1.79161e-02  9.37548e-02
 2.52884e-02  9.86293e-02
 2.27947e-02  9.84780e-02
 2.41726e-02  9.63940e-02
 2.52884e-02  9.86293e-02

 1.28562e-02  9.48095e-02
 1.83040e-02  1.01628e-01
 1.59776e-02  1.00717e-01
 1.79294e-02  9.91579e-02
 1.83040e-02  1.01628e-01

 7.73804e-03  9.55317e-02
 1.14518e-02  1.04178e-01
 9.45016e-03  1.02683e-01
 1.17457e-02  1.01697e-01
 1.14518e-02  1.04178e-01

 2.58357e-03  9.59181e-02
 2.58357e-03  1.04513e-01
 1.33441e-03  1.02349e-01
 3.83273e-03  1.02349e-01
 2.58357e-03  1.04513e-01

 2.81154e-02  8.46152e-02
 3.52976e-02  8.64490e-02
 3.28922e-02  8.71240e-02
 3.35103e-02  8.47034e-02
 3.52976e-02  8.64490e-02

 2.32138e-02  8.65167e-02
 2.96007e-02  9.07778e-02
 2.71076e-02  9.06162e-02
 2.84942e-02  8.85379e-02
 2.96007e-02  9.07778e-02

 1.81879e-02  8.80613e-02
 2.33812e-02  9.47349e-02
 2.10666e-02  9.37945e-02
 2.30383e-02  9.22602e-02
 2.33812e-02  9.47349e-02

 1.30640e-02  8.92412e-02
 1.69259e-02  9.77362e-02
 1.48933e-02  9.62835e-02
 1.71676e-02  9.52496e-02
 1.69259e-02  9.77362e-02

 7.86837e-03  9.00500e-02
 1.04516e-02  1.00921e-01
 8.73610e-03  9.91047e-02
 1.11667e-02  9.85272e-02
 1.04516e-02  1.00921e-01

 2.62800e-03  9.04836e-02
 2.62800e-03  1.00311e-01
 1.37883e-03  9.81474e-02
 3.87716e-03  9.81474e-02
 2.62800e-03  1.00311e-01

 2.84583e-02  7.85641e-02
 3.22820e-02  8.29239e-02
 2.99163e-02  8.21209e-02
 3.17945e-02  8.04736e-02
 3.22820e-02  8.29239e-02

 2.35375e-02  8.06635e-02
 2.67571e-02  8.71382e-02
 2.46752e-02  8.57571e-02
 2.69123e-02  8.46447e-02
 2.67571e-02  8.71382e-02

 1.84671e-02  8.23712e-02
 2.08017e-02  9.11081e-02
 1.90363e-02  8.93403e-02
 2.14500e-02  8.86953e-02
 2.08017e-02  9.11081e-02

 1.32784e-02  8.36765e-02
 1.50266e-02  9.38979e-02
 1.34305e-02  9.19759e-02
 1.58931e-02  9.15547e-02
 1.50266e-02  9.38979e-02

 8.00317e-03  8.45714e-02
 9.11247e-03  9.73763e-02
 7.68124e-03  9.53286e-02
 1.01702e-02  9.51130e-02
 9.11247e-03  9.73763e-02

 2.67399e-03  8.50504e-02
 2.67399e-03  9.64893e-02
 1.42483e-03  9.43256e-02
 3.92316e-03  9.43256e-02
 2.67399e-03  9.64893e-02

 2.88037e-02  7.25137e-02
 2.85322e-02  7.94091e-02
 2.73692e-02  7.71980e-02
 2.98655e-02  7.72963e-02
 2.85322e-02  7.94091e-02

 2.38674e-02  7.48125e-02
 2.33320e-02  8.31295e-02
 2.22244e-02  8.08901e-02
 2.47176e-02  8.10506e-02
 2.33320e-02  8.31295e-02

 1.87537e-02  7.66844e-02
 1.77275e-02  8.66599e-02
 1.67063e-02  8.43798e-02
 1.91915e-02  8.46355e-02
 1.77275e-02  8.66599e-02

 1.34994e-02  7.81157e-02
 1.27704e-02  8.88110e-02
 1.16712e-02  8.65674e-02
 1.41638e-02  8.67373e-02
 1.27704e-02  8.88110e-02

 8.14243e-03  7.90961e-02
 7.42231e-03  9.22008e-02
 6.29375e-03  8.99719e-02
 8.78831e-03  9.01090e-02
 7.42231e-03  9.22008e-02

 2.72155e-03  7.96185e-02
 2.72155e-03  9.08780e-02
 1.47239e-03  8.87144e-02
 3.97072e-03  8.87144e-02
 2.72155e-03  9.08780e-02

 2.91516e-02  6.64640e-02
 2.41200e-02  7.60681e-02
 2.40176e-02  7.35719e-02
 2.62306e-02  7.47313e-02
 2.41200e-02  7.60681e-02

 2.42036e-02  6.89636e-02
 1.95272e-02  7.91895e-02
 1.92910e-02  7.67024e-02
 2.15630e-02  7.77414e-02
 1.95272e-02  7.91895e-02

 1.90476e-02  7.10008e-02
 1.44762e-02  8.19453e-02
 1.41575e-02  7.94674e-02
 1.64628e-02  8.04303e-02
 1.44762e-02  8.19453e-02

 1.37270e-02  7.25587e-02
 1.04392e-02  8.33062e-02
 9.87760e-03  8.08718e-02
 1.22666e-02  8.16027e-02
 1.04392e-02  8.33062e-02

 8.28615e-03  7.36240e-02
 5.71662e-03  8.62144e-02
 4.92534e-03  8.38447e-02
 7.37320e-03  8.43442e-02
 5.71662e-03  8.62144e-02

 2.77066e-03  7.41880e-02
 2.77066e-03  8.48753e-02
 1.52150e-03  8.27117e-02
 4.01982e-03  8.27117e-02
 2.77066e-03  8.48753e-02

 2.95021e-02  6.04150e-02
 1.97282e-02  7.21743e-02
 2.01505e-02  6.97120e-02
 2.20718e-02  7.13089e-02
 1.97282e-02  7.21743e-02

 2.45460e-02  6.31167e-02
 1.58141e-02  7.44739e-02
 1.61426e-02  7.19972e-02
 1.81232e-02  7.35200e-02
 1.58141e-02  7.44739e-02

 1.93491e-02  6.53207e-02
 1.14434e-02  7.62211e-02
 1.17025e-02  7.37363e-02
 1.37249e-02  7.52031e-02
 1.14434e-02  7.62211e-02

 1.39613e-02  6.70056e-02
 8.33530e-03  7.66792e-02
 8.34322e-03  7.41808e-02
 1.05029e-02  7.54369e-02
 8.33530e-03  7.66792e-02

 8.43432e-03  6.81554e-02
 4.19391e-03  7.88405e-02
 3.83092e-03  7.63686e-02
 6.15307e-03  7.72902e-02
 4.19391e-03  7.88405e-02

 2.82131e-03  6.87588e-02
 2.82131e-03  7.75442e-02
 1.57215e-03  7.53806e-02
 4.07047e-03  7.53806e-02
 2.82131e-03  7.75442e-02

 2.98552e-02  5.43666e-02
 1.68452e-02  6.71555e-02
 1.75124e-02  6.47479e-02
 1.92638e-02  6.65296e-02
 1.68452e-02  6.71555e-02

 2.48948e-02  5.72719e-02
 1.34155e-02  6.85281e-02
 1.40857e-02  6.61214e-02
 1.58349e-02  6.79052e-02
 1.34155e-02  6.85281e-02

 1.96580e-02  5.96439e-02
 9.57955e-03  6.92637e-02
 1.02822e-02  6.68662e-02
 1.20071e-02  6.86734e-02
 9.57955e-03  6.92637e-02

 1.42022e-02  6.14566e-02
 7.04553e-03  6.90610e-02
 7.61869e-03  6.66293e-02
 9.43801e-03  6.83415e-02
 7.04553e-03  6.90610e-02

 8.58693e-03  6.26901e-02
 3.26375e-03  7.04150e-02
 3.46284e-03  6.79246e-02
 5.52002e-03  6.93422e-02
 3.26375e-03  7.04150e-02

 2.87349e-03  6.33311e-02
 2.87349e-03  6.95174e-02
 1.62433e-03  6.73538e-02
 4.12265e-03  6.73538e-02
 2.87349e-03  6.95174e-02

 3.02108e-02  4.83188e-02
 1.67713e-02  6.02130e-02
 1.75637e-02  5.78437e-02
 1.92194e-02  5.97145e-02
 1.67713e-02  6.02130e-02

 2.52499e-02  5.14291e-02
 1.38530e-02  6.10843e-02
 1.46964e-02  5.87327e-02
 1.63113e-02  6.06389e-02
 1.38530e-02  6.10843e-02

 1.99746e-02  5.39705e-02
 1.02778e-02  6.13820e-02
 1.12383e-02  5.90756e-02
 1.27554e-02  6.10606e-02
 1.02778e-02  6.13820e-02

 1.44499e-02  5.59116e-02
 7.61198e-03  6.11653e-02
 8.56660e-03  5.88566e-02
 1.00887e-02  6.08377e-02
 7.61198e-03  6.11653e-02

 8.74398e-03  5.72284e-02
 3.54546e-03  6.19735e-02
 4.30134e-03  5.95923e-02
 5.98561e-03  6.14375e-02
 3.54546e-03  6.19735e-02

 2.92720e-03  5.79048e-02
 2.92720e-03  6.17120e-02
 1.67803e-03  5.95483e-02
 4.17636e-03  5.95483e-02
 2.92720e-03  6.17120e-02

 3.05691e-02  4.22715e-02
 2.25530e-02  4.85518e-02
 2.34858e-02  4.62342e-02
 2.50265e-02  4.82008e-02
 2.25530e-02  4.85518e-02

 2.56115e-02  4.55882e-02
 1.87578e-02  4.97314e-02
 1.99632e-02  4.75431e-02
 2.12556e-02  4.96811e-02
 1.87578e-02  4.97314e-02

 2.02987e-02  4.83004e-02
 1.45004e-02  5.09099e-02
 1.59607e-02  4.88829e-02
 1.69860e-02  5.11611e-02
 1.45004e-02  5.09099e-02

 1.47043e-02  5.03707e-02
 1.05858e-02  5.16541e-02
 1.22798e-02  4.98178e-02
 1.30231e-02  5.22030e-02
 1.05858e-02  5.16541e-02

 8.90546e-03  5.17703e-02
 5.59343e-03  5.23773e-02
 7.49643e-03  5.07586e-02
 7.94678e-03  5.32160e-02
 5.59343e-03  5.23773e-02

 2.98242e-03  5.24799e-02
 2.95275e-03  5.24817e-02
 5.03699e-03  5.11042e-02
 5.18784e-03  5.35980e-02
 2.95275e-03  5.24817e-02

