#[ Fluid velocity 2D plot data file: flw.dat ]
 2.45980e-03 -1.12229e-01
 2.45964e-03 -1.12229e-01
 4.64928e-03 -1.13432e-01
 4.59625e-03 -1.10934e-01
 2.45964e-03 -1.12229e-01

 7.37400e-03 -1.11995e-01
 6.39099e-03 -1.12058e-01
 8.62971e-03 -1.13167e-01
 8.47072e-03 -1.10673e-01
 6.39099e-03 -1.12058e-01

 1.22723e-02 -1.11537e-01
 1.09999e-02 -1.11672e-01
 1.32837e-02 -1.12685e-01
 1.30190e-02 -1.10201e-01
 1.09999e-02 -1.11672e-01

 1.71443e-02 -1.10855e-01
 1.51865e-02 -1.11148e-01
 1.75112e-02 -1.12063e-01
 1.71413e-02 -1.09592e-01
 1.51865e-02 -1.11148e-01

 2.19798e-02 -1.09951e-01
 1.95817e-02 -1.10415e-01
 2.19431e-02 -1.11230e-01
 2.14687e-02 -1.08777e-01
 1.95817e-02 -1.10415e-01

 2.67687e-02 -1.08827e-01
 2.38469e-02 -1.09522e-01
 2.62408e-02 -1.10236e-01
 2.56628e-02 -1.07806e-01
 2.38469e-02 -1.09522e-01

 2.49946e-03 -1.06791e-01
 2.49946e-03 -1.06185e-01
 1.25030e-03 -1.08348e-01
 3.74862e-03 -1.08348e-01
 2.49946e-03 -1.06185e-01

 7.49085e-03 -1.06504e-01
 4.83763e-03 -1.05898e-01
 6.66867e-03 -1.07598e-01
 7.22511e-03 -1.05162e-01
 4.83763e-03 -1.05898e-01

 1.24603e-02 -1.05957e-01
 8.97393e-03 -1.05686e-01
 1.10339e-02 -1.07099e-01
 1.12281e-02 -1.04608e-01
 8.97393e-03 -1.05686e-01

 1.73943e-02 -1.05152e-01
 1.23657e-02 -1.05135e-01
 1.45251e-02 -1.06391e-01
 1.45334e-02 -1.03893e-01
 1.23657e-02 -1.05135e-01

 2.22792e-02 -1.04089e-01
 1.64152e-02 -1.04693e-01
 1.86954e-02 -1.05714e-01
 1.84393e-02 -1.03229e-01
 1.64152e-02 -1.04693e-01

 2.71017e-02 -1.02773e-01
 2.04467e-02 -1.03993e-01
 2.28001e-02 -1.04832e-01
 2.23495e-02 -1.02374e-01
 2.04467e-02 -1.03993e-01

 2.54072e-03 -1.01354e-01
 2.54072e-03 -9.82472e-02
 1.29156e-03 -1.00411e-01
 3.78988e-03 -1.00411e-01
 2.54072e-03 -9.82472e-02

 7.61220e-03 -1.01016e-01
 3.85147e-03 -9.78456e-02
 4.70037e-03 -1.00195e-01
 6.31080e-03 -9.82853e-02
 3.85147e-03 -9.78456e-02

 1.26550e-02 -1.00382e-01
 7.67157e-03 -9.83218e-02
 9.19395e-03 -1.00303e-01
 1.01483e-02 -9.79939e-02
 7.67157e-03 -9.83218e-02

 1.76516e-02 -9.94515e-02
 1.05583e-02 -9.81722e-02
 1.24659e-02 -9.97856e-02
 1.29093e-02 -9.73269e-02
 1.05583e-02 -9.81722e-02

 2.25847e-02 -9.82294e-02
 1.45028e-02 -9.83513e-02
 1.66850e-02 -9.95677e-02
 1.66474e-02 -9.70696e-02
 1.45028e-02 -9.83513e-02

 2.74372e-02 -9.67195e-02
 1.83932e-02 -9.79252e-02
 2.07029e-02 -9.88775e-02
 2.03728e-02 -9.64010e-02
 1.83932e-02 -9.79252e-02

 2.58357e-03 -9.59181e-02
 2.58357e-03 -9.14513e-02
 1.33441e-03 -9.36150e-02
 3.83273e-03 -9.36150e-02
 2.58357e-03 -9.14513e-02

 7.73804e-03 -9.55317e-02
 2.96849e-03 -9.06185e-02
 3.57923e-03 -9.30410e-02
 5.37183e-03 -9.13008e-02
 2.96849e-03 -9.06185e-02

 1.28562e-02 -9.48095e-02
 6.57990e-03 -9.14478e-02
 7.89734e-03 -9.35705e-02
 9.07695e-03 -9.13682e-02
 6.57990e-03 -9.14478e-02

 1.79161e-02 -9.37548e-02
 9.22019e-03 -9.15231e-02
 1.10054e-02 -9.32709e-02
 1.16264e-02 -9.08510e-02
 9.22019e-03 -9.15231e-02

 2.28962e-02 -9.23719e-02
 1.32549e-02 -9.21552e-02
 1.53899e-02 -9.34526e-02
 1.54460e-02 -9.09550e-02
 1.32549e-02 -9.21552e-02

 2.77751e-02 -9.06670e-02
 1.71489e-02 -9.18233e-02
 1.94350e-02 -9.28311e-02
 1.91647e-02 -9.03474e-02
 1.71489e-02 -9.18233e-02

 2.62800e-03 -9.04836e-02
 2.62800e-03 -8.21307e-02
 1.37883e-03 -8.42943e-02
 3.87716e-03 -8.42943e-02
 2.62800e-03 -8.21307e-02

 7.86837e-03 -9.00500e-02
 2.64312e-03 -8.11757e-02
 2.66448e-03 -8.36739e-02
 4.81733e-03 -8.24063e-02
 2.64312e-03 -8.11757e-02

 1.30640e-02 -8.92412e-02
 6.29127e-03 -8.32077e-02
 7.07588e-03 -8.55796e-02
 8.73772e-03 -8.37142e-02
 6.29127e-03 -8.32077e-02

 1.81879e-02 -8.80613e-02
 9.04633e-03 -8.40568e-02
 1.05269e-02 -8.60691e-02
 1.15294e-02 -8.37807e-02
 9.04633e-03 -8.40568e-02

 2.32138e-02 -8.65167e-02
 1.32557e-02 -8.54105e-02
 1.52682e-02 -8.68909e-02
 1.55440e-02 -8.44078e-02
 1.32557e-02 -8.54105e-02

 2.81154e-02 -8.46152e-02
 1.72642e-02 -8.52384e-02
 1.94959e-02 -8.63615e-02
 1.93527e-02 -8.38672e-02
 1.72642e-02 -8.52384e-02

 2.67399e-03 -8.50504e-02
 2.67399e-03 -7.52473e-02
 1.42483e-03 -7.74109e-02
 3.92316e-03 -7.74109e-02
 2.67399e-03 -7.52473e-02

 8.00317e-03 -8.45714e-02
 3.07872e-03 -7.37200e-02
 2.83531e-03 -7.62064e-02
 5.11033e-03 -7.51740e-02
 3.07872e-03 -7.37200e-02

 1.32784e-02 -8.36765e-02
 6.92712e-03 -7.63372e-02
 7.39834e-03 -7.87907e-02
 9.28751e-03 -7.71558e-02
 6.92712e-03 -7.63372e-02

 1.84671e-02 -8.23712e-02
 9.98206e-03 -7.73708e-02
 1.12119e-02 -7.95455e-02
 1.24803e-02 -7.73931e-02
 9.98206e-03 -7.73708e-02

 2.35375e-02 -8.06635e-02
 1.44663e-02 -7.87994e-02
 1.63342e-02 -8.04585e-02
 1.68371e-02 -7.80113e-02
 1.44663e-02 -7.87994e-02

 2.84583e-02 -7.85641e-02
 1.87423e-02 -7.84728e-02
 2.08941e-02 -7.97423e-02
 2.09176e-02 -7.72440e-02
 1.87423e-02 -7.84728e-02

 2.72155e-03 -7.96185e-02
 2.72155e-03 -6.60087e-02
 1.47239e-03 -6.81723e-02
 3.97072e-03 -6.81723e-02
 2.72155e-03 -6.60087e-02

 8.14243e-03 -7.90961e-02
 4.48064e-03 -6.44109e-02
 3.79206e-03 -6.68125e-02
 6.21616e-03 -6.62080e-02
 4.48064e-03 -6.44109e-02

 1.34994e-02 -7.81157e-02
 8.76104e-03 -6.79342e-02
 8.54142e-03 -7.04229e-02
 1.08065e-02 -6.93688e-02
 8.76104e-03 -6.79342e-02

 1.87537e-02 -7.66844e-02
 1.26633e-02 -6.95449e-02
 1.31171e-02 -7.20017e-02
 1.50178e-02 -7.03802e-02
 1.26633e-02 -6.95449e-02

 2.38674e-02 -7.48125e-02
 1.76351e-02 -7.12964e-02
 1.89057e-02 -7.34475e-02
 2.01333e-02 -7.12716e-02
 1.76351e-02 -7.12964e-02

 2.88037e-02 -7.25137e-02
 2.24760e-02 -7.07870e-02
 2.42344e-02 -7.25617e-02
 2.48921e-02 -7.01515e-02
 2.24760e-02 -7.07870e-02

 2.77066e-03 -7.41880e-02
 2.77066e-03 -6.08647e-02
 1.52150e-03 -6.30283e-02
 4.01982e-03 -6.30283e-02
 2.77066e-03 -6.08647e-02

 8.28615e-03 -7.36240e-02
 6.85963e-03 -5.83880e-02
 5.81760e-03 -6.06587e-02
 8.30505e-03 -6.04258e-02
 6.85963e-03 -5.83880e-02

 1.37270e-02 -7.25587e-02
 1.19163e-02 -6.19163e-02
 1.10478e-02 -6.42588e-02
 1.35107e-02 -6.38398e-02
 1.19163e-02 -6.19163e-02

 1.90476e-02 -7.10008e-02
 1.68754e-02 -6.31646e-02
 1.62496e-02 -6.55833e-02
 1.86571e-02 -6.49159e-02
 1.68754e-02 -6.31646e-02

 2.42036e-02 -6.89636e-02
 2.24700e-02 -6.40961e-02
 2.20192e-02 -6.65534e-02
 2.43727e-02 -6.57152e-02
 2.24700e-02 -6.40961e-02

 2.91516e-02 -6.64640e-02
 2.78188e-02 -6.28889e-02
 2.74041e-02 -6.53526e-02
 2.97451e-02 -6.44799e-02
 2.78188e-02 -6.28889e-02

 2.82131e-03 -6.87588e-02
 2.82131e-03 -5.35011e-02
 1.57215e-03 -5.56647e-02
 4.07047e-03 -5.56647e-02
 2.82131e-03 -5.35011e-02

 8.43432e-03 -6.81554e-02
 1.04070e-02 -5.11977e-02
 8.91621e-03 -5.32025e-02
 1.13978e-02 -5.34912e-02
 1.04070e-02 -5.11977e-02

 1.39613e-02 -6.70056e-02
 1.66272e-02 -5.42539e-02
 1.49617e-02 -5.61161e-02
 1.74072e-02 -5.66274e-02
 1.66272e-02 -5.42539e-02

 1.93491e-02 -6.53207e-02
 2.32302e-02 -5.54023e-02
 2.12785e-02 -5.69620e-02
 2.36051e-02 -5.78724e-02
 2.32302e-02 -5.54023e-02

 2.45460e-02 -6.31167e-02
 2.94060e-02 -5.57834e-02
 2.71695e-02 -5.68968e-02
 2.92520e-02 -5.82770e-02
 2.94060e-02 -5.57834e-02

 2.95021e-02 -6.04150e-02
 3.55226e-02 -5.37232e-02
 3.31468e-02 -5.44962e-02
 3.50041e-02 -5.61672e-02
 3.55226e-02 -5.37232e-02

 2.87349e-03 -6.33311e-02
 2.87349e-03 -5.24843e-02
 1.62433e-03 -5.46480e-02
 4.12265e-03 -5.46480e-02
 2.87349e-03 -5.24843e-02

 8.58693e-03 -6.26901e-02
 1.43186e-02 -4.91610e-02
 1.23244e-02 -5.06659e-02
 1.46248e-02 -5.16404e-02
 1.43186e-02 -4.91610e-02

 1.42022e-02 -6.14566e-02
 2.19995e-02 -5.06481e-02
 1.97206e-02 -5.16719e-02
 2.17467e-02 -5.31336e-02
 2.19995e-02 -5.06481e-02

 1.96580e-02 -5.96439e-02
 3.02072e-02 -4.98827e-02
 2.77708e-02 -5.04352e-02
 2.94675e-02 -5.22690e-02
 3.02072e-02 -4.98827e-02

 2.48948e-02 -5.72719e-02
 3.68005e-02 -4.82359e-02
 3.43219e-02 -4.85489e-02
 3.58323e-02 -5.05390e-02
 3.68005e-02 -4.82359e-02

 2.98552e-02 -5.43666e-02
 4.29352e-02 -4.49104e-02
 4.04499e-02 -4.51657e-02
 4.19136e-02 -4.71903e-02
 4.29352e-02 -4.49104e-02

 2.92720e-03 -5.79048e-02
 2.92720e-03 -4.77800e-02
 1.67803e-03 -4.99437e-02
 4.17636e-03 -4.99437e-02
 2.92720e-03 -4.77800e-02

 8.74398e-03 -5.72284e-02
 1.84425e-02 -4.59138e-02
 1.60860e-02 -4.67435e-02
 1.79828e-02 -4.83694e-02
 1.84425e-02 -4.59138e-02

 1.44499e-02 -5.59116e-02
 2.76231e-02 -4.50189e-02
 2.51596e-02 -4.54350e-02
 2.67517e-02 -4.73603e-02
 2.76231e-02 -4.50189e-02

 1.99746e-02 -5.39705e-02
 3.70888e-02 -4.35627e-02
 3.45912e-02 -4.36196e-02
 3.58893e-02 -4.57542e-02
 3.70888e-02 -4.35627e-02

 2.52499e-02 -5.14291e-02
 4.31187e-02 -4.01656e-02
 4.06222e-02 -4.02626e-02
 4.19544e-02 -4.23761e-02
 4.31187e-02 -4.01656e-02

 3.02108e-02 -4.83188e-02
 4.93173e-02 -3.62776e-02
 4.68208e-02 -3.63743e-02
 4.81529e-02 -3.84880e-02
 4.93173e-02 -3.62776e-02

 2.98242e-03 -5.24799e-02
 3.02577e-03 -5.24773e-02
 7.90680e-04 -5.13611e-02
 9.41524e-04 -5.38548e-02
 3.02577e-03 -5.24773e-02

 8.90546e-03 -5.17703e-02
 1.76978e-02 -5.01590e-02
 1.53445e-02 -4.93204e-02
 1.57948e-02 -5.17778e-02
 1.76978e-02 -5.01590e-02

 1.47043e-02 -5.03707e-02
 2.54533e-02 -4.70212e-02
 2.30161e-02 -4.64723e-02
 2.37593e-02 -4.88575e-02
 2.54533e-02 -4.70212e-02

 2.02987e-02 -4.83004e-02
 3.41192e-02 -4.20804e-02
 3.16335e-02 -4.18292e-02
 3.26589e-02 -4.41075e-02
 3.41192e-02 -4.20804e-02

 2.56115e-02 -4.55882e-02
 3.86870e-02 -3.76838e-02
 3.61891e-02 -3.77341e-02
 3.74816e-02 -3.98721e-02
 3.86870e-02 -3.76838e-02

 3.05691e-02 -4.22715e-02
 4.44283e-02 -3.14136e-02
 4.19548e-02 -3.17646e-02
 4.34955e-02 -3.37312e-02
 4.44283e-02 -3.14136e-02

 3.62105e-02 -4.03946e-02
 5.34270e-02 -2.19795e-02
 5.10369e-02 -2.27069e-02
 5.28619e-02 -2.44131e-02
 5.34270e-02 -2.19795e-02

 3.59826e-02 -4.67171e-02
 5.31386e-02 -3.42065e-02
 5.06544e-02 -3.44720e-02
 5.21264e-02 -3.64906e-02
 5.31386e-02 -3.42065e-02

 3.57546e-02 -5.30396e-02
 4.67642e-02 -4.37898e-02
 4.43041e-02 -4.42252e-02
 4.59112e-02 -4.61380e-02
 4.67642e-02 -4.37898e-02

 3.55267e-02 -5.93621e-02
 3.92941e-02 -5.55205e-02
 3.68873e-02 -5.61906e-02
 3.86711e-02 -5.79398e-02
 3.92941e-02 -5.55205e-02

 3.52987e-02 -6.56846e-02
 3.18912e-02 -6.45883e-02
 3.35683e-02 -6.64401e-02
 3.43335e-02 -6.40619e-02
 3.18912e-02 -6.45883e-02

 3.50707e-02 -7.20071e-02
 2.70401e-02 -7.35688e-02
 2.94024e-02 -7.43820e-02
 2.89255e-02 -7.19296e-02
 2.70401e-02 -7.35688e-02

 3.48428e-02 -7.83296e-02
 2.39836e-02 -8.09321e-02
 2.63787e-02 -8.16427e-02
 2.57965e-02 -7.92131e-02
 2.39836e-02 -8.09321e-02

 3.46148e-02 -8.46521e-02
 2.31168e-02 -8.77650e-02
 2.55317e-02 -8.84054e-02
 2.48788e-02 -8.59939e-02
 2.31168e-02 -8.77650e-02

 3.43869e-02 -9.09746e-02
 2.36483e-02 -9.38704e-02
 2.60626e-02 -9.45132e-02
 2.54121e-02 -9.21010e-02
 2.36483e-02 -9.38704e-02

 3.41589e-02 -9.72971e-02
 2.54675e-02 -9.97380e-02
 2.78883e-02 -1.00356e-01
 2.72128e-02 -9.79503e-02
 2.54675e-02 -9.97380e-02

 3.39310e-02 -1.03620e-01
 2.83962e-02 -1.05246e-01
 3.08242e-02 -1.05834e-01
 3.01200e-02 -1.03437e-01
 2.83962e-02 -1.05246e-01

 3.25715e-02 -1.08703e-01
 3.07149e-02 -1.09315e-01
 3.31608e-02 -1.09824e-01
 3.23787e-02 -1.07451e-01
 3.07149e-02 -1.09315e-01

 4.27359e-02 -4.02461e-02
 5.74810e-02 -2.14947e-02
 5.51617e-02 -2.24233e-02
 5.71255e-02 -2.39676e-02
 5.74810e-02 -2.14947e-02

 4.27526e-02 -4.68905e-02
 5.31839e-02 -3.60830e-02
 5.07825e-02 -3.67723e-02
 5.25801e-02 -3.85073e-02
 5.31839e-02 -3.60830e-02

 4.27694e-02 -5.35349e-02
 4.72554e-02 -4.77125e-02
 4.49453e-02 -4.86640e-02
 4.69244e-02 -5.01889e-02
 4.72554e-02 -4.77125e-02

 4.27862e-02 -6.01793e-02
 4.05181e-02 -6.04923e-02
 4.28321e-02 -6.14339e-02
 4.24906e-02 -5.89591e-02
 4.05181e-02 -6.04923e-02

 4.28029e-02 -6.68237e-02
 3.51575e-02 -6.97992e-02
 3.76269e-02 -7.01786e-02
 3.67208e-02 -6.78503e-02
 3.51575e-02 -6.97992e-02

 4.28197e-02 -7.34681e-02
 3.18555e-02 -7.84242e-02
 3.43416e-02 -7.86713e-02
 3.33125e-02 -7.63948e-02
 3.18555e-02 -7.84242e-02

 4.28364e-02 -8.01124e-02
 3.07620e-02 -8.54169e-02
 3.32453e-02 -8.56903e-02
 3.22405e-02 -8.34030e-02
 3.07620e-02 -8.54169e-02

 4.28532e-02 -8.67568e-02
 3.14631e-02 -9.16388e-02
 3.39438e-02 -9.19346e-02
 3.29596e-02 -8.96383e-02
 3.14631e-02 -9.16388e-02

 4.28699e-02 -9.34012e-02
 3.34697e-02 -9.72544e-02
 3.59455e-02 -9.75896e-02
 3.49979e-02 -9.52780e-02
 3.34697e-02 -9.72544e-02

 4.28867e-02 -1.00046e-01
 3.67553e-02 -1.02443e-01
 3.92252e-02 -1.02818e-01
 3.83156e-02 -1.00491e-01
 3.67553e-02 -1.02443e-01

 4.17449e-02 -1.05468e-01
 3.94904e-02 -1.06430e-01
 4.19707e-02 -1.06730e-01
 4.09902e-02 -1.04432e-01
 3.94904e-02 -1.06430e-01

 4.92708e-02 -4.00910e-02
 5.69678e-02 -2.64547e-02
 5.48165e-02 -2.77248e-02
 5.69921e-02 -2.89529e-02
 5.69678e-02 -2.64547e-02

 4.95512e-02 -4.70442e-02
 5.29310e-02 -4.14412e-02
 5.07438e-02 -4.26487e-02
 5.28831e-02 -4.39391e-02
 5.29310e-02 -4.14412e-02

 4.98317e-02 -5.39974e-02
 4.79326e-02 -5.39871e-02
 5.00894e-02 -5.52479e-02
 5.01029e-02 -5.27496e-02
 4.79326e-02 -5.39871e-02

 5.01122e-02 -6.09505e-02
 4.29070e-02 -6.58437e-02
 4.53987e-02 -6.56616e-02
 4.39951e-02 -6.35948e-02
 4.29070e-02 -6.58437e-02

 5.03927e-02 -6.79037e-02
 3.98315e-02 -7.48800e-02
 4.23253e-02 -7.47298e-02
 4.09483e-02 -7.26452e-02
 3.98315e-02 -7.48800e-02

 5.06731e-02 -7.48568e-02
 3.86327e-02 -8.26501e-02
 4.11278e-02 -8.25231e-02
 3.97703e-02 -8.04258e-02
 3.86327e-02 -8.26501e-02

 5.09536e-02 -8.18100e-02
 3.94786e-02 -8.88208e-02
 4.19761e-02 -8.87587e-02
 4.06736e-02 -8.66268e-02
 3.94786e-02 -8.88208e-02

 5.12341e-02 -8.87631e-02
 4.17639e-02 -9.43079e-02
 4.42622e-02 -9.42927e-02
 4.29999e-02 -9.21367e-02
 4.17639e-02 -9.43079e-02

 5.15146e-02 -9.57163e-02
 4.53572e-02 -9.91615e-02
 4.78553e-02 -9.91951e-02
 4.66354e-02 -9.70149e-02
 4.53572e-02 -9.91615e-02

 5.06129e-02 -1.01466e-01
 4.81901e-02 -1.02753e-01
 5.06869e-02 -1.02841e-01
 4.95150e-02 -1.00635e-01
 4.81901e-02 -1.02753e-01

 5.58147e-02 -3.99288e-02
 5.62357e-02 -3.50728e-02
 5.48044e-02 -3.71204e-02
 5.72933e-02 -3.73362e-02
 5.62357e-02 -3.50728e-02

 5.63771e-02 -4.71764e-02
 5.35625e-02 -4.89014e-02
 5.60599e-02 -4.88358e-02
 5.47545e-02 -4.67057e-02
 5.35625e-02 -4.89014e-02

 5.69395e-02 -5.44239e-02
 5.02335e-02 -6.09171e-02
 5.26568e-02 -6.03095e-02
 5.09189e-02 -5.85146e-02
 5.02335e-02 -6.09171e-02

 5.75018e-02 -6.16715e-02
 4.73611e-02 -7.08746e-02
 4.98028e-02 -7.03456e-02
 4.81238e-02 -6.84955e-02
 4.73611e-02 -7.08746e-02

 5.80642e-02 -6.89191e-02
 4.64150e-02 -7.86426e-02
 4.88765e-02 -7.82151e-02
 4.72756e-02 -7.62971e-02
 4.64150e-02 -7.86426e-02

 5.86266e-02 -7.61666e-02
 4.72829e-02 -8.49925e-02
 4.97576e-02 -8.46498e-02
 4.82235e-02 -8.26780e-02
 4.72829e-02 -8.49925e-02

 5.91890e-02 -8.34142e-02
 4.98305e-02 -9.01507e-02
 5.23162e-02 -8.99005e-02
 5.08567e-02 -8.78729e-02
 4.98305e-02 -9.01507e-02

 5.97513e-02 -9.06618e-02
 5.36582e-02 -9.47813e-02
 5.61502e-02 -9.46043e-02
 5.47509e-02 -9.25346e-02
 5.36582e-02 -9.47813e-02

 5.91113e-02 -9.67234e-02
 5.67594e-02 -9.82413e-02
 5.92547e-02 -9.81176e-02
 5.79000e-02 -9.60185e-02
 5.67594e-02 -9.82413e-02

 6.23673e-02 -3.97588e-02
 5.80787e-02 -4.39979e-02
 6.04956e-02 -4.33653e-02
 5.87393e-02 -4.15885e-02
 5.80787e-02 -4.39979e-02

 6.32289e-02 -4.72853e-02
 5.66095e-02 -5.59057e-02
 5.89180e-02 -5.49504e-02
 5.69365e-02 -5.34289e-02
 5.66095e-02 -5.59057e-02

 6.40904e-02 -5.48117e-02
 5.49990e-02 -6.58074e-02
 5.73404e-02 -6.49359e-02
 5.54150e-02 -6.33439e-02
 5.49990e-02 -6.58074e-02

 6.49519e-02 -6.23382e-02
 5.42399e-02 -7.39482e-02
 5.66251e-02 -7.32051e-02
 5.47890e-02 -7.15109e-02
 5.42399e-02 -7.39482e-02

 6.58135e-02 -6.98647e-02
 5.52021e-02 -8.02974e-02
 5.76207e-02 -7.96713e-02
 5.58692e-02 -7.78898e-02
 5.52021e-02 -8.02974e-02

 6.66750e-02 -7.73911e-02
 5.77665e-02 -8.54812e-02
 6.02080e-02 -8.49514e-02
 5.85284e-02 -8.31019e-02
 5.77665e-02 -8.54812e-02

 6.75366e-02 -8.49176e-02
 6.17867e-02 -8.98083e-02
 6.42441e-02 -8.93580e-02
 6.26254e-02 -8.74550e-02
 6.17867e-02 -8.98083e-02

 6.71786e-02 -9.12750e-02
 6.48692e-02 -9.30601e-02
 6.73450e-02 -9.27252e-02
 6.58171e-02 -9.07486e-02
 6.48692e-02 -9.30601e-02

 6.89281e-02 -3.95805e-02
 6.25316e-02 -5.00489e-02
 6.47256e-02 -4.88540e-02
 6.25938e-02 -4.75514e-02
 6.25316e-02 -5.00489e-02

 7.01050e-02 -4.73692e-02
 6.20417e-02 -5.96855e-02
 6.42719e-02 -5.85595e-02
 6.21817e-02 -5.71911e-02
 6.20417e-02 -5.96855e-02

 7.12820e-02 -5.51580e-02
 6.18586e-02 -6.78634e-02
 6.41508e-02 -6.68698e-02
 6.21442e-02 -6.53815e-02
 6.18586e-02 -6.78634e-02

 7.24590e-02 -6.29467e-02
 6.27053e-02 -7.45999e-02
 6.50519e-02 -7.37425e-02
 6.31361e-02 -7.21390e-02
 6.27053e-02 -7.45999e-02

 7.36360e-02 -7.07355e-02
 6.52601e-02 -7.98056e-02
 6.76457e-02 -7.90636e-02
 6.58103e-02 -7.73686e-02
 6.52601e-02 -7.98056e-02

 7.48130e-02 -7.85242e-02
 6.93501e-02 -8.39796e-02
 7.17638e-02 -8.33346e-02
 6.99984e-02 -8.15668e-02
 6.93501e-02 -8.39796e-02

 7.47565e-02 -8.51596e-02
 7.26395e-02 -8.71041e-02
 7.50780e-02 -8.65605e-02
 7.33879e-02 -8.47205e-02
 7.26395e-02 -8.71041e-02

 7.54964e-02 -3.93933e-02
 6.84669e-02 -5.23529e-02
 7.05965e-02 -5.10466e-02
 6.84004e-02 -4.98554e-02
 6.84669e-02 -5.23529e-02

 7.70041e-02 -4.74267e-02
 6.88180e-02 -6.07637e-02
 7.10145e-02 -5.95732e-02
 6.88852e-02 -5.82663e-02
 6.88180e-02 -6.07637e-02

 7.85117e-02 -5.54601e-02
 6.98213e-02 -6.78967e-02
 7.20845e-02 -6.68387e-02
 7.00366e-02 -6.54077e-02
 6.98213e-02 -6.78967e-02

 8.00193e-02 -6.34934e-02
 7.22753e-02 -7.35160e-02
 7.45866e-02 -7.25676e-02
 7.26097e-02 -7.10401e-02
 7.22753e-02 -7.35160e-02

 8.15270e-02 -7.15268e-02
 7.64314e-02 -7.75880e-02
 7.87799e-02 -7.67357e-02
 7.68675e-02 -7.51280e-02
 7.64314e-02 -7.75880e-02

 8.17899e-02 -7.84212e-02
 7.98176e-02 -8.05685e-02
 8.22012e-02 -7.98201e-02
 8.03612e-02 -7.81301e-02
 7.98176e-02 -8.05685e-02

 8.20718e-02 -3.91969e-02
 7.50602e-02 -5.27338e-02
 7.71645e-02 -5.13871e-02
 7.49461e-02 -5.02381e-02
 7.50602e-02 -5.27338e-02

 8.39242e-02 -4.74562e-02
 7.62149e-02 -6.04717e-02
 7.83923e-02 -5.92468e-02
 7.62427e-02 -5.79736e-02
 7.62149e-02 -6.04717e-02

 8.57766e-02 -5.57156e-02
 7.86728e-02 -6.65059e-02
 8.09059e-02 -6.53856e-02
 7.88192e-02 -6.40118e-02
 7.86728e-02 -6.65059e-02

 8.76290e-02 -6.39750e-02
 8.27900e-02 -7.06492e-02
 8.50713e-02 -6.96308e-02
 8.30486e-02 -6.81643e-02
 8.27900e-02 -7.06492e-02

 8.82279e-02 -7.11080e-02
 8.64227e-02 -7.34436e-02
 8.87342e-02 -7.24957e-02
 8.67575e-02 -7.09678e-02
 8.64227e-02 -7.34436e-02

 8.86536e-02 -3.89906e-02
 8.19469e-02 -5.24521e-02
 8.40298e-02 -5.10726e-02
 8.17936e-02 -4.99585e-02
 8.19469e-02 -5.24521e-02

 9.08637e-02 -4.74565e-02
 8.43935e-02 -5.91237e-02
 8.65352e-02 -5.78374e-02
 8.43504e-02 -5.66257e-02
 8.43935e-02 -5.91237e-02

 9.30737e-02 -5.59224e-02
 8.85020e-02 -6.33052e-02
 9.07031e-02 -6.21233e-02
 8.85790e-02 -6.08080e-02
 8.85020e-02 -6.33052e-02

 9.40239e-02 -6.32726e-02
 9.23267e-02 -6.59024e-02
 9.45495e-02 -6.47619e-02
 9.24504e-02 -6.34071e-02
 9.23267e-02 -6.59024e-02

 9.52413e-02 -3.87743e-02
 8.95359e-02 -5.12169e-02
 9.15731e-02 -4.97709e-02
 8.93022e-02 -4.87296e-02
 8.95359e-02 -5.12169e-02

 9.78206e-02 -4.74263e-02
 9.35262e-02 -5.56376e-02
 9.56358e-02 -5.42992e-02
 9.34220e-02 -5.31414e-02
 9.35262e-02 -5.56376e-02

 9.91357e-02 -5.49712e-02
 9.75717e-02 -5.79160e-02
 9.96898e-02 -5.65911e-02
 9.74834e-02 -5.54192e-02
 9.75717e-02 -5.79160e-02

 1.01834e-01 -3.85474e-02
 9.80229e-02 -4.76341e-02
 1.00012e-01 -4.61220e-02
 9.77078e-02 -4.51557e-02
 9.80229e-02 -4.76341e-02

 1.03526e-01 -4.62635e-02
 1.02050e-01 -4.97237e-02
 1.04048e-01 -4.82239e-02
 1.01750e-01 -4.72434e-02
 1.02050e-01 -4.97237e-02

 1.07163e-01 -3.72121e-02
 1.05984e-01 -4.07912e-02
 1.07847e-01 -3.91274e-02
 1.05475e-01 -3.83453e-02
 1.05984e-01 -4.07912e-02

 1.07478e-01 -3.14796e-02
 1.05786e-01 -3.74528e-02
 1.07578e-01 -3.57114e-02
 1.05174e-01 -3.50307e-02
 1.05786e-01 -3.74528e-02

 1.08809e-01 -2.67494e-02
 1.07305e-01 -3.30771e-02
 1.09020e-01 -3.12613e-02
 1.06590e-01 -3.06832e-02
 1.07305e-01 -3.30771e-02

 1.09924e-01 -2.19630e-02
 1.08646e-01 -2.85670e-02
 1.10284e-01 -2.66800e-02
 1.07831e-01 -2.62056e-02
 1.08646e-01 -2.85670e-02

 1.10818e-01 -1.71304e-02
 1.09789e-01 -2.40040e-02
 1.11345e-01 -2.20492e-02
 1.08874e-01 -2.16793e-02
 1.09789e-01 -2.40040e-02

 1.11490e-01 -1.22618e-02
 1.10731e-01 -1.93880e-02
 1.12202e-01 -1.73689e-02
 1.09718e-01 -1.71042e-02
 1.10731e-01 -1.93880e-02

 1.11939e-01 -7.36740e-03
 1.11471e-01 -1.47145e-02
 1.12855e-01 -1.26347e-02
 1.10362e-01 -1.24758e-02
 1.11471e-01 -1.47145e-02

 1.12164e-01 -2.45752e-03
 1.12004e-01 -1.00002e-02
 1.13299e-01 -7.86360e-03
 1.10801e-01 -7.81057e-03
 1.12004e-01 -1.00002e-02

 1.12164e-01  2.45752e-03
 1.12327e-01 -5.23957e-03
 1.13530e-01 -3.04993e-03
 1.11033e-01 -3.10296e-03
 1.12327e-01 -5.23957e-03

 1.11939e-01  7.36740e-03
 1.12438e-01 -4.47613e-04
 1.13547e-01  1.79111e-03
 1.11053e-01  1.63212e-03
 1.12438e-01 -4.47613e-04

 1.11490e-01  1.22618e-02
 1.12329e-01  4.39056e-03
 1.13342e-01  6.67433e-03
 1.10857e-01  6.40967e-03
 1.12329e-01  4.39056e-03

 1.10818e-01  1.71304e-02
 1.11998e-01  9.24417e-03
 1.12914e-01  1.15689e-02
 1.10443e-01  1.11990e-02
 1.11998e-01  9.24417e-03

 1.09924e-01  2.19630e-02
 1.11431e-01  1.41714e-02
 1.12246e-01  1.65329e-02
 1.09793e-01  1.60585e-02
 1.11431e-01  1.41714e-02

 1.08809e-01  2.67494e-02
 1.10640e-01  1.90540e-02
 1.11354e-01  2.14480e-02
 1.08924e-01  2.08699e-02
 1.10640e-01  1.90540e-02

 1.07478e-01  3.14796e-02
 1.09562e-01  2.41205e-02
 1.10174e-01  2.65426e-02
 1.07770e-01  2.58619e-02
 1.09562e-01  2.41205e-02

 1.01186e-01 -3.17882e-02
 9.69377e-02 -4.38864e-02
 9.88331e-02 -4.22588e-02
 9.64758e-02 -4.14311e-02
 9.69377e-02 -4.38864e-02

 1.02724e-01 -2.70467e-02
 9.89720e-02 -3.95425e-02
 1.00791e-01 -3.78295e-02
 9.83978e-02 -3.71111e-02
 9.89720e-02 -3.95425e-02

 1.04012e-01 -2.22310e-02
 1.00823e-01 -3.51008e-02
 1.02555e-01 -3.33012e-02
 1.00130e-01 -3.27003e-02
 1.00823e-01 -3.51008e-02

 1.05047e-01 -1.73543e-02
 1.02438e-01 -3.05270e-02
 1.04083e-01 -2.86473e-02
 1.01633e-01 -2.81619e-02
 1.02438e-01 -3.05270e-02

 1.05825e-01 -1.24300e-02
 1.03829e-01 -2.58545e-02
 1.05383e-01 -2.38981e-02
 1.02912e-01 -2.35308e-02
 1.03829e-01 -2.58545e-02

 1.06345e-01 -7.47169e-03
 1.04985e-01 -2.10661e-02
 1.06443e-01 -1.90376e-02
 1.03957e-01 -1.87888e-02
 1.04985e-01 -2.10661e-02

 1.06606e-01 -2.49284e-03
 1.05900e-01 -1.61962e-02
 1.07259e-01 -1.40996e-02
 1.04764e-01 -1.39712e-02
 1.05900e-01 -1.61962e-02

 1.06606e-01  2.49284e-03
 1.06571e-01 -1.12340e-02
 1.07826e-01 -9.07353e-03
 1.05327e-01 -9.06717e-03
 1.06571e-01 -1.12340e-02

 1.06345e-01  7.47169e-03
 1.06994e-01 -6.21264e-03
 1.08139e-01 -3.99236e-03
 1.05643e-01 -4.11054e-03
 1.06994e-01 -6.21264e-03

 1.05825e-01  1.24300e-02
 1.07167e-01 -1.12263e-03
 1.08197e-01  1.15353e-03
 1.05711e-01  9.07396e-04
 1.07167e-01 -1.12263e-03

 1.05047e-01  1.73543e-02
 1.07095e-01  3.98451e-03
 1.08002e-01  6.31234e-03
 1.05532e-01  5.93402e-03
 1.07095e-01  3.98451e-03

 1.04012e-01  2.22310e-02
 1.06766e-01  9.14899e-03
 1.07542e-01  1.15235e-02
 1.05098e-01  1.10088e-02
 1.06766e-01  9.14899e-03

 1.02724e-01  2.70467e-02
 1.06201e-01  1.42365e-02
 1.06840e-01  1.66518e-02
 1.04429e-01  1.59972e-02
 1.06201e-01  1.42365e-02

 1.01186e-01  3.17882e-02
 1.05314e-01  1.93753e-02
 1.05816e-01  2.18225e-02
 1.03446e-01  2.10341e-02
 1.05314e-01  1.93753e-02

 9.48956e-02 -3.21001e-02
 8.94468e-02 -4.58177e-02
 9.14064e-02 -4.42681e-02
 8.90846e-02 -4.33458e-02
 8.94468e-02 -4.58177e-02

 9.66440e-02 -2.73523e-02
 9.19552e-02 -4.14074e-02
 9.38248e-02 -3.97503e-02
 9.14549e-02 -3.89597e-02
 9.19552e-02 -4.14074e-02

 9.81104e-02 -2.25097e-02
 9.42053e-02 -3.68468e-02
 9.59792e-02 -3.50876e-02
 9.35687e-02 -3.44310e-02
 9.42053e-02 -3.68468e-02

 9.92898e-02 -1.75890e-02
 9.61798e-02 -3.21105e-02
 9.78544e-02 -3.02565e-02
 9.54115e-02 -2.97333e-02
 9.61798e-02 -3.21105e-02

 1.00178e-01 -1.26073e-02
 9.78813e-02 -2.72488e-02
 9.94507e-02 -2.53049e-02
 9.69825e-02 -2.49177e-02
 9.78813e-02 -2.72488e-02

 1.00772e-01 -7.58193e-03
 9.92944e-02 -2.22439e-02
 1.00754e-01 -2.02164e-02
 9.82684e-02 -1.99659e-02
 9.92944e-02 -2.22439e-02

 1.01069e-01 -2.53024e-03
 1.00409e-01 -1.71462e-02
 1.01755e-01 -1.50411e-02
 9.92588e-02 -1.49284e-02
 1.00409e-01 -1.71462e-02

 1.01069e-01  2.53024e-03
 1.01221e-01 -1.19531e-02
 1.02447e-01 -9.77650e-03
 9.99488e-02 -9.80262e-03
 1.01221e-01 -1.19531e-02

 1.00772e-01  7.58193e-03
 1.01719e-01 -6.71223e-03
 1.02822e-01 -4.47076e-03
 1.00329e-01 -4.63595e-03
 1.01719e-01 -6.71223e-03

 1.00178e-01  1.26073e-02
 1.01904e-01 -1.43425e-03
 1.02879e-01  8.65580e-04
 1.00400e-01  5.60827e-04
 1.01904e-01 -1.43425e-03

 9.92898e-02  1.75890e-02
 1.01777e-01  3.82000e-03
 1.02621e-01  6.17119e-03
 1.00163e-01  5.72712e-03
 1.01777e-01  3.82000e-03

 9.81104e-02  2.25097e-02
 1.01322e-01  9.04723e-03
 1.02035e-01  1.14417e-02
 9.96049e-02  1.08619e-02
 1.01322e-01  9.04723e-03

 9.66440e-02  2.73523e-02
 1.00568e-01  1.41422e-02
 1.01149e-01  1.65719e-02
 9.87542e-02  1.58606e-02
 1.00568e-01  1.41422e-02

 9.48956e-02  3.21001e-02
 9.94461e-02  1.91476e-02
 9.99075e-02  2.16029e-02
 9.75504e-02  2.07748e-02
 9.94461e-02  1.91476e-02

 8.86078e-02 -3.24155e-02
 8.27053e-02 -4.63092e-02
 8.47010e-02 -4.48063e-02
 8.24016e-02 -4.38294e-02
 8.27053e-02 -4.63092e-02

 9.05712e-02 -2.76667e-02
 8.55325e-02 -4.18345e-02
 8.74345e-02 -4.02145e-02
 8.50806e-02 -3.93774e-02
 8.55325e-02 -4.18345e-02

 9.22203e-02 -2.27996e-02
 8.80799e-02 -3.71738e-02
 8.98791e-02 -3.54404e-02
 8.74784e-02 -3.47489e-02
 8.80799e-02 -3.71738e-02

 9.35483e-02 -1.78350e-02
 9.02922e-02 -3.23358e-02
 9.19850e-02 -3.04984e-02
 8.95474e-02 -2.99511e-02
 9.02922e-02 -3.23358e-02

 9.45492e-02 -1.27941e-02
 9.21850e-02 -2.73571e-02
 9.37647e-02 -2.54216e-02
 9.12987e-02 -2.50212e-02
 9.21850e-02 -2.73571e-02

 9.52189e-02 -7.69840e-03
 9.37387e-02 -2.22284e-02
 9.52007e-02 -2.02025e-02
 9.27153e-02 -1.99493e-02
 9.37387e-02 -2.22284e-02

 9.55545e-02 -2.56980e-03
 9.49401e-02 -1.70099e-02
 9.62801e-02 -1.49013e-02
 9.37840e-02 -1.47951e-02
 9.49401e-02 -1.70099e-02

 9.55545e-02  2.56980e-03
 9.57911e-02 -1.17081e-02
 9.70043e-02 -9.52411e-03
 9.45063e-02 -9.56551e-03
 9.57911e-02 -1.17081e-02

 9.52189e-02  7.69840e-03
 9.62769e-02 -6.38116e-03
 9.73604e-02 -4.13003e-03
 9.48691e-02 -4.31722e-03
 9.62769e-02 -6.38116e-03

 9.45492e-02  1.27941e-02
 9.64052e-02 -1.05314e-03
 9.73559e-02  1.25724e-03
 9.48797e-02  9.25351e-04
 9.64052e-02 -1.05314e-03

 9.35483e-02  1.78350e-02
 9.61770e-02  4.21564e-03
 9.69935e-02  6.57678e-03
 9.45404e-02  6.10330e-03
 9.61770e-02  4.21564e-03

 9.22203e-02  2.27996e-02
 9.55788e-02  9.40537e-03
 9.62643e-02  1.18078e-02
 9.38410e-02  1.12002e-02
 9.55788e-02  9.40537e-03

 9.05712e-02  2.76667e-02
 9.46412e-02  1.44409e-02
 9.51987e-02  1.68762e-02
 9.28109e-02  1.61414e-02
 9.46412e-02  1.44409e-02

 8.86078e-02  3.24155e-02
 9.33094e-02  1.93588e-02
 9.37517e-02  2.18176e-02
 9.14011e-02  2.09712e-02
 9.33094e-02  1.93588e-02

 8.23223e-02 -3.27344e-02
 7.61649e-02 -4.64110e-02
 7.81922e-02 -4.49509e-02
 7.59141e-02 -4.39253e-02
 7.61649e-02 -4.64110e-02

 8.45051e-02 -2.79902e-02
 7.91437e-02 -4.19931e-02
 8.10839e-02 -4.04192e-02
 7.87508e-02 -3.95259e-02
 7.91437e-02 -4.19931e-02

 8.63418e-02 -2.31013e-02
 8.19165e-02 -3.73977e-02
 8.37496e-02 -3.57002e-02
 8.13630e-02 -3.49614e-02
 8.19165e-02 -3.73977e-02

 8.78227e-02 -1.80928e-02
 8.43443e-02 -3.25993e-02
 8.60635e-02 -3.07866e-02
 8.36340e-02 -3.02041e-02
 8.43443e-02 -3.25993e-02

 8.89402e-02 -1.29907e-02
 8.64413e-02 -2.76481e-02
 8.80363e-02 -2.57252e-02
 8.55735e-02 -2.53053e-02
 8.64413e-02 -2.76481e-02

 8.96884e-02 -7.82140e-03
 8.81668e-02 -2.25358e-02
 8.96319e-02 -2.05121e-02
 8.71468e-02 -2.02552e-02
 8.81668e-02 -2.25358e-02

 9.00635e-02 -2.61164e-03
 8.94981e-02 -1.73240e-02
 9.08294e-02 -1.52100e-02
 8.83330e-02 -1.51140e-02
 8.94981e-02 -1.73240e-02

 9.00635e-02  2.61164e-03
 9.04372e-02 -1.20283e-02
 9.16307e-02 -9.83351e-03
 8.91332e-02 -9.89727e-03
 9.04372e-02 -1.20283e-02

 8.96884e-02  7.82140e-03
 9.09536e-02 -6.70886e-03
 9.20103e-02 -4.44504e-03
 8.95214e-02 -4.66176e-03
 9.09536e-02 -6.70886e-03

 8.89402e-02  1.29907e-02
 9.10634e-02 -1.39891e-03
 9.19834e-02  9.23873e-04
 8.95118e-02  5.59182e-04
 9.10634e-02 -1.39891e-03

 8.78227e-02  1.80928e-02
 9.07545e-02  3.85432e-03
 9.15416e-02  6.22540e-03
 8.90946e-02  5.72155e-03
 9.07545e-02  3.85432e-03

 8.63418e-02  2.31013e-02
 9.00236e-02  9.02219e-03
 9.06847e-02  1.14315e-02
 8.82677e-02  1.07994e-02
 9.00236e-02  9.02219e-03

 8.45051e-02  2.79902e-02
 8.88969e-02  1.40825e-02
 8.94366e-02  1.65219e-02
 8.70542e-02  1.57696e-02
 8.88969e-02  1.40825e-02

 8.23223e-02  3.27344e-02
 8.73537e-02  1.90411e-02
 8.77800e-02  2.15028e-02
 8.54349e-02  2.06411e-02
 8.73537e-02  1.90411e-02

 7.60390e-02 -3.30570e-02
 6.98871e-02 -4.59846e-02
 7.19447e-02 -4.45677e-02
 6.96888e-02 -4.34941e-02
 6.98871e-02 -4.59846e-02

 7.84461e-02 -2.83232e-02
 7.29076e-02 -4.18709e-02
 7.48826e-02 -4.03408e-02
 7.25701e-02 -3.93954e-02
 7.29076e-02 -4.18709e-02

 8.04752e-02 -2.34151e-02
 7.58214e-02 -3.75626e-02
 7.76841e-02 -3.58977e-02
 7.53108e-02 -3.51170e-02
 7.58214e-02 -3.75626e-02

 8.21138e-02 -1.83629e-02
 7.84048e-02 -3.29244e-02
 8.01493e-02 -3.11360e-02
 7.77283e-02 -3.05194e-02
 7.84048e-02 -3.29244e-02

 8.33516e-02 -1.31977e-02
 8.06494e-02 -2.80932e-02
 8.22647e-02 -2.61873e-02
 7.98065e-02 -2.57413e-02
 8.06494e-02 -2.80932e-02

 8.41811e-02 -7.95123e-03
 8.25105e-02 -2.30351e-02
 8.39902e-02 -2.10222e-02
 8.15071e-02 -2.07471e-02
 8.25105e-02 -2.30351e-02

 8.45971e-02 -2.65586e-03
 8.39411e-02 -1.78439e-02
 8.52824e-02 -1.57362e-02
 8.27864e-02 -1.56284e-02
 8.39411e-02 -1.78439e-02

 8.45971e-02  2.65586e-03
 8.49487e-02 -1.25270e-02
 8.61474e-02 -1.03350e-02
 8.36498e-02 -1.03928e-02
 8.49487e-02 -1.25270e-02

 8.41811e-02  7.95123e-03
 8.54829e-02 -7.15589e-03
 8.65417e-02 -4.89302e-03
 8.40526e-02 -5.10751e-03
 8.54829e-02 -7.15589e-03

 8.33516e-02  1.31977e-02
 8.55666e-02 -1.74981e-03
 8.64851e-02  5.73539e-04
 8.40138e-02  2.07320e-04
 8.55666e-02 -1.74981e-03

 8.21138e-02  1.83629e-02
 8.51825e-02  3.65024e-03
 8.59635e-02  6.02333e-03
 8.35179e-02  5.51322e-03
 8.51825e-02  3.65024e-03

 8.04752e-02  2.34151e-02
 8.43167e-02  9.04171e-03
 8.49648e-02  1.14545e-02
 8.25512e-02  1.08094e-02
 8.43167e-02  9.04171e-03

 7.84461e-02  2.83232e-02
 8.30061e-02  1.44268e-02
 8.35184e-02  1.68720e-02
 8.11446e-02  1.60931e-02
 8.30061e-02  1.44268e-02

 7.60390e-02  3.30570e-02
 8.12030e-02  1.98026e-02
 8.15815e-02  2.22721e-02
 7.92536e-02  2.13652e-02
 8.12030e-02  1.98026e-02

 6.97580e-02 -3.33835e-02
 6.40520e-02 -4.32099e-02
 6.62187e-02 -4.19661e-02
 6.40582e-02 -4.07116e-02
 6.40520e-02 -4.32099e-02

 7.23943e-02 -2.86660e-02
 6.69285e-02 -3.95645e-02
 6.90151e-02 -3.81905e-02
 6.67819e-02 -3.70705e-02
 6.69285e-02 -3.95645e-02

 7.46212e-02 -2.37417e-02
 6.98296e-02 -3.56040e-02
 7.17982e-02 -3.40657e-02
 6.94817e-02 -3.31300e-02
 6.98296e-02 -3.56040e-02

 7.64223e-02 -1.86459e-02
 7.25151e-02 -3.12405e-02
 7.43493e-02 -2.95441e-02
 7.19631e-02 -2.88039e-02
 7.25151e-02 -3.12405e-02

 7.77847e-02 -1.34155e-02
 7.48734e-02 -2.65769e-02
 7.65603e-02 -2.47342e-02
 7.41210e-02 -2.41946e-02
 7.48734e-02 -2.65769e-02

 7.86984e-02 -8.08825e-03
 7.68542e-02 -2.16109e-02
 7.83843e-02 -1.96360e-02
 7.59089e-02 -1.92984e-02
 7.68542e-02 -2.16109e-02

 7.91570e-02 -2.70259e-03
 7.83623e-02 -1.64259e-02
 7.97344e-02 -1.43381e-02
 7.72403e-02 -1.41937e-02
 7.83623e-02 -1.64259e-02

 7.91570e-02  2.70259e-03
 7.94124e-02 -1.10222e-02
 8.06211e-02 -8.83573e-03
 7.81232e-02 -8.88221e-03
 7.94124e-02 -1.10222e-02

 7.86984e-02  8.08825e-03
 7.99070e-02 -5.48565e-03
 8.09594e-02 -3.21978e-03
 7.84709e-02 -3.44135e-03
 7.99070e-02 -5.48565e-03

 7.77847e-02  1.34155e-02
 7.98927e-02  1.95120e-04
 8.07856e-02  2.52844e-03
 7.83184e-02  2.13504e-03
 7.98927e-02  1.95120e-04

 7.64223e-02  1.86459e-02
 7.92983e-02  5.96415e-03
 8.00380e-02  8.35046e-03
 7.76016e-02  7.79790e-03
 7.92983e-02  5.96415e-03

 7.46212e-02  2.37417e-02
 7.81530e-02  1.18289e-02
 7.87357e-02  1.42583e-02
 7.63404e-02  1.35482e-02
 7.81530e-02  1.18289e-02

 7.23943e-02  2.86660e-02
 7.64044e-02  1.78103e-02
 7.68265e-02  2.02727e-02
 7.44829e-02  1.94070e-02
 7.64044e-02  1.78103e-02

 6.97580e-02  3.33835e-02
 7.41095e-02  2.38484e-02
 7.43477e-02  2.63353e-02
 7.20748e-02  2.52981e-02
 7.41095e-02  2.38484e-02

 6.34793e-02 -3.37140e-02
 6.01650e-02 -3.66842e-02
 6.26099e-02 -3.61705e-02
 6.09426e-02 -3.43100e-02
 6.01650e-02 -3.66842e-02

 6.63500e-02 -2.90192e-02
 6.28973e-02 -3.38722e-02
 6.51694e-02 -3.28334e-02
 6.31337e-02 -3.13851e-02
 6.28973e-02 -3.38722e-02

 6.87800e-02 -2.40817e-02
 6.55495e-02 -3.03417e-02
 6.76517e-02 -2.89919e-02
 6.54316e-02 -2.78462e-02
 6.55495e-02 -3.03417e-02

 7.07490e-02 -1.89425e-02
 6.79971e-02 -2.61374e-02
 6.99368e-02 -2.45628e-02
 6.76033e-02 -2.36703e-02
 6.79971e-02 -2.61374e-02

 7.22404e-02 -1.36448e-02
 7.01262e-02 -2.14560e-02
 7.18972e-02 -1.96939e-02
 6.94857e-02 -1.90412e-02
 7.01262e-02 -2.14560e-02

 7.32416e-02 -8.23282e-03
 7.18535e-02 -1.63436e-02
 7.34497e-02 -1.44217e-02
 7.09872e-02 -1.40003e-02
 7.18535e-02 -1.63436e-02

 7.37443e-02 -2.75195e-03
 7.30635e-02 -1.09530e-02
 7.44874e-02 -8.90011e-03
 7.19976e-02 -8.69341e-03
 7.30635e-02 -1.09530e-02

 7.37443e-02  2.75195e-03
 7.37517e-02 -5.21596e-03
 7.49989e-02 -3.05118e-03
 7.25006e-02 -3.05350e-03
 7.37517e-02 -5.21596e-03

 7.32416e-02  8.23282e-03
 7.38181e-02  6.55149e-04
 7.48996e-02  2.90729e-03
 7.24084e-02  2.71776e-03
 7.38181e-02  6.55149e-04

 7.22404e-02  1.36448e-02
 7.32754e-02  6.83408e-03
 7.41853e-02  9.16082e-03
 7.17153e-02  8.78545e-03
 7.32754e-02  6.83408e-03

 7.07490e-02  1.89425e-02
 7.20929e-02  1.30807e-02
 7.28270e-02  1.54687e-02
 7.03918e-02  1.49104e-02
 7.20929e-02  1.30807e-02

 6.87800e-02  2.40817e-02
 7.02105e-02  1.95524e-02
 7.07501e-02  2.19918e-02
 6.83677e-02  2.12394e-02
 7.02105e-02  1.95524e-02

 6.63500e-02  2.90192e-02
 6.77114e-02  2.61209e-02
 6.79222e-02  2.86104e-02
 6.56609e-02  2.75482e-02
 6.77114e-02  2.61209e-02

 6.34793e-02  3.37140e-02
 6.44666e-02  3.27884e-02
 6.37425e-02  3.51795e-02
 6.20338e-02  3.33569e-02
 6.44666e-02  3.27884e-02

 5.72030e-02 -3.40487e-02
 5.82124e-02 -2.57415e-02
 5.67114e-02 -2.77386e-02
 5.91914e-02 -2.80400e-02
 5.82124e-02 -2.57415e-02

 6.03133e-02 -2.93833e-02
 6.05221e-02 -2.26356e-02
 5.92066e-02 -2.47595e-02
 6.17038e-02 -2.48368e-02
 6.05221e-02 -2.26356e-02

 6.29524e-02 -2.44357e-02
 6.28271e-02 -1.92194e-02
 6.16303e-02 -2.14124e-02
 6.41279e-02 -2.13524e-02
 6.28271e-02 -1.92194e-02

 6.50948e-02 -1.92533e-02
 6.48779e-02 -1.51196e-02
 6.37438e-02 -1.73457e-02
 6.62387e-02 -1.72148e-02
 6.48779e-02 -1.51196e-02

 6.67199e-02 -1.38860e-02
 6.65019e-02 -1.04641e-02
 6.53928e-02 -1.27027e-02
 6.78861e-02 -1.25439e-02
 6.65019e-02 -1.04641e-02

 6.78121e-02 -8.38535e-03
 6.76472e-02 -5.23471e-03
 6.65128e-02 -7.46064e-03
 6.90077e-02 -7.33010e-03
 6.76472e-02 -5.23471e-03

 6.83608e-02 -2.80410e-03
 6.82098e-02  2.67094e-04
 6.70684e-02 -1.95526e-03
 6.95637e-02 -1.83255e-03
 6.82098e-02  2.67094e-04

 6.83608e-02  2.80410e-03
 6.82018e-02  6.26902e-03
 6.70532e-02  4.05043e-03
 6.95489e-02  4.16494e-03
 6.82018e-02  6.26902e-03

 6.78121e-02  8.38535e-03
 6.74541e-02  1.23067e-02
 6.64068e-02  1.00385e-02
 6.88948e-02  1.02656e-02
 6.74541e-02  1.23067e-02

 6.67199e-02  1.38860e-02
 6.60993e-02  1.88195e-02
 6.51299e-02  1.65169e-02
 6.76087e-02  1.68287e-02
 6.60993e-02  1.88195e-02

 6.50948e-02  1.92533e-02
 6.38518e-02  2.52566e-02
 6.30673e-02  2.28846e-02
 6.55137e-02  2.33912e-02
 6.38518e-02  2.52566e-02

 6.29524e-02  2.44357e-02
 6.10347e-02  3.19531e-02
 6.03591e-02  2.95479e-02
 6.27799e-02  3.01654e-02
 6.10347e-02  3.19531e-02

 6.03133e-02  2.93833e-02
 5.72239e-02  3.86066e-02
 5.67266e-02  3.61583e-02
 5.90956e-02  3.69518e-02
 5.72239e-02  3.86066e-02

 5.72030e-02  3.40487e-02
 5.29651e-02  4.50815e-02
 5.25748e-02  4.26139e-02
 5.49070e-02  4.35097e-02
 5.29651e-02  4.50815e-02

 5.09292e-02 -3.43878e-02
 5.94680e-02 -1.65490e-02
 5.74071e-02 -1.79612e-02
 5.96606e-02 -1.90399e-02
 5.94680e-02 -1.65490e-02

 5.42846e-02 -2.97587e-02
 6.11343e-02 -1.16103e-02
 5.92016e-02 -1.31935e-02
 6.15390e-02 -1.40757e-02
 6.11343e-02 -1.16103e-02

 5.71388e-02 -2.48044e-02
 6.27770e-02 -6.72782e-03
 6.09403e-02 -8.42134e-03
 6.33253e-02 -9.16524e-03
 6.27770e-02 -6.72782e-03

 5.94606e-02 -1.95792e-02
 6.39753e-02 -1.76889e-03
 6.22328e-02 -3.55922e-03
 6.46546e-02 -4.17311e-03
 6.39753e-02 -1.76889e-03

 6.12246e-02 -1.41400e-02
 6.46198e-02  3.48119e-03
 6.29838e-02  1.59299e-03
 6.54370e-02  1.12031e-03
 6.46198e-02  3.48119e-03

 6.24114e-02 -8.54628e-03
 6.45406e-02  9.21231e-03
 6.30428e-02  7.21279e-03
 6.55233e-02  6.91537e-03
 6.45406e-02  9.21231e-03

 6.30080e-02 -2.85918e-03
 6.38110e-02  1.50593e-02
 6.24662e-02  1.29538e-02
 6.49620e-02  1.28419e-02
 6.38110e-02  1.50593e-02

 6.30080e-02  2.85918e-03
 6.22962e-02  2.15054e-02
 6.11305e-02  1.92957e-02
 6.36270e-02  1.93910e-02
 6.22962e-02  2.15054e-02

 6.24114e-02  8.54628e-03
 6.01210e-02  2.75136e-02
 5.91402e-02  2.52158e-02
 6.16205e-02  2.55153e-02
 6.01210e-02  2.75136e-02

 6.12246e-02  1.41400e-02
 5.71470e-02  3.42895e-02
 5.63518e-02  3.19211e-02
 5.88005e-02  3.24166e-02
 5.71470e-02  3.42895e-02

 5.94606e-02  1.95792e-02
 5.35418e-02  3.99803e-02
 5.29450e-02  3.75543e-02
 5.53444e-02  3.82504e-02
 5.35418e-02  3.99803e-02

 5.71388e-02  2.48044e-02
 4.92279e-02  4.65384e-02
 4.87941e-02  4.40780e-02
 5.11417e-02  4.49325e-02
 4.92279e-02  4.65384e-02

 5.42846e-02  2.97587e-02
 4.45406e-02  5.14694e-02
 4.42869e-02  4.89840e-02
 4.65662e-02  5.00069e-02
 4.45406e-02  5.14694e-02

 5.09292e-02  3.43878e-02
 3.93068e-02  5.69909e-02
 3.91853e-02  5.44955e-02
 4.14071e-02  5.56379e-02
 3.93068e-02  5.69909e-02

 4.46580e-02 -3.47315e-02
 5.80245e-02 -1.31947e-02
 5.58222e-02 -1.43743e-02
 5.79449e-02 -1.56917e-02
 5.80245e-02 -1.31947e-02

 4.82641e-02 -3.01460e-02
 5.99537e-02 -5.35984e-03
 5.79010e-02 -6.78389e-03
 6.01606e-02 -7.84958e-03
 5.99537e-02 -5.35984e-03

 5.13399e-02 -2.51887e-02
 6.15765e-02  2.35780e-03
 5.96519e-02  7.64823e-04
 6.19938e-02 -1.05439e-04
 6.15765e-02  2.35780e-03

 5.38474e-02 -1.99209e-02
 6.24549e-02  9.59434e-03
 6.06499e-02  7.86698e-03
 6.30483e-02  7.16753e-03
 6.24549e-02  9.59434e-03

 5.57557e-02 -1.44073e-02
 6.24839e-02  1.66269e-02
 6.08047e-02  1.47770e-02
 6.32463e-02  1.42477e-02
 6.24839e-02  1.66269e-02

 5.70411e-02 -8.71609e-03
 6.15508e-02  2.29827e-02
 6.00094e-02  2.10166e-02
 6.24828e-02  2.06647e-02
 6.15508e-02  2.29827e-02

 5.76878e-02 -2.91736e-03
 5.98001e-02  2.93785e-02
 5.84124e-02  2.73010e-02
 6.09054e-02  2.71380e-02
 5.98001e-02  2.93785e-02

 5.76878e-02  2.91736e-03
 5.71800e-02  3.49609e-02
 5.59653e-02  3.27777e-02
 5.84633e-02  3.28173e-02
 5.71800e-02  3.49609e-02

 5.70411e-02  8.71609e-03
 5.39167e-02  4.07421e-02
 5.28835e-02  3.84674e-02
 5.53700e-02  3.87100e-02
 5.39167e-02  4.07421e-02

 5.57557e-02  1.44073e-02
 5.00390e-02  4.53141e-02
 4.92042e-02  4.29594e-02
 5.16608e-02  4.34138e-02
 5.00390e-02  4.53141e-02

 5.38474e-02  1.99209e-02
 4.56084e-02  5.02156e-02
 4.49708e-02  4.78000e-02
 4.73816e-02  4.84556e-02
 4.56084e-02  5.02156e-02

 5.13399e-02  2.51887e-02
 4.11662e-02  5.33224e-02
 4.07272e-02  5.08629e-02
 4.30767e-02  5.17125e-02
 4.11662e-02  5.33224e-02

 4.82641e-02  3.01460e-02
 3.60163e-02  5.66257e-02
 3.57908e-02  5.41376e-02
 3.80583e-02  5.51864e-02
 3.60163e-02  5.66257e-02

 4.46580e-02  3.47315e-02
 3.17916e-02  5.79756e-02
 3.17465e-02  5.54777e-02
 3.39323e-02  5.66876e-02
 3.17916e-02  5.79756e-02

 3.83892e-02 -3.50800e-02
 5.11070e-02 -2.23623e-02
 4.86938e-02 -2.30089e-02
 5.04604e-02 -2.47755e-02
 5.11070e-02 -2.23623e-02

 4.22520e-02 -3.05458e-02
 5.41353e-02 -1.53780e-02
 5.18176e-02 -1.63107e-02
 5.37842e-02 -1.78515e-02
 5.41353e-02 -1.53780e-02

 4.55562e-02 -2.55894e-02
 5.63740e-02 -7.69462e-03
 5.41856e-02 -8.89996e-03
 5.63236e-02 -1.01924e-02
 5.63740e-02 -7.69462e-03

 4.82562e-02 -2.02792e-02
 5.74321e-02  1.08837e-04
 5.54050e-02 -1.35150e-03
 5.76832e-02 -2.37683e-03
 5.74321e-02  1.08837e-04

 5.03146e-02 -1.46888e-02
 5.72495e-02  7.56553e-03
 5.54132e-02  5.87153e-03
 5.77984e-02  5.12825e-03
 5.72495e-02  7.56553e-03

 5.17030e-02 -8.89529e-03
 5.59976e-02  1.45395e-02
 5.43789e-02  1.26365e-02
 5.68363e-02  1.21862e-02
 5.59976e-02  1.45395e-02

 5.24020e-02 -2.97882e-03
 5.38478e-02  2.09244e-02
 5.24703e-02  1.88402e-02
 5.49641e-02  1.86893e-02
 5.38478e-02  2.09244e-02

 5.24020e-02  2.97882e-03
 5.09670e-02  2.67019e-02
 4.98507e-02  2.44668e-02
 5.23445e-02  2.46177e-02
 5.09670e-02  2.67019e-02

 5.17030e-02  8.89529e-03
 4.74985e-02  3.18382e-02
 4.66598e-02  2.94848e-02
 4.91172e-02  2.99352e-02
 4.74985e-02  3.18382e-02

 5.03146e-02  1.46888e-02
 4.35524e-02  3.63900e-02
 4.30035e-02  3.39527e-02
 4.53887e-02  3.46960e-02
 4.35524e-02  3.63900e-02

 4.82562e-02  2.02792e-02
 3.93787e-02  4.00043e-02
 3.91275e-02  3.75186e-02
 4.14058e-02  3.85439e-02
 3.93787e-02  4.00043e-02

 4.55562e-02  2.55894e-02
 3.48247e-02  4.33415e-02
 3.48750e-02  4.08436e-02
 3.70130e-02  4.21361e-02
 3.48247e-02  4.33415e-02

 4.22520e-02  3.05458e-02
 3.07902e-02  4.51755e-02
 3.11412e-02  4.27019e-02
 3.31078e-02  4.42427e-02
 3.07902e-02  4.51755e-02

 3.83892e-02  3.50800e-02
 2.56278e-02  4.78415e-02
 2.62744e-02  4.54283e-02
 2.80410e-02  4.71949e-02
 2.56278e-02  4.78415e-02

 3.62312e-02  4.03748e-02
 2.30713e-02  5.68317e-02
 2.34469e-02  5.43618e-02
 2.53981e-02  5.59221e-02
 2.30713e-02  5.68317e-02

 4.27932e-02  4.01897e-02
 2.83261e-02  6.14682e-02
 2.85096e-02  5.89766e-02
 3.05756e-02  6.03813e-02
 2.83261e-02  6.14682e-02

 4.93551e-02  4.00046e-02
 3.96276e-02  5.97001e-02
 3.94657e-02  5.72071e-02
 4.17058e-02  5.83134e-02
 3.96276e-02  5.97001e-02

 5.59171e-02  3.98195e-02
 5.34375e-02  4.74017e-02
 5.29227e-02  4.49569e-02
 5.52973e-02  4.57335e-02
 5.34375e-02  4.74017e-02

 6.24790e-02  3.96344e-02
 6.53668e-02  3.61637e-02
 6.49432e-02  3.86259e-02
 6.30227e-02  3.70279e-02
 6.53668e-02  3.61637e-02

 6.90410e-02  3.94493e-02
 7.46757e-02  2.88659e-02
 7.47615e-02  3.13628e-02
 7.25563e-02  3.01887e-02
 7.46757e-02  2.88659e-02

 7.56029e-02  3.92642e-02
 8.17408e-02  2.60860e-02
 8.19597e-02  2.85748e-02
 7.96949e-02  2.75199e-02
 8.17408e-02  2.60860e-02

 8.21649e-02  3.90791e-02
 8.79945e-02  2.58370e-02
 8.82660e-02  2.83205e-02
 8.59794e-02  2.73139e-02
 8.79945e-02  2.58370e-02

 8.87268e-02  3.88940e-02
 9.42114e-02  2.61638e-02
 9.45025e-02  2.86451e-02
 9.22081e-02  2.76566e-02
 9.42114e-02  2.61638e-02

 9.52888e-02  3.87089e-02
 1.00505e-01  2.62553e-02
 1.00822e-01  2.87335e-02
 9.85172e-02  2.77683e-02
 1.00505e-01  2.62553e-02

 1.01851e-01  3.85238e-02
 1.06055e-01  2.81943e-02
 1.06397e-01  3.06692e-02
 1.04083e-01  2.97273e-02
 1.06055e-01  2.81943e-02

 1.07163e-01  3.72121e-02
 1.08954e-01  3.24660e-02
 1.09359e-01  3.49313e-02
 1.07022e-01  3.40492e-02
 1.08954e-01  3.24660e-02

 3.60414e-02  4.66623e-02
 2.13612e-02  6.38600e-02
 2.18158e-02  6.14034e-02
 2.37160e-02  6.30254e-02
 2.13612e-02  6.38600e-02

 4.29145e-02  4.67353e-02
 3.15614e-02  6.41881e-02
 3.16941e-02  6.16933e-02
 3.37883e-02  6.30556e-02
 3.15614e-02  6.41881e-02

 4.97877e-02  4.68084e-02
 4.53387e-02  5.90659e-02
 4.49027e-02  5.66060e-02
 4.72511e-02  5.74583e-02
 4.53387e-02  5.90659e-02

 5.66609e-02  4.68815e-02
 5.90195e-02  4.71498e-02
 5.67286e-02  4.81464e-02
 5.70109e-02  4.56641e-02
 5.90195e-02  4.71498e-02

 6.35340e-02  4.69545e-02
 6.95542e-02  3.89559e-02
 6.92512e-02  4.14358e-02
 6.72551e-02  3.99334e-02
 6.95542e-02  3.89559e-02

 7.04072e-02  4.70276e-02
 7.77383e-02  3.49717e-02
 7.76814e-02  3.74693e-02
 7.55468e-02  3.61713e-02
 7.77383e-02  3.49717e-02

 7.72803e-02  4.71006e-02
 8.43843e-02  3.43060e-02
 8.44262e-02  3.68039e-02
 8.22419e-02  3.55912e-02
 8.43843e-02  3.43060e-02

 8.41535e-02  4.71737e-02
 9.06881e-02  3.48077e-02
 9.07817e-02  3.73043e-02
 8.85728e-02  3.61370e-02
 9.06881e-02  3.48077e-02

 9.10267e-02  4.72467e-02
 9.70546e-02  3.55026e-02
 9.71780e-02  3.79979e-02
 9.49553e-02  3.68571e-02
 9.70546e-02  3.55026e-02

 9.78998e-02  4.73198e-02
 1.02602e-01  3.74482e-02
 1.02800e-01  3.99387e-02
 1.00544e-01  3.88642e-02
 1.02602e-01  3.74482e-02

 1.03543e-01  4.62399e-02
 1.05778e-01  4.15626e-02
 1.05972e-01  4.40533e-02
 1.03718e-01  4.29762e-02
 1.05778e-01  4.15626e-02

 3.58446e-02  5.29590e-02
 2.36287e-02  6.81119e-02
 2.40142e-02  6.56434e-02
 2.59592e-02  6.72114e-02
 2.36287e-02  6.81119e-02

 4.30150e-02  5.33087e-02
 3.64469e-02  6.49306e-02
 3.64239e-02  6.24324e-02
 3.85989e-02  6.36616e-02
 3.64469e-02  6.49306e-02

 5.01855e-02  5.36583e-02
 5.11905e-02  5.89355e-02
 4.95586e-02  5.70438e-02
 5.20129e-02  5.65764e-02
 5.11905e-02  5.89355e-02

 5.73559e-02  5.40079e-02
 6.38588e-02  4.95382e-02
 6.27834e-02  5.17932e-02
 6.13682e-02  4.97343e-02
 6.38588e-02  4.95382e-02

 6.45264e-02  5.43576e-02
 7.29700e-02  4.43623e-02
 7.25280e-02  4.68212e-02
 7.06195e-02  4.52090e-02
 7.29700e-02  4.43623e-02

 7.16968e-02  5.47072e-02
 8.03735e-02  4.27138e-02
 8.01174e-02  4.51989e-02
 7.80933e-02  4.37345e-02
 8.03735e-02  4.27138e-02

 7.88673e-02  5.50569e-02
 8.67478e-02  4.32183e-02
 8.65887e-02  4.57116e-02
 8.45090e-02  4.43272e-02
 8.67478e-02  4.32183e-02

 8.60378e-02  5.54065e-02
 9.31045e-02  4.43384e-02
 9.29930e-02  4.68343e-02
 9.08873e-02  4.54898e-02
 9.31045e-02  4.43384e-02

 9.32082e-02  5.57561e-02
 9.86276e-02  4.65231e-02
 9.86097e-02  4.90213e-02
 9.64551e-02  4.77567e-02
 9.86276e-02  4.65231e-02

 9.91675e-02  5.49301e-02
 1.01781e-01  5.04758e-02
 1.01764e-01  5.29741e-02
 9.96091e-02  5.17096e-02
 1.01781e-01  5.04758e-02

 3.56402e-02  5.92645e-02
 2.78574e-02  7.07006e-02
 2.80420e-02  6.82091e-02
 3.01074e-02  6.96147e-02
 2.78574e-02  7.07006e-02

 4.30928e-02  5.99083e-02
 4.17008e-02  6.55415e-02
 4.10072e-02  6.31414e-02
 4.34326e-02  6.37407e-02
 4.17008e-02  6.55415e-02

 5.05455e-02  6.05521e-02
 5.58807e-02  6.00538e-02
 5.38426e-02  6.14987e-02
 5.36103e-02  5.90112e-02
 5.58807e-02  6.00538e-02

 5.79981e-02  6.11959e-02
 6.73119e-02  5.37768e-02
 6.63979e-02  5.61019e-02
 6.48413e-02  5.41478e-02
 6.73119e-02  5.37768e-02

 6.54508e-02  6.18396e-02
 7.54356e-02  5.13642e-02
 7.48470e-02  5.37922e-02
 7.30386e-02  5.20684e-02
 7.54356e-02  5.13642e-02

 7.29034e-02  6.24834e-02
 8.22052e-02  5.14176e-02
 8.17692e-02  5.38776e-02
 7.98568e-02  5.22700e-02
 8.22052e-02  5.14176e-02

 8.03561e-02  6.31272e-02
 8.84134e-02  5.29233e-02
 8.80529e-02  5.53955e-02
 8.60922e-02  5.38472e-02
 8.84134e-02  5.29233e-02

 8.78087e-02  6.37710e-02
 9.38891e-02  5.53189e-02
 9.36396e-02  5.78047e-02
 9.16116e-02  5.63457e-02
 9.38891e-02  5.53189e-02

 9.40686e-02  6.32195e-02
 9.69607e-02  5.91305e-02
 9.67312e-02  6.16183e-02
 9.46915e-02  6.01757e-02
 9.69607e-02  5.91305e-02

 3.54277e-02  6.55783e-02
 3.31280e-02  7.32684e-02
 3.25511e-02  7.08376e-02
 3.49447e-02  7.15534e-02
 3.31280e-02  7.32684e-02

 4.31463e-02  6.65328e-02
 4.68119e-02  6.74270e-02
 4.44138e-02  6.81278e-02
 4.50059e-02  6.57007e-02
 4.68119e-02  6.74270e-02

 5.08649e-02  6.74873e-02
 5.94174e-02  6.29946e-02
 5.80829e-02  6.51067e-02
 5.69211e-02  6.28949e-02
 5.94174e-02  6.29946e-02

 5.85835e-02  6.84418e-02
 6.93708e-02  5.96955e-02
 6.84769e-02  6.20284e-02
 6.69034e-02  6.00878e-02
 6.93708e-02  5.96955e-02

 6.63021e-02  6.93964e-02
 7.65580e-02  5.95270e-02
 7.58651e-02  6.19273e-02
 7.41328e-02  6.01271e-02
 7.65580e-02  5.95270e-02

 7.40207e-02  7.03509e-02
 8.29407e-02  6.10116e-02
 8.23497e-02  6.34390e-02
 8.05430e-02  6.17135e-02
 8.29407e-02  6.10116e-02

 8.17393e-02  7.13054e-02
 8.82966e-02  6.36525e-02
 8.78374e-02  6.61083e-02
 8.59403e-02  6.44827e-02
 8.82966e-02  6.36525e-02

 8.82827e-02  7.10484e-02
 9.14041e-02  6.73461e-02
 9.09645e-02  6.98054e-02
 8.90545e-02  6.81950e-02
 9.14041e-02  6.73461e-02

 3.52066e-02  7.18999e-02
 3.80951e-02  7.60903e-02
 3.58387e-02  7.50179e-02
 3.78957e-02  7.36000e-02
 3.80951e-02  7.60903e-02

 4.31738e-02  7.31807e-02
 5.10543e-02  7.09364e-02
 4.93156e-02  7.27304e-02
 4.86313e-02  7.03276e-02
 5.10543e-02  7.09364e-02

 5.11411e-02  7.44615e-02
 6.18679e-02  6.81470e-02
 6.06370e-02  7.03211e-02
 5.93697e-02  6.81681e-02
 6.18679e-02  6.81470e-02

 5.91083e-02  7.57423e-02
 7.02386e-02  6.71873e-02
 6.92844e-02  6.94962e-02
 6.77619e-02  6.75154e-02
 7.02386e-02  6.71873e-02

 6.70756e-02  7.70231e-02
 7.67089e-02  6.87661e-02
 7.58791e-02  7.11226e-02
 7.42532e-02  6.92258e-02
 7.67089e-02  6.87661e-02

 7.50428e-02  7.83039e-02
 8.20951e-02  7.14290e-02
 8.14178e-02  7.38338e-02
 7.96739e-02  7.20449e-02
 8.20951e-02  7.14290e-02

 8.18513e-02  7.83598e-02
 8.51391e-02  7.50720e-02
 8.44925e-02  7.74852e-02
 8.27259e-02  7.57186e-02
 8.51391e-02  7.50720e-02

 3.49763e-02  7.82287e-02
 4.19087e-02  7.95483e-02
 3.95496e-02  8.03708e-02
 4.00168e-02  7.79166e-02
 4.19087e-02  7.95483e-02

 4.31739e-02  7.98502e-02
 5.38737e-02  7.58047e-02
 5.22917e-02  7.77383e-02
 5.14082e-02  7.54015e-02
 5.38737e-02  7.58047e-02

 5.13715e-02  8.14718e-02
 6.30162e-02  7.47865e-02
 6.17618e-02  7.69471e-02
 6.05179e-02  7.47804e-02
 6.30162e-02  7.47865e-02

 5.95692e-02  8.30933e-02
 7.00871e-02  7.57942e-02
 6.90218e-02  7.80540e-02
 6.75974e-02  7.60015e-02
 7.00871e-02  7.57942e-02

 6.77668e-02  8.47149e-02
 7.52642e-02  7.86929e-02
 7.43596e-02  8.10217e-02
 7.27951e-02  7.90739e-02
 7.52642e-02  7.86929e-02

 7.48204e-02  8.51009e-02
 7.83321e-02  8.21401e-02
 7.74831e-02  8.44898e-02
 7.58727e-02  8.25798e-02
 7.83321e-02  8.21401e-02

 3.47364e-02  8.45641e-02
 4.44304e-02  8.34540e-02
 4.24230e-02  8.49412e-02
 4.21387e-02  8.24591e-02
 4.44304e-02  8.34540e-02

 4.31452e-02  8.65397e-02
 5.49390e-02  8.16160e-02
 5.34237e-02  8.36023e-02
 5.24612e-02  8.12968e-02
 5.49390e-02  8.16160e-02

 5.15540e-02  8.85153e-02
 6.24664e-02  8.25830e-02
 6.11621e-02  8.47139e-02
 5.99689e-02  8.25189e-02
 6.24664e-02  8.25830e-02

 5.99628e-02  9.04909e-02
 6.78505e-02  8.53491e-02
 6.67201e-02  8.75771e-02
 6.53558e-02  8.54841e-02
 6.78505e-02  8.53491e-02

 6.72406e-02  9.12228e-02
 7.07340e-02  8.87520e-02
 6.96889e-02  9.10212e-02
 6.82462e-02  8.89815e-02
 7.07340e-02  8.87520e-02

 3.44865e-02  9.09056e-02
 4.56903e-02  8.86926e-02
 4.38097e-02  9.03374e-02
 4.33256e-02  8.78864e-02
 4.56903e-02  8.86926e-02

 4.30864e-02  9.32473e-02
 5.43034e-02  8.86976e-02
 5.27680e-02  9.06684e-02
 5.18289e-02  8.83532e-02
 5.43034e-02  8.86976e-02

 5.16863e-02  9.55889e-02
 5.98171e-02  9.14977e-02
 5.84459e-02  9.35860e-02
 5.73229e-02  9.13543e-02
 5.98171e-02  9.14977e-02

 5.91663e-02  9.66810e-02
 6.28118e-02  9.45416e-02
 6.15780e-02  9.67141e-02
 6.03135e-02  9.45593e-02
 6.28118e-02  9.45416e-02

 3.42262e-02  9.72525e-02
 4.49403e-02  9.44893e-02
 4.31572e-02  9.62392e-02
 4.25333e-02  9.38200e-02
 4.49403e-02  9.44893e-02

 4.29965e-02  9.99709e-02
 5.12190e-02  9.67988e-02
 4.96500e-02  9.87430e-02
 4.87508e-02  9.64121e-02
 5.12190e-02  9.67988e-02

 5.06554e-02  1.01436e-01
 5.42442e-02  9.97210e-02
 5.28306e-02  1.01781e-01
 5.17535e-02  9.95267e-02
 5.42442e-02  9.97210e-02

 3.39552e-02  1.03604e-01
 4.20388e-02  1.01903e-01
 4.01788e-02  1.03571e-01
 3.96643e-02  1.01126e-01
 4.20388e-02  1.01903e-01

 4.17692e-02  1.05453e-01
 4.55494e-02  1.04026e-01
 4.39662e-02  1.05959e-01
 4.30841e-02  1.03621e-01
 4.55494e-02  1.04026e-01

 3.25715e-02  1.08703e-01
 3.58631e-02  1.07771e-01
 3.41216e-02  1.09562e-01
 3.34410e-02  1.07158e-01
 3.58631e-02  1.07771e-01

 2.67687e-02  1.08827e-01
 3.14810e-02  1.07706e-01
 2.96652e-02  1.09422e-01
 2.90871e-02  1.06991e-01
 3.14810e-02  1.07706e-01

 2.19798e-02  1.09951e-01
 2.62642e-02  1.09122e-01
 2.43771e-02  1.10760e-01
 2.39027e-02  1.08307e-01
 2.62642e-02  1.09122e-01

 1.71443e-02  1.10855e-01
 2.09717e-02  1.10282e-01
 1.90169e-02  1.11838e-01
 1.86470e-02  1.09367e-01
 2.09717e-02  1.10282e-01

 1.22723e-02  1.11537e-01
 1.49380e-02  1.11253e-01
 1.29189e-02  1.12724e-01
 1.26542e-02  1.10240e-01
 1.49380e-02  1.11253e-01

 7.37400e-03  1.11995e-01
 9.82256e-03  1.11839e-01
 7.74283e-03  1.13223e-01
 7.58384e-03  1.10730e-01
 9.82256e-03  1.11839e-01

 2.45980e-03  1.12229e-01
 2.45476e-03  1.12229e-01
 4.59137e-03  1.10934e-01
 4.64440e-03  1.13432e-01
 2.45476e-03  1.12229e-01

 2.71017e-02  1.02773e-01
 3.63200e-02  1.01686e-01
 3.43176e-02  1.03180e-01
 3.40250e-02  1.00698e-01
 3.63200e-02  1.01686e-01

 2.22792e-02  1.04089e-01
 3.06179e-02  1.04195e-01
 2.84385e-02  1.05417e-01
 2.84704e-02  1.02919e-01
 3.06179e-02  1.04195e-01

 1.73943e-02  1.05152e-01
 2.46260e-02  1.06208e-01
 2.23045e-02  1.07131e-01
 2.26656e-02  1.04659e-01
 2.46260e-02  1.06208e-01

 1.24603e-02  1.05957e-01
 1.76081e-02  1.08052e-01
 1.51333e-02  1.08394e-01
 1.60750e-02  1.06080e-01
 1.76081e-02  1.08052e-01

 7.49085e-03  1.06504e-01
 1.14132e-02  1.09020e-01
 8.91762e-03  1.08904e-01
 1.02665e-02  1.06801e-01
 1.14132e-02  1.09020e-01

 2.49946e-03  1.06791e-01
 2.49946e-03  1.10763e-01
 1.25030e-03  1.08599e-01
 3.74862e-03  1.08599e-01
 2.49946e-03  1.10763e-01

 2.74372e-02  9.67195e-02
 3.78352e-02  9.56256e-02
 3.58141e-02  9.70943e-02
 3.55528e-02  9.46097e-02
 3.78352e-02  9.56256e-02

 2.25847e-02  9.82294e-02
 3.19541e-02  9.89077e-02
 2.97060e-02  9.99974e-02
 2.98864e-02  9.75056e-02
 3.19541e-02  9.89077e-02

 1.76516e-02  9.94515e-02
 2.56567e-02  1.01794e-01
 2.32293e-02  1.02385e-01
 2.39310e-02  9.99876e-02
 2.56567e-02  1.01794e-01

 1.26550e-02  1.00382e-01
 1.84883e-02  1.04173e-01
 1.59935e-02  1.04041e-01
 1.73550e-02  1.01947e-01
 1.84883e-02  1.04173e-01

 7.61220e-03  1.01016e-01
 1.15748e-02  1.05933e-01
 9.24444e-03  1.05032e-01
 1.11896e-02  1.03464e-01
 1.15748e-02  1.05933e-01

 2.54072e-03  1.01354e-01
 2.54072e-03  1.06588e-01
 1.29156e-03  1.04424e-01
 3.78988e-03  1.04424e-01
 2.54072e-03  1.06588e-01

 2.77751e-02  9.06670e-02
 3.73344e-02  9.10176e-02
 3.51265e-02  9.21866e-02
 3.52180e-02  8.96900e-02
 3.73344e-02  9.10176e-02

 2.28962e-02  9.23719e-02
 3.15104e-02  9.50437e-02
 2.90739e-02  9.55958e-02
 2.98139e-02  9.32096e-02
 3.15104e-02  9.50437e-02

 1.79161e-02  9.37548e-02
 2.51538e-02  9.85716e-02
 2.26605e-02  9.84128e-02
 2.40447e-02  9.63329e-02
 2.51538e-02  9.85716e-02

 1.28562e-02  9.48095e-02
 1.82148e-02  1.01507e-01
 1.58877e-02  1.00598e-01
 1.78385e-02  9.90370e-02
 1.82148e-02  1.01507e-01

 7.73804e-03  9.55317e-02
 1.13559e-02  1.03977e-01
 9.35566e-03  1.02480e-01
 1.16521e-02  1.01496e-01
 1.13559e-02  1.03977e-01

 2.58357e-03  9.59181e-02
 2.58357e-03  1.04330e-01
 1.33441e-03  1.02167e-01
 3.83273e-03  1.02167e-01
 2.58357e-03  1.04330e-01

 2.81154e-02  8.46152e-02
 3.52379e-02  8.65530e-02
 3.28223e-02  8.71903e-02
 3.34781e-02  8.47797e-02
 3.52379e-02  8.65530e-02

 2.32138e-02  8.65167e-02
 2.95293e-02  9.07978e-02
 2.70375e-02  9.06178e-02
 2.84393e-02  8.85498e-02
 2.95293e-02  9.07978e-02

 1.81879e-02  8.80613e-02
 2.33198e-02  9.46654e-02
 2.10058e-02  9.37235e-02
 2.29786e-02  9.21905e-02
 2.33198e-02  9.46654e-02

 1.30640e-02  8.92412e-02
 1.68869e-02  9.76225e-02
 1.48525e-02  9.61724e-02
 1.71256e-02  9.51356e-02
 1.68869e-02  9.76225e-02

 7.86837e-03  9.00500e-02
 1.04037e-02  1.00685e-01
 8.68681e-03  9.88697e-02
 1.11170e-02  9.82903e-02
 1.04037e-02  1.00685e-01

 2.62800e-03  9.04836e-02
 2.62800e-03  1.00156e-01
 1.37883e-03  9.79925e-02
 3.87716e-03  9.79925e-02
 2.62800e-03  1.00156e-01

 2.84583e-02  7.85641e-02
 3.22815e-02  8.30096e-02
 2.99237e-02  8.21837e-02
 3.18178e-02  8.05547e-02
 3.22815e-02  8.30096e-02

 2.35375e-02  8.06635e-02
 2.67469e-02  8.71420e-02
 2.46671e-02  8.57577e-02
 2.69058e-02  8.46487e-02
 2.67469e-02  8.71420e-02

 1.84671e-02  8.23712e-02
 2.08037e-02  9.10109e-02
 1.90330e-02  8.92484e-02
 2.14447e-02  8.85962e-02
 2.08037e-02  9.10109e-02

 1.32784e-02  8.36765e-02
 1.50304e-02  9.37675e-02
 1.34295e-02  9.18495e-02
 1.58910e-02  9.14221e-02
 1.50304e-02  9.37675e-02

 8.00317e-03  8.45714e-02
 9.10920e-03  9.71090e-02
 7.67474e-03  9.50636e-02
 1.01634e-02  9.48440e-02
 9.10920e-03  9.71090e-02

 2.67399e-03  8.50504e-02
 2.67399e-03  9.62996e-02
 1.42483e-03  9.41360e-02
 3.92316e-03  9.41360e-02
 2.67399e-03  9.62996e-02

 2.88037e-02  7.25137e-02
 2.85749e-02  7.94718e-02
 2.73975e-02  7.72683e-02
 2.98945e-02  7.73504e-02
 2.85749e-02  7.94718e-02

 2.38674e-02  7.48125e-02
 2.33726e-02  8.31260e-02
 2.22542e-02  8.08919e-02
 2.47481e-02  8.10404e-02
 2.33726e-02  8.31260e-02

 1.87537e-02  7.66844e-02
 1.77889e-02  8.65577e-02
 1.67560e-02  8.42829e-02
 1.92425e-02  8.45259e-02
 1.77889e-02  8.65577e-02

 1.34994e-02  7.81157e-02
 1.28100e-02  8.86998e-02
 1.17041e-02  8.64596e-02
 1.41972e-02  8.66220e-02
 1.28100e-02  8.86998e-02

 8.14243e-03  7.90961e-02
 7.47073e-03  9.19485e-02
 6.33619e-03  8.97226e-02
 8.83111e-03  8.98530e-02
 7.47073e-03  9.19485e-02

 2.72155e-03  7.96185e-02
 2.72155e-03  9.07261e-02
 1.47239e-03  8.85625e-02
 3.97072e-03  8.85625e-02
 2.72155e-03  9.07261e-02

 2.91516e-02  6.64640e-02
 2.42062e-02  7.60916e-02
 2.40837e-02  7.35963e-02
 2.63059e-02  7.47378e-02
 2.42062e-02  7.60916e-02

 2.42036e-02  6.89636e-02
 1.96127e-02  7.91565e-02
 1.93622e-02  7.66708e-02
 2.16402e-02  7.76968e-02
 1.96127e-02  7.91565e-02

 1.90476e-02  7.10008e-02
 1.45884e-02  8.18281e-02
 1.42573e-02  7.93518e-02
 1.65674e-02  8.03032e-02
 1.45884e-02  8.18281e-02

 1.37270e-02  7.25587e-02
 1.05072e-02  8.31973e-02
 9.93830e-03  8.07646e-02
 1.23295e-02  8.14883e-02
 1.05072e-02  8.31973e-02

 8.28615e-03  7.36240e-02
 5.80706e-03  8.59848e-02
 5.00775e-03  8.36178e-02
 7.45730e-03  8.41090e-02
 5.80706e-03  8.59848e-02

 2.77066e-03  7.41880e-02
 2.77066e-03  8.47339e-02
 1.52150e-03  8.25703e-02
 4.01982e-03  8.25703e-02
 2.77066e-03  8.47339e-02

 2.95021e-02  6.04150e-02
 1.98751e-02  7.21416e-02
 2.02825e-02  6.96767e-02
 2.22134e-02  7.12620e-02
 1.98751e-02  7.21416e-02

 2.45460e-02  6.31167e-02
 1.59525e-02  7.44012e-02
 1.62696e-02  7.19230e-02
 1.82572e-02  7.34367e-02
 1.59525e-02  7.44012e-02

 1.93491e-02  6.53207e-02
 1.16055e-02  7.60925e-02
 1.18542e-02  7.36065e-02
 1.38827e-02  7.50648e-02
 1.16055e-02  7.60925e-02

 1.39613e-02  6.70056e-02
 8.42623e-03  7.65832e-02
 8.42730e-03  7.40849e-02
 1.05904e-02  7.53350e-02
 8.42623e-03  7.65832e-02

 8.43432e-03  6.81554e-02
 4.31858e-03  7.86566e-02
 3.94506e-03  7.61863e-02
 6.27112e-03  7.70980e-02
 4.31858e-03  7.86566e-02

 2.82131e-03  6.87588e-02
 2.82131e-03  7.74447e-02
 1.57215e-03  7.52811e-02
 4.07047e-03  7.52811e-02
 2.82131e-03  7.74447e-02

 2.98552e-02  5.43666e-02
 1.70350e-02  6.70835e-02
 1.76914e-02  6.46730e-02
 1.94508e-02  6.64467e-02
 1.70350e-02  6.70835e-02

 2.48948e-02  5.72719e-02
 1.35978e-02  6.84347e-02
 1.42589e-02  6.60254e-02
 1.60149e-02  6.78025e-02
 1.35978e-02  6.84347e-02

 1.96580e-02  5.96439e-02
 9.77517e-03  6.91540e-02
 1.04680e-02  6.67537e-02
 1.22003e-02  6.85539e-02
 9.77517e-03  6.91540e-02

 1.42022e-02  6.14566e-02
 7.15146e-03  6.90000e-02
 7.71629e-03  6.65664e-02
 9.54147e-03  6.82724e-02
 7.15146e-03  6.90000e-02

 8.58693e-03  6.26901e-02
 3.40615e-03  7.03080e-02
 3.58994e-03  6.78165e-02
 5.65580e-03  6.92214e-02
 3.40615e-03  7.03080e-02

 2.87349e-03  6.33311e-02
 2.87349e-03  6.94712e-02
 1.62433e-03  6.73076e-02
 4.12265e-03  6.73076e-02
 2.87349e-03  6.94712e-02

 3.02108e-02  4.83188e-02
 1.69894e-02  6.00876e-02
 1.77750e-02  5.77160e-02
 1.94361e-02  5.95821e-02
 1.69894e-02  6.00876e-02

 2.52499e-02  5.14291e-02
 1.40359e-02  6.09634e-02
 1.48751e-02  5.86103e-02
 1.64934e-02  6.05136e-02
 1.40359e-02  6.09634e-02

 1.99746e-02  5.39705e-02
 1.04595e-02  6.12838e-02
 1.14137e-02  5.89749e-02
 1.29361e-02  6.09557e-02
 1.04595e-02  6.12838e-02

 1.44499e-02  5.59116e-02
 7.69867e-03  6.11158e-02
 8.64961e-03  5.88056e-02
 1.01749e-02  6.07842e-02
 7.69867e-03  6.11158e-02

 8.74398e-03  5.72284e-02
 3.67538e-03  6.19135e-02
 4.41630e-03  5.95276e-02
 6.11211e-03  6.13622e-02
 3.67538e-03  6.19135e-02

 2.92720e-03  5.79048e-02
 2.92720e-03  6.16755e-02
 1.67803e-03  5.95119e-02
 4.17636e-03  5.95119e-02
 2.92720e-03  6.16755e-02

 3.05691e-02  4.22715e-02
 2.27191e-02  4.84217e-02
 2.36519e-02  4.61040e-02
 2.51927e-02  4.80706e-02
 2.27191e-02  4.84217e-02

 2.56115e-02  4.55882e-02
 1.89072e-02  4.96410e-02
 2.01126e-02  4.74527e-02
 2.14050e-02  4.95907e-02
 1.89072e-02  4.96410e-02

 2.02987e-02  4.83004e-02
 1.46360e-02  5.08490e-02
 1.60964e-02  4.88219e-02
 1.71217e-02  5.11001e-02
 1.46360e-02  5.08490e-02

 1.47043e-02  5.03707e-02
 1.06443e-02  5.16358e-02
 1.23383e-02  4.97996e-02
 1.30815e-02  5.21848e-02
 1.06443e-02  5.16358e-02

 8.90546e-03  5.17703e-02
 5.69162e-03  5.23593e-02
 7.59462e-03  5.07406e-02
 8.04496e-03  5.31980e-02
 5.69162e-03  5.23593e-02

 2.98242e-03  5.24799e-02
 2.95287e-03  5.24817e-02
 5.03711e-03  5.11042e-02
 5.18796e-03  5.35980e-02
 2.95287e-03  5.24817e-02

