#[ Fluid velocity 2D plot data file: flw.dat ]
 2.45980e-03 -1.12229e-01
 2.46071e-03 -1.12229e-01
 2.71075e-04 -1.11026e-01
 3.24103e-04 -1.13524e-01
 2.46071e-03 -1.12229e-01

 7.37400e-03 -1.11995e-01
 6.45802e-03 -1.12053e-01
 8.69674e-03 -1.13162e-01
 8.53775e-03 -1.10669e-01
 6.45802e-03 -1.12053e-01

 1.22723e-02 -1.11537e-01
 1.09952e-02 -1.11673e-01
 1.32790e-02 -1.12686e-01
 1.30144e-02 -1.10201e-01
 1.09952e-02 -1.11673e-01

 1.71443e-02 -1.10855e-01
 1.52201e-02 -1.11143e-01
 1.75449e-02 -1.12058e-01
 1.71750e-02 -1.09587e-01
 1.52201e-02 -1.11143e-01

 2.19798e-02 -1.09951e-01
 1.96121e-02 -1.10409e-01
 2.19735e-02 -1.11224e-01
 2.14992e-02 -1.08772e-01
 1.96121e-02 -1.10409e-01

 2.67687e-02 -1.08827e-01
 2.39306e-02 -1.09502e-01
 2.63245e-02 -1.10216e-01
 2.57465e-02 -1.07786e-01
 2.39306e-02 -1.09502e-01

 2.49946e-03 -1.06791e-01
 2.49946e-03 -1.06099e-01
 1.25030e-03 -1.08263e-01
 3.74862e-03 -1.08263e-01
 2.49946e-03 -1.06099e-01

 7.49085e-03 -1.06504e-01
 4.96254e-03 -1.05794e-01
 6.70753e-03 -1.07582e-01
 7.38342e-03 -1.05177e-01
 4.96254e-03 -1.05794e-01

 1.24603e-02 -1.05957e-01
 8.94945e-03 -1.05585e-01
 1.09694e-02 -1.07055e-01
 1.12326e-02 -1.04571e-01
 8.94945e-03 -1.05585e-01

 1.73943e-02 -1.05152e-01
 1.23949e-02 -1.05074e-01
 1.45389e-02 -1.06357e-01
 1.45776e-02 -1.03859e-01
 1.23949e-02 -1.05074e-01

 2.22792e-02 -1.04089e-01
 1.64172e-02 -1.04629e-01
 1.86863e-02 -1.05675e-01
 1.84570e-02 -1.03187e-01
 1.64172e-02 -1.04629e-01

 2.71017e-02 -1.02773e-01
 2.04577e-02 -1.03937e-01
 2.28045e-02 -1.04794e-01
 2.23731e-02 -1.02334e-01
 2.04577e-02 -1.03937e-01

 2.54072e-03 -1.01354e-01
 2.54072e-03 -9.82924e-02
 1.29156e-03 -1.00456e-01
 3.78988e-03 -1.00456e-01
 2.54072e-03 -9.82924e-02

 7.61220e-03 -1.01016e-01
 4.00387e-03 -9.78978e-02
 4.82397e-03 -1.00258e-01
 6.45764e-03 -9.83675e-02
 4.00387e-03 -9.78978e-02

 1.26550e-02 -1.00382e-01
 7.61661e-03 -9.82951e-02
 9.13764e-03 -1.00277e-01
 1.00935e-02 -9.79688e-02
 7.61661e-03 -9.82951e-02

 1.76516e-02 -9.94515e-02
 1.05793e-02 -9.81819e-02
 1.24882e-02 -9.97937e-02
 1.29296e-02 -9.73347e-02
 1.05793e-02 -9.81819e-02

 2.25847e-02 -9.82294e-02
 1.44836e-02 -9.83148e-02
 1.66603e-02 -9.95411e-02
 1.66339e-02 -9.70429e-02
 1.44836e-02 -9.83148e-02

 2.74372e-02 -9.67195e-02
 1.83950e-02 -9.78964e-02
 2.07017e-02 -9.88558e-02
 2.03793e-02 -9.63784e-02
 1.83950e-02 -9.78964e-02

 2.58357e-03 -9.59181e-02
 2.58357e-03 -9.13314e-02
 1.33441e-03 -9.34950e-02
 3.83273e-03 -9.34950e-02
 2.58357e-03 -9.13314e-02

 7.73804e-03 -9.55317e-02
 3.17360e-03 -9.05920e-02
 3.72451e-03 -9.30288e-02
 5.55941e-03 -9.13333e-02
 3.17360e-03 -9.05920e-02

 1.28562e-02 -9.48095e-02
 6.53543e-03 -9.13526e-02
 7.83429e-03 -9.34868e-02
 9.03308e-03 -9.12948e-02
 6.53543e-03 -9.13526e-02

 1.79161e-02 -9.37548e-02
 9.27366e-03 -9.15063e-02
 1.10530e-02 -9.32600e-02
 1.16821e-02 -9.08421e-02
 9.27366e-03 -9.15063e-02

 2.28962e-02 -9.23719e-02
 1.32534e-02 -9.20876e-02
 1.53792e-02 -9.34000e-02
 1.54529e-02 -9.09028e-02
 1.32534e-02 -9.20876e-02

 2.77751e-02 -9.06670e-02
 1.71759e-02 -9.17846e-02
 1.94586e-02 -9.28000e-02
 1.91966e-02 -9.03154e-02
 1.71759e-02 -9.17846e-02

 2.62800e-03 -9.04836e-02
 2.62800e-03 -8.21924e-02
 1.37883e-03 -8.43561e-02
 3.87716e-03 -8.43561e-02
 2.62800e-03 -8.21924e-02

 7.86837e-03 -9.00500e-02
 2.87322e-03 -8.13728e-02
 2.87006e-03 -8.38711e-02
 5.03525e-03 -8.26247e-02
 2.87322e-03 -8.13728e-02

 1.30640e-02 -8.92412e-02
 6.24680e-03 -8.32040e-02
 7.03839e-03 -8.55736e-02
 8.69473e-03 -8.37032e-02
 6.24680e-03 -8.32040e-02

 1.81879e-02 -8.80613e-02
 9.09430e-03 -8.41047e-02
 1.05799e-02 -8.61134e-02
 1.15766e-02 -8.38225e-02
 9.09430e-03 -8.41047e-02

 2.32138e-02 -8.65167e-02
 1.32500e-02 -8.53509e-02
 1.52537e-02 -8.68430e-02
 1.55441e-02 -8.43616e-02
 1.32500e-02 -8.53509e-02

 2.81154e-02 -8.46152e-02
 1.72907e-02 -8.52190e-02
 1.95205e-02 -8.63457e-02
 1.93814e-02 -8.38513e-02
 1.72907e-02 -8.52190e-02

 2.67399e-03 -8.50504e-02
 2.67399e-03 -7.50596e-02
 1.42483e-03 -7.72232e-02
 3.92316e-03 -7.72232e-02
 2.67399e-03 -7.50596e-02

 8.00317e-03 -8.45714e-02
 3.28883e-03 -7.38054e-02
 3.01243e-03 -7.62884e-02
 5.30096e-03 -7.52863e-02
 3.28883e-03 -7.38054e-02

 1.32784e-02 -8.36765e-02
 6.88290e-03 -7.61988e-02
 7.33987e-03 -7.86550e-02
 9.23850e-03 -7.70311e-02
 6.88290e-03 -7.61988e-02

 1.84671e-02 -8.23712e-02
 1.00410e-02 -7.73321e-02
 1.12568e-02 -7.95146e-02
 1.25390e-02 -7.73705e-02
 1.00410e-02 -7.73321e-02

 2.35375e-02 -8.06635e-02
 1.44781e-02 -7.86880e-02
 1.63259e-02 -8.03695e-02
 1.68582e-02 -7.79285e-02
 1.44781e-02 -7.86880e-02

 2.84583e-02 -7.85641e-02
 1.87986e-02 -7.84055e-02
 2.09414e-02 -7.96901e-02
 2.09824e-02 -7.71921e-02
 1.87986e-02 -7.84055e-02

 2.72155e-03 -7.96185e-02
 2.72155e-03 -6.60291e-02
 1.47239e-03 -6.81928e-02
 3.97072e-03 -6.81928e-02
 2.72155e-03 -6.60291e-02

 8.14243e-03 -7.90961e-02
 4.62229e-03 -6.47122e-02
 3.92326e-03 -6.71108e-02
 6.34997e-03 -6.65169e-02
 4.62229e-03 -6.47122e-02

 1.34994e-02 -7.81157e-02
 8.72481e-03 -6.79215e-02
 8.51127e-03 -7.04107e-02
 1.07737e-02 -6.93510e-02
 8.72481e-03 -6.79215e-02

 1.87537e-02 -7.66844e-02
 1.26862e-02 -6.95876e-02
 1.31428e-02 -7.20439e-02
 1.50417e-02 -7.04204e-02
 1.26862e-02 -6.95876e-02

 2.38674e-02 -7.48125e-02
 1.76324e-02 -7.12012e-02
 1.88785e-02 -7.33665e-02
 2.01307e-02 -7.12047e-02
 1.76324e-02 -7.12012e-02

 2.88037e-02 -7.25137e-02
 2.24947e-02 -7.07540e-02
 2.42431e-02 -7.25385e-02
 2.49144e-02 -7.01321e-02
 2.24947e-02 -7.07540e-02

 2.77066e-03 -7.41880e-02
 2.77066e-03 -6.05394e-02
 1.52150e-03 -6.27030e-02
 4.01982e-03 -6.27030e-02
 2.77066e-03 -6.05394e-02

 8.28615e-03 -7.36240e-02
 6.88819e-03 -5.85282e-02
 5.84386e-03 -6.07978e-02
 8.33154e-03 -6.05674e-02
 6.88819e-03 -5.85282e-02

 1.37270e-02 -7.25587e-02
 1.18771e-02 -6.17130e-02
 1.10095e-02 -6.40558e-02
 1.34722e-02 -6.36357e-02
 1.18771e-02 -6.17130e-02

 1.90476e-02 -7.10008e-02
 1.68851e-02 -6.30592e-02
 1.62483e-02 -6.54750e-02
 1.86589e-02 -6.48186e-02
 1.68851e-02 -6.30592e-02

 2.42036e-02 -6.89636e-02
 2.24597e-02 -6.39475e-02
 2.19903e-02 -6.64013e-02
 2.43501e-02 -6.55809e-02
 2.24597e-02 -6.39475e-02

 2.91516e-02 -6.64640e-02
 2.78532e-02 -6.27595e-02
 2.73900e-02 -6.52145e-02
 2.97477e-02 -6.43881e-02
 2.78532e-02 -6.27595e-02

 2.82131e-03 -6.87588e-02
 2.82131e-03 -5.34493e-02
 1.57215e-03 -5.56129e-02
 4.07047e-03 -5.56129e-02
 2.82131e-03 -5.34493e-02

 8.43432e-03 -6.81554e-02
 1.02524e-02 -5.14878e-02
 8.77597e-03 -5.35032e-02
 1.12596e-02 -5.37741e-02
 1.02524e-02 -5.14878e-02

 1.39613e-02 -6.70056e-02
 1.65600e-02 -5.42582e-02
 1.49038e-02 -5.61287e-02
 1.73518e-02 -5.66277e-02
 1.65600e-02 -5.42582e-02

 1.93491e-02 -6.53207e-02
 2.31278e-02 -5.54063e-02
 2.11900e-02 -5.69832e-02
 2.35245e-02 -5.78730e-02
 2.31278e-02 -5.54063e-02

 2.45460e-02 -6.31167e-02
 2.93495e-02 -5.56750e-02
 2.71267e-02 -5.68153e-02
 2.92257e-02 -5.81702e-02
 2.93495e-02 -5.56750e-02

 2.95021e-02 -6.04150e-02
 3.54461e-02 -5.37040e-02
 3.30765e-02 -5.44954e-02
 3.49467e-02 -5.61519e-02
 3.54461e-02 -5.37040e-02

 2.87349e-03 -6.33311e-02
 2.87349e-03 -5.18807e-02
 1.62433e-03 -5.40444e-02
 4.12265e-03 -5.40444e-02
 2.87349e-03 -5.18807e-02

 8.58693e-03 -6.26901e-02
 1.39791e-02 -4.90990e-02
 1.20201e-02 -5.06495e-02
 1.43423e-02 -5.15708e-02
 1.39791e-02 -4.90990e-02

 1.42022e-02 -6.14566e-02
 2.18893e-02 -5.03355e-02
 1.96315e-02 -5.14051e-02
 2.16867e-02 -5.28256e-02
 2.18893e-02 -5.03355e-02

 1.96580e-02 -5.96439e-02
 3.00201e-02 -4.97438e-02
 2.75928e-02 -5.03352e-02
 2.93187e-02 -5.21416e-02
 3.00201e-02 -4.97438e-02

 2.48948e-02 -5.72719e-02
 3.66681e-02 -4.81025e-02
 3.41936e-02 -4.84464e-02
 3.57287e-02 -5.04175e-02
 3.66681e-02 -4.81025e-02

 2.98552e-02 -5.43666e-02
 4.28582e-02 -4.47940e-02
 4.03753e-02 -4.50707e-02
 4.18564e-02 -4.70827e-02
 4.28582e-02 -4.47940e-02

 2.92720e-03 -5.79048e-02
 2.92720e-03 -4.79017e-02
 1.67803e-03 -5.00653e-02
 4.17636e-03 -5.00653e-02
 2.92720e-03 -4.79017e-02

 8.74398e-03 -5.72284e-02
 1.77949e-02 -4.60532e-02
 1.54625e-02 -4.69483e-02
 1.74039e-02 -4.85207e-02
 1.77949e-02 -4.60532e-02

 1.44499e-02 -5.59116e-02
 2.72253e-02 -4.52327e-02
 2.47641e-02 -4.56619e-02
 2.63664e-02 -4.75788e-02
 2.72253e-02 -4.52327e-02

 1.99746e-02 -5.39705e-02
 3.65480e-02 -4.35854e-02
 3.40513e-02 -4.36757e-02
 3.53778e-02 -4.57928e-02
 3.65480e-02 -4.35854e-02

 2.52499e-02 -5.14291e-02
 4.27389e-02 -4.03243e-02
 4.02428e-02 -4.04295e-02
 4.15820e-02 -4.25386e-02
 4.27389e-02 -4.03243e-02

 3.02108e-02 -4.83188e-02
 4.88933e-02 -3.62836e-02
 4.63979e-02 -3.64052e-02
 4.77509e-02 -3.85054e-02
 4.88933e-02 -3.62836e-02

 2.98242e-03 -5.24799e-02
 3.09164e-03 -5.24733e-02
 8.56555e-04 -5.13571e-02
 1.00740e-03 -5.38509e-02
 3.09164e-03 -5.24733e-02

 8.90546e-03 -5.17703e-02
 1.67442e-02 -5.03338e-02
 1.43909e-02 -4.94951e-02
 1.48412e-02 -5.19525e-02
 1.67442e-02 -5.03338e-02

 1.47043e-02 -5.03707e-02
 2.50324e-02 -4.71524e-02
 2.25951e-02 -4.66034e-02
 2.33383e-02 -4.89886e-02
 2.50324e-02 -4.71524e-02

 2.02987e-02 -4.83004e-02
 3.34162e-02 -4.23969e-02
 3.09305e-02 -4.21457e-02
 3.19558e-02 -4.44240e-02
 3.34162e-02 -4.23969e-02

 2.56115e-02 -4.55882e-02
 3.82965e-02 -3.79199e-02
 3.57987e-02 -3.79702e-02
 3.70911e-02 -4.01082e-02
 3.82965e-02 -3.79199e-02

 3.05691e-02 -4.22715e-02
 4.36948e-02 -3.19882e-02
 4.12213e-02 -3.23392e-02
 4.27620e-02 -3.43058e-02
 4.36948e-02 -3.19882e-02

 3.62105e-02 -4.03946e-02
 5.26432e-02 -2.30870e-02
 5.02476e-02 -2.37959e-02
 5.20594e-02 -2.55161e-02
 5.26432e-02 -2.30870e-02

 3.59826e-02 -4.67171e-02
 5.27533e-02 -3.41461e-02
 5.02728e-02 -3.44442e-02
 5.17713e-02 -3.64433e-02
 5.27533e-02 -3.41461e-02

 3.57546e-02 -5.30396e-02
 4.66503e-02 -4.37896e-02
 4.41925e-02 -4.42376e-02
 4.58094e-02 -4.61421e-02
 4.66503e-02 -4.37896e-02

 3.55267e-02 -5.93621e-02
 3.92482e-02 -5.53376e-02
 3.68621e-02 -5.60780e-02
 3.86964e-02 -5.77742e-02
 3.92482e-02 -5.53376e-02

 3.52987e-02 -6.56846e-02
 3.19604e-02 -6.45366e-02
 3.36002e-02 -6.64215e-02
 3.44127e-02 -6.40589e-02
 3.19604e-02 -6.45366e-02

 3.50707e-02 -7.20071e-02
 2.70936e-02 -7.34574e-02
 2.94457e-02 -7.42994e-02
 2.89989e-02 -7.18413e-02
 2.70936e-02 -7.34574e-02

 3.48428e-02 -7.83296e-02
 2.40550e-02 -8.08857e-02
 2.64484e-02 -8.16023e-02
 2.58723e-02 -7.91713e-02
 2.40550e-02 -8.08857e-02

 3.46148e-02 -8.46521e-02
 2.31613e-02 -8.77071e-02
 2.55737e-02 -8.83565e-02
 2.49299e-02 -8.59425e-02
 2.31613e-02 -8.77071e-02

 3.43869e-02 -9.09746e-02
 2.36856e-02 -9.38342e-02
 2.60983e-02 -9.44825e-02
 2.54534e-02 -9.20688e-02
 2.36856e-02 -9.38342e-02

 3.41589e-02 -9.72971e-02
 2.54935e-02 -9.96777e-02
 2.79107e-02 -1.00309e-01
 2.72489e-02 -9.79000e-02
 2.54935e-02 -9.96777e-02

 3.39310e-02 -1.03620e-01
 2.84579e-02 -1.05197e-01
 3.08828e-02 -1.05798e-01
 3.01910e-02 -1.03397e-01
 2.84579e-02 -1.05197e-01

 3.25715e-02 -1.08703e-01
 3.07854e-02 -1.09291e-01
 3.32313e-02 -1.09800e-01
 3.24492e-02 -1.07428e-01
 3.07854e-02 -1.09291e-01

 4.27359e-02 -4.02461e-02
 5.71712e-02 -2.17628e-02
 5.48550e-02 -2.26991e-02
 5.68240e-02 -2.42368e-02
 5.71712e-02 -2.17628e-02

 4.27526e-02 -4.68905e-02
 5.30150e-02 -3.61557e-02
 5.06170e-02 -3.68564e-02
 5.24228e-02 -3.85828e-02
 5.30150e-02 -3.61557e-02

 4.27694e-02 -5.35349e-02
 4.71732e-02 -4.77955e-02
 4.48651e-02 -4.87516e-02
 4.68472e-02 -5.02725e-02
 4.71732e-02 -4.77955e-02

 4.27862e-02 -6.01793e-02
 4.05490e-02 -6.03822e-02
 4.28166e-02 -6.14308e-02
 4.25910e-02 -5.89427e-02
 4.05490e-02 -6.03822e-02

 4.28029e-02 -6.68237e-02
 3.52247e-02 -6.97677e-02
 3.76939e-02 -7.01486e-02
 3.67892e-02 -6.78198e-02
 3.52247e-02 -6.97677e-02

 4.28197e-02 -7.34681e-02
 3.19502e-02 -7.83743e-02
 3.44362e-02 -7.86227e-02
 3.34083e-02 -7.63456e-02
 3.19502e-02 -7.83743e-02

 4.28364e-02 -8.01124e-02
 3.08427e-02 -8.53819e-02
 3.33260e-02 -8.56553e-02
 3.23211e-02 -8.33680e-02
 3.08427e-02 -8.53819e-02

 4.28532e-02 -8.67568e-02
 3.15283e-02 -9.16098e-02
 3.40090e-02 -9.19058e-02
 3.30250e-02 -8.96094e-02
 3.15283e-02 -9.16098e-02

 4.28699e-02 -9.34012e-02
 3.35280e-02 -9.72157e-02
 3.60032e-02 -9.75543e-02
 3.50588e-02 -9.52413e-02
 3.35280e-02 -9.72157e-02

 4.28867e-02 -1.00046e-01
 3.68428e-02 -1.02401e-01
 3.93123e-02 -1.02779e-01
 3.84051e-02 -1.00451e-01
 3.68428e-02 -1.02401e-01

 4.17449e-02 -1.05468e-01
 3.96380e-02 -1.06367e-01
 4.21183e-02 -1.06667e-01
 4.11378e-02 -1.04369e-01
 3.96380e-02 -1.06367e-01

 4.92708e-02 -4.00910e-02
 5.70221e-02 -2.65176e-02
 5.48644e-02 -2.77770e-02
 5.70339e-02 -2.90159e-02
 5.70221e-02 -2.65176e-02

 4.95512e-02 -4.70442e-02
 5.29230e-02 -4.14792e-02
 5.07334e-02 -4.26823e-02
 5.28702e-02 -4.39769e-02
 5.29230e-02 -4.14792e-02

 4.98317e-02 -5.39974e-02
 4.79592e-02 -5.39996e-02
 5.01243e-02 -5.52462e-02
 5.01213e-02 -5.27478e-02
 4.79592e-02 -5.39996e-02

 5.01122e-02 -6.09505e-02
 4.29902e-02 -6.57718e-02
 4.54822e-02 -6.55933e-02
 4.40816e-02 -6.35245e-02
 4.29902e-02 -6.57718e-02

 5.03927e-02 -6.79037e-02
 3.99084e-02 -7.48270e-02
 4.24023e-02 -7.46771e-02
 4.10256e-02 -7.25924e-02
 3.99084e-02 -7.48270e-02

 5.06731e-02 -7.48568e-02
 3.87094e-02 -8.25804e-02
 4.12047e-02 -8.24564e-02
 3.98496e-02 -8.03574e-02
 3.87094e-02 -8.25804e-02

 5.09536e-02 -8.18100e-02
 3.95308e-02 -8.87710e-02
 4.20284e-02 -8.87118e-02
 4.07283e-02 -8.65784e-02
 3.95308e-02 -8.87710e-02

 5.12341e-02 -8.87631e-02
 4.18049e-02 -9.42549e-02
 4.43032e-02 -9.42454e-02
 4.30458e-02 -9.20866e-02
 4.18049e-02 -9.42549e-02

 5.15146e-02 -9.57163e-02
 4.54184e-02 -9.90978e-02
 4.79164e-02 -9.91406e-02
 4.67045e-02 -9.69559e-02
 4.54184e-02 -9.90978e-02

 5.06129e-02 -1.01466e-01
 4.83492e-02 -1.02668e-01
 5.08459e-02 -1.02757e-01
 4.96741e-02 -1.00550e-01
 4.83492e-02 -1.02668e-01

 5.58147e-02 -3.99288e-02
 5.63788e-02 -3.49956e-02
 5.48919e-02 -3.70033e-02
 5.73741e-02 -3.72871e-02
 5.63788e-02 -3.49956e-02

 5.63771e-02 -4.71764e-02
 5.36289e-02 -4.88661e-02
 5.61263e-02 -4.87969e-02
 5.48178e-02 -4.66687e-02
 5.36289e-02 -4.88661e-02

 5.69395e-02 -5.44239e-02
 5.03062e-02 -6.08244e-02
 5.27305e-02 -6.02210e-02
 5.09958e-02 -5.84231e-02
 5.03062e-02 -6.08244e-02

 5.75018e-02 -6.16715e-02
 4.74551e-02 -7.07886e-02
 4.98968e-02 -7.02597e-02
 4.82179e-02 -6.84096e-02
 4.74551e-02 -7.07886e-02

 5.80642e-02 -6.89191e-02
 4.64945e-02 -7.85776e-02
 4.89559e-02 -7.81500e-02
 4.73549e-02 -7.62321e-02
 4.64945e-02 -7.85776e-02

 5.86266e-02 -7.61666e-02
 4.73422e-02 -8.49463e-02
 4.98169e-02 -8.46036e-02
 4.82827e-02 -8.26318e-02
 4.73422e-02 -8.49463e-02

 5.91890e-02 -8.34142e-02
 4.98700e-02 -9.01265e-02
 5.23556e-02 -8.98755e-02
 5.08955e-02 -8.78483e-02
 4.98700e-02 -9.01265e-02

 5.97513e-02 -9.06618e-02
 5.37096e-02 -9.47383e-02
 5.62018e-02 -9.45636e-02
 5.48045e-02 -9.24927e-02
 5.37096e-02 -9.47383e-02

 5.91113e-02 -9.67234e-02
 5.68978e-02 -9.81520e-02
 5.93931e-02 -9.80283e-02
 5.80383e-02 -9.59292e-02
 5.68978e-02 -9.81520e-02

 6.23673e-02 -3.97588e-02
 5.81994e-02 -4.39010e-02
 6.06146e-02 -4.32619e-02
 5.88534e-02 -4.14898e-02
 5.81994e-02 -4.39010e-02

 6.32289e-02 -4.72853e-02
 5.66802e-02 -5.57751e-02
 5.89908e-02 -5.48248e-02
 5.70126e-02 -5.32989e-02
 5.66802e-02 -5.57751e-02

 6.40904e-02 -5.48117e-02
 5.50672e-02 -6.57109e-02
 5.74091e-02 -6.48409e-02
 5.54847e-02 -6.32477e-02
 5.50672e-02 -6.57109e-02

 6.49519e-02 -6.23382e-02
 5.43036e-02 -7.38667e-02
 5.66892e-02 -7.31249e-02
 5.48540e-02 -7.14298e-02
 5.43036e-02 -7.38667e-02

 6.58135e-02 -6.98647e-02
 5.52458e-02 -8.02465e-02
 5.76646e-02 -7.96213e-02
 5.59138e-02 -7.78391e-02
 5.52458e-02 -8.02465e-02

 6.66750e-02 -7.73911e-02
 5.77945e-02 -8.54457e-02
 6.02363e-02 -8.49174e-02
 5.85579e-02 -8.30669e-02
 5.77945e-02 -8.54457e-02

 6.75366e-02 -8.49176e-02
 6.18169e-02 -8.97559e-02
 6.42755e-02 -8.93123e-02
 6.26620e-02 -8.74048e-02
 6.18169e-02 -8.97559e-02

 6.71786e-02 -9.12750e-02
 6.50057e-02 -9.29546e-02
 6.74815e-02 -9.26197e-02
 6.59536e-02 -9.06430e-02
 6.50057e-02 -9.29546e-02

 6.89281e-02 -3.95805e-02
 6.25738e-02 -4.99300e-02
 6.47704e-02 -4.87398e-02
 6.26413e-02 -4.74326e-02
 6.25738e-02 -4.99300e-02

 7.01050e-02 -4.73692e-02
 6.20837e-02 -5.95813e-02
 6.43156e-02 -5.84587e-02
 6.22274e-02 -5.70871e-02
 6.20837e-02 -5.95813e-02

 7.12820e-02 -5.51580e-02
 6.18971e-02 -6.77942e-02
 6.41899e-02 -6.68021e-02
 6.21843e-02 -6.53125e-02
 6.18971e-02 -6.77942e-02

 7.24590e-02 -6.29467e-02
 6.27473e-02 -7.45464e-02
 6.50940e-02 -7.36894e-02
 6.31784e-02 -7.20856e-02
 6.27473e-02 -7.45464e-02

 7.36360e-02 -7.07355e-02
 6.52878e-02 -7.97746e-02
 6.76735e-02 -7.90327e-02
 6.58381e-02 -7.73377e-02
 6.52878e-02 -7.97746e-02

 7.48130e-02 -7.85242e-02
 6.93779e-02 -8.39406e-02
 7.17922e-02 -8.32981e-02
 7.00287e-02 -8.15285e-02
 6.93779e-02 -8.39406e-02

 7.47565e-02 -8.51596e-02
 7.27480e-02 -8.70044e-02
 7.51864e-02 -8.64608e-02
 7.34964e-02 -8.46209e-02
 7.27480e-02 -8.70044e-02

 7.54964e-02 -3.93933e-02
 6.84789e-02 -5.23027e-02
 7.06097e-02 -5.09984e-02
 6.84147e-02 -4.98052e-02
 6.84789e-02 -5.23027e-02

 7.70041e-02 -4.74267e-02
 6.88380e-02 -6.07013e-02
 7.10356e-02 -5.95130e-02
 6.89077e-02 -5.82039e-02
 6.88380e-02 -6.07013e-02

 7.85117e-02 -5.54601e-02
 6.98533e-02 -6.78455e-02
 7.21167e-02 -6.67880e-02
 7.00691e-02 -6.53565e-02
 6.98533e-02 -6.78455e-02

 8.00193e-02 -6.34934e-02
 7.22988e-02 -7.34702e-02
 7.46108e-02 -7.25236e-02
 7.26350e-02 -7.09946e-02
 7.22988e-02 -7.34702e-02

 8.15270e-02 -7.15268e-02
 7.64554e-02 -7.75435e-02
 7.88050e-02 -7.66943e-02
 7.68947e-02 -7.50841e-02
 7.64554e-02 -7.75435e-02

 8.17899e-02 -7.84212e-02
 7.99145e-02 -8.04630e-02
 8.22981e-02 -7.97146e-02
 8.04581e-02 -7.80246e-02
 7.99145e-02 -8.04630e-02

 8.20718e-02 -3.91969e-02
 7.50707e-02 -5.27125e-02
 7.71751e-02 -5.13659e-02
 7.49567e-02 -5.02168e-02
 7.50707e-02 -5.27125e-02

 8.39242e-02 -4.74562e-02
 7.62463e-02 -6.04155e-02
 7.84239e-02 -5.91908e-02
 7.62745e-02 -5.79174e-02
 7.62463e-02 -6.04155e-02

 8.57766e-02 -5.57156e-02
 7.86966e-02 -6.64484e-02
 8.09307e-02 -6.53302e-02
 7.88452e-02 -6.39545e-02
 7.86966e-02 -6.64484e-02

 8.76290e-02 -6.39750e-02
 8.28279e-02 -7.05960e-02
 8.51093e-02 -6.95777e-02
 8.30868e-02 -6.81111e-02
 8.28279e-02 -7.05960e-02

 8.82279e-02 -7.11080e-02
 8.65040e-02 -7.33383e-02
 8.88156e-02 -7.23904e-02
 8.68389e-02 -7.08625e-02
 8.65040e-02 -7.33383e-02

 8.86536e-02 -3.89906e-02
 8.19883e-02 -5.24116e-02
 8.40695e-02 -5.10295e-02
 8.18319e-02 -4.99182e-02
 8.19883e-02 -5.24116e-02

 9.08637e-02 -4.74565e-02
 8.44210e-02 -5.90375e-02
 8.65644e-02 -5.77540e-02
 8.43812e-02 -5.65395e-02
 8.44210e-02 -5.90375e-02

 9.30737e-02 -5.59224e-02
 8.85570e-02 -6.32312e-02
 9.07570e-02 -6.20474e-02
 8.86317e-02 -6.07340e-02
 8.85570e-02 -6.32312e-02

 9.40239e-02 -6.32726e-02
 9.24077e-02 -6.57769e-02
 9.46305e-02 -6.46364e-02
 9.25313e-02 -6.32817e-02
 9.24077e-02 -6.57769e-02

 9.52413e-02 -3.87743e-02
 8.95733e-02 -5.11330e-02
 9.16107e-02 -4.96871e-02
 8.93398e-02 -4.86456e-02
 8.95733e-02 -5.11330e-02

 9.78206e-02 -4.74263e-02
 9.36026e-02 -5.55336e-02
 9.57094e-02 -5.41908e-02
 9.34931e-02 -5.30377e-02
 9.36026e-02 -5.55336e-02

 9.91357e-02 -5.49712e-02
 9.76496e-02 -5.77694e-02
 9.97677e-02 -5.64445e-02
 9.75612e-02 -5.52726e-02
 9.76496e-02 -5.77694e-02

 1.01834e-01 -3.85474e-02
 9.80981e-02 -4.75256e-02
 1.00083e-01 -4.60080e-02
 9.77760e-02 -4.50481e-02
 9.80981e-02 -4.75256e-02

 1.03526e-01 -4.62635e-02
 1.02138e-01 -4.95163e-02
 1.04136e-01 -4.80166e-02
 1.01838e-01 -4.70361e-02
 1.02138e-01 -4.95163e-02

 1.07163e-01 -3.72121e-02
 1.06033e-01 -4.06408e-02
 1.07897e-01 -3.89770e-02
 1.05524e-01 -3.81949e-02
 1.06033e-01 -4.06408e-02

 1.07478e-01 -3.14796e-02
 1.05807e-01 -3.73794e-02
 1.07598e-01 -3.56379e-02
 1.05195e-01 -3.49573e-02
 1.05807e-01 -3.73794e-02

 1.08809e-01 -2.67494e-02
 1.07332e-01 -3.29630e-02
 1.09048e-01 -3.11471e-02
 1.06617e-01 -3.05690e-02
 1.07332e-01 -3.29630e-02

 1.09924e-01 -2.19630e-02
 1.08674e-01 -2.84234e-02
 1.10312e-01 -2.65363e-02
 1.07859e-01 -2.60619e-02
 1.08674e-01 -2.84234e-02

 1.10818e-01 -1.71304e-02
 1.09814e-01 -2.38351e-02
 1.11370e-01 -2.18803e-02
 1.08899e-01 -2.15104e-02
 1.09814e-01 -2.38351e-02

 1.11490e-01 -1.22618e-02
 1.10752e-01 -1.91949e-02
 1.12223e-01 -1.71758e-02
 1.09739e-01 -1.69111e-02
 1.10752e-01 -1.91949e-02

 1.11939e-01 -7.36740e-03
 1.11484e-01 -1.45011e-02
 1.12869e-01 -1.24214e-02
 1.10375e-01 -1.22624e-02
 1.11484e-01 -1.45011e-02

 1.12164e-01 -2.45752e-03
 1.12009e-01 -9.76887e-03
 1.13304e-01 -7.63226e-03
 1.10806e-01 -7.57923e-03
 1.12009e-01 -9.76887e-03

 1.12164e-01  2.45752e-03
 1.12322e-01 -4.99423e-03
 1.13525e-01 -2.80459e-03
 1.11027e-01 -2.85762e-03
 1.12322e-01 -4.99423e-03

 1.11939e-01  7.36740e-03
 1.12421e-01 -1.91285e-04
 1.13530e-01  2.04744e-03
 1.11037e-01  1.88845e-03
 1.12421e-01 -1.91285e-04

 1.11490e-01  1.22618e-02
 1.12301e-01  4.65113e-03
 1.13314e-01  6.93490e-03
 1.10830e-01  6.67024e-03
 1.12301e-01  4.65113e-03

 1.10818e-01  1.71304e-02
 1.11959e-01  9.50600e-03
 1.12874e-01  1.18307e-02
 1.10404e-01  1.14608e-02
 1.11959e-01  9.50600e-03

 1.09924e-01  2.19630e-02
 1.11383e-01  1.44193e-02
 1.12198e-01  1.67807e-02
 1.09745e-01  1.63063e-02
 1.11383e-01  1.44193e-02

 1.08809e-01  2.67494e-02
 1.10584e-01  1.92879e-02
 1.11299e-01  2.16818e-02
 1.08868e-01  2.11038e-02
 1.10584e-01  1.92879e-02

 1.07478e-01  3.14796e-02
 1.09508e-01  2.43084e-02
 1.10121e-01  2.67305e-02
 1.07717e-01  2.60498e-02
 1.09508e-01  2.43084e-02

 1.01186e-01 -3.17882e-02
 9.69582e-02 -4.38206e-02
 9.88539e-02 -4.21934e-02
 9.64968e-02 -4.13653e-02
 9.69582e-02 -4.38206e-02

 1.02724e-01 -2.70467e-02
 9.89878e-02 -3.94876e-02
 1.00806e-01 -3.77746e-02
 9.84136e-02 -3.70561e-02
 9.89878e-02 -3.94876e-02

 1.04012e-01 -2.22310e-02
 1.00833e-01 -3.50249e-02
 1.02567e-01 -3.32263e-02
 1.00142e-01 -3.26239e-02
 1.00833e-01 -3.50249e-02

 1.05047e-01 -1.73543e-02
 1.02446e-01 -3.04373e-02
 1.04093e-01 -2.85587e-02
 1.01643e-01 -2.80717e-02
 1.02446e-01 -3.04373e-02

 1.05825e-01 -1.24300e-02
 1.03836e-01 -2.57531e-02
 1.05391e-01 -2.37977e-02
 1.02920e-01 -2.34288e-02
 1.03836e-01 -2.57531e-02

 1.06345e-01 -7.47169e-03
 1.04990e-01 -2.09571e-02
 1.06449e-01 -1.89293e-02
 1.03963e-01 -1.86794e-02
 1.04990e-01 -2.09571e-02

 1.06606e-01 -2.49284e-03
 1.05903e-01 -1.60817e-02
 1.07262e-01 -1.39855e-02
 1.04767e-01 -1.38565e-02
 1.05903e-01 -1.60817e-02

 1.06606e-01  2.49284e-03
 1.06571e-01 -1.11185e-02
 1.07826e-01 -8.95809e-03
 1.05328e-01 -8.95176e-03
 1.06571e-01 -1.11185e-02

 1.06345e-01  7.47169e-03
 1.06991e-01 -6.09872e-03
 1.08136e-01 -3.87816e-03
 1.05641e-01 -3.99694e-03
 1.06991e-01 -6.09872e-03

 1.05825e-01  1.24300e-02
 1.07162e-01 -1.01520e-03
 1.08191e-01  1.26137e-03
 1.05705e-01  1.01424e-03
 1.07162e-01 -1.01520e-03

 1.05047e-01  1.73543e-02
 1.07086e-01  4.08395e-03
 1.07992e-01  6.41218e-03
 1.05522e-01  6.03275e-03
 1.07086e-01  4.08395e-03

 1.04012e-01  2.22310e-02
 1.06751e-01  9.23144e-03
 1.07527e-01  1.16061e-02
 1.05082e-01  1.10910e-02
 1.06751e-01  9.23144e-03

 1.02724e-01  2.70467e-02
 1.06174e-01  1.43022e-02
 1.06815e-01  1.67171e-02
 1.04403e-01  1.60641e-02
 1.06174e-01  1.43022e-02

 1.01186e-01  3.17882e-02
 1.05268e-01  1.94315e-02
 1.05775e-01  2.18778e-02
 1.03403e-01  2.10940e-02
 1.05268e-01  1.94315e-02

 9.48956e-02 -3.21001e-02
 8.94790e-02 -4.58052e-02
 9.14360e-02 -4.42522e-02
 8.91125e-02 -4.33339e-02
 8.94790e-02 -4.58052e-02

 9.66440e-02 -2.73523e-02
 9.19682e-02 -4.14092e-02
 9.38364e-02 -3.97504e-02
 9.14658e-02 -3.89619e-02
 9.19682e-02 -4.14092e-02

 9.81104e-02 -2.25097e-02
 9.42106e-02 -3.68349e-02
 9.59842e-02 -3.50753e-02
 9.35736e-02 -3.44191e-02
 9.42106e-02 -3.68349e-02

 9.92898e-02 -1.75890e-02
 9.61796e-02 -3.20925e-02
 9.78546e-02 -3.02389e-02
 9.54119e-02 -2.97151e-02
 9.61796e-02 -3.20925e-02

 1.00178e-01 -1.26073e-02
 9.78764e-02 -2.72243e-02
 9.94469e-02 -2.52813e-02
 9.69790e-02 -2.48927e-02
 9.78764e-02 -2.72243e-02

 1.00772e-01 -7.58193e-03
 9.92861e-02 -2.22164e-02
 1.00747e-01 -2.01900e-02
 9.82618e-02 -1.99377e-02
 9.92861e-02 -2.22164e-02

 1.01069e-01 -2.53024e-03
 1.00398e-01 -1.71175e-02
 1.01745e-01 -1.50135e-02
 9.92497e-02 -1.48987e-02
 1.00398e-01 -1.71175e-02

 1.01069e-01  2.53024e-03
 1.01207e-01 -1.19268e-02
 1.02436e-01 -9.75135e-03
 9.99377e-02 -9.77526e-03
 1.01207e-01 -1.19268e-02

 1.00772e-01  7.58193e-03
 1.01705e-01 -6.69025e-03
 1.02810e-01 -4.44977e-03
 1.00317e-01 -4.61272e-03
 1.01705e-01 -6.69025e-03

 1.00178e-01  1.26073e-02
 1.01888e-01 -1.42026e-03
 1.02866e-01  8.78646e-04
 1.00387e-01  5.76240e-04
 1.01888e-01 -1.42026e-03

 9.92898e-02  1.75890e-02
 1.01760e-01  3.82624e-03
 1.02608e-01  6.17653e-03
 1.00149e-01  5.73510e-03
 1.01760e-01  3.82624e-03

 9.81104e-02  2.25097e-02
 1.01305e-01  9.04224e-03
 1.02021e-01  1.14357e-02
 9.95898e-02  1.08592e-02
 1.01305e-01  9.04224e-03

 9.66440e-02  2.73523e-02
 1.00544e-01  1.41300e-02
 1.01130e-01  1.65586e-02
 9.87339e-02  1.58518e-02
 1.00544e-01  1.41300e-02

 9.48956e-02  3.21001e-02
 9.94133e-02  1.91393e-02
 9.98808e-02  2.15936e-02
 9.75216e-02  2.07712e-02
 9.94133e-02  1.91393e-02

 8.86078e-02 -3.24155e-02
 8.27290e-02 -4.63129e-02
 8.47224e-02 -4.48069e-02
 8.24215e-02 -4.38336e-02
 8.27290e-02 -4.63129e-02

 9.05712e-02 -2.76667e-02
 8.55423e-02 -4.18442e-02
 8.74429e-02 -4.02227e-02
 8.50883e-02 -3.93875e-02
 8.55423e-02 -4.18442e-02

 9.22203e-02 -2.27996e-02
 8.80831e-02 -3.71812e-02
 8.98817e-02 -3.54473e-02
 8.74808e-02 -3.47566e-02
 8.80831e-02 -3.71812e-02

 9.35483e-02 -1.78350e-02
 9.02922e-02 -3.23403e-02
 9.19849e-02 -3.05028e-02
 8.95472e-02 -2.99556e-02
 9.02922e-02 -3.23403e-02

 9.45492e-02 -1.27941e-02
 9.21826e-02 -2.73576e-02
 9.37627e-02 -2.54223e-02
 9.12967e-02 -2.50216e-02
 9.21826e-02 -2.73576e-02

 9.52189e-02 -7.69840e-03
 9.37352e-02 -2.22279e-02
 9.51977e-02 -2.02024e-02
 9.27123e-02 -1.99486e-02
 9.37352e-02 -2.22279e-02

 9.55545e-02 -2.56980e-03
 9.49365e-02 -1.70084e-02
 9.62771e-02 -1.49002e-02
 9.37810e-02 -1.47933e-02
 9.49365e-02 -1.70084e-02

 9.55545e-02  2.56980e-03
 9.57876e-02 -1.17089e-02
 9.70012e-02 -9.52517e-03
 9.45033e-02 -9.56594e-03
 9.57876e-02 -1.17089e-02

 9.52189e-02  7.69840e-03
 9.62737e-02 -6.38540e-03
 9.73578e-02 -4.13454e-03
 9.48664e-02 -4.32112e-03
 9.62737e-02 -6.38540e-03

 9.45492e-02  1.27941e-02
 9.64018e-02 -1.06314e-03
 9.73533e-02  1.24693e-03
 9.48770e-02  9.15865e-04
 9.64018e-02 -1.06314e-03

 9.35483e-02  1.78350e-02
 9.61720e-02  4.20015e-03
 9.69898e-02  6.56083e-03
 9.45365e-02  6.08874e-03
 9.61720e-02  4.20015e-03

 9.22203e-02  2.27996e-02
 9.55726e-02  9.38288e-03
 9.62600e-02  1.17848e-02
 9.38362e-02  1.11792e-02
 9.55726e-02  9.38288e-03

 9.05712e-02  2.76667e-02
 9.46307e-02  1.44181e-02
 9.51912e-02  1.68528e-02
 9.28025e-02  1.61208e-02
 9.46307e-02  1.44181e-02

 8.86078e-02  3.24155e-02
 9.32984e-02  1.93360e-02
 9.37439e-02  2.17943e-02
 9.13922e-02  2.09509e-02
 9.32984e-02  1.93360e-02

 8.23223e-02 -3.27344e-02
 7.61811e-02 -4.64152e-02
 7.82068e-02 -4.49529e-02
 7.59276e-02 -4.39298e-02
 7.61811e-02 -4.64152e-02

 8.45051e-02 -2.79902e-02
 7.91570e-02 -4.20008e-02
 8.10956e-02 -4.04250e-02
 7.87615e-02 -3.95340e-02
 7.91570e-02 -4.20008e-02

 8.63418e-02 -2.31013e-02
 8.19245e-02 -3.74067e-02
 8.37564e-02 -3.57079e-02
 8.13693e-02 -3.49708e-02
 8.19245e-02 -3.74067e-02

 8.78227e-02 -1.80928e-02
 8.43498e-02 -3.26043e-02
 8.60682e-02 -3.07908e-02
 8.36385e-02 -3.02094e-02
 8.43498e-02 -3.26043e-02

 8.89402e-02 -1.29907e-02
 8.64435e-02 -2.76484e-02
 8.80382e-02 -2.57252e-02
 8.55754e-02 -2.53057e-02
 8.64435e-02 -2.76484e-02

 8.96884e-02 -7.82140e-03
 8.81666e-02 -2.25320e-02
 8.96317e-02 -2.05084e-02
 8.71467e-02 -2.02514e-02
 8.81666e-02 -2.25320e-02

 9.00635e-02 -2.61164e-03
 8.94964e-02 -1.73170e-02
 9.08280e-02 -1.52032e-02
 8.83315e-02 -1.51069e-02
 8.94964e-02 -1.73170e-02

 9.00635e-02  2.61164e-03
 9.04334e-02 -1.20201e-02
 9.16275e-02 -9.82555e-03
 8.91300e-02 -9.88871e-03
 9.04334e-02 -1.20201e-02

 8.96884e-02  7.82140e-03
 9.09490e-02 -6.70036e-03
 9.20064e-02 -4.43682e-03
 8.95174e-02 -4.65289e-03
 9.09490e-02 -6.70036e-03

 8.89402e-02  1.29907e-02
 9.10574e-02 -1.39166e-03
 9.19781e-02  9.30808e-04
 8.95064e-02  5.66950e-04
 9.10574e-02 -1.39166e-03

 8.78227e-02  1.80928e-02
 9.07475e-02  3.85982e-03
 9.15356e-02  6.23059e-03
 8.90884e-02  5.72770e-03
 9.07475e-02  3.85982e-03

 8.63418e-02  2.31013e-02
 9.00166e-02  9.02619e-03
 9.06787e-02  1.14352e-02
 8.82614e-02  1.08041e-02
 9.00166e-02  9.02619e-03

 8.45051e-02  2.79902e-02
 8.88907e-02  1.40878e-02
 8.94311e-02  1.65270e-02
 8.70485e-02  1.57754e-02
 8.88907e-02  1.40878e-02

 8.23223e-02  3.27344e-02
 8.73569e-02  1.90503e-02
 8.77822e-02  2.15122e-02
 8.54375e-02  2.06495e-02
 8.73569e-02  1.90503e-02

 7.60390e-02 -3.30570e-02
 6.98851e-02 -4.59461e-02
 7.19446e-02 -4.45318e-02
 6.96900e-02 -4.34554e-02
 6.98851e-02 -4.59461e-02

 7.84461e-02 -2.83232e-02
 7.29168e-02 -4.18359e-02
 7.48923e-02 -4.03065e-02
 7.25801e-02 -3.93603e-02
 7.29168e-02 -4.18359e-02

 8.04752e-02 -2.34151e-02
 7.58254e-02 -3.75204e-02
 7.76891e-02 -3.58566e-02
 7.53164e-02 -3.50744e-02
 7.58254e-02 -3.75204e-02

 8.21138e-02 -1.83629e-02
 7.84093e-02 -3.28824e-02
 8.01545e-02 -3.10948e-02
 7.77338e-02 -3.04771e-02
 7.84093e-02 -3.28824e-02

 8.33516e-02 -1.31977e-02
 8.06532e-02 -2.80455e-02
 8.22691e-02 -2.61401e-02
 7.98110e-02 -2.56934e-02
 8.06532e-02 -2.80455e-02

 8.41811e-02 -7.95123e-03
 8.25139e-02 -2.29854e-02
 8.39939e-02 -2.09727e-02
 8.15108e-02 -2.06973e-02
 8.25139e-02 -2.29854e-02

 8.45971e-02 -2.65586e-03
 8.39451e-02 -1.77905e-02
 8.52862e-02 -1.56826e-02
 8.27902e-02 -1.55751e-02
 8.39451e-02 -1.77905e-02

 8.45971e-02  2.65586e-03
 8.49518e-02 -1.24722e-02
 8.61499e-02 -1.02799e-02
 8.36523e-02 -1.03385e-02
 8.49518e-02 -1.24722e-02

 8.41811e-02  7.95123e-03
 8.54859e-02 -7.09993e-03
 8.65435e-02 -4.83652e-03
 8.40545e-02 -5.05228e-03
 8.54859e-02 -7.09993e-03

 8.33516e-02  1.31977e-02
 8.55686e-02 -1.69460e-03
 8.64855e-02  6.29361e-04
 8.40144e-02  2.61502e-04
 8.55686e-02 -1.69460e-03

 8.21138e-02  1.83629e-02
 8.51812e-02  3.70470e-03
 8.59607e-02  6.07831e-03
 8.35154e-02  5.56658e-03
 8.51812e-02  3.70470e-03

 8.04752e-02  2.34151e-02
 8.43154e-02  9.09193e-03
 8.49617e-02  1.15052e-02
 8.25486e-02  1.08582e-02
 8.43154e-02  9.09193e-03

 7.84461e-02  2.83232e-02
 8.29998e-02  1.44710e-02
 8.35108e-02  1.69165e-02
 8.11375e-02  1.61363e-02
 8.29998e-02  1.44710e-02

 7.60390e-02  3.30570e-02
 8.12082e-02  1.98471e-02
 8.15831e-02  2.23172e-02
 7.92565e-02  2.14067e-02
 8.12082e-02  1.98471e-02

 6.97580e-02 -3.33835e-02
 6.40900e-02 -4.31452e-02
 6.62567e-02 -4.19013e-02
 6.40961e-02 -4.06469e-02
 6.40900e-02 -4.31452e-02

 7.23943e-02 -2.86660e-02
 6.69670e-02 -3.95160e-02
 6.90521e-02 -3.81398e-02
 6.68177e-02 -3.70222e-02
 6.69670e-02 -3.95160e-02

 7.46212e-02 -2.37417e-02
 6.98596e-02 -3.55418e-02
 7.18276e-02 -3.40028e-02
 6.95108e-02 -3.30679e-02
 6.98596e-02 -3.55418e-02

 7.64223e-02 -1.86459e-02
 7.25391e-02 -3.11698e-02
 7.43730e-02 -2.94731e-02
 7.19868e-02 -2.87333e-02
 7.25391e-02 -3.11698e-02

 7.77847e-02 -1.34155e-02
 7.48936e-02 -2.64965e-02
 7.65802e-02 -2.46534e-02
 7.41408e-02 -2.41143e-02
 7.48936e-02 -2.64965e-02

 7.86984e-02 -8.08825e-03
 7.68688e-02 -2.15225e-02
 7.83985e-02 -1.95472e-02
 7.59230e-02 -1.92101e-02
 7.68688e-02 -2.15225e-02

 7.91570e-02 -2.70259e-03
 7.83743e-02 -1.63292e-02
 7.97455e-02 -1.42408e-02
 7.72513e-02 -1.40975e-02
 7.83743e-02 -1.63292e-02

 7.91570e-02  2.70259e-03
 7.94183e-02 -1.09198e-02
 8.06257e-02 -8.73261e-03
 7.81278e-02 -8.78052e-03
 7.94183e-02 -1.09198e-02

 7.86984e-02  8.08825e-03
 7.99103e-02 -5.38022e-03
 8.09606e-02 -3.11337e-03
 7.84723e-02 -3.33727e-03
 7.99103e-02 -5.38022e-03

 7.77847e-02  1.34155e-02
 7.98887e-02  3.01798e-04
 8.07794e-02  2.63598e-03
 7.83126e-02  2.24019e-03
 7.98887e-02  3.01798e-04

 7.64223e-02  1.86459e-02
 7.92909e-02  6.06708e-03
 8.00277e-02  8.45428e-03
 7.75919e-02  7.89880e-03
 7.92909e-02  6.06708e-03

 7.46212e-02  2.37417e-02
 7.81343e-02  1.19273e-02
 7.87150e-02  1.43573e-02
 7.63203e-02  1.36452e-02
 7.81343e-02  1.19273e-02

 7.23943e-02  2.86660e-02
 7.63824e-02  1.78870e-02
 7.68032e-02  2.03497e-02
 7.44601e-02  1.94827e-02
 7.63824e-02  1.78870e-02

 6.97580e-02  3.33835e-02
 7.40696e-02  2.39306e-02
 7.43082e-02  2.64175e-02
 7.20352e-02  2.53807e-02
 7.40696e-02  2.39306e-02

 6.34793e-02 -3.37140e-02
 6.02130e-02 -3.65388e-02
 6.26666e-02 -3.60683e-02
 6.10323e-02 -3.41787e-02
 6.02130e-02 -3.65388e-02

 6.63500e-02 -2.90192e-02
 6.29221e-02 -3.37401e-02
 6.52041e-02 -3.27233e-02
 6.31825e-02 -3.12554e-02
 6.29221e-02 -3.37401e-02

 6.87800e-02 -2.40817e-02
 6.55592e-02 -3.02028e-02
 6.76722e-02 -2.88698e-02
 6.54612e-02 -2.77064e-02
 6.55592e-02 -3.02028e-02

 7.07490e-02 -1.89425e-02
 6.80038e-02 -2.60025e-02
 6.99522e-02 -2.44387e-02
 6.76237e-02 -2.35333e-02
 6.80038e-02 -2.60025e-02

 7.22404e-02 -1.36448e-02
 7.01333e-02 -2.13246e-02
 7.19104e-02 -1.95686e-02
 6.95011e-02 -1.89076e-02
 7.01333e-02 -2.13246e-02

 7.32416e-02 -8.23282e-03
 7.18623e-02 -1.62170e-02
 7.34615e-02 -1.42976e-02
 7.09997e-02 -1.38723e-02
 7.18623e-02 -1.62170e-02

 7.37443e-02 -2.75195e-03
 7.30777e-02 -1.08268e-02
 7.45007e-02 -8.77329e-03
 7.20108e-02 -8.56773e-03
 7.30777e-02 -1.08268e-02

 7.37443e-02  2.75195e-03
 7.37698e-02 -5.09629e-03
 7.50120e-02 -2.92863e-03
 7.25136e-02 -2.93674e-03
 7.37698e-02 -5.09629e-03

 7.32416e-02  8.23282e-03
 7.38393e-02  7.76068e-04
 7.49116e-02  3.03257e-03
 7.24213e-02  2.83295e-03
 7.38393e-02  7.76068e-04

 7.22404e-02  1.36448e-02
 7.33026e-02  6.94301e-03
 7.41976e-02  9.27549e-03
 7.17301e-02  8.88440e-03
 7.33026e-02  6.94301e-03

 7.07490e-02  1.89425e-02
 7.21095e-02  1.31906e-02
 7.28271e-02  1.55836e-02
 7.03959e-02  1.50086e-02
 7.21095e-02  1.31906e-02

 6.87800e-02  2.40817e-02
 7.02333e-02  1.96441e-02
 7.07470e-02  2.20891e-02
 6.83728e-02  2.13115e-02
 7.02333e-02  1.96441e-02

 6.63500e-02  2.90192e-02
 6.76973e-02  2.61994e-02
 6.78917e-02  2.86901e-02
 6.56374e-02  2.76131e-02
 6.76973e-02  2.61994e-02

 6.34793e-02  3.37140e-02
 6.44394e-02  3.28614e-02
 6.36510e-02  3.52321e-02
 6.19921e-02  3.33640e-02
 6.44394e-02  3.28614e-02

 5.72030e-02 -3.40487e-02
 5.83426e-02 -2.57025e-02
 5.68122e-02 -2.76772e-02
 5.92876e-02 -2.80152e-02
 5.83426e-02 -2.57025e-02

 6.03133e-02 -2.93833e-02
 6.05567e-02 -2.25973e-02
 5.92308e-02 -2.47148e-02
 6.17275e-02 -2.48043e-02
 6.05567e-02 -2.25973e-02

 6.29524e-02 -2.44357e-02
 6.28326e-02 -1.91570e-02
 6.16328e-02 -2.13484e-02
 6.41305e-02 -2.12917e-02
 6.28326e-02 -1.91570e-02

 6.50948e-02 -1.92533e-02
 6.48684e-02 -1.50616e-02
 6.37377e-02 -1.72895e-02
 6.62324e-02 -1.71547e-02
 6.48684e-02 -1.50616e-02

 6.67199e-02 -1.38860e-02
 6.64932e-02 -1.04051e-02
 6.53873e-02 -1.26453e-02
 6.78803e-02 -1.24830e-02
 6.64932e-02 -1.04051e-02

 6.78121e-02 -8.38535e-03
 6.76456e-02 -5.18175e-03
 6.65104e-02 -7.40728e-03
 6.90054e-02 -7.27761e-03
 6.76456e-02 -5.18175e-03

 6.83608e-02 -2.80410e-03
 6.82208e-02  3.28303e-04
 6.70695e-02 -1.88894e-03
 6.95653e-02 -1.77736e-03
 6.82208e-02  3.28303e-04

 6.83608e-02  2.80410e-03
 6.82180e-02  6.32948e-03
 6.70574e-02  4.11706e-03
 6.95537e-02  4.21822e-03
 6.82180e-02  6.32948e-03

 6.78121e-02  8.38535e-03
 6.74876e-02  1.23749e-02
 6.64179e-02  1.01172e-02
 6.89080e-02  1.03197e-02
 6.74876e-02  1.23749e-02

 6.67199e-02  1.38860e-02
 6.61212e-02  1.88972e-02
 6.51375e-02  1.66007e-02
 6.76182e-02  1.68970e-02
 6.61212e-02  1.88972e-02

 6.50948e-02  1.92533e-02
 6.38936e-02  2.53200e-02
 6.30884e-02  2.29550e-02
 6.55392e-02  2.34402e-02
 6.38936e-02  2.53200e-02

 6.29524e-02  2.44357e-02
 6.10324e-02  3.20458e-02
 6.03504e-02  2.96424e-02
 6.27729e-02  3.02535e-02
 6.10324e-02  3.20458e-02

 6.03133e-02  2.93833e-02
 5.72392e-02  3.86508e-02
 5.67347e-02  3.62039e-02
 5.91060e-02  3.69905e-02
 5.72392e-02  3.86508e-02

 5.72030e-02  3.40487e-02
 5.28619e-02  4.51612e-02
 5.24857e-02  4.26914e-02
 5.48127e-02  4.36004e-02
 5.28619e-02  4.51612e-02

 5.09292e-02 -3.43878e-02
 5.94598e-02 -1.64870e-02
 5.74013e-02 -1.79028e-02
 5.96567e-02 -1.89776e-02
 5.94598e-02 -1.64870e-02

 5.42846e-02 -2.97587e-02
 6.10696e-02 -1.15501e-02
 5.91435e-02 -1.31414e-02
 6.14846e-02 -1.40137e-02
 6.10696e-02 -1.15501e-02

 5.71388e-02 -2.48044e-02
 6.26634e-02 -6.71058e-03
 6.08368e-02 -8.41511e-03
 6.32263e-02 -9.14466e-03
 6.26634e-02 -6.71058e-03

 5.94606e-02 -1.95792e-02
 6.38651e-02 -1.77513e-03
 6.21329e-02 -3.57544e-03
 6.45582e-02 -4.17541e-03
 6.38651e-02 -1.77513e-03

 6.12246e-02 -1.41400e-02
 6.45311e-02  3.46495e-03
 6.29040e-02  1.56910e-03
 6.53594e-02  1.10793e-03
 6.45311e-02  3.46495e-03

 6.24114e-02 -8.54628e-03
 6.44980e-02  9.15785e-03
 6.30042e-02  7.15532e-03
 6.54853e-02  6.86289e-03
 6.44980e-02  9.15785e-03

 6.30080e-02 -2.85918e-03
 6.38134e-02  1.50233e-02
 6.24681e-02  1.29181e-02
 6.49639e-02  1.28057e-02
 6.38134e-02  1.50233e-02

 6.30080e-02  2.85918e-03
 6.23536e-02  2.14000e-02
 6.11815e-02  1.91937e-02
 6.36783e-02  1.92818e-02
 6.23536e-02  2.14000e-02

 6.24114e-02  8.54628e-03
 6.02193e-02  2.74793e-02
 5.92273e-02  2.51864e-02
 6.17090e-02  2.54738e-02
 6.02193e-02  2.74793e-02

 6.12246e-02  1.41400e-02
 5.72889e-02  3.41471e-02
 5.64809e-02  3.17830e-02
 5.89322e-02  3.22653e-02
 5.72889e-02  3.41471e-02

 5.94606e-02  1.95792e-02
 5.36950e-02  3.99740e-02
 5.30815e-02  3.75522e-02
 5.54856e-02  3.82318e-02
 5.36950e-02  3.99740e-02

 5.71388e-02  2.48044e-02
 4.94205e-02  4.64010e-02
 4.89723e-02  4.39432e-02
 5.13249e-02  4.47840e-02
 4.94205e-02  4.64010e-02

 5.42846e-02  2.97587e-02
 4.46458e-02  5.15151e-02
 4.43801e-02  4.90309e-02
 4.66643e-02  5.00429e-02
 4.46458e-02  5.15151e-02

 5.09292e-02  3.43878e-02
 3.94981e-02  5.69114e-02
 3.93634e-02  5.44167e-02
 4.15912e-02  5.55474e-02
 3.94981e-02  5.69114e-02

 4.46580e-02 -3.47315e-02
 5.81017e-02 -1.33456e-02
 5.58926e-02 -1.45125e-02
 5.80078e-02 -1.58421e-02
 5.81017e-02 -1.33456e-02

 4.82641e-02 -3.01460e-02
 5.99422e-02 -5.58644e-03
 5.78850e-02 -7.00397e-03
 6.01412e-02 -8.07683e-03
 5.99422e-02 -5.58644e-03

 5.13399e-02 -2.51887e-02
 6.15016e-02  1.98555e-03
 5.95737e-02  3.96517e-04
 6.19138e-02 -4.78538e-04
 6.15016e-02  1.98555e-03

 5.38474e-02 -1.99209e-02
 6.23454e-02  9.12216e-03
 6.05389e-02  7.39641e-03
 6.29367e-02  6.69481e-03
 6.23454e-02  9.12216e-03

 5.57557e-02 -1.44073e-02
 6.23727e-02  1.60597e-02
 6.06928e-02  1.42105e-02
 6.31342e-02  1.36803e-02
 6.23727e-02  1.60597e-02

 5.70411e-02 -8.71609e-03
 6.14601e-02  2.24230e-02
 5.99194e-02  2.04564e-02
 6.23929e-02  2.01054e-02
 6.14601e-02  2.24230e-02

 5.76878e-02 -2.91736e-03
 5.97391e-02  2.87739e-02
 5.83528e-02  2.66955e-02
 6.08459e-02  2.65341e-02
 5.97391e-02  2.87739e-02

 5.76878e-02  2.91736e-03
 5.71578e-02  3.44362e-02
 5.59452e-02  3.22519e-02
 5.84432e-02  3.22939e-02
 5.71578e-02  3.44362e-02

 5.70411e-02  8.71609e-03
 5.39194e-02  4.01875e-02
 5.28899e-02  3.79111e-02
 5.53761e-02  3.81577e-02
 5.39194e-02  4.01875e-02

 5.57557e-02  1.44073e-02
 5.00592e-02  4.49144e-02
 4.92284e-02  4.25582e-02
 5.16843e-02  4.30168e-02
 5.00592e-02  4.49144e-02

 5.38474e-02  1.99209e-02
 4.56459e-02  4.97584e-02
 4.50149e-02  4.73410e-02
 4.74238e-02  4.80032e-02
 4.56459e-02  4.97584e-02

 5.13399e-02  2.51887e-02
 4.11345e-02  5.31250e-02
 4.07035e-02  5.06641e-02
 4.30502e-02  5.15214e-02
 4.11345e-02  5.31250e-02

 4.82641e-02  3.01460e-02
 3.60567e-02  5.63584e-02
 3.58378e-02  5.38697e-02
 3.81025e-02  5.49244e-02
 3.60567e-02  5.63584e-02

 4.46580e-02  3.47315e-02
 3.16787e-02  5.78570e-02
 3.16483e-02  5.53588e-02
 3.38269e-02  5.65816e-02
 3.16787e-02  5.78570e-02

 3.83892e-02 -3.50800e-02
 5.05139e-02 -2.29554e-02
 4.81007e-02 -2.36020e-02
 4.98673e-02 -2.53686e-02
 5.05139e-02 -2.29554e-02

 4.22520e-02 -3.05458e-02
 5.37817e-02 -1.58292e-02
 5.14641e-02 -1.67619e-02
 5.34307e-02 -1.83027e-02
 5.37817e-02 -1.58292e-02

 4.55562e-02 -2.55894e-02
 5.60030e-02 -8.30845e-03
 5.38146e-02 -9.51379e-03
 5.59526e-02 -1.08063e-02
 5.60030e-02 -8.30845e-03

 4.82562e-02 -2.02792e-02
 5.70761e-02 -6.82382e-04
 5.50490e-02 -2.14271e-03
 5.73272e-02 -3.16805e-03
 5.70761e-02 -6.82382e-04

 5.03146e-02 -1.46888e-02
 5.69699e-02  6.66863e-03
 5.51336e-02  4.97462e-03
 5.75189e-02  4.23136e-03
 5.69699e-02  6.66863e-03

 5.17030e-02 -8.89529e-03
 5.58190e-02  1.35656e-02
 5.42003e-02  1.16626e-02
 5.66577e-02  1.12123e-02
 5.58190e-02  1.35656e-02

 5.24020e-02 -2.97882e-03
 5.37883e-02  1.99408e-02
 5.24108e-02  1.78566e-02
 5.49046e-02  1.77057e-02
 5.37883e-02  1.99408e-02

 5.24020e-02  2.97882e-03
 5.10259e-02  2.57281e-02
 4.99096e-02  2.34930e-02
 5.24034e-02  2.36438e-02
 5.10259e-02  2.57281e-02

 5.17030e-02  8.89529e-03
 4.76639e-02  3.09360e-02
 4.68252e-02  2.85827e-02
 4.92826e-02  2.90330e-02
 4.76639e-02  3.09360e-02

 5.03146e-02  1.46888e-02
 4.38173e-02  3.55396e-02
 4.32683e-02  3.31023e-02
 4.56535e-02  3.38456e-02
 4.38173e-02  3.55396e-02

 4.82562e-02  2.02792e-02
 3.96825e-02  3.93292e-02
 3.94313e-02  3.68435e-02
 4.17096e-02  3.78689e-02
 3.96825e-02  3.93292e-02

 4.55562e-02  2.55894e-02
 3.52121e-02  4.27004e-02
 3.52625e-02  4.02026e-02
 3.74005e-02  4.14951e-02
 3.52121e-02  4.27004e-02

 4.22520e-02  3.05458e-02
 3.10954e-02  4.47862e-02
 3.14465e-02  4.23127e-02
 3.34131e-02  4.38534e-02
 3.10954e-02  4.47862e-02

 3.83892e-02  3.50800e-02
 2.64320e-02  4.70373e-02
 2.70786e-02  4.46241e-02
 2.88452e-02  4.63906e-02
 2.64320e-02  4.70373e-02

 3.62312e-02  4.03748e-02
 2.35715e-02  5.61327e-02
 2.39527e-02  5.36637e-02
 2.59004e-02  5.52284e-02
 2.35715e-02  5.61327e-02

 4.27932e-02  4.01897e-02
 2.88753e-02  6.12071e-02
 2.90283e-02  5.87135e-02
 3.11113e-02  6.00928e-02
 2.88753e-02  6.12071e-02

 4.93551e-02  4.00046e-02
 3.97341e-02  5.93978e-02
 3.95766e-02  5.69045e-02
 4.18146e-02  5.80148e-02
 3.97341e-02  5.93978e-02

 5.59171e-02  3.98195e-02
 5.33221e-02  4.74973e-02
 5.28314e-02  4.50477e-02
 5.51982e-02  4.58476e-02
 5.33221e-02  4.74973e-02

 6.24790e-02  3.96344e-02
 6.52319e-02  3.63331e-02
 6.48056e-02  3.87948e-02
 6.28869e-02  3.71948e-02
 6.52319e-02  3.63331e-02

 6.90410e-02  3.94493e-02
 7.46002e-02  2.90250e-02
 7.46843e-02  3.15220e-02
 7.24799e-02  3.03463e-02
 7.46002e-02  2.90250e-02

 7.56029e-02  3.92642e-02
 8.17288e-02  2.61632e-02
 8.19439e-02  2.86523e-02
 7.96808e-02  2.75941e-02
 8.17288e-02  2.61632e-02

 8.21649e-02  3.90791e-02
 8.79997e-02  2.58540e-02
 8.82692e-02  2.83377e-02
 8.59835e-02  2.73293e-02
 8.79997e-02  2.58540e-02

 8.87268e-02  3.88940e-02
 9.42019e-02  2.61651e-02
 9.44945e-02  2.86462e-02
 9.21995e-02  2.76590e-02
 9.42019e-02  2.61651e-02

 9.52888e-02  3.87089e-02
 1.00452e-01  2.63105e-02
 1.00774e-01  2.87881e-02
 9.84673e-02  2.78276e-02
 1.00452e-01  2.63105e-02

 1.01851e-01  3.85238e-02
 1.05958e-01  2.83736e-02
 1.06305e-01  3.08478e-02
 1.03989e-01  2.99106e-02
 1.05958e-01  2.83736e-02

 1.07163e-01  3.72121e-02
 1.08842e-01  3.27638e-02
 1.09247e-01  3.52291e-02
 1.06909e-01  3.43470e-02
 1.08842e-01  3.27638e-02

 3.60414e-02  4.66623e-02
 2.17540e-02  6.37291e-02
 2.21850e-02  6.12682e-02
 2.41006e-02  6.28719e-02
 2.17540e-02  6.37291e-02

 4.29145e-02  4.67353e-02
 3.18624e-02  6.39968e-02
 3.19771e-02  6.15011e-02
 3.40811e-02  6.28482e-02
 3.18624e-02  6.39968e-02

 4.97877e-02  4.68084e-02
 4.53789e-02  5.88608e-02
 4.49490e-02  5.63998e-02
 4.72953e-02  5.72580e-02
 4.53789e-02  5.88608e-02

 5.66609e-02  4.68815e-02
 5.89156e-02  4.72889e-02
 5.65643e-02  4.81334e-02
 5.70085e-02  4.56749e-02
 5.89156e-02  4.72889e-02

 6.35340e-02  4.69545e-02
 6.94740e-02  3.91055e-02
 6.91645e-02  4.15846e-02
 6.71723e-02  4.00770e-02
 6.94740e-02  3.91055e-02

 7.04072e-02  4.70276e-02
 7.76958e-02  3.50923e-02
 7.76343e-02  3.75899e-02
 7.55021e-02  3.62878e-02
 7.76958e-02  3.50923e-02

 7.72803e-02  4.71006e-02
 8.43741e-02  3.43589e-02
 8.44131e-02  3.68569e-02
 8.22302e-02  3.56417e-02
 8.43741e-02  3.43589e-02

 8.41535e-02  4.71737e-02
 9.06856e-02  3.48337e-02
 9.07774e-02  3.73303e-02
 8.85694e-02  3.61615e-02
 9.06856e-02  3.48337e-02

 9.10267e-02  4.72467e-02
 9.70154e-02  3.55431e-02
 9.71419e-02  3.80382e-02
 9.49178e-02  3.69002e-02
 9.70154e-02  3.55431e-02

 9.78998e-02  4.73198e-02
 1.02526e-01  3.76478e-02
 1.02720e-01  4.01386e-02
 1.00466e-01  3.90605e-02
 1.02526e-01  3.76478e-02

 1.03543e-01  4.62399e-02
 1.05609e-01  4.19151e-02
 1.05804e-01  4.44059e-02
 1.03550e-01  4.33287e-02
 1.05609e-01  4.19151e-02

 3.58446e-02  5.29590e-02
 2.38653e-02  6.80436e-02
 2.42326e-02  6.55725e-02
 2.61891e-02  6.71262e-02
 2.38653e-02  6.80436e-02

 4.30150e-02  5.33087e-02
 3.66153e-02  6.49004e-02
 3.65675e-02  6.24025e-02
 3.87546e-02  6.36100e-02
 3.66153e-02  6.49004e-02

 5.01855e-02  5.36583e-02
 5.11523e-02  5.88666e-02
 4.95292e-02  5.69673e-02
 5.19856e-02  5.65113e-02
 5.11523e-02  5.88666e-02

 5.73559e-02  5.40079e-02
 6.37494e-02  4.96641e-02
 6.26618e-02  5.19133e-02
 6.12578e-02  4.98468e-02
 6.37494e-02  4.96641e-02

 6.45264e-02  5.43576e-02
 7.29113e-02  4.44640e-02
 7.24654e-02  4.69222e-02
 7.05594e-02  4.53069e-02
 7.29113e-02  4.44640e-02

 7.16968e-02  5.47072e-02
 8.03336e-02  4.27807e-02
 8.00763e-02  4.52658e-02
 7.80528e-02  4.38004e-02
 8.03336e-02  4.27807e-02

 7.88673e-02  5.50569e-02
 8.67358e-02  4.32535e-02
 8.65750e-02  4.57467e-02
 8.44963e-02  4.43609e-02
 8.67358e-02  4.32535e-02

 8.60378e-02  5.54065e-02
 9.30630e-02  4.43714e-02
 9.29549e-02  4.68674e-02
 9.08474e-02  4.55257e-02
 9.30630e-02  4.43714e-02

 9.32082e-02  5.57561e-02
 9.85494e-02  4.67110e-02
 9.85249e-02  4.92092e-02
 9.63736e-02  4.79388e-02
 9.85494e-02  4.67110e-02

 9.91675e-02  5.49301e-02
 1.01583e-01  5.08146e-02
 1.01565e-01  5.33128e-02
 9.94101e-02  5.20484e-02
 1.01583e-01  5.08146e-02

 3.56402e-02  5.92645e-02
 2.79936e-02  7.06936e-02
 2.81585e-02  6.82007e-02
 3.02349e-02  6.95900e-02
 2.79936e-02  7.06936e-02

 4.30928e-02  5.99083e-02
 4.17748e-02  6.56182e-02
 4.10443e-02  6.32291e-02
 4.34786e-02  6.37910e-02
 4.17748e-02  6.56182e-02

 5.05455e-02  6.05521e-02
 5.58204e-02  6.00709e-02
 5.37792e-02  6.15115e-02
 5.35523e-02  5.90235e-02
 5.58204e-02  6.00709e-02

 5.79981e-02  6.11959e-02
 6.72147e-02  5.38922e-02
 6.62948e-02  5.62150e-02
 6.47431e-02  5.42570e-02
 6.72147e-02  5.38922e-02

 6.54508e-02  6.18396e-02
 7.53801e-02  5.14329e-02
 7.47903e-02  5.38606e-02
 7.29828e-02  5.21359e-02
 7.53801e-02  5.14329e-02

 7.29034e-02  6.24834e-02
 8.21759e-02  5.14695e-02
 8.17381e-02  5.39292e-02
 7.98269e-02  5.23202e-02
 8.21759e-02  5.14695e-02

 8.03561e-02  6.31272e-02
 8.83767e-02  5.29395e-02
 8.80198e-02  5.54122e-02
 8.60568e-02  5.38668e-02
 8.83767e-02  5.29395e-02

 8.78087e-02  6.37710e-02
 9.38089e-02  5.54858e-02
 9.35516e-02  5.79708e-02
 9.15282e-02  5.65054e-02
 9.38089e-02  5.54858e-02

 9.40686e-02  6.32195e-02
 9.67438e-02  5.94368e-02
 9.65144e-02  6.19246e-02
 9.44747e-02  6.04820e-02
 9.67438e-02  5.94368e-02

 3.54277e-02  6.55783e-02
 3.31645e-02  7.32781e-02
 3.25762e-02  7.08501e-02
 3.49731e-02  7.15546e-02
 3.31645e-02  7.32781e-02

 4.31463e-02  6.65328e-02
 4.68034e-02  6.75472e-02
 4.43846e-02  6.81726e-02
 4.50523e-02  6.57652e-02
 4.68034e-02  6.75472e-02

 5.08649e-02  6.74873e-02
 5.93557e-02  6.30775e-02
 5.80114e-02  6.51833e-02
 5.68599e-02  6.29662e-02
 5.93557e-02  6.30775e-02

 5.85835e-02  6.84418e-02
 6.92951e-02  5.97949e-02
 6.83962e-02  6.21259e-02
 6.68269e-02  6.01819e-02
 6.92951e-02  5.97949e-02

 6.63021e-02  6.93964e-02
 7.65322e-02  5.95842e-02
 7.58354e-02  6.19834e-02
 7.41061e-02  6.01803e-02
 7.65322e-02  5.95842e-02

 7.40207e-02  7.03509e-02
 8.29060e-02  6.10276e-02
 8.23176e-02  6.34557e-02
 8.05090e-02  6.17321e-02
 8.29060e-02  6.10276e-02

 8.17393e-02  7.13054e-02
 8.82224e-02  6.38004e-02
 8.77534e-02  6.62543e-02
 8.58628e-02  6.46211e-02
 8.82224e-02  6.38004e-02

 8.82827e-02  7.10484e-02
 9.11718e-02  6.76216e-02
 9.07322e-02  7.00810e-02
 8.88221e-02  6.84706e-02
 9.11718e-02  6.76216e-02

 3.52066e-02  7.18999e-02
 3.80642e-02  7.61216e-02
 3.58169e-02  7.50300e-02
 3.78858e-02  7.36296e-02
 3.80642e-02  7.61216e-02

 4.31738e-02  7.31807e-02
 5.09911e-02  7.10593e-02
 4.92302e-02  7.28315e-02
 4.85758e-02  7.04204e-02
 5.09911e-02  7.10593e-02

 5.11411e-02  7.44615e-02
 6.18024e-02  6.82252e-02
 6.05656e-02  7.03959e-02
 5.93041e-02  6.82394e-02
 6.18024e-02  6.82252e-02

 5.91083e-02  7.57423e-02
 7.01921e-02  6.72705e-02
 6.92317e-02  6.95768e-02
 6.77146e-02  6.75919e-02
 7.01921e-02  6.72705e-02

 6.70756e-02  7.70231e-02
 7.66736e-02  6.87801e-02
 7.58461e-02  7.11374e-02
 7.42184e-02  6.92421e-02
 7.66736e-02  6.87801e-02

 7.50428e-02  7.83039e-02
 8.20164e-02  7.15619e-02
 8.13291e-02  7.39639e-02
 7.95926e-02  7.21677e-02
 8.20164e-02  7.15619e-02

 8.18513e-02  7.83598e-02
 8.48995e-02  7.53116e-02
 8.42529e-02  7.77248e-02
 8.24863e-02  7.59582e-02
 8.48995e-02  7.53116e-02

 3.49763e-02  7.82287e-02
 4.18479e-02  7.95980e-02
 3.94819e-02  8.04003e-02
 3.99702e-02  7.79501e-02
 4.18479e-02  7.95980e-02

 4.31739e-02  7.98502e-02
 5.37783e-02  7.59171e-02
 5.21841e-02  7.78407e-02
 5.13153e-02  7.54983e-02
 5.37783e-02  7.59171e-02

 5.13715e-02  8.14718e-02
 6.29505e-02  7.48705e-02
 6.16896e-02  7.70273e-02
 6.04522e-02  7.48569e-02
 6.29505e-02  7.48705e-02

 5.95692e-02  8.30933e-02
 7.00264e-02  7.58435e-02
 6.89600e-02  7.81028e-02
 6.75366e-02  7.60496e-02
 7.00264e-02  7.58435e-02

 6.77668e-02  8.47149e-02
 7.51785e-02  7.88081e-02
 7.42651e-02  8.11334e-02
 7.27080e-02  7.91797e-02
 7.51785e-02  7.88081e-02

 7.48204e-02  8.51009e-02
 7.80670e-02  8.23637e-02
 7.72180e-02  8.47134e-02
 7.56077e-02  8.28033e-02
 7.80670e-02  8.23637e-02

 3.47364e-02  8.45641e-02
 4.43510e-02  8.35559e-02
 4.23294e-02  8.50239e-02
 4.20689e-02  8.25392e-02
 4.43510e-02  8.35559e-02

 4.31452e-02  8.65397e-02
 5.48381e-02  8.17437e-02
 5.33104e-02  8.37205e-02
 5.23623e-02  8.14090e-02
 5.48381e-02  8.17437e-02

 5.15540e-02  8.85153e-02
 6.23937e-02  8.26522e-02
 6.10849e-02  8.47803e-02
 5.98964e-02  8.25828e-02
 6.23937e-02  8.26522e-02

 5.99628e-02  9.04909e-02
 6.77515e-02  8.54468e-02
 6.66145e-02  8.76713e-02
 6.52565e-02  8.55744e-02
 6.77515e-02  8.54468e-02

 6.72406e-02  9.12228e-02
 7.04872e-02  8.89266e-02
 6.94420e-02  9.11958e-02
 6.79994e-02  8.91561e-02
 7.04872e-02  8.89266e-02

 3.44865e-02  9.09056e-02
 4.55818e-02  8.87878e-02
 4.36908e-02  9.04205e-02
 4.32224e-02  8.79664e-02
 4.55818e-02  8.87878e-02

 4.30864e-02  9.32473e-02
 5.41827e-02  8.88075e-02
 5.26380e-02  9.07710e-02
 5.17099e-02  8.84515e-02
 5.41827e-02  8.88075e-02

 5.16863e-02  9.55889e-02
 5.96967e-02  9.15671e-02
 5.83236e-02  9.36543e-02
 5.72026e-02  9.14216e-02
 5.96967e-02  9.15671e-02

 5.91663e-02  9.66810e-02
 6.25397e-02  9.47013e-02
 6.13059e-02  9.68737e-02
 6.00415e-02  9.47190e-02
 6.25397e-02  9.47013e-02

 3.42262e-02  9.72525e-02
 4.48266e-02  9.46242e-02
 4.30272e-02  9.63573e-02
 4.24260e-02  9.39324e-02
 4.48266e-02  9.46242e-02

 4.29965e-02  9.99709e-02
 5.10668e-02  9.68620e-02
 4.94969e-02  9.88054e-02
 4.85988e-02  9.64741e-02
 5.10668e-02  9.68620e-02

 5.06554e-02  1.01436e-01
 5.39794e-02  9.98475e-02
 5.25658e-02  1.01907e-01
 5.14887e-02  9.96533e-02
 5.39794e-02  9.98475e-02

 3.39552e-02  1.03604e-01
 4.18699e-02  1.01913e-01
 4.00151e-02  1.03587e-01
 3.94931e-02  1.01143e-01
 4.18699e-02  1.01913e-01

 4.17692e-02  1.05453e-01
 4.52259e-02  1.04148e-01
 4.36426e-02  1.06081e-01
 4.27606e-02  1.03744e-01
 4.52259e-02  1.04148e-01

 3.25715e-02  1.08703e-01
 3.56610e-02  1.07828e-01
 3.39195e-02  1.09619e-01
 3.32389e-02  1.07215e-01
 3.56610e-02  1.07828e-01

 2.67687e-02  1.08827e-01
 3.13476e-02  1.07738e-01
 2.95317e-02  1.09454e-01
 2.89537e-02  1.07023e-01
 3.13476e-02  1.07738e-01

 2.19798e-02  1.09951e-01
 2.61320e-02  1.09148e-01
 2.42450e-02  1.10785e-01
 2.37706e-02  1.08332e-01
 2.61320e-02  1.09148e-01

 1.71443e-02  1.10855e-01
 2.08046e-02  1.10307e-01
 1.88497e-02  1.11863e-01
 1.84799e-02  1.09392e-01
 2.08046e-02  1.10307e-01

 1.22723e-02  1.11537e-01
 1.48460e-02  1.11262e-01
 1.28269e-02  1.12734e-01
 1.25623e-02  1.10249e-01
 1.48460e-02  1.11262e-01

 7.37400e-03  1.11995e-01
 9.56716e-03  1.11855e-01
 7.48742e-03  1.13239e-01
 7.32844e-03  1.10746e-01
 9.56716e-03  1.11855e-01

 2.45980e-03  1.12229e-01
 2.44770e-03  1.12229e-01
 4.58431e-03  1.10934e-01
 4.63734e-03  1.13432e-01
 2.44770e-03  1.12229e-01

 2.71017e-02  1.02773e-01
 3.62396e-02  1.01735e-01
 3.42307e-02  1.03221e-01
 3.39489e-02  1.00738e-01
 3.62396e-02  1.01735e-01

 2.22792e-02  1.04089e-01
 3.05409e-02  1.04206e-01
 2.83599e-02  1.05424e-01
 2.83952e-02  1.02926e-01
 3.05409e-02  1.04206e-01

 1.73943e-02  1.05152e-01
 2.45225e-02  1.06238e-01
 2.21953e-02  1.07147e-01
 2.25719e-02  1.04677e-01
 2.45225e-02  1.06238e-01

 1.24603e-02  1.05957e-01
 1.75617e-02  1.08037e-01
 1.50866e-02  1.08377e-01
 1.60296e-02  1.06063e-01
 1.75617e-02  1.08037e-01

 7.49085e-03  1.06504e-01
 1.12114e-02  1.09103e-01
 8.72230e-03  1.08888e-01
 1.01530e-02  1.06840e-01
 1.12114e-02  1.09103e-01

 2.49946e-03  1.06791e-01
 2.49946e-03  1.10657e-01
 1.25030e-03  1.08493e-01
 3.74862e-03  1.08493e-01
 2.49946e-03  1.10657e-01

 2.74372e-02  9.67195e-02
 3.77865e-02  9.57450e-02
 3.57495e-02  9.71915e-02
 3.55153e-02  9.47041e-02
 3.77865e-02  9.57450e-02

 2.25847e-02  9.82294e-02
 3.19234e-02  9.89989e-02
 2.96645e-02  1.00066e-01
 2.98697e-02  9.75763e-02
 3.19234e-02  9.89989e-02

 1.76516e-02  9.94515e-02
 2.56065e-02  1.01868e-01
 2.31732e-02  1.02434e-01
 2.38994e-02  1.00044e-01
 2.56065e-02  1.01868e-01

 1.26550e-02  1.00382e-01
 1.84676e-02  1.04239e-01
 1.59741e-02  1.04084e-01
 1.73556e-02  1.02002e-01
 1.84676e-02  1.04239e-01

 7.61220e-03  1.01016e-01
 1.14384e-02  1.05985e-01
 9.12861e-03  1.05033e-01
 1.11081e-02  1.03509e-01
 1.14384e-02  1.05985e-01

 2.54072e-03  1.01354e-01
 2.54072e-03  1.06687e-01
 1.29156e-03  1.04523e-01
 3.78988e-03  1.04523e-01
 2.54072e-03  1.06687e-01

 2.77751e-02  9.06670e-02
 3.73069e-02  9.10974e-02
 3.50892e-02  9.22477e-02
 3.52019e-02  8.97519e-02
 3.73069e-02  9.10974e-02

 2.28962e-02  9.23719e-02
 3.14899e-02  9.50606e-02
 2.90520e-02  9.56068e-02
 2.97980e-02  9.32224e-02
 3.14899e-02  9.50606e-02

 1.79161e-02  9.37548e-02
 2.51285e-02  9.85628e-02
 2.26354e-02  9.84021e-02
 2.40212e-02  9.63233e-02
 2.51285e-02  9.85628e-02

 1.28562e-02  9.48095e-02
 1.82086e-02  1.01472e-01
 1.58797e-02  1.00567e-01
 1.78273e-02  9.90025e-02
 1.82086e-02  1.01472e-01

 7.73804e-03  9.55317e-02
 1.12334e-02  1.03893e-01
 9.24643e-03  1.02378e-01
 1.15514e-02  1.01415e-01
 1.12334e-02  1.03893e-01

 2.58357e-03  9.59181e-02
 2.58357e-03  1.04286e-01
 1.33441e-03  1.02123e-01
 3.83273e-03  1.02123e-01
 2.58357e-03  1.04286e-01

 2.81154e-02  8.46152e-02
 3.52352e-02  8.66382e-02
 3.28125e-02  8.72484e-02
 3.34954e-02  8.48452e-02
 3.52352e-02  8.66382e-02

 2.32138e-02  8.65167e-02
 2.95290e-02  9.08260e-02
 2.70378e-02  9.06383e-02
 2.84459e-02  8.85747e-02
 2.95290e-02  9.08260e-02

 1.81879e-02  8.80613e-02
 2.33293e-02  9.46467e-02
 2.10132e-02  9.37100e-02
 2.29824e-02  9.21725e-02
 2.33293e-02  9.46467e-02

 1.30640e-02  8.92412e-02
 1.69012e-02  9.76118e-02
 1.48640e-02  9.61655e-02
 1.71351e-02  9.51244e-02
 1.69012e-02  9.76118e-02

 7.86837e-03  9.00500e-02
 1.03352e-02  1.00551e-01
 8.62438e-03  9.87308e-02
 1.10565e-02  9.81595e-02
 1.03352e-02  1.00551e-01

 2.62800e-03  9.04836e-02
 2.62800e-03  1.00183e-01
 1.37883e-03  9.80198e-02
 3.87716e-03  9.80198e-02
 2.62800e-03  1.00183e-01

 2.84583e-02  7.85641e-02
 3.22873e-02  8.30621e-02
 2.99336e-02  8.22243e-02
 3.18360e-02  8.06049e-02
 3.22873e-02  8.30621e-02

 2.35375e-02  8.06635e-02
 2.67529e-02  8.71390e-02
 2.46718e-02  8.57566e-02
 2.69094e-02  8.46455e-02
 2.67529e-02  8.71390e-02

 1.84671e-02  8.23712e-02
 2.08324e-02  9.09464e-02
 1.90529e-02  8.91929e-02
 2.14613e-02  8.85286e-02
 2.08324e-02  9.09464e-02

 1.32784e-02  8.36765e-02
 1.50534e-02  9.37215e-02
 1.34468e-02  9.18083e-02
 1.59070e-02  9.13736e-02
 1.50534e-02  9.37215e-02

 8.00317e-03  8.45714e-02
 9.09051e-03  9.69139e-02
 7.65630e-03  9.48683e-02
 1.01450e-02  9.46490e-02
 9.09051e-03  9.69139e-02

 2.67399e-03  8.50504e-02
 2.67399e-03  9.62712e-02
 1.42483e-03  9.41075e-02
 3.92316e-03  9.41075e-02
 2.67399e-03  9.62712e-02

 2.88037e-02  7.25137e-02
 2.85814e-02  7.95275e-02
 2.74014e-02  7.73254e-02
 2.98985e-02  7.74046e-02
 2.85814e-02  7.95275e-02

 2.38674e-02  7.48125e-02
 2.33807e-02  8.31404e-02
 2.22599e-02  8.09076e-02
 2.47540e-02  8.10534e-02
 2.33807e-02  8.31404e-02

 1.87537e-02  7.66844e-02
 1.78373e-02  8.65043e-02
 1.67946e-02  8.42340e-02
 1.92821e-02  8.44661e-02
 1.78373e-02  8.65043e-02

 1.34994e-02  7.81157e-02
 1.28372e-02  8.86931e-02
 1.17256e-02  8.64556e-02
 1.42191e-02  8.66117e-02
 1.28372e-02  8.86931e-02

 8.14243e-03  7.90961e-02
 7.52305e-03  9.17666e-02
 6.38101e-03  8.95446e-02
 8.87636e-03  8.96666e-02
 7.52305e-03  9.17666e-02

 2.72155e-03  7.96185e-02
 2.72155e-03  9.07608e-02
 1.47239e-03  8.85972e-02
 3.97072e-03  8.85972e-02
 2.72155e-03  9.07608e-02

 2.91516e-02  6.64640e-02
 2.42264e-02  7.61458e-02
 2.40941e-02  7.36510e-02
 2.63208e-02  7.47837e-02
 2.42264e-02  7.61458e-02

 2.42036e-02  6.89636e-02
 1.96236e-02  7.91628e-02
 1.93704e-02  7.66773e-02
 2.16495e-02  7.77007e-02
 1.96236e-02  7.91628e-02

 1.90476e-02  7.10008e-02
 1.46511e-02  8.17739e-02
 1.43121e-02  7.92987e-02
 1.66252e-02  8.02427e-02
 1.46511e-02  8.17739e-02

 1.37270e-02  7.25587e-02
 1.05334e-02  8.31991e-02
 9.95893e-03  8.07677e-02
 1.23518e-02  8.14859e-02
 1.05334e-02  8.31991e-02

 8.28615e-03  7.36240e-02
 5.92283e-03  8.58204e-02
 5.10808e-03  8.34586e-02
 7.56078e-03  8.39339e-02
 5.92283e-03  8.58204e-02

 2.77066e-03  7.41880e-02
 2.77066e-03  8.47644e-02
 1.52150e-03  8.26008e-02
 4.01982e-03  8.26008e-02
 2.77066e-03  8.47644e-02

 2.95021e-02  6.04150e-02
 1.99290e-02  7.22058e-02
 2.03230e-02  6.97388e-02
 2.22626e-02  7.13135e-02
 1.99290e-02  7.22058e-02

 2.45460e-02  6.31167e-02
 1.59780e-02  7.44271e-02
 1.62887e-02  7.19482e-02
 1.82802e-02  7.34568e-02
 1.59780e-02  7.44271e-02

 1.93491e-02  6.53207e-02
 1.16877e-02  7.60772e-02
 1.19255e-02  7.35902e-02
 1.39604e-02  7.50396e-02
 1.16877e-02  7.60772e-02

 1.39613e-02  6.70056e-02
 8.45247e-03  7.66389e-02
 8.44214e-03  7.41406e-02
 1.06109e-02  7.53808e-02
 8.45247e-03  7.66389e-02

 8.43432e-03  6.81554e-02
 4.49371e-03  7.85691e-02
 4.09112e-03  7.61035e-02
 6.42775e-03  7.69877e-02
 4.49371e-03  7.85691e-02

 2.82131e-03  6.87588e-02
 2.82131e-03  7.75339e-02
 1.57215e-03  7.53703e-02
 4.07047e-03  7.53703e-02
 2.82131e-03  7.75339e-02

 2.98552e-02  5.43666e-02
 1.71315e-02  6.71812e-02
 1.77695e-02  6.47657e-02
 1.95423e-02  6.65260e-02
 1.71315e-02  6.71812e-02

 2.48948e-02  5.72719e-02
 1.36543e-02  6.84984e-02
 1.43024e-02  6.60856e-02
 1.60679e-02  6.78532e-02
 1.36543e-02  6.84984e-02

 1.96580e-02  5.96439e-02
 9.87835e-03  6.92117e-02
 1.05514e-02  6.68057e-02
 1.22985e-02  6.85916e-02
 9.87835e-03  6.92117e-02

 1.42022e-02  6.14566e-02
 7.18694e-03  6.91229e-02
 7.72601e-03  6.66835e-02
 9.56912e-03  6.83700e-02
 7.18694e-03  6.91229e-02

 8.58693e-03  6.26901e-02
 3.62326e-03  7.03343e-02
 3.75390e-03  6.78394e-02
 5.84923e-03  6.91999e-02
 3.62326e-03  7.03343e-02

 2.87349e-03  6.33311e-02
 2.87349e-03  6.96014e-02
 1.62433e-03  6.74377e-02
 4.12265e-03  6.74377e-02
 2.87349e-03  6.96014e-02

 3.02108e-02  4.83188e-02
 1.71291e-02  6.01243e-02
 1.78984e-02  5.77474e-02
 1.95722e-02  5.96022e-02
 1.71291e-02  6.01243e-02

 2.52499e-02  5.14291e-02
 1.40579e-02  6.09832e-02
 1.48924e-02  5.86283e-02
 1.65145e-02  6.05285e-02
 1.40579e-02  6.09832e-02

 1.99746e-02  5.39705e-02
 1.05162e-02  6.13300e-02
 1.14566e-02  5.90155e-02
 1.29909e-02  6.09872e-02
 1.05162e-02  6.13300e-02

 1.44499e-02  5.59116e-02
 7.69992e-03  6.11913e-02
 8.63452e-03  5.88744e-02
 1.01737e-02  6.08422e-02
 7.69992e-03  6.11913e-02

 8.74398e-03  5.72284e-02
 3.87774e-03  6.19438e-02
 4.56227e-03  5.95411e-02
 6.30082e-03  6.13352e-02
 3.87774e-03  6.19438e-02

 2.92720e-03  5.79048e-02
 2.92720e-03  6.17095e-02
 1.67803e-03  5.95458e-02
 4.17636e-03  5.95458e-02
 2.92720e-03  6.17095e-02

 3.05691e-02  4.22715e-02
 2.28630e-02  4.83090e-02
 2.37958e-02  4.59913e-02
 2.53366e-02  4.79579e-02
 2.28630e-02  4.83090e-02

 2.56115e-02  4.55882e-02
 1.89389e-02  4.96218e-02
 2.01443e-02  4.74335e-02
 2.14368e-02  4.95715e-02
 1.89389e-02  4.96218e-02

 2.02987e-02  4.83004e-02
 1.46705e-02  5.08335e-02
 1.61308e-02  4.88064e-02
 1.71562e-02  5.10846e-02
 1.46705e-02  5.08335e-02

 1.47043e-02  5.03707e-02
 1.06475e-02  5.16348e-02
 1.23415e-02  4.97985e-02
 1.30848e-02  5.21837e-02
 1.06475e-02  5.16348e-02

 8.90546e-03  5.17703e-02
 5.88024e-03  5.23247e-02
 7.78324e-03  5.07060e-02
 8.23358e-03  5.31634e-02
 5.88024e-03  5.23247e-02

 2.98242e-03  5.24799e-02
 2.92860e-03  5.24832e-02
 5.01284e-03  5.11057e-02
 5.16368e-03  5.35994e-02
 2.92860e-03  5.24832e-02

