#[ Fluid velocity 2D plot data file: flw.dat ]
 2.45980e-03 -1.12229e-01
 2.46287e-03 -1.12229e-01
 2.73230e-04 -1.11026e-01
 3.26259e-04 -1.13524e-01
 2.46287e-03 -1.12229e-01

 7.37400e-03 -1.11995e-01
 7.77853e-03 -1.11969e-01
 5.53981e-03 -1.10860e-01
 5.69880e-03 -1.13353e-01
 7.77853e-03 -1.11969e-01

 1.22723e-02 -1.11537e-01
 1.31310e-02 -1.11445e-01
 1.08472e-02 -1.10432e-01
 1.11119e-02 -1.12916e-01
 1.31310e-02 -1.11445e-01

 1.71443e-02 -1.10855e-01
 1.86582e-02 -1.10628e-01
 1.63335e-02 -1.09713e-01
 1.67034e-02 -1.12184e-01
 1.86582e-02 -1.10628e-01

 2.19798e-02 -1.09951e-01
 2.41838e-02 -1.09525e-01
 2.18224e-02 -1.08709e-01
 2.22968e-02 -1.11162e-01
 2.41838e-02 -1.09525e-01

 2.67687e-02 -1.08827e-01
 2.97400e-02 -1.08120e-01
 2.73460e-02 -1.07406e-01
 2.79241e-02 -1.09836e-01
 2.97400e-02 -1.08120e-01

 2.49946e-03 -1.06791e-01
 2.49946e-03 -1.07481e-01
 3.74862e-03 -1.05318e-01
 1.25030e-03 -1.05318e-01
 2.49946e-03 -1.07481e-01

 7.49085e-03 -1.06504e-01
 8.09582e-03 -1.07624e-01
 8.16614e-03 -1.05126e-01
 5.96822e-03 -1.06314e-01
 8.09582e-03 -1.07624e-01

 1.24603e-02 -1.05957e-01
 1.37304e-02 -1.07397e-01
 1.32356e-02 -1.04948e-01
 1.13622e-02 -1.06601e-01
 1.37304e-02 -1.07397e-01

 1.73943e-02 -1.05152e-01
 1.95510e-02 -1.06743e-01
 1.85515e-02 -1.04453e-01
 1.70683e-02 -1.06463e-01
 1.95510e-02 -1.06743e-01

 2.22792e-02 -1.04089e-01
 2.53704e-02 -1.05568e-01
 2.39577e-02 -1.03507e-01
 2.28796e-02 -1.05761e-01
 2.53704e-02 -1.05568e-01

 2.71017e-02 -1.02773e-01
 3.09963e-02 -1.03639e-01
 2.91555e-02 -1.01950e-01
 2.86132e-02 -1.04389e-01
 3.09963e-02 -1.03639e-01

 2.54072e-03 -1.01354e-01
 2.54072e-03 -1.02881e-01
 3.78988e-03 -1.00718e-01
 1.29156e-03 -1.00718e-01
 2.54072e-03 -1.02881e-01

 7.61220e-03 -1.01016e-01
 8.11316e-03 -1.03196e-01
 8.84601e-03 -1.00808e-01
 6.41115e-03 -1.01368e-01
 8.11316e-03 -1.03196e-01

 1.26550e-02 -1.00382e-01
 1.35368e-02 -1.02991e-01
 1.40276e-02 -1.00542e-01
 1.16608e-02 -1.01342e-01
 1.35368e-02 -1.02991e-01

 1.76516e-02 -9.94515e-02
 1.89134e-02 -1.02353e-01
 1.91960e-02 -9.98705e-02
 1.69050e-02 -1.00867e-01
 1.89134e-02 -1.02353e-01

 2.25847e-02 -9.82294e-02
 2.41799e-02 -1.01084e-01
 2.42148e-02 -9.85856e-02
 2.20340e-02 -9.98045e-02
 2.41799e-02 -1.01084e-01

 2.74372e-02 -9.67195e-02
 2.91376e-02 -9.91190e-02
 2.89058e-02 -9.66314e-02
 2.68674e-02 -9.80760e-02
 2.91376e-02 -9.91190e-02

 2.58357e-03 -9.59181e-02
 2.58357e-03 -9.78871e-02
 3.83273e-03 -9.57235e-02
 1.33441e-03 -9.57235e-02
 2.58357e-03 -9.78871e-02

 7.73804e-03 -9.55317e-02
 7.76324e-03 -9.82624e-02
 8.99238e-03 -9.60873e-02
 6.49417e-03 -9.61104e-02
 7.76324e-03 -9.82624e-02

 1.28562e-02 -9.48095e-02
 1.28563e-02 -9.79609e-02
 1.41054e-02 -9.57973e-02
 1.16071e-02 -9.57974e-02
 1.28563e-02 -9.79609e-02

 1.79161e-02 -9.37548e-02
 1.77206e-02 -9.72759e-02
 1.90878e-02 -9.51849e-02
 1.65933e-02 -9.50464e-02
 1.77206e-02 -9.72759e-02

 2.28962e-02 -9.23719e-02
 2.24772e-02 -9.59353e-02
 2.39705e-02 -9.39324e-02
 2.14892e-02 -9.36406e-02
 2.24772e-02 -9.59353e-02

 2.77751e-02 -9.06670e-02
 2.69833e-02 -9.39985e-02
 2.86989e-02 -9.21823e-02
 2.62682e-02 -9.16047e-02
 2.69833e-02 -9.39985e-02

 2.62800e-03 -9.04836e-02
 2.62800e-03 -9.25257e-02
 3.87716e-03 -9.03621e-02
 1.37883e-03 -9.03621e-02
 2.62800e-03 -9.25257e-02

 7.86837e-03 -9.00500e-02
 7.29648e-03 -9.28306e-02
 8.95589e-03 -9.09630e-02
 6.50879e-03 -9.04597e-02
 7.29648e-03 -9.28306e-02

 1.30640e-02 -8.92412e-02
 1.20915e-02 -9.24143e-02
 1.39198e-02 -9.07117e-02
 1.15312e-02 -8.99796e-02
 1.20915e-02 -9.24143e-02

 1.81879e-02 -8.80613e-02
 1.65330e-02 -9.16597e-02
 1.85719e-02 -9.02160e-02
 1.63022e-02 -8.91720e-02
 1.65330e-02 -9.16597e-02

 2.32138e-02 -8.65167e-02
 2.09380e-02 -9.02946e-02
 2.31244e-02 -8.90859e-02
 2.09844e-02 -8.77968e-02
 2.09380e-02 -9.02946e-02

 2.81154e-02 -8.46152e-02
 2.51307e-02 -8.84306e-02
 2.74477e-02 -8.74962e-02
 2.54799e-02 -8.59568e-02
 2.51307e-02 -8.84306e-02

 2.67399e-03 -8.50504e-02
 2.67399e-03 -8.68284e-02
 3.92316e-03 -8.46648e-02
 1.42483e-03 -8.46648e-02
 2.67399e-03 -8.68284e-02

 8.00317e-03 -8.45714e-02
 6.87910e-03 -8.69737e-02
 8.92749e-03 -8.55435e-02
 6.66463e-03 -8.44846e-02
 6.87910e-03 -8.69737e-02

 1.32784e-02 -8.36765e-02
 1.14574e-02 -8.64566e-02
 1.36879e-02 -8.53311e-02
 1.15979e-02 -8.39623e-02
 1.14574e-02 -8.64566e-02

 1.84671e-02 -8.23712e-02
 1.56070e-02 -8.56168e-02
 1.79747e-02 -8.48194e-02
 1.61003e-02 -8.31676e-02
 1.56070e-02 -8.56168e-02

 2.35375e-02 -8.06635e-02
 1.98095e-02 -8.42269e-02
 2.22367e-02 -8.36349e-02
 2.05104e-02 -8.18289e-02
 1.98095e-02 -8.42269e-02

 2.84583e-02 -7.85641e-02
 2.38372e-02 -8.24050e-02
 2.62995e-02 -8.19827e-02
 2.47026e-02 -8.00614e-02
 2.38372e-02 -8.24050e-02

 2.72155e-03 -7.96185e-02
 2.72155e-03 -8.07376e-02
 3.97072e-03 -7.85740e-02
 1.47239e-03 -7.85740e-02
 2.72155e-03 -8.07376e-02

 8.14243e-03 -7.90961e-02
 6.64371e-03 -8.06498e-02
 9.04487e-03 -7.99598e-02
 7.24677e-03 -7.82253e-02
 6.64371e-03 -8.06498e-02

 1.34994e-02 -7.81157e-02
 1.11229e-02 -8.00634e-02
 1.35881e-02 -7.96580e-02
 1.20044e-02 -7.77258e-02
 1.11229e-02 -8.00634e-02

 1.87537e-02 -7.66844e-02
 1.51526e-02 -7.91477e-02
 1.76436e-02 -7.89572e-02
 1.62331e-02 -7.68951e-02
 1.51526e-02 -7.91477e-02

 2.38674e-02 -7.48125e-02
 1.93070e-02 -7.77513e-02
 2.18023e-02 -7.76294e-02
 2.04490e-02 -7.55293e-02
 1.93070e-02 -7.77513e-02

 2.88037e-02 -7.25137e-02
 2.33266e-02 -7.59699e-02
 2.58230e-02 -7.58717e-02
 2.44898e-02 -7.37589e-02
 2.33266e-02 -7.59699e-02

 2.77066e-03 -7.41880e-02
 2.77066e-03 -7.46662e-02
 4.01982e-03 -7.25026e-02
 1.52150e-03 -7.25026e-02
 2.77066e-03 -7.46662e-02

 8.28615e-03 -7.36240e-02
 6.67620e-03 -7.42942e-02
 9.15373e-03 -7.46160e-02
 8.19358e-03 -7.23095e-02
 6.67620e-03 -7.42942e-02

 1.37270e-02 -7.25587e-02
 1.12032e-02 -7.36147e-02
 1.36813e-02 -7.39319e-02
 1.27169e-02 -7.16272e-02
 1.12032e-02 -7.36147e-02

 1.90476e-02 -7.10008e-02
 1.53231e-02 -7.25528e-02
 1.78008e-02 -7.28737e-02
 1.68399e-02 -7.05675e-02
 1.53231e-02 -7.25528e-02

 2.42036e-02 -6.89636e-02
 1.95932e-02 -7.10459e-02
 2.20792e-02 -7.12938e-02
 2.10508e-02 -6.90169e-02
 1.95932e-02 -7.10459e-02

 2.91516e-02 -6.64640e-02
 2.37720e-02 -6.91842e-02
 2.62665e-02 -6.93227e-02
 2.51391e-02 -6.70931e-02
 2.37720e-02 -6.91842e-02

 2.82131e-03 -6.87588e-02
 2.82131e-03 -6.82679e-02
 1.57215e-03 -7.04316e-02
 4.07047e-03 -7.04316e-02
 2.82131e-03 -6.82679e-02

 8.43432e-03 -6.81554e-02
 7.07395e-03 -6.75972e-02
 8.60150e-03 -6.95742e-02
 9.54979e-03 -6.72628e-02
 7.07395e-03 -6.75972e-02

 1.39613e-02 -6.70056e-02
 1.18739e-02 -6.68215e-02
 1.39194e-02 -6.82560e-02
 1.41390e-02 -6.57673e-02
 1.18739e-02 -6.68215e-02

 1.93491e-02 -6.53207e-02
 1.63746e-02 -6.55878e-02
 1.86412e-02 -6.66384e-02
 1.84178e-02 -6.41501e-02
 1.63746e-02 -6.55878e-02

 2.45460e-02 -6.31167e-02
 2.09664e-02 -6.39011e-02
 2.33473e-02 -6.46582e-02
 2.28125e-02 -6.22178e-02
 2.09664e-02 -6.39011e-02

 2.95021e-02 -6.04150e-02
 2.55263e-02 -6.18860e-02
 2.79889e-02 -6.23068e-02
 2.71220e-02 -5.99637e-02
 2.55263e-02 -6.18860e-02

 2.87349e-03 -6.33311e-02
 2.87349e-03 -6.26020e-02
 1.62433e-03 -6.47656e-02
 4.12265e-03 -6.47656e-02
 2.87349e-03 -6.26020e-02

 8.58693e-03 -6.26901e-02
 7.91181e-03 -6.16701e-02
 8.06430e-03 -6.41638e-02
 1.01476e-02 -6.27849e-02
 7.91181e-03 -6.16701e-02

 1.42022e-02 -6.14566e-02
 1.32126e-02 -6.06562e-02
 1.41094e-02 -6.29880e-02
 1.56804e-02 -6.10454e-02
 1.32126e-02 -6.06562e-02

 1.96580e-02 -5.96439e-02
 1.83613e-02 -5.90046e-02
 1.97495e-02 -6.10817e-02
 2.08542e-02 -5.88409e-02
 1.83613e-02 -5.90046e-02

 2.48948e-02 -5.72719e-02
 2.34237e-02 -5.68076e-02
 2.51110e-02 -5.86500e-02
 2.58629e-02 -5.62675e-02
 2.34237e-02 -5.68076e-02

 2.98552e-02 -5.43666e-02
 2.85443e-02 -5.42526e-02
 3.05917e-02 -5.56844e-02
 3.08080e-02 -5.31955e-02
 2.85443e-02 -5.42526e-02

 2.92720e-03 -5.79048e-02
 2.92720e-03 -5.64816e-02
 1.67803e-03 -5.86452e-02
 4.17636e-03 -5.86452e-02
 2.92720e-03 -5.64816e-02

 8.74398e-03 -5.72284e-02
 9.21661e-03 -5.53858e-02
 7.46906e-03 -5.71712e-02
 9.88904e-03 -5.77919e-02
 9.21661e-03 -5.53858e-02

 1.44499e-02 -5.59116e-02
 1.53060e-02 -5.40756e-02
 1.32595e-02 -5.55085e-02
 1.55238e-02 -5.65644e-02
 1.53060e-02 -5.40756e-02

 1.99746e-02 -5.39705e-02
 2.13379e-02 -5.20069e-02
 1.90778e-02 -5.30717e-02
 2.11301e-02 -5.44965e-02
 2.13379e-02 -5.20069e-02

 2.52499e-02 -5.14291e-02
 2.69706e-02 -4.92885e-02
 2.46414e-02 -5.01922e-02
 2.65886e-02 -5.17574e-02
 2.69706e-02 -4.92885e-02

 3.02108e-02 -4.83188e-02
 3.27117e-02 -4.62317e-02
 3.02501e-02 -4.66590e-02
 3.18509e-02 -4.85771e-02
 3.27117e-02 -4.62317e-02

 2.98242e-03 -5.24799e-02
 3.00689e-03 -5.24785e-02
 7.71797e-04 -5.13622e-02
 9.22642e-04 -5.38560e-02
 3.00689e-03 -5.24785e-02

 8.90546e-03 -5.17703e-02
 1.01786e-02 -5.15370e-02
 7.82522e-03 -5.06983e-02
 8.27555e-03 -5.31557e-02
 1.01786e-02 -5.15370e-02

 1.47043e-02 -5.03707e-02
 1.66530e-02 -4.97635e-02
 1.42158e-02 -4.92145e-02
 1.49590e-02 -5.15997e-02
 1.66530e-02 -4.97635e-02

 2.02987e-02 -4.83004e-02
 2.30249e-02 -4.70735e-02
 2.05392e-02 -4.68224e-02
 2.15645e-02 -4.91006e-02
 2.30249e-02 -4.70735e-02

 2.56115e-02 -4.55882e-02
 2.86285e-02 -4.37644e-02
 2.61306e-02 -4.38147e-02
 2.74231e-02 -4.59528e-02
 2.86285e-02 -4.37644e-02

 3.05691e-02 -4.22715e-02
 3.39853e-02 -3.95951e-02
 3.15118e-02 -3.99461e-02
 3.30526e-02 -4.19128e-02
 3.39853e-02 -3.95951e-02

 3.62105e-02 -4.03946e-02
 3.99255e-02 -3.59501e-02
 3.75795e-02 -3.68091e-02
 3.94964e-02 -3.84113e-02
 3.99255e-02 -3.59501e-02

 3.59826e-02 -4.67171e-02
 3.71179e-02 -4.54400e-02
 3.47468e-02 -4.62270e-02
 3.66139e-02 -4.78870e-02
 3.71179e-02 -4.54400e-02

 3.57546e-02 -5.30396e-02
 3.31508e-02 -5.42322e-02
 3.56381e-02 -5.44669e-02
 3.45978e-02 -5.21955e-02
 3.31508e-02 -5.42322e-02

 3.55267e-02 -5.93621e-02
 3.03941e-02 -6.23579e-02
 3.28924e-02 -6.23461e-02
 3.16330e-02 -6.01884e-02
 3.03941e-02 -6.23579e-02

 3.52987e-02 -6.56846e-02
 2.90421e-02 -6.95975e-02
 3.15389e-02 -6.95094e-02
 3.02142e-02 -6.73912e-02
 2.90421e-02 -6.95975e-02

 3.50707e-02 -7.20071e-02
 2.90623e-02 -7.62281e-02
 3.15508e-02 -7.60065e-02
 3.01146e-02 -7.39622e-02
 2.90623e-02 -7.62281e-02

 3.48428e-02 -7.83296e-02
 3.01340e-02 -8.23087e-02
 3.25928e-02 -8.18664e-02
 3.09803e-02 -7.99581e-02
 3.01340e-02 -8.23087e-02

 3.46148e-02 -8.46521e-02
 3.21212e-02 -8.79099e-02
 3.44282e-02 -8.69511e-02
 3.24444e-02 -8.54326e-02
 3.21212e-02 -8.79099e-02

 3.43869e-02 -9.09746e-02
 3.47456e-02 -9.29734e-02
 3.55929e-02 -9.06231e-02
 3.31339e-02 -9.10644e-02
 3.47456e-02 -9.29734e-02

 3.41589e-02 -9.72971e-02
 3.75429e-02 -9.77426e-02
 3.55608e-02 -9.62217e-02
 3.52348e-02 -9.86987e-02
 3.75429e-02 -9.77426e-02

 3.39310e-02 -1.03620e-01
 3.86206e-02 -1.02655e-01
 3.62496e-02 -1.01867e-01
 3.67532e-02 -1.04314e-01
 3.86206e-02 -1.02655e-01

 3.25715e-02 -1.08703e-01
 3.48524e-02 -1.07951e-01
 3.24065e-02 -1.07442e-01
 3.31886e-02 -1.09814e-01
 3.48524e-02 -1.07951e-01

 4.27359e-02 -4.02461e-02
 4.36126e-02 -3.79995e-02
 4.16624e-02 -3.95609e-02
 4.39898e-02 -4.04691e-02
 4.36126e-02 -3.79995e-02

 4.27526e-02 -4.68905e-02
 4.01984e-02 -4.84418e-02
 4.26961e-02 -4.83864e-02
 4.13992e-02 -4.62510e-02
 4.01984e-02 -4.84418e-02

 4.27694e-02 -5.35349e-02
 3.74804e-02 -5.74545e-02
 3.99625e-02 -5.71699e-02
 3.84750e-02 -5.51627e-02
 3.74804e-02 -5.74545e-02

 4.27862e-02 -6.01793e-02
 3.60542e-02 -6.53026e-02
 3.85324e-02 -6.49863e-02
 3.70194e-02 -6.29983e-02
 3.60542e-02 -6.53026e-02

 4.28029e-02 -6.68237e-02
 3.60447e-02 -7.21144e-02
 3.85184e-02 -7.17643e-02
 3.69783e-02 -6.97971e-02
 3.60447e-02 -7.21144e-02

 4.28197e-02 -7.34681e-02
 3.73276e-02 -7.81637e-02
 3.97839e-02 -7.77071e-02
 3.81603e-02 -7.58082e-02
 3.73276e-02 -7.81637e-02

 4.28364e-02 -8.01124e-02
 3.97175e-02 -8.35561e-02
 4.20958e-02 -8.27910e-02
 4.02441e-02 -8.11139e-02
 3.97175e-02 -8.35561e-02

 4.28532e-02 -8.67568e-02
 4.29958e-02 -8.83707e-02
 4.40497e-02 -8.61055e-02
 4.15610e-02 -8.63254e-02
 4.29958e-02 -8.83707e-02

 4.28699e-02 -9.34012e-02
 4.65305e-02 -9.29451e-02
 4.42290e-02 -9.19730e-02
 4.45380e-02 -9.44522e-02
 4.65305e-02 -9.29451e-02

 4.28867e-02 -1.00046e-01
 4.81499e-02 -9.81197e-02
 4.56888e-02 -9.76901e-02
 4.65473e-02 -1.00036e-01
 4.81499e-02 -9.81197e-02

 4.17449e-02 -1.05468e-01
 4.46537e-02 -1.04227e-01
 4.21735e-02 -1.03927e-01
 4.31540e-02 -1.06225e-01
 4.46537e-02 -1.04227e-01

 4.92708e-02 -4.00910e-02
 4.64766e-02 -4.16502e-02
 4.89747e-02 -4.16867e-02
 4.77573e-02 -3.95051e-02
 4.64766e-02 -4.16502e-02

 4.95512e-02 -4.70442e-02
 4.42268e-02 -5.17715e-02
 4.66741e-02 -5.12691e-02
 4.50154e-02 -4.94009e-02
 4.42268e-02 -5.17715e-02

 4.98317e-02 -5.39974e-02
 4.29978e-02 -6.02187e-02
 4.54386e-02 -5.96859e-02
 4.37568e-02 -5.78384e-02
 4.29978e-02 -6.02187e-02

 5.01122e-02 -6.09505e-02
 4.30639e-02 -6.74372e-02
 4.55018e-02 -6.68911e-02
 4.38100e-02 -6.50528e-02
 4.30639e-02 -6.74372e-02

 5.03927e-02 -6.79037e-02
 4.44801e-02 -7.35506e-02
 4.69075e-02 -7.29596e-02
 4.51820e-02 -7.11529e-02
 4.44801e-02 -7.35506e-02

 5.06731e-02 -7.48568e-02
 4.71660e-02 -7.88259e-02
 4.95347e-02 -7.80317e-02
 4.76625e-02 -7.63774e-02
 4.71660e-02 -7.88259e-02

 5.09536e-02 -8.18100e-02
 5.08777e-02 -8.33690e-02
 5.22306e-02 -8.12687e-02
 4.97353e-02 -8.11472e-02
 5.08777e-02 -8.33690e-02

 5.12341e-02 -8.87631e-02
 5.49513e-02 -8.77004e-02
 5.25277e-02 -8.70941e-02
 5.32144e-02 -8.94962e-02
 5.49513e-02 -8.77004e-02

 5.15146e-02 -9.57163e-02
 5.70349e-02 -9.29399e-02
 5.45407e-02 -9.27961e-02
 5.56632e-02 -9.50280e-02
 5.70349e-02 -9.29399e-02

 5.06129e-02 -1.01466e-01
 5.37406e-02 -9.98047e-02
 5.12438e-02 -9.97164e-02
 5.24157e-02 -1.01923e-01
 5.37406e-02 -9.98047e-02

 5.58147e-02 -3.99288e-02
 5.01790e-02 -4.54891e-02
 5.25965e-02 -4.48587e-02
 5.08419e-02 -4.30803e-02
 5.01790e-02 -4.54891e-02

 5.63771e-02 -4.71764e-02
 4.94078e-02 -5.45856e-02
 5.18001e-02 -5.38655e-02
 4.99803e-02 -5.21538e-02
 4.94078e-02 -5.45856e-02

 5.69395e-02 -5.44239e-02
 4.97203e-02 -6.21203e-02
 5.21116e-02 -6.13968e-02
 5.02894e-02 -5.96876e-02
 4.97203e-02 -6.21203e-02

 5.75018e-02 -6.16715e-02
 5.12967e-02 -6.84110e-02
 5.36812e-02 -6.76654e-02
 5.18433e-02 -6.59732e-02
 5.12967e-02 -6.84110e-02

 5.80642e-02 -6.89191e-02
 5.42158e-02 -7.35914e-02
 5.65555e-02 -7.27156e-02
 5.46271e-02 -7.11272e-02
 5.42158e-02 -7.35914e-02

 5.86266e-02 -7.61666e-02
 5.83059e-02 -7.79076e-02
 5.99263e-02 -7.60061e-02
 5.74694e-02 -7.55534e-02
 5.83059e-02 -7.79076e-02

 5.91890e-02 -8.34142e-02
 6.28443e-02 -8.19357e-02
 6.03701e-02 -8.15890e-02
 6.13069e-02 -8.39050e-02
 6.28443e-02 -8.19357e-02

 5.97513e-02 -9.06618e-02
 6.54435e-02 -8.71621e-02
 6.29461e-02 -8.72312e-02
 6.42546e-02 -8.93594e-02
 6.54435e-02 -8.71621e-02

 5.91113e-02 -9.67234e-02
 6.23734e-02 -9.46182e-02
 5.98781e-02 -9.47418e-02
 6.12328e-02 -9.68410e-02
 6.23734e-02 -9.46182e-02

 6.23673e-02 -3.97588e-02
 5.54794e-02 -4.86533e-02
 5.77918e-02 -4.77075e-02
 5.58165e-02 -4.61778e-02
 5.54794e-02 -4.86533e-02

 6.32289e-02 -4.72853e-02
 5.60817e-02 -5.64509e-02
 5.83972e-02 -5.55128e-02
 5.64270e-02 -5.39765e-02
 5.60817e-02 -5.64509e-02

 6.40904e-02 -5.48117e-02
 5.78583e-02 -6.27529e-02
 6.01768e-02 -6.18220e-02
 5.82114e-02 -6.02796e-02
 5.78583e-02 -6.27529e-02

 6.49519e-02 -6.23382e-02
 6.09276e-02 -6.78275e-02
 6.32143e-02 -6.68212e-02
 6.11994e-02 -6.53440e-02
 6.09276e-02 -6.78275e-02

 6.58135e-02 -6.98647e-02
 6.52921e-02 -7.18485e-02
 6.70502e-02 -7.00734e-02
 6.46339e-02 -6.94384e-02
 6.52921e-02 -7.18485e-02

 6.66750e-02 -7.73911e-02
 7.02246e-02 -7.55121e-02
 6.77280e-02 -7.54204e-02
 6.88968e-02 -7.76284e-02
 7.02246e-02 -7.55121e-02

 6.75366e-02 -8.49176e-02
 7.33357e-02 -8.06627e-02
 7.08523e-02 -8.09355e-02
 7.23302e-02 -8.29498e-02
 7.33357e-02 -8.06627e-02

 6.71786e-02 -9.12750e-02
 7.05526e-02 -8.86670e-02
 6.80768e-02 -8.90019e-02
 6.96047e-02 -9.09785e-02
 7.05526e-02 -8.86670e-02

 6.89281e-02 -3.95805e-02
 6.21549e-02 -5.06570e-02
 6.43493e-02 -4.94629e-02
 6.22179e-02 -4.81595e-02
 6.21549e-02 -5.06570e-02

 7.01050e-02 -4.73692e-02
 6.41156e-02 -5.68321e-02
 6.63282e-02 -5.56720e-02
 6.42172e-02 -5.43359e-02
 6.41156e-02 -5.68321e-02

 7.12820e-02 -5.51580e-02
 6.73074e-02 -6.16054e-02
 6.95062e-02 -6.04191e-02
 6.73795e-02 -5.91081e-02
 6.73074e-02 -6.16054e-02

 7.24590e-02 -6.29467e-02
 7.18100e-02 -6.52632e-02
 7.35965e-02 -6.35168e-02
 7.11909e-02 -6.28428e-02
 7.18100e-02 -6.52632e-02

 7.36360e-02 -7.07355e-02
 7.70302e-02 -6.84606e-02
 7.45375e-02 -6.86275e-02
 7.59284e-02 -7.07028e-02
 7.70302e-02 -6.84606e-02

 7.48130e-02 -7.85242e-02
 8.06306e-02 -7.34641e-02
 7.81783e-02 -7.39415e-02
 7.98179e-02 -7.58265e-02
 8.06306e-02 -7.34641e-02

 7.47565e-02 -8.51596e-02
 7.81799e-02 -8.20153e-02
 7.57414e-02 -8.25588e-02
 7.74314e-02 -8.43988e-02
 7.81799e-02 -8.20153e-02

 7.54964e-02 -3.93933e-02
 7.03716e-02 -5.05568e-02
 7.24095e-02 -4.91117e-02
 7.01390e-02 -4.80694e-02
 7.03716e-02 -5.05568e-02

 7.70041e-02 -4.74267e-02
 7.35131e-02 -5.49639e-02
 7.55559e-02 -5.35256e-02
 7.32890e-02 -5.24756e-02
 7.35131e-02 -5.49639e-02

 7.85117e-02 -5.54601e-02
 7.80381e-02 -5.81625e-02
 7.96420e-02 -5.62470e-02
 7.71812e-02 -5.58157e-02
 7.80381e-02 -5.81625e-02

 8.00193e-02 -6.34934e-02
 8.33259e-02 -6.08290e-02
 8.08574e-02 -6.12139e-02
 8.24250e-02 -6.31592e-02
 8.33259e-02 -6.08290e-02

 8.15270e-02 -7.15268e-02
 8.73261e-02 -6.56267e-02
 8.49186e-02 -6.62942e-02
 8.67003e-02 -6.80454e-02
 8.73261e-02 -6.56267e-02

 8.17899e-02 -7.84212e-02
 8.51971e-02 -7.47117e-02
 8.28135e-02 -7.54601e-02
 8.46535e-02 -7.71502e-02
 8.51971e-02 -7.47117e-02

 8.20718e-02 -3.91969e-02
 7.94093e-02 -4.77146e-02
 8.12471e-02 -4.60222e-02
 7.88626e-02 -4.52769e-02
 7.94093e-02 -4.77146e-02

 8.39242e-02 -4.74562e-02
 8.38046e-02 -5.04475e-02
 8.51392e-02 -4.83355e-02
 8.26429e-02 -4.82357e-02
 8.38046e-02 -5.04475e-02

 8.57766e-02 -5.57156e-02
 8.90936e-02 -5.25972e-02
 8.66616e-02 -5.31690e-02
 8.83729e-02 -5.49893e-02
 8.90936e-02 -5.25972e-02

 8.76290e-02 -6.39750e-02
 9.33599e-02 -5.71525e-02
 9.10118e-02 -5.80058e-02
 9.29247e-02 -5.96127e-02
 9.33599e-02 -5.71525e-02

 8.82279e-02 -7.11080e-02
 9.15470e-02 -6.68142e-02
 8.92354e-02 -6.77621e-02
 9.12121e-02 -6.92900e-02
 9.15470e-02 -6.68142e-02

 8.86536e-02 -3.89906e-02
 8.93881e-02 -4.21250e-02
 9.01107e-02 -3.97335e-02
 8.76783e-02 -4.03035e-02
 8.93881e-02 -4.21250e-02

 9.08637e-02 -4.74565e-02
 9.43626e-02 -4.36830e-02
 9.19755e-02 -4.44202e-02
 9.38074e-02 -4.61189e-02
 9.43626e-02 -4.36830e-02

 9.30737e-02 -5.59224e-02
 9.88408e-02 -4.81191e-02
 9.65503e-02 -4.91166e-02
 9.85594e-02 -5.06015e-02
 9.88408e-02 -4.81191e-02

 9.40239e-02 -6.32726e-02
 9.72013e-02 -5.83494e-02
 9.49785e-02 -5.94899e-02
 9.70776e-02 -6.08447e-02
 9.72013e-02 -5.83494e-02

 9.52413e-02 -3.87743e-02
 9.89370e-02 -3.41514e-02
 9.66103e-02 -3.50613e-02
 9.85617e-02 -3.66213e-02
 9.89370e-02 -3.41514e-02

 9.78206e-02 -4.74263e-02
 1.03438e-01 -3.83109e-02
 1.01239e-01 -3.94976e-02
 1.03366e-01 -4.08082e-02
 1.03438e-01 -3.83109e-02

 9.91357e-02 -5.49712e-02
 1.02111e-01 -4.93687e-02
 9.99932e-02 -5.06936e-02
 1.02200e-01 -5.18655e-02
 1.02111e-01 -4.93687e-02

 1.01834e-01 -3.85474e-02
 1.07586e-01 -2.82008e-02
 1.05443e-01 -2.94848e-02
 1.07627e-01 -3.06988e-02
 1.07586e-01 -2.82008e-02

 1.03526e-01 -4.62635e-02
 1.06315e-01 -3.97274e-02
 1.04317e-01 -4.12271e-02
 1.06615e-01 -4.22077e-02
 1.06315e-01 -3.97274e-02

 1.07163e-01 -3.72121e-02
 1.09386e-01 -3.04691e-02
 1.07522e-01 -3.21329e-02
 1.09895e-01 -3.29150e-02
 1.09386e-01 -3.04691e-02

 1.07478e-01 -3.14796e-02
 1.10229e-01 -2.17628e-02
 1.08438e-01 -2.35042e-02
 1.10842e-01 -2.41849e-02
 1.10229e-01 -2.17628e-02

 1.08809e-01 -2.67494e-02
 1.11290e-01 -1.63179e-02
 1.09575e-01 -1.81337e-02
 1.12005e-01 -1.87118e-02
 1.11290e-01 -1.63179e-02

 1.09924e-01 -2.19630e-02
 1.12007e-01 -1.11932e-02
 1.10369e-01 -1.30803e-02
 1.12822e-01 -1.35546e-02
 1.12007e-01 -1.11932e-02

 1.10818e-01 -1.71304e-02
 1.12485e-01 -5.99335e-03
 1.10929e-01 -7.94820e-03
 1.13400e-01 -8.31805e-03
 1.12485e-01 -5.99335e-03

 1.11490e-01 -1.22618e-02
 1.12706e-01 -8.49934e-04
 1.11235e-01 -2.86904e-03
 1.13719e-01 -3.13370e-03
 1.12706e-01 -8.49934e-04

 1.11939e-01 -7.36740e-03
 1.12681e-01  4.25756e-03
 1.11296e-01  2.17783e-03
 1.13790e-01  2.01884e-03
 1.12681e-01  4.25756e-03

 1.12164e-01 -2.45752e-03
 1.12415e-01  9.35006e-03
 1.11120e-01  7.21345e-03
 1.13618e-01  7.16042e-03
 1.12415e-01  9.35006e-03

 1.12164e-01  2.45752e-03
 1.11912e-01  1.43478e-02
 1.10709e-01  1.21582e-02
 1.13206e-01  1.22112e-02
 1.11912e-01  1.43478e-02

 1.11939e-01  7.36740e-03
 1.11175e-01  1.93479e-02
 1.10066e-01  1.71091e-02
 1.12560e-01  1.72681e-02
 1.11175e-01  1.93479e-02

 1.11490e-01  1.22618e-02
 1.10222e-01  2.41708e-02
 1.09209e-01  2.18870e-02
 1.11693e-01  2.21517e-02
 1.10222e-01  2.41708e-02

 1.10818e-01  1.71304e-02
 1.09033e-01  2.90516e-02
 1.08118e-01  2.67269e-02
 1.10589e-01  2.70968e-02
 1.09033e-01  2.90516e-02

 1.09924e-01  2.19630e-02
 1.07676e-01  3.35864e-02
 1.06860e-01  3.12250e-02
 1.09313e-01  3.16994e-02
 1.07676e-01  3.35864e-02

 1.08809e-01  2.67494e-02
 1.06041e-01  3.83881e-02
 1.05327e-01  3.59941e-02
 1.07757e-01  3.65722e-02
 1.06041e-01  3.83881e-02

 1.07478e-01  3.14796e-02
 1.04386e-01  4.23970e-02
 1.03774e-01  3.99749e-02
 1.06178e-01  4.06556e-02
 1.04386e-01  4.23970e-02

 1.01186e-01 -3.17882e-02
 1.05782e-01 -2.16195e-02
 1.03753e-01 -2.30765e-02
 1.06029e-01 -2.41056e-02
 1.05782e-01 -2.16195e-02

 1.02724e-01 -2.70467e-02
 1.06630e-01 -1.60895e-02
 1.04727e-01 -1.77080e-02
 1.07080e-01 -1.85470e-02
 1.06630e-01 -1.60895e-02

 1.04012e-01 -2.22310e-02
 1.07216e-01 -1.06802e-02
 1.05434e-01 -1.24311e-02
 1.07842e-01 -1.30990e-02
 1.07216e-01 -1.06802e-02

 1.05047e-01 -1.73543e-02
 1.07611e-01 -5.23393e-03
 1.05941e-01 -7.09206e-03
 1.08385e-01 -7.60927e-03
 1.07611e-01 -5.23393e-03

 1.05825e-01 -1.24300e-02
 1.07739e-01  1.78008e-04
 1.06179e-01 -1.77365e-03
 1.08649e-01 -2.14856e-03
 1.07739e-01  1.78008e-04

 1.06345e-01 -7.47169e-03
 1.07599e-01  5.54459e-03
 1.06148e-01  3.51064e-03
 1.08635e-01  3.27122e-03
 1.07599e-01  5.54459e-03

 1.06606e-01 -2.49284e-03
 1.07168e-01  1.08969e-02
 1.05829e-01  8.78764e-03
 1.08326e-01  8.68281e-03
 1.07168e-01  1.08969e-02

 1.06606e-01  2.49284e-03
 1.06454e-01  1.61222e-02
 1.05229e-01  1.39448e-02
 1.07728e-01  1.39726e-02
 1.06454e-01  1.61222e-02

 1.06345e-01  7.47169e-03
 1.05438e-01  2.13451e-02
 1.04333e-01  1.91046e-02
 1.06826e-01  1.92677e-02
 1.05438e-01  2.13451e-02

 1.05825e-01  1.24300e-02
 1.04149e-01  2.63322e-02
 1.03168e-01  2.40347e-02
 1.05649e-01  2.43336e-02
 1.04149e-01  2.63322e-02

 1.05047e-01  1.73543e-02
 1.02545e-01  3.13477e-02
 1.01696e-01  2.89980e-02
 1.04156e-01  2.94376e-02
 1.02545e-01  3.13477e-02

 1.04012e-01  2.22310e-02
 1.00720e-01  3.59765e-02
 1.00009e-01  3.35815e-02
 1.02439e-01  3.41633e-02
 1.00720e-01  3.59765e-02

 1.02724e-01  2.70467e-02
 9.85391e-02  4.06913e-02
 9.79792e-02  3.82565e-02
 1.00368e-01  3.89890e-02
 9.85391e-02  4.06913e-02

 1.01186e-01  3.17882e-02
 9.62536e-02  4.48270e-02
 9.58507e-02  4.23614e-02
 9.81875e-02  4.32452e-02
 9.62536e-02  4.48270e-02

 9.48956e-02 -3.21001e-02
 9.67828e-02 -3.08572e-02
 9.42888e-02 -3.10040e-02
 9.56630e-02 -3.30905e-02
 9.67828e-02 -3.08572e-02

 9.66440e-02 -2.73523e-02
 9.84124e-02 -2.54215e-02
 9.60299e-02 -2.61733e-02
 9.78723e-02 -2.78607e-02
 9.84124e-02 -2.54215e-02

 9.81104e-02 -2.25097e-02
 9.96899e-02 -1.99494e-02
 9.74908e-02 -2.11350e-02
 9.96170e-02 -2.24467e-02
 9.96899e-02 -1.99494e-02

 9.92898e-02 -1.75890e-02
 1.00697e-01 -1.43702e-02
 9.86859e-02 -1.58521e-02
 1.00975e-01 -1.68530e-02
 1.00697e-01 -1.43702e-02

 1.00178e-01 -1.26073e-02
 1.01376e-01 -8.79164e-03
 9.95363e-02 -1.04815e-02
 1.01920e-01 -1.12302e-02
 1.01376e-01 -8.79164e-03

 1.00772e-01 -7.58193e-03
 1.01734e-01 -3.21736e-03
 1.00049e-01 -5.06111e-03
 1.02488e-01 -5.59925e-03
 1.01734e-01 -3.21736e-03

 1.01069e-01 -2.53024e-03
 1.01742e-01  2.34799e-03
 1.00209e-01  3.75291e-04
 1.02684e-01  3.40309e-05
 1.01742e-01  2.34799e-03

 1.01069e-01  2.53024e-03
 1.01411e-01  7.83643e-03
 1.00025e-01  5.75757e-03
 1.02518e-01  5.59700e-03
 1.01411e-01  7.83643e-03

 1.00772e-01  7.58193e-03
 1.00706e-01  1.33108e-02
 9.94816e-02  1.11330e-02
 1.01980e-01  1.11617e-02
 1.00706e-01  1.33108e-02

 1.00178e-01  1.26073e-02
 9.96630e-02  1.86203e-02
 9.86030e-02  1.63580e-02
 1.01092e-01  1.65712e-02
 9.96630e-02  1.86203e-02

 9.92898e-02  1.75890e-02
 9.82209e-02  2.39143e-02
 9.73497e-02  2.15728e-02
 9.98131e-02  2.19891e-02
 9.82209e-02  2.39143e-02

 9.81104e-02  2.25097e-02
 9.64622e-02  2.89152e-02
 9.57916e-02  2.65085e-02
 9.82111e-02  2.71311e-02
 9.64622e-02  2.89152e-02

 9.66440e-02  2.73523e-02
 9.42821e-02  3.39199e-02
 9.38388e-02  3.14613e-02
 9.61897e-02  3.23067e-02
 9.42821e-02  3.39199e-02

 9.48956e-02  3.21001e-02
 9.18412e-02  3.84511e-02
 9.16532e-02  3.59599e-02
 9.39047e-02  3.70427e-02
 9.18412e-02  3.84511e-02

 8.86078e-02 -3.24155e-02
 8.80546e-02 -3.87967e-02
 8.94860e-02 -3.67491e-02
 8.69970e-02 -3.65333e-02
 8.80546e-02 -3.87967e-02

 9.05712e-02 -2.76667e-02
 9.02868e-02 -3.39268e-02
 9.16328e-02 -3.18221e-02
 8.91371e-02 -3.17087e-02
 9.02868e-02 -3.39268e-02

 9.22203e-02 -2.27996e-02
 9.21712e-02 -2.88356e-02
 9.34379e-02 -2.66822e-02
 9.09397e-02 -2.66619e-02
 9.21712e-02 -2.88356e-02

 9.35483e-02 -1.78350e-02
 9.37556e-02 -2.35374e-02
 9.49253e-02 -2.13299e-02
 9.24286e-02 -2.14206e-02
 9.37556e-02 -2.35374e-02

 9.45492e-02 -1.27941e-02
 9.50086e-02 -1.81270e-02
 9.60675e-02 -1.58642e-02
 9.35784e-02 -1.60786e-02
 9.50086e-02 -1.81270e-02

 9.52189e-02 -7.69840e-03
 9.59308e-02 -1.26146e-02
 9.68570e-02 -1.02943e-02
 9.43845e-02 -1.06523e-02
 9.59308e-02 -1.26146e-02

 9.55545e-02 -2.56980e-03
 9.64852e-02 -7.03381e-03
 9.72665e-02 -4.66078e-03
 9.48208e-02 -5.17069e-03
 9.64852e-02 -7.03381e-03

 9.55545e-02  2.56980e-03
 9.66688e-02 -1.42227e-03
 9.72903e-02  9.97511e-04
 9.48839e-02  3.25859e-04
 9.66688e-02 -1.42227e-03

 9.52189e-02  7.69840e-03
 9.64317e-02  4.22648e-03
 9.68975e-02  6.68100e-03
 9.45389e-02  5.85715e-03
 9.64317e-02  4.22648e-03

 9.45492e-02  1.27941e-02
 9.57871e-02  9.82631e-03
 9.61071e-02  1.23041e-02
 9.38013e-02  1.13423e-02
 9.57871e-02  9.82631e-03

 9.35483e-02  1.78350e-02
 9.46635e-02  1.54206e-02
 9.48902e-02  1.79086e-02
 9.26222e-02  1.68610e-02
 9.46635e-02  1.54206e-02

 9.22203e-02  2.27996e-02
 9.31170e-02  2.08548e-02
 9.33455e-02  2.33426e-02
 9.10767e-02  2.22966e-02
 9.31170e-02  2.08548e-02

 9.05712e-02  2.76667e-02
 9.10611e-02  2.62437e-02
 9.15379e-02  2.86961e-02
 8.91757e-02  2.78828e-02
 9.10611e-02  2.62437e-02

 8.86078e-02  3.24155e-02
 8.86566e-02  3.13448e-02
 8.98061e-02  3.35629e-02
 8.73104e-02  3.34494e-02
 8.86566e-02  3.13448e-02

 8.23223e-02 -3.27344e-02
 7.89393e-02 -4.39679e-02
 8.07593e-02 -4.22564e-02
 7.83671e-02 -4.15360e-02
 7.89393e-02 -4.39679e-02

 8.45051e-02 -2.79902e-02
 8.17940e-02 -3.96819e-02
 8.34996e-02 -3.78564e-02
 8.10658e-02 -3.72920e-02
 8.17940e-02 -3.96819e-02

 8.63418e-02 -2.31013e-02
 8.43173e-02 -3.51379e-02
 8.59080e-02 -3.32115e-02
 8.34443e-02 -3.27971e-02
 8.43173e-02 -3.51379e-02

 8.78227e-02 -1.80928e-02
 8.65312e-02 -3.02791e-02
 8.80014e-02 -2.82592e-02
 8.55170e-02 -2.79959e-02
 8.65312e-02 -3.02791e-02

 8.89402e-02 -1.29907e-02
 8.84161e-02 -2.52090e-02
 8.97568e-02 -2.31009e-02
 8.72608e-02 -2.29938e-02
 8.84161e-02 -2.52090e-02

 8.96884e-02 -7.82140e-03
 8.99687e-02 -1.99218e-02
 9.11674e-02 -1.77298e-02
 8.86697e-02 -1.77877e-02
 8.99687e-02 -1.99218e-02

 9.00635e-02 -2.61164e-03
 9.11464e-02 -1.44697e-02
 9.21936e-02 -1.22014e-02
 8.97056e-02 -1.24286e-02
 9.11464e-02 -1.44697e-02

 9.00635e-02  2.61164e-03
 9.19295e-02 -8.87666e-03
 9.28156e-02 -6.54076e-03
 9.03496e-02 -6.94131e-03
 9.19295e-02 -8.87666e-03

 8.96884e-02  7.82140e-03
 9.22564e-02 -3.16823e-03
 9.29805e-02 -7.77135e-04
 9.05477e-02 -1.34562e-03
 9.22564e-02 -3.16823e-03

 8.89402e-02  1.29907e-02
 9.21110e-02  2.59541e-03
 9.26746e-02  5.02934e-03
 9.02850e-02  4.30044e-03
 9.21110e-02  2.59541e-03

 8.78227e-02  1.80928e-02
 9.14175e-02  8.40052e-03
 9.18363e-02  1.08635e-02
 8.94939e-02  9.99470e-03
 9.14175e-02  8.40052e-03

 8.63418e-02  2.31013e-02
 9.01997e-02  1.41403e-02
 9.04915e-02  1.66215e-02
 8.81968e-02  1.56336e-02
 9.01997e-02  1.41403e-02

 8.45051e-02  2.79902e-02
 8.83983e-02  1.98374e-02
 8.85932e-02  2.23282e-02
 8.63387e-02  2.12516e-02
 8.83983e-02  1.98374e-02

 8.23223e-02  3.27344e-02
 8.61315e-02  2.53151e-02
 8.62545e-02  2.78104e-02
 8.40320e-02  2.66693e-02
 8.61315e-02  2.53151e-02

 7.60390e-02 -3.30570e-02
 7.07178e-02 -4.61265e-02
 7.26906e-02 -4.45937e-02
 7.03767e-02 -4.36516e-02
 7.07178e-02 -4.61265e-02

 7.84461e-02 -2.83232e-02
 7.39561e-02 -4.23885e-02
 7.58041e-02 -4.07072e-02
 7.34241e-02 -3.99475e-02
 7.39561e-02 -4.23885e-02

 8.04752e-02 -2.34151e-02
 7.69134e-02 -3.83638e-02
 7.86300e-02 -3.65486e-02
 7.61997e-02 -3.59696e-02
 7.69134e-02 -3.83638e-02

 8.21138e-02 -1.83629e-02
 7.95815e-02 -3.39847e-02
 8.11607e-02 -3.20488e-02
 7.86946e-02 -3.16490e-02
 7.95815e-02 -3.39847e-02

 8.33516e-02 -1.31977e-02
 8.19467e-02 -2.93284e-02
 8.33788e-02 -2.72813e-02
 8.08899e-02 -2.70645e-02
 8.19467e-02 -2.93284e-02

 8.41811e-02 -7.95123e-03
 8.39994e-02 -2.43820e-02
 8.52724e-02 -2.22323e-02
 8.27742e-02 -2.22047e-02
 8.39994e-02 -2.43820e-02

 8.45971e-02 -2.65586e-03
 8.56941e-02 -1.91940e-02
 8.67974e-02 -1.69525e-02
 8.43045e-02 -1.71178e-02
 8.56941e-02 -1.91940e-02

 8.45971e-02  2.65586e-03
 8.69969e-02 -1.37799e-02
 8.79204e-02 -1.14585e-02
 8.54482e-02 -1.18194e-02
 8.69969e-02 -1.37799e-02

 8.41811e-02  7.95123e-03
 8.78339e-02 -8.17296e-03
 8.85742e-02 -5.78682e-03
 8.61376e-02 -6.33881e-03
 8.78339e-02 -8.17296e-03

 8.33516e-02  1.31977e-02
 8.81609e-02 -2.41562e-03
 8.87178e-02  1.98504e-05
 8.63302e-02 -7.15596e-04
 8.81609e-02 -2.41562e-03

 8.21138e-02  1.83629e-02
 8.78892e-02  3.45887e-03
 8.82722e-02  5.92766e-03
 8.59426e-02  5.02495e-03
 8.78892e-02  3.45887e-03

 8.04752e-02  2.34151e-02
 8.70064e-02  9.37174e-03
 8.72266e-02  1.18603e-02
 8.49613e-02  1.08068e-02
 8.70064e-02  9.37174e-03

 7.84461e-02  2.83232e-02
 8.54514e-02  1.52992e-02
 8.55266e-02  1.77964e-02
 8.33264e-02  1.66129e-02
 8.54514e-02  1.52992e-02

 7.60390e-02  3.30570e-02
 8.32909e-02  2.10940e-02
 8.32375e-02  2.35918e-02
 8.11010e-02  2.22967e-02
 8.32909e-02  2.10940e-02

 6.97580e-02 -3.33835e-02
 6.31586e-02 -4.54376e-02
 6.52933e-02 -4.41397e-02
 6.31019e-02 -4.29400e-02
 6.31586e-02 -4.54376e-02

 7.23943e-02 -2.86660e-02
 6.66285e-02 -4.20166e-02
 6.86331e-02 -4.05256e-02
 6.63395e-02 -3.95350e-02
 6.66285e-02 -4.20166e-02

 7.46212e-02 -2.37417e-02
 6.98419e-02 -3.83576e-02
 7.17016e-02 -3.66894e-02
 6.93270e-02 -3.59129e-02
 6.98419e-02 -3.83576e-02

 7.64223e-02 -1.86459e-02
 7.28099e-02 -3.43366e-02
 7.45127e-02 -3.25084e-02
 7.20780e-02 -3.19479e-02
 7.28099e-02 -3.43366e-02

 7.77847e-02 -1.34155e-02
 7.54942e-02 -3.00356e-02
 7.70271e-02 -2.80628e-02
 7.45521e-02 -2.77217e-02
 7.54942e-02 -3.00356e-02

 7.86984e-02 -8.08825e-03
 7.78987e-02 -2.54166e-02
 7.92463e-02 -2.33129e-02
 7.67506e-02 -2.31977e-02
 7.78987e-02 -2.54166e-02

 7.91570e-02 -2.70259e-03
 7.99724e-02 -2.05254e-02
 8.11214e-02 -1.83069e-02
 7.86257e-02 -1.84211e-02
 7.99724e-02 -2.05254e-02

 7.91570e-02  2.70259e-03
 8.16785e-02 -1.53616e-02
 8.26166e-02 -1.30460e-02
 8.01422e-02 -1.33914e-02
 8.16785e-02 -1.53616e-02

 7.86984e-02  8.08825e-03
 8.29348e-02 -9.95191e-03
 8.36563e-02 -7.56002e-03
 8.12241e-02 -8.13117e-03
 8.29348e-02 -9.95191e-03

 7.77847e-02  1.34155e-02
 8.36755e-02 -4.31661e-03
 8.41788e-02 -1.86951e-03
 8.18079e-02 -2.65715e-03
 8.36755e-02 -4.31661e-03

 7.64223e-02  1.86459e-02
 8.37921e-02  1.51614e-03
 8.40845e-02  3.99729e-03
 8.17895e-02  3.00993e-03
 8.37921e-02  1.51614e-03

 7.46212e-02  2.37417e-02
 8.32324e-02  7.49132e-03
 8.33231e-02  9.98800e-03
 8.11155e-02  8.81820e-03
 8.32324e-02  7.49132e-03

 7.23943e-02  2.86660e-02
 8.18922e-02  1.35652e-02
 8.17977e-02  1.60617e-02
 7.96829e-02  1.47316e-02
 8.18922e-02  1.35652e-02

 6.97580e-02  3.33835e-02
 7.97677e-02  1.96020e-02
 7.95070e-02  2.20866e-02
 7.74856e-02  2.06185e-02
 7.97677e-02  1.96020e-02

 6.34793e-02 -3.37140e-02
 5.71943e-02 -4.25176e-02
 5.94681e-02 -4.14825e-02
 5.74347e-02 -4.00308e-02
 5.71943e-02 -4.25176e-02

 6.63500e-02 -2.90192e-02
 6.06783e-02 -3.90987e-02
 6.28280e-02 -3.78257e-02
 6.06507e-02 -3.66006e-02
 6.06783e-02 -3.90987e-02

 6.87800e-02 -2.40817e-02
 6.39233e-02 -3.54453e-02
 6.59223e-02 -3.39467e-02
 6.36250e-02 -3.29648e-02
 6.39233e-02 -3.54453e-02

 7.07490e-02 -1.89425e-02
 6.69001e-02 -3.14901e-02
 6.87288e-02 -2.97879e-02
 6.63403e-02 -2.90553e-02
 6.69001e-02 -3.14901e-02

 7.22404e-02 -1.36448e-02
 6.95814e-02 -2.72619e-02
 7.12220e-02 -2.53778e-02
 6.87700e-02 -2.48990e-02
 6.95814e-02 -2.72619e-02

 7.32416e-02 -8.23282e-03
 7.19798e-02 -2.27486e-02
 7.34116e-02 -2.07013e-02
 7.09227e-02 -2.04849e-02
 7.19798e-02 -2.27486e-02

 7.37443e-02 -2.75195e-03
 7.40582e-02 -1.79777e-02
 7.52625e-02 -1.57888e-02
 7.27647e-02 -1.58403e-02
 7.40582e-02 -1.79777e-02

 7.37443e-02  2.75195e-03
 7.57922e-02 -1.29515e-02
 7.67511e-02 -1.06445e-02
 7.42738e-02 -1.09676e-02
 7.57922e-02 -1.29515e-02

 7.32416e-02  8.23282e-03
 7.71098e-02 -7.68601e-03
 7.78127e-02 -5.28862e-03
 7.53850e-02 -5.87853e-03
 7.71098e-02 -7.68601e-03

 7.22404e-02  1.36448e-02
 7.79438e-02 -2.18512e-03
 7.83856e-02  2.73826e-04
 7.60352e-02 -5.73019e-04
 7.79438e-02 -2.18512e-03

 7.07490e-02  1.89425e-02
 7.81828e-02  3.53057e-03
 7.83679e-02  6.02203e-03
 7.61177e-02  4.93665e-03
 7.81828e-02  3.53057e-03

 6.87800e-02  2.40817e-02
 7.77460e-02  9.43098e-03
 7.76821e-02  1.19285e-02
 7.55512e-02  1.06244e-02
 7.77460e-02  9.43098e-03

 6.63500e-02  2.90192e-02
 7.64947e-02  1.54566e-02
 7.61991e-02  1.79374e-02
 7.41985e-02  1.64409e-02
 7.64947e-02  1.54566e-02

 6.34793e-02  3.37140e-02
 7.43293e-02  2.15301e-02
 7.38232e-02  2.39767e-02
 7.19575e-02  2.23152e-02
 7.43293e-02  2.15301e-02

 5.72030e-02 -3.40487e-02
 5.23306e-02 -3.84022e-02
 5.47763e-02 -3.78922e-02
 5.31117e-02 -3.60292e-02
 5.23306e-02 -3.84022e-02

 6.03133e-02 -2.93833e-02
 5.57527e-02 -3.44941e-02
 5.81252e-02 -3.37115e-02
 5.62612e-02 -3.20481e-02
 5.57527e-02 -3.44941e-02

 6.29524e-02 -2.44357e-02
 5.88969e-02 -3.03689e-02
 6.11491e-02 -2.92876e-02
 5.90865e-02 -2.78778e-02
 5.88969e-02 -3.03689e-02

 6.50948e-02 -1.92533e-02
 6.17668e-02 -2.59863e-02
 6.38453e-02 -2.46002e-02
 6.16057e-02 -2.34932e-02
 6.17668e-02 -2.59863e-02

 6.67199e-02 -1.38860e-02
 6.42701e-02 -2.13828e-02
 6.61295e-02 -1.97142e-02
 6.37548e-02 -1.89382e-02
 6.42701e-02 -2.13828e-02

 6.78121e-02 -8.38535e-03
 6.64360e-02 -1.65451e-02
 6.80275e-02 -1.46194e-02
 6.55640e-02 -1.42039e-02
 6.64360e-02 -1.65451e-02

 6.83608e-02 -2.80410e-03
 6.82295e-02 -1.15178e-02
 6.95111e-02 -9.37321e-03
 6.70131e-02 -9.33556e-03
 6.82295e-02 -1.15178e-02

 6.83608e-02  2.80410e-03
 6.96475e-02 -6.32103e-03
 7.05824e-02 -4.00420e-03
 6.81085e-02 -4.35303e-03
 6.96475e-02 -6.32103e-03

 6.78121e-02  8.38535e-03
 7.06414e-02 -9.92361e-04
 7.12124e-02  1.43985e-03
 6.88206e-02  7.18206e-04
 7.06414e-02 -9.92361e-04

 6.67199e-02  1.38860e-02
 7.11697e-02  4.45037e-03
 7.13766e-02  6.94011e-03
 6.91170e-02  5.87448e-03
 7.11697e-02  4.45037e-03

 6.50948e-02  1.92533e-02
 7.11375e-02  9.96856e-03
 7.10043e-02  1.24633e-02
 6.89103e-02  1.11006e-02
 7.11375e-02  9.96856e-03

 6.29524e-02  2.44357e-02
 7.04891e-02  1.55316e-02
 7.00447e-02  1.79901e-02
 6.81378e-02  1.63760e-02
 7.04891e-02  1.55316e-02

 6.03133e-02  2.93833e-02
 6.90700e-02  2.10756e-02
 6.83601e-02  2.34710e-02
 6.66406e-02  2.16585e-02
 6.90700e-02  2.10756e-02

 5.72030e-02  3.40487e-02
 6.67162e-02  2.66166e-02
 6.57802e-02  2.89330e-02
 6.42421e-02  2.69643e-02
 6.67162e-02  2.66166e-02

 5.09292e-02 -3.43878e-02
 4.94050e-02 -3.39269e-02
 5.11145e-02 -3.57488e-02
 5.18375e-02 -3.33574e-02
 4.94050e-02 -3.39269e-02

 5.42846e-02 -2.97587e-02
 5.27582e-02 -2.95521e-02
 5.47347e-02 -3.10801e-02
 5.50698e-02 -2.86044e-02
 5.27582e-02 -2.95521e-02

 5.71388e-02 -2.48044e-02
 5.57484e-02 -2.47084e-02
 5.78208e-02 -2.61037e-02
 5.79930e-02 -2.36113e-02
 5.57484e-02 -2.47084e-02

 5.94606e-02 -1.95792e-02
 5.82755e-02 -1.96221e-02
 6.04830e-02 -2.07921e-02
 6.03925e-02 -1.82955e-02
 5.82755e-02 -1.96221e-02

 6.12246e-02 -1.41400e-02
 6.03003e-02 -1.43027e-02
 6.26477e-02 -1.51578e-02
 6.22146e-02 -1.26973e-02
 6.03003e-02 -1.43027e-02

 6.24114e-02 -8.54628e-03
 6.18340e-02 -8.82847e-03
 6.43263e-02 -9.00078e-03
 6.32294e-02 -6.75616e-03
 6.18340e-02 -8.82847e-03

 6.30080e-02 -2.85918e-03
 6.28564e-02 -3.26148e-03
 6.47885e-02 -1.67760e-03
 6.24507e-02 -7.96308e-04
 6.28564e-02 -3.26148e-03

 6.30080e-02  2.85918e-03
 6.33916e-02  2.32491e-03
 6.31445e-02  4.81099e-03
 6.11151e-02  3.35397e-03
 6.33916e-02  2.32491e-03

 6.24114e-02  8.54628e-03
 6.34407e-02  7.84828e-03
 6.23511e-02  1.00965e-02
 6.09489e-02  8.02872e-03
 6.34407e-02  7.84828e-03

 6.12246e-02  1.41400e-02
 6.30138e-02  1.32698e-02
 6.16144e-02  1.53394e-02
 6.05218e-02  1.30927e-02
 6.30138e-02  1.32698e-02

 5.94606e-02  1.95792e-02
 6.20988e-02  1.85138e-02
 6.05604e-02  2.04822e-02
 5.96249e-02  1.81657e-02
 6.20988e-02  1.85138e-02

 5.71388e-02  2.48044e-02
 6.06987e-02  2.35746e-02
 5.90616e-02  2.54618e-02
 5.82458e-02  2.31004e-02
 6.06987e-02  2.35746e-02

 5.42846e-02  2.97587e-02
 5.88418e-02  2.83531e-02
 5.71425e-02  3.01845e-02
 5.64061e-02  2.77971e-02
 5.88418e-02  2.83531e-02

 5.09292e-02  3.43878e-02
 5.62694e-02  3.30118e-02
 5.44859e-02  3.47613e-02
 5.38625e-02  3.23420e-02
 5.62694e-02  3.30118e-02

 4.46580e-02 -3.47315e-02
 4.62924e-02 -3.02645e-02
 4.43758e-02 -3.18671e-02
 4.67220e-02 -3.27256e-02
 4.62924e-02 -3.02645e-02

 4.82641e-02 -3.01460e-02
 4.96819e-02 -2.48540e-02
 4.79153e-02 -2.66207e-02
 5.03286e-02 -2.72672e-02
 4.96819e-02 -2.48540e-02

 5.13399e-02 -2.51887e-02
 5.26386e-02 -1.91450e-02
 5.09628e-02 -2.09979e-02
 5.34053e-02 -2.15228e-02
 5.26386e-02 -1.91450e-02

 5.38474e-02 -1.99209e-02
 5.49634e-02 -1.32116e-02
 5.33762e-02 -1.51409e-02
 5.58406e-02 -1.55509e-02
 5.49634e-02 -1.32116e-02

 5.57557e-02 -1.44073e-02
 5.66021e-02 -7.11421e-03
 5.51118e-02 -9.11939e-03
 5.75935e-02 -9.40742e-03
 5.66021e-02 -7.11421e-03

 5.70411e-02 -8.71609e-03
 5.75871e-02 -9.71534e-04
 5.61889e-02 -3.04193e-03
 5.86810e-02 -3.21764e-03
 5.75871e-02 -9.71534e-04

 5.76878e-02 -2.91736e-03
 5.79053e-02  5.11026e-03
 5.65980e-02  2.98128e-03
 5.90954e-02  2.91360e-03
 5.79053e-02  5.11026e-03

 5.76878e-02  2.91736e-03
 5.76100e-02  1.10222e-02
 5.63816e-02  8.84667e-03
 5.88798e-02  8.87066e-03
 5.76100e-02  1.10222e-02

 5.70411e-02  8.71609e-03
 5.67526e-02  1.66348e-02
 5.55831e-02  1.44271e-02
 5.80797e-02  1.45181e-02
 5.67526e-02  1.66348e-02

 5.57557e-02  1.44073e-02
 5.54234e-02  2.18606e-02
 5.42718e-02  1.96435e-02
 5.67677e-02  1.97547e-02
 5.54234e-02  2.18606e-02

 5.38474e-02  1.99209e-02
 5.36352e-02  2.66076e-02
 5.24553e-02  2.44055e-02
 5.49524e-02  2.44847e-02
 5.36352e-02  2.66076e-02

 5.13399e-02  2.51887e-02
 5.14972e-02  3.08422e-02
 5.01883e-02  2.87142e-02
 5.26857e-02  2.86447e-02
 5.14972e-02  3.08422e-02

 4.82641e-02  3.01460e-02
 4.90582e-02  3.45298e-02
 4.74434e-02  3.26235e-02
 4.99017e-02  3.21782e-02
 4.90582e-02  3.45298e-02

 4.46580e-02  3.47315e-02
 4.60622e-02  3.75403e-02
 4.39774e-02  3.61637e-02
 4.62120e-02  3.50465e-02
 4.60622e-02  3.75403e-02

 3.83892e-02 -3.50800e-02
 4.22389e-02 -3.12304e-02
 3.98257e-02 -3.18770e-02
 4.15923e-02 -3.36436e-02
 4.22389e-02 -3.12304e-02

 4.22520e-02 -3.05458e-02
 4.60647e-02 -2.56793e-02
 4.37470e-02 -2.66121e-02
 4.57136e-02 -2.81528e-02
 4.60647e-02 -2.56793e-02

 4.55562e-02 -2.55894e-02
 4.91900e-02 -1.95781e-02
 4.70017e-02 -2.07835e-02
 4.91397e-02 -2.20760e-02
 4.91900e-02 -1.95781e-02

 4.82562e-02 -2.02792e-02
 5.14296e-02 -1.32282e-02
 4.94025e-02 -1.46886e-02
 5.16807e-02 -1.57139e-02
 5.14296e-02 -1.32282e-02

 5.03146e-02 -1.46888e-02
 5.28043e-02 -6.69915e-03
 5.09680e-02 -8.39317e-03
 5.33532e-02 -9.13643e-03
 5.28043e-02 -6.69915e-03

 5.17030e-02 -8.89529e-03
 5.32961e-02 -2.01624e-04
 5.16774e-02 -2.10463e-03
 5.41348e-02 -2.55496e-03
 5.32961e-02 -2.01624e-04

 5.24020e-02 -2.97882e-03
 5.29525e-02  6.12282e-03
 5.15750e-02  4.03858e-03
 5.40688e-02  3.88773e-03
 5.29525e-02  6.12282e-03

 5.24020e-02  2.97882e-03
 5.18467e-02  1.21587e-02
 5.07304e-02  9.92358e-03
 5.32242e-02  1.00744e-02
 5.18467e-02  1.21587e-02

 5.17030e-02  8.89529e-03
 5.00814e-02  1.77441e-02
 4.92427e-02  1.53908e-02
 5.17001e-02  1.58411e-02
 5.00814e-02  1.77441e-02

 5.03146e-02  1.46888e-02
 4.77783e-02  2.28278e-02
 4.72294e-02  2.03906e-02
 4.96146e-02  2.11338e-02
 4.77783e-02  2.28278e-02

 4.82562e-02  2.02792e-02
 4.51221e-02  2.72431e-02
 4.48709e-02  2.47574e-02
 4.71492e-02  2.57827e-02
 4.51221e-02  2.72431e-02

 4.55562e-02  2.55894e-02
 4.21870e-02  3.11626e-02
 4.22373e-02  2.86648e-02
 4.43753e-02  2.99573e-02
 4.21870e-02  3.11626e-02

 4.22520e-02  3.05458e-02
 3.91773e-02  3.44702e-02
 3.95284e-02  3.19966e-02
 4.14950e-02  3.35374e-02
 3.91773e-02  3.44702e-02

 3.83892e-02  3.50800e-02
 3.59359e-02  3.75334e-02
 3.65825e-02  3.51202e-02
 3.83491e-02  3.68868e-02
 3.59359e-02  3.75334e-02

 3.62312e-02  4.03748e-02
 3.61364e-02  4.19734e-02
 3.50176e-02  3.97396e-02
 3.75115e-02  3.98876e-02
 3.61364e-02  4.19734e-02

 4.27932e-02  4.01897e-02
 4.62181e-02  3.98677e-02
 4.41809e-02  4.13139e-02
 4.39471e-02  3.88265e-02
 4.62181e-02  3.98677e-02

 4.93551e-02  4.00046e-02
 5.69131e-02  3.60333e-02
 5.55788e-02  3.81455e-02
 5.44167e-02  3.59339e-02
 5.69131e-02  3.60333e-02

 5.59171e-02  3.98195e-02
 6.63876e-02  3.12392e-02
 6.55058e-02  3.35768e-02
 6.39223e-02  3.16444e-02
 6.63876e-02  3.12392e-02

 6.24790e-02  3.96344e-02
 7.32386e-02  2.81521e-02
 7.26707e-02  3.05850e-02
 7.08476e-02  2.88768e-02
 7.32386e-02  2.81521e-02

 6.90410e-02  3.94493e-02
 7.79150e-02  2.79210e-02
 7.75851e-02  3.03975e-02
 7.56054e-02  2.88736e-02
 7.79150e-02  2.79210e-02

 7.56029e-02  3.92642e-02
 8.10413e-02  3.06607e-02
 8.09411e-02  3.31570e-02
 7.88293e-02  3.18222e-02
 8.10413e-02  3.06607e-02

 8.21649e-02  3.90791e-02
 8.36407e-02  3.56607e-02
 8.39300e-02  3.81422e-02
 8.16363e-02  3.71520e-02
 8.36407e-02  3.56607e-02

 8.87268e-02  3.88940e-02
 8.62260e-02  4.19455e-02
 8.66313e-02  3.94802e-02
 8.85636e-02  4.10639e-02
 8.62260e-02  4.19455e-02

 9.52888e-02  3.87089e-02
 8.99121e-02  4.82568e-02
 8.98853e-02  4.57586e-02
 9.20622e-02  4.69845e-02
 8.99121e-02  4.82568e-02

 1.01851e-01  3.85238e-02
 9.56426e-02  5.11936e-02
 9.54729e-02  4.87010e-02
 9.77164e-02  4.98003e-02
 9.56426e-02  5.11936e-02

 1.07163e-01  3.72121e-02
 1.04227e-01  4.49931e-02
 1.03822e-01  4.25278e-02
 1.06159e-01  4.34099e-02
 1.04227e-01  4.49931e-02

 3.60414e-02  4.66623e-02
 3.97791e-02  4.45673e-02
 3.85025e-02  4.67149e-02
 3.72810e-02  4.45355e-02
 3.97791e-02  4.45673e-02

 4.29145e-02  4.67353e-02
 5.02319e-02  4.23840e-02
 4.90107e-02  4.45635e-02
 4.77338e-02  4.24162e-02
 5.02319e-02  4.23840e-02

 4.97877e-02  4.68084e-02
 5.96381e-02  3.97271e-02
 5.86105e-02  4.20043e-02
 5.71522e-02  3.99758e-02
 5.96381e-02  3.97271e-02

 5.66609e-02  4.68815e-02
 6.71096e-02  3.76764e-02
 6.63119e-02  4.00439e-02
 6.46604e-02  3.81693e-02
 6.71096e-02  3.76764e-02

 6.35340e-02  4.69545e-02
 7.22264e-02  3.76590e-02
 7.16611e-02  4.00925e-02
 6.98363e-02  3.83861e-02
 7.22264e-02  3.76590e-02

 7.04072e-02  4.70276e-02
 7.57703e-02  4.01142e-02
 7.54311e-02  4.25894e-02
 7.34572e-02  4.10581e-02
 7.57703e-02  4.01142e-02

 7.72803e-02  4.71006e-02
 7.84796e-02  4.47473e-02
 7.86102e-02  4.72422e-02
 7.63843e-02  4.61078e-02
 7.84796e-02  4.47473e-02

 8.41535e-02  4.71737e-02
 8.12877e-02  5.06931e-02
 8.16852e-02  4.82266e-02
 8.36225e-02  4.98041e-02
 8.12877e-02  5.06931e-02

 9.10267e-02  4.72467e-02
 8.51151e-02  5.63914e-02
 8.52407e-02  5.38962e-02
 8.73388e-02  5.52525e-02
 8.51151e-02  5.63914e-02

 9.78998e-02  4.73198e-02
 9.13140e-02  5.88493e-02
 9.13025e-02  5.63510e-02
 9.34718e-02  5.75902e-02
 9.13140e-02  5.88493e-02

 1.03543e-01  4.62399e-02
 1.00133e-01  5.33754e-02
 9.99389e-02  5.08847e-02
 1.02193e-01  5.19618e-02
 1.00133e-01  5.33754e-02

 3.58446e-02  5.29590e-02
 4.29218e-02  4.83918e-02
 4.17812e-02  5.06146e-02
 4.04265e-02  4.85154e-02
 4.29218e-02  4.83918e-02

 4.30150e-02  5.33087e-02
 5.19728e-02  4.70126e-02
 5.09209e-02  4.92787e-02
 4.94843e-02  4.72348e-02
 5.19728e-02  4.70126e-02

 5.01855e-02  5.36583e-02
 5.94912e-02  4.62068e-02
 5.85831e-02  4.85342e-02
 5.70216e-02  4.65841e-02
 5.94912e-02  4.62068e-02

 5.73559e-02  5.40079e-02
 6.51904e-02  4.65632e-02
 6.44825e-02  4.89591e-02
 6.27615e-02  4.71480e-02
 6.51904e-02  4.65632e-02

 6.45264e-02  5.43576e-02
 6.91978e-02  4.88585e-02
 6.87490e-02  5.13162e-02
 6.68450e-02  4.96987e-02
 6.91978e-02  4.88585e-02

 7.16968e-02  5.47072e-02
 7.23189e-02  5.30990e-02
 7.27034e-02  5.55675e-02
 7.03733e-02  5.46663e-02
 7.23189e-02  5.30990e-02

 7.88673e-02  5.50569e-02
 7.53906e-02  5.86577e-02
 7.59948e-02  5.62335e-02
 7.77921e-02  5.79688e-02
 7.53906e-02  5.86577e-02

 8.60378e-02  5.54065e-02
 7.95341e-02  6.39553e-02
 7.98500e-02  6.14770e-02
 8.18383e-02  6.29897e-02
 7.95341e-02  6.39553e-02

 9.32082e-02  5.57561e-02
 8.62054e-02  6.62244e-02
 8.63701e-02  6.37315e-02
 8.84467e-02  6.51206e-02
 8.62054e-02  6.62244e-02

 9.91675e-02  5.49301e-02
 9.55309e-02  6.11272e-02
 9.55486e-02  5.86289e-02
 9.77033e-02  5.98933e-02
 9.55309e-02  6.11272e-02

 3.56402e-02  5.92645e-02
 4.33285e-02  5.36538e-02
 4.23172e-02  5.59382e-02
 4.08445e-02  5.39202e-02
 4.33285e-02  5.36538e-02

 4.30928e-02  5.99083e-02
 5.09019e-02  5.35665e-02
 5.00098e-02  5.59002e-02
 4.84348e-02  5.39608e-02
 5.09019e-02  5.35665e-02

 5.05455e-02  6.05521e-02
 5.69327e-02  5.44874e-02
 5.62238e-02  5.68830e-02
 5.45036e-02  5.50713e-02
 5.69327e-02  5.44874e-02

 5.79981e-02  6.11959e-02
 6.15880e-02  5.67961e-02
 6.11880e-02  5.92622e-02
 5.92523e-02  5.76828e-02
 6.15880e-02  5.67961e-02

 6.54508e-02  6.18396e-02
 6.51908e-02  6.07367e-02
 6.69030e-02  6.25561e-02
 6.44713e-02  6.31292e-02
 6.51908e-02  6.07367e-02

 7.29034e-02  6.24834e-02
 6.86987e-02  6.58891e-02
 6.95938e-02  6.35566e-02
 7.11663e-02  6.54980e-02
 6.86987e-02  6.58891e-02

 8.03561e-02  6.31272e-02
 7.31726e-02  7.09117e-02
 7.37219e-02  6.84745e-02
 7.55579e-02  7.01688e-02
 7.31726e-02  7.09117e-02

 8.78087e-02  6.37710e-02
 8.03899e-02  7.32761e-02
 8.07364e-02  7.08019e-02
 8.27059e-02  7.23391e-02
 8.03899e-02  7.32761e-02

 9.40686e-02  6.32195e-02
 9.01782e-02  6.87201e-02
 9.04077e-02  6.62323e-02
 9.24474e-02  6.76750e-02
 9.01782e-02  6.87201e-02

 3.54277e-02  6.55783e-02
 4.14264e-02  6.00350e-02
 4.06852e-02  6.24209e-02
 3.89896e-02  6.05860e-02
 4.14264e-02  6.00350e-02

 4.31463e-02  6.65328e-02
 4.78986e-02  6.12836e-02
 4.73726e-02  6.37259e-02
 4.55205e-02  6.20492e-02
 4.78986e-02  6.12836e-02

 5.08649e-02  6.74873e-02
 5.30712e-02  6.37446e-02
 5.30486e-02  6.62428e-02
 5.08964e-02  6.49741e-02
 5.30712e-02  6.37446e-02

 5.85835e-02  6.84418e-02
 5.73235e-02  6.74831e-02
 5.98018e-02  6.77992e-02
 5.82890e-02  6.97874e-02
 5.73235e-02  6.74831e-02

 6.63021e-02  6.93964e-02
 6.13339e-02  7.23444e-02
 6.25572e-02  7.01660e-02
 6.38321e-02  7.23146e-02
 6.13339e-02  7.23444e-02

 7.40207e-02  7.03509e-02
 6.62389e-02  7.71453e-02
 6.70471e-02  7.47813e-02
 6.86903e-02  7.66633e-02
 6.62389e-02  7.71453e-02

 8.17393e-02  7.13054e-02
 7.39133e-02  7.97185e-02
 7.44723e-02  7.72835e-02
 7.63015e-02  7.89851e-02
 7.39133e-02  7.97185e-02

 8.82827e-02  7.10484e-02
 8.42005e-02  7.58901e-02
 8.46401e-02  7.34308e-02
 8.65501e-02  7.50412e-02
 8.42005e-02  7.58901e-02

 3.52066e-02  7.18999e-02
 3.82610e-02  6.70521e-02
 3.81645e-02  6.95486e-02
 3.60508e-02  6.82168e-02
 3.82610e-02  6.70521e-02

 4.31738e-02  7.31807e-02
 4.40674e-02  6.96186e-02
 4.47526e-02  7.20211e-02
 4.23294e-02  7.14132e-02
 4.40674e-02  6.96186e-02

 5.11411e-02  7.44615e-02
 4.89116e-02  7.33274e-02
 5.14064e-02  7.31950e-02
 5.02736e-02  7.54217e-02
 4.89116e-02  7.33274e-02

 5.91083e-02  7.57423e-02
 5.35253e-02  7.79743e-02
 5.50706e-02  7.60112e-02
 5.59980e-02  7.83310e-02
 5.35253e-02  7.79743e-02

 6.70756e-02  7.70231e-02
 5.88871e-02  8.26636e-02
 5.99603e-02  8.04075e-02
 6.13775e-02  8.24649e-02
 5.88871e-02  8.26636e-02

 7.50428e-02  7.83039e-02
 6.70032e-02  8.55126e-02
 6.77802e-02  8.31381e-02
 6.94480e-02  8.49982e-02
 6.70032e-02  8.55126e-02

 8.18513e-02  7.83598e-02
 7.76751e-02  8.25360e-02
 7.83217e-02  8.01228e-02
 8.00883e-02  8.18894e-02
 7.76751e-02  8.25360e-02

 3.49763e-02  7.82287e-02
 3.48362e-02  7.45844e-02
 3.61676e-02  7.66984e-02
 3.36711e-02  7.67944e-02
 3.48362e-02  7.45844e-02

 4.31739e-02  7.98502e-02
 4.03078e-02  7.82500e-02
 4.28059e-02  7.82141e-02
 4.15880e-02  8.03955e-02
 4.03078e-02  7.82500e-02

 5.13715e-02  8.14718e-02
 4.54717e-02  8.28188e-02
 4.73030e-02  8.11194e-02
 4.78591e-02  8.35550e-02
 4.54717e-02  8.28188e-02

 5.95692e-02  8.30933e-02
 5.13142e-02  8.74319e-02
 5.26482e-02  8.53196e-02
 5.38105e-02  8.75311e-02
 5.13142e-02  8.74319e-02

 6.77668e-02  8.47149e-02
 5.97764e-02  9.06399e-02
 6.07703e-02  8.83478e-02
 6.22584e-02  9.03546e-02
 5.97764e-02  9.06399e-02

 7.48204e-02  8.51009e-02
 7.06969e-02  8.85776e-02
 7.15459e-02  8.62279e-02
 7.31563e-02  8.81379e-02
 7.06969e-02  8.85776e-02

 3.47364e-02  8.45641e-02
 3.16465e-02  8.23220e-02
 3.41313e-02  8.25817e-02
 3.26640e-02  8.46037e-02
 3.16465e-02  8.23220e-02

 4.31452e-02  8.65397e-02
 3.73281e-02  8.68329e-02
 3.94261e-02  8.54764e-02
 3.95519e-02  8.79716e-02
 3.73281e-02  8.68329e-02

 5.15540e-02  8.85153e-02
 4.35933e-02  9.15055e-02
 4.51795e-02  8.95753e-02
 4.60580e-02  9.19141e-02
 4.35933e-02  9.15055e-02

 5.99628e-02  9.04909e-02
 5.23079e-02  9.50930e-02
 5.35185e-02  9.29076e-02
 5.48058e-02  9.50488e-02
 5.23079e-02  9.50930e-02

 6.72406e-02  9.12228e-02
 6.33017e-02  9.40087e-02
 6.43469e-02  9.17394e-02
 6.57895e-02  9.37791e-02
 6.33017e-02  9.40087e-02

 3.44865e-02  9.09056e-02
 2.93068e-02  9.03137e-02
 3.15982e-02  8.93183e-02
 3.13146e-02  9.18004e-02
 2.93068e-02  9.03137e-02

 4.30864e-02  9.32473e-02
 3.58478e-02  9.49602e-02
 3.76656e-02  9.32464e-02
 3.82409e-02  9.56775e-02
 3.58478e-02  9.49602e-02

 5.16863e-02  9.55889e-02
 4.46973e-02  9.89679e-02
 4.61015e-02  9.69015e-02
 4.71889e-02  9.91508e-02
 4.46973e-02  9.89679e-02

 5.91663e-02  9.66810e-02
 5.55607e-02  9.87968e-02
 5.67945e-02  9.66244e-02
 5.80589e-02  9.87791e-02
 5.55607e-02  9.87968e-02

 3.42262e-02  9.72525e-02
 2.81163e-02  9.77775e-02
 3.01651e-02  9.63476e-02
 3.03790e-02  9.88368e-02
 2.81163e-02  9.77775e-02

 4.29965e-02  9.99709e-02
 3.68598e-02  1.02162e-01
 3.84774e-02  1.00258e-01
 3.93175e-02  1.02611e-01
 3.68598e-02  1.02162e-01

 5.06554e-02  1.01436e-01
 4.75063e-02  1.02941e-01
 4.89199e-02  1.00881e-01
 4.99970e-02  1.03135e-01
 4.75063e-02  1.02941e-01

 3.39552e-02  1.03604e-01
 2.90693e-02  1.05113e-01
 3.07681e-02  1.03281e-01
 3.15051e-02  1.05668e-01
 2.90693e-02  1.05113e-01

 4.17692e-02  1.05453e-01
 3.91362e-02  1.06446e-01
 4.07194e-02  1.04514e-01
 4.16015e-02  1.06851e-01
 3.91362e-02  1.06446e-01

 3.25715e-02  1.08703e-01
 3.06443e-02  1.09248e-01
 3.23857e-02  1.07457e-01
 3.30664e-02  1.09861e-01
 3.06443e-02  1.09248e-01

 2.67687e-02  1.08827e-01
 2.40038e-02  1.09484e-01
 2.58197e-02  1.07769e-01
 2.63977e-02  1.10199e-01
 2.40038e-02  1.09484e-01

 2.19798e-02  1.09951e-01
 1.98084e-02  1.10371e-01
 2.16954e-02  1.08734e-01
 2.21698e-02  1.11186e-01
 1.98084e-02  1.10371e-01

 1.71443e-02  1.10855e-01
 1.54066e-02  1.11115e-01
 1.73614e-02  1.09559e-01
 1.77313e-02  1.12030e-01
 1.54066e-02  1.11115e-01

 1.22723e-02  1.11537e-01
 1.11502e-02  1.11656e-01
 1.31693e-02  1.10185e-01
 1.34340e-02  1.12669e-01
 1.11502e-02  1.11656e-01

 7.37400e-03  1.11995e-01
 6.54543e-03  1.12048e-01
 8.62516e-03  1.10663e-01
 8.78416e-03  1.13157e-01
 6.54543e-03  1.12048e-01

 2.45980e-03  1.12229e-01
 2.45528e-03  1.12229e-01
 4.59189e-03  1.10934e-01
 4.64492e-03  1.13432e-01
 2.45528e-03  1.12229e-01

 2.71017e-02  1.02773e-01
 2.21972e-02  1.03265e-01
 2.42252e-02  1.01806e-01
 2.44749e-02  1.04292e-01
 2.21972e-02  1.03265e-01

 2.22792e-02  1.04089e-01
 1.83269e-02  1.04049e-01
 2.05030e-02  1.02822e-01
 2.04778e-02  1.05320e-01
 1.83269e-02  1.04049e-01

 1.73943e-02  1.05152e-01
 1.42582e-02  1.04859e-01
 1.65286e-02  1.03816e-01
 1.62962e-02  1.06304e-01
 1.42582e-02  1.04859e-01

 1.24603e-02  1.05957e-01
 1.04059e-02  1.05484e-01
 1.27946e-02  1.04752e-01
 1.22340e-02  1.07187e-01
 1.04059e-02  1.05484e-01

 7.49085e-03  1.06504e-01
 6.04274e-03  1.05985e-01
 8.50101e-03  1.05539e-01
 7.65775e-03  1.07891e-01
 6.04274e-03  1.05985e-01

 2.49946e-03  1.06791e-01
 2.49946e-03  1.06123e-01
 3.74862e-03  1.08287e-01
 1.25030e-03  1.08287e-01
 2.49946e-03  1.06123e-01

 2.74372e-02  9.67195e-02
 2.25982e-02  9.57258e-02
 2.49688e-02  9.49374e-02
 2.44663e-02  9.73847e-02
 2.25982e-02  9.57258e-02

 2.25847e-02  9.82294e-02
 1.85474e-02  9.67420e-02
 2.10094e-02  9.63178e-02
 2.01457e-02  9.86621e-02
 1.85474e-02  9.67420e-02

 1.76516e-02  9.94515e-02
 1.44185e-02  9.76877e-02
 1.69161e-02  9.76273e-02
 1.57196e-02  9.98205e-02
 1.44185e-02  9.76877e-02

 1.26550e-02  1.00382e-01
 1.04747e-02  9.84789e-02
 1.29262e-02  9.89604e-02
 1.12835e-02  1.00843e-01
 1.04747e-02  9.84789e-02

 7.61220e-03  1.01016e-01
 6.13091e-03  9.90296e-02
 8.42559e-03  1.00018e-01
 6.42264e-03  1.01511e-01
 6.13091e-03  9.90296e-02

 2.54072e-03  1.01354e-01
 2.54072e-03  9.93811e-02
 3.78988e-03  1.01545e-01
 1.29156e-03  1.01545e-01
 2.54072e-03  9.93811e-02

 2.77751e-02  9.06670e-02
 2.40518e-02  8.84981e-02
 2.65501e-02  8.85078e-02
 2.52926e-02  9.06665e-02
 2.40518e-02  8.84981e-02

 2.28962e-02  9.23719e-02
 1.97118e-02  8.97527e-02
 2.21763e-02  9.01624e-02
 2.05893e-02  9.20919e-02
 1.97118e-02  8.97527e-02

 1.79161e-02  9.37548e-02
 1.53204e-02  9.08815e-02
 1.76977e-02  9.16496e-02
 1.58438e-02  9.33243e-02
 1.53204e-02  9.08815e-02

 1.28562e-02  9.48095e-02
 1.10684e-02  9.18713e-02
 1.32602e-02  9.30703e-02
 1.11259e-02  9.43689e-02
 1.10684e-02  9.18713e-02

 7.73804e-03  9.55317e-02
 6.53969e-03  9.25075e-02
 8.49805e-03  9.40587e-02
 6.17542e-03  9.49791e-02
 6.53969e-03  9.25075e-02

 2.58357e-03  9.59181e-02
 2.58357e-03  9.30750e-02
 3.83273e-03  9.52386e-02
 1.33441e-03  9.52386e-02
 2.58357e-03  9.30750e-02

 2.81154e-02  8.46152e-02
 2.63446e-02  8.10358e-02
 2.84237e-02  8.24212e-02
 2.61844e-02  8.35290e-02
 2.63446e-02  8.10358e-02

 2.32138e-02  8.65167e-02
 2.15357e-02  8.26765e-02
 2.35467e-02  8.41589e-02
 2.12574e-02  8.51593e-02
 2.15357e-02  8.26765e-02

 1.81879e-02  8.80613e-02
 1.67328e-02  8.40743e-02
 1.86480e-02  8.56785e-02
 1.63011e-02  8.65350e-02
 1.67328e-02  8.40743e-02

 1.30640e-02  8.92412e-02
 1.20006e-02  8.52931e-02
 1.37695e-02  8.70574e-02
 1.13571e-02  8.77071e-02
 1.20006e-02  8.52931e-02

 7.86837e-03  9.00500e-02
 7.16546e-03  8.60274e-02
 8.76841e-03  8.79437e-02
 6.30737e-03  8.83738e-02
 7.16546e-03  8.60274e-02

 2.62800e-03  9.04836e-02
 2.62800e-03  8.68271e-02
 3.87716e-03  8.89907e-02
 1.37883e-03  8.89907e-02
 2.62800e-03  8.68271e-02

 2.84583e-02  7.85641e-02
 2.91513e-02  7.40279e-02
 3.00594e-02  7.63553e-02
 2.75897e-02  7.59781e-02
 2.91513e-02  7.40279e-02

 2.35375e-02  8.06635e-02
 2.38182e-02  7.60636e-02
 2.49333e-02  7.82993e-02
 2.24396e-02  7.81471e-02
 2.38182e-02  7.60636e-02

 1.84671e-02  8.23712e-02
 1.85189e-02  7.77406e-02
 1.97438e-02  7.99180e-02
 1.72456e-02  7.98901e-02
 1.85189e-02  7.77406e-02

 1.32784e-02  8.36765e-02
 1.32030e-02  7.91773e-02
 1.44882e-02  8.13197e-02
 1.19902e-02  8.13615e-02
 1.32030e-02  7.91773e-02

 8.00317e-03  8.45714e-02
 7.96006e-03  8.00227e-02
 9.22967e-03  8.21744e-02
 6.73146e-03  8.21981e-02
 7.96006e-03  8.00227e-02

 2.67399e-03  8.50504e-02
 2.67399e-03  8.10066e-02
 3.92316e-03  8.31703e-02
 1.42483e-03  8.31703e-02
 2.67399e-03  8.10066e-02

 2.88037e-02  7.25137e-02
 3.21157e-02  6.73599e-02
 3.19969e-02  6.98554e-02
 2.98952e-02  6.85048e-02
 3.21157e-02  6.73599e-02

 2.38674e-02  7.48125e-02
 2.63064e-02  6.98444e-02
 2.64743e-02  7.23370e-02
 2.42316e-02  7.12361e-02
 2.63064e-02  6.98444e-02

 1.87537e-02  7.66844e-02
 2.05055e-02  7.18489e-02
 2.09430e-02  7.43086e-02
 1.85941e-02  7.34576e-02
 2.05055e-02  7.18489e-02

 1.34994e-02  7.81157e-02
 1.45699e-02  7.35180e-02
 1.52959e-02  7.59085e-02
 1.28627e-02  7.53419e-02
 1.45699e-02  7.35180e-02

 8.14243e-03  7.90961e-02
 8.85665e-03  7.45104e-02
 9.75796e-03  7.68405e-02
 7.28940e-03  7.64560e-02
 8.85665e-03  7.45104e-02

 2.72155e-03  7.96185e-02
 2.72155e-03  7.56122e-02
 3.97072e-03  7.77758e-02
 1.47239e-03  7.77758e-02
 2.72155e-03  7.56122e-02

 2.91516e-02  6.64640e-02
 3.48358e-02  6.11603e-02
 3.41061e-02  6.35497e-02
 3.24017e-02  6.17230e-02
 3.48358e-02  6.11603e-02

 2.42036e-02  6.89636e-02
 2.87328e-02  6.40701e-02
 2.81799e-02  6.65065e-02
 2.63464e-02  6.48095e-02
 2.87328e-02  6.40701e-02

 1.90476e-02  7.10008e-02
 2.25118e-02  6.63902e-02
 2.22109e-02  6.88703e-02
 2.02135e-02  6.73696e-02
 2.25118e-02  6.63902e-02

 1.37270e-02  7.25587e-02
 1.59903e-02  6.82811e-02
 1.60826e-02  7.07777e-02
 1.38743e-02  6.96093e-02
 1.59903e-02  6.82811e-02

 8.28615e-03  7.36240e-02
 9.77315e-03  6.94463e-02
 1.02245e-02  7.19036e-02
 7.87079e-03  7.10658e-02
 9.77315e-03  6.94463e-02

 2.77066e-03  7.41880e-02
 2.77066e-03  7.05734e-02
 4.01982e-03  7.27370e-02
 1.52150e-03  7.27370e-02
 2.77066e-03  7.05734e-02

 2.95021e-02  6.04150e-02
 3.63980e-02  5.56125e-02
 3.53364e-02  5.78740e-02
 3.39086e-02  5.58239e-02
 3.63980e-02  5.56125e-02

 2.45460e-02  6.31167e-02
 3.04058e-02  5.89688e-02
 2.93616e-02  6.12384e-02
 2.79182e-02  5.91992e-02
 3.04058e-02  5.89688e-02

 1.93491e-02  6.53207e-02
 2.40235e-02  6.16474e-02
 2.30941e-02  6.39664e-02
 2.15504e-02  6.20021e-02
 2.40235e-02  6.16474e-02

 1.39613e-02  6.70056e-02
 1.71381e-02  6.37778e-02
 1.65108e-02  6.61961e-02
 1.47302e-02  6.44436e-02
 1.71381e-02  6.37778e-02

 8.43432e-03  6.81554e-02
 1.05233e-02  6.51549e-02
 1.03122e-02  6.76443e-02
 8.26188e-03  6.62168e-02
 1.05233e-02  6.51549e-02

 2.82131e-03  6.87588e-02
 2.82131e-03  6.61678e-02
 4.07047e-03  6.83314e-02
 1.57215e-03  6.83314e-02
 2.82131e-03  6.61678e-02

 2.98552e-02  5.43666e-02
 3.57837e-02  5.07452e-02
 3.45885e-02  5.29391e-02
 3.32861e-02  5.08071e-02
 3.57837e-02  5.07452e-02

 2.48948e-02  5.72719e-02
 3.03896e-02  5.43321e-02
 2.90711e-02  5.64542e-02
 2.78926e-02  5.42513e-02
 3.03896e-02  5.43321e-02

 1.96580e-02  5.96439e-02
 2.42952e-02  5.71601e-02
 2.29777e-02  5.92828e-02
 2.17981e-02  5.70805e-02
 2.42952e-02  5.71601e-02

 1.42022e-02  6.14566e-02
 1.74728e-02  5.93849e-02
 1.63135e-02  6.15979e-02
 1.49766e-02  5.94874e-02
 1.74728e-02  5.93849e-02

 8.58693e-03  6.26901e-02
 1.07786e-02  6.08915e-02
 9.89856e-03  6.32297e-02
 8.31363e-03  6.12985e-02
 1.07786e-02  6.08915e-02

 2.87349e-03  6.33311e-02
 2.87349e-03  6.17017e-02
 4.12265e-03  6.38653e-02
 1.62433e-03  6.38653e-02
 2.87349e-03  6.17017e-02

 3.02108e-02  4.83188e-02
 3.24152e-02  4.70235e-02
 3.11826e-02  4.91966e-02
 2.99169e-02  4.70426e-02
 3.24152e-02  4.70235e-02

 2.52499e-02  5.14291e-02
 2.77725e-02  5.06778e-02
 2.60554e-02  5.24926e-02
 2.53423e-02  5.00982e-02
 2.77725e-02  5.06778e-02

 1.99746e-02  5.39705e-02
 2.24268e-02  5.35911e-02
 2.04796e-02  5.51564e-02
 2.00976e-02  5.26874e-02
 2.24268e-02  5.35911e-02

 1.44499e-02  5.59116e-02
 1.63404e-02  5.57949e-02
 1.42579e-02  5.71750e-02
 1.41039e-02  5.46814e-02
 1.63404e-02  5.57949e-02

 8.74398e-03  5.72284e-02
 1.01991e-02  5.73218e-02
 7.95989e-03  5.84298e-02
 8.11992e-03  5.59366e-02
 1.01991e-02  5.73218e-02

 2.92720e-03  5.79048e-02
 2.92720e-03  5.78383e-02
 4.17636e-03  6.00019e-02
 1.67803e-03  6.00019e-02
 2.92720e-03  5.78383e-02

 3.05691e-02  4.22715e-02
 2.97925e-02  4.28800e-02
 3.07253e-02  4.05623e-02
 3.22660e-02  4.25290e-02
 2.97925e-02  4.28800e-02

 2.56115e-02  4.55882e-02
 2.49603e-02  4.59819e-02
 2.61656e-02  4.37936e-02
 2.74581e-02  4.59316e-02
 2.49603e-02  4.59819e-02

 2.02987e-02  4.83004e-02
 1.98262e-02  4.85131e-02
 2.12865e-02  4.64860e-02
 2.23119e-02  4.87642e-02
 1.98262e-02  4.85131e-02

 1.47043e-02  5.03707e-02
 1.44218e-02  5.04587e-02
 1.61159e-02  4.86224e-02
 1.68591e-02  5.10077e-02
 1.44218e-02  5.04587e-02

 8.90546e-03  5.17703e-02
 8.89088e-03  5.17730e-02
 1.07939e-02  5.01543e-02
 1.12442e-02  5.26117e-02
 8.89088e-03  5.17730e-02

 2.98242e-03  5.24799e-02
 2.96779e-03  5.24808e-02
 5.05203e-03  5.11033e-02
 5.20288e-03  5.35971e-02
 2.96779e-03  5.24808e-02

