#[ Fluid velocity 2D plot data file: flw.dat ]
 2.45980e-03 -1.12229e-01
 2.46393e-03 -1.12229e-01
 2.74287e-04 -1.11026e-01
 3.27317e-04 -1.13524e-01
 2.46393e-03 -1.12229e-01

 7.37400e-03 -1.11995e-01
 7.60447e-03 -1.11980e-01
 5.36575e-03 -1.10871e-01
 5.52474e-03 -1.13365e-01
 7.60447e-03 -1.11980e-01

 1.22723e-02 -1.11537e-01
 1.29811e-02 -1.11461e-01
 1.06973e-02 -1.10448e-01
 1.09620e-02 -1.12932e-01
 1.29811e-02 -1.11461e-01

 1.71443e-02 -1.10855e-01
 1.86264e-02 -1.10633e-01
 1.63017e-02 -1.09718e-01
 1.66716e-02 -1.12189e-01
 1.86264e-02 -1.10633e-01

 2.19798e-02 -1.09951e-01
 2.43009e-02 -1.09502e-01
 2.19395e-02 -1.08686e-01
 2.24139e-02 -1.11139e-01
 2.43009e-02 -1.09502e-01

 2.67687e-02 -1.08827e-01
 3.01629e-02 -1.08020e-01
 2.77690e-02 -1.07305e-01
 2.83470e-02 -1.09735e-01
 3.01629e-02 -1.08020e-01

 2.49946e-03 -1.06791e-01
 2.49946e-03 -1.07219e-01
 3.74862e-03 -1.05056e-01
 1.25030e-03 -1.05056e-01
 2.49946e-03 -1.07219e-01

 7.49085e-03 -1.06504e-01
 7.85845e-03 -1.07480e-01
 8.26423e-03 -1.05014e-01
 5.92645e-03 -1.05896e-01
 7.85845e-03 -1.07480e-01

 1.24603e-02 -1.05957e-01
 1.35004e-02 -1.07492e-01
 1.33206e-02 -1.05000e-01
 1.12525e-02 -1.06402e-01
 1.35004e-02 -1.07492e-01

 1.73943e-02 -1.05152e-01
 1.93734e-02 -1.07006e-01
 1.86489e-02 -1.04615e-01
 1.69405e-02 -1.06438e-01
 1.93734e-02 -1.07006e-01

 2.22792e-02 -1.04089e-01
 2.53539e-02 -1.05946e-01
 2.41478e-02 -1.03758e-01
 2.28561e-02 -1.05897e-01
 2.53539e-02 -1.05946e-01

 2.71017e-02 -1.02773e-01
 3.10880e-02 -1.04002e-01
 2.93886e-02 -1.02171e-01
 2.86524e-02 -1.04558e-01
 3.10880e-02 -1.04002e-01

 2.54072e-03 -1.01354e-01
 2.54072e-03 -1.02631e-01
 3.78988e-03 -1.00468e-01
 1.29156e-03 -1.00468e-01
 2.54072e-03 -1.02631e-01

 7.61220e-03 -1.01016e-01
 8.10434e-03 -1.03093e-01
 8.82094e-03 -1.00700e-01
 6.38994e-03 -1.01276e-01
 8.10434e-03 -1.03093e-01

 1.26550e-02 -1.00382e-01
 1.35329e-02 -1.03097e-01
 1.40559e-02 -1.00654e-01
 1.16787e-02 -1.01423e-01
 1.35329e-02 -1.03097e-01

 1.76516e-02 -9.94515e-02
 1.88845e-02 -1.02622e-01
 1.92647e-02 -1.00153e-01
 1.69361e-02 -1.01059e-01
 1.88845e-02 -1.02622e-01

 2.25847e-02 -9.82294e-02
 2.41682e-02 -1.01448e-01
 2.43341e-02 -9.89557e-02
 2.20923e-02 -1.00058e-01
 2.41682e-02 -1.01448e-01

 2.74372e-02 -9.67195e-02
 2.90736e-02 -9.95481e-02
 2.90714e-02 -9.70498e-02
 2.69089e-02 -9.83008e-02
 2.90736e-02 -9.95481e-02

 2.58357e-03 -9.59181e-02
 2.58357e-03 -9.76525e-02
 3.83273e-03 -9.54889e-02
 1.33441e-03 -9.54889e-02
 2.58357e-03 -9.76525e-02

 7.73804e-03 -9.55317e-02
 7.78162e-03 -9.82234e-02
 8.99559e-03 -9.60398e-02
 6.49760e-03 -9.60803e-02
 7.78162e-03 -9.82234e-02

 1.28562e-02 -9.48095e-02
 1.28775e-02 -9.80671e-02
 1.41125e-02 -9.58954e-02
 1.16142e-02 -9.59117e-02
 1.28775e-02 -9.80671e-02

 1.79161e-02 -9.37548e-02
 1.76681e-02 -9.75527e-02
 1.90556e-02 -9.54751e-02
 1.65626e-02 -9.53123e-02
 1.76681e-02 -9.75527e-02

 2.28962e-02 -9.23719e-02
 2.23919e-02 -9.63270e-02
 2.39047e-02 -9.43388e-02
 2.14264e-02 -9.40228e-02
 2.23919e-02 -9.63270e-02

 2.77751e-02 -9.06670e-02
 2.68211e-02 -9.44894e-02
 2.85570e-02 -9.26927e-02
 2.61330e-02 -9.20877e-02
 2.68211e-02 -9.44894e-02

 2.62800e-03 -9.04836e-02
 2.62800e-03 -9.23127e-02
 3.87716e-03 -9.01491e-02
 1.37883e-03 -9.01491e-02
 2.62800e-03 -9.23127e-02

 7.86837e-03 -9.00500e-02
 7.25213e-03 -9.28064e-02
 8.94326e-03 -9.09674e-02
 6.50512e-03 -9.04224e-02
 7.25213e-03 -9.28064e-02

 1.30640e-02 -8.92412e-02
 1.20479e-02 -9.24902e-02
 1.38859e-02 -9.07981e-02
 1.15014e-02 -9.00524e-02
 1.20479e-02 -9.24902e-02

 1.81879e-02 -8.80613e-02
 1.63642e-02 -9.19035e-02
 1.84205e-02 -9.04846e-02
 1.61635e-02 -8.94133e-02
 1.63642e-02 -9.19035e-02

 2.32138e-02 -8.65167e-02
 2.07005e-02 -9.06636e-02
 2.28901e-02 -8.94608e-02
 2.07536e-02 -8.81659e-02
 2.07005e-02 -9.06636e-02

 2.81154e-02 -8.46152e-02
 2.47692e-02 -8.89068e-02
 2.70847e-02 -8.79687e-02
 2.51145e-02 -8.64325e-02
 2.47692e-02 -8.89068e-02

 2.67399e-03 -8.50504e-02
 2.67399e-03 -8.66327e-02
 3.92316e-03 -8.44691e-02
 1.42483e-03 -8.44691e-02
 2.67399e-03 -8.66327e-02

 8.00317e-03 -8.45714e-02
 6.75113e-03 -8.69283e-02
 8.86933e-03 -8.56036e-02
 6.66299e-03 -8.44316e-02
 6.75113e-03 -8.69283e-02

 1.32784e-02 -8.36765e-02
 1.13347e-02 -8.64916e-02
 1.35920e-02 -8.54209e-02
 1.15361e-02 -8.40014e-02
 1.13347e-02 -8.64916e-02

 1.84671e-02 -8.23712e-02
 1.53140e-02 -8.58076e-02
 1.76972e-02 -8.50580e-02
 1.58563e-02 -8.33689e-02
 1.53140e-02 -8.58076e-02

 2.35375e-02 -8.06635e-02
 1.94295e-02 -8.45469e-02
 2.18599e-02 -8.39684e-02
 2.01437e-02 -8.21529e-02
 1.94295e-02 -8.45469e-02

 2.84583e-02 -7.85641e-02
 2.33145e-02 -8.28457e-02
 2.57766e-02 -8.24216e-02
 2.41783e-02 -8.05015e-02
 2.33145e-02 -8.28457e-02

 2.72155e-03 -7.96185e-02
 2.72155e-03 -8.04841e-02
 3.97072e-03 -7.83205e-02
 1.47239e-03 -7.83205e-02
 2.72155e-03 -8.04841e-02

 8.14243e-03 -7.90961e-02
 6.47735e-03 -8.04733e-02
 8.94073e-03 -8.00569e-02
 7.34844e-03 -7.81317e-02
 6.47735e-03 -8.04733e-02

 1.34994e-02 -7.81157e-02
 1.09778e-02 -7.99698e-02
 1.34609e-02 -7.96945e-02
 1.19809e-02 -7.76817e-02
 1.09778e-02 -7.99698e-02

 1.87537e-02 -7.66844e-02
 1.48301e-02 -7.91927e-02
 1.73258e-02 -7.90798e-02
 1.59802e-02 -7.69748e-02
 1.48301e-02 -7.91927e-02

 2.38674e-02 -7.48125e-02
 1.89023e-02 -7.79327e-02
 2.13988e-02 -7.78392e-02
 2.00695e-02 -7.57238e-02
 1.89023e-02 -7.79327e-02

 2.88037e-02 -7.25137e-02
 2.27912e-02 -7.62835e-02
 2.52879e-02 -7.61925e-02
 2.39608e-02 -7.40758e-02
 2.27912e-02 -7.62835e-02

 2.77066e-03 -7.41880e-02
 2.77066e-03 -7.44607e-02
 4.01982e-03 -7.22971e-02
 1.52150e-03 -7.22971e-02
 2.77066e-03 -7.44607e-02

 8.28615e-03 -7.36240e-02
 6.52980e-03 -7.40765e-02
 8.93663e-03 -7.47464e-02
 8.31339e-03 -7.23271e-02
 6.52980e-03 -7.40765e-02

 1.37270e-02 -7.25587e-02
 1.10963e-02 -7.34772e-02
 1.35507e-02 -7.39433e-02
 1.27272e-02 -7.15847e-02
 1.10963e-02 -7.34772e-02

 1.90476e-02 -7.10008e-02
 1.50693e-02 -7.25059e-02
 1.75350e-02 -7.29087e-02
 1.66509e-02 -7.05720e-02
 1.50693e-02 -7.25059e-02

 2.42036e-02 -6.89636e-02
 1.92816e-02 -7.11004e-02
 2.17637e-02 -7.13847e-02
 2.07688e-02 -6.90930e-02
 1.92816e-02 -7.11004e-02

 2.91516e-02 -6.64640e-02
 2.33490e-02 -6.93568e-02
 2.58427e-02 -6.95095e-02
 2.47280e-02 -6.72736e-02
 2.33490e-02 -6.93568e-02

 2.82131e-03 -6.87588e-02
 2.82131e-03 -6.79624e-02
 1.57215e-03 -7.01260e-02
 4.07047e-03 -7.01260e-02
 2.82131e-03 -6.79624e-02

 8.43432e-03 -6.81554e-02
 7.00670e-03 -6.71984e-02
 8.10834e-03 -6.94407e-02
 9.49943e-03 -6.73655e-02
 7.00670e-03 -6.71984e-02

 1.39613e-02 -6.70056e-02
 1.18726e-02 -6.65107e-02
 1.36899e-02 -6.82251e-02
 1.42660e-02 -6.57941e-02
 1.18726e-02 -6.65107e-02

 1.93491e-02 -6.53207e-02
 1.63111e-02 -6.53383e-02
 1.84820e-02 -6.65749e-02
 1.84674e-02 -6.40766e-02
 1.63111e-02 -6.53383e-02

 2.45460e-02 -6.31167e-02
 2.08762e-02 -6.37205e-02
 2.32139e-02 -6.46018e-02
 2.28083e-02 -6.21367e-02
 2.08762e-02 -6.37205e-02

 2.95021e-02 -6.04150e-02
 2.53919e-02 -6.18098e-02
 2.78422e-02 -6.22974e-02
 2.70393e-02 -5.99316e-02
 2.53919e-02 -6.18098e-02

 2.87349e-03 -6.33311e-02
 2.87349e-03 -6.25214e-02
 1.62433e-03 -6.46850e-02
 4.12265e-03 -6.46850e-02
 2.87349e-03 -6.25214e-02

 8.58693e-03 -6.26901e-02
 7.96787e-03 -6.14396e-02
 7.80822e-03 -6.39328e-02
 1.00472e-02 -6.28244e-02
 7.96787e-03 -6.14396e-02

 1.42022e-02 -6.14566e-02
 1.33230e-02 -6.04899e-02
 1.38547e-02 -6.29310e-02
 1.57029e-02 -6.12499e-02
 1.33230e-02 -6.04899e-02

 1.96580e-02 -5.96439e-02
 1.85094e-02 -5.87989e-02
 1.95121e-02 -6.10872e-02
 2.09924e-02 -5.90747e-02
 1.85094e-02 -5.87989e-02

 2.48948e-02 -5.72719e-02
 2.35663e-02 -5.65633e-02
 2.48874e-02 -5.86837e-02
 2.60632e-02 -5.64794e-02
 2.35663e-02 -5.65633e-02

 2.98552e-02 -5.43666e-02
 2.86866e-02 -5.40083e-02
 3.03890e-02 -5.58368e-02
 3.11213e-02 -5.34482e-02
 2.86866e-02 -5.40083e-02

 2.92720e-03 -5.79048e-02
 2.92720e-03 -5.61868e-02
 1.67803e-03 -5.83504e-02
 4.17636e-03 -5.83504e-02
 2.92720e-03 -5.61868e-02

 8.74398e-03 -5.72284e-02
 9.45508e-03 -5.49326e-02
 7.62170e-03 -5.66297e-02
 1.00082e-02 -5.73689e-02
 9.45508e-03 -5.49326e-02

 1.44499e-02 -5.59116e-02
 1.56251e-02 -5.36541e-02
 1.35180e-02 -5.49964e-02
 1.57341e-02 -5.61500e-02
 1.56251e-02 -5.36541e-02

 1.99746e-02 -5.39705e-02
 2.18331e-02 -5.15727e-02
 1.95203e-02 -5.25175e-02
 2.14949e-02 -5.40480e-02
 2.18331e-02 -5.15727e-02

 2.52499e-02 -5.14291e-02
 2.74689e-02 -4.87161e-02
 2.51322e-02 -4.96000e-02
 2.70660e-02 -5.11817e-02
 2.74689e-02 -4.87161e-02

 3.02108e-02 -4.83188e-02
 3.34796e-02 -4.56948e-02
 3.10104e-02 -4.60750e-02
 3.25744e-02 -4.80233e-02
 3.34796e-02 -4.56948e-02

 2.98242e-03 -5.24799e-02
 2.99751e-03 -5.24790e-02
 7.62425e-04 -5.13628e-02
 9.13270e-04 -5.38565e-02
 2.99751e-03 -5.24790e-02

 8.90546e-03 -5.17703e-02
 1.06773e-02 -5.14456e-02
 8.32393e-03 -5.06069e-02
 8.77428e-03 -5.30643e-02
 1.06773e-02 -5.14456e-02

 1.47043e-02 -5.03707e-02
 1.71998e-02 -4.95930e-02
 1.47626e-02 -4.90441e-02
 1.55058e-02 -5.14293e-02
 1.71998e-02 -4.95930e-02

 2.02987e-02 -4.83004e-02
 2.39255e-02 -4.66681e-02
 2.14399e-02 -4.64170e-02
 2.24652e-02 -4.86952e-02
 2.39255e-02 -4.66681e-02

 2.56115e-02 -4.55882e-02
 2.94447e-02 -4.32710e-02
 2.69468e-02 -4.33213e-02
 2.82393e-02 -4.54593e-02
 2.94447e-02 -4.32710e-02

 3.05691e-02 -4.22715e-02
 3.51990e-02 -3.86442e-02
 3.27255e-02 -3.89953e-02
 3.42662e-02 -4.09619e-02
 3.51990e-02 -3.86442e-02

 3.62105e-02 -4.03946e-02
 4.11844e-02 -3.40839e-02
 3.88641e-02 -3.50099e-02
 4.08262e-02 -3.65564e-02
 4.11844e-02 -3.40839e-02

 3.59826e-02 -4.67171e-02
 3.77183e-02 -4.50772e-02
 3.52878e-02 -4.56551e-02
 3.70035e-02 -4.74711e-02
 3.77183e-02 -4.50772e-02

 3.57546e-02 -5.30396e-02
 3.31164e-02 -5.40329e-02
 3.55814e-02 -5.44396e-02
 3.47011e-02 -5.21015e-02
 3.31164e-02 -5.40329e-02

 3.55267e-02 -5.93621e-02
 3.00049e-02 -6.25487e-02
 3.25032e-02 -6.25492e-02
 3.12544e-02 -6.03854e-02
 3.00049e-02 -6.25487e-02

 3.52987e-02 -6.56846e-02
 2.83911e-02 -6.99603e-02
 3.08882e-02 -6.98837e-02
 2.95733e-02 -6.77594e-02
 2.83911e-02 -6.99603e-02

 3.50707e-02 -7.20071e-02
 2.83360e-02 -7.67375e-02
 3.08245e-02 -7.65161e-02
 2.93886e-02 -7.44717e-02
 2.83360e-02 -7.67375e-02

 3.48428e-02 -7.83296e-02
 2.94689e-02 -8.28616e-02
 3.19282e-02 -8.24217e-02
 3.03176e-02 -8.05118e-02
 2.94689e-02 -8.28616e-02

 3.46148e-02 -8.46521e-02
 3.16721e-02 -8.84496e-02
 3.39847e-02 -8.75045e-02
 3.20100e-02 -8.59742e-02
 3.16721e-02 -8.84496e-02

 3.43869e-02 -9.09746e-02
 3.45458e-02 -9.34310e-02
 3.56527e-02 -9.11913e-02
 3.31596e-02 -9.13526e-02
 3.45458e-02 -9.34310e-02

 3.41589e-02 -9.72971e-02
 3.76766e-02 -9.80462e-02
 3.58206e-02 -9.63738e-02
 3.53002e-02 -9.88173e-02
 3.76766e-02 -9.80462e-02

 3.39310e-02 -1.03620e-01
 3.92667e-02 -1.02572e-01
 3.69029e-02 -1.01763e-01
 3.73842e-02 -1.04215e-01
 3.92667e-02 -1.02572e-01

 3.25715e-02 -1.08703e-01
 3.54339e-02 -1.07759e-01
 3.29879e-02 -1.07250e-01
 3.37701e-02 -1.09623e-01
 3.54339e-02 -1.07759e-01

 4.27359e-02 -4.02461e-02
 4.42131e-02 -3.72891e-02
 4.21287e-02 -3.86664e-02
 4.43637e-02 -3.97829e-02
 4.42131e-02 -3.72891e-02

 4.27526e-02 -4.68905e-02
 4.00505e-02 -4.83113e-02
 4.25468e-02 -4.84100e-02
 4.13842e-02 -4.61987e-02
 4.00505e-02 -4.83113e-02

 4.27694e-02 -5.35349e-02
 3.70018e-02 -5.76901e-02
 3.94874e-02 -5.74389e-02
 3.80271e-02 -5.54119e-02
 3.70018e-02 -5.76901e-02

 4.27862e-02 -6.01793e-02
 3.52862e-02 -6.58020e-02
 3.77666e-02 -6.55037e-02
 3.62680e-02 -6.35047e-02
 3.52862e-02 -6.58020e-02

 4.28029e-02 -6.68237e-02
 3.51685e-02 -7.27467e-02
 3.76437e-02 -7.24074e-02
 3.61123e-02 -7.04335e-02
 3.51685e-02 -7.27467e-02

 4.28197e-02 -7.34681e-02
 3.64997e-02 -7.88235e-02
 3.89579e-02 -7.83777e-02
 3.73428e-02 -7.64717e-02
 3.64997e-02 -7.88235e-02

 4.28364e-02 -8.01124e-02
 3.91127e-02 -8.41432e-02
 4.14984e-02 -8.34017e-02
 3.96633e-02 -8.17064e-02
 3.91127e-02 -8.41432e-02

 4.28532e-02 -8.67568e-02
 4.27319e-02 -8.87755e-02
 4.41086e-02 -8.66907e-02
 4.16148e-02 -8.65408e-02
 4.27319e-02 -8.87755e-02

 4.28699e-02 -9.34012e-02
 4.67918e-02 -9.31255e-02
 4.45459e-02 -9.20312e-02
 4.47211e-02 -9.45233e-02
 4.67918e-02 -9.31255e-02

 4.28867e-02 -1.00046e-01
 4.89824e-02 -9.78438e-02
 4.65231e-02 -9.74039e-02
 4.73718e-02 -9.97537e-02
 4.89824e-02 -9.78438e-02

 4.17449e-02 -1.05468e-01
 4.57350e-02 -1.03766e-01
 4.32547e-02 -1.03466e-01
 4.42353e-02 -1.05764e-01
 4.57350e-02 -1.03766e-01

 4.92708e-02 -4.00910e-02
 4.64319e-02 -4.16835e-02
 4.89300e-02 -4.17144e-02
 4.77078e-02 -3.95355e-02
 4.64319e-02 -4.16835e-02

 4.95512e-02 -4.70442e-02
 4.37716e-02 -5.22030e-02
 4.62176e-02 -5.16942e-02
 4.45539e-02 -4.98303e-02
 4.37716e-02 -5.22030e-02

 4.98317e-02 -5.39974e-02
 4.22508e-02 -6.08290e-02
 4.46943e-02 -6.03086e-02
 4.30218e-02 -5.84526e-02
 4.22508e-02 -6.08290e-02

 5.01122e-02 -6.09505e-02
 4.21670e-02 -6.81894e-02
 4.46076e-02 -6.76556e-02
 4.29251e-02 -6.58089e-02
 4.21670e-02 -6.81894e-02

 5.03927e-02 -6.79037e-02
 4.36125e-02 -7.42826e-02
 4.60442e-02 -7.37099e-02
 4.43323e-02 -7.18903e-02
 4.36125e-02 -7.42826e-02

 5.06731e-02 -7.48568e-02
 4.65217e-02 -7.94362e-02
 4.89003e-02 -7.86723e-02
 4.70494e-02 -7.69943e-02
 4.65217e-02 -7.94362e-02

 5.09536e-02 -8.18100e-02
 5.06162e-02 -8.36994e-02
 5.22263e-02 -8.17891e-02
 4.97668e-02 -8.13499e-02
 5.06162e-02 -8.36994e-02

 5.12341e-02 -8.87631e-02
 5.52804e-02 -8.77085e-02
 5.28717e-02 -8.70454e-02
 5.35018e-02 -8.94630e-02
 5.52804e-02 -8.77085e-02

 5.15146e-02 -9.57163e-02
 5.79632e-02 -9.24175e-02
 5.54681e-02 -9.22907e-02
 5.66059e-02 -9.45149e-02
 5.79632e-02 -9.24175e-02

 5.06129e-02 -1.01466e-01
 5.49383e-02 -9.91686e-02
 5.24415e-02 -9.90803e-02
 5.36134e-02 -1.01287e-01
 5.49383e-02 -9.91686e-02

 5.58147e-02 -3.99288e-02
 4.99317e-02 -4.59223e-02
 5.23387e-02 -4.52533e-02
 5.05558e-02 -4.35032e-02
 4.99317e-02 -4.59223e-02

 5.63771e-02 -4.71764e-02
 4.87664e-02 -5.52529e-02
 5.11594e-02 -5.45350e-02
 4.93411e-02 -5.28216e-02
 4.87664e-02 -5.52529e-02

 5.69395e-02 -5.44239e-02
 4.88674e-02 -6.29032e-02
 5.12639e-02 -6.21975e-02
 4.94544e-02 -6.04749e-02
 4.88674e-02 -6.29032e-02

 5.75018e-02 -6.16715e-02
 5.04031e-02 -6.92007e-02
 5.27962e-02 -6.84834e-02
 5.09784e-02 -6.67695e-02
 5.04031e-02 -6.92007e-02

 5.80642e-02 -6.89191e-02
 5.35203e-02 -7.42185e-02
 5.58769e-02 -7.33891e-02
 5.39803e-02 -7.17629e-02
 5.35203e-02 -7.42185e-02

 5.86266e-02 -7.61666e-02
 5.80185e-02 -7.82081e-02
 5.98333e-02 -7.64911e-02
 5.74390e-02 -7.57780e-02
 5.80185e-02 -7.82081e-02

 5.91890e-02 -8.34142e-02
 6.31650e-02 -8.18311e-02
 6.06928e-02 -8.14709e-02
 6.16170e-02 -8.37920e-02
 6.31650e-02 -8.18311e-02

 5.97513e-02 -9.06618e-02
 6.63951e-02 -8.64683e-02
 6.38987e-02 -8.65668e-02
 6.52322e-02 -8.86795e-02
 6.63951e-02 -8.64683e-02

 5.91113e-02 -9.67234e-02
 6.35988e-02 -9.38271e-02
 6.11036e-02 -9.39508e-02
 6.24583e-02 -9.60499e-02
 6.35988e-02 -9.38271e-02

 6.23673e-02 -3.97588e-02
 5.49745e-02 -4.91635e-02
 5.72937e-02 -4.82345e-02
 5.53296e-02 -4.66905e-02
 5.49745e-02 -4.91635e-02

 6.32289e-02 -4.72853e-02
 5.53012e-02 -5.72273e-02
 5.76268e-02 -5.63145e-02
 5.56734e-02 -5.47569e-02
 5.53012e-02 -5.72273e-02

 6.40904e-02 -5.48117e-02
 5.69879e-02 -6.35741e-02
 5.93207e-02 -6.26799e-02
 5.73799e-02 -6.11067e-02
 5.69879e-02 -6.35741e-02

 6.49519e-02 -6.23382e-02
 6.01891e-02 -6.85038e-02
 6.25004e-02 -6.75552e-02
 6.05232e-02 -6.60279e-02
 6.01891e-02 -6.85038e-02

 6.58135e-02 -6.98647e-02
 6.49718e-02 -7.21595e-02
 6.68896e-02 -7.05583e-02
 6.45441e-02 -6.96980e-02
 6.49718e-02 -7.21595e-02

 6.66750e-02 -7.73911e-02
 7.05029e-02 -7.53390e-02
 6.80059e-02 -7.52603e-02
 6.91863e-02 -7.74622e-02
 7.05029e-02 -7.53390e-02

 6.75366e-02 -8.49176e-02
 7.42958e-02 -7.98485e-02
 7.18154e-02 -8.01473e-02
 7.33143e-02 -8.21460e-02
 7.42958e-02 -7.98485e-02

 6.71786e-02 -9.12750e-02
 7.17940e-02 -8.77076e-02
 6.93183e-02 -8.80424e-02
 7.08461e-02 -9.00191e-02
 7.17940e-02 -8.77076e-02

 6.89281e-02 -3.95805e-02
 6.13936e-02 -5.14485e-02
 6.36078e-02 -5.02914e-02
 6.14986e-02 -4.89524e-02
 6.13936e-02 -5.14485e-02

 7.01050e-02 -4.73692e-02
 6.32546e-02 -5.77637e-02
 6.54883e-02 -5.66446e-02
 6.34022e-02 -5.52698e-02
 6.32546e-02 -5.77637e-02

 7.12820e-02 -5.51580e-02
 6.65340e-02 -6.23724e-02
 6.87669e-02 -6.12518e-02
 6.66800e-02 -5.98783e-02
 6.65340e-02 -6.23724e-02

 7.24590e-02 -6.29467e-02
 7.14299e-02 -6.56434e-02
 7.33684e-02 -6.40674e-02
 7.10342e-02 -6.31766e-02
 7.14299e-02 -6.56434e-02

 7.36360e-02 -7.07355e-02
 7.72203e-02 -6.82524e-02
 7.47305e-02 -6.84576e-02
 7.61532e-02 -7.05113e-02
 7.72203e-02 -6.82524e-02

 7.48130e-02 -7.85242e-02
 8.15784e-02 -7.25477e-02
 7.91299e-02 -7.30440e-02
 8.07839e-02 -7.49163e-02
 8.15784e-02 -7.25477e-02

 7.47565e-02 -8.51596e-02
 7.94181e-02 -8.08780e-02
 7.69796e-02 -8.14216e-02
 7.86696e-02 -8.32616e-02
 7.94181e-02 -8.08780e-02

 7.54964e-02 -3.93933e-02
 6.96086e-02 -5.16341e-02
 7.16722e-02 -5.02258e-02
 6.94207e-02 -4.91429e-02
 6.96086e-02 -5.16341e-02

 7.70041e-02 -4.74267e-02
 7.27766e-02 -5.58938e-02
 7.48607e-02 -5.45160e-02
 7.26255e-02 -5.34000e-02
 7.27766e-02 -5.58938e-02

 7.85117e-02 -5.54601e-02
 7.76646e-02 -5.86674e-02
 7.94249e-02 -5.68945e-02
 7.70094e-02 -5.62565e-02
 7.76646e-02 -5.86674e-02

 8.00193e-02 -6.34934e-02
 8.34226e-02 -6.06318e-02
 8.09626e-02 -6.10682e-02
 8.25705e-02 -6.29804e-02
 8.34226e-02 -6.06318e-02

 8.15270e-02 -7.15268e-02
 8.82697e-02 -6.46204e-02
 8.58645e-02 -6.52959e-02
 8.76521e-02 -6.70412e-02
 8.82697e-02 -6.46204e-02

 8.17899e-02 -7.84212e-02
 8.64078e-02 -7.33936e-02
 8.40242e-02 -7.41420e-02
 8.58642e-02 -7.58321e-02
 8.64078e-02 -7.33936e-02

 8.20718e-02 -3.91969e-02
 7.87595e-02 -4.87692e-02
 8.06475e-02 -4.71330e-02
 7.82865e-02 -4.63160e-02
 7.87595e-02 -4.87692e-02

 8.39242e-02 -4.74562e-02
 8.34462e-02 -5.10928e-02
 8.49667e-02 -4.91104e-02
 8.24896e-02 -4.87848e-02
 8.34462e-02 -5.10928e-02

 8.57766e-02 -5.57156e-02
 8.91103e-02 -5.24368e-02
 8.66919e-02 -5.30633e-02
 8.84437e-02 -5.48445e-02
 8.91103e-02 -5.24368e-02

 8.76290e-02 -6.39750e-02
 9.43030e-02 -5.60508e-02
 9.19538e-02 -5.69009e-02
 9.38647e-02 -5.85103e-02
 9.43030e-02 -5.60508e-02

 8.82279e-02 -7.11080e-02
 9.27027e-02 -6.53189e-02
 9.03912e-02 -6.62668e-02
 9.23678e-02 -6.77947e-02
 9.27027e-02 -6.53189e-02

 8.86536e-02 -3.89906e-02
 8.91843e-02 -4.28531e-02
 9.01273e-02 -4.05396e-02
 8.76523e-02 -4.08796e-02
 8.91843e-02 -4.28531e-02

 9.08637e-02 -4.74565e-02
 9.43241e-02 -4.35104e-02
 9.19584e-02 -4.43135e-02
 9.38368e-02 -4.59607e-02
 9.43241e-02 -4.35104e-02

 9.30737e-02 -5.59224e-02
 9.98389e-02 -4.69319e-02
 9.75398e-02 -4.79096e-02
 9.95361e-02 -4.94118e-02
 9.98389e-02 -4.69319e-02

 9.40239e-02 -6.32726e-02
 9.82961e-02 -5.66531e-02
 9.60733e-02 -5.77936e-02
 9.81724e-02 -5.91483e-02
 9.82961e-02 -5.66531e-02

 9.52413e-02 -3.87743e-02
 9.89221e-02 -3.39475e-02
 9.66168e-02 -3.49105e-02
 9.86034e-02 -3.64254e-02
 9.89221e-02 -3.39475e-02

 9.78206e-02 -4.74263e-02
 1.04370e-01 -3.69823e-02
 1.02162e-01 -3.81516e-02
 1.04279e-01 -3.94790e-02
 1.04370e-01 -3.69823e-02

 9.91357e-02 -5.49712e-02
 1.03123e-01 -4.74643e-02
 1.01005e-01 -4.87891e-02
 1.03211e-01 -4.99610e-02
 1.03123e-01 -4.74643e-02

 1.01834e-01 -3.85474e-02
 1.08557e-01 -2.69649e-02
 1.06391e-01 -2.82090e-02
 1.08551e-01 -2.94632e-02
 1.08557e-01 -2.69649e-02

 1.03526e-01 -4.62635e-02
 1.07294e-01 -3.74324e-02
 1.05296e-01 -3.89322e-02
 1.07594e-01 -3.99127e-02
 1.07294e-01 -3.74324e-02

 1.07163e-01 -3.72121e-02
 1.10049e-01 -2.84577e-02
 1.08185e-01 -3.01215e-02
 1.10558e-01 -3.09036e-02
 1.10049e-01 -2.84577e-02

 1.07478e-01 -3.14796e-02
 1.10652e-01 -2.02683e-02
 1.08861e-01 -2.20098e-02
 1.11265e-01 -2.26904e-02
 1.10652e-01 -2.02683e-02

 1.08809e-01 -2.67494e-02
 1.11716e-01 -1.45288e-02
 1.10000e-01 -1.63447e-02
 1.12431e-01 -1.69228e-02
 1.11716e-01 -1.45288e-02

 1.09924e-01 -2.19630e-02
 1.12344e-01 -9.44986e-03
 1.10706e-01 -1.13369e-02
 1.13159e-01 -1.18113e-02
 1.12344e-01 -9.44986e-03

 1.10818e-01 -1.71304e-02
 1.12749e-01 -4.23303e-03
 1.11193e-01 -6.18787e-03
 1.13664e-01 -6.55774e-03
 1.12749e-01 -4.23303e-03

 1.11490e-01 -1.22618e-02
 1.12889e-01  8.64667e-04
 1.11417e-01 -1.15444e-03
 1.13902e-01 -1.41910e-03
 1.12889e-01  8.64667e-04

 1.11939e-01 -7.36740e-03
 1.12785e-01  5.89871e-03
 1.11401e-01  3.81897e-03
 1.13894e-01  3.65999e-03
 1.12785e-01  5.89871e-03

 1.12164e-01 -2.45752e-03
 1.12448e-01  1.09095e-02
 1.11153e-01  8.77290e-03
 1.13651e-01  8.71988e-03
 1.12448e-01  1.09095e-02

 1.12164e-01  2.45752e-03
 1.11881e-01  1.57871e-02
 1.10678e-01  1.35974e-02
 1.13176e-01  1.36505e-02
 1.11881e-01  1.57871e-02

 1.11939e-01  7.36740e-03
 1.11090e-01  2.06907e-02
 1.09981e-01  1.84520e-02
 1.12474e-01  1.86110e-02
 1.11090e-01  2.06907e-02

 1.11490e-01  1.22618e-02
 1.10096e-01  2.53458e-02
 1.09083e-01  2.30620e-02
 1.11568e-01  2.33267e-02
 1.10096e-01  2.53458e-02

 1.10818e-01  1.71304e-02
 1.08870e-01  3.01424e-02
 1.07955e-01  2.78177e-02
 1.10426e-01  2.81876e-02
 1.08870e-01  3.01424e-02

 1.09924e-01  2.19630e-02
 1.07515e-01  3.44189e-02
 1.06699e-01  3.20574e-02
 1.09152e-01  3.25318e-02
 1.07515e-01  3.44189e-02

 1.08809e-01  2.67494e-02
 1.05838e-01  3.92450e-02
 1.05123e-01  3.68511e-02
 1.07554e-01  3.74291e-02
 1.05838e-01  3.92450e-02

 1.07478e-01  3.14796e-02
 1.04292e-01  4.27295e-02
 1.03680e-01  4.03074e-02
 1.06083e-01  4.09881e-02
 1.04292e-01  4.27295e-02

 1.01186e-01 -3.17882e-02
 1.06081e-01 -2.07384e-02
 1.04062e-01 -2.22106e-02
 1.06347e-01 -2.32225e-02
 1.06081e-01 -2.07384e-02

 1.02724e-01 -2.70467e-02
 1.06807e-01 -1.52676e-02
 1.04918e-01 -1.69027e-02
 1.07279e-01 -1.77210e-02
 1.06807e-01 -1.52676e-02

 1.04012e-01 -2.22310e-02
 1.07260e-01 -9.91323e-03
 1.05500e-01 -1.16868e-02
 1.07916e-01 -1.23238e-02
 1.07260e-01 -9.91323e-03

 1.05047e-01 -1.73543e-02
 1.07557e-01 -4.55763e-03
 1.05915e-01 -6.44028e-03
 1.08366e-01 -6.92126e-03
 1.07557e-01 -4.55763e-03

 1.05825e-01 -1.24300e-02
 1.07601e-01  7.31387e-04
 1.06074e-01 -1.24579e-03
 1.08549e-01 -1.57981e-03
 1.07601e-01  7.31387e-04

 1.06345e-01 -7.47169e-03
 1.07395e-01  5.93383e-03
 1.05981e-01  3.87431e-03
 1.08471e-01  3.67931e-03
 1.07395e-01  5.93383e-03

 1.06606e-01 -2.49284e-03
 1.06916e-01  1.11073e-02
 1.05617e-01  8.97266e-03
 1.08115e-01  8.91581e-03
 1.06916e-01  1.11073e-02

 1.06606e-01  2.49284e-03
 1.06176e-01  1.61077e-02
 1.04996e-01  1.39057e-02
 1.07493e-01  1.39846e-02
 1.06176e-01  1.61077e-02

 1.06345e-01  7.47169e-03
 1.05157e-01  2.11208e-02
 1.04100e-01  1.88569e-02
 1.06589e-01  1.90737e-02
 1.05157e-01  2.11208e-02

 1.05825e-01  1.24300e-02
 1.03900e-01  2.58398e-02
 1.02971e-01  2.35206e-02
 1.05444e-01  2.38757e-02
 1.03900e-01  2.58398e-02

 1.05047e-01  1.73543e-02
 1.02348e-01  3.06409e-02
 1.01554e-01  2.82719e-02
 1.04002e-01  2.87692e-02
 1.02348e-01  3.06409e-02

 1.04012e-01  2.22310e-02
 1.00619e-01  3.49939e-02
 9.99678e-02  3.25820e-02
 1.02382e-01  3.32238e-02
 1.00619e-01  3.49939e-02

 1.02724e-01  2.70467e-02
 9.85246e-02  3.95168e-02
 9.80312e-02  3.70677e-02
 1.00399e-01  3.78649e-02
 9.85246e-02  3.95168e-02

 1.01186e-01  3.17882e-02
 9.63923e-02  4.34769e-02
 9.60574e-02  4.10011e-02
 9.83690e-02  4.19490e-02
 9.63923e-02  4.34769e-02

 9.48956e-02 -3.21001e-02
 9.65472e-02 -3.11531e-02
 9.40489e-02 -3.11457e-02
 9.52916e-02 -3.33130e-02
 9.65472e-02 -3.11531e-02

 9.66440e-02 -2.73523e-02
 9.81365e-02 -2.56738e-02
 9.57653e-02 -2.64606e-02
 9.76324e-02 -2.81207e-02
 9.81365e-02 -2.56738e-02

 9.81104e-02 -2.25097e-02
 9.93456e-02 -2.02390e-02
 9.72144e-02 -2.15427e-02
 9.94091e-02 -2.27365e-02
 9.93456e-02 -2.02390e-02

 9.92898e-02 -1.75890e-02
 1.00296e-01 -1.47149e-02
 9.84022e-02 -1.63441e-02
 1.00760e-01 -1.71698e-02
 1.00296e-01 -1.47149e-02

 1.00178e-01 -1.26073e-02
 1.00920e-01 -9.24609e-03
 9.92337e-02 -1.10895e-02
 1.01673e-01 -1.16281e-02
 1.00920e-01 -9.24609e-03

 1.00772e-01 -7.58193e-03
 1.01238e-01 -3.82745e-03
 9.97315e-02 -5.82072e-03
 1.02211e-01 -6.12845e-03
 1.01238e-01 -3.82745e-03

 1.01069e-01 -2.53024e-03
 1.01220e-01  1.54228e-03
 9.98914e-02 -5.73730e-04
 1.02388e-01 -6.65977e-04
 1.01220e-01  1.54228e-03

 1.01069e-01  2.53024e-03
 1.00894e-01  6.79188e-03
 9.97348e-02  4.57888e-03
 1.02231e-01  4.68129e-03
 1.00894e-01  6.79188e-03

 1.00772e-01  7.58193e-03
 1.00225e-01  1.20155e-02
 9.92500e-02  9.71524e-03
 1.01730e-01  1.00210e-02
 1.00225e-01  1.20155e-02

 1.00178e-01  1.26073e-02
 9.92713e-02  1.70416e-02
 9.84808e-02  1.46716e-02
 1.00929e-01  1.51720e-02
 9.92713e-02  1.70416e-02

 9.92898e-02  1.75890e-02
 9.79541e-02  2.20838e-02
 9.73730e-02  1.96539e-02
 9.97678e-02  2.03656e-02
 9.79541e-02  2.20838e-02

 9.81104e-02  2.25097e-02
 9.63839e-02  2.68181e-02
 9.60292e-02  2.43450e-02
 9.83482e-02  2.52744e-02
 9.63839e-02  2.68181e-02

 9.66440e-02  2.73523e-02
 9.44206e-02  3.16577e-02
 9.43035e-02  2.91621e-02
 9.65233e-02  3.03085e-02
 9.44206e-02  3.16577e-02

 9.48956e-02  3.21001e-02
 9.22434e-02  3.59985e-02
 9.24276e-02  3.35070e-02
 9.44932e-02  3.49123e-02
 9.22434e-02  3.59985e-02

 8.86078e-02 -3.24155e-02
 8.76235e-02 -3.96654e-02
 8.91524e-02 -3.76895e-02
 8.66768e-02 -3.73534e-02
 8.76235e-02 -3.96654e-02

 9.05712e-02 -2.76667e-02
 8.97933e-02 -3.48524e-02
 9.12680e-02 -3.28358e-02
 8.87842e-02 -3.25669e-02
 8.97933e-02 -3.48524e-02

 9.22203e-02 -2.27996e-02
 9.15973e-02 -2.98222e-02
 9.30327e-02 -2.77774e-02
 9.05442e-02 -2.75566e-02
 9.15973e-02 -2.98222e-02

 9.35483e-02 -1.78350e-02
 9.31004e-02 -2.46170e-02
 9.44894e-02 -2.25404e-02
 9.19965e-02 -2.23757e-02
 9.31004e-02 -2.46170e-02

 9.45492e-02 -1.27941e-02
 9.42805e-02 -1.93399e-02
 9.56174e-02 -1.72294e-02
 9.31212e-02 -1.71269e-02
 9.42805e-02 -1.93399e-02

 9.52189e-02 -7.69840e-03
 9.51487e-02 -1.40002e-02
 9.64219e-02 -1.18506e-02
 9.39237e-02 -1.18228e-02
 9.51487e-02 -1.40002e-02

 9.55545e-02 -2.56980e-03
 9.56754e-02 -8.62999e-03
 9.68811e-02 -6.44190e-03
 9.43833e-02 -6.49170e-03
 9.56754e-02 -8.62999e-03

 9.55545e-02  2.56980e-03
 9.58740e-02 -3.26154e-03
 9.70029e-02 -1.03284e-03
 9.45083e-02 -1.16949e-03
 9.58740e-02 -3.26154e-03

 9.52189e-02  7.69840e-03
 9.57015e-02  2.13014e-03
 9.67592e-02  4.39353e-03
 9.42702e-02  4.17781e-03
 9.57015e-02  2.13014e-03

 9.45492e-02  1.27941e-02
 9.51925e-02  7.46540e-03
 9.61733e-02  9.76312e-03
 9.36930e-02  9.46371e-03
 9.51925e-02  7.46540e-03

 9.35483e-02  1.78350e-02
 9.42659e-02  1.28239e-02
 9.51957e-02  1.51427e-02
 9.27226e-02  1.47886e-02
 9.42659e-02  1.28239e-02

 9.22203e-02  2.27996e-02
 9.29950e-02  1.80526e-02
 9.38794e-02  2.03891e-02
 9.14137e-02  1.99867e-02
 9.29950e-02  1.80526e-02

 9.05712e-02  2.76667e-02
 9.12598e-02  2.33227e-02
 9.21548e-02  2.56552e-02
 8.96873e-02  2.52640e-02
 9.12598e-02  2.33227e-02

 8.86078e-02  3.24155e-02
 8.92191e-02  2.83552e-02
 9.01322e-02  3.06807e-02
 8.76618e-02  3.03088e-02
 8.92191e-02  2.83552e-02

 8.23223e-02 -3.27344e-02
 7.82008e-02 -4.51416e-02
 8.00683e-02 -4.34821e-02
 7.76974e-02 -4.26945e-02
 7.82008e-02 -4.51416e-02

 8.45051e-02 -2.79902e-02
 8.10172e-02 -4.09208e-02
 8.27868e-02 -3.91572e-02
 8.03746e-02 -3.85065e-02
 8.10172e-02 -4.09208e-02

 8.63418e-02 -2.31013e-02
 8.34707e-02 -3.64888e-02
 8.51458e-02 -3.46352e-02
 8.27030e-02 -3.41113e-02
 8.34707e-02 -3.64888e-02

 8.78227e-02 -1.80928e-02
 8.56087e-02 -3.17404e-02
 8.71882e-02 -2.98047e-02
 8.47221e-02 -2.94047e-02
 8.56087e-02 -3.17404e-02

 8.89402e-02 -1.29907e-02
 8.74210e-02 -2.68224e-02
 8.88989e-02 -2.48081e-02
 8.64155e-02 -2.45354e-02
 8.74210e-02 -2.68224e-02

 8.96884e-02 -7.82140e-03
 8.89194e-02 -2.17153e-02
 9.02862e-02 -1.96241e-02
 8.77917e-02 -1.94860e-02
 8.89194e-02 -2.17153e-02

 9.00635e-02 -2.61164e-03
 9.00735e-02 -1.64836e-02
 9.13211e-02 -1.43191e-02
 8.88228e-02 -1.43209e-02
 9.00735e-02 -1.64836e-02

 9.00635e-02  2.61164e-03
 9.08844e-02 -1.11419e-02
 9.20024e-02 -8.90769e-03
 8.95085e-02 -9.05655e-03
 9.08844e-02 -1.11419e-02

 8.96884e-02  7.82140e-03
 9.13065e-02 -5.70578e-03
 9.22898e-02 -3.40912e-03
 8.98092e-02 -3.70585e-03
 9.13065e-02 -5.70578e-03

 8.89402e-02  1.29907e-02
 9.13475e-02 -2.18451e-04
 9.21885e-02  2.13407e-03
 8.97306e-02  1.68614e-03
 9.13475e-02 -2.18451e-04

 8.78227e-02  1.80928e-02
 9.09316e-02  5.34132e-03
 9.16327e-02  7.73925e-03
 8.92055e-02  7.14747e-03
 9.09316e-02  5.34132e-03

 8.63418e-02  2.31013e-02
 9.00928e-02  1.08904e-02
 9.06515e-02  1.33255e-02
 8.82633e-02  1.25919e-02
 9.00928e-02  1.08904e-02

 8.45051e-02  2.79902e-02
 8.87338e-02  1.65174e-02
 8.91576e-02  1.89795e-02
 8.68135e-02  1.81155e-02
 8.87338e-02  1.65174e-02

 8.23223e-02  3.27344e-02
 8.69494e-02  2.20138e-02
 8.72389e-02  2.44953e-02
 8.49451e-02  2.35053e-02
 8.69494e-02  2.20138e-02

 7.60390e-02 -3.30570e-02
 6.99663e-02 -4.71353e-02
 7.19702e-02 -4.56434e-02
 6.96762e-02 -4.46539e-02
 6.99663e-02 -4.71353e-02

 7.84461e-02 -2.83232e-02
 7.31544e-02 -4.34778e-02
 7.50470e-02 -4.18469e-02
 7.26884e-02 -4.10233e-02
 7.31544e-02 -4.34778e-02

 8.04752e-02 -2.34151e-02
 7.60142e-02 -3.95710e-02
 7.77942e-02 -3.78179e-02
 7.53860e-02 -3.71529e-02
 7.60142e-02 -3.95710e-02

 8.21138e-02 -1.83629e-02
 7.85587e-02 -3.53123e-02
 8.02254e-02 -3.34512e-02
 7.77803e-02 -3.29383e-02
 7.85587e-02 -3.53123e-02

 8.33516e-02 -1.31977e-02
 8.07991e-02 -3.08134e-02
 8.23456e-02 -2.88512e-02
 7.98731e-02 -2.84930e-02
 8.07991e-02 -3.08134e-02

 8.41811e-02 -7.95123e-03
 8.27376e-02 -2.60566e-02
 8.41548e-02 -2.39991e-02
 8.16643e-02 -2.38005e-02
 8.27376e-02 -2.60566e-02

 8.45971e-02 -2.65586e-03
 8.43515e-02 -2.11005e-02
 8.56294e-02 -1.89537e-02
 8.31313e-02 -1.89204e-02
 8.43515e-02 -2.11005e-02

 8.45971e-02  2.65586e-03
 8.56320e-02 -1.59517e-02
 8.67591e-02 -1.37220e-02
 8.42646e-02 -1.38608e-02
 8.56320e-02 -1.59517e-02

 8.41811e-02  7.95123e-03
 8.65357e-02 -1.06316e-02
 8.75030e-02 -8.32809e-03
 8.50245e-02 -8.64213e-03
 8.65357e-02 -1.06316e-02

 8.33516e-02  1.31977e-02
 8.70499e-02 -5.15178e-03
 8.78470e-02 -2.78402e-03
 8.53979e-02 -3.27762e-03
 8.70499e-02 -5.15178e-03

 8.21138e-02  1.83629e-02
 8.71034e-02  4.99104e-04
 8.77245e-02  2.91900e-03
 8.53183e-02  2.24690e-03
 8.71034e-02  4.99104e-04

 8.04752e-02  2.34151e-02
 8.66898e-02  6.29331e-03
 8.71258e-02  8.75329e-03
 8.47774e-02  7.90090e-03
 8.66898e-02  6.29331e-03

 7.84461e-02  2.83232e-02
 8.57058e-02  1.22739e-02
 8.59522e-02  1.47601e-02
 8.36759e-02  1.37304e-02
 8.57058e-02  1.22739e-02

 7.60390e-02  3.30570e-02
 8.41500e-02  1.82817e-02
 8.42039e-02  2.07794e-02
 8.20138e-02  1.95772e-02
 8.41500e-02  1.82817e-02

 6.97580e-02 -3.33835e-02
 6.24886e-02 -4.59890e-02
 6.46516e-02 -4.47388e-02
 6.24873e-02 -4.34907e-02
 6.24886e-02 -4.59890e-02

 7.23943e-02 -2.86660e-02
 6.59424e-02 -4.25447e-02
 6.79872e-02 -4.11094e-02
 6.57218e-02 -4.00562e-02
 6.59424e-02 -4.25447e-02

 7.46212e-02 -2.37417e-02
 6.90164e-02 -3.89340e-02
 7.09372e-02 -3.73365e-02
 6.85933e-02 -3.64717e-02
 6.90164e-02 -3.89340e-02

 7.64223e-02 -1.86459e-02
 7.18214e-02 -3.49405e-02
 7.36114e-02 -3.31977e-02
 7.12071e-02 -3.25188e-02
 7.18214e-02 -3.49405e-02

 7.77847e-02 -1.34155e-02
 7.43045e-02 -3.07149e-02
 7.59558e-02 -2.88402e-02
 7.35066e-02 -2.83474e-02
 7.43045e-02 -3.07149e-02

 7.86984e-02 -8.08825e-03
 7.65070e-02 -2.61921e-02
 7.80071e-02 -2.41943e-02
 7.55269e-02 -2.38941e-02
 7.65070e-02 -2.61921e-02

 7.91570e-02 -2.70259e-03
 7.83998e-02 -2.14355e-02
 7.97353e-02 -1.93241e-02
 7.72390e-02 -1.92232e-02
 7.83998e-02 -2.14355e-02

 7.91570e-02  2.70259e-03
 7.99791e-02 -1.64303e-02
 8.11342e-02 -1.42151e-02
 7.86382e-02 -1.43223e-02
 7.99791e-02 -1.64303e-02

 7.86984e-02  8.08825e-03
 8.12062e-02 -1.11946e-02
 8.21659e-02 -8.88793e-03
 7.96885e-02 -9.21013e-03
 8.12062e-02 -1.11946e-02

 7.77847e-02  1.34155e-02
 8.20605e-02 -5.71717e-03
 8.28077e-02 -3.33319e-03
 8.03695e-02 -3.87809e-03
 8.20605e-02 -5.71717e-03

 7.64223e-02  1.86459e-02
 8.24675e-02  1.43931e-05
 8.29879e-02  2.45791e-03
 8.06115e-02  1.68687e-03
 8.24675e-02  1.43931e-05

 7.46212e-02  2.37417e-02
 8.23949e-02  5.99282e-03
 8.26711e-02  8.47584e-03
 8.03827e-02  7.47352e-03
 8.23949e-02  5.99282e-03

 7.23943e-02  2.86660e-02
 8.16701e-02  1.22296e-02
 8.16946e-02  1.47278e-02
 7.95189e-02  1.34999e-02
 8.16701e-02  1.22296e-02

 6.97580e-02  3.33835e-02
 8.02407e-02  1.85734e-02
 8.00103e-02  2.10611e-02
 7.79711e-02  1.96177e-02
 8.02407e-02  1.85734e-02

 6.34793e-02 -3.37140e-02
 5.69454e-02 -4.26837e-02
 5.92290e-02 -4.16704e-02
 5.72096e-02 -4.01994e-02
 5.69454e-02 -4.26837e-02

 6.63500e-02 -2.90192e-02
 6.03960e-02 -3.91110e-02
 6.25713e-02 -3.78823e-02
 6.04195e-02 -3.66128e-02
 6.03960e-02 -3.91110e-02

 6.87800e-02 -2.40817e-02
 6.35118e-02 -3.53046e-02
 6.55620e-02 -3.38769e-02
 6.33004e-02 -3.28153e-02
 6.35118e-02 -3.53046e-02

 7.07490e-02 -1.89425e-02
 6.62712e-02 -3.11923e-02
 6.81873e-02 -2.95890e-02
 6.58408e-02 -2.87313e-02
 6.62712e-02 -3.11923e-02

 7.22404e-02 -1.36448e-02
 6.86702e-02 -2.68102e-02
 7.04421e-02 -2.50489e-02
 6.80309e-02 -2.43951e-02
 6.86702e-02 -2.68102e-02

 7.32416e-02 -8.23282e-03
 7.07428e-02 -2.21567e-02
 7.23545e-02 -2.02478e-02
 6.98954e-02 -1.98065e-02
 7.07428e-02 -2.21567e-02

 7.37443e-02 -2.75195e-03
 7.24804e-02 -1.72560e-02
 7.39126e-02 -1.52090e-02
 7.14238e-02 -1.49921e-02
 7.24804e-02 -1.72560e-02

 7.37443e-02  2.75195e-03
 7.38844e-02 -1.21078e-02
 7.51131e-02 -9.93254e-03
 7.26149e-02 -9.95609e-03
 7.38844e-02 -1.21078e-02

 7.32416e-02  8.23282e-03
 7.49369e-02 -6.72990e-03
 7.59345e-02 -4.43941e-03
 7.34521e-02 -4.72067e-03
 7.49369e-02 -6.72990e-03

 7.22404e-02  1.36448e-02
 7.56233e-02 -1.11434e-03
 7.63575e-02  1.27367e-03
 7.39224e-02  7.15496e-04
 7.56233e-02 -1.11434e-03

 7.07490e-02  1.89425e-02
 7.59073e-02  4.72128e-03
 7.63438e-02  7.18116e-03
 7.39952e-02  6.32928e-03
 7.59073e-02  4.72128e-03

 6.87800e-02  2.40817e-02
 7.57369e-02  1.07868e-02
 7.58405e-02  1.32830e-02
 7.36270e-02  1.21247e-02
 7.57369e-02  1.07868e-02

 6.63500e-02  2.90192e-02
 7.49860e-02  1.70098e-02
 7.47370e-02  1.94957e-02
 7.27086e-02  1.80371e-02
 7.49860e-02  1.70098e-02

 6.34793e-02  3.37140e-02
 7.34823e-02  2.33522e-02
 7.28783e-02  2.57764e-02
 7.10809e-02  2.40412e-02
 7.34823e-02  2.33522e-02

 5.72030e-02 -3.40487e-02
 5.22579e-02 -3.85174e-02
 5.47006e-02 -3.79936e-02
 5.30256e-02 -3.61400e-02
 5.22579e-02 -3.85174e-02

 6.03133e-02 -2.93833e-02
 5.57664e-02 -3.43632e-02
 5.81477e-02 -3.36077e-02
 5.63028e-02 -3.19231e-02
 5.57664e-02 -3.43632e-02

 6.29524e-02 -2.44357e-02
 5.88017e-02 -2.99825e-02
 6.10981e-02 -2.89986e-02
 5.90978e-02 -2.75017e-02
 5.88017e-02 -2.99825e-02

 6.50948e-02 -1.92533e-02
 6.15129e-02 -2.52678e-02
 6.36933e-02 -2.40480e-02
 6.15468e-02 -2.27697e-02
 6.15129e-02 -2.52678e-02

 6.67199e-02 -1.38860e-02
 6.37412e-02 -2.03077e-02
 6.57848e-02 -1.88706e-02
 6.35184e-02 -1.78194e-02
 6.37412e-02 -2.03077e-02

 6.78121e-02 -8.38535e-03
 6.55586e-02 -1.50804e-02
 6.74327e-02 -1.34283e-02
 6.50649e-02 -1.26313e-02
 6.55586e-02 -1.50804e-02

 6.83608e-02 -2.80410e-03
 6.69532e-02 -9.62777e-03
 6.86137e-02 -7.76113e-03
 6.61669e-02 -7.25641e-03
 6.69532e-02 -9.62777e-03

 6.83608e-02  2.80410e-03
 6.79254e-02 -3.97161e-03
 6.93107e-02 -1.89256e-03
 6.68175e-02 -1.73234e-03
 6.79254e-02 -3.97161e-03

 6.78121e-02  8.38535e-03
 6.84709e-02  1.83624e-03
 6.94972e-02  4.11402e-03
 6.70114e-02  3.86396e-03
 6.84709e-02  1.83624e-03

 6.67199e-02  1.38860e-02
 6.85973e-02  7.74441e-03
 6.91594e-02  1.01787e-02
 6.67703e-02  9.44833e-03
 6.85973e-02  7.74441e-03

 6.50948e-02  1.92533e-02
 6.82912e-02  1.36893e-02
 6.82966e-02  1.61876e-02
 6.61302e-02  1.49432e-02
 6.82912e-02  1.36893e-02

 6.29524e-02  2.44357e-02
 6.75953e-02  1.96009e-02
 6.69976e-02  2.20267e-02
 6.51957e-02  2.02962e-02
 6.75953e-02  1.96009e-02

 6.03133e-02  2.93833e-02
 6.63161e-02  2.53812e-02
 6.52088e-02  2.76208e-02
 6.38229e-02  2.55421e-02
 6.63161e-02  2.53812e-02

 5.72030e-02  3.40487e-02
 6.45434e-02  3.09895e-02
 6.30268e-02  3.29748e-02
 6.20657e-02  3.06688e-02
 6.45434e-02  3.09895e-02

 5.09292e-02 -3.43878e-02
 4.98178e-02 -3.38326e-02
 5.11951e-02 -3.59169e-02
 5.23116e-02 -3.36819e-02
 4.98178e-02 -3.38326e-02

 5.42846e-02 -2.97587e-02
 5.31913e-02 -2.95395e-02
 5.50672e-02 -3.11896e-02
 5.55582e-02 -2.87400e-02
 5.31913e-02 -2.95395e-02

 5.71388e-02 -2.48044e-02
 5.61230e-02 -2.45321e-02
 5.78893e-02 -2.62990e-02
 5.85363e-02 -2.38859e-02
 5.61230e-02 -2.45321e-02

 5.94606e-02 -1.95792e-02
 5.84954e-02 -1.92055e-02
 6.00621e-02 -2.11515e-02
 6.09640e-02 -1.88217e-02
 5.84954e-02 -1.92055e-02

 6.12246e-02 -1.41400e-02
 6.02817e-02 -1.35189e-02
 6.14014e-02 -1.57523e-02
 6.27757e-02 -1.36660e-02
 6.02817e-02 -1.35189e-02

 6.24114e-02 -8.54628e-03
 6.15010e-02 -7.60946e-03
 6.21130e-02 -1.00317e-02
 6.39047e-02 -8.29057e-03
 6.15010e-02 -7.60946e-03

 6.30080e-02 -2.85918e-03
 6.21605e-02 -1.52342e-03
 6.22649e-02 -4.01956e-03
 6.43744e-02 -2.68102e-03
 6.21605e-02 -1.52342e-03

 6.30080e-02  2.85918e-03
 6.22450e-02  4.66209e-03
 6.19379e-02  2.18272e-03
 6.42387e-02  3.15643e-03
 6.22450e-02  4.66209e-03

 6.24114e-02  8.54628e-03
 6.17799e-02  1.08398e-02
 6.11499e-02  8.42226e-03
 6.35586e-02  9.08544e-03
 6.17799e-02  1.08398e-02

 6.12246e-02  1.41400e-02
 6.07828e-02  1.69199e-02
 5.98887e-02  1.45870e-02
 6.23560e-02  1.49791e-02
 6.07828e-02  1.69199e-02

 5.94606e-02  1.95792e-02
 5.93776e-02  2.27251e-02
 5.81859e-02  2.05293e-02
 6.06834e-02  2.05952e-02
 5.93776e-02  2.27251e-02

 5.71388e-02  2.48044e-02
 5.75552e-02  2.82746e-02
 5.60571e-02  2.62752e-02
 5.85377e-02  2.59776e-02
 5.75552e-02  2.82746e-02

 5.42846e-02  2.97587e-02
 5.55545e-02  3.32268e-02
 5.36376e-02  3.16246e-02
 5.59836e-02  3.07657e-02
 5.55545e-02  3.32268e-02

 5.09292e-02  3.43878e-02
 5.30748e-02  3.79774e-02
 5.08925e-02  3.67611e-02
 5.30370e-02  3.54793e-02
 5.30748e-02  3.79774e-02

 4.46580e-02 -3.47315e-02
 4.67389e-02 -2.92796e-02
 4.48003e-02 -3.08556e-02
 4.71344e-02 -3.17465e-02
 4.67389e-02 -2.92796e-02

 4.82641e-02 -3.01460e-02
 5.02866e-02 -2.39127e-02
 4.84307e-02 -2.55851e-02
 5.08070e-02 -2.63562e-02
 5.02866e-02 -2.39127e-02

 5.13399e-02 -2.51887e-02
 5.31637e-02 -1.83093e-02
 5.14018e-02 -2.00806e-02
 5.38167e-02 -2.07208e-02
 5.31637e-02 -1.83093e-02

 5.38474e-02 -1.99209e-02
 5.53792e-02 -1.23579e-02
 5.37254e-02 -1.42305e-02
 5.61740e-02 -1.47265e-02
 5.53792e-02 -1.23579e-02

 5.57557e-02 -1.44073e-02
 5.68297e-02 -6.17734e-03
 5.53111e-02 -8.16111e-03
 5.77884e-02 -8.48441e-03
 5.68297e-02 -6.17734e-03

 5.70411e-02 -8.71609e-03
 5.75641e-02  2.20666e-04
 5.61906e-02 -1.86628e-03
 5.86847e-02 -2.01223e-03
 5.75641e-02  2.20666e-04

 5.76878e-02 -2.91736e-03
 5.76496e-02  6.67871e-03
 5.64091e-02  4.51015e-03
 5.89074e-02  4.52008e-03
 5.76496e-02  6.67871e-03

 5.76878e-02  2.91736e-03
 5.70668e-02  1.30643e-02
 5.59521e-02  1.08284e-02
 5.84458e-02  1.09810e-02
 5.70668e-02  1.30643e-02

 5.70411e-02  8.71609e-03
 5.58666e-02  1.92475e-02
 5.48650e-02  1.69588e-02
 5.73479e-02  1.72357e-02
 5.58666e-02  1.92475e-02

 5.57557e-02  1.44073e-02
 5.41017e-02  2.50087e-02
 5.32010e-02  2.26784e-02
 5.56695e-02  2.30635e-02
 5.41017e-02  2.50087e-02

 5.38474e-02  1.99209e-02
 5.19186e-02  3.03149e-02
 5.10851e-02  2.79597e-02
 5.35415e-02  2.84155e-02
 5.19186e-02  3.03149e-02

 5.13399e-02  2.51887e-02
 4.95155e-02  3.47511e-02
 4.86940e-02  3.23917e-02
 5.11480e-02  3.28599e-02
 4.95155e-02  3.47511e-02

 4.82641e-02  3.01460e-02
 4.68490e-02  3.86098e-02
 4.59737e-02  3.62698e-02
 4.84378e-02  3.66818e-02
 4.68490e-02  3.86098e-02

 4.46580e-02  3.47315e-02
 4.40879e-02  4.11557e-02
 4.30348e-02  3.88901e-02
 4.55234e-02  3.91109e-02
 4.40879e-02  4.11557e-02

 3.83892e-02 -3.50800e-02
 4.36700e-02 -2.97993e-02
 4.12568e-02 -3.04459e-02
 4.30233e-02 -3.22125e-02
 4.36700e-02 -2.97993e-02

 4.22520e-02 -3.05458e-02
 4.72381e-02 -2.41816e-02
 4.49205e-02 -2.51143e-02
 4.68871e-02 -2.66551e-02
 4.72381e-02 -2.41816e-02

 4.55562e-02 -2.55894e-02
 5.01831e-02 -1.79355e-02
 4.79948e-02 -1.91408e-02
 5.01328e-02 -2.04333e-02
 5.01831e-02 -1.79355e-02

 4.82562e-02 -2.02792e-02
 5.22083e-02 -1.14981e-02
 5.01812e-02 -1.29584e-02
 5.24595e-02 -1.39838e-02
 5.22083e-02 -1.14981e-02

 5.03146e-02 -1.46888e-02
 5.33511e-02 -4.94433e-03
 5.15148e-02 -6.63835e-03
 5.39000e-02 -7.38160e-03
 5.33511e-02 -4.94433e-03

 5.17030e-02 -8.89529e-03
 5.36467e-02  1.71109e-03
 5.20280e-02 -1.91911e-04
 5.44854e-02 -6.42247e-04
 5.36467e-02  1.71109e-03

 5.24020e-02 -2.97882e-03
 5.30805e-02  8.23915e-03
 5.17030e-02  6.15491e-03
 5.41968e-02  6.00406e-03
 5.30805e-02  8.23915e-03

 5.24020e-02  2.97882e-03
 5.17050e-02  1.45011e-02
 5.05888e-02  1.22660e-02
 5.30825e-02  1.24169e-02
 5.17050e-02  1.45011e-02

 5.17030e-02  8.89529e-03
 4.96042e-02  2.03479e-02
 4.87655e-02  1.79945e-02
 5.12229e-02  1.84449e-02
 4.96042e-02  2.03479e-02

 5.03146e-02  1.46888e-02
 4.69152e-02  2.55977e-02
 4.63663e-02  2.31604e-02
 4.87515e-02  2.39037e-02
 4.69152e-02  2.55977e-02

 4.82562e-02  2.02792e-02
 4.37942e-02  3.01933e-02
 4.35431e-02  2.77077e-02
 4.58213e-02  2.87330e-02
 4.37942e-02  3.01933e-02

 4.55562e-02  2.55894e-02
 4.04434e-02  3.40472e-02
 4.04937e-02  3.15494e-02
 4.26317e-02  3.28418e-02
 4.04434e-02  3.40472e-02

 4.22520e-02  3.05458e-02
 3.72009e-02  3.69930e-02
 3.75519e-02  3.45194e-02
 3.95185e-02  3.60602e-02
 3.72009e-02  3.69930e-02

 3.83892e-02  3.50800e-02
 3.37184e-02  3.97509e-02
 3.43650e-02  3.73377e-02
 3.61316e-02  3.91043e-02
 3.37184e-02  3.97509e-02

 3.62312e-02  4.03748e-02
 3.43272e-02  4.48588e-02
 3.40231e-02  4.23790e-02
 3.63227e-02  4.33555e-02
 3.43272e-02  4.48588e-02

 4.27932e-02  4.01897e-02
 4.38168e-02  4.37263e-02
 4.20153e-02  4.19953e-02
 4.44152e-02  4.13007e-02
 4.38168e-02  4.37263e-02

 4.93551e-02  4.00046e-02
 5.49351e-02  4.08346e-02
 5.26113e-02  4.17519e-02
 5.29789e-02  3.92807e-02
 5.49351e-02  4.08346e-02

 5.59171e-02  3.98195e-02
 6.57477e-02  3.46782e-02
 6.44094e-02  3.67878e-02
 6.32516e-02  3.45740e-02
 6.57477e-02  3.46782e-02

 6.24790e-02  3.96344e-02
 7.40785e-02  2.89228e-02
 7.33364e-02  3.13084e-02
 7.16415e-02  2.94730e-02
 7.40785e-02  2.89228e-02

 6.90410e-02  3.94493e-02
 7.95749e-02  2.62439e-02
 7.92022e-02  2.87143e-02
 7.72492e-02  2.71563e-02
 7.95749e-02  2.62439e-02

 7.56029e-02  3.92642e-02
 8.27167e-02  2.77414e-02
 8.26430e-02  3.02387e-02
 8.05171e-02  2.89263e-02
 8.27167e-02  2.77414e-02

 8.21649e-02  3.90791e-02
 8.50020e-02  3.25380e-02
 8.52870e-02  3.50200e-02
 8.29950e-02  3.40259e-02
 8.50020e-02  3.25380e-02

 8.87268e-02  3.88940e-02
 8.71444e-02  3.92303e-02
 8.90011e-02  3.75587e-02
 8.95204e-02  4.00024e-02
 8.71444e-02  3.92303e-02

 9.52888e-02  3.87089e-02
 9.05375e-02  4.63583e-02
 9.06179e-02  4.38613e-02
 9.27402e-02  4.51795e-02
 9.05375e-02  4.63583e-02

 1.01851e-01  3.85238e-02
 9.55165e-02  5.03654e-02
 9.54355e-02  4.78684e-02
 9.76385e-02  4.90468e-02
 9.55165e-02  5.03654e-02

 1.07163e-01  3.72121e-02
 1.03644e-01  4.65378e-02
 1.03239e-01  4.40725e-02
 1.05577e-01  4.49546e-02
 1.03644e-01  4.65378e-02

 3.60414e-02  4.66623e-02
 3.77114e-02  4.67400e-02
 3.54920e-02  4.78872e-02
 3.56081e-02  4.53916e-02
 3.77114e-02  4.67400e-02

 4.29145e-02  4.67353e-02
 4.87129e-02  4.56153e-02
 4.68255e-02  4.72522e-02
 4.63516e-02  4.47992e-02
 4.87129e-02  4.56153e-02

 4.97877e-02  4.68084e-02
 5.93388e-02  4.27346e-02
 5.78387e-02  4.47325e-02
 5.68586e-02  4.24345e-02
 5.93388e-02  4.27346e-02

 5.66609e-02  4.68815e-02
 6.84380e-02  3.89790e-02
 6.73373e-02  4.12218e-02
 6.59453e-02  3.91473e-02
 6.84380e-02  3.89790e-02

 6.35340e-02  4.69545e-02
 7.44717e-02  3.69720e-02
 7.37157e-02  3.93532e-02
 7.20315e-02  3.75078e-02
 7.44717e-02  3.69720e-02

 7.04072e-02  4.70276e-02
 7.81417e-02  3.80993e-02
 7.76692e-02  4.05525e-02
 7.57809e-02  3.89167e-02
 7.81417e-02  3.80993e-02

 7.72803e-02  4.71006e-02
 8.04997e-02  4.21767e-02
 8.03612e-02  4.46712e-02
 7.82702e-02  4.33040e-02
 8.04997e-02  4.21767e-02

 8.41535e-02  4.71737e-02
 8.27984e-02  4.82016e-02
 8.37673e-02  4.58988e-02
 8.52771e-02  4.78892e-02
 8.27984e-02  4.82016e-02

 9.10267e-02  4.72467e-02
 8.61612e-02  5.45216e-02
 8.63257e-02  5.20287e-02
 8.84023e-02  5.34176e-02
 8.61612e-02  5.45216e-02

 9.78998e-02  4.73198e-02
 9.15651e-02  5.81233e-02
 9.15819e-02  5.56250e-02
 9.37371e-02  5.68887e-02
 9.15651e-02  5.81233e-02

 1.03543e-01  4.62399e-02
 9.94491e-02  5.48070e-02
 9.92548e-02  5.23162e-02
 1.01509e-01  5.33934e-02
 9.94491e-02  5.48070e-02

 3.58446e-02  5.29590e-02
 4.17691e-02  5.03433e-02
 4.02943e-02  5.23599e-02
 3.92853e-02  5.00744e-02
 4.17691e-02  5.03433e-02

 4.30150e-02  5.33087e-02
 5.16382e-02  4.91559e-02
 5.02309e-02  5.12201e-02
 4.91469e-02  4.89692e-02
 5.16382e-02  4.91559e-02

 5.01855e-02  5.36583e-02
 6.04086e-02  4.78002e-02
 5.91524e-02  4.99598e-02
 5.79103e-02  4.77921e-02
 6.04086e-02  4.78002e-02

 5.73559e-02  5.40079e-02
 6.71441e-02  4.68972e-02
 6.61278e-02  4.91795e-02
 6.46595e-02  4.71582e-02
 6.71441e-02  4.68972e-02

 6.45264e-02  5.43576e-02
 7.14932e-02  4.79411e-02
 7.07480e-02  5.03257e-02
 6.90555e-02  4.84880e-02
 7.14932e-02  4.79411e-02

 7.16968e-02  5.47072e-02
 7.44650e-02  5.12570e-02
 7.40853e-02  5.37263e-02
 7.21367e-02  5.21629e-02
 7.44650e-02  5.12570e-02

 7.88673e-02  5.50569e-02
 7.71381e-02  5.65626e-02
 7.79495e-02  5.41997e-02
 7.95902e-02  5.60838e-02
 7.71381e-02  5.65626e-02

 8.60378e-02  5.54065e-02
 8.07393e-02  6.21999e-02
 8.10849e-02  5.97256e-02
 8.30549e-02  6.12621e-02
 8.07393e-02  6.21999e-02

 9.32082e-02  5.57561e-02
 8.65799e-02  6.55648e-02
 8.67563e-02  6.30727e-02
 8.88263e-02  6.44716e-02
 8.65799e-02  6.55648e-02

 9.91675e-02  5.49301e-02
 9.48579e-02  6.22741e-02
 9.48755e-02  5.97759e-02
 9.70303e-02  6.10403e-02
 9.48579e-02  6.22741e-02

 3.56402e-02  5.92645e-02
 4.30837e-02  5.51110e-02
 4.18030e-02  5.72561e-02
 4.05856e-02  5.50745e-02
 4.30837e-02  5.51110e-02

 4.30928e-02  5.99083e-02
 5.13995e-02  5.49146e-02
 5.01888e-02  5.71000e-02
 4.89016e-02  5.49588e-02
 5.13995e-02  5.49146e-02

 5.05455e-02  6.05521e-02
 5.82346e-02  5.52286e-02
 5.71667e-02  5.74873e-02
 5.57446e-02  5.54332e-02
 5.82346e-02  5.52286e-02

 5.79981e-02  6.11959e-02
 6.34775e-02  5.65480e-02
 6.26355e-02  5.89002e-02
 6.10194e-02  5.69950e-02
 6.34775e-02  5.65480e-02

 6.54508e-02  6.18396e-02
 6.72169e-02  5.95744e-02
 6.68717e-02  6.20488e-02
 6.49014e-02  6.05127e-02
 6.72169e-02  5.95744e-02

 7.29034e-02  6.24834e-02
 7.05324e-02  6.42755e-02
 7.15052e-02  6.19743e-02
 7.30116e-02  6.39674e-02
 7.05324e-02  6.42755e-02

 8.03561e-02  6.31272e-02
 7.44645e-02  6.93797e-02
 7.50391e-02  6.69484e-02
 7.68574e-02  6.86617e-02
 7.44645e-02  6.93797e-02

 8.78087e-02  6.37710e-02
 8.08739e-02  7.27117e-02
 8.12129e-02  7.02365e-02
 8.31870e-02  7.17677e-02
 8.08739e-02  7.27117e-02

 9.40686e-02  6.32195e-02
 8.94712e-02  6.97199e-02
 8.97007e-02  6.72322e-02
 9.17404e-02  6.86748e-02
 8.94712e-02  6.97199e-02

 3.54277e-02  6.55783e-02
 4.16838e-02  6.12297e-02
 4.06202e-02  6.34903e-02
 3.91942e-02  6.14389e-02
 4.16838e-02  6.12297e-02

 4.31463e-02  6.65328e-02
 4.87093e-02  6.21375e-02
 4.77861e-02  6.44590e-02
 4.62372e-02  6.24987e-02
 4.87093e-02  6.21375e-02

 5.08649e-02  6.74873e-02
 5.44445e-02  6.39834e-02
 5.37721e-02  6.63896e-02
 5.20245e-02  6.46042e-02
 5.44445e-02  6.39834e-02

 5.85835e-02  6.84418e-02
 5.90303e-02  6.69154e-02
 5.96213e-02  6.93428e-02
 5.72236e-02  6.86409e-02
 5.90303e-02  6.69154e-02

 6.63021e-02  6.93964e-02
 6.30485e-02  7.12533e-02
 6.43084e-02  6.90960e-02
 6.55468e-02  7.12657e-02
 6.30485e-02  7.12533e-02

 7.40207e-02  7.03509e-02
 6.75358e-02  7.58959e-02
 6.83684e-02  7.35404e-02
 6.99920e-02  7.54392e-02
 6.75358e-02  7.58959e-02

 8.17393e-02  7.13054e-02
 7.44589e-02  7.92496e-02
 7.49998e-02  7.68105e-02
 7.68417e-02  7.84984e-02
 7.44589e-02  7.92496e-02

 8.82827e-02  7.10484e-02
 8.34830e-02  7.67413e-02
 8.39226e-02  7.42819e-02
 8.58326e-02  7.58923e-02
 8.34830e-02  7.67413e-02

 3.52066e-02  7.18999e-02
 3.87140e-02  6.79041e-02
 3.82255e-02  7.03542e-02
 3.63479e-02  6.87061e-02
 3.87140e-02  6.79041e-02

 4.31738e-02  7.31807e-02
 4.50159e-02  7.00528e-02
 4.49944e-02  7.25510e-02
 4.28416e-02  7.12832e-02
 4.50159e-02  7.00528e-02

 5.11411e-02  7.44615e-02
 5.02433e-02  7.31604e-02
 5.25003e-02  7.42318e-02
 5.04440e-02  7.56507e-02
 5.02433e-02  7.31604e-02

 5.91083e-02  7.57423e-02
 5.50483e-02  7.72933e-02
 5.66237e-02  7.53543e-02
 5.75152e-02  7.76881e-02
 5.50483e-02  7.72933e-02

 6.70756e-02  7.70231e-02
 6.01392e-02  8.16895e-02
 6.12372e-02  7.94453e-02
 6.26317e-02  8.15182e-02
 6.01392e-02  8.16895e-02

 7.50428e-02  7.83039e-02
 6.76051e-02  8.51393e-02
 6.83529e-02  8.27555e-02
 7.00434e-02  8.45950e-02
 6.76051e-02  8.51393e-02

 8.18513e-02  7.83598e-02
 7.69856e-02  8.32255e-02
 7.76322e-02  8.08123e-02
 7.93988e-02  8.25789e-02
 7.69856e-02  8.32255e-02

 3.49763e-02  7.82287e-02
 3.54808e-02  7.51867e-02
 3.63592e-02  7.75256e-02
 3.38945e-02  7.71168e-02
 3.54808e-02  7.51867e-02

 4.31739e-02  7.98502e-02
 4.13384e-02  7.83595e-02
 4.38054e-02  7.87538e-02
 4.22303e-02  8.06931e-02
 4.13384e-02  7.83595e-02

 5.13715e-02  8.14718e-02
 4.67749e-02  8.25100e-02
 4.86101e-02  8.08149e-02
 4.91605e-02  8.32518e-02
 4.67749e-02  8.25100e-02

 5.95692e-02  8.30933e-02
 5.24871e-02  8.67274e-02
 5.38418e-02  8.46282e-02
 5.49824e-02  8.68510e-02
 5.24871e-02  8.67274e-02

 6.77668e-02  8.47149e-02
 6.04102e-02  9.03851e-02
 6.13613e-02  8.80749e-02
 6.28864e-02  9.00536e-02
 6.04102e-02  9.03851e-02

 7.48204e-02  8.51009e-02
 7.00721e-02  8.91045e-02
 7.09210e-02  8.67548e-02
 7.25314e-02  8.86648e-02
 7.00721e-02  8.91045e-02

 3.47364e-02  8.45641e-02
 3.23974e-02  8.26095e-02
 3.48586e-02  8.30384e-02
 3.32566e-02  8.49555e-02
 3.23974e-02  8.26095e-02

 4.31452e-02  8.65397e-02
 3.84049e-02  8.67714e-02
 4.05049e-02  8.54181e-02
 4.06269e-02  8.79135e-02
 3.84049e-02  8.67714e-02

 5.15540e-02  8.85153e-02
 4.46411e-02  9.10421e-02
 4.62444e-02  8.91261e-02
 4.71021e-02  9.14726e-02
 4.46411e-02  9.10421e-02

 5.99628e-02  9.04909e-02
 5.29402e-02  9.49544e-02
 5.40961e-02  9.27396e-02
 5.54363e-02  9.48480e-02
 5.29402e-02  9.49544e-02

 6.72406e-02  9.12228e-02
 6.27634e-02  9.43894e-02
 6.38085e-02  9.21202e-02
 6.52511e-02  9.41599e-02
 6.27634e-02  9.43894e-02

 3.44865e-02  9.09056e-02
 3.01914e-02  9.05220e-02
 3.24576e-02  8.94703e-02
 3.22353e-02  9.19587e-02
 3.01914e-02  9.05220e-02

 4.30864e-02  9.32473e-02
 3.67582e-02  9.47116e-02
 3.85845e-02  9.30068e-02
 3.91477e-02  9.54409e-02
 3.67582e-02  9.47116e-02

 5.16863e-02  9.55889e-02
 4.53011e-02  9.89759e-02
 4.66271e-02  9.68585e-02
 4.77978e-02  9.90655e-02
 4.53011e-02  9.89759e-02

 5.91663e-02  9.66810e-02
 5.51292e-02  9.90500e-02
 5.63630e-02  9.68776e-02
 5.76275e-02  9.90323e-02
 5.51292e-02  9.90500e-02

 3.42262e-02  9.72525e-02
 2.88211e-02  9.76800e-02
 3.08795e-02  9.62641e-02
 3.10765e-02  9.87547e-02
 2.88211e-02  9.76800e-02

 4.29965e-02  9.99709e-02
 3.73623e-02  1.02266e-01
 3.88947e-02  1.00293e-01
 3.98373e-02  1.02607e-01
 3.73623e-02  1.02266e-01

 5.06554e-02  1.01436e-01
 4.71830e-02  1.03095e-01
 4.85966e-02  1.01035e-01
 4.96737e-02  1.03289e-01
 4.71830e-02  1.03095e-01

 3.39552e-02  1.03604e-01
 2.95145e-02  1.05403e-01
 3.10509e-02  1.03433e-01
 3.19888e-02  1.05748e-01
 2.95145e-02  1.05403e-01

 4.17692e-02  1.05453e-01
 3.88989e-02  1.06536e-01
 4.04820e-02  1.04603e-01
 4.13642e-02  1.06941e-01
 3.88989e-02  1.06536e-01

 3.25715e-02  1.08703e-01
 3.06105e-02  1.09258e-01
 3.23519e-02  1.07466e-01
 3.30326e-02  1.09870e-01
 3.06105e-02  1.09258e-01

 2.67687e-02  1.08827e-01
 2.40483e-02  1.09474e-01
 2.58641e-02  1.07758e-01
 2.64422e-02  1.10189e-01
 2.40483e-02  1.09474e-01

 2.19798e-02  1.09951e-01
 1.99255e-02  1.10348e-01
 2.18126e-02  1.08711e-01
 2.22870e-02  1.11164e-01
 1.99255e-02  1.10348e-01

 1.71443e-02  1.10855e-01
 1.54543e-02  1.11108e-01
 1.74092e-02  1.09552e-01
 1.77790e-02  1.12023e-01
 1.54543e-02  1.11108e-01

 1.22723e-02  1.11537e-01
 1.12429e-02  1.11646e-01
 1.32620e-02  1.10175e-01
 1.35267e-02  1.12659e-01
 1.12429e-02  1.11646e-01

 7.37400e-03  1.11995e-01
 6.51346e-03  1.12050e-01
 8.59319e-03  1.10666e-01
 8.75218e-03  1.13159e-01
 6.51346e-03  1.12050e-01

 2.45980e-03  1.12229e-01
 2.45394e-03  1.12229e-01
 4.59055e-03  1.10934e-01
 4.64358e-03  1.13432e-01
 2.45394e-03  1.12229e-01

 2.71017e-02  1.02773e-01
 2.27506e-02  1.03408e-01
 2.47111e-02  1.01859e-01
 2.50720e-02  1.04332e-01
 2.27506e-02  1.03408e-01

 2.22792e-02  1.04089e-01
 1.88310e-02  1.04223e-01
 2.09445e-02  1.02891e-01
 2.10415e-02  1.05387e-01
 1.88310e-02  1.04223e-01

 1.73943e-02  1.05152e-01
 1.46272e-02  1.05106e-01
 1.68109e-02  1.03893e-01
 1.67701e-02  1.06391e-01
 1.46272e-02  1.05106e-01

 1.24603e-02  1.05957e-01
 1.07206e-02  1.05754e-01
 1.30146e-02  1.04764e-01
 1.27245e-02  1.07246e-01
 1.07206e-02  1.05754e-01

 7.49085e-03  1.06504e-01
 6.15262e-03  1.06330e-01
 8.45969e-03  1.05371e-01
 8.13639e-03  1.07848e-01
 6.15262e-03  1.06330e-01

 2.49946e-03  1.06791e-01
 2.49946e-03  1.06420e-01
 3.74862e-03  1.08584e-01
 1.25030e-03  1.08584e-01
 2.49946e-03  1.06420e-01

 2.74372e-02  9.67195e-02
 2.33272e-02  9.58177e-02
 2.57082e-02  9.50613e-02
 2.51728e-02  9.75016e-02
 2.33272e-02  9.58177e-02

 2.25847e-02  9.82294e-02
 1.91220e-02  9.68994e-02
 2.15896e-02  9.65091e-02
 2.06939e-02  9.88413e-02
 1.91220e-02  9.68994e-02

 1.76516e-02  9.94515e-02
 1.48597e-02  9.79096e-02
 1.73576e-02  9.78621e-02
 1.61498e-02  1.00049e-01
 1.48597e-02  9.79096e-02

 1.26550e-02  1.00382e-01
 1.08119e-02  9.87430e-02
 1.32589e-02  9.92471e-02
 1.15989e-02  1.01114e-01
 1.08119e-02  9.87430e-02

 7.61220e-03  1.01016e-01
 6.27427e-03  9.93258e-02
 8.59647e-03  1.00247e-01
 6.63740e-03  1.01798e-01
 6.27427e-03  9.93258e-02

 2.54072e-03  1.01354e-01
 2.54072e-03  9.96799e-02
 3.78988e-03  1.01844e-01
 1.29156e-03  1.01844e-01
 2.54072e-03  9.96799e-02

 2.77751e-02  9.06670e-02
 2.47076e-02  8.88681e-02
 2.72059e-02  8.88851e-02
 2.59421e-02  9.10401e-02
 2.47076e-02  8.88681e-02

 2.28962e-02  9.23719e-02
 2.02487e-02  9.01856e-02
 2.27124e-02  9.06001e-02
 2.11215e-02  9.25265e-02
 2.02487e-02  9.01856e-02

 1.79161e-02  9.37548e-02
 1.57281e-02  9.13649e-02
 1.81105e-02  9.21172e-02
 1.62678e-02  9.38042e-02
 1.57281e-02  9.13649e-02

 1.28562e-02  9.48095e-02
 1.13728e-02  9.24020e-02
 1.35713e-02  9.35888e-02
 1.14442e-02  9.48993e-02
 1.13728e-02  9.24020e-02

 7.73804e-03  9.55317e-02
 6.67708e-03  9.30583e-02
 8.67801e-03  9.45543e-02
 6.38200e-03  9.55391e-02
 6.67708e-03  9.30583e-02

 2.58357e-03  9.59181e-02
 2.58357e-03  9.36296e-02
 3.83273e-03  9.57932e-02
 1.33441e-03  9.57932e-02
 2.58357e-03  9.36296e-02

 2.81154e-02  8.46152e-02
 2.68652e-02  8.15452e-02
 2.88382e-02  8.30779e-02
 2.65244e-02  8.40202e-02
 2.68652e-02  8.15452e-02

 2.32138e-02  8.65167e-02
 2.19299e-02  8.32404e-02
 2.38823e-02  8.47991e-02
 2.15562e-02  8.57106e-02
 2.19299e-02  8.32404e-02

 1.81879e-02  8.80613e-02
 1.70268e-02  8.46639e-02
 1.89085e-02  8.63072e-02
 1.65445e-02  8.71152e-02
 1.70268e-02  8.46639e-02

 1.30640e-02  8.92412e-02
 1.21988e-02  8.59221e-02
 1.39533e-02  8.77007e-02
 1.15358e-02  8.83309e-02
 1.21988e-02  8.59221e-02

 7.86837e-03  9.00500e-02
 7.26035e-03  8.66365e-02
 8.86957e-03  8.85476e-02
 6.40996e-03  8.89857e-02
 7.26035e-03  8.66365e-02

 2.62800e-03  9.04836e-02
 2.62800e-03  8.74514e-02
 3.87716e-03  8.96150e-02
 1.37883e-03  8.96150e-02
 2.62800e-03  8.74514e-02

 2.84583e-02  7.85641e-02
 2.95018e-02  7.47966e-02
 3.01281e-02  7.72152e-02
 2.77204e-02  7.65483e-02
 2.95018e-02  7.47966e-02

 2.35375e-02  8.06635e-02
 2.40577e-02  7.68541e-02
 2.50026e-02  7.91668e-02
 2.25273e-02  7.88288e-02
 2.40577e-02  7.68541e-02

 1.84671e-02  8.23712e-02
 1.86818e-02  7.85085e-02
 1.98090e-02  8.07381e-02
 1.73145e-02  8.05995e-02
 1.86818e-02  7.85085e-02

 1.32784e-02  8.36765e-02
 1.32824e-02  7.99570e-02
 1.45292e-02  8.21220e-02
 1.20309e-02  8.21192e-02
 1.32824e-02  7.99570e-02

 8.00317e-03  8.45714e-02
 8.00708e-03  8.07338e-02
 9.25403e-03  8.28986e-02
 6.75571e-03  8.28961e-02
 8.00708e-03  8.07338e-02

 2.67399e-03  8.50504e-02
 2.67399e-03  8.17297e-02
 3.92316e-03  8.38933e-02
 1.42483e-03  8.38933e-02
 2.67399e-03  8.17297e-02

 2.88037e-02  7.25137e-02
 3.22879e-02  6.83335e-02
 3.18622e-02  7.07953e-02
 2.99431e-02  6.91958e-02
 3.22879e-02  6.83335e-02

 2.38674e-02  7.48125e-02
 2.63850e-02  7.07997e-02
 2.62933e-02  7.32964e-02
 2.41770e-02  7.19686e-02
 2.63850e-02  7.07997e-02

 1.87537e-02  7.66844e-02
 2.05294e-02  7.27380e-02
 2.07807e-02  7.52237e-02
 1.85024e-02  7.41985e-02
 2.05294e-02  7.27380e-02

 1.34994e-02  7.81157e-02
 1.45265e-02  7.43797e-02
 1.51574e-02  7.67970e-02
 1.27485e-02  7.61347e-02
 1.45265e-02  7.43797e-02

 8.14243e-03  7.90961e-02
 8.85563e-03  7.52522e-02
 9.68913e-03  7.76074e-02
 7.23273e-03  7.71516e-02
 8.85563e-03  7.52522e-02

 2.72155e-03  7.96185e-02
 2.72155e-03  7.63507e-02
 3.97072e-03  7.85143e-02
 1.47239e-03  7.85143e-02
 2.72155e-03  7.63507e-02

 2.91516e-02  6.64640e-02
 3.48443e-02  6.23136e-02
 3.38320e-02  6.45976e-02
 3.23601e-02  6.25788e-02
 3.48443e-02  6.23136e-02

 2.42036e-02  6.89636e-02
 2.86988e-02  6.51641e-02
 2.78527e-02  6.75148e-02
 2.62400e-02  6.56068e-02
 2.86988e-02  6.51641e-02

 1.90476e-02  7.10008e-02
 2.24549e-02  6.73423e-02
 2.18944e-02  6.97770e-02
 2.00662e-02  6.80743e-02
 2.24549e-02  6.73423e-02

 1.37270e-02  7.25587e-02
 1.58764e-02  6.91465e-02
 1.57801e-02  7.16429e-02
 1.36662e-02  7.03114e-02
 1.58764e-02  6.91465e-02

 8.28615e-03  7.36240e-02
 9.75427e-03  7.01399e-02
 1.00653e-02  7.26188e-02
 7.76298e-03  7.16487e-02
 9.75427e-03  7.01399e-02

 2.77066e-03  7.41880e-02
 2.77066e-03  7.12277e-02
 4.01982e-03  7.33913e-02
 1.52150e-03  7.33913e-02
 2.77066e-03  7.12277e-02

 2.95021e-02  6.04150e-02
 3.60125e-02  5.69301e-02
 3.46945e-02  5.90524e-02
 3.35155e-02  5.68498e-02
 3.60125e-02  5.69301e-02

 2.45460e-02  6.31167e-02
 3.01562e-02  6.02024e-02
 2.88121e-02  6.23083e-02
 2.76604e-02  6.00913e-02
 3.01562e-02  6.02024e-02

 1.93491e-02  6.53207e-02
 2.38251e-02  6.27129e-02
 2.25844e-02  6.48814e-02
 2.13268e-02  6.27228e-02
 2.38251e-02  6.27129e-02

 1.39613e-02  6.70056e-02
 1.69505e-02  6.47108e-02
 1.59950e-02  6.70191e-02
 1.44736e-02  6.50375e-02
 1.69505e-02  6.47108e-02

 8.43432e-03  6.81554e-02
 1.04822e-02  6.59078e-02
 9.94836e-03  6.83484e-02
 8.10167e-03  6.66658e-02
 1.04822e-02  6.59078e-02

 2.82131e-03  6.87588e-02
 2.82131e-03  6.68068e-02
 4.07047e-03  6.89704e-02
 1.57215e-03  6.89704e-02
 2.82131e-03  6.68068e-02

 2.98552e-02  5.43666e-02
 3.47284e-02  5.20962e-02
 3.32947e-02  5.41422e-02
 3.22397e-02  5.18776e-02
 3.47284e-02  5.20962e-02

 2.48948e-02  5.72719e-02
 2.96938e-02  5.55948e-02
 2.80634e-02  5.74878e-02
 2.72392e-02  5.51293e-02
 2.96938e-02  5.55948e-02

 1.96580e-02  5.96439e-02
 2.38307e-02  5.81421e-02
 2.22180e-02  6.00502e-02
 2.13720e-02  5.76994e-02
 2.38307e-02  5.81421e-02

 1.42022e-02  6.14566e-02
 1.71453e-02  6.01504e-02
 1.56744e-02  6.21698e-02
 1.46609e-02  5.98863e-02
 1.71453e-02  6.01504e-02

 8.58693e-03  6.26901e-02
 1.06556e-02  6.14551e-02
 9.43823e-03  6.36368e-02
 8.15758e-03  6.14916e-02
 1.06556e-02  6.14551e-02

 2.87349e-03  6.33311e-02
 2.87349e-03  6.20675e-02
 4.12265e-03  6.42311e-02
 1.62433e-03  6.42311e-02
 2.87349e-03  6.20675e-02

 3.02108e-02  4.83188e-02
 3.05215e-02  4.83930e-02
 2.81267e-02  4.91048e-02
 2.87077e-02  4.66750e-02
 3.05215e-02  4.83930e-02

 2.52499e-02  5.14291e-02
 2.63770e-02  5.19872e-02
 2.38838e-02  5.21465e-02
 2.49925e-02  4.99077e-02
 2.63770e-02  5.19872e-02

 1.99746e-02  5.39705e-02
 2.14036e-02  5.47028e-02
 1.89084e-02  5.48277e-02
 2.00479e-02  5.26044e-02
 2.14036e-02  5.47028e-02

 1.44499e-02  5.59116e-02
 1.57082e-02  5.67234e-02
 1.32129e-02  5.66001e-02
 1.45673e-02  5.45008e-02
 1.57082e-02  5.67234e-02

 8.74398e-03  5.72284e-02
 9.94455e-03  5.81017e-02
 7.46005e-03  5.78392e-02
 8.92966e-03  5.58188e-02
 9.94455e-03  5.81017e-02

 2.92720e-03  5.79048e-02
 2.92720e-03  5.83145e-02
 1.67803e-03  5.61509e-02
 4.17636e-03  5.61509e-02
 2.92720e-03  5.83145e-02

 3.05691e-02  4.22715e-02
 2.84639e-02  4.39208e-02
 2.93967e-02  4.16032e-02
 3.09375e-02  4.35698e-02
 2.84639e-02  4.39208e-02

 2.56115e-02  4.55882e-02
 2.37112e-02  4.67369e-02
 2.49166e-02  4.45486e-02
 2.62090e-02  4.66866e-02
 2.37112e-02  4.67369e-02

 2.02987e-02  4.83004e-02
 1.87152e-02  4.90131e-02
 2.01755e-02  4.69861e-02
 2.12009e-02  4.92643e-02
 1.87152e-02  4.90131e-02

 1.47043e-02  5.03707e-02
 1.36562e-02  5.06973e-02
 1.53502e-02  4.88610e-02
 1.60935e-02  5.12462e-02
 1.36562e-02  5.06973e-02

 8.90546e-03  5.17703e-02
 8.45366e-03  5.18531e-02
 1.03567e-02  5.02344e-02
 1.08070e-02  5.26918e-02
 8.45366e-03  5.18531e-02

 2.98242e-03  5.24799e-02
 2.96667e-03  5.24809e-02
 5.05092e-03  5.11034e-02
 5.20176e-03  5.35971e-02
 2.96667e-03  5.24809e-02

