#[ Fluid velocity 2D plot data file: flw.dat ]
 2.45980e-03 -1.12229e-01
 2.46182e-03 -1.12229e-01
 2.72181e-04 -1.11026e-01
 3.25207e-04 -1.13524e-01
 2.46182e-03 -1.12229e-01

 7.37400e-03 -1.11995e-01
 5.51183e-03 -1.12114e-01
 7.75055e-03 -1.13223e-01
 7.59156e-03 -1.10729e-01
 5.51183e-03 -1.12114e-01

 1.22723e-02 -1.11537e-01
 1.07389e-02 -1.11700e-01
 1.30227e-02 -1.12713e-01
 1.27580e-02 -1.10229e-01
 1.07389e-02 -1.11700e-01

 1.71443e-02 -1.10855e-01
 1.59165e-02 -1.11039e-01
 1.82412e-02 -1.11954e-01
 1.78714e-02 -1.09483e-01
 1.59165e-02 -1.11039e-01

 2.19798e-02 -1.09951e-01
 2.13947e-02 -1.10064e-01
 2.37562e-02 -1.10880e-01
 2.32818e-02 -1.08427e-01
 2.13947e-02 -1.10064e-01

 2.67687e-02 -1.08827e-01
 2.67244e-02 -1.08837e-01
 2.91183e-02 -1.09552e-01
 2.85403e-02 -1.07121e-01
 2.67244e-02 -1.08837e-01

 2.49946e-03 -1.06791e-01
 2.49946e-03 -1.04623e-01
 1.25030e-03 -1.06787e-01
 3.74862e-03 -1.06787e-01
 2.49946e-03 -1.04623e-01

 7.49085e-03 -1.06504e-01
 3.81256e-03 -1.05567e-01
 5.60092e-03 -1.07312e-01
 6.21755e-03 -1.04891e-01
 3.81256e-03 -1.05567e-01

 1.24603e-02 -1.05957e-01
 9.29347e-03 -1.07223e-01
 1.17662e-02 -1.07580e-01
 1.08389e-02 -1.05260e-01
 9.29347e-03 -1.07223e-01

 1.73943e-02 -1.05152e-01
 1.45105e-02 -1.07012e-01
 1.70058e-02 -1.06889e-01
 1.56512e-02 -1.04790e-01
 1.45105e-02 -1.07012e-01

 2.22792e-02 -1.04089e-01
 2.04338e-02 -1.06078e-01
 2.28211e-02 -1.05342e-01
 2.09895e-02 -1.03643e-01
 2.04338e-02 -1.06078e-01

 2.71017e-02 -1.02773e-01
 2.59446e-02 -1.04329e-01
 2.82379e-02 -1.03338e-01
 2.62329e-02 -1.01848e-01
 2.59446e-02 -1.04329e-01

 2.54072e-03 -1.01354e-01
 2.54072e-03 -9.70275e-02
 1.29156e-03 -9.91911e-02
 3.78988e-03 -9.91911e-02
 2.54072e-03 -9.70275e-02

 7.61220e-03 -1.01016e-01
 3.86121e-03 -9.88360e-02
 5.10394e-03 -1.01003e-01
 6.35953e-03 -9.88434e-02
 3.86121e-03 -9.88360e-02

 1.26550e-02 -1.00382e-01
 9.06589e-03 -1.02086e-01
 1.15562e-02 -1.02286e-01
 1.04844e-02 -1.00030e-01
 9.06589e-03 -1.02086e-01

 1.76516e-02 -9.94515e-02
 1.36518e-02 -1.02383e-01
 1.61353e-02 -1.02112e-01
 1.46584e-02 -1.00097e-01
 1.36518e-02 -1.02383e-01

 2.25847e-02 -9.82294e-02
 1.92007e-02 -1.01678e-01
 2.16076e-02 -1.01009e-01
 1.98243e-02 -9.92591e-02
 1.92007e-02 -1.01678e-01

 2.74372e-02 -9.67195e-02
 2.43592e-02 -9.98834e-02
 2.67633e-02 -9.92036e-02
 2.49725e-02 -9.74615e-02
 2.43592e-02 -9.98834e-02

 2.58357e-03 -9.59181e-02
 2.58357e-03 -8.97330e-02
 1.33441e-03 -9.18966e-02
 3.83273e-03 -9.18966e-02
 2.58357e-03 -8.97330e-02

 7.73804e-03 -9.55317e-02
 4.33382e-03 -9.20678e-02
 4.95943e-03 -9.44865e-02
 6.74131e-03 -9.27353e-02
 4.33382e-03 -9.20678e-02

 1.28562e-02 -9.48095e-02
 9.11195e-03 -9.62631e-02
 1.15810e-02 -9.66446e-02
 1.06768e-02 -9.43156e-02
 9.11195e-03 -9.62631e-02

 1.79161e-02 -9.37548e-02
 1.31431e-02 -9.70351e-02
 1.56337e-02 -9.68391e-02
 1.42187e-02 -9.47802e-02
 1.31431e-02 -9.70351e-02

 2.28962e-02 -9.23719e-02
 1.82313e-02 -9.66806e-02
 2.06682e-02 -9.61302e-02
 1.89731e-02 -9.42949e-02
 1.82313e-02 -9.66806e-02

 2.77751e-02 -9.06670e-02
 2.30008e-02 -9.50688e-02
 2.54382e-02 -9.45206e-02
 2.37447e-02 -9.26838e-02
 2.30008e-02 -9.50688e-02

 2.62800e-03 -9.04836e-02
 2.62800e-03 -8.24180e-02
 1.37883e-03 -8.45816e-02
 3.87716e-03 -8.45816e-02
 2.62800e-03 -8.24180e-02

 7.86837e-03 -9.00500e-02
 5.11821e-03 -8.49841e-02
 5.05267e-03 -8.74816e-02
 7.24831e-03 -8.62896e-02
 5.11821e-03 -8.49841e-02

 1.30640e-02 -8.92412e-02
 9.58231e-03 -8.96758e-02
 1.18840e-02 -9.06473e-02
 1.15745e-02 -8.81682e-02
 9.58231e-03 -8.96758e-02

 1.81879e-02 -8.80613e-02
 1.33604e-02 -9.08642e-02
 1.58588e-02 -9.08581e-02
 1.46043e-02 -8.86976e-02
 1.33604e-02 -9.08642e-02

 2.32138e-02 -8.65167e-02
 1.80812e-02 -9.08445e-02
 2.05405e-02 -9.04048e-02
 1.89300e-02 -8.84948e-02
 1.80812e-02 -9.08445e-02

 2.81154e-02 -8.46152e-02
 2.25692e-02 -8.94652e-02
 2.50202e-02 -8.89813e-02
 2.33756e-02 -8.71006e-02
 2.25692e-02 -8.94652e-02

 2.67399e-03 -8.50504e-02
 2.67399e-03 -7.60672e-02
 1.42483e-03 -7.82308e-02
 3.92316e-03 -7.82308e-02
 2.67399e-03 -7.60672e-02

 8.00317e-03 -8.45714e-02
 6.06669e-03 -7.84280e-02
 5.52577e-03 -8.08671e-02
 7.90852e-03 -8.01160e-02
 6.06669e-03 -7.84280e-02

 1.32784e-02 -8.36765e-02
 1.04053e-02 -8.30426e-02
 1.22489e-02 -8.47286e-02
 1.27872e-02 -8.22889e-02
 1.04053e-02 -8.30426e-02

 1.84671e-02 -8.23712e-02
 1.42442e-02 -8.43917e-02
 1.67351e-02 -8.45847e-02
 1.56568e-02 -8.23310e-02
 1.42442e-02 -8.43917e-02

 2.35375e-02 -8.06635e-02
 1.87792e-02 -8.44900e-02
 2.12481e-02 -8.41076e-02
 1.96825e-02 -8.21607e-02
 1.87792e-02 -8.44900e-02

 2.84583e-02 -7.85641e-02
 2.31341e-02 -8.32018e-02
 2.55861e-02 -8.27226e-02
 2.39451e-02 -8.08387e-02
 2.31341e-02 -8.32018e-02

 2.72155e-03 -7.96185e-02
 2.72155e-03 -6.95470e-02
 1.47239e-03 -7.17107e-02
 3.97072e-03 -7.17107e-02
 2.72155e-03 -6.95470e-02

 8.14243e-03 -7.90961e-02
 7.34044e-03 -7.16189e-02
 6.32914e-03 -7.39033e-02
 8.81322e-03 -7.36369e-02
 7.34044e-03 -7.16189e-02

 1.34994e-02 -7.81157e-02
 1.18150e-02 -7.59855e-02
 1.21771e-02 -7.84574e-02
 1.41368e-02 -7.69078e-02
 1.18150e-02 -7.59855e-02

 1.87537e-02 -7.66844e-02
 1.60128e-02 -7.73925e-02
 1.84201e-02 -7.80607e-02
 1.77951e-02 -7.56418e-02
 1.60128e-02 -7.73925e-02

 2.38674e-02 -7.48125e-02
 2.04957e-02 -7.74520e-02
 2.29694e-02 -7.71019e-02
 2.14294e-02 -7.51347e-02
 2.04957e-02 -7.74520e-02

 2.88037e-02 -7.25137e-02
 2.48356e-02 -7.61118e-02
 2.72775e-02 -7.55838e-02
 2.55993e-02 -7.37331e-02
 2.48356e-02 -7.61118e-02

 2.77066e-03 -7.41880e-02
 2.77066e-03 -6.46374e-02
 1.52150e-03 -6.68010e-02
 4.01982e-03 -6.68010e-02
 2.77066e-03 -6.46374e-02

 8.28615e-03 -7.36240e-02
 8.87973e-03 -6.60454e-02
 7.46544e-03 -6.81048e-02
 9.95613e-03 -6.82999e-02
 8.87973e-03 -6.60454e-02

 1.37270e-02 -7.25587e-02
 1.37157e-02 -6.96097e-02
 1.24748e-02 -7.17780e-02
 1.49731e-02 -7.17685e-02
 1.37157e-02 -6.96097e-02

 1.90476e-02 -7.10008e-02
 1.84485e-02 -7.05907e-02
 1.95283e-02 -7.28436e-02
 2.09395e-02 -7.07820e-02
 1.84485e-02 -7.05907e-02

 2.42036e-02 -6.89636e-02
 2.29874e-02 -7.01734e-02
 2.54023e-02 -6.95331e-02
 2.36404e-02 -6.77619e-02
 2.29874e-02 -7.01734e-02

 2.91516e-02 -6.64640e-02
 2.73814e-02 -6.84698e-02
 2.97496e-02 -6.76742e-02
 2.78765e-02 -6.60210e-02
 2.73814e-02 -6.84698e-02

 2.82131e-03 -6.87588e-02
 2.82131e-03 -5.93674e-02
 1.57215e-03 -6.15310e-02
 4.07047e-03 -6.15310e-02
 2.82131e-03 -5.93674e-02

 8.43432e-03 -6.81554e-02
 1.07813e-02 -6.03598e-02
 8.96141e-03 -6.20715e-02
 1.13537e-02 -6.27917e-02
 1.07813e-02 -6.03598e-02

 1.39613e-02 -6.70056e-02
 1.61603e-02 -6.29269e-02
 1.40340e-02 -6.42385e-02
 1.62331e-02 -6.54241e-02
 1.61603e-02 -6.29269e-02

 1.93491e-02 -6.53207e-02
 2.16113e-02 -6.33456e-02
 1.91600e-02 -6.38276e-02
 2.08030e-02 -6.57095e-02
 2.16113e-02 -6.33456e-02

 2.45460e-02 -6.31167e-02
 2.62221e-02 -6.23145e-02
 2.37312e-02 -6.21219e-02
 2.48098e-02 -6.43754e-02
 2.62221e-02 -6.23145e-02

 2.95021e-02 -6.04150e-02
 3.07617e-02 -6.01232e-02
 2.83719e-02 -5.93946e-02
 2.89359e-02 -6.18284e-02
 3.07617e-02 -6.01232e-02

 2.87349e-03 -6.33311e-02
 2.87349e-03 -5.66376e-02
 1.62433e-03 -5.88012e-02
 4.12265e-03 -5.88012e-02
 2.87349e-03 -5.66376e-02

 8.58693e-03 -6.26901e-02
 1.25942e-02 -5.67284e-02
 1.03505e-02 -5.78272e-02
 1.24240e-02 -5.92209e-02
 1.25942e-02 -5.67284e-02

 1.42022e-02 -6.14566e-02
 1.85446e-02 -5.77341e-02
 1.60889e-02 -5.81939e-02
 1.77149e-02 -6.00906e-02
 1.85446e-02 -5.77341e-02

 1.96580e-02 -5.96439e-02
 2.46532e-02 -5.68962e-02
 2.21554e-02 -5.68445e-02
 2.33595e-02 -5.90335e-02
 2.46532e-02 -5.68962e-02

 2.48948e-02 -5.72719e-02
 2.93088e-02 -5.47723e-02
 2.68106e-02 -5.47515e-02
 2.80416e-02 -5.69254e-02
 2.93088e-02 -5.47723e-02

 2.98552e-02 -5.43666e-02
 3.39867e-02 -5.17753e-02
 3.14900e-02 -5.18667e-02
 3.28175e-02 -5.39832e-02
 3.39867e-02 -5.17753e-02

 2.92720e-03 -5.79048e-02
 2.92720e-03 -5.25194e-02
 1.67803e-03 -5.46830e-02
 4.17636e-03 -5.46830e-02
 2.92720e-03 -5.25194e-02

 8.74398e-03 -5.72284e-02
 1.42950e-02 -5.25868e-02
 1.18339e-02 -5.30164e-02
 1.34365e-02 -5.49330e-02
 1.42950e-02 -5.25868e-02

 1.44499e-02 -5.59116e-02
 2.05391e-02 -5.19582e-02
 1.80441e-02 -5.20887e-02
 1.94046e-02 -5.41841e-02
 2.05391e-02 -5.19582e-02

 1.99746e-02 -5.39705e-02
 2.71850e-02 -5.01548e-02
 2.46884e-02 -5.00627e-02
 2.58569e-02 -5.22709e-02
 2.71850e-02 -5.01548e-02

 2.52499e-02 -5.14291e-02
 3.19032e-02 -4.70627e-02
 2.94089e-02 -4.72055e-02
 3.07797e-02 -4.92942e-02
 3.19032e-02 -4.70627e-02

 3.02108e-02 -4.83188e-02
 3.73041e-02 -4.36746e-02
 3.48097e-02 -4.38147e-02
 3.61782e-02 -4.59049e-02
 3.73041e-02 -4.36746e-02

 2.98242e-03 -5.24799e-02
 3.00542e-03 -5.24785e-02
 7.70334e-04 -5.13623e-02
 9.21179e-04 -5.38561e-02
 3.00542e-03 -5.24785e-02

 8.90546e-03 -5.17703e-02
 1.32620e-02 -5.09720e-02
 1.09087e-02 -5.01333e-02
 1.13590e-02 -5.25907e-02
 1.32620e-02 -5.09720e-02

 1.47043e-02 -5.03707e-02
 1.93981e-02 -4.89080e-02
 1.69609e-02 -4.83591e-02
 1.77041e-02 -5.07443e-02
 1.93981e-02 -4.89080e-02

 2.02987e-02 -4.83004e-02
 2.60354e-02 -4.57187e-02
 2.35497e-02 -4.54675e-02
 2.45750e-02 -4.77457e-02
 2.60354e-02 -4.57187e-02

 2.56115e-02 -4.55882e-02
 3.10081e-02 -4.23259e-02
 2.85103e-02 -4.23762e-02
 2.98027e-02 -4.45142e-02
 3.10081e-02 -4.23259e-02

 3.05691e-02 -4.22715e-02
 3.63947e-02 -3.77076e-02
 3.39212e-02 -3.80586e-02
 3.54619e-02 -4.00253e-02
 3.63947e-02 -3.77076e-02

 3.62105e-02 -4.03946e-02
 4.31541e-02 -3.22601e-02
 4.07993e-02 -3.30947e-02
 4.26995e-02 -3.47167e-02
 4.31541e-02 -3.22601e-02

 3.59826e-02 -4.67171e-02
 4.14879e-02 -4.24333e-02
 3.90132e-02 -4.27761e-02
 4.05474e-02 -4.47478e-02
 4.14879e-02 -4.24333e-02

 3.57546e-02 -5.30396e-02
 3.78605e-02 -5.13995e-02
 3.53860e-02 -5.17434e-02
 3.69211e-02 -5.37145e-02
 3.78605e-02 -5.13995e-02

 3.55267e-02 -5.93621e-02
 3.46049e-02 -6.08942e-02
 3.67907e-02 -5.96843e-02
 3.46499e-02 -5.83963e-02
 3.46049e-02 -6.08942e-02

 3.52987e-02 -6.56846e-02
 3.17306e-02 -6.93374e-02
 3.41360e-02 -6.86626e-02
 3.23489e-02 -6.69168e-02
 3.17306e-02 -6.93374e-02

 3.50707e-02 -7.20071e-02
 2.98900e-02 -7.70540e-02
 3.23114e-02 -7.64390e-02
 3.05681e-02 -7.46495e-02
 2.98900e-02 -7.70540e-02

 3.48428e-02 -7.83296e-02
 2.91026e-02 -8.37650e-02
 3.15326e-02 -8.31844e-02
 2.98148e-02 -8.13703e-02
 2.91026e-02 -8.37650e-02

 3.46148e-02 -8.46521e-02
 2.95293e-02 -8.95773e-02
 3.19525e-02 -8.89695e-02
 3.02144e-02 -8.71748e-02
 2.95293e-02 -8.95773e-02

 3.43869e-02 -9.09746e-02
 3.09692e-02 -9.46279e-02
 3.33595e-02 -9.39013e-02
 3.15351e-02 -9.21945e-02
 3.09692e-02 -9.46279e-02

 3.41589e-02 -9.72971e-02
 3.29294e-02 -9.92167e-02
 3.51483e-02 -9.80685e-02
 3.30445e-02 -9.67210e-02
 3.29294e-02 -9.92167e-02

 3.39310e-02 -1.03620e-01
 3.42427e-02 -1.04080e-01
 3.40647e-02 -1.01588e-01
 3.19956e-02 -1.02989e-01
 3.42427e-02 -1.04080e-01

 3.25715e-02 -1.08703e-01
 3.28128e-02 -1.08623e-01
 3.03669e-02 -1.08114e-01
 3.11490e-02 -1.10487e-01
 3.28128e-02 -1.08623e-01

 4.27359e-02 -4.02461e-02
 4.70293e-02 -3.40130e-02
 4.47732e-02 -3.50863e-02
 4.68307e-02 -3.65035e-02
 4.70293e-02 -3.40130e-02

 4.27526e-02 -4.68905e-02
 4.38495e-02 -4.53576e-02
 4.15746e-02 -4.63903e-02
 4.36063e-02 -4.78441e-02
 4.38495e-02 -4.53576e-02

 4.27694e-02 -5.35349e-02
 4.09851e-02 -5.53255e-02
 4.33972e-02 -5.46746e-02
 4.16274e-02 -5.29112e-02
 4.09851e-02 -5.53255e-02

 4.27862e-02 -6.01793e-02
 3.85393e-02 -6.46930e-02
 4.09316e-02 -6.39732e-02
 3.91121e-02 -6.22612e-02
 3.85393e-02 -6.46930e-02

 4.28029e-02 -6.68237e-02
 3.70897e-02 -7.27102e-02
 3.94930e-02 -7.20276e-02
 3.77002e-02 -7.02876e-02
 3.70897e-02 -7.27102e-02

 4.28197e-02 -7.34681e-02
 3.68277e-02 -7.96462e-02
 3.92307e-02 -7.89627e-02
 3.74373e-02 -7.72234e-02
 3.68277e-02 -7.96462e-02

 4.28364e-02 -8.01124e-02
 3.78243e-02 -8.54421e-02
 4.02165e-02 -8.47218e-02
 3.83965e-02 -8.30102e-02
 3.78243e-02 -8.54421e-02

 4.28532e-02 -8.67568e-02
 3.99047e-02 -9.03854e-02
 4.22386e-02 -8.94940e-02
 4.02997e-02 -8.79185e-02
 3.99047e-02 -9.03854e-02

 4.28699e-02 -9.34012e-02
 4.23840e-02 -9.49380e-02
 4.42273e-02 -9.32517e-02
 4.18453e-02 -9.24985e-02
 4.23840e-02 -9.49380e-02

 4.28867e-02 -1.00046e-01
 4.39740e-02 -1.00071e-01
 4.18403e-02 -9.87716e-02
 4.17817e-02 -1.01269e-01
 4.39740e-02 -1.00071e-01

 4.17449e-02 -1.05468e-01
 4.24244e-02 -1.05179e-01
 3.99442e-02 -1.04879e-01
 4.09246e-02 -1.07177e-01
 4.24244e-02 -1.05179e-01

 4.92708e-02 -4.00910e-02
 4.90157e-02 -3.86612e-02
 4.81659e-02 -4.10105e-02
 5.06254e-02 -4.05718e-02
 4.90157e-02 -3.86612e-02

 4.95512e-02 -4.70442e-02
 4.66817e-02 -4.97919e-02
 4.91083e-02 -4.91978e-02
 4.73805e-02 -4.73933e-02
 4.66817e-02 -4.97919e-02

 4.98317e-02 -5.39974e-02
 4.50104e-02 -5.93588e-02
 4.73860e-02 -5.85852e-02
 4.55283e-02 -5.69147e-02
 4.50104e-02 -5.93588e-02

 5.01122e-02 -6.09505e-02
 4.40630e-02 -6.78459e-02
 4.64289e-02 -6.70432e-02
 4.45508e-02 -6.53956e-02
 4.40630e-02 -6.78459e-02

 5.03927e-02 -6.79037e-02
 4.43247e-02 -7.48425e-02
 4.66893e-02 -7.40361e-02
 4.48087e-02 -7.23915e-02
 4.43247e-02 -7.48425e-02

 5.06731e-02 -7.48568e-02
 4.58831e-02 -8.06632e-02
 4.82235e-02 -7.97891e-02
 4.62964e-02 -7.81993e-02
 4.58831e-02 -8.06632e-02

 5.09536e-02 -8.18100e-02
 4.85580e-02 -8.54902e-02
 5.07853e-02 -8.43584e-02
 4.86914e-02 -8.29955e-02
 4.85580e-02 -8.54902e-02

 5.12341e-02 -8.87631e-02
 5.15269e-02 -8.99887e-02
 5.22391e-02 -8.75940e-02
 4.98092e-02 -8.81746e-02
 5.15269e-02 -8.99887e-02

 5.15146e-02 -9.57163e-02
 5.32855e-02 -9.52603e-02
 5.08788e-02 -9.45901e-02
 5.15017e-02 -9.70095e-02
 5.32855e-02 -9.52603e-02

 5.06129e-02 -1.01466e-01
 5.16074e-02 -1.00938e-01
 4.91107e-02 -1.00849e-01
 5.02825e-02 -1.03056e-01
 5.16074e-02 -1.00938e-01

 5.58147e-02 -3.99288e-02
 5.21040e-02 -4.41947e-02
 5.44664e-02 -4.33821e-02
 5.25815e-02 -4.17424e-02
 5.21040e-02 -4.41947e-02

 5.63771e-02 -4.71764e-02
 5.10034e-02 -5.39831e-02
 5.33246e-02 -5.30589e-02
 5.13637e-02 -5.15108e-02
 5.10034e-02 -5.39831e-02

 5.69395e-02 -5.44239e-02
 5.07276e-02 -6.23189e-02
 5.30472e-02 -6.13909e-02
 5.10838e-02 -5.98461e-02
 5.07276e-02 -6.23189e-02

 5.75018e-02 -6.16715e-02
 5.13869e-02 -6.93881e-02
 5.37097e-02 -6.84682e-02
 5.17517e-02 -6.69165e-02
 5.13869e-02 -6.93881e-02

 5.80642e-02 -6.89191e-02
 5.33824e-02 -7.50435e-02
 5.56888e-02 -7.40832e-02
 5.37040e-02 -7.25659e-02
 5.33824e-02 -7.50435e-02

 5.86266e-02 -7.61666e-02
 5.65230e-02 -7.97193e-02
 5.87002e-02 -7.84940e-02
 5.65505e-02 -7.72211e-02
 5.65230e-02 -7.97193e-02

 5.91890e-02 -8.34142e-02
 5.99641e-02 -8.41212e-02
 5.92073e-02 -8.17402e-02
 5.75237e-02 -8.35861e-02
 5.99641e-02 -8.41212e-02

 5.97513e-02 -9.06618e-02
 6.20571e-02 -8.96521e-02
 5.95741e-02 -8.93757e-02
 6.05762e-02 -9.16642e-02
 6.20571e-02 -8.96521e-02

 5.91113e-02 -9.67234e-02
 6.03657e-02 -9.59138e-02
 5.78705e-02 -9.60375e-02
 5.92252e-02 -9.81366e-02
 6.03657e-02 -9.59138e-02

 6.23673e-02 -3.97588e-02
 5.70939e-02 -4.84505e-02
 5.92841e-02 -4.72487e-02
 5.71482e-02 -4.59527e-02
 5.70939e-02 -4.84505e-02

 6.32289e-02 -4.72853e-02
 5.72256e-02 -5.66805e-02
 5.94432e-02 -5.55298e-02
 5.73380e-02 -5.41847e-02
 5.72256e-02 -5.66805e-02

 6.40904e-02 -5.48117e-02
 5.83058e-02 -6.34667e-02
 6.05466e-02 -6.23620e-02
 5.84695e-02 -6.09737e-02
 5.83058e-02 -6.34667e-02

 6.49519e-02 -6.23382e-02
 6.05331e-02 -6.89912e-02
 6.27708e-02 -6.78800e-02
 6.06896e-02 -6.64978e-02
 6.05331e-02 -6.89912e-02

 6.58135e-02 -6.98647e-02
 6.40218e-02 -7.33883e-02
 6.61159e-02 -7.20259e-02
 6.38889e-02 -7.08935e-02
 6.40218e-02 -7.33883e-02

 6.66750e-02 -7.73911e-02
 6.78118e-02 -7.76231e-02
 6.59416e-02 -7.59666e-02
 6.54422e-02 -7.84145e-02
 6.78118e-02 -7.76231e-02

 6.75366e-02 -8.49176e-02
 7.02095e-02 -8.32827e-02
 6.77120e-02 -8.33460e-02
 6.90156e-02 -8.54772e-02
 7.02095e-02 -8.32827e-02

 6.71786e-02 -9.12750e-02
 6.86331e-02 -9.01507e-02
 6.61574e-02 -9.04856e-02
 6.76853e-02 -9.24622e-02
 6.86331e-02 -9.01507e-02

 6.89281e-02 -3.95805e-02
 6.36156e-02 -5.06660e-02
 6.56771e-02 -4.92547e-02
 6.34242e-02 -4.81751e-02
 6.36156e-02 -5.06660e-02

 7.01050e-02 -4.73692e-02
 6.49637e-02 -5.72289e-02
 6.70717e-02 -5.58880e-02
 6.48565e-02 -5.47328e-02
 6.49637e-02 -5.72289e-02

 7.12820e-02 -5.51580e-02
 6.73886e-02 -6.24221e-02
 6.95117e-02 -6.11052e-02
 6.73097e-02 -5.99250e-02
 6.73886e-02 -6.24221e-02

 7.24590e-02 -6.29467e-02
 7.09857e-02 -6.65598e-02
 7.29593e-02 -6.50280e-02
 7.06460e-02 -6.40847e-02
 7.09857e-02 -6.65598e-02

 7.36360e-02 -7.07355e-02
 7.50325e-02 -7.05195e-02
 7.27034e-02 -6.96157e-02
 7.30853e-02 -7.20846e-02
 7.50325e-02 -7.05195e-02

 7.48130e-02 -7.85242e-02
 7.77365e-02 -7.62822e-02
 7.52595e-02 -7.66076e-02
 7.67798e-02 -7.85901e-02
 7.77365e-02 -7.62822e-02

 7.47565e-02 -8.51596e-02
 7.63245e-02 -8.37194e-02
 7.38860e-02 -8.42630e-02
 7.55760e-02 -8.61030e-02
 7.63245e-02 -8.37194e-02

 7.54964e-02 -3.93933e-02
 7.14736e-02 -5.03375e-02
 7.33925e-02 -4.87377e-02
 7.10476e-02 -4.78757e-02
 7.14736e-02 -5.03375e-02

 7.70041e-02 -4.74267e-02
 7.39528e-02 -5.53499e-02
 7.58961e-02 -5.37797e-02
 7.35647e-02 -5.28819e-02
 7.39528e-02 -5.53499e-02

 7.85117e-02 -5.54601e-02
 7.76059e-02 -5.92013e-02
 7.93291e-02 -5.73924e-02
 7.69009e-02 -5.68045e-02
 7.76059e-02 -5.92013e-02

 8.00193e-02 -6.34934e-02
 8.17010e-02 -6.29011e-02
 7.92453e-02 -6.24417e-02
 8.00753e-02 -6.47981e-02
 8.17010e-02 -6.29011e-02

 8.15270e-02 -7.15268e-02
 8.46776e-02 -6.86592e-02
 8.22367e-02 -6.91917e-02
 8.39184e-02 -7.10394e-02
 8.46776e-02 -6.86592e-02

 8.17899e-02 -7.84212e-02
 8.34119e-02 -7.66553e-02
 8.10283e-02 -7.74037e-02
 8.28683e-02 -7.90937e-02
 8.34119e-02 -7.66553e-02

 8.20718e-02 -3.91969e-02
 8.00035e-02 -4.73561e-02
 8.17460e-02 -4.55658e-02
 7.93243e-02 -4.49519e-02
 8.00035e-02 -4.73561e-02

 8.39242e-02 -4.74562e-02
 8.36273e-02 -5.10823e-02
 8.50488e-02 -4.90278e-02
 8.25588e-02 -4.88240e-02
 8.36273e-02 -5.10823e-02

 8.57766e-02 -5.57156e-02
 8.77926e-02 -5.46160e-02
 8.52950e-02 -5.45553e-02
 8.64913e-02 -5.67487e-02
 8.77926e-02 -5.46160e-02

 8.76290e-02 -6.39750e-02
 9.09782e-02 -6.04103e-02
 8.85863e-02 -6.11318e-02
 9.04071e-02 -6.28425e-02
 9.09782e-02 -6.04103e-02

 8.82279e-02 -7.11080e-02
 8.98876e-02 -6.89609e-02
 8.75761e-02 -6.99088e-02
 8.95527e-02 -7.14367e-02
 8.98876e-02 -6.89609e-02

 8.86536e-02 -3.89906e-02
 8.90807e-02 -4.20743e-02
 9.00212e-02 -3.97598e-02
 8.75465e-02 -4.01025e-02
 8.90807e-02 -4.20743e-02

 9.08637e-02 -4.74565e-02
 9.31528e-02 -4.55347e-02
 9.06925e-02 -4.59692e-02
 9.22989e-02 -4.78825e-02
 9.31528e-02 -4.55347e-02

 9.30737e-02 -5.59224e-02
 9.65913e-02 -5.15600e-02
 9.42608e-02 -5.24602e-02
 9.62056e-02 -5.40284e-02
 9.65913e-02 -5.15600e-02

 9.40239e-02 -6.32726e-02
 9.56941e-02 -6.06849e-02
 9.34713e-02 -6.18253e-02
 9.55704e-02 -6.31801e-02
 9.56941e-02 -6.06849e-02

 9.52413e-02 -3.87743e-02
 9.77026e-02 -3.58872e-02
 9.53483e-02 -3.67233e-02
 9.72495e-02 -3.83441e-02
 9.77026e-02 -3.58872e-02

 9.78206e-02 -4.74263e-02
 1.01261e-01 -4.21039e-02
 9.90374e-02 -4.32428e-02
 1.01136e-01 -4.45991e-02
 1.01261e-01 -4.21039e-02

 9.91357e-02 -5.49712e-02
 1.00750e-01 -5.19313e-02
 9.86322e-02 -5.32562e-02
 1.00839e-01 -5.44280e-02
 1.00750e-01 -5.19313e-02

 1.01834e-01 -3.85474e-02
 1.05148e-01 -3.24268e-02
 1.03020e-01 -3.37345e-02
 1.05217e-01 -3.49241e-02
 1.05148e-01 -3.24268e-02

 1.03526e-01 -4.62635e-02
 1.05072e-01 -4.26412e-02
 1.03074e-01 -4.41410e-02
 1.05372e-01 -4.51215e-02
 1.05072e-01 -4.26412e-02

 1.07163e-01 -3.72121e-02
 1.08347e-01 -3.36202e-02
 1.06484e-01 -3.52840e-02
 1.08856e-01 -3.60661e-02
 1.08347e-01 -3.36202e-02

 1.07478e-01 -3.14796e-02
 1.08968e-01 -2.62156e-02
 1.07177e-01 -2.79570e-02
 1.09581e-01 -2.86377e-02
 1.08968e-01 -2.62156e-02

 1.08809e-01 -2.67494e-02
 1.10147e-01 -2.11257e-02
 1.08431e-01 -2.29415e-02
 1.10862e-01 -2.35196e-02
 1.10147e-01 -2.11257e-02

 1.09924e-01 -2.19630e-02
 1.11034e-01 -1.62196e-02
 1.09397e-01 -1.81066e-02
 1.11850e-01 -1.85810e-02
 1.11034e-01 -1.62196e-02

 1.10818e-01 -1.71304e-02
 1.11689e-01 -1.13100e-02
 1.10133e-01 -1.32649e-02
 1.12604e-01 -1.36347e-02
 1.11689e-01 -1.13100e-02

 1.11490e-01 -1.22618e-02
 1.12109e-01 -6.45193e-03
 1.10638e-01 -8.47104e-03
 1.13122e-01 -8.73569e-03
 1.12109e-01 -6.45193e-03

 1.11939e-01 -7.36740e-03
 1.12305e-01 -1.62949e-03
 1.10921e-01 -3.70922e-03
 1.13414e-01 -3.86822e-03
 1.12305e-01 -1.62949e-03

 1.12164e-01 -2.45752e-03
 1.12283e-01  3.15871e-03
 1.10988e-01  1.02210e-03
 1.13486e-01  9.69074e-04
 1.12283e-01  3.15871e-03

 1.12164e-01  2.45752e-03
 1.12049e-01  7.88813e-03
 1.10846e-01  5.69849e-03
 1.13344e-01  5.75152e-03
 1.12049e-01  7.88813e-03

 1.11939e-01  7.36740e-03
 1.11607e-01  1.25851e-02
 1.10498e-01  1.03464e-02
 1.12991e-01  1.05054e-02
 1.11607e-01  1.25851e-02

 1.11490e-01  1.22618e-02
 1.10965e-01  1.71897e-02
 1.09952e-01  1.49060e-02
 1.12437e-01  1.51706e-02
 1.10965e-01  1.71897e-02

 1.10818e-01  1.71304e-02
 1.10121e-01  2.17835e-02
 1.09206e-01  1.94588e-02
 1.11677e-01  1.98287e-02
 1.10121e-01  2.17835e-02

 1.09924e-01  2.19630e-02
 1.09102e-01  2.62094e-02
 1.08287e-01  2.38479e-02
 1.10740e-01  2.43223e-02
 1.09102e-01  2.62094e-02

 1.08809e-01  2.67494e-02
 1.07865e-01  3.07187e-02
 1.07151e-01  2.83248e-02
 1.09581e-01  2.89029e-02
 1.07865e-01  3.07187e-02

 1.07478e-01  3.14796e-02
 1.06528e-01  3.48341e-02
 1.05915e-01  3.24120e-02
 1.08319e-01  3.30926e-02
 1.06528e-01  3.48341e-02

 1.01186e-01 -3.17882e-02
 1.03934e-01 -2.53980e-02
 1.01932e-01 -2.68920e-02
 1.04227e-01 -2.78791e-02
 1.03934e-01 -2.53980e-02

 1.02724e-01 -2.70467e-02
 1.04980e-01 -2.01788e-02
 1.03118e-01 -2.18443e-02
 1.05492e-01 -2.26242e-02
 1.04980e-01 -2.01788e-02

 1.04012e-01 -2.22310e-02
 1.05754e-01 -1.50158e-02
 1.04032e-01 -1.68257e-02
 1.06461e-01 -1.74122e-02
 1.05754e-01 -1.50158e-02

 1.05047e-01 -1.73543e-02
 1.06289e-01 -9.92578e-03
 1.04700e-01 -1.18537e-02
 1.07164e-01 -1.22658e-02
 1.06289e-01 -9.92578e-03

 1.05825e-01 -1.24300e-02
 1.06567e-01 -4.92732e-03
 1.05111e-01 -6.95753e-03
 1.07597e-01 -7.20334e-03
 1.06567e-01 -4.92732e-03

 1.06345e-01 -7.47169e-03
 1.06599e-01 -2.59279e-05
 1.05277e-01 -2.14586e-03
 1.07773e-01 -2.23073e-03
 1.06599e-01 -2.59279e-05

 1.06606e-01 -2.49284e-03
 1.06387e-01  4.78578e-03
 1.05203e-01  2.58553e-03
 1.07700e-01  2.66076e-03
 1.06387e-01  4.78578e-03

 1.06606e-01  2.49284e-03
 1.05944e-01  9.46966e-03
 1.04905e-01  7.19772e-03
 1.07392e-01  7.43373e-03
 1.05944e-01  9.46966e-03

 1.06345e-01  7.47169e-03
 1.05276e-01  1.40635e-02
 1.04389e-01  1.17278e-02
 1.06856e-01  1.21279e-02
 1.05276e-01  1.40635e-02

 1.05825e-01  1.24300e-02
 1.04404e-01  1.84957e-02
 1.03682e-01  1.61042e-02
 1.06114e-01  1.66740e-02
 1.04404e-01  1.84957e-02

 1.05047e-01  1.73543e-02
 1.03323e-01  2.28534e-02
 1.02778e-01  2.04152e-02
 1.05162e-01  2.11624e-02
 1.03323e-01  2.28534e-02

 1.04012e-01  2.22310e-02
 1.02075e-01  2.70110e-02
 1.01730e-01  2.45367e-02
 1.04045e-01  2.54747e-02
 1.02075e-01  2.70110e-02

 1.02724e-01  2.70467e-02
 1.00605e-01  3.11179e-02
 1.00496e-01  2.86220e-02
 1.02712e-01  2.97753e-02
 1.00605e-01  3.11179e-02

 1.01186e-01  3.17882e-02
 9.89764e-02  3.50310e-02
 9.91622e-02  3.25396e-02
 1.01227e-01  3.39462e-02
 9.89764e-02  3.50310e-02

 9.48956e-02 -3.21001e-02
 9.62492e-02 -3.13232e-02
 9.37509e-02 -3.13169e-02
 9.49945e-02 -3.34837e-02
 9.62492e-02 -3.13232e-02

 9.66440e-02 -2.73523e-02
 9.77668e-02 -2.60098e-02
 9.54205e-02 -2.68682e-02
 9.73370e-02 -2.84709e-02
 9.77668e-02 -2.60098e-02

 9.81104e-02 -2.25097e-02
 9.89450e-02 -2.06343e-02
 9.69241e-02 -2.21031e-02
 9.92066e-02 -2.31189e-02
 9.89450e-02 -2.06343e-02

 9.92898e-02 -1.75890e-02
 9.98114e-02 -1.52564e-02
 9.81202e-02 -1.70953e-02
 1.00558e-01 -1.76404e-02
 9.98114e-02 -1.52564e-02

 1.00178e-01 -1.26073e-02
 1.00358e-01 -9.93862e-03
 9.89659e-02 -1.20134e-02
 1.01459e-01 -1.21813e-02
 1.00358e-01 -9.93862e-03

 1.00772e-01 -7.58193e-03
 1.00591e-01 -4.71560e-03
 9.94805e-02 -6.95344e-03
 1.01974e-01 -6.79644e-03
 1.00591e-01 -4.71560e-03

 1.01069e-01 -2.53024e-03
 1.00517e-01  3.97052e-04
 9.96905e-02 -1.96050e-03
 1.02146e-01 -1.49775e-03
 1.00517e-01  3.97052e-04

 1.01069e-01  2.53024e-03
 1.00157e-01  5.35534e-03
 9.96329e-02  2.91253e-03
 1.02010e-01  3.68037e-03
 1.00157e-01  5.35534e-03

 1.00772e-01  7.58193e-03
 9.95187e-02  1.01774e-02
 9.93344e-02  7.68593e-03
 1.01584e-01  8.77202e-03
 9.95187e-02  1.01774e-02

 1.00178e-01  1.26073e-02
 9.86381e-02  1.48011e-02
 9.88586e-02  1.23126e-02
 1.00904e-01  1.37478e-02
 9.86381e-02  1.48011e-02

 9.92898e-02  1.75890e-02
 9.75143e-02  1.92908e-02
 9.82119e-02  1.68918e-02
 9.99407e-02  1.86954e-02
 9.75143e-02  1.92908e-02

 9.81104e-02  2.25097e-02
 9.61968e-02  2.35445e-02
 9.75058e-02  2.14166e-02
 9.86942e-02  2.36142e-02
 9.61968e-02  2.35445e-02

 9.66440e-02  2.73523e-02
 9.46573e-02  2.77016e-02
 9.65720e-02  2.60967e-02
 9.70046e-02  2.85573e-02
 9.46573e-02  2.77016e-02

 9.48956e-02  3.21001e-02
 9.29661e-02  3.16071e-02
 9.53717e-02  3.09325e-02
 9.47531e-02  3.33530e-02
 9.29661e-02  3.16071e-02

 8.86078e-02 -3.24155e-02
 8.81386e-02 -3.78436e-02
 8.95695e-02 -3.57956e-02
 8.70804e-02 -3.55805e-02
 8.81386e-02 -3.78436e-02

 9.05712e-02 -2.76667e-02
 9.02330e-02 -3.27161e-02
 9.16240e-02 -3.06408e-02
 8.91312e-02 -3.04739e-02
 9.02330e-02 -3.27161e-02

 9.22203e-02 -2.27996e-02
 9.19413e-02 -2.73941e-02
 9.33193e-02 -2.53102e-02
 9.08256e-02 -2.51587e-02
 9.19413e-02 -2.73941e-02

 9.35483e-02 -1.78350e-02
 9.32577e-02 -2.19580e-02
 9.46559e-02 -1.98875e-02
 9.21637e-02 -1.97119e-02
 9.32577e-02 -2.19580e-02

 9.45492e-02 -1.27941e-02
 9.41861e-02 -1.64821e-02
 9.56412e-02 -1.44513e-02
 9.31549e-02 -1.42065e-02
 9.41861e-02 -1.64821e-02

 9.52189e-02 -7.69840e-03
 9.47290e-02 -1.10324e-02
 9.62794e-02 -9.07343e-03
 9.38077e-02 -8.71017e-03
 9.47290e-02 -1.10324e-02

 9.55545e-02 -2.56980e-03
 9.48946e-02 -5.65073e-03
 9.65692e-02 -3.79674e-03
 9.41263e-02 -3.27348e-03
 9.48946e-02 -5.65073e-03

 9.55545e-02  2.56980e-03
 9.47049e-02 -3.93464e-04
 9.65020e-02  1.34209e-03
 9.41005e-02  2.03063e-03
 9.47049e-02 -3.93464e-04

 9.52189e-02  7.69840e-03
 9.41733e-02  4.72665e-03
 9.60698e-02  6.35299e-03
 9.37131e-02  7.18222e-03
 9.41733e-02  4.72665e-03

 9.45492e-02  1.27941e-02
 9.33400e-02  9.65668e-03
 9.52837e-02  1.12263e-02
 9.29525e-02  1.21248e-02
 9.33400e-02  9.65668e-03

 9.35483e-02  1.78350e-02
 9.22101e-02  1.44188e-02
 9.41623e-02  1.59777e-02
 9.18361e-02  1.68890e-02
 9.22101e-02  1.44188e-02

 9.22203e-02  2.27996e-02
 9.08381e-02  1.89562e-02
 9.27458e-02  2.05694e-02
 9.03948e-02  2.14149e-02
 9.08381e-02  1.89562e-02

 9.05712e-02  2.76667e-02
 8.92108e-02  2.33439e-02
 9.10518e-02  2.50327e-02
 8.86687e-02  2.57827e-02
 8.92108e-02  2.33439e-02

 8.86078e-02  3.24155e-02
 8.73984e-02  2.75340e-02
 8.91312e-02  2.93337e-02
 8.67062e-02  2.99346e-02
 8.73984e-02  2.75340e-02

 8.23223e-02 -3.27344e-02
 7.98287e-02 -4.28384e-02
 8.15599e-02 -4.10371e-02
 7.91343e-02 -4.04385e-02
 7.98287e-02 -4.28384e-02

 8.45051e-02 -2.79902e-02
 8.25179e-02 -3.80485e-02
 8.41627e-02 -3.61680e-02
 8.17118e-02 -3.56838e-02
 8.25179e-02 -3.80485e-02

 8.63418e-02 -2.31013e-02
 8.47996e-02 -3.29806e-02
 8.63675e-02 -3.10356e-02
 8.38991e-02 -3.06502e-02
 8.47996e-02 -3.29806e-02

 8.78227e-02 -1.80928e-02
 8.66341e-02 -2.76771e-02
 8.81400e-02 -2.56837e-02
 8.56607e-02 -2.53762e-02
 8.66341e-02 -2.76771e-02

 8.89402e-02 -1.29907e-02
 8.80256e-02 -2.22203e-02
 8.94820e-02 -2.01904e-02
 8.69959e-02 -1.99440e-02
 8.80256e-02 -2.22203e-02

 8.96884e-02 -7.82140e-03
 8.89627e-02 -1.66875e-02
 9.03842e-02 -1.46330e-02
 8.78942e-02 -1.44292e-02
 8.89627e-02 -1.66875e-02

 9.00635e-02 -2.61164e-03
 8.94522e-02 -1.11414e-02
 9.08528e-02 -9.07263e-03
 8.83609e-02 -8.89405e-03
 8.94522e-02 -1.11414e-02

 9.00635e-02  2.61164e-03
 8.95091e-02 -5.65482e-03
 9.09003e-02 -3.57963e-03
 8.84075e-02 -3.41248e-03
 8.95091e-02 -5.65482e-03

 8.96884e-02  7.82140e-03
 8.91499e-02 -2.67678e-04
 9.05400e-02  1.80819e-03
 8.80472e-02  1.97413e-03
 8.91499e-02 -2.67678e-04

 8.89402e-02  1.29907e-02
 8.84163e-02  4.96332e-03
 8.98037e-02  7.04099e-03
 8.73107e-02  7.20370e-03
 8.84163e-02  4.96332e-03

 8.78227e-02  1.80928e-02
 8.73210e-02  1.00324e-02
 8.87022e-02  1.21143e-02
 8.62087e-02  1.22695e-02
 8.73210e-02  1.00324e-02

 8.63418e-02  2.31013e-02
 8.59329e-02  1.49023e-02
 8.72883e-02  1.70010e-02
 8.47931e-02  1.71254e-02
 8.59329e-02  1.49023e-02

 8.45051e-02  2.79902e-02
 8.42536e-02  1.96443e-02
 8.55674e-02  2.17693e-02
 8.30702e-02  2.18446e-02
 8.42536e-02  1.96443e-02

 8.23223e-02  3.27344e-02
 8.23692e-02  2.42126e-02
 8.36064e-02  2.63831e-02
 8.11081e-02  2.63693e-02
 8.23692e-02  2.42126e-02

 7.60390e-02 -3.30570e-02
 7.21111e-02 -4.53885e-02
 7.39580e-02 -4.37061e-02
 7.15775e-02 -4.29478e-02
 7.21111e-02 -4.53885e-02

 7.84461e-02 -2.83232e-02
 7.52408e-02 -4.11206e-02
 7.69782e-02 -3.93253e-02
 7.45547e-02 -3.87183e-02
 7.52408e-02 -4.11206e-02

 8.04752e-02 -2.34151e-02
 7.79966e-02 -3.64973e-02
 7.96267e-02 -3.46040e-02
 7.71721e-02 -3.41390e-02
 7.79966e-02 -3.64973e-02

 8.21138e-02 -1.83629e-02
 8.02805e-02 -3.15036e-02
 8.18166e-02 -2.95333e-02
 7.93423e-02 -2.91881e-02
 8.02805e-02 -3.15036e-02

 8.33516e-02 -1.31977e-02
 8.20888e-02 -2.62357e-02
 8.35408e-02 -2.42026e-02
 8.10541e-02 -2.39617e-02
 8.20888e-02 -2.62357e-02

 8.41811e-02 -7.95123e-03
 8.33866e-02 -2.07656e-02
 8.47672e-02 -1.86835e-02
 8.22737e-02 -1.85289e-02
 8.33866e-02 -2.07656e-02

 8.45971e-02 -2.65586e-03
 8.41712e-02 -1.51732e-02
 8.54932e-02 -1.30533e-02
 8.29963e-02 -1.29684e-02
 8.41712e-02 -1.51732e-02

 8.45971e-02  2.65586e-03
 8.44451e-02 -9.54571e-03
 8.57211e-02 -7.39783e-03
 8.32230e-02 -7.36670e-03
 8.44451e-02 -9.54571e-03

 8.41811e-02  7.95123e-03
 8.42252e-02 -3.94454e-03
 8.54663e-02 -1.77632e-03
 8.29680e-02 -1.78557e-03
 8.42252e-02 -3.94454e-03

 8.33516e-02  1.31977e-02
 8.35513e-02  1.56996e-03
 8.47632e-02  3.75471e-03
 8.22652e-02  3.71180e-03
 8.35513e-02  1.56996e-03

 8.21138e-02  1.83629e-02
 8.24494e-02  6.97076e-03
 8.36343e-02  9.17022e-03
 8.11370e-02  9.09666e-03
 8.24494e-02  6.97076e-03

 8.04752e-02  2.34151e-02
 8.10021e-02  1.22491e-02
 8.21479e-02  1.44691e-02
 7.96524e-02  1.43514e-02
 8.10021e-02  1.22491e-02

 7.84461e-02  2.83232e-02
 7.92205e-02  1.74520e-02
 8.03127e-02  1.96989e-02
 7.78207e-02  1.95214e-02
 7.92205e-02  1.74520e-02

 7.60390e-02  3.30570e-02
 7.71859e-02  2.25570e-02
 7.81927e-02  2.48435e-02
 7.57092e-02  2.45722e-02
 7.71859e-02  2.25570e-02

 6.97580e-02 -3.33835e-02
 6.48587e-02 -4.51816e-02
 6.68421e-02 -4.36624e-02
 6.45348e-02 -4.27043e-02
 6.48587e-02 -4.51816e-02

 7.23943e-02 -2.86660e-02
 6.82669e-02 -4.14402e-02
 7.01207e-02 -3.97655e-02
 6.77434e-02 -3.89974e-02
 6.82669e-02 -4.14402e-02

 7.46212e-02 -2.37417e-02
 7.13396e-02 -3.73401e-02
 7.30615e-02 -3.55299e-02
 7.06329e-02 -3.49438e-02
 7.13396e-02 -3.73401e-02

 7.64223e-02 -1.86459e-02
 7.39914e-02 -3.27759e-02
 7.55893e-02 -3.08554e-02
 7.31271e-02 -3.04318e-02
 7.39914e-02 -3.27759e-02

 7.77847e-02 -1.34155e-02
 7.61622e-02 -2.78431e-02
 7.76454e-02 -2.58326e-02
 7.51627e-02 -2.55534e-02
 7.61622e-02 -2.78431e-02

 7.86984e-02 -8.08825e-03
 7.78025e-02 -2.25858e-02
 7.91828e-02 -2.05033e-02
 7.66892e-02 -2.03492e-02
 7.78025e-02 -2.25858e-02

 7.91570e-02 -2.70259e-03
 7.88818e-02 -1.70789e-02
 8.01722e-02 -1.49396e-02
 7.76743e-02 -1.48918e-02
 7.88818e-02 -1.70789e-02

 7.91570e-02  2.70259e-03
 7.93811e-02 -1.14122e-02
 8.05958e-02 -9.22902e-03
 7.80978e-02 -9.26870e-03
 7.93811e-02 -1.14122e-02

 7.86984e-02  8.08825e-03
 7.93106e-02 -5.65479e-03
 8.04622e-02 -3.43773e-03
 7.79664e-02 -3.54891e-03
 7.93106e-02 -5.65479e-03

 7.77847e-02  1.34155e-02
 7.87055e-02  1.26416e-04
 7.98021e-02  2.37120e-03
 7.73097e-02  2.19851e-03
 7.87055e-02  1.26416e-04

 7.64223e-02  1.86459e-02
 7.75922e-02  5.88571e-03
 7.86386e-02  8.15434e-03
 7.61507e-02  7.92623e-03
 7.75922e-02  5.88571e-03

 7.46212e-02  2.37417e-02
 7.60850e-02  1.16181e-02
 7.70658e-02  1.39158e-02
 7.45855e-02  1.36163e-02
 7.60850e-02  1.16181e-02

 7.23943e-02  2.86660e-02
 7.41410e-02  1.73309e-02
 7.50461e-02  1.96595e-02
 7.25769e-02  1.92790e-02
 7.41410e-02  1.73309e-02

 6.97580e-02  3.33835e-02
 7.18997e-02  2.29745e-02
 7.26872e-02  2.53454e-02
 7.02401e-02  2.48419e-02
 7.18997e-02  2.29745e-02

 6.34793e-02 -3.37140e-02
 5.90230e-02 -4.22677e-02
 6.11305e-02 -4.09260e-02
 5.89148e-02 -3.97717e-02
 5.90230e-02 -4.22677e-02

 6.63500e-02 -2.90192e-02
 6.24634e-02 -3.89081e-02
 6.44174e-02 -3.73514e-02
 6.20922e-02 -3.64375e-02
 6.24634e-02 -3.89081e-02

 6.87800e-02 -2.40817e-02
 6.56281e-02 -3.52022e-02
 6.74200e-02 -3.34612e-02
 6.50163e-02 -3.27799e-02
 6.56281e-02 -3.52022e-02

 7.07490e-02 -1.89425e-02
 6.83922e-02 -3.10361e-02
 7.00322e-02 -2.91514e-02
 6.75800e-02 -2.86735e-02
 6.83922e-02 -3.10361e-02

 7.22404e-02 -1.36448e-02
 7.06896e-02 -2.64549e-02
 7.21898e-02 -2.44571e-02
 6.97095e-02 -2.41569e-02
 7.06896e-02 -2.64549e-02

 7.32416e-02 -8.23282e-03
 7.24565e-02 -2.14689e-02
 7.38316e-02 -1.93831e-02
 7.13376e-02 -1.92352e-02
 7.24565e-02 -2.14689e-02

 7.37443e-02 -2.75195e-03
 7.36428e-02 -1.61282e-02
 7.49083e-02 -1.39742e-02
 7.24101e-02 -1.39552e-02
 7.36428e-02 -1.61282e-02

 7.37443e-02  2.75195e-03
 7.42008e-02 -1.05004e-02
 7.53748e-02 -8.29508e-03
 7.28779e-02 -8.38109e-03
 7.42008e-02 -1.05004e-02

 7.32416e-02  8.23282e-03
 7.41302e-02 -4.65529e-03
 7.52276e-02 -2.41088e-03
 7.27352e-02 -2.58272e-03
 7.41302e-02 -4.65529e-03

 7.22404e-02  1.36448e-02
 7.34383e-02  1.34926e-03
 7.44718e-02  3.62381e-03
 7.19852e-02  3.38155e-03
 7.34383e-02  1.34926e-03

 7.07490e-02  1.89425e-02
 7.21708e-02  7.42097e-03
 7.31456e-02  9.72128e-03
 7.06661e-02  9.41529e-03
 7.21708e-02  7.42097e-03

 6.87800e-02  2.40817e-02
 7.04188e-02  1.35927e-02
 7.13190e-02  1.59232e-02
 6.88506e-02  1.55375e-02
 7.04188e-02  1.35927e-02

 6.63500e-02  2.90192e-02
 6.81676e-02  1.97312e-02
 6.89780e-02  2.20945e-02
 6.65262e-02  2.16147e-02
 6.81676e-02  1.97312e-02

 6.34793e-02  3.37140e-02
 6.55228e-02  2.58892e-02
 6.61847e-02  2.82983e-02
 6.37675e-02  2.76670e-02
 6.55228e-02  2.58892e-02

 5.72030e-02 -3.40487e-02
 5.43627e-02 -3.70771e-02
 5.67539e-02 -3.63535e-02
 5.49317e-02 -3.46445e-02
 5.43627e-02 -3.70771e-02

 6.03133e-02 -2.93833e-02
 5.76629e-02 -3.36102e-02
 5.98706e-02 -3.24408e-02
 5.77540e-02 -3.11135e-02
 5.76629e-02 -3.36102e-02

 6.29524e-02 -2.44357e-02
 6.06337e-02 -2.98063e-02
 6.26381e-02 -2.83151e-02
 6.03444e-02 -2.73248e-02
 6.06337e-02 -2.98063e-02

 6.50948e-02 -1.92533e-02
 6.32737e-02 -2.56393e-02
 6.50683e-02 -2.39012e-02
 6.26658e-02 -2.32161e-02
 6.32737e-02 -2.56393e-02

 6.67199e-02 -1.38860e-02
 6.54623e-02 -2.11472e-02
 6.70624e-02 -1.92285e-02
 6.46007e-02 -1.88021e-02
 6.54623e-02 -2.11472e-02

 6.78121e-02 -8.38535e-03
 6.71441e-02 -1.63108e-02
 6.85706e-02 -1.42597e-02
 6.60811e-02 -1.40499e-02
 6.71441e-02 -1.63108e-02

 6.83608e-02 -2.80410e-03
 6.82489e-02 -1.11150e-02
 6.95271e-02 -8.96843e-03
 6.70290e-02 -8.93479e-03
 6.82489e-02 -1.11150e-02

 6.83608e-02  2.80410e-03
 6.87048e-02 -5.58703e-03
 6.98643e-02 -3.37406e-03
 6.73681e-02 -3.47640e-03
 6.87048e-02 -5.58703e-03

 6.78121e-02  8.38535e-03
 6.84866e-02  2.61298e-04
 6.95524e-02  2.52084e-03
 6.70627e-02  2.31414e-03
 6.84866e-02  2.61298e-04

 6.67199e-02  1.38860e-02
 6.75807e-02  6.36334e-03
 6.85758e-02  8.65494e-03
 6.60937e-02  8.37091e-03
 6.75807e-02  6.36334e-03

 6.50948e-02  1.92533e-02
 6.59911e-02  1.26360e-02
 6.69385e-02  1.49477e-02
 6.44628e-02  1.46124e-02
 6.59911e-02  1.26360e-02

 6.29524e-02  2.44357e-02
 6.38646e-02  1.90770e-02
 6.47330e-02  2.14196e-02
 6.22701e-02  2.10003e-02
 6.38646e-02  1.90770e-02

 6.03133e-02  2.93833e-02
 6.10308e-02  2.54060e-02
 6.18760e-02  2.77569e-02
 5.94174e-02  2.73135e-02
 6.10308e-02  2.54060e-02

 5.72030e-02  3.40487e-02
 5.78859e-02  3.17900e-02
 5.84555e-02  3.42225e-02
 5.60641e-02  3.34995e-02
 5.78859e-02  3.17900e-02

 5.09292e-02 -3.43878e-02
 5.19277e-02 -3.09108e-02
 5.01299e-02 -3.26456e-02
 5.25311e-02 -3.33352e-02
 5.19277e-02 -3.09108e-02

 5.42846e-02 -2.97587e-02
 5.50403e-02 -2.71617e-02
 5.32364e-02 -2.88901e-02
 5.56352e-02 -2.95881e-02
 5.50403e-02 -2.71617e-02

 5.71388e-02 -2.48044e-02
 5.77823e-02 -2.29448e-02
 5.58943e-02 -2.45809e-02
 5.82553e-02 -2.53979e-02
 5.77823e-02 -2.29448e-02

 5.94606e-02 -1.95792e-02
 5.99640e-02 -1.83194e-02
 5.80012e-02 -1.98651e-02
 6.03212e-02 -2.07920e-02
 5.99640e-02 -1.83194e-02

 6.12246e-02 -1.41400e-02
 6.15927e-02 -1.33302e-02
 5.95601e-02 -1.47828e-02
 6.18345e-02 -1.58168e-02
 6.15927e-02 -1.33302e-02

 6.24114e-02 -8.54628e-03
 6.26474e-02 -8.08687e-03
 6.05476e-02 -9.44060e-03
 6.27699e-02 -1.05822e-02
 6.26474e-02 -8.08687e-03

 6.30080e-02 -2.85918e-03
 6.31050e-02 -2.59153e-03
 6.11937e-02 -4.20047e-03
 6.35427e-02 -5.05121e-03
 6.31050e-02 -2.59153e-03

 6.30080e-02  2.85918e-03
 6.28929e-02  3.10008e-03
 6.26991e-02  6.09278e-04
 6.49531e-02  1.68689e-03
 6.28929e-02  3.10008e-03

 6.24114e-02  8.54628e-03
 6.20114e-02  9.03293e-03
 6.24202e-02  6.56829e-03
 6.43502e-02  8.15469e-03
 6.20114e-02  9.03293e-03

 6.12246e-02  1.41400e-02
 6.03654e-02  1.51394e-02
 6.08287e-02  1.26844e-02
 6.27231e-02  1.43131e-02
 6.03654e-02  1.51394e-02

 5.94606e-02  1.95792e-02
 5.80821e-02  2.13480e-02
 5.84268e-02  1.88736e-02
 6.03974e-02  2.04093e-02
 5.80821e-02  2.13480e-02

 5.71388e-02  2.48044e-02
 5.50435e-02  2.76958e-02
 5.53017e-02  2.52108e-02
 5.73246e-02  2.66768e-02
 5.50435e-02  2.76958e-02

 5.42846e-02  2.97587e-02
 5.15619e-02  3.36516e-02
 5.17783e-02  3.11626e-02
 5.38256e-02  3.25945e-02
 5.15619e-02  3.36516e-02

 5.09292e-02  3.43878e-02
 4.75777e-02  3.97744e-02
 4.76601e-02  3.72774e-02
 4.97814e-02  3.85973e-02
 4.75777e-02  3.97744e-02

 4.46580e-02 -3.47315e-02
 4.91262e-02 -2.62077e-02
 4.70153e-02 -2.75440e-02
 4.92280e-02 -2.87039e-02
 4.91262e-02 -2.62077e-02

 4.82641e-02 -3.01460e-02
 5.22274e-02 -2.06059e-02
 5.02438e-02 -2.21247e-02
 5.25509e-02 -2.30832e-02
 5.22274e-02 -2.06059e-02

 5.13399e-02 -2.51887e-02
 5.49035e-02 -1.51889e-02
 5.30005e-02 -1.68077e-02
 5.53539e-02 -1.76463e-02
 5.49035e-02 -1.51889e-02

 5.38474e-02 -1.99209e-02
 5.68646e-02 -9.72970e-03
 5.50526e-02 -1.14497e-02
 5.74482e-02 -1.21589e-02
 5.68646e-02 -9.72970e-03

 5.57557e-02 -1.44073e-02
 5.80388e-02 -4.16969e-03
 5.63487e-02 -6.00952e-03
 5.87871e-02 -6.55333e-03
 5.80388e-02 -4.16969e-03

 5.70411e-02 -8.71609e-03
 5.84615e-02  1.47333e-03
 5.69256e-02 -4.97094e-04
 5.94000e-02 -8.42035e-04
 5.84615e-02  1.47333e-03

 5.76878e-02 -2.91736e-03
 5.81670e-02  7.25582e-03
 5.68175e-02  5.15339e-03
 5.93130e-02  5.03582e-03
 5.81670e-02  7.25582e-03

 5.76878e-02  2.91736e-03
 5.71844e-02  1.30316e-02
 5.60443e-02  1.08085e-02
 5.85395e-02  1.09327e-02
 5.71844e-02  1.30316e-02

 5.70411e-02  8.71609e-03
 5.55154e-02  1.89785e-02
 5.45980e-02  1.66547e-02
 5.70692e-02  1.70221e-02
 5.55154e-02  1.89785e-02

 5.57557e-02  1.44073e-02
 5.31839e-02  2.47337e-02
 5.24946e-02  2.23323e-02
 5.49189e-02  2.29361e-02
 5.31839e-02  2.47337e-02

 5.38474e-02  1.99209e-02
 5.02006e-02  3.06504e-02
 4.97141e-02  2.81999e-02
 5.20796e-02  2.90039e-02
 5.02006e-02  3.06504e-02

 5.13399e-02  2.51887e-02
 4.67005e-02  3.59333e-02
 4.64113e-02  3.34517e-02
 4.87050e-02  3.44421e-02
 4.67005e-02  3.59333e-02

 4.82641e-02  3.01460e-02
 4.26571e-02  4.11698e-02
 4.25245e-02  3.86750e-02
 4.47514e-02  3.98076e-02
 4.26571e-02  4.11698e-02

 4.46580e-02  3.47315e-02
 3.84956e-02  4.51093e-02
 3.85262e-02  4.26111e-02
 4.06743e-02  4.38867e-02
 3.84956e-02  4.51093e-02

 3.83892e-02 -3.50800e-02
 4.44759e-02 -2.89934e-02
 4.20627e-02 -2.96400e-02
 4.38293e-02 -3.14066e-02
 4.44759e-02 -2.89934e-02

 4.22520e-02 -3.05458e-02
 4.80441e-02 -2.31527e-02
 4.57264e-02 -2.40855e-02
 4.76931e-02 -2.56263e-02
 4.80441e-02 -2.31527e-02

 4.55562e-02 -2.55894e-02
 5.08232e-02 -1.68770e-02
 4.86348e-02 -1.80823e-02
 5.07728e-02 -1.93748e-02
 5.08232e-02 -1.68770e-02

 4.82562e-02 -2.02792e-02
 5.26206e-02 -1.05822e-02
 5.05935e-02 -1.20426e-02
 5.28717e-02 -1.30679e-02
 5.26206e-02 -1.05822e-02

 5.03146e-02 -1.46888e-02
 5.35430e-02 -4.32849e-03
 5.17067e-02 -6.02252e-03
 5.40919e-02 -6.76576e-03
 5.35430e-02 -4.32849e-03

 5.17030e-02 -8.89529e-03
 5.36767e-02  1.87523e-03
 5.20580e-02 -2.77742e-05
 5.45154e-02 -4.78105e-04
 5.36767e-02  1.87523e-03

 5.24020e-02 -2.97882e-03
 5.30673e-02  8.02105e-03
 5.16898e-02  5.93680e-03
 5.41836e-02  5.78596e-03
 5.30673e-02  8.02105e-03

 5.24020e-02  2.97882e-03
 5.17305e-02  1.40794e-02
 5.06142e-02  1.18443e-02
 5.31080e-02  1.19951e-02
 5.17305e-02  1.40794e-02

 5.17030e-02  8.89529e-03
 4.96761e-02  1.99556e-02
 4.88374e-02  1.76023e-02
 5.12948e-02  1.80526e-02
 4.96761e-02  1.99556e-02

 5.03146e-02  1.46888e-02
 4.69074e-02  2.56232e-02
 4.63585e-02  2.31859e-02
 4.87437e-02  2.39292e-02
 4.69074e-02  2.56232e-02

 4.82562e-02  2.02792e-02
 4.35274e-02  3.07862e-02
 4.32763e-02  2.83005e-02
 4.55545e-02  2.93259e-02
 4.35274e-02  3.07862e-02

 4.55562e-02  2.55894e-02
 3.95005e-02  3.56067e-02
 3.95508e-02  3.31088e-02
 4.16889e-02  3.44013e-02
 3.95005e-02  3.56067e-02

 4.22520e-02  3.05458e-02
 3.53341e-02  3.93759e-02
 3.56851e-02  3.69023e-02
 3.76518e-02  3.84431e-02
 3.53341e-02  3.93759e-02

 3.83892e-02  3.50800e-02
 3.04011e-02  4.30682e-02
 3.10477e-02  4.06550e-02
 3.28143e-02  4.24216e-02
 3.04011e-02  4.30682e-02

 3.62312e-02  4.03748e-02
 2.74381e-02  5.07763e-02
 2.78810e-02  4.83175e-02
 2.97889e-02  4.99304e-02
 2.74381e-02  5.07763e-02

 4.27932e-02  4.01897e-02
 3.60612e-02  4.86225e-02
 3.64348e-02  4.61523e-02
 3.83873e-02  4.77110e-02
 3.60612e-02  4.86225e-02

 4.93551e-02  4.00046e-02
 4.72947e-02  4.33731e-02
 4.73580e-02  4.08756e-02
 4.94893e-02  4.21792e-02
 4.72947e-02  4.33731e-02

 5.59171e-02  3.98195e-02
 5.74505e-02  3.64505e-02
 5.76911e-02  3.89372e-02
 5.54173e-02  3.79022e-02
 5.74505e-02  3.64505e-02

 6.24790e-02  3.96344e-02
 6.51562e-02  3.18896e-02
 6.56300e-02  3.43426e-02
 6.32687e-02  3.35264e-02
 6.51562e-02  3.18896e-02

 6.90410e-02  3.94493e-02
 7.14224e-02  2.98600e-02
 7.21132e-02  3.22609e-02
 6.96886e-02  3.16587e-02
 7.14224e-02  2.98600e-02

 7.56029e-02  3.92642e-02
 7.68605e-02  2.99287e-02
 7.78096e-02  3.22397e-02
 7.53337e-02  3.19062e-02
 7.68605e-02  2.99287e-02

 8.21649e-02  3.90791e-02
 8.21766e-02  3.18912e-02
 8.34222e-02  3.40568e-02
 8.09239e-02  3.40528e-02
 8.21766e-02  3.18912e-02

 8.87268e-02  3.88940e-02
 8.74371e-02  3.52570e-02
 8.93376e-02  3.68787e-02
 8.69829e-02  3.77136e-02
 8.74371e-02  3.52570e-02

 9.52888e-02  3.87089e-02
 9.32922e-02  3.91329e-02
 9.51492e-02  3.74616e-02
 9.56681e-02  3.99054e-02
 9.32922e-02  3.91329e-02

 1.01851e-01  3.85238e-02
 9.95862e-02  4.13225e-02
 9.99761e-02  3.88547e-02
 1.01918e-01  4.04262e-02
 9.95862e-02  4.13225e-02

 1.07163e-01  3.72121e-02
 1.06254e-01  3.96226e-02
 1.05849e-01  3.71573e-02
 1.08186e-01  3.80394e-02
 1.06254e-01  3.96226e-02

 3.60414e-02  4.66623e-02
 2.75633e-02  5.49170e-02
 2.82421e-02  5.25127e-02
 2.99849e-02  5.43027e-02
 2.75633e-02  5.49170e-02

 4.29145e-02  4.67353e-02
 3.91353e-02  5.05320e-02
 3.97764e-02  4.81174e-02
 4.15470e-02  4.98799e-02
 3.91353e-02  5.05320e-02

 4.97877e-02  4.68084e-02
 5.04441e-02  4.57474e-02
 5.03681e-02  4.82446e-02
 4.82435e-02  4.69301e-02
 5.04441e-02  4.57474e-02

 5.66609e-02  4.68815e-02
 5.97301e-02  4.13364e-02
 5.97752e-02  4.38343e-02
 5.75894e-02  4.26245e-02
 5.97301e-02  4.13364e-02

 6.35340e-02  4.69545e-02
 6.67464e-02  3.90935e-02
 6.70843e-02  4.15689e-02
 6.47716e-02  4.06238e-02
 6.67464e-02  3.90935e-02

 7.04072e-02  4.70276e-02
 7.27947e-02  3.86337e-02
 7.34043e-02  4.10565e-02
 7.10013e-02  4.03730e-02
 7.27947e-02  3.86337e-02

 7.72803e-02  4.71006e-02
 7.83727e-02  3.98190e-02
 7.92871e-02  4.21440e-02
 7.68164e-02  4.17734e-02
 7.83727e-02  3.98190e-02

 8.41535e-02  4.71737e-02
 8.38677e-02  4.25091e-02
 8.52468e-02  4.45922e-02
 8.27532e-02  4.47450e-02
 8.38677e-02  4.25091e-02

 9.10267e-02  4.72467e-02
 8.97063e-02  4.61792e-02
 9.21742e-02  4.65682e-02
 9.06034e-02  4.85109e-02
 8.97063e-02  4.61792e-02

 9.78998e-02  4.73198e-02
 9.60153e-02  4.89154e-02
 9.68594e-02  4.65639e-02
 9.84737e-02  4.84706e-02
 9.60153e-02  4.89154e-02

 1.03543e-01  4.62399e-02
 1.02610e-01  4.81926e-02
 1.02416e-01  4.57018e-02
 1.04670e-01  4.67790e-02
 1.02610e-01  4.81926e-02

 3.58446e-02  5.29590e-02
 3.09648e-02  5.75574e-02
 3.16828e-02  5.51645e-02
 3.33961e-02  5.69827e-02
 3.09648e-02  5.75574e-02

 4.30150e-02  5.33087e-02
 4.27966e-02  5.30017e-02
 4.50688e-02  5.40403e-02
 4.30333e-02  5.54888e-02
 4.27966e-02  5.30017e-02

 5.01855e-02  5.36583e-02
 5.29211e-02  4.98129e-02
 5.26848e-02  5.23000e-02
 5.06491e-02  5.08518e-02
 5.29211e-02  4.98129e-02

 5.73559e-02  5.40079e-02
 6.12136e-02  4.77132e-02
 6.11481e-02  5.02106e-02
 5.90180e-02  4.89052e-02
 6.12136e-02  4.77132e-02

 6.45264e-02  5.43576e-02
 6.78666e-02  4.71906e-02
 6.80849e-02  4.96794e-02
 6.58204e-02  4.86240e-02
 6.78666e-02  4.71906e-02

 7.16968e-02  5.47072e-02
 7.39767e-02  4.79045e-02
 7.44736e-02  5.03529e-02
 7.21047e-02  4.95591e-02
 7.39767e-02  4.79045e-02

 7.88673e-02  5.50569e-02
 7.96974e-02  4.99263e-02
 8.05849e-02  5.22616e-02
 7.81187e-02  5.18626e-02
 7.96974e-02  4.99263e-02

 8.60378e-02  5.54065e-02
 8.55998e-02  5.31779e-02
 8.72427e-02  5.50601e-02
 8.47913e-02  5.55418e-02
 8.55998e-02  5.31779e-02

 9.32082e-02  5.57561e-02
 9.17817e-02  5.61953e-02
 9.34820e-02  5.43648e-02
 9.42171e-02  5.67526e-02
 9.17817e-02  5.61953e-02

 9.91675e-02  5.49301e-02
 9.83403e-02  5.63396e-02
 9.83580e-02  5.38414e-02
 1.00513e-01  5.51058e-02
 9.83403e-02  5.63396e-02

 3.56402e-02  5.92645e-02
 3.47332e-02  6.03156e-02
 3.52010e-02  5.78614e-02
 3.70924e-02  5.94937e-02
 3.47332e-02  6.03156e-02

 4.30928e-02  5.99083e-02
 4.58263e-02  5.71649e-02
 4.51840e-02  5.95793e-02
 4.34142e-02  5.78159e-02
 4.58263e-02  5.71649e-02

 5.05455e-02  6.05521e-02
 5.46897e-02  5.56691e-02
 5.42421e-02  5.81270e-02
 5.23373e-02  5.65104e-02
 5.46897e-02  5.56691e-02

 5.79981e-02  6.11959e-02
 6.22393e-02  5.51976e-02
 6.20101e-02  5.76854e-02
 5.99702e-02  5.62431e-02
 6.22393e-02  5.51976e-02

 6.54508e-02  6.18396e-02
 6.87703e-02  5.58756e-02
 6.88095e-02  5.83736e-02
 6.66266e-02  5.71586e-02
 6.87703e-02  5.58756e-02

 7.29034e-02  6.24834e-02
 7.49237e-02  5.74483e-02
 7.52773e-02  5.99215e-02
 7.29587e-02  5.89911e-02
 7.49237e-02  5.74483e-02

 8.03561e-02  6.31272e-02
 8.09396e-02  6.02131e-02
 8.17396e-02  6.25799e-02
 7.92899e-02  6.20893e-02
 8.09396e-02  6.02131e-02

 8.78087e-02  6.37710e-02
 8.70553e-02  6.32907e-02
 8.95512e-02  6.34004e-02
 8.82083e-02  6.55071e-02
 8.70553e-02  6.32907e-02

 9.40686e-02  6.32195e-02
 9.34304e-02  6.41220e-02
 9.36599e-02  6.16342e-02
 9.56996e-02  6.30768e-02
 9.34304e-02  6.41220e-02

 3.54277e-02  6.55783e-02
 3.72837e-02  6.37912e-02
 3.65916e-02  6.61917e-02
 3.48587e-02  6.43921e-02
 3.72837e-02  6.37912e-02

 4.31463e-02  6.65328e-02
 4.74509e-02  6.24631e-02
 4.67369e-02  6.48572e-02
 4.50205e-02  6.30418e-02
 4.74509e-02  6.24631e-02

 5.08649e-02  6.74873e-02
 5.55850e-02  6.25252e-02
 5.49989e-02  6.49538e-02
 5.31887e-02  6.32319e-02
 5.55850e-02  6.25252e-02

 5.85835e-02  6.84418e-02
 6.27982e-02  6.32848e-02
 6.23962e-02  6.57506e-02
 6.04618e-02  6.41696e-02
 6.27982e-02  6.32848e-02

 6.63021e-02  6.93964e-02
 6.93046e-02  6.48394e-02
 6.91573e-02  6.73334e-02
 6.70711e-02  6.59588e-02
 6.93046e-02  6.48394e-02

 7.40207e-02  7.03509e-02
 7.56206e-02  6.72222e-02
 7.57477e-02  6.97173e-02
 7.35233e-02  6.85799e-02
 7.56206e-02  6.72222e-02

 8.17393e-02  7.13054e-02
 8.17339e-02  7.02279e-02
 8.29939e-02  7.23852e-02
 8.04956e-02  7.23978e-02
 8.17339e-02  7.02279e-02

 8.82827e-02  7.10484e-02
 8.79021e-02  7.14998e-02
 8.83418e-02  6.90405e-02
 9.02518e-02  7.06509e-02
 8.79021e-02  7.14998e-02

 3.52066e-02  7.18999e-02
 3.85076e-02  6.81904e-02
 3.80025e-02  7.06371e-02
 3.61361e-02  6.89763e-02
 3.85076e-02  6.81904e-02

 4.31738e-02  7.31807e-02
 4.79064e-02  6.85655e-02
 4.72295e-02  7.09704e-02
 4.54853e-02  6.91818e-02
 4.79064e-02  6.85655e-02

 5.11411e-02  7.44615e-02
 5.57180e-02  6.99398e-02
 5.50568e-02  7.23490e-02
 5.33009e-02  7.05717e-02
 5.57180e-02  6.99398e-02

 5.91083e-02  7.57423e-02
 6.28261e-02  7.16758e-02
 6.22881e-02  7.41155e-02
 6.04443e-02  7.24298e-02
 6.28261e-02  7.16758e-02

 6.70756e-02  7.70231e-02
 6.94222e-02  7.40521e-02
 6.90614e-02  7.65242e-02
 6.71009e-02  7.49757e-02
 6.94222e-02  7.40521e-02

 7.50428e-02  7.83039e-02
 7.57450e-02  7.69616e-02
 7.58490e-02  7.94578e-02
 7.36353e-02  7.82997e-02
 7.57450e-02  7.69616e-02

 8.18513e-02  7.83598e-02
 8.17262e-02  7.84849e-02
 8.23728e-02  7.60717e-02
 8.41394e-02  7.78383e-02
 8.17262e-02  7.84849e-02

 3.49763e-02  7.82287e-02
 3.91183e-02  7.34189e-02
 3.86530e-02  7.58735e-02
 3.67599e-02  7.42433e-02
 3.91183e-02  7.34189e-02

 4.31739e-02  7.98502e-02
 4.79292e-02  7.51999e-02
 4.72557e-02  7.76057e-02
 4.55090e-02  7.58195e-02
 4.79292e-02  7.51999e-02

 5.13715e-02  8.14718e-02
 5.55065e-02  7.76256e-02
 5.47731e-02  8.00139e-02
 5.30715e-02  7.81845e-02
 5.55065e-02  7.76256e-02

 5.95692e-02  8.30933e-02
 6.25087e-02  8.02500e-02
 6.18220e-02  8.26521e-02
 6.00851e-02  8.08564e-02
 6.25087e-02  8.02500e-02

 6.77668e-02  8.47149e-02
 6.90116e-02  8.33194e-02
 6.85035e-02  8.57655e-02
 6.66392e-02  8.41024e-02
 6.90116e-02  8.33194e-02

 7.48204e-02  8.51009e-02
 7.49522e-02  8.49898e-02
 7.41033e-02  8.73395e-02
 7.24929e-02  8.54294e-02
 7.49522e-02  8.49898e-02

 3.47364e-02  8.45641e-02
 3.96107e-02  7.93494e-02
 3.90458e-02  8.17830e-02
 3.72206e-02  8.00770e-02
 3.96107e-02  7.93494e-02

 4.31452e-02  8.65397e-02
 4.77776e-02  8.22893e-02
 4.70279e-02  8.46725e-02
 4.53388e-02  8.28317e-02
 4.77776e-02  8.22893e-02

 5.15540e-02  8.85153e-02
 5.49432e-02  8.56630e-02
 5.40922e-02  8.80119e-02
 5.24835e-02  8.61004e-02
 5.49432e-02  8.56630e-02

 5.99628e-02  9.04909e-02
 6.16515e-02  8.90804e-02
 6.07916e-02  9.14261e-02
 5.91901e-02  8.95087e-02
 6.16515e-02  8.90804e-02

 6.72406e-02  9.12228e-02
 6.75344e-02  9.10150e-02
 6.64892e-02  9.32842e-02
 6.50466e-02  9.12445e-02
 6.75344e-02  9.10150e-02

 3.44865e-02  9.09056e-02
 4.00178e-02  8.60556e-02
 3.92146e-02  8.84213e-02
 3.75675e-02  8.65428e-02
 4.00178e-02  8.60556e-02

 4.30864e-02  9.32473e-02
 4.72696e-02  8.99712e-02
 4.63364e-02  9.22887e-02
 4.47960e-02  9.03218e-02
 4.72696e-02  8.99712e-02

 5.16863e-02  9.55889e-02
 5.38032e-02  9.40400e-02
 5.27947e-02  9.63257e-02
 5.13195e-02  9.43095e-02
 5.38032e-02  9.40400e-02

 5.91663e-02  9.66810e-02
 5.96729e-02  9.63837e-02
 5.84391e-02  9.85561e-02
 5.71746e-02  9.64014e-02
 5.96729e-02  9.63837e-02

 3.42262e-02  9.72525e-02
 3.96933e-02  9.36014e-02
 3.85878e-02  9.58418e-02
 3.72003e-02  9.37642e-02
 3.96933e-02  9.36014e-02

 4.29965e-02  9.99709e-02
 4.58458e-02  9.81440e-02
 4.46987e-02  1.00363e-01
 4.33502e-02  9.82603e-02
 4.58458e-02  9.81440e-02

 5.06554e-02  1.01436e-01
 5.13639e-02  1.01097e-01
 4.99503e-02  1.03157e-01
 4.88731e-02  1.00903e-01
 5.13639e-02  1.01097e-01

 3.39552e-02  1.03604e-01
 3.78851e-02  1.01618e-01
 3.65176e-02  1.03709e-01
 3.53906e-02  1.01479e-01
 3.78851e-02  1.01618e-01

 4.17692e-02  1.05453e-01
 4.29449e-02  1.05009e-01
 4.13617e-02  1.06942e-01
 4.04796e-02  1.04604e-01
 4.29449e-02  1.05009e-01

 3.25715e-02  1.08703e-01
 3.41032e-02  1.08269e-01
 3.23618e-02  1.10060e-01
 3.16811e-02  1.07656e-01
 3.41032e-02  1.08269e-01

 2.67687e-02  1.08827e-01
 2.98396e-02  1.08096e-01
 2.80238e-02  1.09812e-01
 2.74457e-02  1.07382e-01
 2.98396e-02  1.08096e-01

 2.19798e-02  1.09951e-01
 2.55392e-02  1.09262e-01
 2.36521e-02  1.10900e-01
 2.31777e-02  1.08447e-01
 2.55392e-02  1.09262e-01

 1.71443e-02  1.10855e-01
 2.12483e-02  1.10240e-01
 1.92934e-02  1.11796e-01
 1.89236e-02  1.09325e-01
 2.12483e-02  1.10240e-01

 1.22723e-02  1.11537e-01
 1.56965e-02  1.11172e-01
 1.36774e-02  1.12643e-01
 1.34127e-02  1.10159e-01
 1.56965e-02  1.11172e-01

 7.37400e-03  1.11995e-01
 1.09713e-02  1.11766e-01
 8.89161e-03  1.13150e-01
 8.73262e-03  1.10657e-01
 1.09713e-02  1.11766e-01

 2.45980e-03  1.12229e-01
 2.45399e-03  1.12229e-01
 4.59060e-03  1.10934e-01
 4.64363e-03  1.13432e-01
 2.45399e-03  1.12229e-01

 2.71017e-02  1.02773e-01
 3.35851e-02  9.99417e-02
 3.21022e-02  1.01952e-01
 3.11024e-02  9.96627e-02
 3.35851e-02  9.99417e-02

 2.22792e-02  1.04089e-01
 2.95194e-02  1.01700e-01
 2.78561e-02  1.03565e-01
 2.70733e-02  1.01192e-01
 2.95194e-02  1.01700e-01

 1.73943e-02  1.05152e-01
 2.53622e-02  1.03908e-01
 2.34171e-02  1.05476e-01
 2.30318e-02  1.03007e-01
 2.53622e-02  1.03908e-01

 1.24603e-02  1.05957e-01
 1.91494e-02  1.06537e-01
 1.68859e-02  1.07595e-01
 1.71017e-02  1.05106e-01
 1.91494e-02  1.06537e-01

 7.49085e-03  1.06504e-01
 1.35698e-02  1.09031e-01
 1.10924e-02  1.09354e-01
 1.20514e-02  1.07047e-01
 1.35698e-02  1.09031e-01

 2.49946e-03  1.06791e-01
 2.49946e-03  1.12035e-01
 1.25030e-03  1.09871e-01
 3.74862e-03  1.09871e-01
 2.49946e-03  1.12035e-01

 2.74372e-02  9.67195e-02
 3.46051e-02  9.22867e-02
 3.34220e-02  9.44871e-02
 3.21079e-02  9.23623e-02
 3.46051e-02  9.22867e-02

 2.25847e-02  9.82294e-02
 3.05306e-02  9.46760e-02
 2.90654e-02  9.66996e-02
 2.80455e-02  9.44189e-02
 3.05306e-02  9.46760e-02

 1.76516e-02  9.94515e-02
 2.61864e-02  9.80947e-02
 2.42457e-02  9.96681e-02
 2.38535e-02  9.72007e-02
 2.61864e-02  9.80947e-02

 1.26550e-02  1.00382e-01
 1.99021e-02  1.02229e-01
 1.74970e-02  1.02905e-01
 1.81141e-02  1.00484e-01
 1.99021e-02  1.02229e-01

 7.61220e-03  1.01016e-01
 1.35635e-02  1.06594e-01
 1.11306e-02  1.06026e-01
 1.28390e-02  1.04203e-01
 1.35635e-02  1.06594e-01

 2.54072e-03  1.01354e-01
 2.54072e-03  1.09434e-01
 1.29156e-03  1.07271e-01
 3.78988e-03  1.07271e-01
 2.54072e-03  1.09434e-01

 2.77751e-02  9.06670e-02
 3.40051e-02  8.53198e-02
 3.31769e-02  8.76768e-02
 3.15498e-02  8.57810e-02
 3.40051e-02  8.53198e-02

 2.28962e-02  9.23719e-02
 2.97471e-02  8.82362e-02
 2.85404e-02  9.04238e-02
 2.72492e-02  8.82850e-02
 2.97471e-02  8.82362e-02

 1.79161e-02  9.37548e-02
 2.52954e-02  9.26950e-02
 2.33313e-02  9.42391e-02
 2.29762e-02  9.17661e-02
 2.52954e-02  9.26950e-02

 1.28562e-02  9.48095e-02
 1.93526e-02  9.83344e-02
 1.68551e-02  9.84005e-02
 1.80466e-02  9.62046e-02
 1.93526e-02  9.83344e-02

 7.73804e-03  9.55317e-02
 1.30717e-02  1.04721e-01
 1.09053e-02  1.03477e-01
 1.30660e-02  1.02223e-01
 1.30717e-02  1.04721e-01

 2.58357e-03  9.59181e-02
 2.58357e-03  1.08080e-01
 1.33441e-03  1.05917e-01
 3.83273e-03  1.05917e-01
 2.58357e-03  1.08080e-01

 2.81154e-02  8.46152e-02
 3.26696e-02  7.91384e-02
 3.22468e-02  8.16006e-02
 3.03258e-02  8.00033e-02
 3.26696e-02  7.91384e-02

 2.32138e-02  8.65167e-02
 2.80091e-02  8.22051e-02
 2.72354e-02  8.45806e-02
 2.55650e-02  8.27228e-02
 2.80091e-02  8.22051e-02

 1.81879e-02  8.80613e-02
 2.32333e-02  8.71439e-02
 2.13281e-02  8.87600e-02
 2.08811e-02  8.63020e-02
 2.32333e-02  8.71439e-02

 1.30640e-02  8.92412e-02
 1.77091e-02  9.36005e-02
 1.52766e-02  9.30308e-02
 1.69863e-02  9.12090e-02
 1.77091e-02  9.36005e-02

 7.86837e-03  9.00500e-02
 1.17475e-02  1.01705e-01
 9.87902e-03  1.00047e-01
 1.22495e-02  9.92578e-02
 1.17475e-02  1.01705e-01

 2.62800e-03  9.04836e-02
 2.62800e-03  1.04969e-01
 1.37883e-03  1.02806e-01
 3.87716e-03  1.02806e-01
 2.62800e-03  1.04969e-01

 2.84583e-02  7.85641e-02
 3.14086e-02  7.37528e-02
 3.13425e-02  7.62503e-02
 2.92127e-02  7.49443e-02
 3.14086e-02  7.37528e-02

 2.35375e-02  8.06635e-02
 2.62499e-02  7.68214e-02
 2.60226e-02  7.93093e-02
 2.39816e-02  7.78685e-02
 2.62499e-02  7.68214e-02

 1.84671e-02  8.23712e-02
 2.09125e-02  8.18827e-02
 1.90355e-02  8.35315e-02
 1.85460e-02  8.10816e-02
 2.09125e-02  8.18827e-02

 1.32784e-02  8.36765e-02
 1.56151e-02  8.85935e-02
 1.35581e-02  8.71755e-02
 1.58146e-02  8.61031e-02
 1.56151e-02  8.85935e-02

 8.00317e-03  8.45714e-02
 9.98816e-03  9.79964e-02
 8.43597e-03  9.60388e-02
 1.09074e-02  9.56734e-02
 9.98816e-03  9.79964e-02

 2.67399e-03  8.50504e-02
 2.67399e-03  1.01546e-01
 1.42483e-03  9.93828e-02
 3.92316e-03  9.93828e-02
 2.67399e-03  1.01546e-01

 2.88037e-02  7.25137e-02
 3.01118e-02  6.91298e-02
 3.04969e-02  7.15982e-02
 2.81666e-02  7.06974e-02
 3.01118e-02  6.91298e-02

 2.38674e-02  7.48125e-02
 2.45491e-02  7.21148e-02
 2.52301e-02  7.45185e-02
 2.28079e-02  7.39065e-02
 2.45491e-02  7.21148e-02

 1.87537e-02  7.66844e-02
 1.85380e-02  7.69781e-02
 1.88119e-02  7.44948e-02
 2.08255e-02  7.59737e-02
 1.85380e-02  7.69781e-02

 1.34994e-02  7.81157e-02
 1.32883e-02  8.31743e-02
 1.21304e-02  8.09605e-02
 1.46266e-02  8.10646e-02
 1.32883e-02  8.31743e-02

 8.14243e-03  7.90961e-02
 7.77583e-03  9.29678e-02
 6.58426e-03  9.07719e-02
 9.08171e-03  9.08379e-02
 7.77583e-03  9.29678e-02

 2.72155e-03  7.96185e-02
 2.72155e-03  9.63870e-02
 1.47239e-03  9.42234e-02
 3.97072e-03  9.42234e-02
 2.72155e-03  9.63870e-02

 2.91516e-02  6.64640e-02
 2.83661e-02  6.52754e-02
 3.06012e-02  6.63917e-02
 2.85169e-02  6.77692e-02
 2.83661e-02  6.52754e-02

 2.42036e-02  6.89636e-02
 2.26416e-02  6.81209e-02
 2.51389e-02  6.80488e-02
 2.39527e-02  7.02476e-02
 2.26416e-02  6.81209e-02

 1.90476e-02  7.10008e-02
 1.61403e-02  7.25917e-02
 1.74387e-02  7.04573e-02
 1.86380e-02  7.26489e-02
 1.61403e-02  7.25917e-02

 1.37270e-02  7.25587e-02
 1.09631e-02  7.77639e-02
 1.08745e-02  7.52672e-02
 1.30810e-02  7.64388e-02
 1.09631e-02  7.77639e-02

 8.28615e-03  7.36240e-02
 5.43781e-03  8.69943e-02
 4.66687e-03  8.46179e-02
 7.11036e-03  8.51385e-02
 5.43781e-03  8.69943e-02

 2.77066e-03  7.41880e-02
 2.77066e-03  9.01758e-02
 1.52150e-03  8.80122e-02
 4.01982e-03  8.80122e-02
 2.77066e-03  9.01758e-02

 2.95021e-02  6.04150e-02
 2.57029e-02  6.21729e-02
 2.71420e-02  6.01306e-02
 2.81911e-02  6.23980e-02
 2.57029e-02  6.21729e-02

 2.45460e-02  6.31167e-02
 2.01395e-02  6.48310e-02
 2.17030e-02  6.28824e-02
 2.26088e-02  6.52107e-02
 2.01395e-02  6.48310e-02

 1.93491e-02  6.53207e-02
 1.34760e-02  6.86482e-02
 1.47427e-02  6.64948e-02
 1.59743e-02  6.86685e-02
 1.34760e-02  6.86482e-02

 1.39613e-02  6.70056e-02
 8.59687e-03  7.24230e-02
 9.23162e-03  7.00067e-02
 1.10069e-02  7.17645e-02
 8.59687e-03  7.24230e-02

 8.43432e-03  6.81554e-02
 3.06392e-03  8.00731e-02
 2.81393e-03  7.75873e-02
 5.09168e-03  7.86137e-02
 3.06392e-03  8.00731e-02

 2.82131e-03  6.87588e-02
 2.82131e-03  8.25726e-02
 1.57215e-03  8.04089e-02
 4.07047e-03  8.04089e-02
 2.82131e-03  8.25726e-02

 2.98552e-02  5.43666e-02
 2.24986e-02  5.90632e-02
 2.36501e-02  5.68460e-02
 2.49945e-02  5.89518e-02
 2.24986e-02  5.90632e-02

 2.48948e-02  5.72719e-02
 1.73728e-02  6.14776e-02
 1.86517e-02  5.93314e-02
 1.98709e-02  6.15120e-02
 1.73728e-02  6.14776e-02

 1.96580e-02  5.96439e-02
 1.09624e-02  6.43317e-02
 1.22741e-02  6.22055e-02
 1.34596e-02  6.44046e-02
 1.09624e-02  6.43317e-02

 1.42022e-02  6.14566e-02
 6.56160e-03  6.65387e-02
 7.67130e-03  6.43003e-02
 9.05492e-03  6.63805e-02
 6.56160e-03  6.65387e-02

 8.58693e-03  6.26901e-02
 1.13318e-03  7.18213e-02
 1.53368e-03  6.93553e-02
 3.46906e-03  7.09351e-02
 1.13318e-03  7.18213e-02

 2.87349e-03  6.33311e-02
 2.87349e-03  7.34378e-02
 1.62433e-03  7.12742e-02
 4.12265e-03  7.12742e-02
 2.87349e-03  7.34378e-02

 3.02108e-02  4.83188e-02
 2.04611e-02  5.50395e-02
 2.15335e-02  5.27831e-02
 2.29515e-02  5.48400e-02
 2.04611e-02  5.50395e-02

 2.52499e-02  5.14291e-02
 1.56823e-02  5.73756e-02
 1.68605e-02  5.51725e-02
 1.81793e-02  5.72944e-02
 1.56823e-02  5.73756e-02

 1.99746e-02  5.39705e-02
 9.74244e-03  5.94665e-02
 1.10574e-02  5.73423e-02
 1.22396e-02  5.95432e-02
 9.74244e-03  5.94665e-02

 1.44499e-02  5.59116e-02
 5.64829e-03  6.06894e-02
 6.95387e-03  5.85593e-02
 8.14576e-03  6.07550e-02
 5.64829e-03  6.06894e-02

 8.74398e-03  5.72284e-02
 2.24939e-04  6.35035e-02
 1.22614e-03  6.12145e-02
 2.70782e-03  6.32261e-02
 2.24939e-04  6.35035e-02

 2.92720e-03  5.79048e-02
 2.92720e-03  6.44779e-02
 1.67803e-03  6.23142e-02
 4.17636e-03  6.23142e-02
 2.92720e-03  6.44779e-02

 3.05691e-02  4.22715e-02
 2.42039e-02  4.72584e-02
 2.51366e-02  4.49408e-02
 2.66774e-02  4.69074e-02
 2.42039e-02  4.72584e-02

 2.56115e-02  4.55882e-02
 1.92565e-02  4.94299e-02
 2.04618e-02  4.72416e-02
 2.17543e-02  4.93796e-02
 1.92565e-02  4.94299e-02

 2.02987e-02  4.83004e-02
 1.37214e-02  5.12607e-02
 1.51817e-02  4.92336e-02
 1.62071e-02  5.15118e-02
 1.37214e-02  5.12607e-02

 1.47043e-02  5.03707e-02
 9.08980e-03  5.21202e-02
 1.07838e-02  5.02839e-02
 1.15271e-02  5.26692e-02
 9.08980e-03  5.21202e-02

 8.90546e-03  5.17703e-02
 3.48110e-03  5.27644e-02
 5.38409e-03  5.11457e-02
 5.83444e-03  5.36031e-02
 3.48110e-03  5.27644e-02

 2.98242e-03  5.24799e-02
 2.95110e-03  5.24818e-02
 5.03535e-03  5.11043e-02
 5.18619e-03  5.35981e-02
 2.95110e-03  5.24818e-02

