#[ Fluid velocity 2D plot data file: flw.dat ]
 2.45980e-03 -1.12229e-01
 2.46099e-03 -1.12229e-01
 2.71351e-04 -1.11026e-01
 3.24377e-04 -1.13524e-01
 2.46099e-03 -1.12229e-01

 7.37400e-03 -1.11995e-01
 6.27164e-03 -1.12065e-01
 8.51036e-03 -1.13174e-01
 8.35138e-03 -1.10681e-01
 6.27164e-03 -1.12065e-01

 1.22723e-02 -1.11537e-01
 1.11523e-02 -1.11656e-01
 1.34361e-02 -1.12669e-01
 1.31714e-02 -1.10185e-01
 1.11523e-02 -1.11656e-01

 1.71443e-02 -1.10855e-01
 1.58194e-02 -1.11053e-01
 1.81441e-02 -1.11968e-01
 1.77742e-02 -1.09497e-01
 1.58194e-02 -1.11053e-01

 2.19798e-02 -1.09951e-01
 2.07534e-02 -1.10188e-01
 2.31149e-02 -1.11004e-01
 2.26405e-02 -1.08551e-01
 2.07534e-02 -1.10188e-01

 2.67687e-02 -1.08827e-01
 2.56601e-02 -1.09090e-01
 2.80540e-02 -1.09805e-01
 2.74760e-02 -1.07375e-01
 2.56601e-02 -1.09090e-01

 2.49946e-03 -1.06791e-01
 2.49946e-03 -1.05680e-01
 1.25030e-03 -1.07843e-01
 3.74862e-03 -1.07843e-01
 2.49946e-03 -1.05680e-01

 7.49085e-03 -1.06504e-01
 4.89159e-03 -1.05761e-01
 6.62849e-03 -1.07557e-01
 7.31522e-03 -1.05155e-01
 4.89159e-03 -1.05761e-01

 1.24603e-02 -1.05957e-01
 9.73817e-03 -1.06069e-01
 1.19512e-02 -1.07228e-01
 1.18487e-02 -1.04732e-01
 9.73817e-03 -1.06069e-01

 1.73943e-02 -1.05152e-01
 1.42060e-02 -1.05680e-01
 1.65447e-02 -1.06559e-01
 1.61362e-02 -1.04094e-01
 1.42060e-02 -1.05680e-01

 2.22792e-02 -1.04089e-01
 1.93722e-02 -1.05025e-01
 2.18145e-02 -1.05551e-01
 2.10487e-02 -1.03173e-01
 1.93722e-02 -1.05025e-01

 2.71017e-02 -1.02773e-01
 2.43793e-02 -1.03775e-01
 2.68412e-02 -1.04200e-01
 2.59783e-02 -1.01855e-01
 2.43793e-02 -1.03775e-01

 2.54072e-03 -1.01354e-01
 2.54072e-03 -9.83333e-02
 1.29156e-03 -1.00497e-01
 3.78988e-03 -1.00497e-01
 2.54072e-03 -9.83333e-02

 7.61220e-03 -1.01016e-01
 4.10955e-03 -9.87470e-02
 5.24610e-03 -1.00972e-01
 6.60458e-03 -9.88752e-02
 4.10955e-03 -9.87470e-02

 1.26550e-02 -1.00382e-01
 8.90824e-03 -1.00172e-01
 1.09987e-02 -1.01540e-01
 1.11382e-02 -9.90457e-02
 8.90824e-03 -1.00172e-01

 1.76516e-02 -9.94515e-02
 1.31701e-02 -1.00248e-01
 1.55189e-02 -1.01099e-01
 1.50817e-02 -9.86396e-02
 1.31701e-02 -1.00248e-01

 2.25847e-02 -9.82294e-02
 1.83670e-02 -9.99239e-02
 2.08403e-02 -1.00276e-01
 1.99089e-02 -9.79582e-02
 1.83670e-02 -9.99239e-02

 2.74372e-02 -9.67195e-02
 2.32719e-02 -9.86217e-02
 2.57590e-02 -9.88592e-02
 2.47211e-02 -9.65866e-02
 2.32719e-02 -9.86217e-02

 2.58357e-03 -9.59181e-02
 2.58357e-03 -9.11468e-02
 1.33441e-03 -9.33104e-02
 3.83273e-03 -9.33104e-02
 2.58357e-03 -9.11468e-02

 7.73804e-03 -9.55317e-02
 3.53186e-03 -9.17997e-02
 4.32122e-03 -9.41700e-02
 5.97932e-03 -9.23013e-02
 3.53186e-03 -9.17997e-02

 1.28562e-02 -9.48095e-02
 8.24328e-03 -9.43436e-02
 1.02704e-02 -9.58039e-02
 1.05215e-02 -9.33182e-02
 8.24328e-03 -9.43436e-02

 1.79161e-02 -9.37548e-02
 1.22484e-02 -9.48617e-02
 1.46113e-02 -9.56730e-02
 1.41325e-02 -9.32210e-02
 1.22484e-02 -9.48617e-02

 2.28962e-02 -9.23719e-02
 1.72927e-02 -9.48366e-02
 1.97761e-02 -9.51089e-02
 1.87702e-02 -9.28220e-02
 1.72927e-02 -9.48366e-02

 2.77751e-02 -9.06670e-02
 2.19362e-02 -9.35276e-02
 2.44288e-02 -9.36974e-02
 2.33296e-02 -9.14539e-02
 2.19362e-02 -9.35276e-02

 2.62800e-03 -9.04836e-02
 2.62800e-03 -8.28570e-02
 1.37883e-03 -8.50206e-02
 3.87716e-03 -8.50206e-02
 2.62800e-03 -8.28570e-02

 7.86837e-03 -9.00500e-02
 3.60373e-03 -8.38971e-02
 3.80958e-03 -8.63869e-02
 5.86291e-03 -8.49638e-02
 3.60373e-03 -8.38971e-02

 1.30640e-02 -8.92412e-02
 8.20823e-03 -8.77808e-02
 9.92039e-03 -8.96001e-02
 1.06399e-02 -8.72077e-02
 8.20823e-03 -8.77808e-02

 1.81879e-02 -8.80613e-02
 1.19701e-02 -8.88093e-02
 1.42674e-02 -8.97911e-02
 1.39691e-02 -8.73107e-02
 1.19701e-02 -8.88093e-02

 2.32138e-02 -8.65167e-02
 1.67489e-02 -8.91167e-02
 1.92223e-02 -8.94683e-02
 1.82901e-02 -8.71504e-02
 1.67489e-02 -8.91167e-02

 2.81154e-02 -8.46152e-02
 2.11364e-02 -8.79230e-02
 2.36265e-02 -8.81251e-02
 2.25565e-02 -8.58675e-02
 2.11364e-02 -8.79230e-02

 2.67399e-03 -8.50504e-02
 2.67399e-03 -7.59096e-02
 1.42483e-03 -7.80732e-02
 3.92316e-03 -7.80732e-02
 2.67399e-03 -7.59096e-02

 8.00317e-03 -8.45714e-02
 4.29790e-03 -7.68758e-02
 4.11101e-03 -7.93672e-02
 6.36201e-03 -7.82834e-02
 4.29790e-03 -7.68758e-02

 1.32784e-02 -8.36765e-02
 8.79612e-03 -8.13694e-02
 1.01482e-02 -8.34703e-02
 1.12915e-02 -8.12489e-02
 8.79612e-03 -8.13694e-02

 1.84671e-02 -8.23712e-02
 1.25054e-02 -8.25677e-02
 1.47090e-02 -8.37449e-02
 1.46266e-02 -8.12480e-02
 1.25054e-02 -8.25677e-02

 2.35375e-02 -8.06635e-02
 1.71628e-02 -8.29287e-02
 1.96198e-02 -8.33814e-02
 1.87833e-02 -8.10272e-02
 1.71628e-02 -8.29287e-02

 2.84583e-02 -7.85641e-02
 2.14810e-02 -8.17460e-02
 2.39679e-02 -8.19848e-02
 2.29313e-02 -7.97117e-02
 2.14810e-02 -8.17460e-02

 2.72155e-03 -7.96185e-02
 2.72155e-03 -6.80465e-02
 1.47239e-03 -7.02102e-02
 3.97072e-03 -7.02102e-02
 2.72155e-03 -6.80465e-02

 8.14243e-03 -7.90961e-02
 5.77424e-03 -6.90266e-02
 5.05359e-03 -7.14187e-02
 7.48556e-03 -7.08468e-02
 5.77424e-03 -6.90266e-02

 1.34994e-02 -7.81157e-02
 1.03700e-02 -7.40249e-02
 1.06924e-02 -7.65023e-02
 1.26767e-02 -7.49844e-02
 1.03700e-02 -7.40249e-02

 1.87537e-02 -7.66844e-02
 1.44568e-02 -7.54569e-02
 1.61941e-02 -7.72523e-02
 1.68803e-02 -7.48501e-02
 1.44568e-02 -7.54569e-02

 2.38674e-02 -7.48125e-02
 1.91816e-02 -7.58282e-02
 2.15607e-02 -7.65907e-02
 2.10315e-02 -7.41490e-02
 1.91816e-02 -7.58282e-02

 2.88037e-02 -7.25137e-02
 2.36629e-02 -7.45618e-02
 2.61352e-02 -7.49215e-02
 2.52106e-02 -7.26005e-02
 2.36629e-02 -7.45618e-02

 2.77066e-03 -7.41880e-02
 2.77066e-03 -6.28366e-02
 1.52150e-03 -6.50002e-02
 4.01982e-03 -6.50002e-02
 2.77066e-03 -6.28366e-02

 8.28615e-03 -7.36240e-02
 7.88609e-03 -6.31676e-02
 6.72056e-03 -6.53773e-02
 9.21706e-03 -6.52818e-02
 7.88609e-03 -6.31676e-02

 1.37270e-02 -7.25587e-02
 1.28420e-02 -6.77017e-02
 1.20009e-02 -7.00542e-02
 1.44587e-02 -6.96063e-02
 1.28420e-02 -6.77017e-02

 1.90476e-02 -7.10008e-02
 1.75815e-02 -6.87630e-02
 1.77223e-02 -7.12574e-02
 1.98121e-02 -6.98882e-02
 1.75815e-02 -6.87630e-02

 2.42036e-02 -6.89636e-02
 2.25356e-02 -6.85392e-02
 2.43244e-02 -7.02833e-02
 2.49405e-02 -6.78621e-02
 2.25356e-02 -6.85392e-02

 2.91516e-02 -6.64640e-02
 2.72674e-02 -6.68170e-02
 2.96240e-02 -6.76464e-02
 2.91640e-02 -6.51908e-02
 2.72674e-02 -6.68170e-02

 2.82131e-03 -6.87588e-02
 2.82131e-03 -5.66747e-02
 1.57215e-03 -5.88383e-02
 4.07047e-03 -5.88383e-02
 2.82131e-03 -5.66747e-02

 8.43432e-03 -6.81554e-02
 1.07305e-02 -5.68592e-02
 9.07537e-03 -5.87306e-02
 1.15236e-02 -5.92283e-02
 1.07305e-02 -5.68592e-02

 1.39613e-02 -6.70056e-02
 1.63313e-02 -6.05677e-02
 1.44116e-02 -6.21666e-02
 1.67561e-02 -6.30296e-02
 1.63313e-02 -6.05677e-02

 1.93491e-02 -6.53207e-02
 2.20868e-02 -6.12869e-02
 1.98381e-02 -6.23756e-02
 2.19053e-02 -6.37786e-02
 2.20868e-02 -6.12869e-02

 2.45460e-02 -6.31167e-02
 2.72095e-02 -6.04700e-02
 2.47942e-02 -6.11090e-02
 2.65553e-02 -6.28811e-02
 2.72095e-02 -6.04700e-02

 2.95021e-02 -6.04150e-02
 3.23062e-02 -5.81246e-02
 2.98404e-02 -5.85258e-02
 3.14208e-02 -6.04607e-02
 3.23062e-02 -5.81246e-02

 2.87349e-03 -6.33311e-02
 2.87349e-03 -5.47506e-02
 1.62433e-03 -5.69142e-02
 4.12265e-03 -5.69142e-02
 2.87349e-03 -5.47506e-02

 8.58693e-03 -6.26901e-02
 1.35598e-02 -5.38798e-02
 1.14085e-02 -5.51500e-02
 1.35842e-02 -5.63780e-02
 1.35598e-02 -5.38798e-02

 1.42022e-02 -6.14566e-02
 1.99916e-02 -5.57367e-02
 1.75745e-02 -5.63687e-02
 1.93304e-02 -5.81459e-02
 1.99916e-02 -5.57367e-02

 1.96580e-02 -5.96439e-02
 2.66823e-02 -5.50105e-02
 2.41884e-02 -5.51591e-02
 2.55641e-02 -5.72446e-02
 2.66823e-02 -5.50105e-02

 2.48948e-02 -5.72719e-02
 3.18411e-02 -5.28653e-02
 2.93450e-02 -5.29695e-02
 3.06832e-02 -5.50792e-02
 3.18411e-02 -5.28653e-02

 2.98552e-02 -5.43666e-02
 3.69112e-02 -4.95750e-02
 3.44195e-02 -4.97571e-02
 3.58230e-02 -5.18239e-02
 3.69112e-02 -4.95750e-02

 2.92720e-03 -5.79048e-02
 2.92720e-03 -5.04255e-02
 1.67803e-03 -5.25891e-02
 4.17636e-03 -5.25891e-02
 2.92720e-03 -5.04255e-02

 8.74398e-03 -5.72284e-02
 1.63774e-02 -5.01802e-02
 1.39403e-02 -5.07302e-02
 1.56352e-02 -5.25657e-02
 1.63774e-02 -5.01802e-02

 1.44499e-02 -5.59116e-02
 2.33082e-02 -4.98891e-02
 2.08166e-02 -5.00725e-02
 2.22213e-02 -5.21386e-02
 2.33082e-02 -4.98891e-02

 1.99746e-02 -5.39705e-02
 3.06674e-02 -4.82186e-02
 2.81702e-02 -4.81434e-02
 2.93537e-02 -5.03436e-02
 3.06674e-02 -4.82186e-02

 2.52499e-02 -5.14291e-02
 3.55063e-02 -4.48600e-02
 3.30106e-02 -4.49750e-02
 3.43581e-02 -4.70788e-02
 3.55063e-02 -4.48600e-02

 3.02108e-02 -4.83188e-02
 4.11810e-02 -4.11451e-02
 3.86865e-02 -4.12837e-02
 4.00538e-02 -4.33747e-02
 4.11810e-02 -4.11451e-02

 2.98242e-03 -5.24799e-02
 3.01336e-03 -5.24781e-02
 7.78269e-04 -5.13618e-02
 9.29117e-04 -5.38556e-02
 3.01336e-03 -5.24781e-02

 8.90546e-03 -5.17703e-02
 1.53117e-02 -5.05963e-02
 1.29583e-02 -4.97576e-02
 1.34087e-02 -5.22150e-02
 1.53117e-02 -5.05963e-02

 1.47043e-02 -5.03707e-02
 2.16756e-02 -4.81983e-02
 1.92383e-02 -4.76494e-02
 1.99816e-02 -5.00346e-02
 2.16756e-02 -4.81983e-02

 2.02987e-02 -4.83004e-02
 2.89224e-02 -4.44193e-02
 2.64368e-02 -4.41681e-02
 2.74621e-02 -4.64464e-02
 2.89224e-02 -4.44193e-02

 2.56115e-02 -4.55882e-02
 3.35751e-02 -4.07742e-02
 3.10773e-02 -4.08245e-02
 3.23698e-02 -4.29625e-02
 3.35751e-02 -4.07742e-02

 3.05691e-02 -4.22715e-02
 3.92490e-02 -3.54711e-02
 3.67755e-02 -3.58221e-02
 3.83163e-02 -3.77888e-02
 3.92490e-02 -3.54711e-02

 3.62105e-02 -4.03946e-02
 4.67737e-02 -2.80941e-02
 4.44164e-02 -2.89217e-02
 4.63118e-02 -3.05494e-02
 4.67737e-02 -2.80941e-02

 3.59826e-02 -4.67171e-02
 4.52763e-02 -3.95310e-02
 4.28006e-02 -3.98662e-02
 4.43288e-02 -4.18426e-02
 4.52763e-02 -3.95310e-02

 3.57546e-02 -5.30396e-02
 4.06631e-02 -4.85796e-02
 3.82217e-02 -4.91101e-02
 3.99018e-02 -5.09591e-02
 4.06631e-02 -4.85796e-02

 3.55267e-02 -5.93621e-02
 3.60303e-02 -5.91067e-02
 3.35357e-02 -5.89712e-02
 3.46657e-02 -6.11994e-02
 3.60303e-02 -5.91067e-02

 3.52987e-02 -6.56846e-02
 3.15230e-02 -6.78732e-02
 3.40213e-02 -6.78689e-02
 3.27684e-02 -6.57074e-02
 3.15230e-02 -6.78732e-02

 3.50707e-02 -7.20071e-02
 2.86293e-02 -7.59740e-02
 3.11266e-02 -7.59031e-02
 2.98166e-02 -7.37758e-02
 2.86293e-02 -7.59740e-02

 3.48428e-02 -7.83296e-02
 2.74000e-02 -8.27499e-02
 2.98982e-02 -8.27191e-02
 2.86224e-02 -8.05711e-02
 2.74000e-02 -8.27499e-02

 3.46148e-02 -8.46521e-02
 2.79793e-02 -8.86135e-02
 3.04773e-02 -8.85770e-02
 2.91967e-02 -8.64319e-02
 2.79793e-02 -8.86135e-02

 3.43869e-02 -9.09746e-02
 2.95219e-02 -9.38437e-02
 3.20201e-02 -9.38206e-02
 3.07510e-02 -9.16686e-02
 2.95219e-02 -9.38437e-02

 3.41589e-02 -9.72971e-02
 3.11435e-02 -9.89726e-02
 3.36414e-02 -9.90137e-02
 3.24280e-02 -9.68298e-02
 3.11435e-02 -9.89726e-02

 3.39310e-02 -1.03620e-01
 3.22791e-02 -1.04344e-01
 3.47623e-02 -1.04619e-01
 3.37587e-02 -1.02331e-01
 3.22791e-02 -1.04344e-01

 3.25715e-02 -1.08703e-01
 3.19179e-02 -1.08918e-01
 3.43638e-02 -1.09427e-01
 3.35817e-02 -1.07054e-01
 3.19179e-02 -1.08918e-01

 4.27359e-02 -4.02461e-02
 5.05876e-02 -2.96033e-02
 4.82979e-02 -3.06027e-02
 5.03084e-02 -3.20859e-02
 5.05876e-02 -2.96033e-02

 4.27526e-02 -4.68905e-02
 4.66970e-02 -4.21717e-02
 4.43510e-02 -4.30306e-02
 4.62678e-02 -4.46329e-02
 4.66970e-02 -4.21717e-02

 4.27694e-02 -5.35349e-02
 4.27730e-02 -5.28059e-02
 4.15132e-02 -5.49634e-02
 4.40115e-02 -5.49756e-02
 4.27730e-02 -5.28059e-02

 4.27862e-02 -6.01793e-02
 3.88253e-02 -6.33279e-02
 4.12963e-02 -6.29594e-02
 3.97417e-02 -6.10037e-02
 3.88253e-02 -6.33279e-02

 4.28029e-02 -6.68237e-02
 3.60997e-02 -7.18913e-02
 3.85789e-02 -7.15830e-02
 3.70723e-02 -6.95900e-02
 3.60997e-02 -7.18913e-02

 4.28197e-02 -7.34681e-02
 3.50429e-02 -7.92252e-02
 3.75251e-02 -7.89418e-02
 3.60386e-02 -7.69339e-02
 3.50429e-02 -7.92252e-02

 4.28364e-02 -8.01124e-02
 3.58756e-02 -8.51363e-02
 3.83610e-02 -8.48830e-02
 3.68989e-02 -8.28572e-02
 3.58756e-02 -8.51363e-02

 4.28532e-02 -8.67568e-02
 3.79947e-02 -9.02485e-02
 4.04807e-02 -9.00002e-02
 3.90226e-02 -8.79714e-02
 3.79947e-02 -9.02485e-02

 4.28699e-02 -9.34012e-02
 4.01872e-02 -9.52408e-02
 4.26781e-02 -9.50474e-02
 4.12652e-02 -9.29870e-02
 4.01872e-02 -9.52408e-02

 4.28867e-02 -1.00046e-01
 4.16980e-02 -1.00800e-01
 4.41941e-02 -1.00695e-01
 4.28550e-02 -9.85861e-02
 4.16980e-02 -1.00800e-01

 4.17449e-02 -1.05468e-01
 4.12078e-02 -1.05698e-01
 4.36880e-02 -1.05997e-01
 4.27075e-02 -1.03700e-01
 4.12078e-02 -1.05698e-01

 4.92708e-02 -4.00910e-02
 5.14208e-02 -3.49033e-02
 4.94384e-02 -3.64238e-02
 5.17464e-02 -3.73803e-02
 5.14208e-02 -3.49033e-02

 4.95512e-02 -4.70442e-02
 4.83682e-02 -4.75166e-02
 5.08408e-02 -4.78743e-02
 4.99143e-02 -4.55541e-02
 4.83682e-02 -4.75166e-02

 4.98317e-02 -5.39974e-02
 4.56155e-02 -5.81993e-02
 4.80298e-02 -5.75568e-02
 4.62662e-02 -5.57872e-02
 4.56155e-02 -5.81993e-02

 5.01122e-02 -6.09505e-02
 4.33622e-02 -6.76825e-02
 4.57763e-02 -6.70391e-02
 4.40120e-02 -6.52702e-02
 4.33622e-02 -6.76825e-02

 5.03927e-02 -6.79037e-02
 4.26891e-02 -7.51748e-02
 4.51199e-02 -7.45981e-02
 4.34051e-02 -7.27813e-02
 4.26891e-02 -7.51748e-02

 5.06731e-02 -7.48568e-02
 4.37858e-02 -8.12518e-02
 4.62212e-02 -8.06950e-02
 4.45213e-02 -7.88642e-02
 4.37858e-02 -8.12518e-02

 5.09536e-02 -8.18100e-02
 4.63799e-02 -8.61473e-02
 4.88094e-02 -8.55649e-02
 4.70903e-02 -8.37521e-02
 4.63799e-02 -8.61473e-02

 5.12341e-02 -8.87631e-02
 4.91170e-02 -9.09203e-02
 5.15240e-02 -9.02511e-02
 4.97410e-02 -8.85011e-02
 4.91170e-02 -9.09203e-02

 5.15146e-02 -9.57163e-02
 5.08903e-02 -9.64133e-02
 5.32643e-02 -9.56350e-02
 5.14033e-02 -9.39682e-02
 5.08903e-02 -9.64133e-02

 5.06129e-02 -1.01466e-01
 5.02909e-02 -1.01637e-01
 5.27877e-02 -1.01725e-01
 5.16158e-02 -9.95188e-02
 5.02909e-02 -1.01637e-01

 5.58147e-02 -3.99288e-02
 5.31285e-02 -4.21767e-02
 5.55895e-02 -4.17461e-02
 5.39861e-02 -3.98302e-02
 5.31285e-02 -4.21767e-02

 5.63771e-02 -4.71764e-02
 5.13902e-02 -5.33610e-02
 5.37207e-02 -5.24608e-02
 5.17759e-02 -5.08926e-02
 5.13902e-02 -5.33610e-02

 5.69395e-02 -5.44239e-02
 5.02644e-02 -6.27888e-02
 5.25903e-02 -6.18768e-02
 5.06376e-02 -6.03185e-02
 5.02644e-02 -6.27888e-02

 5.75018e-02 -6.16715e-02
 4.99901e-02 -7.05391e-02
 5.23418e-02 -6.96956e-02
 5.04355e-02 -6.80807e-02
 4.99901e-02 -7.05391e-02

 5.80642e-02 -6.89191e-02
 5.13924e-02 -7.64530e-02
 5.37620e-02 -7.56614e-02
 5.18917e-02 -7.40051e-02
 5.13924e-02 -7.64530e-02

 5.86266e-02 -7.61666e-02
 5.42822e-02 -8.11516e-02
 5.66455e-02 -8.03411e-02
 5.47620e-02 -7.86997e-02
 5.42822e-02 -8.11516e-02

 5.91890e-02 -8.34142e-02
 5.75243e-02 -8.55596e-02
 5.98376e-02 -8.46160e-02
 5.78637e-02 -8.30845e-02
 5.75243e-02 -8.55596e-02

 5.97513e-02 -9.06618e-02
 5.97208e-02 -9.11342e-02
 6.11068e-02 -8.90556e-02
 5.86137e-02 -8.88946e-02
 5.97208e-02 -9.11342e-02

 5.91113e-02 -9.67234e-02
 5.90790e-02 -9.67443e-02
 6.15742e-02 -9.66206e-02
 6.02195e-02 -9.45215e-02
 5.90790e-02 -9.67443e-02

 6.23673e-02 -3.97588e-02
 5.71278e-02 -4.89961e-02
 5.92818e-02 -4.77304e-02
 5.71087e-02 -4.64978e-02
 5.71278e-02 -4.89961e-02

 6.32289e-02 -4.72853e-02
 5.67854e-02 -5.81705e-02
 5.89625e-02 -5.69449e-02
 5.68126e-02 -5.56723e-02
 5.67854e-02 -5.81705e-02

 6.40904e-02 -5.48117e-02
 5.72715e-02 -6.55068e-02
 5.94879e-02 -6.43540e-02
 5.73813e-02 -6.30109e-02
 5.72715e-02 -6.55068e-02

 6.49519e-02 -6.23382e-02
 5.88830e-02 -7.12792e-02
 6.11317e-02 -7.01906e-02
 5.90646e-02 -6.87875e-02
 5.88830e-02 -7.12792e-02

 6.58135e-02 -6.98647e-02
 6.20323e-02 -7.56033e-02
 6.42658e-02 -7.44839e-02
 6.21796e-02 -7.31093e-02
 6.20323e-02 -7.56033e-02

 6.66750e-02 -7.73911e-02
 6.55940e-02 -7.96538e-02
 6.76539e-02 -7.82400e-02
 6.53996e-02 -7.71630e-02
 6.55940e-02 -7.96538e-02

 6.75366e-02 -8.49176e-02
 6.81258e-02 -8.50252e-02
 6.62216e-02 -8.34078e-02
 6.57730e-02 -8.58655e-02
 6.81258e-02 -8.50252e-02

 6.71786e-02 -9.12750e-02
 6.74075e-02 -9.10981e-02
 6.49317e-02 -9.14329e-02
 6.64596e-02 -9.34096e-02
 6.74075e-02 -9.10981e-02

 6.89281e-02 -3.95805e-02
 6.33381e-02 -5.33810e-02
 6.53081e-02 -5.18446e-02
 6.29926e-02 -5.09066e-02
 6.33381e-02 -5.33810e-02

 7.01050e-02 -4.73692e-02
 6.43307e-02 -6.01504e-02
 6.63598e-02 -5.86930e-02
 6.40831e-02 -5.76644e-02
 6.43307e-02 -6.01504e-02

 7.12820e-02 -5.51580e-02
 6.63099e-02 -6.53197e-02
 6.83828e-02 -6.39252e-02
 6.61388e-02 -6.28272e-02
 6.63099e-02 -6.53197e-02

 7.24590e-02 -6.29467e-02
 6.94660e-02 -6.92817e-02
 7.15197e-02 -6.78591e-02
 6.92608e-02 -6.67918e-02
 6.94660e-02 -6.92817e-02

 7.36360e-02 -7.07355e-02
 7.32189e-02 -7.28545e-02
 7.48624e-02 -7.09729e-02
 7.24111e-02 -7.04904e-02
 7.32189e-02 -7.28545e-02

 7.48130e-02 -7.85242e-02
 7.60689e-02 -7.81434e-02
 7.36359e-02 -7.75758e-02
 7.43608e-02 -7.99666e-02
 7.60689e-02 -7.81434e-02

 7.47565e-02 -8.51596e-02
 7.52833e-02 -8.46757e-02
 7.28449e-02 -8.52193e-02
 7.45349e-02 -8.70593e-02
 7.52833e-02 -8.46757e-02

 7.54964e-02 -3.93933e-02
 7.13484e-02 -5.37497e-02
 7.31491e-02 -5.20178e-02
 7.07489e-02 -5.13244e-02
 7.13484e-02 -5.37497e-02

 7.70041e-02 -4.74267e-02
 7.35079e-02 -5.84773e-02
 7.53515e-02 -5.67912e-02
 7.29696e-02 -5.60376e-02
 7.35079e-02 -5.84773e-02

 7.85117e-02 -5.54601e-02
 7.67621e-02 -6.20064e-02
 7.85276e-02 -6.02387e-02
 7.61140e-02 -5.95936e-02
 7.67621e-02 -6.20064e-02

 8.00193e-02 -6.34934e-02
 8.04437e-02 -6.53004e-02
 8.11651e-02 -6.29085e-02
 7.87330e-02 -6.34797e-02
 8.04437e-02 -6.53004e-02

 8.15270e-02 -7.15268e-02
 8.34750e-02 -7.04466e-02
 8.09771e-02 -7.04034e-02
 8.21886e-02 -7.25883e-02
 8.34750e-02 -7.04466e-02

 8.17899e-02 -7.84212e-02
 8.25874e-02 -7.75530e-02
 8.02038e-02 -7.83014e-02
 8.20438e-02 -7.99914e-02
 8.25874e-02 -7.75530e-02

 8.20718e-02 -3.91969e-02
 8.00707e-02 -5.00433e-02
 8.16917e-02 -4.81423e-02
 7.92348e-02 -4.76890e-02
 8.00707e-02 -5.00433e-02

 8.39242e-02 -4.74562e-02
 8.33574e-02 -5.34062e-02
 8.48061e-02 -5.13708e-02
 8.23190e-02 -5.11339e-02
 8.33574e-02 -5.34062e-02

 8.57766e-02 -5.57156e-02
 8.70797e-02 -5.66441e-02
 8.60425e-02 -5.43713e-02
 8.45928e-02 -5.64059e-02
 8.70797e-02 -5.66441e-02

 8.76290e-02 -6.39750e-02
 9.01863e-02 -6.19954e-02
 8.77107e-02 -6.23320e-02
 8.92400e-02 -6.43076e-02
 9.01863e-02 -6.19954e-02

 8.82279e-02 -7.11080e-02
 8.92972e-02 -6.97247e-02
 8.69857e-02 -7.06726e-02
 8.89623e-02 -7.22005e-02
 8.92972e-02 -6.97247e-02

 8.86536e-02 -3.89906e-02
 8.91475e-02 -4.36118e-02
 9.01597e-02 -4.13277e-02
 8.76755e-02 -4.15932e-02
 8.91475e-02 -4.36118e-02

 9.08637e-02 -4.74565e-02
 9.28106e-02 -4.69948e-02
 9.04172e-02 -4.62786e-02
 9.09936e-02 -4.87095e-02
 9.28106e-02 -4.69948e-02

 9.30737e-02 -5.59224e-02
 9.60484e-02 -5.28734e-02
 9.36434e-02 -5.35497e-02
 9.54316e-02 -5.52944e-02
 9.60484e-02 -5.28734e-02

 9.40239e-02 -6.32726e-02
 9.52709e-02 -6.13405e-02
 9.30481e-02 -6.24811e-02
 9.51472e-02 -6.38358e-02
 9.52709e-02 -6.13405e-02

 9.52413e-02 -3.87743e-02
 9.75414e-02 -3.67901e-02
 9.50871e-02 -3.72575e-02
 9.67190e-02 -3.91492e-02
 9.75414e-02 -3.67901e-02

 9.78206e-02 -4.74263e-02
 1.00832e-01 -4.32354e-02
 9.85546e-02 -4.42637e-02
 1.00584e-01 -4.57214e-02
 1.00832e-01 -4.32354e-02

 9.91357e-02 -5.49712e-02
 1.00433e-01 -5.25295e-02
 9.83144e-02 -5.38545e-02
 1.00521e-01 -5.50263e-02
 1.00433e-01 -5.25295e-02

 1.01834e-01 -3.85474e-02
 1.04687e-01 -3.34978e-02
 1.02535e-01 -3.47672e-02
 1.04710e-01 -3.59960e-02
 1.04687e-01 -3.34978e-02

 1.03526e-01 -4.62635e-02
 1.04800e-01 -4.32785e-02
 1.02802e-01 -4.47783e-02
 1.05100e-01 -4.57588e-02
 1.04800e-01 -4.32785e-02

 1.07163e-01 -3.72121e-02
 1.08125e-01 -3.42958e-02
 1.06261e-01 -3.59596e-02
 1.08634e-01 -3.67417e-02
 1.08125e-01 -3.42958e-02

 1.07478e-01 -3.14796e-02
 1.08689e-01 -2.72034e-02
 1.06897e-01 -2.89448e-02
 1.09301e-01 -2.96255e-02
 1.08689e-01 -2.72034e-02

 1.08809e-01 -2.67494e-02
 1.09897e-01 -2.21755e-02
 1.08181e-01 -2.39913e-02
 1.10612e-01 -2.45694e-02
 1.09897e-01 -2.21755e-02

 1.09924e-01 -2.19630e-02
 1.10824e-01 -1.73073e-02
 1.09187e-01 -1.91944e-02
 1.11640e-01 -1.96688e-02
 1.10824e-01 -1.73073e-02

 1.10818e-01 -1.71304e-02
 1.11518e-01 -1.24560e-02
 1.09962e-01 -1.44109e-02
 1.12433e-01 -1.47807e-02
 1.11518e-01 -1.24560e-02

 1.11490e-01 -1.22618e-02
 1.11979e-01 -7.66936e-03
 1.10508e-01 -9.68847e-03
 1.12992e-01 -9.95313e-03
 1.11979e-01 -7.66936e-03

 1.11939e-01 -7.36740e-03
 1.12222e-01 -2.92962e-03
 1.10838e-01 -5.00936e-03
 1.13331e-01 -5.16834e-03
 1.12222e-01 -2.92962e-03

 1.12164e-01 -2.45752e-03
 1.12254e-01  1.76864e-03
 1.10959e-01 -3.67967e-04
 1.13457e-01 -4.20995e-04
 1.12254e-01  1.76864e-03

 1.12164e-01  2.45752e-03
 1.12080e-01  6.41787e-03
 1.10877e-01  4.22823e-03
 1.13375e-01  4.28125e-03
 1.12080e-01  6.41787e-03

 1.11939e-01  7.36740e-03
 1.11705e-01  1.10439e-02
 1.10596e-01  8.80521e-03
 1.13089e-01  8.96420e-03
 1.11705e-01  1.10439e-02

 1.11490e-01  1.22618e-02
 1.11134e-01  1.56060e-02
 1.10121e-01  1.33223e-02
 1.12605e-01  1.35869e-02
 1.11134e-01  1.56060e-02

 1.10818e-01  1.71304e-02
 1.10362e-01  2.01741e-02
 1.09447e-01  1.78494e-02
 1.11918e-01  1.82192e-02
 1.10362e-01  2.01741e-02

 1.09924e-01  2.19630e-02
 1.09412e-01  2.46067e-02
 1.08597e-01  2.22453e-02
 1.11050e-01  2.27196e-02
 1.09412e-01  2.46067e-02

 1.08809e-01  2.67494e-02
 1.08244e-01  2.91256e-02
 1.07530e-01  2.67316e-02
 1.09960e-01  2.73097e-02
 1.08244e-01  2.91256e-02

 1.07478e-01  3.14796e-02
 1.06979e-01  3.32416e-02
 1.06366e-01  3.08195e-02
 1.08770e-01  3.15002e-02
 1.06979e-01  3.32416e-02

 1.01186e-01 -3.17882e-02
 1.03669e-01 -2.63304e-02
 1.01636e-01 -2.77822e-02
 1.03910e-01 -2.88171e-02
 1.03669e-01 -2.63304e-02

 1.02724e-01 -2.70467e-02
 1.04741e-01 -2.10564e-02
 1.02867e-01 -2.27081e-02
 1.05234e-01 -2.35056e-02
 1.04741e-01 -2.10564e-02

 1.04012e-01 -2.22310e-02
 1.05526e-01 -1.58597e-02
 1.03811e-01 -1.76758e-02
 1.06241e-01 -1.82536e-02
 1.05526e-01 -1.58597e-02

 1.05047e-01 -1.73543e-02
 1.06060e-01 -1.07892e-02
 1.04495e-01 -1.27370e-02
 1.06964e-01 -1.31180e-02
 1.06060e-01 -1.07892e-02

 1.05825e-01 -1.24300e-02
 1.06346e-01 -5.85345e-03
 1.04930e-01 -7.91166e-03
 1.07421e-01 -8.10895e-03
 1.06346e-01 -5.85345e-03

 1.06345e-01 -7.47169e-03
 1.06402e-01 -1.05749e-03
 1.05134e-01 -3.20992e-03
 1.07632e-01 -3.23211e-03
 1.06402e-01 -1.05749e-03

 1.06606e-01 -2.49284e-03
 1.06241e-01  3.60757e-03
 1.05124e-01  1.37331e-03
 1.07617e-01  1.52231e-03
 1.06241e-01  3.60757e-03

 1.06606e-01  2.49284e-03
 1.05880e-01  8.13506e-03
 1.04917e-01  5.82973e-03
 1.07395e-01  6.14854e-03
 1.05880e-01  8.13506e-03

 1.06345e-01  7.47169e-03
 1.05322e-01  1.25560e-02
 1.04525e-01  1.01885e-02
 1.06974e-01  1.06813e-02
 1.05322e-01  1.25560e-02

 1.05825e-01  1.24300e-02
 1.04585e-01  1.68418e-02
 1.03968e-01  1.44209e-02
 1.06373e-01  1.50971e-02
 1.04585e-01  1.68418e-02

 1.05047e-01  1.73543e-02
 1.03651e-01  2.10363e-02
 1.03250e-01  1.85704e-02
 1.05586e-01  1.94561e-02
 1.03651e-01  2.10363e-02

 1.04012e-01  2.22310e-02
 1.02544e-01  2.50653e-02
 1.02430e-01  2.25696e-02
 1.04648e-01  2.37182e-02
 1.02544e-01  2.50653e-02

 1.02724e-01  2.70467e-02
 1.01207e-01  2.89374e-02
 1.01586e-01  2.64680e-02
 1.03535e-01  2.80311e-02
 1.01207e-01  2.89374e-02

 1.01186e-01  3.17882e-02
 9.96536e-02  3.26159e-02
 1.00963e-01  3.04884e-02
 1.02151e-01  3.26865e-02
 9.96536e-02  3.26159e-02

 9.48956e-02 -3.21001e-02
 9.63354e-02 -3.19849e-02
 9.40790e-02 -3.09124e-02
 9.42784e-02 -3.34027e-02
 9.63354e-02 -3.19849e-02

 9.66440e-02 -2.73523e-02
 9.78560e-02 -2.64173e-02
 9.53799e-02 -2.67498e-02
 9.69059e-02 -2.87280e-02
 9.78560e-02 -2.64173e-02

 9.81104e-02 -2.25097e-02
 9.89935e-02 -2.08459e-02
 9.68758e-02 -2.21714e-02
 9.90826e-02 -2.33426e-02
 9.89935e-02 -2.08459e-02

 9.92898e-02 -1.75890e-02
 9.97767e-02 -1.53348e-02
 9.80989e-02 -1.71859e-02
 1.00541e-01 -1.77133e-02
 9.97767e-02 -1.53348e-02

 1.00178e-01 -1.26073e-02
 1.00232e-01 -9.95012e-03
 9.89391e-02 -1.20878e-02
 1.01437e-01 -1.21388e-02
 1.00232e-01 -9.95012e-03

 1.00772e-01 -7.58193e-03
 1.00382e-01 -4.73734e-03
 9.94381e-02 -7.05037e-03
 1.01913e-01 -6.71156e-03
 1.00382e-01 -4.73734e-03

 1.01069e-01 -2.53024e-03
 1.00254e-01  2.79631e-04
 9.96572e-02 -2.14625e-03
 1.02057e-01 -1.45057e-03
 1.00254e-01  2.79631e-04

 1.01069e-01  2.53024e-03
 9.98811e-02  5.07178e-03
 9.96656e-02  2.58276e-03
 1.01929e-01  3.64068e-03
 9.98811e-02  5.07178e-03

 1.00772e-01  7.58193e-03
 9.92784e-02  9.64552e-03
 9.95348e-02  7.16039e-03
 1.01559e-01  8.62501e-03
 9.92784e-02  9.64552e-03

 1.00178e-01  1.26073e-02
 9.84758e-02  1.39564e-02
 9.93955e-02  1.16335e-02
 1.00947e-01  1.35914e-02
 9.84758e-02  1.39564e-02

 9.92898e-02  1.75890e-02
 9.74562e-02  1.80304e-02
 9.92674e-02  1.63096e-02
 9.98521e-02  1.87385e-02
 9.74562e-02  1.80304e-02

 9.81104e-02  2.25097e-02
 9.62338e-02  2.17704e-02
 9.87047e-02  2.14012e-02
 9.77889e-02  2.37257e-02
 9.62338e-02  2.17704e-02

 9.66440e-02  2.73523e-02
 9.47848e-02  2.52753e-02
 9.71586e-02  2.60543e-02
 9.52971e-02  2.77206e-02
 9.47848e-02  2.52753e-02

 9.48956e-02  3.21001e-02
 9.32013e-02  2.84586e-02
 9.52466e-02  2.98933e-02
 9.29814e-02  3.09472e-02
 9.32013e-02  2.84586e-02

 8.86078e-02 -3.24155e-02
 8.83872e-02 -3.92622e-02
 8.97054e-02 -3.71399e-02
 8.72084e-02 -3.70594e-02
 8.83872e-02 -3.92622e-02

 9.05712e-02 -2.76667e-02
 9.05249e-02 -3.37202e-02
 9.17906e-02 -3.15662e-02
 8.92923e-02 -3.15471e-02
 9.05249e-02 -3.37202e-02

 9.22203e-02 -2.27996e-02
 9.22058e-02 -2.80146e-02
 9.34610e-02 -2.58545e-02
 9.09627e-02 -2.58475e-02
 9.22058e-02 -2.80146e-02

 9.35483e-02 -1.78350e-02
 9.34109e-02 -2.22623e-02
 9.47266e-02 -2.01384e-02
 9.22294e-02 -2.00610e-02
 9.34109e-02 -2.22623e-02

 9.45492e-02 -1.27941e-02
 9.41852e-02 -1.65521e-02
 9.56372e-02 -1.45190e-02
 9.31505e-02 -1.42781e-02
 9.41852e-02 -1.65521e-02

 9.52189e-02 -7.69840e-03
 9.45508e-02 -1.09797e-02
 9.62066e-02 -9.10882e-03
 9.37585e-02 -8.61036e-03
 9.45508e-02 -1.09797e-02

 9.55545e-02 -2.56980e-03
 9.45487e-02 -5.61176e-03
 9.64140e-02 -3.94966e-03
 9.40419e-02 -3.16538e-03
 9.45487e-02 -5.61176e-03

 9.55545e-02  2.56980e-03
 9.42205e-02 -5.14882e-04
 9.62259e-02  9.75150e-04
 9.39328e-02  1.96682e-03
 9.42205e-02 -5.14882e-04

 9.52189e-02  7.69840e-03
 9.35868e-02  4.26970e-03
 9.56446e-02  5.68635e-03
 9.33888e-02  6.76018e-03
 9.35868e-02  4.26970e-03

 9.45492e-02  1.27941e-02
 9.26882e-02  8.69107e-03
 9.47195e-02  1.01455e-02
 9.24443e-02  1.11775e-02
 9.26882e-02  8.69107e-03

 9.35483e-02  1.78350e-02
 9.15142e-02  1.27594e-02
 9.34786e-02  1.43031e-02
 9.11595e-02  1.52324e-02
 9.15142e-02  1.27594e-02

 9.22203e-02  2.27996e-02
 9.01301e-02  1.64986e-02
 9.19969e-02  1.81589e-02
 8.96257e-02  1.89455e-02
 9.01301e-02  1.64986e-02

 9.05712e-02  2.76667e-02
 8.85883e-02  2.01043e-02
 9.03453e-02  2.18804e-02
 8.79287e-02  2.25140e-02
 8.85883e-02  2.01043e-02

 8.86078e-02  3.24155e-02
 8.70429e-02  2.37710e-02
 8.86575e-02  2.56775e-02
 8.61992e-02  2.61226e-02
 8.70429e-02  2.37710e-02

 8.23223e-02 -3.27344e-02
 8.00821e-02 -4.55461e-02
 8.16853e-02 -4.36299e-02
 7.92243e-02 -4.31996e-02
 8.00821e-02 -4.55461e-02

 8.45051e-02 -2.79902e-02
 8.28729e-02 -4.03859e-02
 8.43938e-02 -3.84039e-02
 8.19169e-02 -3.80777e-02
 8.28729e-02 -4.03859e-02

 8.63418e-02 -2.31013e-02
 8.51699e-02 -3.49118e-02
 8.66266e-02 -3.28821e-02
 8.41405e-02 -3.26355e-02
 8.51699e-02 -3.49118e-02

 8.78227e-02 -1.80928e-02
 8.69007e-02 -2.92188e-02
 8.83242e-02 -2.71658e-02
 8.58345e-02 -2.69594e-02
 8.69007e-02 -2.92188e-02

 8.89402e-02 -1.29907e-02
 8.81069e-02 -2.34404e-02
 8.95241e-02 -2.13830e-02
 8.70337e-02 -2.11844e-02
 8.81069e-02 -2.34404e-02

 8.96884e-02 -7.82140e-03
 8.87892e-02 -1.77070e-02
 9.02293e-02 -1.56654e-02
 8.77412e-02 -1.54392e-02
 8.87892e-02 -1.77070e-02

 9.00635e-02 -2.61164e-03
 8.89953e-02 -1.21278e-02
 9.04780e-02 -1.01170e-02
 8.79953e-02 -9.83831e-03
 8.89953e-02 -1.21278e-02

 9.00635e-02  2.61164e-03
 8.87663e-02 -6.80080e-03
 9.02992e-02 -4.82798e-03
 8.78242e-02 -4.48691e-03
 8.87663e-02 -6.80080e-03

 8.96884e-02  7.82140e-03
 8.81382e-02 -1.78166e-03
 8.97162e-02  1.55224e-04
 8.72498e-02  5.53372e-04
 8.81382e-02 -1.78166e-03

 8.89402e-02  1.29907e-02
 8.71905e-02  2.92119e-03
 8.87916e-02  4.83902e-03
 8.63302e-02  5.26671e-03
 8.71905e-02  2.92119e-03

 8.78227e-02  1.80928e-02
 8.59647e-02  7.39145e-03
 8.75656e-02  9.30948e-03
 8.51041e-02  9.73686e-03
 8.59647e-02  7.39145e-03

 8.63418e-02  2.31013e-02
 8.46169e-02  1.17589e-02
 8.61771e-02  1.37101e-02
 8.37072e-02  1.40857e-02
 8.46169e-02  1.17589e-02

 8.45051e-02  2.79902e-02
 8.32093e-02  1.62586e-02
 8.46884e-02  1.82720e-02
 8.22052e-02  1.85463e-02
 8.32093e-02  1.62586e-02

 8.23223e-02  3.27344e-02
 8.18192e-02  2.09141e-02
 8.31592e-02  2.30226e-02
 8.06632e-02  2.31289e-02
 8.18192e-02  2.09141e-02

 7.60390e-02 -3.30570e-02
 7.22185e-02 -4.89436e-02
 7.39389e-02 -4.71320e-02
 7.15099e-02 -4.65479e-02
 7.22185e-02 -4.89436e-02

 7.84461e-02 -2.83232e-02
 7.55171e-02 -4.46387e-02
 7.71289e-02 -4.27299e-02
 7.46699e-02 -4.22885e-02
 7.55171e-02 -4.46387e-02

 8.04752e-02 -2.34151e-02
 7.83657e-02 -3.98573e-02
 7.98800e-02 -3.78702e-02
 7.74020e-02 -3.75523e-02
 7.83657e-02 -3.98573e-02

 8.21138e-02 -1.83629e-02
 8.05959e-02 -3.45892e-02
 8.20412e-02 -3.25514e-02
 7.95537e-02 -3.23187e-02
 8.05959e-02 -3.45892e-02

 8.33516e-02 -1.31977e-02
 8.22295e-02 -2.90418e-02
 8.36284e-02 -2.69718e-02
 8.11363e-02 -2.67953e-02
 8.22295e-02 -2.90418e-02

 8.41811e-02 -7.95123e-03
 8.32339e-02 -2.33339e-02
 8.46137e-02 -2.12512e-02
 8.21201e-02 -2.10976e-02
 8.32339e-02 -2.33339e-02

 8.45971e-02 -2.65586e-03
 8.36522e-02 -1.76128e-02
 8.50353e-02 -1.55323e-02
 8.25419e-02 -1.53748e-02
 8.36522e-02 -1.76128e-02

 8.45971e-02  2.65586e-03
 8.35334e-02 -1.19828e-02
 8.49361e-02 -9.91544e-03
 8.24443e-02 -9.73437e-03
 8.35334e-02 -1.19828e-02

 8.41811e-02  7.95123e-03
 8.29441e-02 -6.50108e-03
 8.43733e-02 -4.45187e-03
 8.18840e-02 -4.23882e-03
 8.29441e-02 -6.50108e-03

 8.33516e-02  1.31977e-02
 8.20126e-02 -1.14222e-03
 8.34575e-02  8.95881e-04
 8.09700e-02  1.12816e-03
 8.20126e-02 -1.14222e-03

 8.21138e-02  1.83629e-02
 8.08077e-02  4.16390e-03
 8.22498e-02  6.20399e-03
 7.97620e-02  6.43283e-03
 8.08077e-02  4.16390e-03

 8.04752e-02  2.34151e-02
 7.94958e-02  9.51515e-03
 8.08939e-02  1.15856e-02
 7.84018e-02  1.17612e-02
 7.94958e-02  9.51515e-03

 7.84461e-02  2.83232e-02
 7.80794e-02  1.49834e-02
 7.93875e-02  1.71118e-02
 7.68901e-02  1.71805e-02
 7.80794e-02  1.49834e-02

 7.60390e-02  3.30570e-02
 7.65386e-02  2.04622e-02
 7.77010e-02  2.26736e-02
 7.52046e-02  2.25746e-02
 7.65386e-02  2.04622e-02

 6.97580e-02 -3.33835e-02
 6.48655e-02 -4.80222e-02
 6.67361e-02 -4.63661e-02
 6.43666e-02 -4.55742e-02
 6.48655e-02 -4.80222e-02

 7.23943e-02 -2.86660e-02
 6.84902e-02 -4.47750e-02
 7.02138e-02 -4.29665e-02
 6.77858e-02 -4.23780e-02
 6.84902e-02 -4.47750e-02

 7.46212e-02 -2.37417e-02
 7.17006e-02 -4.09829e-02
 7.32936e-02 -3.90583e-02
 7.08304e-02 -3.86410e-02
 7.17006e-02 -4.09829e-02

 7.64223e-02 -1.86459e-02
 7.43651e-02 -3.64807e-02
 7.58539e-02 -3.44745e-02
 7.33720e-02 -3.41882e-02
 7.43651e-02 -3.64807e-02

 7.77847e-02 -1.34155e-02
 7.64105e-02 -3.14701e-02
 7.78203e-02 -2.94076e-02
 7.53292e-02 -2.92180e-02
 7.64105e-02 -3.14701e-02

 7.86984e-02 -8.08825e-03
 7.77901e-02 -2.60360e-02
 7.91470e-02 -2.39383e-02
 7.66519e-02 -2.38120e-02
 7.77901e-02 -2.60360e-02

 7.91570e-02 -2.70259e-03
 7.85080e-02 -2.03155e-02
 7.98360e-02 -1.81994e-02
 7.73394e-02 -1.81074e-02
 7.85080e-02 -2.03155e-02

 7.91570e-02  2.70259e-03
 7.86033e-02 -1.44237e-02
 7.99217e-02 -1.23016e-02
 7.74247e-02 -1.22208e-02
 7.86033e-02 -1.44237e-02

 7.86984e-02  8.08825e-03
 7.81432e-02 -8.44742e-03
 7.94643e-02 -6.32694e-03
 7.69673e-02 -6.24310e-03
 7.81432e-02 -8.44742e-03

 7.77847e-02  1.34155e-02
 7.72852e-02 -2.40289e-03
 7.86020e-02 -2.79776e-04
 7.61049e-02 -2.00931e-04
 7.72852e-02 -2.40289e-03

 7.64223e-02  1.86459e-02
 7.60612e-02  3.67419e-03
 7.73622e-02  5.80706e-03
 7.48646e-02  5.86729e-03
 7.60612e-02  3.67419e-03

 7.46212e-02  2.37417e-02
 7.46968e-02  9.78878e-03
 7.59342e-02  1.19591e-02
 7.34359e-02  1.19456e-02
 7.46968e-02  9.78878e-03

 7.23943e-02  2.86660e-02
 7.30442e-02  1.59111e-02
 7.41817e-02  1.81355e-02
 7.16866e-02  1.80083e-02
 7.30442e-02  1.59111e-02

 6.97580e-02  3.33835e-02
 7.11860e-02  2.18789e-02
 7.21591e-02  2.41799e-02
 6.96798e-02  2.38722e-02
 7.11860e-02  2.18789e-02

 6.34793e-02 -3.37140e-02
 5.94050e-02 -4.27034e-02
 6.14359e-02 -4.12484e-02
 5.91604e-02 -4.02171e-02
 5.94050e-02 -4.27034e-02

 6.63500e-02 -2.90192e-02
 6.29905e-02 -4.01983e-02
 6.48095e-02 -3.84857e-02
 6.24169e-02 -3.77667e-02
 6.29905e-02 -4.01983e-02

 6.87800e-02 -2.40817e-02
 6.62677e-02 -3.72488e-02
 6.79003e-02 -3.53577e-02
 6.54462e-02 -3.48894e-02
 6.62677e-02 -3.72488e-02

 7.07490e-02 -1.89425e-02
 6.90525e-02 -3.36122e-02
 7.05420e-02 -3.16064e-02
 6.80602e-02 -3.13194e-02
 6.90525e-02 -3.36122e-02

 7.22404e-02 -1.36448e-02
 7.12426e-02 -2.93670e-02
 7.26263e-02 -2.72868e-02
 7.01330e-02 -2.71286e-02
 7.12426e-02 -2.93670e-02

 7.32416e-02 -8.23282e-03
 7.27786e-02 -2.44894e-02
 7.40888e-02 -2.23622e-02
 7.15915e-02 -2.22911e-02
 7.27786e-02 -2.44894e-02

 7.37443e-02 -2.75195e-03
 7.36269e-02 -1.90688e-02
 7.48916e-02 -1.69142e-02
 7.23934e-02 -1.68962e-02
 7.36269e-02 -1.90688e-02

 7.37443e-02  2.75195e-03
 7.37842e-02 -1.31774e-02
 7.50279e-02 -1.10106e-02
 7.25296e-02 -1.10169e-02
 7.37842e-02 -1.31774e-02

 7.32416e-02  8.23282e-03
 7.32992e-02 -6.96949e-03
 7.45402e-02 -4.80116e-03
 7.20419e-02 -4.81063e-03
 7.32992e-02 -6.96949e-03

 7.22404e-02  1.36448e-02
 7.23006e-02 -4.75267e-04
 7.35405e-02  1.69365e-03
 7.10422e-02  1.68300e-03
 7.23006e-02 -4.75267e-04

 7.07490e-02  1.89425e-02
 7.08301e-02  6.07062e-03
 7.20656e-02  8.24206e-03
 6.95674e-02  8.22632e-03
 7.08301e-02  6.07062e-03

 6.87800e-02  2.40817e-02
 6.90800e-02  1.27662e-02
 7.02714e-02  1.49622e-02
 6.77739e-02  1.48960e-02
 6.90800e-02  1.27662e-02

 6.63500e-02  2.90192e-02
 6.69573e-02  1.93277e-02
 6.80687e-02  2.15652e-02
 6.55753e-02  2.14090e-02
 6.69573e-02  1.93277e-02

 6.34793e-02  3.37140e-02
 6.44496e-02  2.58405e-02
 6.54247e-02  2.81406e-02
 6.29452e-02  2.78351e-02
 6.44496e-02  2.58405e-02

 5.72030e-02 -3.40487e-02
 5.55818e-02 -3.44650e-02
 5.79882e-02 -3.51367e-02
 5.73667e-02 -3.27169e-02
 5.55818e-02 -3.44650e-02

 6.03133e-02 -2.93833e-02
 5.88371e-02 -3.16493e-02
 6.10648e-02 -3.05183e-02
 5.89715e-02 -2.91546e-02
 5.88371e-02 -3.16493e-02

 6.29524e-02 -2.44357e-02
 6.17242e-02 -2.85607e-02
 6.35388e-02 -2.68435e-02
 6.11444e-02 -2.61305e-02
 6.17242e-02 -2.85607e-02

 6.50948e-02 -1.92533e-02
 6.42105e-02 -2.51094e-02
 6.57687e-02 -2.31566e-02
 6.32984e-02 -2.27835e-02
 6.42105e-02 -2.51094e-02

 6.67199e-02 -1.38860e-02
 6.61747e-02 -2.12708e-02
 6.75798e-02 -1.92051e-02
 6.50883e-02 -1.90211e-02
 6.61747e-02 -2.12708e-02

 6.78121e-02 -8.38535e-03
 6.75930e-02 -1.69349e-02
 6.88972e-02 -1.48040e-02
 6.63997e-02 -1.47400e-02
 6.75930e-02 -1.69349e-02

 6.83608e-02 -2.80410e-03
 6.83903e-02 -1.20249e-02
 6.96326e-02 -9.85731e-03
 6.71343e-02 -9.86531e-03
 6.83903e-02 -1.20249e-02

 6.83608e-02  2.80410e-03
 6.85012e-02 -6.50566e-03
 6.97176e-02 -4.32346e-03
 6.72196e-02 -4.36113e-03
 6.85012e-02 -6.50566e-03

 6.78121e-02  8.38535e-03
 6.78862e-02 -4.58969e-04
 6.91172e-02  1.71504e-03
 6.66190e-02  1.69410e-03
 6.78862e-02 -4.58969e-04

 6.67199e-02  1.38860e-02
 6.66594e-02  6.11126e-03
 6.79254e-02  8.26509e-03
 6.54271e-02  8.28452e-03
 6.66594e-02  6.11126e-03

 6.50948e-02  1.92533e-02
 6.47246e-02  1.28269e-02
 6.60962e-02  1.49151e-02
 6.36020e-02  1.50588e-02
 6.47246e-02  1.28269e-02

 6.29524e-02  2.44357e-02
 6.24740e-02  1.99254e-02
 6.39444e-02  2.19452e-02
 6.14600e-02  2.22087e-02
 6.24740e-02  1.99254e-02

 6.03133e-02  2.93833e-02
 5.94152e-02  2.67106e-02
 6.12885e-02  2.83636e-02
 5.89203e-02  2.91594e-02
 5.94152e-02  2.67106e-02

 5.72030e-02  3.40487e-02
 5.62249e-02  3.36017e-02
 5.87119e-02  3.33647e-02
 5.76736e-02  3.56371e-02
 5.62249e-02  3.36017e-02

 5.09292e-02 -3.43878e-02
 5.44526e-02 -2.64578e-02
 5.24326e-02 -2.79279e-02
 5.47157e-02 -2.89423e-02
 5.44526e-02 -2.64578e-02

 5.42846e-02 -2.97587e-02
 5.72416e-02 -2.27901e-02
 5.52465e-02 -2.42939e-02
 5.75464e-02 -2.52698e-02
 5.72416e-02 -2.27901e-02

 5.71388e-02 -2.48044e-02
 5.97296e-02 -1.88842e-02
 5.77178e-02 -2.03655e-02
 6.00066e-02 -2.13671e-02
 5.97296e-02 -1.88842e-02

 5.94606e-02 -1.95792e-02
 6.15439e-02 -1.46902e-02
 5.95466e-02 -1.61910e-02
 6.18449e-02 -1.71703e-02
 6.15439e-02 -1.46902e-02

 6.12246e-02 -1.41400e-02
 6.27218e-02 -1.01065e-02
 6.07978e-02 -1.17001e-02
 6.31399e-02 -1.25695e-02
 6.27218e-02 -1.01065e-02

 6.24114e-02 -8.54628e-03
 6.32823e-02 -5.20003e-03
 6.15284e-02 -6.97926e-03
 6.39462e-02 -7.60851e-03
 6.32823e-02 -5.20003e-03

 6.30080e-02 -2.85918e-03
 6.32482e-02  6.46135e-05
 6.18261e-02 -1.98947e-03
 6.43161e-02 -2.19400e-03
 6.32482e-02  6.46135e-05

 6.30080e-02  2.85918e-03
 6.25201e-02  5.68503e-03
 6.16573e-02  3.34043e-03
 6.41192e-02  3.76549e-03
 6.25201e-02  5.68503e-03

 6.24114e-02  8.54628e-03
 6.11425e-02  1.16305e-02
 6.08105e-02  9.15431e-03
 6.31209e-02  1.01048e-02
 6.11425e-02  1.16305e-02

 6.12246e-02  1.41400e-02
 5.89586e-02  1.81021e-02
 5.89484e-02  1.56038e-02
 6.11171e-02  1.68441e-02
 5.89586e-02  1.81021e-02

 5.94606e-02  1.95792e-02
 5.62193e-02  2.44597e-02
 5.63757e-02  2.19662e-02
 5.84569e-02  2.33484e-02
 5.62193e-02  2.44597e-02

 5.71388e-02  2.48044e-02
 5.26898e-02  3.15612e-02
 5.28364e-02  2.90671e-02
 5.49230e-02  3.04411e-02
 5.26898e-02  3.15612e-02

 5.42846e-02  2.97587e-02
 4.87651e-02  3.75912e-02
 4.89903e-02  3.51030e-02
 5.10325e-02  3.65421e-02
 4.87651e-02  3.75912e-02

 5.09292e-02  3.43878e-02
 4.43919e-02  4.44335e-02
 4.45250e-02  4.19388e-02
 4.66190e-02  4.33014e-02
 4.43919e-02  4.44335e-02

 4.46580e-02 -3.47315e-02
 5.22211e-02 -2.15746e-02
 5.00599e-02 -2.28278e-02
 5.22258e-02 -2.40729e-02
 5.22211e-02 -2.15746e-02

 4.82641e-02 -3.01460e-02
 5.49521e-02 -1.53382e-02
 5.29231e-02 -1.67958e-02
 5.51999e-02 -1.78242e-02
 5.49521e-02 -1.53382e-02

 5.13399e-02 -2.51887e-02
 5.72839e-02 -9.50675e-03
 5.53490e-02 -1.10872e-02
 5.76851e-02 -1.19726e-02
 5.72839e-02 -9.50675e-03

 5.38474e-02 -1.99209e-02
 5.88575e-02 -3.90536e-03
 5.70194e-02 -5.59734e-03
 5.94037e-02 -6.34324e-03
 5.88575e-02 -3.90536e-03

 5.57557e-02 -1.44073e-02
 5.95446e-02  1.63367e-03
 5.78315e-02 -1.84844e-04
 6.02630e-02 -7.59156e-04
 5.95446e-02  1.63367e-03

 5.70411e-02 -8.71609e-03
 5.93809e-02  7.14228e-03
 5.78293e-02  5.18416e-03
 6.03008e-02  4.81950e-03
 5.93809e-02  7.14228e-03

 5.76878e-02 -2.91736e-03
 5.84214e-02  1.28810e-02
 5.70732e-02  1.07777e-02
 5.95688e-02  1.06618e-02
 5.84214e-02  1.28810e-02

 5.76878e-02  2.91736e-03
 5.67365e-02  1.85779e-02
 5.56208e-02  1.63425e-02
 5.81146e-02  1.64940e-02
 5.67365e-02  1.85779e-02

 5.70411e-02  8.71609e-03
 5.43894e-02  2.46831e-02
 5.35115e-02  2.23441e-02
 5.59761e-02  2.27534e-02
 5.43894e-02  2.46831e-02

 5.57557e-02  1.44073e-02
 5.14166e-02  3.04738e-02
 5.07747e-02  2.80593e-02
 5.31866e-02  2.87107e-02
 5.14166e-02  3.04738e-02

 5.38474e-02  1.99209e-02
 4.78719e-02  3.66919e-02
 4.74214e-02  3.42345e-02
 4.97748e-02  3.50730e-02
 4.78719e-02  3.66919e-02

 5.13399e-02  2.51887e-02
 4.39646e-02  4.18723e-02
 4.36969e-02  3.93884e-02
 4.59819e-02  4.03985e-02
 4.39646e-02  4.18723e-02

 4.82641e-02  3.01460e-02
 3.92918e-02  4.71526e-02
 3.91966e-02  4.46561e-02
 4.14062e-02  4.58218e-02
 3.92918e-02  4.71526e-02

 4.46580e-02  3.47315e-02
 3.52168e-02  5.07935e-02
 3.52363e-02  4.82952e-02
 3.73901e-02  4.95612e-02
 3.52168e-02  5.07935e-02

 3.83892e-02 -3.50800e-02
 4.71891e-02 -2.62802e-02
 4.47759e-02 -2.69268e-02
 4.65425e-02 -2.86934e-02
 4.71891e-02 -2.62802e-02

 4.22520e-02 -3.05458e-02
 5.04415e-02 -2.00925e-02
 4.81238e-02 -2.10253e-02
 5.00905e-02 -2.25661e-02
 5.04415e-02 -2.00925e-02

 4.55562e-02 -2.55894e-02
 5.29220e-02 -1.34048e-02
 5.07337e-02 -1.46101e-02
 5.28717e-02 -1.59026e-02
 5.29220e-02 -1.34048e-02

 4.82562e-02 -2.02792e-02
 5.43377e-02 -6.76680e-03
 5.23106e-02 -8.22713e-03
 5.45888e-02 -9.25247e-03
 5.43377e-02 -6.76680e-03

 5.03146e-02 -1.46888e-02
 5.47889e-02 -3.30423e-04
 5.29526e-02 -2.02444e-03
 5.53378e-02 -2.76770e-03
 5.47889e-02 -3.30423e-04

 5.17030e-02 -8.89529e-03
 5.44299e-02  5.98573e-03
 5.28112e-02  4.08271e-03
 5.52686e-02  3.63239e-03
 5.44299e-02  5.98573e-03

 5.24020e-02 -2.97882e-03
 5.33174e-02  1.21545e-02
 5.19399e-02  1.00703e-02
 5.44336e-02  9.91944e-03
 5.33174e-02  1.21545e-02

 5.24020e-02  2.97882e-03
 5.14726e-02  1.83423e-02
 5.03564e-02  1.61072e-02
 5.28502e-02  1.62580e-02
 5.14726e-02  1.83423e-02

 5.17030e-02  8.89529e-03
 4.88876e-02  2.42577e-02
 4.80489e-02  2.19044e-02
 5.05063e-02  2.23547e-02
 4.88876e-02  2.42577e-02

 5.03146e-02  1.46888e-02
 4.55101e-02  3.01070e-02
 4.49612e-02  2.76697e-02
 4.73464e-02  2.84129e-02
 4.55101e-02  3.01070e-02

 4.82562e-02  2.02792e-02
 4.15822e-02  3.51083e-02
 4.13311e-02  3.26226e-02
 4.36093e-02  3.36480e-02
 4.15822e-02  3.51083e-02

 4.55562e-02  2.55894e-02
 3.69000e-02  3.99085e-02
 3.69503e-02  3.74107e-02
 3.90883e-02  3.87032e-02
 3.69000e-02  3.99085e-02

 4.22520e-02  3.05458e-02
 3.24740e-02  4.30264e-02
 3.28250e-02  4.05529e-02
 3.47917e-02  4.20936e-02
 3.24740e-02  4.30264e-02

 3.83892e-02  3.50800e-02
 2.67833e-02  4.66860e-02
 2.74299e-02  4.42728e-02
 2.91965e-02  4.60394e-02
 2.67833e-02  4.66860e-02

 3.62312e-02  4.03748e-02
 2.35535e-02  5.52118e-02
 2.40093e-02  5.27554e-02
 2.59087e-02  5.43784e-02
 2.35535e-02  5.52118e-02

 4.27932e-02  4.01897e-02
 3.21456e-02  5.38770e-02
 3.24881e-02  5.14023e-02
 3.44600e-02  5.29363e-02
 3.21456e-02  5.38770e-02

 4.93551e-02  4.00046e-02
 4.48644e-02  4.75315e-02
 4.49002e-02  4.50335e-02
 4.70457e-02  4.63135e-02
 4.48644e-02  4.75315e-02

 5.59171e-02  3.98195e-02
 5.63906e-02  3.76317e-02
 5.71538e-02  4.00106e-02
 5.47120e-02  3.94821e-02
 5.63906e-02  3.76317e-02

 6.24790e-02  3.96344e-02
 6.48060e-02  3.14469e-02
 6.54161e-02  3.38696e-02
 6.30129e-02  3.31866e-02
 6.48060e-02  3.14469e-02

 6.90410e-02  3.94493e-02
 7.14545e-02  2.85641e-02
 7.22057e-02  3.09468e-02
 6.97666e-02  3.04060e-02
 7.14545e-02  2.85641e-02

 7.56029e-02  3.92642e-02
 7.70837e-02  2.77062e-02
 7.80478e-02  3.00110e-02
 7.55697e-02  2.96935e-02
 7.70837e-02  2.77062e-02

 8.21649e-02  3.90791e-02
 8.25434e-02  2.84393e-02
 8.37148e-02  3.06459e-02
 8.12181e-02  3.05571e-02
 8.25434e-02  2.84393e-02

 8.87268e-02  3.88940e-02
 8.78788e-02  3.10725e-02
 8.93539e-02  3.30889e-02
 8.68701e-02  3.33582e-02
 8.78788e-02  3.10725e-02

 9.52888e-02  3.87089e-02
 9.40483e-02  3.55243e-02
 9.59976e-02  3.70870e-02
 9.36696e-02  3.79938e-02
 9.40483e-02  3.55243e-02

 1.01851e-01  3.85238e-02
 1.00382e-01  3.87621e-02
 1.02318e-01  3.71825e-02
 1.02718e-01  3.96486e-02
 1.00382e-01  3.87621e-02

 1.07163e-01  3.72121e-02
 1.06647e-01  3.85813e-02
 1.06242e-01  3.61160e-02
 1.08579e-01  3.69981e-02
 1.06647e-01  3.85813e-02

 3.60414e-02  4.66623e-02
 2.30171e-02  5.93870e-02
 2.36917e-02  5.69815e-02
 2.54377e-02  5.87685e-02
 2.30171e-02  5.93870e-02

 4.29145e-02  4.67353e-02
 3.60064e-02  5.45431e-02
 3.65046e-02  5.20950e-02
 3.83757e-02  5.37504e-02
 3.60064e-02  5.45431e-02

 4.97877e-02  4.68084e-02
 4.94114e-02  4.81793e-02
 4.87795e-02  4.57622e-02
 5.11887e-02  4.64235e-02
 4.94114e-02  4.81793e-02

 5.66609e-02  4.68815e-02
 6.00121e-02  4.13954e-02
 5.99502e-02  4.38929e-02
 5.78182e-02  4.25906e-02
 6.00121e-02  4.13954e-02

 6.35340e-02  4.69545e-02
 6.75651e-02  3.79990e-02
 6.78161e-02  4.04847e-02
 6.55379e-02  3.94593e-02
 6.75651e-02  3.79990e-02

 7.04072e-02  4.70276e-02
 7.39508e-02  3.68377e-02
 7.44200e-02  3.92915e-02
 7.20603e-02  3.84709e-02
 7.39508e-02  3.68377e-02

 7.72803e-02  4.71006e-02
 7.97761e-02  3.70986e-02
 8.04643e-02  3.95003e-02
 7.80403e-02  3.88954e-02
 7.97761e-02  3.70986e-02

 8.41535e-02  4.71737e-02
 8.53603e-02  3.85767e-02
 8.62966e-02  4.08930e-02
 8.38225e-02  4.05457e-02
 8.53603e-02  3.85767e-02

 9.10267e-02  4.72467e-02
 9.12193e-02  4.19595e-02
 9.23888e-02  4.41672e-02
 8.98922e-02  4.40762e-02
 9.12193e-02  4.19595e-02

 9.78998e-02  4.73198e-02
 9.69836e-02  4.57028e-02
 9.91370e-02  4.69694e-02
 9.69634e-02  4.82010e-02
 9.69836e-02  4.57028e-02

 1.03543e-01  4.62399e-02
 1.03100e-01  4.71668e-02
 1.02906e-01  4.46760e-02
 1.05160e-01  4.57532e-02
 1.03100e-01  4.71668e-02

 3.58446e-02  5.29590e-02
 2.70809e-02  6.09494e-02
 2.78381e-02  5.85686e-02
 2.95214e-02  6.04147e-02
 2.70809e-02  6.09494e-02

 4.30150e-02  5.33087e-02
 4.09683e-02  5.48048e-02
 4.19778e-02  5.25195e-02
 4.34522e-02  5.45364e-02
 4.09683e-02  5.48048e-02

 5.01855e-02  5.36583e-02
 5.31727e-02  5.03118e-02
 5.26638e-02  5.27577e-02
 5.08000e-02  5.10940e-02
 5.31727e-02  5.03118e-02

 5.73559e-02  5.40079e-02
 6.26274e-02  4.67813e-02
 6.23615e-02  4.92654e-02
 6.03431e-02  4.77931e-02
 6.26274e-02  4.67813e-02

 6.45264e-02  5.43576e-02
 6.96844e-02  4.55872e-02
 6.96643e-02  4.80855e-02
 6.75108e-02  4.68189e-02
 6.96844e-02  4.55872e-02

 7.16968e-02  5.47072e-02
 7.61334e-02  4.57232e-02
 7.62954e-02  4.82163e-02
 7.40553e-02  4.71101e-02
 7.61334e-02  4.57232e-02

 7.88673e-02  5.50569e-02
 8.20539e-02  4.67667e-02
 8.24436e-02  4.92344e-02
 8.01116e-02  4.83380e-02
 8.20539e-02  4.67667e-02

 8.60378e-02  5.54065e-02
 8.80416e-02  4.92866e-02
 8.85555e-02  5.17315e-02
 8.61812e-02  5.09541e-02
 8.80416e-02  4.92866e-02

 9.32082e-02  5.57561e-02
 9.33946e-02  5.27314e-02
 9.45083e-02  5.49678e-02
 9.20147e-02  5.48141e-02
 9.33946e-02  5.27314e-02

 9.91675e-02  5.49301e-02
 9.90812e-02  5.50772e-02
 9.90988e-02  5.25789e-02
 1.01254e-01  5.38434e-02
 9.90812e-02  5.50772e-02

 3.56402e-02  5.92645e-02
 3.25787e-02  6.23524e-02
 3.32150e-02  5.99365e-02
 3.49891e-02  6.16954e-02
 3.25787e-02  6.23524e-02

 4.30928e-02  5.99083e-02
 4.56089e-02  5.73615e-02
 4.49769e-02  5.97786e-02
 4.31997e-02  5.80227e-02
 4.56089e-02  5.73615e-02

 5.05455e-02  6.05521e-02
 5.59251e-02  5.48834e-02
 5.53418e-02  5.73127e-02
 5.35297e-02  5.55929e-02
 5.59251e-02  5.48834e-02

 5.79981e-02  6.11959e-02
 6.43012e-02  5.36292e-02
 6.38762e-02  5.60911e-02
 6.19566e-02  5.44921e-02
 6.43012e-02  5.36292e-02

 6.54508e-02  6.18396e-02
 7.11902e-02  5.39342e-02
 7.09299e-02  5.64189e-02
 6.89082e-02  5.49511e-02
 7.11902e-02  5.39342e-02

 7.29034e-02  6.24834e-02
 7.76572e-02  5.48590e-02
 7.75725e-02  5.73559e-02
 7.54525e-02  5.60341e-02
 7.76572e-02  5.48590e-02

 8.03561e-02  6.31272e-02
 8.38567e-02  5.69618e-02
 8.38747e-02  5.94601e-02
 8.17021e-02  5.82265e-02
 8.38567e-02  5.69618e-02

 8.78087e-02  6.37710e-02
 8.92626e-02  6.00570e-02
 8.96371e-02  6.25270e-02
 8.73107e-02  6.16164e-02
 8.92626e-02  6.00570e-02

 9.40686e-02  6.32195e-02
 9.44581e-02  6.26688e-02
 9.42286e-02  6.51566e-02
 9.21889e-02  6.37139e-02
 9.44581e-02  6.26688e-02

 3.54277e-02  6.55783e-02
 3.68534e-02  6.44989e-02
 3.58824e-02  6.68008e-02
 3.43744e-02  6.48090e-02
 3.68534e-02  6.44989e-02

 4.31463e-02  6.65328e-02
 4.85947e-02  6.16424e-02
 4.78190e-02  6.40172e-02
 4.61501e-02  6.21580e-02
 4.85947e-02  6.16424e-02

 5.08649e-02  6.74873e-02
 5.76199e-02  6.10367e-02
 5.69178e-02  6.34343e-02
 5.51924e-02  6.16275e-02
 5.76199e-02  6.10367e-02

 5.85835e-02  6.84418e-02
 6.53757e-02  6.13691e-02
 6.47780e-02  6.37949e-02
 6.29761e-02  6.20644e-02
 6.53757e-02  6.13691e-02

 6.63021e-02  6.93964e-02
 7.21444e-02  6.25420e-02
 7.16916e-02  6.49989e-02
 6.97902e-02  6.33783e-02
 7.21444e-02  6.25420e-02

 7.40207e-02  7.03509e-02
 7.86746e-02  6.45058e-02
 7.83041e-02  6.69765e-02
 7.63497e-02  6.54203e-02
 7.86746e-02  6.45058e-02

 8.17393e-02  7.13054e-02
 8.42038e-02  6.74470e-02
 8.40919e-02  6.99428e-02
 8.19864e-02  6.85979e-02
 8.42038e-02  6.74470e-02

 8.82827e-02  7.10484e-02
 8.90937e-02  7.00864e-02
 8.86541e-02  7.25458e-02
 8.67441e-02  7.09354e-02
 8.90937e-02  7.00864e-02

 3.52066e-02  7.18999e-02
 3.91794e-02  6.76298e-02
 3.86202e-02  7.00647e-02
 3.67911e-02  6.83629e-02
 3.91794e-02  6.76298e-02

 4.31738e-02  7.31807e-02
 4.97599e-02  6.69546e-02
 4.90458e-02  6.93487e-02
 4.73295e-02  6.75332e-02
 4.97599e-02  6.69546e-02

 5.11411e-02  7.44615e-02
 5.81973e-02  6.80353e-02
 5.74388e-02  7.04157e-02
 5.57566e-02  6.85686e-02
 5.81973e-02  6.80353e-02

 5.91083e-02  7.57423e-02
 6.56537e-02  6.94498e-02
 6.49597e-02  7.18498e-02
 6.32282e-02  7.00487e-02
 6.56537e-02  6.94498e-02

 6.70756e-02  7.70231e-02
 7.23943e-02  7.17034e-02
 7.17479e-02  7.41167e-02
 6.99811e-02  7.23503e-02
 7.23943e-02  7.17034e-02

 7.50428e-02  7.83039e-02
 7.82194e-02  7.45974e-02
 7.77600e-02  7.70531e-02
 7.58630e-02  7.54273e-02
 7.82194e-02  7.45974e-02

 8.18513e-02  7.83598e-02
 8.29279e-02  7.72831e-02
 8.22813e-02  7.96963e-02
 8.05148e-02  7.79298e-02
 8.29279e-02  7.72831e-02

 3.49763e-02  7.82287e-02
 4.04534e-02  7.19119e-02
 3.99798e-02  7.43650e-02
 3.80922e-02  7.27283e-02
 4.04534e-02  7.19119e-02

 4.31739e-02  7.98502e-02
 5.02072e-02  7.31545e-02
 4.95015e-02  7.55511e-02
 4.77788e-02  7.37416e-02
 5.02072e-02  7.31545e-02

 5.13715e-02  8.14718e-02
 5.82307e-02  7.53824e-02
 5.74420e-02  7.77530e-02
 5.57834e-02  7.58847e-02
 5.82307e-02  7.53824e-02

 5.95692e-02  8.30933e-02
 6.54475e-02  7.80547e-02
 6.46177e-02  8.04112e-02
 6.29918e-02  7.85144e-02
 6.54475e-02  7.80547e-02

 6.77668e-02  8.47149e-02
 7.14148e-02  8.11995e-02
 7.07236e-02  8.36003e-02
 6.89901e-02  8.18013e-02
 7.14148e-02  8.11995e-02

 7.48204e-02  8.51009e-02
 7.61442e-02  8.39848e-02
 7.52952e-02  8.63345e-02
 7.36848e-02  8.44245e-02
 7.61442e-02  8.39848e-02

 3.47364e-02  8.45641e-02
 4.16798e-02  7.72413e-02
 4.10976e-02  7.96708e-02
 3.92846e-02  7.79519e-02
 4.16798e-02  7.72413e-02

 4.31452e-02  8.65397e-02
 5.05490e-02  7.98170e-02
 4.97869e-02  8.21962e-02
 4.81075e-02  8.03466e-02
 5.05490e-02  7.98170e-02

 5.15540e-02  8.85153e-02
 5.79947e-02  8.34622e-02
 5.70635e-02  8.57805e-02
 5.55214e-02  8.38149e-02
 5.79947e-02  8.34622e-02

 5.99628e-02  9.04909e-02
 6.41182e-02  8.70140e-02
 6.32604e-02  8.93604e-02
 6.16572e-02  8.74443e-02
 6.41182e-02  8.70140e-02

 6.72406e-02  9.12228e-02
 6.87333e-02  9.01671e-02
 6.76881e-02  9.24363e-02
 6.62455e-02  9.03965e-02
 6.87333e-02  9.01671e-02

 3.44865e-02  9.09056e-02
 4.30545e-02  8.34514e-02
 4.22421e-02  8.58139e-02
 4.06023e-02  8.39291e-02
 4.30545e-02  8.34514e-02

 4.30864e-02  9.32473e-02
 5.07301e-02  8.76175e-02
 4.97288e-02  8.99064e-02
 4.82472e-02  8.78948e-02
 5.07301e-02  8.76175e-02

 5.16863e-02  9.55889e-02
 5.65049e-02  9.18954e-02
 5.55476e-02  9.42031e-02
 5.40277e-02  9.22202e-02
 5.65049e-02  9.18954e-02

 5.91663e-02  9.66810e-02
 6.09847e-02  9.56138e-02
 5.97509e-02  9.77862e-02
 5.84865e-02  9.56315e-02
 6.09847e-02  9.56138e-02

 3.42262e-02  9.72525e-02
 4.38915e-02  9.12737e-02
 4.27086e-02  9.34743e-02
 4.13943e-02  9.13496e-02
 4.38915e-02  9.12737e-02

 4.29965e-02  9.99709e-02
 4.90931e-02  9.59446e-02
 4.79761e-02  9.81793e-02
 4.65993e-02  9.60946e-02
 4.90931e-02  9.59446e-02

 5.06554e-02  1.01436e-01
 5.28816e-02  1.00372e-01
 5.14680e-02  1.02432e-01
 5.03908e-02  1.00178e-01
 5.28816e-02  1.00372e-01

 3.39552e-02  1.03604e-01
 4.18120e-02  9.95192e-02
 4.04685e-02  1.01626e-01
 3.93161e-02  9.94090e-02
 4.18120e-02  9.95192e-02

 4.17692e-02  1.05453e-01
 4.48664e-02  1.04284e-01
 4.32832e-02  1.06217e-01
 4.24010e-02  1.03879e-01
 4.48664e-02  1.04284e-01

 3.25715e-02  1.08703e-01
 3.62238e-02  1.07668e-01
 3.44824e-02  1.09460e-01
 3.38017e-02  1.07056e-01
 3.62238e-02  1.07668e-01

 2.67687e-02  1.08827e-01
 3.30780e-02  1.07326e-01
 3.12621e-02  1.09042e-01
 3.06840e-02  1.06612e-01
 3.30780e-02  1.07326e-01

 2.19798e-02  1.09951e-01
 2.90143e-02  1.08590e-01
 2.71273e-02  1.10228e-01
 2.66529e-02  1.07775e-01
 2.90143e-02  1.08590e-01

 1.71443e-02  1.10855e-01
 2.46965e-02  1.09724e-01
 2.27416e-02  1.11280e-01
 2.23718e-02  1.08809e-01
 2.46965e-02  1.09724e-01

 1.22723e-02  1.11537e-01
 1.83587e-02  1.10888e-01
 1.63396e-02  1.12360e-01
 1.60749e-02  1.09875e-01
 1.83587e-02  1.10888e-01

 7.37400e-03  1.11995e-01
 1.33275e-02  1.11615e-01
 1.12478e-02  1.13000e-01
 1.10888e-02  1.10506e-01
 1.33275e-02  1.11615e-01

 2.45980e-03  1.12229e-01
 2.45210e-03  1.12229e-01
 4.58871e-03  1.10934e-01
 4.64173e-03  1.13432e-01
 2.45210e-03  1.12229e-01

 2.71017e-02  1.02773e-01
 3.87919e-02  9.80837e-02
 3.72488e-02  1.00049e-01
 3.63187e-02  9.77298e-02
 3.87919e-02  9.80837e-02

 2.22792e-02  1.04089e-01
 3.49365e-02  1.00482e-01
 3.31980e-02  1.02277e-01
 3.25134e-02  9.98740e-02
 3.49365e-02  1.00482e-01

 1.73943e-02  1.05152e-01
 3.06107e-02  1.03803e-01
 2.85851e-02  1.05265e-01
 2.83314e-02  1.02780e-01
 3.06107e-02  1.03803e-01

 1.24603e-02  1.05957e-01
 2.32294e-02  1.07607e-01
 2.09016e-02  1.08514e-01
 2.12798e-02  1.06044e-01
 2.32294e-02  1.07607e-01

 7.49085e-03  1.06504e-01
 1.66597e-02  1.11033e-01
 1.41666e-02  1.11195e-01
 1.52731e-02  1.08955e-01
 1.66597e-02  1.11033e-01

 2.49946e-03  1.06791e-01
 2.49946e-03  1.14611e-01
 1.25030e-03  1.12447e-01
 3.74862e-03  1.12447e-01
 2.49946e-03  1.14611e-01

 2.74372e-02  9.67195e-02
 3.88183e-02  9.02446e-02
 3.75554e-02  9.24002e-02
 3.63200e-02  9.02287e-02
 3.88183e-02  9.02446e-02

 2.25847e-02  9.82294e-02
 3.49856e-02  9.36944e-02
 3.33826e-02  9.56107e-02
 3.25246e-02  9.32643e-02
 3.49856e-02  9.36944e-02

 1.76516e-02  9.94515e-02
 3.04435e-02  9.87398e-02
 2.83526e-02  1.00107e-01
 2.82138e-02  9.76127e-02
 3.04435e-02  9.87398e-02

 1.26550e-02  1.00382e-01
 2.32829e-02  1.04589e-01
 2.08113e-02  1.04954e-01
 2.17310e-02  1.02631e-01
 2.32829e-02  1.04589e-01

 7.61220e-03  1.01016e-01
 1.60186e-02  1.10535e-01
 1.36500e-02  1.09740e-01
 1.55226e-02  1.08086e-01
 1.60186e-02  1.10535e-01

 2.54072e-03  1.01354e-01
 2.54072e-03  1.12872e-01
 1.29156e-03  1.10709e-01
 3.78988e-03  1.10709e-01
 2.54072e-03  1.12872e-01

 2.77751e-02  9.06670e-02
 3.66594e-02  8.33346e-02
 3.57858e-02  8.56753e-02
 3.41955e-02  8.37484e-02
 3.66594e-02  8.33346e-02

 2.28962e-02  9.23719e-02
 3.24515e-02  8.75392e-02
 3.10846e-02  8.96304e-02
 2.99570e-02  8.74010e-02
 3.24515e-02  8.75392e-02

 1.79161e-02  9.37548e-02
 2.78090e-02  9.40288e-02
 2.56116e-02  9.52175e-02
 2.56808e-02  9.27202e-02
 2.78090e-02  9.40288e-02

 1.28562e-02  9.48095e-02
 2.13395e-02  1.01752e-01
 1.88740e-02  1.01348e-01
 2.04562e-02  9.94147e-02
 2.13395e-02  1.01752e-01

 7.73804e-03  9.55317e-02
 1.46554e-02  1.10396e-01
 1.26100e-02  1.08961e-01
 1.48751e-02  1.07907e-01
 1.46554e-02  1.10396e-01

 2.58357e-03  9.59181e-02
 2.58357e-03  1.13237e-01
 1.33441e-03  1.11074e-01
 3.83273e-03  1.11074e-01
 2.58357e-03  1.13237e-01

 2.81154e-02  8.46152e-02
 3.39108e-02  7.76793e-02
 3.34821e-02  8.01406e-02
 3.15649e-02  7.85387e-02
 3.39108e-02  7.76793e-02

 2.32138e-02  8.65167e-02
 2.91016e-02  8.20167e-02
 2.81411e-02  8.43230e-02
 2.66240e-02  8.23380e-02
 2.91016e-02  8.20167e-02

 1.81879e-02  8.80613e-02
 2.39234e-02  8.90301e-02
 2.15819e-02  8.99015e-02
 2.19980e-02  8.74381e-02
 2.39234e-02  8.90301e-02

 1.30640e-02  8.92412e-02
 1.80456e-02  9.73670e-02
 1.58498e-02  9.61753e-02
 1.79798e-02  9.48695e-02
 1.80456e-02  9.73670e-02

 7.86837e-03  9.00500e-02
 1.20001e-02  1.07890e-01
 1.02950e-02  1.06064e-01
 1.27289e-02  1.05500e-01
 1.20001e-02  1.07890e-01

 2.62800e-03  9.04836e-02
 2.62800e-03  1.10260e-01
 1.37883e-03  1.08096e-01
 3.87716e-03  1.08096e-01
 2.62800e-03  1.10260e-01

 2.84583e-02  7.85641e-02
 3.16809e-02  7.30066e-02
 3.16762e-02  7.55049e-02
 2.95150e-02  7.42517e-02
 3.16809e-02  7.30066e-02

 2.35375e-02  8.06635e-02
 2.62107e-02  7.72891e-02
 2.58464e-02  7.97607e-02
 2.38881e-02  7.82093e-02
 2.62107e-02  7.72891e-02

 1.84671e-02  8.23712e-02
 2.03198e-02  8.45056e-02
 1.79582e-02  8.36905e-02
 1.98449e-02  8.20528e-02
 2.03198e-02  8.45056e-02

 1.32784e-02  8.36765e-02
 1.47269e-02  9.27142e-02
 1.31511e-02  9.07755e-02
 1.56179e-02  9.03802e-02
 1.47269e-02  9.27142e-02

 8.00317e-03  8.45714e-02
 9.09591e-03  1.04215e-01
 7.72850e-03  1.02124e-01
 1.02230e-02  1.01985e-01
 9.09591e-03  1.04215e-01

 2.67399e-03  8.50504e-02
 2.67399e-03  1.06938e-01
 1.42483e-03  1.04774e-01
 3.92316e-03  1.04774e-01
 2.67399e-03  1.06938e-01

 2.88037e-02  7.25137e-02
 2.94195e-02  6.94043e-02
 3.02245e-02  7.17694e-02
 2.77738e-02  7.12841e-02
 2.94195e-02  6.94043e-02

 2.38674e-02  7.48125e-02
 2.34503e-02  7.33438e-02
 2.52430e-02  7.50838e-02
 2.28398e-02  7.57664e-02
 2.34503e-02  7.33438e-02

 1.87537e-02  7.66844e-02
 1.68913e-02  8.02640e-02
 1.67817e-02  7.77680e-02
 1.89981e-02  7.89211e-02
 1.68913e-02  8.02640e-02

 1.34994e-02  7.81157e-02
 1.15884e-02  8.74212e-02
 1.08000e-02  8.50505e-02
 1.32473e-02  8.55531e-02
 1.15884e-02  8.74212e-02

 8.14243e-03  7.90961e-02
 6.02018e-03  9.85288e-02
 5.01329e-03  9.62424e-02
 7.49685e-03  9.65136e-02
 6.02018e-03  9.85288e-02

 2.72155e-03  7.96185e-02
 2.72155e-03  1.00800e-01
 1.47239e-03  9.86367e-02
 3.97072e-03  9.86367e-02
 2.72155e-03  1.00800e-01

 2.91516e-02  6.64640e-02
 2.65971e-02  6.68300e-02
 2.85617e-02  6.52866e-02
 2.89160e-02  6.77597e-02
 2.65971e-02  6.68300e-02

 2.42036e-02  6.89636e-02
 2.04858e-02  7.02113e-02
 2.21396e-02  6.83386e-02
 2.29344e-02  7.07071e-02
 2.04858e-02  7.02113e-02

 1.90476e-02  7.10008e-02
 1.35206e-02  7.63333e-02
 1.42104e-02  7.39321e-02
 1.59450e-02  7.57300e-02
 1.35206e-02  7.63333e-02

 1.37270e-02  7.25587e-02
 8.70586e-03  8.20246e-02
 8.61620e-03  7.95279e-02
 1.08233e-02  8.06986e-02
 8.70586e-03  8.20246e-02

 8.28615e-03  7.36240e-02
 3.19906e-03  9.17611e-02
 2.58061e-03  8.93406e-02
 4.98611e-03  9.00153e-02
 3.19906e-03  9.17611e-02

 2.77066e-03  7.41880e-02
 2.77066e-03  9.37426e-02
 1.52150e-03  9.15790e-02
 4.01982e-03  9.15790e-02
 2.77066e-03  9.37426e-02

 2.95021e-02  6.04150e-02
 2.25973e-02  6.48700e-02
 2.37381e-02  6.26473e-02
 2.50925e-02  6.47466e-02
 2.25973e-02  6.48700e-02

 2.45460e-02  6.31167e-02
 1.69673e-02  6.77626e-02
 1.81591e-02  6.55668e-02
 1.94648e-02  6.76968e-02
 1.69673e-02  6.77626e-02

 1.93491e-02  6.53207e-02
 1.00521e-02  7.25536e-02
 1.09927e-02  7.02391e-02
 1.25268e-02  7.22110e-02
 1.00521e-02  7.25536e-02

 1.39613e-02  6.70056e-02
 5.99037e-03  7.63241e-02
 6.44750e-03  7.38680e-02
 8.34602e-03  7.54920e-02
 5.99037e-03  7.63241e-02

 8.43432e-03  6.81554e-02
 6.63028e-04  8.36997e-02
 5.13228e-04  8.12059e-02
 2.74785e-03  8.23231e-02
 6.63028e-04  8.36997e-02

 2.82131e-03  6.87588e-02
 2.82131e-03  8.48325e-02
 1.57215e-03  8.26689e-02
 4.07047e-03  8.26689e-02
 2.82131e-03  8.48325e-02

 2.98552e-02  5.43666e-02
 1.81977e-02  6.24134e-02
 1.92687e-02  6.01563e-02
 2.06880e-02  6.22123e-02
 1.81977e-02  6.24134e-02

 2.48948e-02  5.72719e-02
 1.33115e-02  6.47032e-02
 1.44581e-02  6.24835e-02
 1.58071e-02  6.45862e-02
 1.33115e-02  6.47032e-02

 1.96580e-02  5.96439e-02
 7.01427e-03  6.78152e-02
 8.15341e-03  6.55916e-02
 9.50946e-03  6.76899e-02
 7.01427e-03  6.78152e-02

 1.42022e-02  6.14566e-02
 3.82769e-03  6.96016e-02
 4.75810e-03  6.72830e-02
 6.30087e-03  6.92481e-02
 3.82769e-03  6.96016e-02

 8.58693e-03  6.26901e-02
-1.11032e-03  7.41682e-02
-6.68213e-04  7.17093e-02
 1.24020e-03  7.33216e-02
-1.11032e-03  7.41682e-02

 2.87349e-03  6.33311e-02
 2.87349e-03  7.46617e-02
 1.62433e-03  7.24981e-02
 4.12265e-03  7.24981e-02
 2.87349e-03  7.46617e-02

 3.02108e-02  4.83188e-02
 1.62452e-02  5.84012e-02
 1.72682e-02  5.61220e-02
 1.87306e-02  5.81476e-02
 1.62452e-02  5.84012e-02

 2.52499e-02  5.14291e-02
 1.18137e-02  6.02799e-02
 1.29333e-02  5.80465e-02
 1.43077e-02  6.01328e-02
 1.18137e-02  6.02799e-02

 1.99746e-02  5.39705e-02
 6.23878e-03  6.20465e-02
 7.47077e-03  5.98731e-02
 8.73703e-03  6.20268e-02
 6.23878e-03  6.20465e-02

 1.44499e-02  5.59116e-02
 3.48574e-03  6.26368e-02
 4.67691e-03  6.04407e-02
 5.98318e-03  6.25704e-02
 3.48574e-03  6.26368e-02

 8.74398e-03  5.72284e-02
-1.35200e-03  6.46147e-02
-3.43397e-04  6.23290e-02
 1.13176e-03  6.43454e-02
-1.35200e-03  6.46147e-02

 2.92720e-03  5.79048e-02
 2.92720e-03  6.48376e-02
 1.67803e-03  6.26740e-02
 4.17636e-03  6.26740e-02
 2.92720e-03  6.48376e-02

 3.05691e-02  4.22715e-02
 2.18297e-02  4.91185e-02
 2.27625e-02  4.68008e-02
 2.43033e-02  4.87674e-02
 2.18297e-02  4.91185e-02

 2.56115e-02  4.55882e-02
 1.71706e-02  5.06908e-02
 1.83760e-02  4.85025e-02
 1.96685e-02  5.06405e-02
 1.71706e-02  5.06908e-02

 2.02987e-02  4.83004e-02
 1.19423e-02  5.20614e-02
 1.34026e-02  5.00343e-02
 1.44280e-02  5.23125e-02
 1.19423e-02  5.20614e-02

 1.47043e-02  5.03707e-02
 8.09846e-03  5.24292e-02
 9.79247e-03  5.05929e-02
 1.05357e-02  5.29781e-02
 8.09846e-03  5.24292e-02

 8.90546e-03  5.17703e-02
 2.78307e-03  5.28923e-02
 4.68608e-03  5.12736e-02
 5.13640e-03  5.37310e-02
 2.78307e-03  5.28923e-02

 2.98242e-03  5.24799e-02
 2.95075e-03  5.24819e-02
 5.03499e-03  5.11043e-02
 5.18584e-03  5.35981e-02
 2.95075e-03  5.24819e-02

